76
(15,28):(7,29)	(8,26)	(8,27)	(8,28)	(9,26)	(9,27)	(9,28)	(10,27)	(10,28)	(11,27)	(11,28)	(12,27)	(12,28)	(12,29)	(12,31)	(13,27)	(13,28)	(13,29)	(13,30)	(13,31)	(14,27)	(14,28)	(14,29)	(14,30)	(14,31)	(15,27)	(15,28)	(15,30)	(15,31)	(16,27)	(17,27)	(18,27)	(19,27)	(20,27)	(21,27)	(22,27)	(23,27)	(24,27)	(25,27)	(26,27)	(27,27)	(28,27)	(29,27)	(30,27)	(31,27)	(32,27)	(33,27)	(34,27)	(35,26)	(35,27)	(38,27)	(38,28)	
(15,30):(6,24)	(7,25)	(8,26)	(8,27)	(9,26)	(9,27)	(9,28)	(10,27)	(10,28)	(10,32)	(11,27)	(11,28)	(12,27)	(12,28)	(12,29)	(12,31)	(13,27)	(13,28)	(13,29)	(13,30)	(13,31)	(14,27)	(14,28)	(14,29)	(14,30)	(14,31)	(15,27)	(15,28)	(15,30)	(15,31)	(16,31)	(16,32)	(17,31)	(17,32)	(17,33)	(17,34)	(18,31)	(18,32)	(18,33)	(18,34)	(18,35)	(18,36)	(19,31)	(19,32)	(19,33)	(19,34)	(19,35)	(19,36)	(20,31)	(20,32)	(20,33)	(20,34)	(20,36)	(21,30)	(21,33)	
(21,30):(10,32)	(12,31)	(13,30)	(13,31)	(14,30)	(14,31)	(15,30)	(15,31)	(15,36)	(16,31)	(16,32)	(16,35)	(16,36)	(17,31)	(17,32)	(17,33)	(17,34)	(17,35)	(17,36)	(18,31)	(18,32)	(18,33)	(18,34)	(18,35)	(18,36)	(19,31)	(19,32)	(19,33)	(19,34)	(19,35)	(19,36)	(20,31)	(20,32)	(20,33)	(20,34)	(21,30)	(21,33)	
(21,33):(8,27)	(9,27)	(10,28)	(11,28)	(11,37)	(12,29)	(12,31)	(12,37)	(13,29)	(13,30)	(13,31)	(13,37)	(14,30)	(14,31)	(14,36)	(15,30)	(15,31)	(15,36)	(16,31)	(16,32)	(16,35)	(16,36)	(17,31)	(17,32)	(17,33)	(17,34)	(17,35)	(17,36)	(18,31)	(18,32)	(18,33)	(18,34)	(18,35)	(18,36)	(19,31)	(19,32)	(19,33)	(19,34)	(19,35)	(20,31)	(20,32)	(20,33)	(20,34)	(21,30)	(21,33)	(26,33)	(26,34)	
(26,33):(17,33)	(17,34)	(18,33)	(18,34)	(19,33)	(19,34)	(20,33)	(20,34)	(21,33)	(26,33)	(26,34)	
(26,34):(16,32)	(17,33)	(17,34)	(18,33)	(18,34)	(19,33)	(19,34)	(20,33)	(20,34)	(21,33)	(26,33)	(26,34)	
(20,34):(6,24)	(7,25)	(8,26)	(8,38)	(9,26)	(9,27)	(9,37)	(10,27)	(10,37)	(11,27)	(11,28)	(11,37)	(12,28)	(12,29)	(12,36)	(12,37)	(13,29)	(13,30)	(13,36)	(13,37)	(14,30)	(14,31)	(14,36)	(15,30)	(15,31)	(15,36)	(16,31)	(16,32)	(16,35)	(16,36)	(17,31)	(17,32)	(17,33)	(17,34)	(17,35)	(17,36)	(18,31)	(18,32)	(18,33)	(18,34)	(18,35)	(18,36)	(19,31)	(19,32)	(19,33)	(19,34)	(19,35)	(19,36)	(20,31)	(20,32)	(20,33)	(20,34)	(20,36)	(21,30)	(21,33)	(26,33)	(26,34)	
(20,36):(8,35)	(9,36)	(9,37)	(10,36)	(10,37)	(11,27)	(11,36)	(11,37)	(12,27)	(12,28)	(12,36)	(12,37)	(13,28)	(13,29)	(13,36)	(13,37)	(14,29)	(14,30)	(14,36)	(15,30)	(15,31)	(15,36)	(16,31)	(16,32)	(16,35)	(16,36)	(17,31)	(17,32)	(17,33)	(17,34)	(17,35)	(17,36)	(18,31)	(18,32)	(18,33)	(18,34)	(18,35)	(18,36)	(19,31)	(19,32)	(19,33)	(19,34)	(19,35)	(19,36)	(20,31)	(20,32)	(20,33)	(20,34)	(20,36)	(29,36)	(29,37)	
(29,36):(9,36)	(9,37)	(10,36)	(10,37)	(11,36)	(11,37)	(12,36)	(12,37)	(13,36)	(13,37)	(14,36)	(15,36)	(16,36)	(17,36)	(18,36)	(19,36)	(20,36)	(29,36)	(29,37)	
(29,37):(8,35)	(9,36)	(9,37)	(10,36)	(10,37)	(11,36)	(11,37)	(12,36)	(12,37)	(13,36)	(13,37)	(14,36)	(15,36)	(16,36)	(17,36)	(18,36)	(19,36)	(20,36)	(29,36)	(29,37)	
(13,37):(8,35)	(8,38)	(9,36)	(9,37)	(10,36)	(10,37)	(11,36)	(11,37)	(12,36)	(12,37)	(13,36)	(13,37)	(13,38)	(14,36)	(15,36)	(16,35)	(16,36)	(17,35)	(17,36)	(18,34)	(18,35)	(18,36)	(19,33)	(19,34)	(19,35)	(19,36)	(20,33)	(20,34)	(20,36)	(21,33)	(29,36)	(29,37)	
(13,38):(8,35)	(8,38)	(9,36)	(9,37)	(10,36)	(10,37)	(11,36)	(11,37)	(12,36)	(12,37)	(13,36)	(13,37)	(13,38)	
(8,38):(8,35)	(8,38)	(9,36)	(9,37)	(10,36)	(10,37)	(11,36)	(11,37)	(12,36)	(12,37)	(13,36)	(13,37)	(13,38)	(14,36)	(15,36)	(16,35)	(16,36)	(17,35)	(17,36)	(18,35)	(18,36)	(19,34)	(19,35)	(20,34)	
(8,35):(8,35)	(8,38)	(9,36)	(9,37)	(10,36)	(10,37)	(11,36)	(11,37)	(12,36)	(12,37)	(13,36)	(13,37)	(13,38)	(14,36)	(15,36)	(16,35)	(16,36)	(17,35)	(17,36)	(18,35)	(18,36)	(19,35)	(19,36)	(20,36)	(29,37)	
(16,35):(8,35)	(8,38)	(9,36)	(9,37)	(10,36)	(10,37)	(11,36)	(11,37)	(12,36)	(12,37)	(13,36)	(13,37)	(14,36)	(15,36)	(16,31)	(16,32)	(16,35)	(16,36)	(17,31)	(17,32)	(17,33)	(17,34)	(17,35)	(17,36)	(18,31)	(18,32)	(18,33)	(18,34)	(18,35)	(18,36)	(19,31)	(19,32)	(19,33)	(19,34)	(19,35)	(19,36)	(20,31)	(20,32)	(20,33)	(20,34)	(20,36)	(21,30)	(21,33)	
(16,32):(5,23)	(6,24)	(7,25)	(8,26)	(9,26)	(10,27)	(10,31)	(10,32)	(11,27)	(11,28)	(12,27)	(12,28)	(12,29)	(12,31)	(13,27)	(13,28)	(13,29)	(13,30)	(13,31)	(14,28)	(14,29)	(14,30)	(14,31)	(15,30)	(15,31)	(16,31)	(16,32)	(16,35)	(16,36)	(17,31)	(17,32)	(17,33)	(17,34)	(17,35)	(17,36)	(18,31)	(18,32)	(18,33)	(18,34)	(18,35)	(18,36)	(19,31)	(19,32)	(19,33)	(19,34)	(19,35)	(19,36)	(20,31)	(20,32)	(20,33)	(20,34)	(20,36)	(21,30)	(21,33)	(26,34)	
(10,32):(10,31)	(10,32)	(12,31)	(13,31)	(14,30)	(14,31)	(15,30)	(15,31)	(16,31)	(16,32)	(17,31)	(17,32)	(18,31)	(18,32)	(19,31)	(19,32)	(20,31)	(20,32)	(21,30)	
(10,31):(10,31)	(10,32)	(12,31)	(13,31)	(14,31)	(15,31)	(16,31)	(16,32)	(17,31)	(17,32)	(18,31)	(18,32)	(19,31)	(19,32)	(20,31)	(20,32)	
(12,31):(10,31)	(10,32)	(12,27)	(12,28)	(12,29)	(12,31)	(13,27)	(13,28)	(13,29)	(13,30)	(13,31)	(14,27)	(14,28)	(14,29)	(14,30)	(14,31)	(15,27)	(15,28)	(15,30)	(15,31)	(16,27)	(16,31)	(16,32)	(17,31)	(17,32)	(18,31)	(18,32)	(19,31)	(19,32)	(20,31)	(20,32)	(20,33)	(21,30)	(21,33)	
(12,29):(5,23)	(6,24)	(7,24)	(7,25)	(7,29)	(8,25)	(8,26)	(8,27)	(8,28)	(9,26)	(9,27)	(9,28)	(10,27)	(10,28)	(11,27)	(11,28)	(12,27)	(12,28)	(12,29)	(12,31)	(13,27)	(13,28)	(13,29)	(13,30)	(13,31)	(14,27)	(14,28)	(14,29)	(14,30)	(14,31)	(15,27)	(15,28)	(15,30)	(15,31)	(16,27)	(16,31)	(16,32)	(17,27)	(17,31)	(17,32)	(18,27)	(18,31)	(18,32)	(18,33)	(19,32)	(19,33)	(19,34)	(20,32)	(20,33)	(20,34)	(21,33)	
(7,29):(7,24)	(7,25)	(7,29)	(8,24)	(8,25)	(8,26)	(8,27)	(8,28)	(9,24)	(9,26)	(9,27)	(9,28)	(10,27)	(10,28)	(11,27)	(11,28)	(12,27)	(12,28)	(12,29)	(13,27)	(13,28)	(13,29)	(14,27)	(14,28)	(14,29)	(15,27)	(15,28)	(16,27)	(17,27)	(18,27)	(19,27)	(20,27)	(21,27)	(22,27)	(23,27)	
(7,25):(4,25)	(5,23)	(5,24)	(6,24)	(7,24)	(7,25)	(7,29)	(8,24)	(8,25)	(8,26)	(8,27)	(8,28)	(9,24)	(9,26)	(9,27)	(9,28)	(10,27)	(10,28)	(11,27)	(11,28)	(12,28)	(12,29)	(13,28)	(13,29)	(14,29)	(14,30)	(15,30)	(15,31)	(16,31)	(16,32)	(17,32)	(18,32)	(18,33)	(19,33)	(19,34)	(20,34)	
(4,25):(4,8)	(4,9)	(4,10)	(4,11)	(4,12)	(4,25)	(5,8)	(5,9)	(5,23)	(5,24)	(6,24)	(7,24)	(7,25)	(8,24)	(8,25)	(9,24)	
(4,12):(2,7)	(3,8)	(3,9)	(3,10)	(3,11)	(3,12)	(4,8)	(4,9)	(4,10)	(4,11)	(4,12)	(4,25)	(5,8)	(5,9)	(5,23)	(5,24)	
(3,12):(3,8)	(3,9)	(3,10)	(3,11)	(3,12)	(4,8)	(4,9)	(4,10)	(4,11)	(4,12)	(5,8)	(5,9)	
(3,11):(2,7)	(2,11)	(3,8)	(3,9)	(3,10)	(3,11)	(3,12)	(4,8)	(4,9)	(4,10)	(4,11)	(4,12)	(5,8)	(5,9)	(6,8)	
(2,11):(2,7)	(2,11)	(3,8)	(3,9)	(3,10)	(3,11)	(4,8)	(4,9)	(4,10)	(4,11)	(5,8)	(5,9)	(6,8)	
(2,7):(2,7)	(2,11)	(3,8)	(3,9)	(3,10)	(3,11)	(4,8)	(4,9)	(4,10)	(4,11)	(4,12)	(5,8)	(5,9)	(6,8)	(7,8)	(8,8)	(9,8)	(10,8)	(11,8)	(11,9)	(12,8)	(12,9)	(13,8)	(13,9)	(14,8)	(14,9)	(15,8)	(15,9)	(16,8)	(16,9)	(17,8)	(17,10)	(23,7)	(24,8)	
(23,7):(2,7)	(3,8)	(3,9)	(4,8)	(4,9)	(5,8)	(5,9)	(6,8)	(7,8)	(8,8)	(9,8)	(10,8)	(11,8)	(11,9)	(12,8)	(13,8)	(14,8)	(15,8)	(16,8)	(17,8)	(23,2)	(23,3)	(23,4)	(23,5)	(23,6)	(23,7)	(24,2)	(24,3)	(24,4)	(24,5)	(24,8)	(25,2)	(25,3)	
(23,6):(1,4)	(1,6)	(2,5)	(3,5)	(4,5)	(5,5)	(6,5)	(7,5)	(8,5)	(9,5)	(10,5)	(11,5)	(12,5)	(13,5)	(14,5)	(15,5)	(16,5)	(17,5)	(18,2)	(18,5)	(19,2)	(19,3)	(19,4)	(19,5)	(20,2)	(20,3)	(20,4)	(20,5)	(21,2)	(21,3)	(21,4)	(21,5)	(22,2)	(22,3)	(22,4)	(22,5)	(23,2)	(23,3)	(23,4)	(23,5)	(23,6)	(23,7)	(24,2)	(24,3)	(24,4)	(24,5)	(24,8)	(25,2)	(25,3)	(25,4)	(26,2)	(26,3)	(27,2)	
(1,6):(1,4)	(1,6)	(2,5)	(3,5)	(4,5)	(5,5)	(6,5)	(7,5)	(8,5)	(9,5)	(10,5)	(11,5)	(12,5)	(13,5)	(14,5)	(15,5)	(16,5)	(17,5)	(18,5)	(19,4)	(19,5)	(20,4)	(20,5)	(21,4)	(21,5)	(22,4)	(22,5)	(23,4)	(23,5)	(23,6)	(24,4)	(24,5)	(25,4)	(26,4)	(27,4)	(28,3)	(28,4)	(29,3)	(29,4)	(30,3)	(30,4)	(31,3)	(31,4)	(32,3)	(32,4)	(33,3)	(33,4)	(34,3)	(34,4)	(35,3)	(35,4)	(36,3)	(36,4)	
(1,4):(1,4)	(1,6)	(2,5)	(3,5)	(4,5)	(5,5)	(6,5)	(7,5)	(8,5)	(9,5)	(10,5)	(11,5)	(12,5)	(13,5)	(14,5)	(15,5)	(16,5)	(17,5)	(18,5)	(19,4)	(19,5)	(20,4)	(20,5)	(21,4)	(21,5)	(22,4)	(22,5)	(23,4)	(23,5)	(23,6)	(24,4)	(24,5)	(25,4)	(26,4)	(27,4)	(28,4)	(29,4)	(30,4)	(31,4)	(32,4)	(33,4)	(34,4)	(35,4)	(36,4)	(37,5)	
(19,4):(1,4)	(1,6)	(2,5)	(3,5)	(4,5)	(5,5)	(6,5)	(7,5)	(8,5)	(9,5)	(10,5)	(11,5)	(12,5)	(13,5)	(14,5)	(15,5)	(16,5)	(17,5)	(18,5)	(19,2)	(19,3)	(19,4)	(19,5)	(20,2)	(20,3)	(20,4)	(20,5)	(21,2)	(21,3)	(21,4)	(21,5)	(22,2)	(22,3)	(22,4)	(22,5)	(23,2)	(23,3)	(23,4)	(23,5)	(23,6)	(24,2)	(24,3)	(24,4)	(24,5)	(25,2)	(25,3)	(25,4)	(26,2)	(26,3)	(26,4)	(27,2)	(27,3)	(27,4)	(28,2)	(28,3)	(28,4)	(29,2)	(29,3)	(29,4)	(30,2)	(30,3)	(30,4)	(31,2)	(31,3)	(31,4)	(32,2)	(32,3)	(32,4)	(33,2)	(33,3)	(33,4)	(34,2)	(34,3)	(34,4)	(35,2)	(35,3)	(35,4)	(36,2)	(36,3)	(36,4)	(37,1)	(37,5)	
(19,3):(14,2)	(14,3)	(15,2)	(16,2)	(17,2)	(18,2)	(19,2)	(19,3)	(19,4)	(19,5)	(20,2)	(20,3)	(20,4)	(20,5)	(21,2)	(21,3)	(21,4)	(21,5)	(22,2)	(22,3)	(22,4)	(22,5)	(23,2)	(23,3)	(23,4)	(23,5)	(23,6)	(24,2)	(24,3)	(24,4)	(24,5)	(25,2)	(25,3)	(25,4)	(26,2)	(26,3)	(26,4)	(27,2)	(27,3)	(27,4)	(28,2)	(28,3)	(28,4)	(29,2)	(29,3)	(29,4)	(30,2)	(30,3)	(30,4)	(31,2)	(31,3)	(31,4)	(32,2)	(32,3)	(32,4)	(33,2)	(33,3)	(33,4)	(34,2)	(34,3)	(34,4)	(35,2)	(35,3)	(35,4)	(36,2)	(36,3)	(36,4)	(37,1)	(37,5)	
(14,3):(14,2)	(14,3)	(15,2)	(16,2)	(17,2)	(18,2)	(19,2)	(19,3)	(20,2)	(20,3)	(21,2)	(21,3)	(22,2)	(22,3)	(23,2)	(23,3)	(24,2)	(24,3)	(25,2)	(25,3)	(26,2)	(26,3)	(27,2)	(27,3)	(28,2)	(28,3)	(29,2)	(29,3)	(30,2)	(30,3)	(31,2)	(31,3)	(32,2)	(32,3)	(33,2)	(33,3)	(34,2)	(34,3)	(35,2)	(35,3)	(36,2)	(36,3)	(37,1)	
(14,2):(6,1)	(6,2)	(14,2)	(14,3)	(15,2)	(16,2)	(17,2)	(18,2)	(19,2)	(19,3)	(20,2)	(20,3)	(21,2)	(21,3)	(22,2)	(22,3)	(23,2)	(23,3)	(24,2)	(24,3)	(24,4)	(25,2)	(25,3)	(25,4)	(26,2)	(26,3)	(26,4)	(27,2)	(27,3)	(27,4)	(28,2)	(28,3)	(28,4)	(29,2)	(29,3)	(29,4)	(30,2)	(30,3)	(30,4)	(31,2)	(31,3)	(31,4)	(32,2)	(32,3)	(32,4)	(33,2)	(33,3)	(33,4)	(34,2)	(34,3)	(34,4)	(35,2)	(35,3)	(35,4)	(36,2)	(36,3)	(36,4)	(37,1)	(37,5)	
(6,2):(6,1)	(6,2)	(14,2)	(15,2)	(16,2)	(17,2)	(18,2)	(19,2)	(20,2)	(21,2)	(22,2)	(23,2)	(24,2)	(25,2)	(26,2)	(27,2)	(28,2)	(29,2)	(30,2)	(31,2)	(32,2)	(33,2)	(34,2)	(35,2)	(36,2)	(37,1)	
(6,1):(6,1)	(6,2)	(14,2)	(15,2)	(16,2)	(17,2)	(18,2)	(19,2)	(20,2)	(21,2)	(22,2)	(22,3)	(23,2)	(23,3)	(24,2)	(24,3)	(25,2)	(25,3)	(26,2)	(26,3)	(27,2)	(27,3)	(28,2)	(28,3)	(29,2)	(29,3)	(30,2)	(30,3)	(30,4)	(31,2)	(31,3)	(31,4)	(32,2)	(32,3)	(32,4)	(33,2)	(33,3)	(33,4)	(34,2)	(34,3)	(34,4)	(35,2)	(35,3)	(35,4)	(36,2)	(36,3)	(36,4)	(37,1)	
(37,1):(6,1)	(6,2)	(13,5)	(14,2)	(14,3)	(14,5)	(15,2)	(15,5)	(16,2)	(16,5)	(17,2)	(17,5)	(18,2)	(18,5)	(19,2)	(19,3)	(19,4)	(19,5)	(20,2)	(20,3)	(20,4)	(20,5)	(21,2)	(21,3)	(21,4)	(21,5)	(22,2)	(22,3)	(22,4)	(22,5)	(23,2)	(23,3)	(23,4)	(23,5)	(24,2)	(24,3)	(24,4)	(24,5)	(25,2)	(25,3)	(25,4)	(26,2)	(26,3)	(26,4)	(27,2)	(27,3)	(27,4)	(28,2)	(28,3)	(28,4)	(29,2)	(29,3)	(29,4)	(30,2)	(30,3)	(30,4)	(31,2)	(31,3)	(31,4)	(32,2)	(32,3)	(32,4)	(33,2)	(33,3)	(33,4)	(34,2)	(34,3)	(34,4)	(35,2)	(35,3)	(35,4)	(36,2)	(36,3)	(36,4)	(37,1)	(37,5)	
(37,5):(1,4)	(2,5)	(3,5)	(4,5)	(5,5)	(6,5)	(7,5)	(8,5)	(9,5)	(10,5)	(11,5)	(12,5)	(13,5)	(14,2)	(14,5)	(15,2)	(15,5)	(16,2)	(16,5)	(17,2)	(17,5)	(18,2)	(18,5)	(19,2)	(19,3)	(19,4)	(19,5)	(20,2)	(20,3)	(20,4)	(20,5)	(21,2)	(21,3)	(21,4)	(21,5)	(22,2)	(22,3)	(22,4)	(22,5)	(23,2)	(23,3)	(23,4)	(23,5)	(24,2)	(24,3)	(24,4)	(24,5)	(25,2)	(25,3)	(25,4)	(26,2)	(26,3)	(26,4)	(27,2)	(27,3)	(27,4)	(28,2)	(28,3)	(28,4)	(29,2)	(29,3)	(29,4)	(30,2)	(30,3)	(30,4)	(31,2)	(31,3)	(31,4)	(32,2)	(32,3)	(32,4)	(33,2)	(33,3)	(33,4)	(34,2)	(34,3)	(34,4)	(35,2)	(35,3)	(35,4)	(36,2)	(36,3)	(36,4)	(37,1)	(37,5)	
(24,5):(1,4)	(1,6)	(2,5)	(3,5)	(4,5)	(5,5)	(6,5)	(7,5)	(8,5)	(9,5)	(10,5)	(11,5)	(12,5)	(13,5)	(14,5)	(15,5)	(16,5)	(17,2)	(17,5)	(18,2)	(18,5)	(19,2)	(19,3)	(19,4)	(19,5)	(20,2)	(20,3)	(20,4)	(20,5)	(21,2)	(21,3)	(21,4)	(21,5)	(22,2)	(22,3)	(22,4)	(22,5)	(23,2)	(23,3)	(23,4)	(23,5)	(23,6)	(23,7)	(24,2)	(24,3)	(24,4)	(24,5)	(24,8)	(25,2)	(25,3)	(25,4)	(26,2)	(26,3)	(26,4)	(27,2)	(27,3)	(27,4)	(28,2)	(28,3)	(28,4)	(29,2)	(29,3)	(29,4)	(30,2)	(30,3)	(30,4)	(31,2)	(31,3)	(31,4)	(32,2)	(32,3)	(32,4)	(33,2)	(33,3)	(33,4)	(34,2)	(34,3)	(34,4)	(35,2)	(35,3)	(35,4)	(36,2)	(36,3)	(36,4)	(37,1)	(37,5)	
(24,8):(2,7)	(3,8)	(4,8)	(5,8)	(6,8)	(7,8)	(8,8)	(9,8)	(10,8)	(11,8)	(12,8)	(13,8)	(14,8)	(15,8)	(16,8)	(17,8)	(21,2)	(22,2)	(22,3)	(22,4)	(23,2)	(23,3)	(23,4)	(23,5)	(23,6)	(23,7)	(24,2)	(24,3)	(24,4)	(24,5)	(24,8)	
(17,8):(2,7)	(3,8)	(3,9)	(4,8)	(4,9)	(5,8)	(5,9)	(6,8)	(7,8)	(8,8)	(9,8)	(10,8)	(11,8)	(11,9)	(11,10)	(12,8)	(12,9)	(13,8)	(13,9)	(14,8)	(14,9)	(15,8)	(15,9)	(16,8)	(16,9)	(17,8)	(17,10)	(23,7)	(24,8)	
(17,10):(2,7)	(5,8)	(6,8)	(7,8)	(8,8)	(9,8)	(10,8)	(11,8)	(11,9)	(11,10)	(12,8)	(12,9)	(13,8)	(13,9)	(14,8)	(14,9)	(15,8)	(15,9)	(16,8)	(16,9)	(17,8)	(17,10)	
(11,10):(11,8)	(11,9)	(11,10)	(12,8)	(12,9)	(13,8)	(13,9)	(14,8)	(14,9)	(15,8)	(15,9)	(16,8)	(16,9)	(17,8)	(17,10)	
(11,9):(2,7)	(3,8)	(3,9)	(4,8)	(4,9)	(5,8)	(5,9)	(6,8)	(7,8)	(8,8)	(9,8)	(10,8)	(11,8)	(11,9)	(11,10)	(12,8)	(12,9)	(13,8)	(13,9)	(14,8)	(14,9)	(15,8)	(15,9)	(16,8)	(16,9)	(17,8)	(17,10)	(23,7)	
(5,9):(2,7)	(2,11)	(3,8)	(3,9)	(3,10)	(3,11)	(3,12)	(4,8)	(4,9)	(4,10)	(4,11)	(4,12)	(4,25)	(5,8)	(5,9)	(5,23)	(5,24)	(6,8)	(7,8)	(8,8)	(9,8)	(10,8)	(11,8)	(11,9)	(12,8)	(12,9)	(13,8)	(13,9)	(14,8)	(14,9)	(15,8)	(15,9)	(16,8)	(16,9)	(17,8)	(23,7)	
(5,23):(4,8)	(4,9)	(4,10)	(4,11)	(4,12)	(4,25)	(5,8)	(5,9)	(5,23)	(5,24)	(6,24)	(7,24)	(7,25)	(8,24)	(8,25)	(8,26)	(9,24)	(9,26)	(9,27)	(10,27)	(10,28)	(11,28)	(12,29)	(13,29)	(14,30)	(15,31)	(16,32)	(17,32)	(18,23)	(18,33)	(19,23)	(19,34)	(20,23)	(21,23)	(22,23)	(23,23)	(24,23)	(25,23)	(26,23)	(27,23)	(28,23)	(29,23)	(30,23)	(31,23)	(32,23)	(33,24)	
(18,23):(5,23)	(5,24)	(6,24)	(7,24)	(8,24)	(9,24)	(18,18)	(18,23)	(19,19)	(19,20)	(19,21)	(19,22)	(19,23)	(20,19)	(20,20)	(20,21)	(20,22)	(20,23)	(21,19)	(21,20)	(21,21)	(21,22)	(21,23)	(22,19)	(22,20)	(22,21)	(22,22)	(22,23)	(23,19)	(23,22)	(23,23)	(24,22)	(24,23)	(25,22)	(25,23)	(26,22)	(26,23)	(27,22)	(27,23)	(28,22)	(28,23)	(29,22)	(29,23)	(30,22)	(30,23)	(31,22)	(31,23)	(32,22)	(32,23)	(33,22)	(33,24)	(36,21)	
(18,18):(18,18)	(18,23)	(19,19)	(19,20)	(19,21)	(19,22)	(19,23)	(20,19)	(20,20)	(20,21)	(20,22)	(20,23)	(21,19)	(21,20)	(21,21)	(21,22)	(21,23)	(22,19)	(22,20)	(22,21)	(22,22)	(22,23)	(23,19)	(23,22)	(23,23)	(24,19)	(24,23)	(25,19)	(26,19)	(27,19)	(28,18)	(28,19)	(29,18)	(29,19)	(30,18)	(30,19)	(31,18)	(31,19)	(32,19)	(34,20)	
(28,18):(18,18)	(19,19)	(19,20)	(19,21)	(20,19)	(20,20)	(21,19)	(21,20)	(22,19)	(22,20)	(23,19)	(24,19)	(25,19)	(26,19)	(27,19)	(28,17)	(28,18)	(28,19)	(29,18)	(29,19)	(30,17)	(30,18)	(30,19)	(31,17)	(31,18)	(31,19)	(32,19)	(34,20)	
(28,17):(28,17)	(28,18)	(28,19)	(29,18)	(29,19)	(30,17)	(30,18)	(30,19)	(31,17)	(31,18)	(31,19)	(32,19)	(34,20)	
(30,17):(26,19)	(27,19)	(28,17)	(28,18)	(28,19)	(29,18)	(29,19)	(30,15)	(30,16)	(30,17)	(30,18)	(30,19)	(31,14)	(31,15)	(31,16)	(31,17)	(31,18)	(31,19)	(32,13)	(32,19)	
(30,16):(25,14)	(27,15)	(27,16)	(28,15)	(29,15)	(30,15)	(30,16)	(30,17)	(30,18)	(30,19)	(31,14)	(31,15)	(31,16)	(31,17)	(31,18)	(31,19)	(32,13)	(32,19)	
(27,16):(27,15)	(27,16)	(28,15)	(29,15)	(30,15)	(30,16)	(31,14)	(31,15)	(31,16)	
(27,15):(25,14)	(25,15)	(27,15)	(27,16)	(28,15)	(29,15)	(30,15)	(30,16)	(31,14)	(31,15)	(31,16)	
(25,15):(25,14)	(25,15)	(27,15)	(28,15)	(29,15)	(30,15)	(31,14)	(31,15)	
(25,14):(25,14)	(25,15)	(27,15)	(28,15)	(29,15)	(30,15)	(30,16)	(31,14)	(31,15)	(31,16)	
(31,14):(25,14)	(25,15)	(27,15)	(27,16)	(28,15)	(29,15)	(30,15)	(30,16)	(30,17)	(30,18)	(30,19)	(31,13)	(31,14)	(31,15)	(31,16)	(31,17)	(31,18)	(31,19)	(32,13)	(32,19)	
(31,13):(31,13)	(31,14)	(31,15)	(31,16)	(31,17)	(31,18)	(31,19)	(32,13)	(32,19)	
(32,13):(29,19)	(30,15)	(30,16)	(30,17)	(30,18)	(30,19)	(31,13)	(31,14)	(31,15)	(31,16)	(31,17)	(31,18)	(31,19)	(32,13)	(32,19)	
(32,19):(18,18)	(19,19)	(19,20)	(20,19)	(20,20)	(21,19)	(21,20)	(22,19)	(22,20)	(23,19)	(24,19)	(25,19)	(26,19)	(27,19)	(28,17)	(28,18)	(28,19)	(29,18)	(29,19)	(30,15)	(30,16)	(30,17)	(30,18)	(30,19)	(31,13)	(31,14)	(31,15)	(31,16)	(31,17)	(31,18)	(31,19)	(32,13)	(32,19)	(34,19)	(34,20)	
(34,19):(19,19)	(19,20)	(20,19)	(20,20)	(21,19)	(21,20)	(22,19)	(22,20)	(23,19)	(24,19)	(25,19)	(26,19)	(27,19)	(28,19)	(29,19)	(30,19)	(31,19)	(32,19)	(34,19)	(34,20)	
(34,20):(18,18)	(19,19)	(19,20)	(20,19)	(20,20)	(21,19)	(21,20)	(22,19)	(22,20)	(23,19)	(24,19)	(25,19)	(26,19)	(27,19)	(28,17)	(28,18)	(28,19)	(29,18)	(29,19)	(30,18)	(30,19)	(31,19)	(32,19)	(34,19)	(34,20)	
(22,20):(18,18)	(18,23)	(19,19)	(19,20)	(19,21)	(19,22)	(19,23)	(20,19)	(20,20)	(20,21)	(20,22)	(20,23)	(21,19)	(21,20)	(21,21)	(21,22)	(21,23)	(22,19)	(22,20)	(22,21)	(22,22)	(22,23)	(23,19)	(24,19)	(25,19)	(26,19)	(27,19)	(28,18)	(28,19)	(29,18)	(29,19)	(30,18)	(30,19)	(31,17)	(31,18)	(31,19)	(32,19)	(34,19)	(34,20)	
(22,21):(18,18)	(18,23)	(19,19)	(19,20)	(19,21)	(19,22)	(19,23)	(20,19)	(20,20)	(20,21)	(20,22)	(20,23)	(21,19)	(21,20)	(21,21)	(21,22)	(21,23)	(22,19)	(22,20)	(22,21)	(22,22)	(22,23)	(23,22)	(23,23)	(24,22)	(24,23)	(25,22)	(25,23)	(26,22)	(26,23)	(27,22)	(27,23)	(28,22)	(28,23)	(29,22)	(29,23)	(30,22)	(30,23)	(31,22)	(31,23)	(32,22)	(32,23)	(33,22)	(33,24)	(36,21)	(36,22)	
(36,21):(9,24)	(18,23)	(19,21)	(19,22)	(19,23)	(20,21)	(20,22)	(20,23)	(21,21)	(21,22)	(21,23)	(22,21)	(22,22)	(22,23)	(23,22)	(23,23)	(24,22)	(24,23)	(25,22)	(25,23)	(26,22)	(26,23)	(27,22)	(27,23)	(28,22)	(28,23)	(29,22)	(29,23)	(30,22)	(30,23)	(31,22)	(32,22)	(33,22)	(36,21)	(36,22)	
(36,22):(19,21)	(19,22)	(20,21)	(20,22)	(21,21)	(21,22)	(22,21)	(22,22)	(23,22)	(24,22)	(25,22)	(26,22)	(27,22)	(28,22)	(29,22)	(30,22)	(31,22)	(32,22)	(33,22)	(36,21)	(36,22)	
(33,22):(5,24)	(6,24)	(7,24)	(8,24)	(9,24)	(18,23)	(19,21)	(19,22)	(19,23)	(20,21)	(20,22)	(20,23)	(21,21)	(21,22)	(21,23)	(22,21)	(22,22)	(22,23)	(23,22)	(23,23)	(24,22)	(24,23)	(25,22)	(25,23)	(26,22)	(26,23)	(27,22)	(27,23)	(28,22)	(28,23)	(29,22)	(29,23)	(30,22)	(30,23)	(31,22)	(31,23)	(32,22)	(32,23)	(33,22)	(33,24)	(36,21)	(36,22)	
(33,24):(5,23)	(5,24)	(6,24)	(7,24)	(8,24)	(9,24)	(18,23)	(19,21)	(19,22)	(19,23)	(20,21)	(20,22)	(20,23)	(21,21)	(21,22)	(21,23)	(22,21)	(22,22)	(22,23)	(23,22)	(23,23)	(24,22)	(24,23)	(25,22)	(25,23)	(26,22)	(26,23)	(27,22)	(27,23)	(28,22)	(28,23)	(29,22)	(29,23)	(30,22)	(30,23)	(31,22)	(31,23)	(32,22)	(32,23)	(33,22)	(33,24)	
(9,24):(4,25)	(5,23)	(5,24)	(6,24)	(7,24)	(7,25)	(7,29)	(8,24)	(8,25)	(8,26)	(8,27)	(8,28)	(9,24)	(9,26)	(9,27)	(9,28)	(18,23)	(19,23)	(20,23)	(21,23)	(22,23)	(23,23)	(24,23)	(25,23)	(26,23)	(27,22)	(27,23)	(28,22)	(28,23)	(29,22)	(29,23)	(30,22)	(30,23)	(31,22)	(31,23)	(32,22)	(32,23)	(33,22)	(33,24)	(36,21)	
(9,26):(5,23)	(5,24)	(6,24)	(7,24)	(7,25)	(7,29)	(8,24)	(8,25)	(8,26)	(8,27)	(8,28)	(9,24)	(9,26)	(9,27)	(9,28)	(10,27)	(10,28)	(11,27)	(11,28)	(12,27)	(12,28)	(12,29)	(13,27)	(13,28)	(13,29)	(13,30)	(14,27)	(14,28)	(14,29)	(14,30)	(14,31)	(15,27)	(15,28)	(15,30)	(15,31)	(16,27)	(16,31)	(16,32)	(17,27)	(17,32)	(18,27)	(18,32)	(18,33)	(19,27)	(19,33)	(19,34)	(20,27)	(20,34)	(21,27)	(22,27)	(23,27)	(24,27)	(25,27)	(26,27)	(27,27)	(28,27)	(29,27)	(30,27)	(31,27)	(32,27)	(33,27)	(34,27)	(35,26)	(35,27)	(38,28)	
(35,26):(8,26)	(8,27)	(8,28)	(9,26)	(9,27)	(9,28)	(10,27)	(10,28)	(11,27)	(11,28)	(12,27)	(12,28)	(13,27)	(13,28)	(14,27)	(14,28)	(15,27)	(15,28)	(16,27)	(17,27)	(18,27)	(19,27)	(20,27)	(21,27)	(22,27)	(23,27)	(24,27)	(25,27)	(26,27)	(27,27)	(28,27)	(29,27)	(30,27)	(31,27)	(32,27)	(33,27)	(34,27)	(35,26)	(35,27)	
(35,27):(8,26)	(8,27)	(8,28)	(9,26)	(9,27)	(9,28)	(10,27)	(10,28)	(11,27)	(11,28)	(12,27)	(12,28)	(13,27)	(13,28)	(14,27)	(14,28)	(15,27)	(15,28)	(16,27)	(17,27)	(18,27)	(19,27)	(20,27)	(21,27)	(22,27)	(23,27)	(24,27)	(25,27)	(26,27)	(27,27)	(28,27)	(29,27)	(30,27)	(31,27)	(32,27)	(33,27)	(34,27)	(35,26)	(35,27)	(38,27)	(38,28)	
(38,27):(8,27)	(8,28)	(9,27)	(9,28)	(10,27)	(10,28)	(11,27)	(11,28)	(12,27)	(12,28)	(13,27)	(13,28)	(14,27)	(14,28)	(15,27)	(15,28)	(16,27)	(17,27)	(18,27)	(19,27)	(20,27)	(21,27)	(22,27)	(23,27)	(24,27)	(25,27)	(26,27)	(27,27)	(28,27)	(29,27)	(30,27)	(31,27)	(32,27)	(33,27)	(34,27)	(35,27)	(38,27)	(38,28)	
(38,28):(8,26)	(8,27)	(8,28)	(9,26)	(9,27)	(9,28)	(10,27)	(10,28)	(11,27)	(11,28)	(12,27)	(12,28)	(13,27)	(13,28)	(14,27)	(14,28)	(15,27)	(15,28)	(16,27)	(17,27)	(18,27)	(19,27)	(20,27)	(21,27)	(22,27)	(23,27)	(24,27)	(25,27)	(26,27)	(27,27)	(28,27)	(29,27)	(30,27)	(31,27)	(32,27)	(33,27)	(34,27)	(35,27)	(38,27)	(38,28)	
(15,28):77.166664
(15,30):61.854168
(21,30):42.652779
(21,33):51.694443
(26,33):11.333333
(26,34):12.500000
(20,34):64.996361
(20,36):62.119049
(29,36):21.781250
(29,37):28.500000
(13,37):45.500000
(13,38):15.000000
(8,38):28.266666
(8,35):34.625000
(16,35):55.250000
(16,32):62.284092
(10,32):19.250000
(10,31):13.083333
(12,31):38.250000
(12,29):58.453571
(7,29):46.200001
(7,25):40.897221
(4,25):28.625000
(4,12):27.348484
(3,12):11.333333
(3,11):16.500000
(2,11):15.000000
(2,7):49.875000
(23,7):44.500000
(23,6):73.666664
(1,6):73.326088
(1,4):59.045456
(19,4):113.250000
(19,3):89.875000
(14,3):46.000000
(14,2):80.000000
(6,2):31.000000
(6,1):64.062500
(37,1):105.375000
(37,5):102.444443
(24,5):120.250000
(24,8):34.250000
(17,8):43.458332
(17,10):29.250000
(11,10):19.500000
(11,9):39.000000
(5,9):56.013889
(5,23):64.056816
(18,23):77.755554
(18,18):51.857143
(28,18):37.166668
(28,17):13.000000
(30,17):23.333334
(30,16):20.416666
(27,16):10.250000
(27,15):12.791667
(25,15):7.083333
(25,14):11.800000
(31,14):22.600000
(31,13):7.083333
(32,13):15.250000
(32,19):43.133335
(34,19):16.666666
(34,20):30.000000
(22,20):49.333332
(22,21):61.000000
(36,21):46.500000
(36,22):18.571428
(33,22):57.235607
(33,24):61.199677
(9,24):56.750000
(9,26):90.309067
(35,26):59.200001
(35,27):60.676922
(38,27):32.391304
(38,28):57.637932
(15,28),(15,30):30.000000
(15,28),(21,30):6.500000
(15,28),(21,33):9.961111
(15,28),(26,33):0.000000
(15,28),(26,34):0.000000
(15,28),(20,34):12.104167
(15,28),(20,36):5.833333
(15,28),(29,36):0.000000
(15,28),(29,37):0.000000
(15,28),(13,37):0.000000
(15,28),(13,38):0.000000
(15,28),(8,38):0.000000
(15,28),(8,35):0.000000
(15,28),(16,35):0.000000
(15,28),(16,32):20.799999
(15,28),(10,32):5.750000
(15,28),(10,31):3.500000
(15,28),(12,31):20.500000
(15,28),(12,29):39.666668
(15,28),(7,29):40.666668
(15,28),(7,25):19.266666
(15,28),(4,25):0.000000
(15,28),(4,12):0.000000
(15,28),(3,12):0.000000
(15,28),(3,11):0.000000
(15,28),(2,11):0.000000
(15,28),(2,7):0.000000
(15,28),(23,7):0.000000
(15,28),(23,6):0.000000
(15,28),(1,6):0.000000
(15,28),(1,4):0.000000
(15,28),(19,4):0.000000
(15,28),(19,3):0.000000
(15,28),(14,3):0.000000
(15,28),(14,2):0.000000
(15,28),(6,2):0.000000
(15,28),(6,1):0.000000
(15,28),(37,1):0.000000
(15,28),(37,5):0.000000
(15,28),(24,5):0.000000
(15,28),(24,8):0.000000
(15,28),(17,8):0.000000
(15,28),(17,10):0.000000
(15,28),(11,10):0.000000
(15,28),(11,9):0.000000
(15,28),(5,9):0.000000
(15,28),(5,23):7.107143
(15,28),(18,23):0.000000
(15,28),(18,18):0.000000
(15,28),(28,18):0.000000
(15,28),(28,17):0.000000
(15,28),(30,17):0.000000
(15,28),(30,16):0.000000
(15,28),(27,16):0.000000
(15,28),(27,15):0.000000
(15,28),(25,15):0.000000
(15,28),(25,14):0.000000
(15,28),(31,14):0.000000
(15,28),(31,13):0.000000
(15,28),(32,13):0.000000
(15,28),(32,19):0.000000
(15,28),(34,19):0.000000
(15,28),(34,20):0.000000
(15,28),(22,20):0.000000
(15,28),(22,21):0.000000
(15,28),(36,21):0.000000
(15,28),(36,22):0.000000
(15,28),(33,22):0.000000
(15,28),(33,24):0.000000
(15,28),(9,24):6.666667
(15,28),(9,26):71.993591
(15,28),(35,26):59.200001
(15,28),(35,27):60.676922
(15,28),(38,27):32.391304
(15,28),(38,28):57.637932
(15,30),(21,30):33.958332
(15,30),(21,33):34.881943
(15,30),(26,33):5.942307
(15,30),(26,34):7.500000
(15,30),(20,34):42.155449
(15,30),(20,36):29.500000
(15,30),(29,36):2.166667
(15,30),(29,37):2.401961
(15,30),(13,37):11.149038
(15,30),(13,38):0.000000
(15,30),(8,38):5.273308
(15,30),(8,35):4.416667
(15,30),(16,35):26.416666
(15,30),(16,32):51.958332
(15,30),(10,32):18.583334
(15,30),(10,31):12.416667
(15,30),(12,31):34.583332
(15,30),(12,29):45.583332
(15,30),(7,29):21.166666
(15,30),(7,25):25.751389
(15,30),(4,25):1.270833
(15,30),(4,12):0.459232
(15,30),(3,12):0.000000
(15,30),(3,11):0.000000
(15,30),(2,11):0.000000
(15,30),(2,7):0.000000
(15,30),(23,7):0.000000
(15,30),(23,6):0.000000
(15,30),(1,6):0.000000
(15,30),(1,4):0.000000
(15,30),(19,4):0.000000
(15,30),(19,3):0.000000
(15,30),(14,3):0.000000
(15,30),(14,2):0.000000
(15,30),(6,2):0.000000
(15,30),(6,1):0.000000
(15,30),(37,1):0.000000
(15,30),(37,5):0.000000
(15,30),(24,5):0.000000
(15,30),(24,8):0.000000
(15,30),(17,8):0.000000
(15,30),(17,10):0.000000
(15,30),(11,10):0.000000
(15,30),(11,9):0.000000
(15,30),(5,9):0.437500
(15,30),(5,23):13.191288
(15,30),(18,23):0.820249
(15,30),(18,18):0.000000
(15,30),(28,18):0.000000
(15,30),(28,17):0.000000
(15,30),(30,17):0.000000
(15,30),(30,16):0.000000
(15,30),(27,16):0.000000
(15,30),(27,15):0.000000
(15,30),(25,15):0.000000
(15,30),(25,14):0.000000
(15,30),(31,14):0.000000
(15,30),(31,13):0.000000
(15,30),(32,13):0.000000
(15,30),(32,19):0.000000
(15,30),(34,19):0.000000
(15,30),(34,20):0.000000
(15,30),(22,20):0.000000
(15,30),(22,21):0.000000
(15,30),(36,21):0.000000
(15,30),(36,22):0.000000
(15,30),(33,22):0.242371
(15,30),(33,24):0.650640
(15,30),(9,24):5.845833
(15,30),(9,26):35.711311
(15,30),(35,26):16.717949
(15,30),(35,27):16.192865
(15,30),(38,27):8.025641
(15,30),(38,28):15.471265
(21,30),(21,33):35.964287
(21,30),(26,33):6.333333
(21,30),(26,34):7.500000
(21,30),(20,34):36.875000
(21,30),(20,36):30.875000
(21,30),(29,36):4.875000
(21,30),(29,37):6.111486
(21,30),(13,37):15.994047
(21,30),(13,38):0.000000
(21,30),(8,38):8.408991
(21,30),(8,35):9.000000
(21,30),(16,35):32.750000
(21,30),(16,32):40.652779
(21,30),(10,32):18.777779
(21,30),(10,31):12.861111
(21,30),(12,31):22.902779
(21,30),(12,29):19.894737
(21,30),(7,29):0.000000
(21,30),(7,25):9.843023
(21,30),(4,25):0.000000
(21,30),(4,12):0.000000
(21,30),(3,12):0.000000
(21,30),(3,11):0.000000
(21,30),(2,11):0.000000
(21,30),(2,7):0.000000
(21,30),(23,7):0.000000
(21,30),(23,6):0.000000
(21,30),(1,6):0.000000
(21,30),(1,4):0.000000
(21,30),(19,4):0.000000
(21,30),(19,3):0.000000
(21,30),(14,3):0.000000
(21,30),(14,2):0.000000
(21,30),(6,2):0.000000
(21,30),(6,1):0.000000
(21,30),(37,1):0.000000
(21,30),(37,5):0.000000
(21,30),(24,5):0.000000
(21,30),(24,8):0.000000
(21,30),(17,8):0.000000
(21,30),(17,10):0.000000
(21,30),(11,10):0.000000
(21,30),(11,9):0.000000
(21,30),(5,9):0.000000
(21,30),(5,23):5.675604
(21,30),(18,23):0.000000
(21,30),(18,18):0.000000
(21,30),(28,18):0.000000
(21,30),(28,17):0.000000
(21,30),(30,17):0.000000
(21,30),(30,16):0.000000
(21,30),(27,16):0.000000
(21,30),(27,15):0.000000
(21,30),(25,15):0.000000
(21,30),(25,14):0.000000
(21,30),(31,14):0.000000
(21,30),(31,13):0.000000
(21,30),(32,13):0.000000
(21,30),(32,19):0.000000
(21,30),(34,19):0.000000
(21,30),(34,20):0.000000
(21,30),(22,20):0.000000
(21,30),(22,21):0.000000
(21,30),(36,21):0.000000
(21,30),(36,22):0.000000
(21,30),(33,22):0.000000
(21,30),(33,24):0.000000
(21,30),(9,24):0.000000
(21,30),(9,26):10.647058
(21,30),(35,26):0.000000
(21,30),(35,27):0.000000
(21,30),(38,27):0.000000
(21,30),(38,28):0.000000
(21,33),(26,33):11.333333
(21,33),(26,34):12.500000
(21,33),(20,34):46.833332
(21,33),(20,36):31.444445
(21,33),(29,36):5.398148
(21,33),(29,37):6.886957
(21,33),(13,37):18.250000
(21,33),(13,38):3.050000
(21,33),(8,38):12.916667
(21,33),(8,35):11.250000
(21,33),(16,35):35.750000
(21,33),(16,32):39.250000
(21,33),(10,32):15.625000
(21,33),(10,31):9.583333
(21,33),(12,31):23.000000
(21,33),(12,29):24.683731
(21,33),(7,29):3.444444
(21,33),(7,25):14.486111
(21,33),(4,25):0.000000
(21,33),(4,12):0.000000
(21,33),(3,12):0.000000
(21,33),(3,11):0.000000
(21,33),(2,11):0.000000
(21,33),(2,7):0.000000
(21,33),(23,7):0.000000
(21,33),(23,6):0.000000
(21,33),(1,6):0.000000
(21,33),(1,4):0.000000
(21,33),(19,4):0.000000
(21,33),(19,3):0.000000
(21,33),(14,3):0.000000
(21,33),(14,2):0.000000
(21,33),(6,2):0.000000
(21,33),(6,1):0.000000
(21,33),(37,1):0.000000
(21,33),(37,5):0.000000
(21,33),(24,5):0.000000
(21,33),(24,8):0.000000
(21,33),(17,8):0.000000
(21,33),(17,10):0.000000
(21,33),(11,10):0.000000
(21,33),(11,9):0.000000
(21,33),(5,9):0.000000
(21,33),(5,23):8.060248
(21,33),(18,23):0.000000
(21,33),(18,18):0.000000
(21,33),(28,18):0.000000
(21,33),(28,17):0.000000
(21,33),(30,17):0.000000
(21,33),(30,16):0.000000
(21,33),(27,16):0.000000
(21,33),(27,15):0.000000
(21,33),(25,15):0.000000
(21,33),(25,14):0.000000
(21,33),(31,14):0.000000
(21,33),(31,13):0.000000
(21,33),(32,13):0.000000
(21,33),(32,19):0.000000
(21,33),(34,19):0.000000
(21,33),(34,20):0.000000
(21,33),(22,20):0.000000
(21,33),(22,21):0.000000
(21,33),(36,21):0.000000
(21,33),(36,22):0.000000
(21,33),(33,22):0.000000
(21,33),(33,24):0.000000
(21,33),(9,24):1.444444
(21,33),(9,26):15.127137
(21,33),(35,26):2.777778
(21,33),(35,27):2.575190
(21,33),(38,27):1.600792
(21,33),(38,28):2.319444
(26,33),(26,34):10.000000
(26,33),(20,34):11.333333
(26,33),(20,36):5.333333
(26,33),(29,36):0.000000
(26,33),(29,37):0.000000
(26,33),(13,37):3.611111
(26,33),(13,38):0.000000
(26,33),(8,38):1.766667
(26,33),(8,35):0.000000
(26,33),(16,35):7.333333
(26,33),(16,32):8.833333
(26,33),(10,32):0.000000
(26,33),(10,31):0.000000
(26,33),(12,31):1.250000
(26,33),(12,29):4.246212
(26,33),(7,29):0.000000
(26,33),(7,25):2.811485
(26,33),(4,25):0.000000
(26,33),(4,12):0.000000
(26,33),(3,12):0.000000
(26,33),(3,11):0.000000
(26,33),(2,11):0.000000
(26,33),(2,7):0.000000
(26,33),(23,7):0.000000
(26,33),(23,6):0.000000
(26,33),(1,6):0.000000
(26,33),(1,4):0.000000
(26,33),(19,4):0.000000
(26,33),(19,3):0.000000
(26,33),(14,3):0.000000
(26,33),(14,2):0.000000
(26,33),(6,2):0.000000
(26,33),(6,1):0.000000
(26,33),(37,1):0.000000
(26,33),(37,5):0.000000
(26,33),(24,5):0.000000
(26,33),(24,8):0.000000
(26,33),(17,8):0.000000
(26,33),(17,10):0.000000
(26,33),(11,10):0.000000
(26,33),(11,9):0.000000
(26,33),(5,9):0.000000
(26,33),(5,23):1.326612
(26,33),(18,23):0.000000
(26,33),(18,18):0.000000
(26,33),(28,18):0.000000
(26,33),(28,17):0.000000
(26,33),(30,17):0.000000
(26,33),(30,16):0.000000
(26,33),(27,16):0.000000
(26,33),(27,15):0.000000
(26,33),(25,15):0.000000
(26,33),(25,14):0.000000
(26,33),(31,14):0.000000
(26,33),(31,13):0.000000
(26,33),(32,13):0.000000
(26,33),(32,19):0.000000
(26,33),(34,19):0.000000
(26,33),(34,20):0.000000
(26,33),(22,20):0.000000
(26,33),(22,21):0.000000
(26,33),(36,21):0.000000
(26,33),(36,22):0.000000
(26,33),(33,22):0.000000
(26,33),(33,24):0.000000
(26,33),(9,24):0.000000
(26,33),(9,26):2.693799
(26,33),(35,26):0.000000
(26,33),(35,27):0.000000
(26,33),(38,27):0.000000
(26,33),(38,28):0.000000
(26,34),(20,34):12.500000
(26,34),(20,36):6.400000
(26,34),(29,36):0.000000
(26,34),(29,37):0.000000
(26,34),(13,37):3.224359
(26,34),(13,38):0.000000
(26,34),(8,38):1.500000
(26,34),(8,35):0.000000
(26,34),(16,35):8.500000
(26,34),(16,32):10.000000
(26,34),(10,32):0.000000
(26,34),(10,31):0.000000
(26,34),(12,31):1.750000
(26,34),(12,29):5.958333
(26,34),(7,29):0.000000
(26,34),(7,25):4.316807
(26,34),(4,25):0.000000
(26,34),(4,12):0.000000
(26,34),(3,12):0.000000
(26,34),(3,11):0.000000
(26,34),(2,11):0.000000
(26,34),(2,7):0.000000
(26,34),(23,7):0.000000
(26,34),(23,6):0.000000
(26,34),(1,6):0.000000
(26,34),(1,4):0.000000
(26,34),(19,4):0.000000
(26,34),(19,3):0.000000
(26,34),(14,3):0.000000
(26,34),(14,2):0.000000
(26,34),(6,2):0.000000
(26,34),(6,1):0.000000
(26,34),(37,1):0.000000
(26,34),(37,5):0.000000
(26,34),(24,5):0.000000
(26,34),(24,8):0.000000
(26,34),(17,8):0.000000
(26,34),(17,10):0.000000
(26,34),(11,10):0.000000
(26,34),(11,9):0.000000
(26,34),(5,9):0.000000
(26,34),(5,23):2.085859
(26,34),(18,23):0.000000
(26,34),(18,18):0.000000
(26,34),(28,18):0.000000
(26,34),(28,17):0.000000
(26,34),(30,17):0.000000
(26,34),(30,16):0.000000
(26,34),(27,16):0.000000
(26,34),(27,15):0.000000
(26,34),(25,15):0.000000
(26,34),(25,14):0.000000
(26,34),(31,14):0.000000
(26,34),(31,13):0.000000
(26,34),(32,13):0.000000
(26,34),(32,19):0.000000
(26,34),(34,19):0.000000
(26,34),(34,20):0.000000
(26,34),(22,20):0.000000
(26,34),(22,21):0.000000
(26,34),(36,21):0.000000
(26,34),(36,22):0.000000
(26,34),(33,22):0.000000
(26,34),(33,24):0.000000
(26,34),(9,24):0.000000
(26,34),(9,26):4.095238
(26,34),(35,26):0.000000
(26,34),(35,27):0.000000
(26,34),(38,27):0.000000
(26,34),(38,28):0.000000
(20,34),(20,36):41.785713
(20,34),(29,36):10.781250
(20,34),(29,37):12.461538
(20,34),(13,37):27.333334
(20,34),(13,38):6.958333
(20,34),(8,38):19.100000
(20,34),(8,35):19.833334
(20,34),(16,35):44.833332
(20,34),(16,32):48.715908
(20,34),(10,32):13.653846
(20,34),(10,31):8.083333
(20,34),(12,31):21.850000
(20,34),(12,29):28.803410
(20,34),(7,29):8.267045
(20,34),(7,25):20.851913
(20,34),(4,25):1.663024
(20,34),(4,12):0.559925
(20,34),(3,12):0.000000
(20,34),(3,11):0.000000
(20,34),(2,11):0.000000
(20,34),(2,7):0.000000
(20,34),(23,7):0.000000
(20,34),(23,6):0.000000
(20,34),(1,6):0.000000
(20,34),(1,4):0.000000
(20,34),(19,4):0.000000
(20,34),(19,3):0.000000
(20,34),(14,3):0.000000
(20,34),(14,2):0.000000
(20,34),(6,2):0.000000
(20,34),(6,1):0.000000
(20,34),(37,1):0.000000
(20,34),(37,5):0.000000
(20,34),(24,5):0.000000
(20,34),(24,8):0.000000
(20,34),(17,8):0.000000
(20,34),(17,10):0.000000
(20,34),(11,10):0.000000
(20,34),(11,9):0.000000
(20,34),(5,9):0.541958
(20,34),(5,23):12.912645
(20,34),(18,23):0.932676
(20,34),(18,18):0.000000
(20,34),(28,18):0.000000
(20,34),(28,17):0.000000
(20,34),(30,17):0.000000
(20,34),(30,16):0.000000
(20,34),(27,16):0.000000
(20,34),(27,15):0.000000
(20,34),(25,15):0.000000
(20,34),(25,14):0.000000
(20,34),(31,14):0.000000
(20,34),(31,13):0.000000
(20,34),(32,13):0.000000
(20,34),(32,19):0.000000
(20,34),(34,19):0.000000
(20,34),(34,20):0.000000
(20,34),(22,20):0.000000
(20,34),(22,21):0.000000
(20,34),(36,21):0.000000
(20,34),(36,22):0.000000
(20,34),(33,22):0.282466
(20,34),(33,24):0.743750
(20,34),(9,24):3.819139
(20,34),(9,26):22.020166
(20,34),(35,26):5.534291
(20,34),(35,27):5.309149
(20,34),(38,27):2.576215
(20,34),(38,28):5.025431
(20,36),(29,36):21.781250
(20,36),(29,37):28.500000
(20,36),(13,37):40.119049
(20,36),(13,38):11.785714
(20,36),(8,38):23.885714
(20,36),(8,35):31.410715
(20,36),(16,35):47.785713
(20,36),(16,32):35.833332
(20,36),(10,32):10.176471
(20,36),(10,31):5.833333
(20,36),(12,31):15.400000
(20,36),(12,29):17.166666
(20,36),(7,29):4.250000
(20,36),(7,25):11.195436
(20,36),(4,25):0.000000
(20,36),(4,12):0.000000
(20,36),(3,12):0.000000
(20,36),(3,11):0.000000
(20,36),(2,11):0.000000
(20,36),(2,7):0.000000
(20,36),(23,7):0.000000
(20,36),(23,6):0.000000
(20,36),(1,6):0.000000
(20,36),(1,4):0.000000
(20,36),(19,4):0.000000
(20,36),(19,3):0.000000
(20,36),(14,3):0.000000
(20,36),(14,2):0.000000
(20,36),(6,2):0.000000
(20,36),(6,1):0.000000
(20,36),(37,1):0.000000
(20,36),(37,5):0.000000
(20,36),(24,5):0.000000
(20,36),(24,8):0.000000
(20,36),(17,8):0.000000
(20,36),(17,10):0.000000
(20,36),(11,10):0.000000
(20,36),(11,9):0.000000
(20,36),(5,9):0.000000
(20,36),(5,23):4.670455
(20,36),(18,23):0.000000
(20,36),(18,18):0.000000
(20,36),(28,18):0.000000
(20,36),(28,17):0.000000
(20,36),(30,17):0.000000
(20,36),(30,16):0.000000
(20,36),(27,16):0.000000
(20,36),(27,15):0.000000
(20,36),(25,15):0.000000
(20,36),(25,14):0.000000
(20,36),(31,14):0.000000
(20,36),(31,13):0.000000
(20,36),(32,13):0.000000
(20,36),(32,19):0.000000
(20,36),(34,19):0.000000
(20,36),(34,20):0.000000
(20,36),(22,20):0.000000
(20,36),(22,21):0.000000
(20,36),(36,21):0.000000
(20,36),(36,22):0.000000
(20,36),(33,22):0.000000
(20,36),(33,24):0.000000
(20,36),(9,24):0.000000
(20,36),(9,26):13.857142
(20,36),(35,26):3.280886
(20,36),(35,27):3.147619
(20,36),(38,27):1.545892
(20,36),(38,28):3.000000
(29,36),(29,37):21.000000
(29,36),(13,37):21.781250
(29,36),(13,38):5.781250
(29,36),(8,38):8.281250
(29,36),(8,35):18.406250
(29,36),(16,35):14.781250
(29,36),(16,32):4.500000
(29,36),(10,32):0.000000
(29,36),(10,31):0.000000
(29,36),(12,31):0.000000
(29,36),(12,29):0.000000
(29,36),(7,29):0.000000
(29,36),(7,25):0.000000
(29,36),(4,25):0.000000
(29,36),(4,12):0.000000
(29,36),(3,12):0.000000
(29,36),(3,11):0.000000
(29,36),(2,11):0.000000
(29,36),(2,7):0.000000
(29,36),(23,7):0.000000
(29,36),(23,6):0.000000
(29,36),(1,6):0.000000
(29,36),(1,4):0.000000
(29,36),(19,4):0.000000
(29,36),(19,3):0.000000
(29,36),(14,3):0.000000
(29,36),(14,2):0.000000
(29,36),(6,2):0.000000
(29,36),(6,1):0.000000
(29,36),(37,1):0.000000
(29,36),(37,5):0.000000
(29,36),(24,5):0.000000
(29,36),(24,8):0.000000
(29,36),(17,8):0.000000
(29,36),(17,10):0.000000
(29,36),(11,10):0.000000
(29,36),(11,9):0.000000
(29,36),(5,9):0.000000
(29,36),(5,23):0.000000
(29,36),(18,23):0.000000
(29,36),(18,18):0.000000
(29,36),(28,18):0.000000
(29,36),(28,17):0.000000
(29,36),(30,17):0.000000
(29,36),(30,16):0.000000
(29,36),(27,16):0.000000
(29,36),(27,15):0.000000
(29,36),(25,15):0.000000
(29,36),(25,14):0.000000
(29,36),(31,14):0.000000
(29,36),(31,13):0.000000
(29,36),(32,13):0.000000
(29,36),(32,19):0.000000
(29,36),(34,19):0.000000
(29,36),(34,20):0.000000
(29,36),(22,20):0.000000
(29,36),(22,21):0.000000
(29,36),(36,21):0.000000
(29,36),(36,22):0.000000
(29,36),(33,22):0.000000
(29,36),(33,24):0.000000
(29,36),(9,24):0.000000
(29,36),(9,26):0.000000
(29,36),(35,26):0.000000
(29,36),(35,27):0.000000
(29,36),(38,27):0.000000
(29,36),(38,28):0.000000
(29,37),(13,37):28.500000
(29,37),(13,38):9.777778
(29,37),(8,38):14.857142
(29,37),(8,35):25.125000
(29,37),(16,35):21.500000
(29,37),(16,32):5.388889
(29,37),(10,32):0.000000
(29,37),(10,31):0.000000
(29,37),(12,31):0.000000
(29,37),(12,29):0.000000
(29,37),(7,29):0.000000
(29,37),(7,25):0.000000
(29,37),(4,25):0.000000
(29,37),(4,12):0.000000
(29,37),(3,12):0.000000
(29,37),(3,11):0.000000
(29,37),(2,11):0.000000
(29,37),(2,7):0.000000
(29,37),(23,7):0.000000
(29,37),(23,6):0.000000
(29,37),(1,6):0.000000
(29,37),(1,4):0.000000
(29,37),(19,4):0.000000
(29,37),(19,3):0.000000
(29,37),(14,3):0.000000
(29,37),(14,2):0.000000
(29,37),(6,2):0.000000
(29,37),(6,1):0.000000
(29,37),(37,1):0.000000
(29,37),(37,5):0.000000
(29,37),(24,5):0.000000
(29,37),(24,8):0.000000
(29,37),(17,8):0.000000
(29,37),(17,10):0.000000
(29,37),(11,10):0.000000
(29,37),(11,9):0.000000
(29,37),(5,9):0.000000
(29,37),(5,23):0.000000
(29,37),(18,23):0.000000
(29,37),(18,18):0.000000
(29,37),(28,18):0.000000
(29,37),(28,17):0.000000
(29,37),(30,17):0.000000
(29,37),(30,16):0.000000
(29,37),(27,16):0.000000
(29,37),(27,15):0.000000
(29,37),(25,15):0.000000
(29,37),(25,14):0.000000
(29,37),(31,14):0.000000
(29,37),(31,13):0.000000
(29,37),(32,13):0.000000
(29,37),(32,19):0.000000
(29,37),(34,19):0.000000
(29,37),(34,20):0.000000
(29,37),(22,20):0.000000
(29,37),(22,21):0.000000
(29,37),(36,21):0.000000
(29,37),(36,22):0.000000
(29,37),(33,22):0.000000
(29,37),(33,24):0.000000
(29,37),(9,24):0.000000
(29,37),(9,26):0.000000
(29,37),(35,26):0.000000
(29,37),(35,27):0.000000
(29,37),(38,27):0.000000
(29,37),(38,28):0.000000
(13,37),(13,38):15.000000
(13,37),(8,38):27.933332
(13,37),(8,35):34.625000
(13,37),(16,35):37.750000
(13,37),(16,32):15.878788
(13,37),(10,32):0.083333
(13,37),(10,31):0.816667
(13,37),(12,31):1.542168
(13,37),(12,29):4.426976
(13,37),(7,29):0.000000
(13,37),(7,25):2.791680
(13,37),(4,25):0.000000
(13,37),(4,12):0.000000
(13,37),(3,12):0.000000
(13,37),(3,11):0.000000
(13,37),(2,11):0.000000
(13,37),(2,7):0.000000
(13,37),(23,7):0.000000
(13,37),(23,6):0.000000
(13,37),(1,6):0.000000
(13,37),(1,4):0.000000
(13,37),(19,4):0.000000
(13,37),(19,3):0.000000
(13,37),(14,3):0.000000
(13,37),(14,2):0.000000
(13,37),(6,2):0.000000
(13,37),(6,1):0.000000
(13,37),(37,1):0.000000
(13,37),(37,5):0.000000
(13,37),(24,5):0.000000
(13,37),(24,8):0.000000
(13,37),(17,8):0.000000
(13,37),(17,10):0.000000
(13,37),(11,10):0.000000
(13,37),(11,9):0.000000
(13,37),(5,9):0.000000
(13,37),(5,23):1.612831
(13,37),(18,23):0.000000
(13,37),(18,18):0.000000
(13,37),(28,18):0.000000
(13,37),(28,17):0.000000
(13,37),(30,17):0.000000
(13,37),(30,16):0.000000
(13,37),(27,16):0.000000
(13,37),(27,15):0.000000
(13,37),(25,15):0.000000
(13,37),(25,14):0.000000
(13,37),(31,14):0.000000
(13,37),(31,13):0.000000
(13,37),(32,13):0.000000
(13,37),(32,19):0.000000
(13,37),(34,19):0.000000
(13,37),(34,20):0.000000
(13,37),(22,20):0.000000
(13,37),(22,21):0.000000
(13,37),(36,21):0.000000
(13,37),(36,22):0.000000
(13,37),(33,22):0.000000
(13,37),(33,24):0.000000
(13,37),(9,24):0.000000
(13,37),(9,26):2.971500
(13,37),(35,26):0.000000
(13,37),(35,27):0.000000
(13,37),(38,27):0.000000
(13,37),(38,28):0.000000
(13,38),(8,38):15.000000
(13,38),(8,35):15.000000
(13,38),(16,35):14.250000
(13,38),(16,32):0.000000
(13,38),(10,32):0.000000
(13,38),(10,31):0.000000
(13,38),(12,31):0.000000
(13,38),(12,29):0.000000
(13,38),(7,29):0.000000
(13,38),(7,25):0.000000
(13,38),(4,25):0.000000
(13,38),(4,12):0.000000
(13,38),(3,12):0.000000
(13,38),(3,11):0.000000
(13,38),(2,11):0.000000
(13,38),(2,7):0.000000
(13,38),(23,7):0.000000
(13,38),(23,6):0.000000
(13,38),(1,6):0.000000
(13,38),(1,4):0.000000
(13,38),(19,4):0.000000
(13,38),(19,3):0.000000
(13,38),(14,3):0.000000
(13,38),(14,2):0.000000
(13,38),(6,2):0.000000
(13,38),(6,1):0.000000
(13,38),(37,1):0.000000
(13,38),(37,5):0.000000
(13,38),(24,5):0.000000
(13,38),(24,8):0.000000
(13,38),(17,8):0.000000
(13,38),(17,10):0.000000
(13,38),(11,10):0.000000
(13,38),(11,9):0.000000
(13,38),(5,9):0.000000
(13,38),(5,23):0.000000
(13,38),(18,23):0.000000
(13,38),(18,18):0.000000
(13,38),(28,18):0.000000
(13,38),(28,17):0.000000
(13,38),(30,17):0.000000
(13,38),(30,16):0.000000
(13,38),(27,16):0.000000
(13,38),(27,15):0.000000
(13,38),(25,15):0.000000
(13,38),(25,14):0.000000
(13,38),(31,14):0.000000
(13,38),(31,13):0.000000
(13,38),(32,13):0.000000
(13,38),(32,19):0.000000
(13,38),(34,19):0.000000
(13,38),(34,20):0.000000
(13,38),(22,20):0.000000
(13,38),(22,21):0.000000
(13,38),(36,21):0.000000
(13,38),(36,22):0.000000
(13,38),(33,22):0.000000
(13,38),(33,24):0.000000
(13,38),(9,24):0.000000
(13,38),(9,26):0.000000
(13,38),(35,26):0.000000
(13,38),(35,27):0.000000
(13,38),(38,27):0.000000
(13,38),(38,28):0.000000
(8,38),(8,35):24.100000
(8,38),(16,35):27.516666
(8,38),(16,32):7.923913
(8,38),(10,32):0.000000
(8,38),(10,31):0.000000
(8,38),(12,31):0.250609
(8,38),(12,29):1.797014
(8,38),(7,29):0.000000
(8,38),(7,25):1.454981
(8,38),(4,25):0.000000
(8,38),(4,12):0.000000
(8,38),(3,12):0.000000
(8,38),(3,11):0.000000
(8,38),(2,11):0.000000
(8,38),(2,7):0.000000
(8,38),(23,7):0.000000
(8,38),(23,6):0.000000
(8,38),(1,6):0.000000
(8,38),(1,4):0.000000
(8,38),(19,4):0.000000
(8,38),(19,3):0.000000
(8,38),(14,3):0.000000
(8,38),(14,2):0.000000
(8,38),(6,2):0.000000
(8,38),(6,1):0.000000
(8,38),(37,1):0.000000
(8,38),(37,5):0.000000
(8,38),(24,5):0.000000
(8,38),(24,8):0.000000
(8,38),(17,8):0.000000
(8,38),(17,10):0.000000
(8,38),(11,10):0.000000
(8,38),(11,9):0.000000
(8,38),(5,9):0.000000
(8,38),(5,23):1.066883
(8,38),(18,23):0.000000
(8,38),(18,18):0.000000
(8,38),(28,18):0.000000
(8,38),(28,17):0.000000
(8,38),(30,17):0.000000
(8,38),(30,16):0.000000
(8,38),(27,16):0.000000
(8,38),(27,15):0.000000
(8,38),(25,15):0.000000
(8,38),(25,14):0.000000
(8,38),(31,14):0.000000
(8,38),(31,13):0.000000
(8,38),(32,13):0.000000
(8,38),(32,19):0.000000
(8,38),(34,19):0.000000
(8,38),(34,20):0.000000
(8,38),(22,20):0.000000
(8,38),(22,21):0.000000
(8,38),(36,21):0.000000
(8,38),(36,22):0.000000
(8,38),(33,22):0.000000
(8,38),(33,24):0.000000
(8,38),(9,24):0.000000
(8,38),(9,26):1.718206
(8,38),(35,26):0.000000
(8,38),(35,27):0.000000
(8,38),(38,27):0.000000
(8,38),(38,28):0.000000
(8,35),(16,35):30.250000
(8,35),(16,32):8.500000
(8,35),(10,32):0.000000
(8,35),(10,31):0.000000
(8,35),(12,31):0.000000
(8,35),(12,29):0.000000
(8,35),(7,29):0.000000
(8,35),(7,25):0.007937
(8,35),(4,25):0.000000
(8,35),(4,12):0.000000
(8,35),(3,12):0.000000
(8,35),(3,11):0.000000
(8,35),(2,11):0.000000
(8,35),(2,7):0.000000
(8,35),(23,7):0.000000
(8,35),(23,6):0.000000
(8,35),(1,6):0.000000
(8,35),(1,4):0.000000
(8,35),(19,4):0.000000
(8,35),(19,3):0.000000
(8,35),(14,3):0.000000
(8,35),(14,2):0.000000
(8,35),(6,2):0.000000
(8,35),(6,1):0.000000
(8,35),(37,1):0.000000
(8,35),(37,5):0.000000
(8,35),(24,5):0.000000
(8,35),(24,8):0.000000
(8,35),(17,8):0.000000
(8,35),(17,10):0.000000
(8,35),(11,10):0.000000
(8,35),(11,9):0.000000
(8,35),(5,9):0.000000
(8,35),(5,23):0.045455
(8,35),(18,23):0.000000
(8,35),(18,18):0.000000
(8,35),(28,18):0.000000
(8,35),(28,17):0.000000
(8,35),(30,17):0.000000
(8,35),(30,16):0.000000
(8,35),(27,16):0.000000
(8,35),(27,15):0.000000
(8,35),(25,15):0.000000
(8,35),(25,14):0.000000
(8,35),(31,14):0.000000
(8,35),(31,13):0.000000
(8,35),(32,13):0.000000
(8,35),(32,19):0.000000
(8,35),(34,19):0.000000
(8,35),(34,20):0.000000
(8,35),(22,20):0.000000
(8,35),(22,21):0.000000
(8,35),(36,21):0.000000
(8,35),(36,22):0.000000
(8,35),(33,22):0.000000
(8,35),(33,24):0.000000
(8,35),(9,24):0.000000
(8,35),(9,26):0.107143
(8,35),(35,26):0.000000
(8,35),(35,27):0.000000
(8,35),(38,27):0.000000
(8,35),(38,28):0.000000
(16,35),(16,32):33.000000
(16,35),(10,32):10.000000
(16,35),(10,31):7.083333
(16,35),(12,31):13.470589
(16,35),(12,29):12.446667
(16,35),(7,29):0.000000
(16,35),(7,25):7.159722
(16,35),(4,25):0.000000
(16,35),(4,12):0.000000
(16,35),(3,12):0.000000
(16,35),(3,11):0.000000
(16,35),(2,11):0.000000
(16,35),(2,7):0.000000
(16,35),(23,7):0.000000
(16,35),(23,6):0.000000
(16,35),(1,6):0.000000
(16,35),(1,4):0.000000
(16,35),(19,4):0.000000
(16,35),(19,3):0.000000
(16,35),(14,3):0.000000
(16,35),(14,2):0.000000
(16,35),(6,2):0.000000
(16,35),(6,1):0.000000
(16,35),(37,1):0.000000
(16,35),(37,5):0.000000
(16,35),(24,5):0.000000
(16,35),(24,8):0.000000
(16,35),(17,8):0.000000
(16,35),(17,10):0.000000
(16,35),(11,10):0.000000
(16,35),(11,9):0.000000
(16,35),(5,9):0.000000
(16,35),(5,23):3.545455
(16,35),(18,23):0.000000
(16,35),(18,18):0.000000
(16,35),(28,18):0.000000
(16,35),(28,17):0.000000
(16,35),(30,17):0.000000
(16,35),(30,16):0.000000
(16,35),(27,16):0.000000
(16,35),(27,15):0.000000
(16,35),(25,15):0.000000
(16,35),(25,14):0.000000
(16,35),(31,14):0.000000
(16,35),(31,13):0.000000
(16,35),(32,13):0.000000
(16,35),(32,19):0.000000
(16,35),(34,19):0.000000
(16,35),(34,20):0.000000
(16,35),(22,20):0.000000
(16,35),(22,21):0.000000
(16,35),(36,21):0.000000
(16,35),(36,22):0.000000
(16,35),(33,22):0.000000
(16,35),(33,24):0.000000
(16,35),(9,24):0.000000
(16,35),(9,26):7.099567
(16,35),(35,26):0.000000
(16,35),(35,27):0.000000
(16,35),(38,27):0.000000
(16,35),(38,28):0.000000
(16,32),(10,32):19.200001
(16,32),(10,31):13.083333
(16,32),(12,31):32.250000
(16,32),(12,29):38.309090
(16,32),(7,29):12.589286
(16,32),(7,25):21.347980
(16,32),(4,25):2.242424
(16,32),(4,12):0.474308
(16,32),(3,12):0.000000
(16,32),(3,11):0.000000
(16,32),(2,11):0.000000
(16,32),(2,7):0.000000
(16,32),(23,7):0.000000
(16,32),(23,6):0.000000
(16,32),(1,6):0.000000
(16,32),(1,4):0.000000
(16,32),(19,4):0.000000
(16,32),(19,3):0.000000
(16,32),(14,3):0.000000
(16,32),(14,2):0.000000
(16,32),(6,2):0.000000
(16,32),(6,1):0.000000
(16,32),(37,1):0.000000
(16,32),(37,5):0.000000
(16,32),(24,5):0.000000
(16,32),(24,8):0.000000
(16,32),(17,8):0.000000
(16,32),(17,10):0.000000
(16,32),(11,10):0.000000
(16,32),(11,9):0.000000
(16,32),(5,9):0.464646
(16,32),(5,23):13.079545
(16,32),(18,23):1.268947
(16,32),(18,18):0.000000
(16,32),(28,18):0.000000
(16,32),(28,17):0.000000
(16,32),(30,17):0.000000
(16,32),(30,16):0.000000
(16,32),(27,16):0.000000
(16,32),(27,15):0.000000
(16,32),(25,15):0.000000
(16,32),(25,14):0.000000
(16,32),(31,14):0.000000
(16,32),(31,13):0.000000
(16,32),(32,13):0.000000
(16,32),(32,19):0.000000
(16,32),(34,19):0.000000
(16,32),(34,20):0.000000
(16,32),(22,20):0.000000
(16,32),(22,21):0.000000
(16,32),(36,21):0.000000
(16,32),(36,22):0.000000
(16,32),(33,22):0.389164
(16,32),(33,24):1.018016
(16,32),(9,24):3.381579
(16,32),(9,26):27.607143
(16,32),(35,26):9.114145
(16,32),(35,27):8.769318
(16,32),(38,27):4.114568
(16,32),(38,28):8.371308
(10,32),(10,31):11.000000
(10,32),(12,31):19.250000
(10,32),(12,29):11.250000
(10,32),(7,29):0.000000
(10,32),(7,25):4.363461
(10,32),(4,25):0.000000
(10,32),(4,12):0.000000
(10,32),(3,12):0.000000
(10,32),(3,11):0.000000
(10,32),(2,11):0.000000
(10,32),(2,7):0.000000
(10,32),(23,7):0.000000
(10,32),(23,6):0.000000
(10,32),(1,6):0.000000
(10,32),(1,4):0.000000
(10,32),(19,4):0.000000
(10,32),(19,3):0.000000
(10,32),(14,3):0.000000
(10,32),(14,2):0.000000
(10,32),(6,2):0.000000
(10,32),(6,1):0.000000
(10,32),(37,1):0.000000
(10,32),(37,5):0.000000
(10,32),(24,5):0.000000
(10,32),(24,8):0.000000
(10,32),(17,8):0.000000
(10,32),(17,10):0.000000
(10,32),(11,10):0.000000
(10,32),(11,9):0.000000
(10,32),(5,9):0.000000
(10,32),(5,23):2.573684
(10,32),(18,23):0.000000
(10,32),(18,18):0.000000
(10,32),(28,18):0.000000
(10,32),(28,17):0.000000
(10,32),(30,17):0.000000
(10,32),(30,16):0.000000
(10,32),(27,16):0.000000
(10,32),(27,15):0.000000
(10,32),(25,15):0.000000
(10,32),(25,14):0.000000
(10,32),(31,14):0.000000
(10,32),(31,13):0.000000
(10,32),(32,13):0.000000
(10,32),(32,19):0.000000
(10,32),(34,19):0.000000
(10,32),(34,20):0.000000
(10,32),(22,20):0.000000
(10,32),(22,21):0.000000
(10,32),(36,21):0.000000
(10,32),(36,22):0.000000
(10,32),(33,22):0.000000
(10,32),(33,24):0.000000
(10,32),(9,24):0.000000
(10,32),(9,26):5.083333
(10,32),(35,26):0.000000
(10,32),(35,27):0.000000
(10,32),(38,27):0.000000
(10,32),(38,28):0.000000
(10,31),(12,31):13.083333
(10,31),(12,29):9.583333
(10,31),(7,29):0.000000
(10,31),(7,25):2.825000
(10,31),(4,25):0.000000
(10,31),(4,12):0.000000
(10,31),(3,12):0.000000
(10,31),(3,11):0.000000
(10,31),(2,11):0.000000
(10,31),(2,7):0.000000
(10,31),(23,7):0.000000
(10,31),(23,6):0.000000
(10,31),(1,6):0.000000
(10,31),(1,4):0.000000
(10,31),(19,4):0.000000
(10,31),(19,3):0.000000
(10,31),(14,3):0.000000
(10,31),(14,2):0.000000
(10,31),(6,2):0.000000
(10,31),(6,1):0.000000
(10,31),(37,1):0.000000
(10,31),(37,5):0.000000
(10,31),(24,5):0.000000
(10,31),(24,8):0.000000
(10,31),(17,8):0.000000
(10,31),(17,10):0.000000
(10,31),(11,10):0.000000
(10,31),(11,9):0.000000
(10,31),(5,9):0.000000
(10,31),(5,23):1.523810
(10,31),(18,23):0.000000
(10,31),(18,18):0.000000
(10,31),(28,18):0.000000
(10,31),(28,17):0.000000
(10,31),(30,17):0.000000
(10,31),(30,16):0.000000
(10,31),(27,16):0.000000
(10,31),(27,15):0.000000
(10,31),(25,15):0.000000
(10,31),(25,14):0.000000
(10,31),(31,14):0.000000
(10,31),(31,13):0.000000
(10,31),(32,13):0.000000
(10,31),(32,19):0.000000
(10,31),(34,19):0.000000
(10,31),(34,20):0.000000
(10,31),(22,20):0.000000
(10,31),(22,21):0.000000
(10,31),(36,21):0.000000
(10,31),(36,22):0.000000
(10,31),(33,22):0.000000
(10,31),(33,24):0.000000
(10,31),(9,24):0.000000
(10,31),(9,26):3.194444
(10,31),(35,26):0.000000
(10,31),(35,27):0.000000
(10,31),(38,27):0.000000
(10,31),(38,28):0.000000
(12,31),(12,29):29.285715
(12,31),(7,29):11.000000
(12,31),(7,25):9.833333
(12,31),(4,25):0.000000
(12,31),(4,12):0.000000
(12,31),(3,12):0.000000
(12,31),(3,11):0.000000
(12,31),(2,11):0.000000
(12,31),(2,7):0.000000
(12,31),(23,7):0.000000
(12,31),(23,6):0.000000
(12,31),(1,6):0.000000
(12,31),(1,4):0.000000
(12,31),(19,4):0.000000
(12,31),(19,3):0.000000
(12,31),(14,3):0.000000
(12,31),(14,2):0.000000
(12,31),(6,2):0.000000
(12,31),(6,1):0.000000
(12,31),(37,1):0.000000
(12,31),(37,5):0.000000
(12,31),(24,5):0.000000
(12,31),(24,8):0.000000
(12,31),(17,8):0.000000
(12,31),(17,10):0.000000
(12,31),(11,10):0.000000
(12,31),(11,9):0.000000
(12,31),(5,9):0.000000
(12,31),(5,23):4.312500
(12,31),(18,23):0.000000
(12,31),(18,18):0.000000
(12,31),(28,18):0.000000
(12,31),(28,17):0.000000
(12,31),(30,17):0.000000
(12,31),(30,16):0.000000
(12,31),(27,16):0.000000
(12,31),(27,15):0.000000
(12,31),(25,15):0.000000
(12,31),(25,14):0.000000
(12,31),(31,14):0.000000
(12,31),(31,13):0.000000
(12,31),(32,13):0.000000
(12,31),(32,19):0.000000
(12,31),(34,19):0.000000
(12,31),(34,20):0.000000
(12,31),(22,20):0.000000
(12,31),(22,21):0.000000
(12,31),(36,21):0.000000
(12,31),(36,22):0.000000
(12,31),(33,22):0.000000
(12,31),(33,24):0.000000
(12,31),(9,24):0.000000
(12,31),(9,26):19.299999
(12,31),(35,26):8.450000
(12,31),(35,27):8.225000
(12,31),(38,27):3.695652
(12,31),(38,28):8.000000
(12,29),(7,29):32.000000
(12,29),(7,25):31.503571
(12,29),(4,25):2.828571
(12,29),(4,12):0.436415
(12,29),(3,12):0.000000
(12,29),(3,11):0.000000
(12,29),(2,11):0.000000
(12,29),(2,7):0.000000
(12,29),(23,7):0.000000
(12,29),(23,6):0.000000
(12,29),(1,6):0.000000
(12,29),(1,4):0.000000
(12,29),(19,4):0.000000
(12,29),(19,3):0.000000
(12,29),(14,3):0.000000
(12,29),(14,2):0.000000
(12,29),(6,2):0.000000
(12,29),(6,1):0.000000
(12,29),(37,1):0.000000
(12,29),(37,5):0.000000
(12,29),(24,5):0.000000
(12,29),(24,8):0.000000
(12,29),(17,8):0.000000
(12,29),(17,10):0.000000
(12,29),(11,10):0.000000
(12,29),(11,9):0.000000
(12,29),(5,9):0.428571
(12,29),(5,23):14.703571
(12,29),(18,23):1.690244
(12,29),(18,18):0.000000
(12,29),(28,18):0.000000
(12,29),(28,17):0.000000
(12,29),(30,17):0.000000
(12,29),(30,16):0.000000
(12,29),(27,16):0.000000
(12,29),(27,15):0.000000
(12,29),(25,15):0.000000
(12,29),(25,14):0.000000
(12,29),(31,14):0.000000
(12,29),(31,13):0.000000
(12,29),(32,13):0.000000
(12,29),(32,19):0.000000
(12,29),(34,19):0.000000
(12,29),(34,20):0.000000
(12,29),(22,20):0.000000
(12,29),(22,21):0.000000
(12,29),(36,21):0.000000
(12,29),(36,22):0.000000
(12,29),(33,22):0.512046
(12,29),(33,24):1.379673
(12,29),(9,24):10.045455
(12,29),(9,26):46.775002
(12,29),(35,26):25.200001
(12,29),(35,27):23.676924
(12,29),(38,27):10.891304
(12,29),(38,28):22.137932
(7,29),(7,25):21.200001
(7,29),(4,25):4.200000
(7,29),(4,12):0.000000
(7,29),(3,12):0.000000
(7,29),(3,11):0.000000
(7,29),(2,11):0.000000
(7,29),(2,7):0.000000
(7,29),(23,7):0.000000
(7,29),(23,6):0.000000
(7,29),(1,6):0.000000
(7,29),(1,4):0.000000
(7,29),(19,4):0.000000
(7,29),(19,3):0.000000
(7,29),(14,3):0.000000
(7,29),(14,2):0.000000
(7,29),(6,2):0.000000
(7,29),(6,1):0.000000
(7,29),(37,1):0.000000
(7,29),(37,5):0.000000
(7,29),(24,5):0.000000
(7,29),(24,8):0.000000
(7,29),(17,8):0.000000
(7,29),(17,10):0.000000
(7,29),(11,10):0.000000
(7,29),(11,9):0.000000
(7,29),(5,9):0.000000
(7,29),(5,23):10.200000
(7,29),(18,23):2.422222
(7,29),(18,18):0.000000
(7,29),(28,18):0.000000
(7,29),(28,17):0.000000
(7,29),(30,17):0.000000
(7,29),(30,16):0.000000
(7,29),(27,16):0.000000
(7,29),(27,15):0.000000
(7,29),(25,15):0.000000
(7,29),(25,14):0.000000
(7,29),(31,14):0.000000
(7,29),(31,13):0.000000
(7,29),(32,13):0.000000
(7,29),(32,19):0.000000
(7,29),(34,19):0.000000
(7,29),(34,20):0.000000
(7,29),(22,20):0.000000
(7,29),(22,21):0.000000
(7,29),(36,21):0.000000
(7,29),(36,22):0.000000
(7,29),(33,22):0.866210
(7,29),(33,24):2.200000
(7,29),(9,24):12.200000
(7,29),(9,26):46.000000
(7,29),(35,26):35.200001
(7,29),(35,27):33.676922
(7,29),(38,27):13.391304
(7,29),(38,28):32.137932
(7,25),(4,25):11.500000
(7,25),(4,12):2.681818
(7,25),(3,12):0.000000
(7,25),(3,11):0.000000
(7,25),(2,11):0.000000
(7,25),(2,7):0.000000
(7,25),(23,7):0.000000
(7,25),(23,6):0.000000
(7,25),(1,6):0.000000
(7,25),(1,4):0.000000
(7,25),(19,4):0.000000
(7,25),(19,3):0.000000
(7,25),(14,3):0.000000
(7,25),(14,2):0.000000
(7,25),(6,2):0.000000
(7,25),(6,1):0.000000
(7,25),(37,1):0.000000
(7,25),(37,5):0.000000
(7,25),(24,5):0.000000
(7,25),(24,8):0.000000
(7,25),(17,8):0.000000
(7,25),(17,10):0.000000
(7,25),(11,10):0.000000
(7,25),(11,9):0.000000
(7,25),(5,9):2.500000
(7,25),(5,23):23.722221
(7,25),(18,23):7.388889
(7,25),(18,18):0.000000
(7,25),(28,18):0.000000
(7,25),(28,17):0.000000
(7,25),(30,17):0.000000
(7,25),(30,16):0.000000
(7,25),(27,16):0.000000
(7,25),(27,15):0.000000
(7,25),(25,15):0.000000
(7,25),(25,14):0.000000
(7,25),(31,14):0.000000
(7,25),(31,13):0.000000
(7,25),(32,13):0.000000
(7,25),(32,19):0.000000
(7,25),(34,19):0.000000
(7,25),(34,20):0.000000
(7,25),(22,20):0.000000
(7,25),(22,21):0.000000
(7,25),(36,21):0.000000
(7,25),(36,22):0.000000
(7,25),(33,22):2.392949
(7,25),(33,24):6.017857
(7,25),(9,24):19.125000
(7,25),(9,26):36.722221
(7,25),(35,26):11.033334
(7,25),(35,27):9.586014
(7,25),(38,27):6.311305
(7,25),(38,28):8.137931
(4,25),(4,12):18.306818
(4,25),(3,12):5.125000
(4,25),(3,11):5.625000
(4,25),(2,11):4.125000
(4,25),(2,7):6.375000
(4,25),(23,7):2.180556
(4,25),(23,6):0.000000
(4,25),(1,6):0.000000
(4,25),(1,4):0.000000
(4,25),(19,4):0.000000
(4,25),(19,3):0.000000
(4,25),(14,3):0.000000
(4,25),(14,2):0.000000
(4,25),(6,2):0.000000
(4,25),(6,1):0.000000
(4,25),(37,1):0.000000
(4,25),(37,5):0.000000
(4,25),(24,5):0.000000
(4,25),(24,8):1.093750
(4,25),(17,8):2.166667
(4,25),(17,10):1.010739
(4,25),(11,10):0.000000
(4,25),(11,9):2.125000
(4,25),(5,9):18.125000
(4,25),(5,23):28.500000
(4,25),(18,23):8.888889
(4,25),(18,18):0.000000
(4,25),(28,18):0.000000
(4,25),(28,17):0.000000
(4,25),(30,17):0.000000
(4,25),(30,16):0.000000
(4,25),(27,16):0.000000
(4,25),(27,15):0.000000
(4,25),(25,15):0.000000
(4,25),(25,14):0.000000
(4,25),(31,14):0.000000
(4,25),(31,13):0.000000
(4,25),(32,13):0.000000
(4,25),(32,19):0.000000
(4,25),(34,19):0.000000
(4,25),(34,20):0.000000
(4,25),(22,20):0.000000
(4,25),(22,21):0.000000
(4,25),(36,21):0.000000
(4,25),(36,22):0.000000
(4,25),(33,22):2.808333
(4,25),(33,24):7.517857
(4,25),(9,24):12.625000
(4,25),(9,26):8.125000
(4,25),(35,26):0.000000
(4,25),(35,27):0.000000
(4,25),(38,27):0.000000
(4,25),(38,28):0.000000
(4,12),(3,12):10.666667
(4,12),(3,11):14.666667
(4,12),(2,11):12.166667
(4,12),(2,7):15.291667
(4,12),(23,7):7.166667
(4,12),(23,6):0.000000
(4,12),(1,6):0.000000
(4,12),(1,4):0.000000
(4,12),(19,4):0.000000
(4,12),(19,3):0.000000
(4,12),(14,3):0.000000
(4,12),(14,2):0.000000
(4,12),(6,2):0.000000
(4,12),(6,1):0.000000
(4,12),(37,1):0.000000
(4,12),(37,5):0.000000
(4,12),(24,5):0.000000
(4,12),(24,8):3.500000
(4,12),(17,8):7.041667
(4,12),(17,10):2.758772
(4,12),(11,10):0.000000
(4,12),(11,9):6.666667
(4,12),(5,9):27.166666
(4,12),(5,23):19.318182
(4,12),(18,23):1.593889
(4,12),(18,18):0.000000
(4,12),(28,18):0.000000
(4,12),(28,17):0.000000
(4,12),(30,17):0.000000
(4,12),(30,16):0.000000
(4,12),(27,16):0.000000
(4,12),(27,15):0.000000
(4,12),(25,15):0.000000
(4,12),(25,14):0.000000
(4,12),(31,14):0.000000
(4,12),(31,13):0.000000
(4,12),(32,13):0.000000
(4,12),(32,19):0.000000
(4,12),(34,19):0.000000
(4,12),(34,20):0.000000
(4,12),(22,20):0.000000
(4,12),(22,21):0.000000
(4,12),(36,21):0.000000
(4,12),(36,22):0.000000
(4,12),(33,22):0.521265
(4,12),(33,24):1.063312
(4,12),(9,24):2.306818
(4,12),(9,26):1.172619
(4,12),(35,26):0.000000
(4,12),(35,27):0.000000
(4,12),(38,27):0.000000
(4,12),(38,28):0.000000
(3,12),(3,11):11.333333
(3,12),(2,11):9.333333
(3,12),(2,7):11.208333
(3,12),(23,7):5.555555
(3,12),(23,6):0.000000
(3,12),(1,6):0.000000
(3,12),(1,4):0.000000
(3,12),(19,4):0.000000
(3,12),(19,3):0.000000
(3,12),(14,3):0.000000
(3,12),(14,2):0.000000
(3,12),(6,2):0.000000
(3,12),(6,1):0.000000
(3,12),(37,1):0.000000
(3,12),(37,5):0.000000
(3,12),(24,5):0.000000
(3,12),(24,8):3.000000
(3,12),(17,8):5.500000
(3,12),(17,10):2.700000
(3,12),(11,10):0.000000
(3,12),(11,9):5.333333
(3,12),(5,9):11.333333
(3,12),(5,23):6.136364
(3,12),(18,23):0.000000
(3,12),(18,18):0.000000
(3,12),(28,18):0.000000
(3,12),(28,17):0.000000
(3,12),(30,17):0.000000
(3,12),(30,16):0.000000
(3,12),(27,16):0.000000
(3,12),(27,15):0.000000
(3,12),(25,15):0.000000
(3,12),(25,14):0.000000
(3,12),(31,14):0.000000
(3,12),(31,13):0.000000
(3,12),(32,13):0.000000
(3,12),(32,19):0.000000
(3,12),(34,19):0.000000
(3,12),(34,20):0.000000
(3,12),(22,20):0.000000
(3,12),(22,21):0.000000
(3,12),(36,21):0.000000
(3,12),(36,22):0.000000
(3,12),(33,22):0.000000
(3,12),(33,24):0.000000
(3,12),(9,24):0.000000
(3,12),(9,26):0.000000
(3,12),(35,26):0.000000
(3,12),(35,27):0.000000
(3,12),(38,27):0.000000
(3,12),(38,28):0.000000
(3,11),(2,11):14.000000
(3,11),(2,7):16.375000
(3,11),(23,7):8.500000
(3,11),(23,6):0.000000
(3,11),(1,6):0.000000
(3,11),(1,4):0.000000
(3,11),(19,4):0.000000
(3,11),(19,3):0.000000
(3,11),(14,3):0.000000
(3,11),(14,2):0.000000
(3,11),(6,2):0.000000
(3,11),(6,1):0.000000
(3,11),(37,1):0.000000
(3,11),(37,5):0.000000
(3,11),(24,5):0.000000
(3,11),(24,8):4.500000
(3,11),(17,8):8.375000
(3,11),(17,10):3.821429
(3,11),(11,10):0.000000
(3,11),(11,9):8.000000
(3,11),(5,9):16.500000
(3,11),(5,23):6.636364
(3,11),(18,23):0.000000
(3,11),(18,18):0.000000
(3,11),(28,18):0.000000
(3,11),(28,17):0.000000
(3,11),(30,17):0.000000
(3,11),(30,16):0.000000
(3,11),(27,16):0.000000
(3,11),(27,15):0.000000
(3,11),(25,15):0.000000
(3,11),(25,14):0.000000
(3,11),(31,14):0.000000
(3,11),(31,13):0.000000
(3,11),(32,13):0.000000
(3,11),(32,19):0.000000
(3,11),(34,19):0.000000
(3,11),(34,20):0.000000
(3,11),(22,20):0.000000
(3,11),(22,21):0.000000
(3,11),(36,21):0.000000
(3,11),(36,22):0.000000
(3,11),(33,22):0.000000
(3,11),(33,24):0.000000
(3,11),(9,24):0.000000
(3,11),(9,26):0.000000
(3,11),(35,26):0.000000
(3,11),(35,27):0.000000
(3,11),(38,27):0.000000
(3,11),(38,28):0.000000
(2,11),(2,7):15.000000
(2,11),(23,7):9.500000
(2,11),(23,6):0.000000
(2,11),(1,6):0.000000
(2,11),(1,4):0.000000
(2,11),(19,4):0.000000
(2,11),(19,3):0.000000
(2,11),(14,3):0.000000
(2,11),(14,2):0.000000
(2,11),(6,2):0.000000
(2,11),(6,1):0.000000
(2,11),(37,1):0.000000
(2,11),(37,5):0.000000
(2,11),(24,5):0.000000
(2,11),(24,8):5.250000
(2,11),(17,8):9.375000
(2,11),(17,10):4.650000
(2,11),(11,10):0.000000
(2,11),(11,9):9.000000
(2,11),(5,9):15.000000
(2,11),(5,23):5.090909
(2,11),(18,23):0.000000
(2,11),(18,18):0.000000
(2,11),(28,18):0.000000
(2,11),(28,17):0.000000
(2,11),(30,17):0.000000
(2,11),(30,16):0.000000
(2,11),(27,16):0.000000
(2,11),(27,15):0.000000
(2,11),(25,15):0.000000
(2,11),(25,14):0.000000
(2,11),(31,14):0.000000
(2,11),(31,13):0.000000
(2,11),(32,13):0.000000
(2,11),(32,19):0.000000
(2,11),(34,19):0.000000
(2,11),(34,20):0.000000
(2,11),(22,20):0.000000
(2,11),(22,21):0.000000
(2,11),(36,21):0.000000
(2,11),(36,22):0.000000
(2,11),(33,22):0.000000
(2,11),(33,24):0.000000
(2,11),(9,24):0.000000
(2,11),(9,26):0.000000
(2,11),(35,26):0.000000
(2,11),(35,27):0.000000
(2,11),(38,27):0.000000
(2,11),(38,28):0.000000
(2,7),(23,7):34.500000
(2,7),(23,6):1.000000
(2,7),(1,6):0.000000
(2,7),(1,4):0.000000
(2,7),(19,4):0.000000
(2,7),(19,3):0.000000
(2,7),(14,3):0.000000
(2,7),(14,2):0.000000
(2,7),(6,2):0.000000
(2,7),(6,1):0.000000
(2,7),(37,1):0.000000
(2,7),(37,5):0.000000
(2,7),(24,5):1.250000
(2,7),(24,8):22.000000
(2,7),(17,8):41.125000
(2,7),(17,10):27.000000
(2,7),(11,10):17.250000
(2,7),(11,9):36.750000
(2,7),(5,9):44.083332
(2,7),(5,23):7.386364
(2,7),(18,23):0.000000
(2,7),(18,18):0.000000
(2,7),(28,18):0.000000
(2,7),(28,17):0.000000
(2,7),(30,17):0.000000
(2,7),(30,16):0.000000
(2,7),(27,16):0.000000
(2,7),(27,15):0.000000
(2,7),(25,15):0.000000
(2,7),(25,14):0.000000
(2,7),(31,14):0.000000
(2,7),(31,13):0.000000
(2,7),(32,13):0.000000
(2,7),(32,19):0.000000
(2,7),(34,19):0.000000
(2,7),(34,20):0.000000
(2,7),(22,20):0.000000
(2,7),(22,21):0.000000
(2,7),(36,21):0.000000
(2,7),(36,22):0.000000
(2,7),(33,22):0.000000
(2,7),(33,24):0.000000
(2,7),(9,24):0.000000
(2,7),(9,26):0.000000
(2,7),(35,26):0.000000
(2,7),(35,27):0.000000
(2,7),(38,27):0.000000
(2,7),(38,28):0.000000
(23,7),(23,6):11.000000
(23,7),(1,6):3.140523
(23,7),(1,4):2.295455
(23,7),(19,4):9.250000
(23,7),(19,3):9.375000
(23,7),(14,3):5.000000
(23,7),(14,2):6.672727
(23,7),(6,2):2.750000
(23,7),(6,1):5.466912
(23,7),(37,1):8.153846
(23,7),(37,5):8.000000
(23,7),(24,5):11.250000
(23,7),(24,8):28.000000
(23,7),(17,8):34.458332
(23,7),(17,10):20.250000
(23,7),(11,10):10.500000
(23,7),(11,9):30.000000
(23,7),(5,9):32.513889
(23,7),(5,23):2.816364
(23,7),(18,23):0.000000
(23,7),(18,18):0.000000
(23,7),(28,18):0.000000
(23,7),(28,17):0.000000
(23,7),(30,17):0.000000
(23,7),(30,16):0.000000
(23,7),(27,16):0.000000
(23,7),(27,15):0.000000
(23,7),(25,15):0.000000
(23,7),(25,14):0.000000
(23,7),(31,14):0.000000
(23,7),(31,13):0.000000
(23,7),(32,13):0.000000
(23,7),(32,19):0.000000
(23,7),(34,19):0.000000
(23,7),(34,20):0.000000
(23,7),(22,20):0.000000
(23,7),(22,21):0.000000
(23,7),(36,21):0.000000
(23,7),(36,22):0.000000
(23,7),(33,22):0.000000
(23,7),(33,24):0.000000
(23,7),(9,24):0.000000
(23,7),(9,26):0.000000
(23,7),(35,26):0.000000
(23,7),(35,27):0.000000
(23,7),(38,27):0.000000
(23,7),(38,28):0.000000
(23,6),(1,6):48.750000
(23,6),(1,4):46.545456
(23,6),(19,4):69.250000
(23,6),(19,3):36.041668
(23,6),(14,3):18.666666
(23,6),(14,2):22.750000
(23,6),(6,2):10.500000
(23,6),(6,1):18.880556
(23,6),(37,1):46.041668
(23,6),(37,5):48.666668
(23,6),(24,5):73.666664
(23,6),(24,8):13.250000
(23,6),(17,8):1.083333
(23,6),(17,10):0.000000
(23,6),(11,10):0.000000
(23,6),(11,9):0.000000
(23,6),(5,9):0.513889
(23,6),(5,23):0.000000
(23,6),(18,23):0.000000
(23,6),(18,18):0.000000
(23,6),(28,18):0.000000
(23,6),(28,17):0.000000
(23,6),(30,17):0.000000
(23,6),(30,16):0.000000
(23,6),(27,16):0.000000
(23,6),(27,15):0.000000
(23,6),(25,15):0.000000
(23,6),(25,14):0.000000
(23,6),(31,14):0.000000
(23,6),(31,13):0.000000
(23,6),(32,13):0.000000
(23,6),(32,19):0.000000
(23,6),(34,19):0.000000
(23,6),(34,20):0.000000
(23,6),(22,20):0.000000
(23,6),(22,21):0.000000
(23,6),(36,21):0.000000
(23,6),(36,22):0.000000
(23,6),(33,22):0.000000
(23,6),(33,24):0.000000
(23,6),(9,24):0.000000
(23,6),(9,26):0.000000
(23,6),(35,26):0.000000
(23,6),(35,27):0.000000
(23,6),(38,27):0.000000
(23,6),(38,28):0.000000
(1,6),(1,4):55.326088
(1,6),(19,4):73.326088
(1,6),(19,3):37.326088
(1,6),(14,3):4.500000
(1,6),(14,2):24.379658
(1,6),(6,2):0.000000
(1,6),(6,1):16.928555
(1,6),(37,1):47.701088
(1,6),(37,5):50.326088
(1,6),(24,5):73.326088
(1,6),(24,8):3.915205
(1,6),(17,8):0.000000
(1,6),(17,10):0.000000
(1,6),(11,10):0.000000
(1,6),(11,9):0.000000
(1,6),(5,9):0.000000
(1,6),(5,23):0.000000
(1,6),(18,23):0.000000
(1,6),(18,18):0.000000
(1,6),(28,18):0.000000
(1,6),(28,17):0.000000
(1,6),(30,17):0.000000
(1,6),(30,16):0.000000
(1,6),(27,16):0.000000
(1,6),(27,15):0.000000
(1,6),(25,15):0.000000
(1,6),(25,14):0.000000
(1,6),(31,14):0.000000
(1,6),(31,13):0.000000
(1,6),(32,13):0.000000
(1,6),(32,19):0.000000
(1,6),(34,19):0.000000
(1,6),(34,20):0.000000
(1,6),(22,20):0.000000
(1,6),(22,21):0.000000
(1,6),(36,21):0.000000
(1,6),(36,22):0.000000
(1,6),(33,22):0.000000
(1,6),(33,24):0.000000
(1,6),(9,24):0.000000
(1,6),(9,26):0.000000
(1,6),(35,26):0.000000
(1,6),(35,27):0.000000
(1,6),(38,27):0.000000
(1,6),(38,28):0.000000
(1,4),(19,4):59.045456
(1,4),(19,3):23.045454
(1,4),(14,3):0.000000
(1,4),(14,2):10.500000
(1,4),(6,2):0.000000
(1,4),(6,1):3.062500
(1,4),(37,1):33.375000
(1,4),(37,5):36.000000
(1,4),(24,5):59.045456
(1,4),(24,8):3.045455
(1,4),(17,8):0.000000
(1,4),(17,10):0.000000
(1,4),(11,10):0.000000
(1,4),(11,9):0.000000
(1,4),(5,9):0.000000
(1,4),(5,23):0.000000
(1,4),(18,23):0.000000
(1,4),(18,18):0.000000
(1,4),(28,18):0.000000
(1,4),(28,17):0.000000
(1,4),(30,17):0.000000
(1,4),(30,16):0.000000
(1,4),(27,16):0.000000
(1,4),(27,15):0.000000
(1,4),(25,15):0.000000
(1,4),(25,14):0.000000
(1,4),(31,14):0.000000
(1,4),(31,13):0.000000
(1,4),(32,13):0.000000
(1,4),(32,19):0.000000
(1,4),(34,19):0.000000
(1,4),(34,20):0.000000
(1,4),(22,20):0.000000
(1,4),(22,21):0.000000
(1,4),(36,21):0.000000
(1,4),(36,22):0.000000
(1,4),(33,22):0.000000
(1,4),(33,24):0.000000
(1,4),(9,24):0.000000
(1,4),(9,26):0.000000
(1,4),(35,26):0.000000
(1,4),(35,27):0.000000
(1,4),(38,27):0.000000
(1,4),(38,28):0.000000
(19,4),(19,3):77.250000
(19,4),(14,3):36.000000
(19,4),(14,2):62.000000
(19,4),(6,2):18.000000
(19,4),(6,1):49.500000
(19,4),(37,1):87.375000
(19,4),(37,5):90.000000
(19,4),(24,5):113.250000
(19,4),(24,8):11.500000
(19,4),(17,8):0.000000
(19,4),(17,10):0.000000
(19,4),(11,10):0.000000
(19,4),(11,9):0.000000
(19,4),(5,9):0.000000
(19,4),(5,23):0.000000
(19,4),(18,23):0.000000
(19,4),(18,18):0.000000
(19,4),(28,18):0.000000
(19,4),(28,17):0.000000
(19,4),(30,17):0.000000
(19,4),(30,16):0.000000
(19,4),(27,16):0.000000
(19,4),(27,15):0.000000
(19,4),(25,15):0.000000
(19,4),(25,14):0.000000
(19,4),(31,14):0.000000
(19,4),(31,13):0.000000
(19,4),(32,13):0.000000
(19,4),(32,19):0.000000
(19,4),(34,19):0.000000
(19,4),(34,20):0.000000
(19,4),(22,20):0.000000
(19,4),(22,21):0.000000
(19,4),(36,21):0.000000
(19,4),(36,22):0.000000
(19,4),(33,22):0.000000
(19,4),(33,24):0.000000
(19,4),(9,24):0.000000
(19,4),(9,26):0.000000
(19,4),(35,26):0.000000
(19,4),(35,27):0.000000
(19,4),(38,27):0.000000
(19,4),(38,28):0.000000
(19,3),(14,3):46.000000
(19,3),(14,2):74.500000
(19,3),(6,2):25.500000
(19,3),(6,1):58.562500
(19,3),(37,1):87.875000
(19,3),(37,5):83.111115
(19,3),(24,5):82.375000
(19,3),(24,8):11.625000
(19,3),(17,8):0.000000
(19,3),(17,10):0.000000
(19,3),(11,10):0.000000
(19,3),(11,9):0.000000
(19,3),(5,9):0.000000
(19,3),(5,23):0.000000
(19,3),(18,23):0.000000
(19,3),(18,18):0.000000
(19,3),(28,18):0.000000
(19,3),(28,17):0.000000
(19,3),(30,17):0.000000
(19,3),(30,16):0.000000
(19,3),(27,16):0.000000
(19,3),(27,15):0.000000
(19,3),(25,15):0.000000
(19,3),(25,14):0.000000
(19,3),(31,14):0.000000
(19,3),(31,13):0.000000
(19,3),(32,13):0.000000
(19,3),(32,19):0.000000
(19,3),(34,19):0.000000
(19,3),(34,20):0.000000
(19,3),(22,20):0.000000
(19,3),(22,21):0.000000
(19,3),(36,21):0.000000
(19,3),(36,22):0.000000
(19,3),(33,22):0.000000
(19,3),(33,24):0.000000
(19,3),(9,24):0.000000
(19,3),(9,26):0.000000
(19,3),(35,26):0.000000
(19,3),(35,27):0.000000
(19,3),(38,27):0.000000
(19,3),(38,28):0.000000
(14,3),(14,2):46.000000
(14,3),(6,2):23.000000
(14,3),(6,1):42.000000
(14,3),(37,1):46.000000
(14,3),(37,5):44.611111
(14,3),(24,5):41.000000
(14,3),(24,8):6.000000
(14,3),(17,8):0.000000
(14,3),(17,10):0.000000
(14,3),(11,10):0.000000
(14,3),(11,9):0.000000
(14,3),(5,9):0.000000
(14,3),(5,23):0.000000
(14,3),(18,23):0.000000
(14,3),(18,18):0.000000
(14,3),(28,18):0.000000
(14,3),(28,17):0.000000
(14,3),(30,17):0.000000
(14,3),(30,16):0.000000
(14,3),(27,16):0.000000
(14,3),(27,15):0.000000
(14,3),(25,15):0.000000
(14,3),(25,14):0.000000
(14,3),(31,14):0.000000
(14,3),(31,13):0.000000
(14,3),(32,13):0.000000
(14,3),(32,19):0.000000
(14,3),(34,19):0.000000
(14,3),(34,20):0.000000
(14,3),(22,20):0.000000
(14,3),(22,21):0.000000
(14,3),(36,21):0.000000
(14,3),(36,22):0.000000
(14,3),(33,22):0.000000
(14,3),(33,24):0.000000
(14,3),(9,24):0.000000
(14,3),(9,26):0.000000
(14,3),(35,26):0.000000
(14,3),(35,27):0.000000
(14,3),(38,27):0.000000
(14,3),(38,28):0.000000
(14,2),(6,2):31.000000
(14,2),(6,1):64.062500
(14,2),(37,1):80.000000
(14,2),(37,5):74.444443
(14,2),(24,5):67.000000
(14,2),(24,8):7.805555
(14,2),(17,8):0.000000
(14,2),(17,10):0.000000
(14,2),(11,10):0.000000
(14,2),(11,9):0.000000
(14,2),(5,9):0.000000
(14,2),(5,23):0.000000
(14,2),(18,23):0.000000
(14,2),(18,18):0.000000
(14,2),(28,18):0.000000
(14,2),(28,17):0.000000
(14,2),(30,17):0.000000
(14,2),(30,16):0.000000
(14,2),(27,16):0.000000
(14,2),(27,15):0.000000
(14,2),(25,15):0.000000
(14,2),(25,14):0.000000
(14,2),(31,14):0.000000
(14,2),(31,13):0.000000
(14,2),(32,13):0.000000
(14,2),(32,19):0.000000
(14,2),(34,19):0.000000
(14,2),(34,20):0.000000
(14,2),(22,20):0.000000
(14,2),(22,21):0.000000
(14,2),(36,21):0.000000
(14,2),(36,22):0.000000
(14,2),(33,22):0.000000
(14,2),(33,24):0.000000
(14,2),(9,24):0.000000
(14,2),(9,26):0.000000
(14,2),(35,26):0.000000
(14,2),(35,27):0.000000
(14,2),(38,27):0.000000
(14,2),(38,28):0.000000
(6,2),(6,1):31.000000
(6,2),(37,1):31.000000
(6,2),(37,5):26.833334
(6,2),(24,5):21.750000
(6,2),(24,8):3.250000
(6,2),(17,8):0.000000
(6,2),(17,10):0.000000
(6,2),(11,10):0.000000
(6,2),(11,9):0.000000
(6,2),(5,9):0.000000
(6,2),(5,23):0.000000
(6,2),(18,23):0.000000
(6,2),(18,18):0.000000
(6,2),(28,18):0.000000
(6,2),(28,17):0.000000
(6,2),(30,17):0.000000
(6,2),(30,16):0.000000
(6,2),(27,16):0.000000
(6,2),(27,15):0.000000
(6,2),(25,15):0.000000
(6,2),(25,14):0.000000
(6,2),(31,14):0.000000
(6,2),(31,13):0.000000
(6,2),(32,13):0.000000
(6,2),(32,19):0.000000
(6,2),(34,19):0.000000
(6,2),(34,20):0.000000
(6,2),(22,20):0.000000
(6,2),(22,21):0.000000
(6,2),(36,21):0.000000
(6,2),(36,22):0.000000
(6,2),(33,22):0.000000
(6,2),(33,24):0.000000
(6,2),(9,24):0.000000
(6,2),(9,26):0.000000
(6,2),(35,26):0.000000
(6,2),(35,27):0.000000
(6,2),(38,27):0.000000
(6,2),(38,28):0.000000
(6,1),(37,1):64.062500
(6,1),(37,5):59.895832
(6,1),(24,5):54.244320
(6,1),(24,8):6.233333
(6,1),(17,8):0.000000
(6,1),(17,10):0.000000
(6,1),(11,10):0.000000
(6,1),(11,9):0.000000
(6,1),(5,9):0.000000
(6,1),(5,23):0.000000
(6,1),(18,23):0.000000
(6,1),(18,18):0.000000
(6,1),(28,18):0.000000
(6,1),(28,17):0.000000
(6,1),(30,17):0.000000
(6,1),(30,16):0.000000
(6,1),(27,16):0.000000
(6,1),(27,15):0.000000
(6,1),(25,15):0.000000
(6,1),(25,14):0.000000
(6,1),(31,14):0.000000
(6,1),(31,13):0.000000
(6,1),(32,13):0.000000
(6,1),(32,19):0.000000
(6,1),(34,19):0.000000
(6,1),(34,20):0.000000
(6,1),(22,20):0.000000
(6,1),(22,21):0.000000
(6,1),(36,21):0.000000
(6,1),(36,22):0.000000
(6,1),(33,22):0.000000
(6,1),(33,24):0.000000
(6,1),(9,24):0.000000
(6,1),(9,26):0.000000
(6,1),(35,26):0.000000
(6,1),(35,27):0.000000
(6,1),(38,27):0.000000
(6,1),(38,28):0.000000
(37,1),(37,5):87.444443
(37,1),(24,5):92.375000
(37,1),(24,8):10.300000
(37,1),(17,8):0.000000
(37,1),(17,10):0.000000
(37,1),(11,10):0.000000
(37,1),(11,9):0.000000
(37,1),(5,9):0.000000
(37,1),(5,23):0.000000
(37,1),(18,23):0.000000
(37,1),(18,18):0.000000
(37,1),(28,18):0.000000
(37,1),(28,17):0.000000
(37,1),(30,17):0.000000
(37,1),(30,16):0.000000
(37,1),(27,16):0.000000
(37,1),(27,15):0.000000
(37,1),(25,15):0.000000
(37,1),(25,14):0.000000
(37,1),(31,14):0.000000
(37,1),(31,13):0.000000
(37,1),(32,13):0.000000
(37,1),(32,19):0.000000
(37,1),(34,19):0.000000
(37,1),(34,20):0.000000
(37,1),(22,20):0.000000
(37,1),(22,21):0.000000
(37,1),(36,21):0.000000
(37,1),(36,22):0.000000
(37,1),(33,22):0.000000
(37,1),(33,24):0.000000
(37,1),(9,24):0.000000
(37,1),(9,26):0.000000
(37,1),(35,26):0.000000
(37,1),(35,27):0.000000
(37,1),(38,27):0.000000
(37,1),(38,28):0.000000
(37,5),(24,5):95.000000
(37,5),(24,8):10.000000
(37,5),(17,8):0.000000
(37,5),(17,10):0.000000
(37,5),(11,10):0.000000
(37,5),(11,9):0.000000
(37,5),(5,9):0.000000
(37,5),(5,23):0.000000
(37,5),(18,23):0.000000
(37,5),(18,18):0.000000
(37,5),(28,18):0.000000
(37,5),(28,17):0.000000
(37,5),(30,17):0.000000
(37,5),(30,16):0.000000
(37,5),(27,16):0.000000
(37,5),(27,15):0.000000
(37,5),(25,15):0.000000
(37,5),(25,14):0.000000
(37,5),(31,14):0.000000
(37,5),(31,13):0.000000
(37,5),(32,13):0.000000
(37,5),(32,19):0.000000
(37,5),(34,19):0.000000
(37,5),(34,20):0.000000
(37,5),(22,20):0.000000
(37,5),(22,21):0.000000
(37,5),(36,21):0.000000
(37,5),(36,22):0.000000
(37,5),(33,22):0.000000
(37,5),(33,24):0.000000
(37,5),(9,24):0.000000
(37,5),(9,26):0.000000
(37,5),(35,26):0.000000
(37,5),(35,27):0.000000
(37,5),(38,27):0.000000
(37,5),(38,28):0.000000
(24,5),(24,8):13.500000
(24,5),(17,8):1.333333
(24,5),(17,10):0.000000
(24,5),(11,10):0.000000
(24,5),(11,9):0.000000
(24,5),(5,9):0.579106
(24,5),(5,23):0.000000
(24,5),(18,23):0.000000
(24,5),(18,18):0.000000
(24,5),(28,18):0.000000
(24,5),(28,17):0.000000
(24,5),(30,17):0.000000
(24,5),(30,16):0.000000
(24,5),(27,16):0.000000
(24,5),(27,15):0.000000
(24,5),(25,15):0.000000
(24,5),(25,14):0.000000
(24,5),(31,14):0.000000
(24,5),(31,13):0.000000
(24,5),(32,13):0.000000
(24,5),(32,19):0.000000
(24,5),(34,19):0.000000
(24,5),(34,20):0.000000
(24,5),(22,20):0.000000
(24,5),(22,21):0.000000
(24,5),(36,21):0.000000
(24,5),(36,22):0.000000
(24,5),(33,22):0.000000
(24,5),(33,24):0.000000
(24,5),(9,24):0.000000
(24,5),(9,26):0.000000
(24,5),(35,26):0.000000
(24,5),(35,27):0.000000
(24,5),(38,27):0.000000
(24,5),(38,28):0.000000
(24,8),(17,8):22.083334
(24,8),(17,10):14.250000
(24,8),(11,10):7.500000
(24,8),(11,9):18.000000
(24,8),(5,9):20.013889
(24,8),(5,23):1.409091
(24,8),(18,23):0.000000
(24,8),(18,18):0.000000
(24,8),(28,18):0.000000
(24,8),(28,17):0.000000
(24,8),(30,17):0.000000
(24,8),(30,16):0.000000
(24,8),(27,16):0.000000
(24,8),(27,15):0.000000
(24,8),(25,15):0.000000
(24,8),(25,14):0.000000
(24,8),(31,14):0.000000
(24,8),(31,13):0.000000
(24,8),(32,13):0.000000
(24,8),(32,19):0.000000
(24,8),(34,19):0.000000
(24,8),(34,20):0.000000
(24,8),(22,20):0.000000
(24,8),(22,21):0.000000
(24,8),(36,21):0.000000
(24,8),(36,22):0.000000
(24,8),(33,22):0.000000
(24,8),(33,24):0.000000
(24,8),(9,24):0.000000
(24,8),(9,26):0.000000
(24,8),(35,26):0.000000
(24,8),(35,27):0.000000
(24,8),(38,27):0.000000
(24,8),(38,28):0.000000
(17,8),(17,10):29.250000
(17,8),(11,10):19.500000
(17,8),(11,9):39.000000
(17,8),(5,9):35.388889
(17,8),(5,23):2.794258
(17,8),(18,23):0.000000
(17,8),(18,18):0.000000
(17,8),(28,18):0.000000
(17,8),(28,17):0.000000
(17,8),(30,17):0.000000
(17,8),(30,16):0.000000
(17,8),(27,16):0.000000
(17,8),(27,15):0.000000
(17,8),(25,15):0.000000
(17,8),(25,14):0.000000
(17,8),(31,14):0.000000
(17,8),(31,13):0.000000
(17,8),(32,13):0.000000
(17,8),(32,19):0.000000
(17,8),(34,19):0.000000
(17,8),(34,20):0.000000
(17,8),(22,20):0.000000
(17,8),(22,21):0.000000
(17,8),(36,21):0.000000
(17,8),(36,22):0.000000
(17,8),(33,22):0.000000
(17,8),(33,24):0.000000
(17,8),(9,24):0.000000
(17,8),(9,26):0.000000
(17,8),(35,26):0.000000
(17,8),(35,27):0.000000
(17,8),(38,27):0.000000
(17,8),(38,28):0.000000
(17,10),(11,10):18.000000
(17,10),(11,9):29.250000
(17,10),(5,9):23.250000
(17,10),(5,23):1.251748
(17,10),(18,23):0.000000
(17,10),(18,18):0.000000
(17,10),(28,18):0.000000
(17,10),(28,17):0.000000
(17,10),(30,17):0.000000
(17,10),(30,16):0.000000
(17,10),(27,16):0.000000
(17,10),(27,15):0.000000
(17,10),(25,15):0.000000
(17,10),(25,14):0.000000
(17,10),(31,14):0.000000
(17,10),(31,13):0.000000
(17,10),(32,13):0.000000
(17,10),(32,19):0.000000
(17,10),(34,19):0.000000
(17,10),(34,20):0.000000
(17,10),(22,20):0.000000
(17,10),(22,21):0.000000
(17,10),(36,21):0.000000
(17,10),(36,22):0.000000
(17,10),(33,22):0.000000
(17,10),(33,24):0.000000
(17,10),(9,24):0.000000
(17,10),(9,26):0.000000
(17,10),(35,26):0.000000
(17,10),(35,27):0.000000
(17,10),(38,27):0.000000
(17,10),(38,28):0.000000
(11,10),(11,9):19.500000
(11,10),(5,9):13.500000
(11,10),(5,23):0.000000
(11,10),(18,23):0.000000
(11,10),(18,18):0.000000
(11,10),(28,18):0.000000
(11,10),(28,17):0.000000
(11,10),(30,17):0.000000
(11,10),(30,16):0.000000
(11,10),(27,16):0.000000
(11,10),(27,15):0.000000
(11,10),(25,15):0.000000
(11,10),(25,14):0.000000
(11,10),(31,14):0.000000
(11,10),(31,13):0.000000
(11,10),(32,13):0.000000
(11,10),(32,19):0.000000
(11,10),(34,19):0.000000
(11,10),(34,20):0.000000
(11,10),(22,20):0.000000
(11,10),(22,21):0.000000
(11,10),(36,21):0.000000
(11,10),(36,22):0.000000
(11,10),(33,22):0.000000
(11,10),(33,24):0.000000
(11,10),(9,24):0.000000
(11,10),(9,26):0.000000
(11,10),(35,26):0.000000
(11,10),(35,27):0.000000
(11,10),(38,27):0.000000
(11,10),(38,28):0.000000
(11,9),(5,9):33.000000
(11,9),(5,23):2.727273
(11,9),(18,23):0.000000
(11,9),(18,18):0.000000
(11,9),(28,18):0.000000
(11,9),(28,17):0.000000
(11,9),(30,17):0.000000
(11,9),(30,16):0.000000
(11,9),(27,16):0.000000
(11,9),(27,15):0.000000
(11,9),(25,15):0.000000
(11,9),(25,14):0.000000
(11,9),(31,14):0.000000
(11,9),(31,13):0.000000
(11,9),(32,13):0.000000
(11,9),(32,19):0.000000
(11,9),(34,19):0.000000
(11,9),(34,20):0.000000
(11,9),(22,20):0.000000
(11,9),(22,21):0.000000
(11,9),(36,21):0.000000
(11,9),(36,22):0.000000
(11,9),(33,22):0.000000
(11,9),(33,24):0.000000
(11,9),(9,24):0.000000
(11,9),(9,26):0.000000
(11,9),(35,26):0.000000
(11,9),(35,27):0.000000
(11,9),(38,27):0.000000
(11,9),(38,28):0.000000
(5,9),(5,23):19.136364
(5,9),(18,23):1.500000
(5,9),(18,18):0.000000
(5,9),(28,18):0.000000
(5,9),(28,17):0.000000
(5,9),(30,17):0.000000
(5,9),(30,16):0.000000
(5,9),(27,16):0.000000
(5,9),(27,15):0.000000
(5,9),(25,15):0.000000
(5,9),(25,14):0.000000
(5,9),(31,14):0.000000
(5,9),(31,13):0.000000
(5,9),(32,13):0.000000
(5,9),(32,19):0.000000
(5,9),(34,19):0.000000
(5,9),(34,20):0.000000
(5,9),(22,20):0.000000
(5,9),(22,21):0.000000
(5,9),(36,21):0.000000
(5,9),(36,22):0.000000
(5,9),(33,22):0.475000
(5,9),(33,24):1.017857
(5,9),(9,24):2.125000
(5,9),(9,26):1.125000
(5,9),(35,26):0.000000
(5,9),(35,27):0.000000
(5,9),(38,27):0.000000
(5,9),(38,28):0.000000
(5,23),(18,23):30.388889
(5,23),(18,18):7.333333
(5,23),(28,18):0.000000
(5,23),(28,17):0.000000
(5,23),(30,17):0.000000
(5,23),(30,16):0.000000
(5,23),(27,16):0.000000
(5,23),(27,15):0.000000
(5,23),(25,15):0.000000
(5,23),(25,14):0.000000
(5,23),(31,14):0.000000
(5,23),(31,13):0.000000
(5,23),(32,13):0.000000
(5,23),(32,19):0.000000
(5,23),(34,19):0.000000
(5,23),(34,20):0.000000
(5,23),(22,20):4.666667
(5,23),(22,21):16.000000
(5,23),(36,21):15.000000
(5,23),(36,22):0.000000
(5,23),(33,22):23.508333
(5,23),(33,24):29.017857
(5,23),(9,24):36.125000
(5,23),(9,26):21.045454
(5,23),(35,26):3.312834
(5,23),(35,27):3.021488
(5,23),(38,27):1.792523
(5,23),(38,28):2.703704
(18,23),(18,18):32.666668
(18,23),(28,18):13.333333
(18,23),(28,17):0.000000
(18,23),(30,17):0.000000
(18,23),(30,16):0.000000
(18,23),(27,16):0.000000
(18,23),(27,15):0.000000
(18,23),(25,15):0.000000
(18,23),(25,14):0.000000
(18,23),(31,14):0.000000
(18,23),(31,13):0.000000
(18,23),(32,13):0.000000
(18,23),(32,19):11.466666
(18,23),(34,19):5.333333
(18,23),(34,20):10.666667
(18,23),(22,20):27.333334
(18,23),(22,21):60.700001
(18,23),(36,21):46.200001
(18,23),(36,22):18.271429
(18,23),(33,22):56.935608
(18,23),(33,24):61.181820
(18,23),(9,24):45.013889
(18,23),(9,26):5.477273
(18,23),(35,26):0.000000
(18,23),(35,27):0.000000
(18,23),(38,27):0.000000
(18,23),(38,28):0.000000
(18,18),(28,18):32.166668
(18,18),(28,17):9.000000
(18,18),(30,17):12.500000
(18,18),(30,16):4.333333
(18,18),(27,16):0.000000
(18,18),(27,15):0.000000
(18,18),(25,15):0.000000
(18,18),(25,14):0.000000
(18,18),(31,14):5.433333
(18,18),(31,13):2.083333
(18,18),(32,13):6.000000
(18,18),(32,19):30.657143
(18,18),(34,19):16.523809
(18,18),(34,20):28.857143
(18,18),(22,20):45.857143
(18,18),(22,21):30.000000
(18,18),(36,21):18.000000
(18,18),(36,22):5.238095
(18,18),(33,22):18.727272
(18,18),(33,24):20.181818
(18,18),(9,24):9.483871
(18,18),(9,26):0.000000
(18,18),(35,26):0.000000
(18,18),(35,27):0.000000
(18,18),(38,27):0.000000
(18,18),(38,28):0.000000
(28,18),(28,17):13.000000
(28,18),(30,17):17.500000
(28,18),(30,16):7.333333
(28,18),(27,16):0.000000
(28,18),(27,15):0.266667
(28,18),(25,15):0.000000
(28,18),(25,14):0.355556
(28,18),(31,14):8.600000
(28,18),(31,13):3.833333
(28,18),(32,13):9.250000
(28,18),(32,19):35.299999
(28,18),(34,19):16.166666
(28,18),(34,20):29.500000
(28,18),(22,20):34.833332
(28,18),(22,21):10.666667
(28,18),(36,21):0.166667
(28,18),(36,22):0.473389
(28,18),(33,22):0.572511
(28,18),(33,24):1.673485
(28,18),(9,24):0.000000
(28,18),(9,26):0.000000
(28,18),(35,26):0.000000
(28,18),(35,27):0.000000
(28,18),(38,27):0.000000
(28,18),(38,28):0.000000
(28,17),(30,17):12.500000
(28,17),(30,16):6.333333
(28,17),(27,16):0.000000
(28,17),(27,15):0.000000
(28,17),(25,15):0.000000
(28,17),(25,14):0.000000
(28,17),(31,14):7.600000
(28,17),(31,13):3.083333
(28,17),(32,13):8.250000
(28,17),(32,19):13.000000
(28,17),(34,19):5.000000
(28,17),(34,20):9.000000
(28,17),(22,20):11.500000
(28,17),(22,21):0.000000
(28,17),(36,21):0.000000
(28,17),(36,22):0.000000
(28,17),(33,22):0.000000
(28,17),(33,24):0.000000
(28,17),(9,24):0.000000
(28,17),(9,26):0.000000
(28,17),(35,26):0.000000
(28,17),(35,27):0.000000
(28,17),(38,27):0.000000
(28,17),(38,28):0.000000
(30,17),(30,16):13.083333
(30,17),(27,16):4.250000
(30,17),(27,15):4.791667
(30,17),(25,15):2.083333
(30,17),(25,14):4.800000
(30,17),(31,14):14.433333
(30,17),(31,13):6.916667
(30,17),(32,13):14.583333
(30,17),(32,19):23.333334
(30,17),(34,19):7.500000
(30,17),(34,20):12.500000
(30,17),(22,20):15.166667
(30,17),(22,21):0.000000
(30,17),(36,21):0.000000
(30,17),(36,22):0.000000
(30,17),(33,22):0.000000
(30,17),(33,24):0.000000
(30,17),(9,24):0.000000
(30,17),(9,26):0.000000
(30,17),(35,26):0.000000
(30,17),(35,27):0.000000
(30,17),(38,27):0.000000
(30,17),(38,28):0.000000
(30,16),(27,16):10.250000
(30,16),(27,15):12.125000
(30,16),(25,15):6.416667
(30,16),(25,14):11.133333
(30,16),(31,14):20.183332
(30,16),(31,13):6.833333
(30,16),(32,13):12.750000
(30,16),(32,19):14.416667
(30,16),(34,19):2.333333
(30,16),(34,20):3.333333
(30,16),(22,20):6.333333
(30,16),(22,21):0.000000
(30,16),(36,21):0.000000
(30,16),(36,22):0.000000
(30,16),(33,22):0.000000
(30,16),(33,24):0.000000
(30,16),(9,24):0.000000
(30,16),(9,26):0.000000
(30,16),(35,26):0.000000
(30,16),(35,27):0.000000
(30,16),(38,27):0.000000
(30,16),(38,28):0.000000
(27,16),(27,15):10.125000
(27,16),(25,15):5.083333
(27,16),(25,14):9.000000
(27,16),(31,14):10.250000
(27,16),(31,13):2.250000
(27,16),(32,13):4.250000
(27,16),(32,19):5.583333
(27,16),(34,19):0.000000
(27,16),(34,20):0.000000
(27,16),(22,20):0.000000
(27,16),(22,21):0.000000
(27,16),(36,21):0.000000
(27,16),(36,22):0.000000
(27,16),(33,22):0.000000
(27,16),(33,24):0.000000
(27,16),(9,24):0.000000
(27,16),(9,26):0.000000
(27,16),(35,26):0.000000
(27,16),(35,27):0.000000
(27,16),(38,27):0.000000
(27,16),(38,28):0.000000
(27,15),(25,15):7.083333
(27,15),(25,14):11.666667
(27,15),(31,14):12.791667
(27,15),(31,13):2.625000
(27,15),(32,13):4.791667
(27,15),(32,19):6.125000
(27,15),(34,19):0.000000
(27,15),(34,20):0.000000
(27,15),(22,20):0.000000
(27,15),(22,21):0.000000
(27,15),(36,21):0.000000
(27,15),(36,22):0.000000
(27,15),(33,22):0.000000
(27,15),(33,24):0.000000
(27,15),(9,24):0.000000
(27,15),(9,26):0.000000
(27,15),(35,26):0.000000
(27,15),(35,27):0.000000
(27,15),(38,27):0.000000
(27,15),(38,28):0.000000
(25,15),(25,14):7.000000
(25,15),(31,14):7.083333
(25,15),(31,13):1.083333
(25,15),(32,13):1.583333
(25,15),(32,19):3.083333
(25,15),(34,19):0.000000
(25,15),(34,20):0.000000
(25,15),(22,20):0.000000
(25,15),(22,21):0.000000
(25,15),(36,21):0.000000
(25,15),(36,22):0.000000
(25,15),(33,22):0.000000
(25,15),(33,24):0.000000
(25,15),(9,24):0.000000
(25,15),(9,26):0.000000
(25,15),(35,26):0.000000
(25,15),(35,27):0.000000
(25,15),(38,27):0.000000
(25,15),(38,28):0.000000
(25,14),(31,14):11.800000
(25,14),(31,13):2.600000
(25,14),(32,13):4.800000
(25,14),(32,19):6.133333
(25,14),(34,19):0.000000
(25,14),(34,20):0.000000
(25,14),(22,20):0.012121
(25,14),(22,21):0.000000
(25,14),(36,21):0.000000
(25,14),(36,22):0.000000
(25,14),(33,22):0.000000
(25,14),(33,24):0.000000
(25,14),(9,24):0.000000
(25,14),(9,26):0.000000
(25,14),(35,26):0.000000
(25,14),(35,27):0.000000
(25,14),(38,27):0.000000
(25,14),(38,28):0.000000
(31,14),(31,13):7.083333
(31,14),(32,13):14.500000
(31,14),(32,19):15.933333
(31,14),(34,19):2.933333
(31,14),(34,20):4.457143
(31,14),(22,20):7.579167
(31,14),(22,21):0.000000
(31,14),(36,21):0.000000
(31,14),(36,22):0.000000
(31,14),(33,22):0.000000
(31,14),(33,24):0.000000
(31,14),(9,24):0.000000
(31,14),(9,26):0.000000
(31,14),(35,26):0.000000
(31,14),(35,27):0.000000
(31,14),(38,27):0.000000
(31,14),(38,28):0.000000
(31,13),(32,13):7.000000
(31,13),(32,19):7.083333
(31,13),(34,19):1.083333
(31,13),(34,20):1.333333
(31,13),(22,20):3.250000
(31,13),(22,21):0.000000
(31,13),(36,21):0.000000
(31,13),(36,22):0.000000
(31,13),(33,22):0.000000
(31,13),(33,24):0.000000
(31,13),(9,24):0.000000
(31,13),(9,26):0.000000
(31,13),(35,26):0.000000
(31,13),(35,27):0.000000
(31,13),(38,27):0.000000
(31,13),(38,28):0.000000
(32,13),(32,19):14.950000
(32,13),(34,19):3.250000
(32,13),(34,20):5.050000
(32,13),(22,20):8.216666
(32,13),(22,21):0.000000
(32,13),(36,21):0.000000
(32,13),(36,22):0.000000
(32,13),(33,22):0.000000
(32,13),(33,24):0.000000
(32,13),(9,24):0.000000
(32,13),(9,26):0.000000
(32,13),(35,26):0.000000
(32,13),(35,27):0.000000
(32,13),(38,27):0.000000
(32,13),(38,28):0.000000
(32,19),(34,19):16.666666
(32,19),(34,20):30.000000
(32,19),(22,20):33.466667
(32,19),(22,21):8.800000
(32,19),(36,21):0.000000
(32,19),(36,22):0.000000
(32,19),(33,22):0.000000
(32,19),(33,24):0.323282
(32,19),(9,24):0.000000
(32,19),(9,26):0.000000
(32,19),(35,26):0.000000
(32,19),(35,27):0.000000
(32,19),(38,27):0.000000
(32,19),(38,28):0.000000
(34,19),(34,20):16.000000
(34,19),(22,20):16.666666
(34,19),(22,21):4.666667
(34,19),(36,21):0.000000
(34,19),(36,22):0.000000
(34,19),(33,22):0.000000
(34,19),(33,24):0.252740
(34,19),(9,24):0.000000
(34,19),(9,26):0.000000
(34,19),(35,26):0.000000
(34,19),(35,27):0.000000
(34,19),(38,27):0.000000
(34,19),(38,28):0.000000
(34,20),(22,20):29.400000
(34,20),(22,21):8.000000
(34,20),(36,21):0.000000
(34,20),(36,22):0.000000
(34,20),(33,22):0.000000
(34,20),(33,24):0.015152
(34,20),(9,24):0.000000
(34,20),(9,26):0.000000
(34,20),(35,26):0.000000
(34,20),(35,27):0.000000
(34,20),(38,27):0.000000
(34,20),(38,28):0.000000
(22,20),(22,21):24.666666
(22,20),(36,21):12.666667
(22,20),(36,22):4.571429
(22,20),(33,22):13.393939
(22,20),(33,24):14.848485
(22,20),(9,24):5.555555
(22,20),(9,26):0.000000
(22,20),(35,26):0.000000
(22,20),(35,27):0.000000
(22,20),(38,27):0.000000
(22,20),(38,28):0.000000
(22,21),(36,21):43.000000
(22,21),(36,22):18.571428
(22,21),(33,22):49.727272
(22,21),(33,24):48.181820
(22,21),(9,24):30.625000
(22,21),(9,26):0.000000
(22,21),(35,26):0.000000
(22,21),(35,27):0.000000
(22,21),(38,27):0.000000
(22,21),(38,28):0.000000
(36,21),(36,22):18.000000
(36,21),(33,22):46.500000
(36,21),(33,24):43.500000
(36,21),(9,24):28.125000
(36,21),(9,26):0.000000
(36,21),(35,26):0.000000
(36,21),(35,27):0.000000
(36,21),(38,27):0.000000
(36,21),(38,28):0.000000
(36,22),(33,22):18.571428
(36,22),(33,24):15.571428
(36,22),(9,24):4.125000
(36,22),(9,26):0.000000
(36,22),(35,26):0.000000
(36,22),(35,27):0.000000
(36,22),(38,27):0.000000
(36,22),(38,28):0.000000
(33,22),(33,24):53.193939
(33,22),(9,24):38.133335
(33,22),(9,26):1.653782
(33,22),(35,26):0.000000
(33,22),(35,27):0.000000
(33,22),(38,27):0.000000
(33,22),(38,28):0.000000
(33,24),(9,24):41.517857
(33,24),(9,26):4.767857
(33,24),(35,26):0.000000
(33,24),(35,27):0.000000
(33,24),(38,27):0.000000
(33,24),(38,28):0.000000
(9,24),(9,26):15.875000
(9,24),(35,26):5.400000
(9,24),(35,27):4.776923
(9,24),(38,27):2.608696
(9,24),(38,28):4.137931
(9,26),(35,26):59.200001
(9,26),(35,27):60.503845
(9,26),(38,27):32.218227
(9,26),(38,28):57.464855
(35,26),(35,27):57.599998
(35,26),(38,27):29.391304
(35,26),(38,28):54.500000
(35,27),(38,27):32.391304
(35,27),(38,28):57.576923
(38,27),(38,28):31.000000
