26
(12,8):(2,7)	(3,8)	(3,9)	(4,8)	(4,9)	(5,8)	(5,9)	(6,8)	(7,7)	(7,8)	(8,5)	(8,6)	(8,7)	(8,8)	(9,5)	(9,6)	(9,7)	(9,8)	(10,6)	(10,7)	(10,8)	(11,7)	(11,8)	(11,9)	(11,13)	(12,7)	(12,8)	(12,13)	(13,6)	(13,8)	
(12,13):(11,7)	(11,8)	(11,9)	(11,13)	(12,7)	(12,8)	(12,13)	
(11,13):(11,7)	(11,8)	(11,9)	(11,13)	(12,7)	(12,8)	(12,13)	
(11,9):(2,7)	(3,8)	(3,9)	(4,8)	(4,9)	(5,8)	(5,9)	(6,8)	(7,4)	(7,7)	(7,8)	(8,5)	(8,6)	(8,7)	(8,8)	(9,3)	(9,5)	(9,6)	(9,7)	(9,8)	(10,6)	(10,7)	(10,8)	(11,7)	(11,8)	(11,9)	(11,13)	(12,7)	(12,8)	(12,13)	(13,6)	
(5,9):(1,11)	(2,7)	(2,10)	(3,8)	(3,9)	(3,10)	(4,8)	(4,9)	(4,10)	(4,11)	(4,12)	(5,8)	(5,9)	(5,12)	(6,8)	(7,7)	(7,8)	(8,6)	(8,7)	(8,8)	(9,5)	(9,6)	(9,7)	(9,8)	(10,6)	(10,7)	(10,8)	(11,7)	(11,8)	(11,9)	(12,7)	(12,8)	(13,6)	
(5,12):(2,7)	(3,8)	(3,9)	(3,10)	(4,8)	(4,9)	(4,10)	(4,11)	(4,12)	(5,8)	(5,9)	(5,12)	
(4,12):(4,8)	(4,9)	(4,10)	(4,11)	(4,12)	(5,8)	(5,9)	(5,12)	
(4,11):(1,10)	(1,11)	(2,7)	(2,10)	(3,8)	(3,9)	(3,10)	(4,8)	(4,9)	(4,10)	(4,11)	(4,12)	(5,8)	(5,9)	(5,12)	
(1,11):(1,10)	(1,11)	(2,10)	(3,9)	(3,10)	(4,8)	(4,9)	(4,10)	(4,11)	(5,8)	(5,9)	(6,8)	(7,7)	(7,8)	(8,7)	(9,6)	(9,7)	(10,6)	
(1,10):(1,10)	(1,11)	(2,10)	(3,10)	(4,10)	(4,11)	
(2,10):(1,10)	(1,11)	(2,7)	(2,10)	(3,8)	(3,9)	(3,10)	(4,8)	(4,9)	(4,10)	(4,11)	(5,8)	(5,9)	(6,8)	(7,7)	(7,8)	(8,7)	(8,8)	(9,6)	(9,7)	(10,6)	(10,7)	(11,7)	(13,6)	
(2,7):(2,7)	(2,10)	(3,8)	(3,9)	(3,10)	(4,8)	(4,9)	(4,10)	(4,11)	(5,8)	(5,9)	(5,12)	(6,8)	(7,7)	(7,8)	(8,7)	(8,8)	(9,7)	(9,8)	(10,7)	(10,8)	(11,7)	(11,8)	(11,9)	(12,7)	(12,8)	(13,8)	
(7,7):(1,11)	(2,7)	(2,10)	(3,8)	(3,9)	(3,10)	(4,8)	(4,9)	(4,10)	(5,8)	(5,9)	(6,8)	(7,4)	(7,7)	(7,8)	(8,4)	(8,5)	(8,6)	(8,7)	(8,8)	(9,5)	(9,6)	(9,7)	(9,8)	(10,6)	(10,7)	(10,8)	(11,7)	(11,8)	(11,9)	(12,7)	(12,8)	(13,6)	(13,8)	
(7,4):(7,4)	(7,7)	(7,8)	(8,4)	(8,5)	(8,6)	(8,7)	(8,8)	(9,6)	(9,7)	(9,8)	(10,7)	(10,8)	(11,8)	(11,9)	
(8,4):(7,4)	(7,7)	(7,8)	(8,4)	(8,5)	(8,6)	(8,7)	(8,8)	
(8,5):(7,4)	(7,7)	(7,8)	(8,4)	(8,5)	(8,6)	(8,7)	(8,8)	(9,5)	(9,6)	(9,7)	(9,8)	(10,6)	(10,7)	(10,8)	(11,7)	(11,8)	(11,9)	(12,7)	(12,8)	(13,8)	
(9,5):(5,9)	(6,8)	(7,7)	(7,8)	(8,5)	(8,6)	(8,7)	(8,8)	(9,3)	(9,5)	(9,6)	(9,7)	(9,8)	(10,2)	(10,6)	(10,7)	(10,8)	(11,7)	(11,8)	(11,9)	(12,8)	
(9,3):(3,1)	(3,3)	(4,2)	(5,2)	(6,2)	(9,3)	(9,5)	(9,6)	(9,7)	(9,8)	(10,2)	(10,6)	(10,7)	(10,8)	(11,9)	
(3,3):(3,1)	(3,3)	(4,2)	(5,2)	(6,1)	(6,2)	(9,3)	(10,2)	
(3,1):(3,1)	(3,3)	(4,2)	(5,2)	(6,1)	(6,2)	(9,3)	
(6,1):(3,1)	(3,3)	(4,2)	(5,2)	(6,1)	(6,2)	
(6,2):(3,1)	(3,3)	(4,2)	(5,2)	(6,1)	(6,2)	(9,3)	(10,2)	
(10,2):(3,3)	(4,2)	(5,2)	(6,2)	(8,8)	(9,3)	(9,5)	(9,6)	(9,7)	(9,8)	(10,2)	(10,6)	(10,7)	(10,8)	
(10,6):(1,11)	(2,10)	(3,9)	(3,10)	(4,8)	(4,9)	(5,8)	(5,9)	(6,8)	(7,7)	(7,8)	(8,5)	(8,6)	(8,7)	(8,8)	(9,3)	(9,5)	(9,6)	(9,7)	(9,8)	(10,2)	(10,6)	(10,7)	(10,8)	(11,7)	(11,8)	(11,9)	(12,7)	(12,8)	(13,6)	(13,8)	
(13,6):(2,10)	(3,8)	(3,9)	(4,8)	(4,9)	(5,8)	(5,9)	(6,8)	(7,7)	(7,8)	(8,6)	(8,7)	(8,8)	(9,6)	(9,7)	(9,8)	(10,6)	(10,7)	(10,8)	(11,7)	(11,8)	(11,9)	(12,7)	(12,8)	(13,6)	(13,8)	
(13,8):(2,7)	(3,8)	(4,8)	(5,8)	(6,8)	(7,7)	(7,8)	(8,5)	(8,6)	(8,7)	(8,8)	(9,6)	(9,7)	(9,8)	(10,6)	(10,7)	(10,8)	(11,7)	(11,8)	(12,7)	(12,8)	(13,6)	(13,8)	
(12,8):34.517857
(12,13):8.125000
(11,13):7.400000
(11,9):34.625000
(5,9):36.261906
(5,12):11.000000
(4,12):5.666667
(4,11):15.000000
(1,11):15.500000
(1,10):4.166667
(2,10):24.283333
(2,7):27.861111
(7,7):36.450001
(7,4):13.625000
(8,4):5.666667
(8,5):20.416666
(9,5):22.000000
(9,3):16.000000
(3,3):10.000000
(3,1):7.500000
(6,1):6.000000
(6,2):10.166667
(10,2):15.666667
(10,6):34.166668
(13,6):26.734848
(13,8):19.549999
(12,8),(12,13):8.125000
(12,8),(11,13):7.400000
(12,8),(11,9):33.375000
(12,8),(5,9):28.071428
(12,8),(5,12):6.562500
(12,8),(4,12):2.738095
(12,8),(4,11):7.642857
(12,8),(1,11):9.033334
(12,8),(1,10):0.000000
(12,8),(2,10):17.476191
(12,8),(2,7):21.753969
(12,8),(7,7):30.767857
(12,8),(7,4):13.000000
(12,8),(8,4):5.041667
(12,8),(8,5):19.291666
(12,8),(9,5):18.500000
(12,8),(9,3):5.000000
(12,8),(3,3):0.000000
(12,8),(3,1):0.000000
(12,8),(6,1):0.000000
(12,8),(6,2):0.000000
(12,8),(10,2):6.166667
(12,8),(10,6):27.726191
(12,8),(13,6):25.559525
(12,8),(13,8):19.549999
(12,13),(11,13):7.000000
(12,13),(11,9):8.125000
(12,13),(5,9):4.125000
(12,13),(5,12):0.000000
(12,13),(4,12):0.000000
(12,13),(4,11):0.000000
(12,13),(1,11):0.125000
(12,13),(1,10):0.000000
(12,13),(2,10):1.496795
(12,13),(2,7):2.611111
(12,13),(7,7):4.375000
(12,13),(7,4):1.291667
(12,13),(8,4):0.000000
(12,13),(8,5):3.809524
(12,13),(9,5):3.166667
(12,13),(9,3):0.000000
(12,13),(3,3):0.000000
(12,13),(3,1):0.000000
(12,13),(6,1):0.000000
(12,13),(6,2):0.000000
(12,13),(10,2):0.000000
(12,13),(10,6):5.625000
(12,13),(13,6):4.125000
(12,13),(13,8):3.000000
(11,13),(11,9):7.400000
(11,13),(5,9):3.400000
(11,13),(5,12):0.000000
(11,13),(4,12):0.000000
(11,13),(4,11):0.000000
(11,13),(1,11):0.000000
(11,13),(1,10):0.000000
(11,13),(2,10):1.042857
(11,13),(2,7):2.211111
(11,13),(7,7):3.650000
(11,13),(7,4):1.125000
(11,13),(8,4):0.000000
(11,13),(8,5):3.007576
(11,13),(9,5):2.500000
(11,13),(9,3):0.000000
(11,13),(3,3):0.000000
(11,13),(3,1):0.000000
(11,13),(6,1):0.000000
(11,13),(6,2):0.000000
(11,13),(10,2):0.000000
(11,13),(10,6):4.900000
(11,13),(13,6):3.400000
(11,13),(13,8):2.400000
(11,9),(5,9):27.500000
(11,9),(5,12):6.000000
(11,9),(4,12):2.666667
(11,9),(4,11):7.000000
(11,9),(1,11):8.863636
(11,9),(1,10):0.000000
(11,9),(2,10):16.944445
(11,9),(2,7):20.611111
(11,9),(7,7):30.375000
(11,9),(7,4):13.250000
(11,9),(8,4):5.291667
(11,9),(8,5):19.458334
(11,9),(9,5):19.500000
(11,9),(9,3):6.000000
(11,9),(3,3):0.000000
(11,9),(3,1):0.000000
(11,9),(6,1):0.000000
(11,9),(6,2):0.000000
(11,9),(10,2):7.166667
(11,9),(10,6):27.583334
(11,9),(13,6):24.416666
(11,9),(13,8):19.049999
(5,9),(5,12):11.000000
(5,9),(4,12):5.666667
(5,9),(4,11):14.833333
(5,9),(1,11):15.333333
(5,9),(1,10):4.000000
(5,9),(2,10):24.116667
(5,9),(2,7):27.678572
(5,9),(7,7):33.128571
(5,9),(7,4):10.250000
(5,9),(8,4):3.166667
(5,9),(8,5):16.678572
(5,9),(9,5):16.500000
(5,9),(9,3):6.000000
(5,9),(3,3):0.000000
(5,9),(3,1):0.000000
(5,9),(6,1):0.000000
(5,9),(6,2):0.000000
(5,9),(10,2):7.166667
(5,9),(10,6):27.678572
(5,9),(13,6):25.913420
(5,9),(13,8):17.228571
(5,12),(4,12):5.000000
(5,12),(4,11):11.000000
(5,12),(1,11):5.750000
(5,12),(1,10):1.666667
(5,12),(2,10):10.250000
(5,12),(2,7):10.750000
(5,12),(7,7):8.250000
(5,12),(7,4):0.000000
(5,12),(8,4):0.000000
(5,12),(8,5):0.000000
(5,12),(9,5):0.000000
(5,12),(9,3):0.000000
(5,12),(3,3):0.000000
(5,12),(3,1):0.000000
(5,12),(6,1):0.000000
(5,12),(6,2):0.000000
(5,12),(10,2):0.000000
(5,12),(10,6):4.187500
(5,12),(13,6):5.477273
(5,12),(13,8):3.000000
(4,12),(4,11):5.666667
(4,12),(1,11):4.166667
(4,12),(1,10):1.166667
(4,12),(2,10):4.916667
(4,12),(2,7):5.416667
(4,12),(7,7):3.166667
(4,12),(7,4):0.000000
(4,12),(8,4):0.000000
(4,12),(8,5):0.000000
(4,12),(9,5):0.000000
(4,12),(9,3):0.000000
(4,12),(3,3):0.000000
(4,12),(3,1):0.000000
(4,12),(6,1):0.000000
(4,12),(6,2):0.000000
(4,12),(10,2):0.000000
(4,12),(10,6):1.800000
(4,12),(13,6):2.261029
(4,12),(13,8):1.500000
(4,11),(1,11):9.500000
(4,11),(1,10):4.166667
(4,11),(2,10):14.250000
(4,11),(2,7):13.750000
(4,11),(7,7):11.700000
(4,11),(7,4):0.000000
(4,11),(8,4):0.000000
(4,11),(8,5):0.000000
(4,11),(9,5):0.000000
(4,11),(9,3):0.000000
(4,11),(3,3):0.000000
(4,11),(3,1):0.000000
(4,11),(6,1):0.000000
(4,11),(6,2):0.000000
(4,11),(10,2):0.000000
(4,11),(10,6):6.450000
(4,11),(13,6):6.825758
(4,11),(13,8):3.750000
(1,11),(1,10):4.000000
(1,11),(2,10):15.200000
(1,11),(2,7):11.500000
(1,11),(7,7):13.200000
(1,11),(7,4):2.633333
(1,11),(8,4):1.283333
(1,11),(8,5):4.208333
(1,11),(9,5):4.833333
(1,11),(9,3):1.452381
(1,11),(3,3):0.000000
(1,11),(3,1):0.000000
(1,11),(6,1):0.000000
(1,11),(6,2):0.000000
(1,11),(10,2):2.121428
(1,11),(10,6):10.916667
(1,11),(13,6):9.168181
(1,11),(13,8):6.125000
(1,10),(2,10):4.166667
(1,10),(2,7):3.166667
(1,10),(7,7):2.200000
(1,10),(7,4):0.000000
(1,10),(8,4):0.000000
(1,10),(8,5):0.000000
(1,10),(9,5):0.000000
(1,10),(9,3):0.000000
(1,10),(3,3):0.000000
(1,10),(3,1):0.000000
(1,10),(6,1):0.000000
(1,10),(6,2):0.000000
(1,10),(10,2):0.000000
(1,10),(10,6):1.250000
(1,10),(13,6):0.151515
(1,10),(13,8):0.000000
(2,10),(2,7):18.250000
(2,10),(7,7):21.733334
(2,10),(7,4):4.229167
(2,10),(8,4):1.800000
(2,10),(8,5):6.800000
(2,10),(9,5):7.200000
(2,10),(9,3):2.266667
(2,10),(3,3):0.000000
(2,10),(3,1):0.000000
(2,10),(6,1):0.000000
(2,10),(6,2):0.000000
(2,10),(10,2):3.200000
(2,10),(10,6):16.283333
(2,10),(13,6):16.234848
(2,10),(13,8):12.280702
(2,7),(7,7):25.111111
(2,7),(7,4):8.111111
(2,7),(8,4):2.666667
(2,7),(8,5):11.861111
(2,7),(9,5):11.611111
(2,7),(9,3):3.333333
(2,7),(3,3):0.000000
(2,7),(3,1):0.000000
(2,7),(6,1):0.000000
(2,7),(6,2):0.000000
(2,7),(10,2):4.000000
(2,7),(10,6):19.644444
(2,7),(13,6):20.379168
(2,7),(13,8):11.000000
(7,7),(7,4):13.250000
(7,7),(8,4):5.666667
(7,7),(8,5):20.000000
(7,7),(9,5):18.750000
(7,7),(9,3):6.000000
(7,7),(3,3):0.000000
(7,7),(3,1):0.000000
(7,7),(6,1):0.000000
(7,7),(6,2):0.000000
(7,7),(10,2):7.166667
(7,7),(10,6):30.200001
(7,7),(13,6):26.438889
(7,7),(13,8):19.549999
(7,4),(8,4):5.000000
(7,4),(8,5):13.625000
(7,4),(9,5):12.625000
(7,4),(9,3):3.750000
(7,4),(3,3):0.000000
(7,4),(3,1):0.000000
(7,4),(6,1):0.000000
(7,4),(6,2):0.000000
(7,4),(10,2):5.041667
(7,4),(10,6):12.875000
(7,4),(13,6):10.512820
(7,4),(13,8):7.800000
(8,4),(8,5):5.666667
(8,4),(9,5):4.666667
(8,4),(9,3):0.000000
(8,4),(3,3):0.000000
(8,4),(3,1):0.000000
(8,4),(6,1):0.000000
(8,4),(6,2):0.000000
(8,4),(10,2):0.166667
(8,4),(10,6):4.916667
(8,4),(13,6):3.666667
(8,4),(13,8):3.466667
(8,5),(9,5):17.666666
(8,5),(9,3):5.500000
(8,5),(3,3):0.000000
(8,5),(3,1):0.000000
(8,5),(6,1):0.000000
(8,5),(6,2):0.000000
(8,5),(10,2):6.666667
(8,5),(10,6):19.666666
(8,5),(13,6):15.600000
(8,5),(13,8):12.550000
(9,5),(9,3):8.500000
(9,5),(3,3):1.000000
(9,5),(3,1):0.000000
(9,5),(6,1):0.000000
(9,5),(6,2):1.166667
(9,5),(10,2):9.666667
(9,5),(10,6):22.000000
(9,5),(13,6):14.875000
(9,5),(13,8):10.750000
(9,3),(3,3):8.500000
(9,3),(3,1):6.000000
(9,3),(6,1):4.500000
(9,3),(6,2):8.666667
(9,3),(10,2):13.000000
(9,3),(10,6):8.666667
(9,3),(13,6):4.500000
(9,3),(13,8):3.000000
(3,3),(3,1):7.500000
(3,3),(6,1):6.000000
(3,3),(6,2):10.000000
(3,3),(10,2):7.000000
(3,3),(10,6):1.166667
(3,3),(13,6):0.000000
(3,3),(13,8):0.000000
(3,1),(6,1):6.000000
(3,1),(6,2):7.500000
(3,1),(10,2):4.500000
(3,1),(10,6):0.000000
(3,1),(13,6):0.000000
(3,1),(13,8):0.000000
(6,1),(6,2):6.000000
(6,1),(10,2):3.000000
(6,1),(10,6):0.000000
(6,1),(13,6):0.000000
(6,1),(13,8):0.000000
(6,2),(10,2):7.166667
(6,2),(10,6):1.333333
(6,2),(13,6):0.000000
(6,2),(13,8):0.000000
(10,2),(10,6):9.833333
(10,2),(13,6):5.500000
(10,2),(13,8):3.818182
(10,6),(13,6):24.483334
(10,6),(13,8):16.000000
(13,6),(13,8):14.916667
