14
(4,1):(4,1)	(4,3)	(5,2)	(5,3)	(6,2)	(6,3)	(6,4)	(7,1)	
(7,1):(4,1)	(4,3)	(5,2)	(5,3)	(6,2)	(6,3)	(6,4)	(6,6)	(7,1)	(7,7)	
(7,7):(5,6)	(5,7)	(6,2)	(6,3)	(6,4)	(6,6)	(7,1)	(7,7)	
(5,7):(5,6)	(5,7)	(6,6)	(7,7)	
(5,6):(5,6)	(5,7)	(6,6)	(7,7)	
(6,6):(5,6)	(5,7)	(6,2)	(6,3)	(6,4)	(6,6)	(7,1)	(7,7)	
(6,4):(2,3)	(2,4)	(3,3)	(4,1)	(4,3)	(5,2)	(5,3)	(6,2)	(6,3)	(6,4)	(6,6)	(7,1)	(7,7)	
(2,4):(1,2)	(1,5)	(2,3)	(2,4)	(2,5)	(3,2)	(3,3)	(4,3)	(5,3)	(6,2)	(6,3)	(6,4)	
(2,5):(1,2)	(1,5)	(2,3)	(2,4)	(2,5)	
(1,5):(1,2)	(1,5)	(2,3)	(2,4)	(2,5)	(3,2)	(3,3)	
(1,2):(1,2)	(1,5)	(2,3)	(2,4)	(2,5)	(3,2)	(3,3)	
(3,2):(1,2)	(1,5)	(2,3)	(2,4)	(3,2)	(3,3)	
(3,3):(1,2)	(1,5)	(2,3)	(2,4)	(3,2)	(3,3)	(4,3)	(5,3)	(6,3)	(6,4)	
(4,3):(2,3)	(2,4)	(3,3)	(4,1)	(4,3)	(5,2)	(5,3)	(6,2)	(6,3)	(6,4)	(7,1)	
(4,1):9.750000
(7,1):12.850000
(7,7):8.500000
(5,7):2.500000
(5,6):2.000000
(6,6):7.000000
(6,4):15.666667
(2,4):11.250000
(2,5):3.000000
(1,5):4.500000
(1,2):6.000000
(3,2):4.750000
(3,3):8.666667
(4,3):12.500000
(4,1),(7,1):9.750000
(4,1),(7,7):5.250000
(4,1),(5,7):0.050000
(4,1),(5,6):0.000000
(4,1),(6,6):3.750000
(4,1),(6,4):9.750000
(4,1),(2,4):5.250000
(4,1),(2,5):0.000000
(4,1),(1,5):0.000000
(4,1),(1,2):0.250000
(4,1),(3,2):0.000000
(4,1),(3,3):3.166667
(4,1),(4,3):9.250000
(7,1),(7,7):7.600000
(7,1),(5,7):1.600000
(7,1),(5,6):1.100000
(7,1),(6,6):6.100000
(7,1),(6,4):12.750000
(7,1),(2,4):6.000000
(7,1),(2,5):0.000000
(7,1),(1,5):0.000000
(7,1),(1,2):0.892857
(7,1),(3,2):0.083333
(7,1),(3,3):3.916667
(7,1),(4,3):10.000000
(7,7),(5,7):2.500000
(7,7),(5,6):2.000000
(7,7),(6,6):7.000000
(7,7),(6,4):7.500000
(7,7),(2,4):2.821429
(7,7),(2,5):0.000000
(7,7),(1,5):0.000000
(7,7),(1,2):0.000000
(7,7),(3,2):0.000000
(7,7),(3,3):1.333333
(7,7),(4,3):4.750000
(5,7),(5,6):2.000000
(5,7),(6,6):2.500000
(5,7),(6,4):1.500000
(5,7),(2,4):0.000000
(5,7),(2,5):0.000000
(5,7),(1,5):0.000000
(5,7),(1,2):0.000000
(5,7),(3,2):0.000000
(5,7),(3,3):0.000000
(5,7),(4,3):0.000000
(5,6),(6,6):2.000000
(5,6),(6,4):1.000000
(5,6),(2,4):0.000000
(5,6),(2,5):0.000000
(5,6),(1,5):0.000000
(5,6),(1,2):0.000000
(5,6),(3,2):0.000000
(5,6),(3,3):0.000000
(5,6),(4,3):0.000000
(6,6),(6,4):6.000000
(6,6),(2,4):2.250000
(6,6),(2,5):0.000000
(6,6),(1,5):0.000000
(6,6),(1,2):0.000000
(6,6),(3,2):0.000000
(6,6),(3,3):1.166667
(6,6),(4,3):3.250000
(6,4),(2,4):8.916667
(6,4),(2,5):1.500000
(6,4),(1,5):2.166667
(6,4),(1,2):3.666667
(6,4),(3,2):2.666667
(6,4),(3,3):6.833333
(6,4),(4,3):12.250000
(2,4),(2,5):3.000000
(2,4),(1,5):4.500000
(2,4),(1,2):6.000000
(2,4),(3,2):4.750000
(2,4),(3,3):8.500000
(2,4),(4,3):8.500000
(2,5),(1,5):3.000000
(2,5),(1,2):3.000000
(2,5),(3,2):2.750000
(2,5),(3,3):2.500000
(2,5),(4,3):1.250000
(1,5),(1,2):4.500000
(1,5),(3,2):4.250000
(1,5),(3,3):4.000000
(1,5),(4,3):1.750000
(1,2),(3,2):4.750000
(1,2),(3,3):5.500000
(1,2),(4,3):3.250000
(3,2),(3,3):4.500000
(3,2),(4,3):2.250000
(3,3),(4,3):6.416667
