24
(10,3):(7,1)	(8,2)	(8,5)	(9,2)	(9,3)	(9,4)	(10,2)	(10,3)	(10,4)	(11,2)	(12,1)	(12,3)	
(10,4):(7,1)	(8,2)	(9,2)	(9,3)	(9,4)	(10,2)	(10,3)	(10,4)	
(9,4):(7,6)	(8,2)	(8,5)	(8,6)	(9,2)	(9,3)	(9,4)	(9,6)	(10,2)	(10,3)	(10,4)	(11,2)	(12,1)	
(9,6):(2,5)	(3,6)	(3,7)	(4,6)	(4,7)	(5,6)	(6,6)	(7,6)	(8,2)	(8,5)	(8,6)	(9,2)	(9,3)	(9,4)	(9,6)	(11,6)	(11,7)	
(11,6):(3,6)	(3,7)	(4,6)	(4,7)	(5,6)	(6,6)	(7,6)	(8,6)	(9,6)	(11,6)	(11,7)	
(11,7):(2,5)	(3,6)	(3,7)	(4,6)	(4,7)	(5,6)	(6,6)	(7,6)	(8,6)	(9,6)	(11,6)	(11,7)	
(4,7):(2,5)	(2,11)	(3,6)	(3,7)	(3,8)	(3,9)	(4,6)	(4,7)	(4,8)	(5,6)	(6,6)	(7,6)	(8,5)	(8,6)	(9,6)	(11,6)	(11,7)	
(4,8):(2,5)	(3,6)	(3,7)	(3,8)	(3,9)	(4,6)	(4,7)	(4,8)	(6,8)	(6,9)	
(6,8):(3,8)	(3,9)	(4,8)	(6,8)	(6,9)	
(6,9):(3,8)	(3,9)	(4,8)	(6,8)	(6,9)	
(3,9):(2,5)	(2,11)	(3,6)	(3,7)	(3,8)	(3,9)	(3,10)	(3,11)	(4,6)	(4,7)	(4,8)	(6,8)	(6,9)	
(3,10):(1,12)	(2,5)	(2,11)	(3,6)	(3,7)	(3,8)	(3,9)	(3,10)	(3,11)	(4,11)	(5,10)	(5,12)	
(5,10):(1,12)	(2,11)	(3,10)	(3,11)	(4,11)	(5,10)	(5,12)	
(5,12):(1,11)	(1,12)	(2,11)	(3,10)	(3,11)	(4,11)	(5,10)	(5,12)	
(1,12):(1,11)	(1,12)	(2,11)	(3,10)	(3,11)	(4,11)	(5,10)	(5,12)	
(1,11):(1,11)	(1,12)	(2,11)	(3,11)	(4,11)	(5,12)	
(2,11):(1,11)	(1,12)	(2,5)	(2,11)	(3,6)	(3,7)	(3,8)	(3,9)	(3,10)	(3,11)	(4,6)	(4,7)	(4,11)	(5,10)	(5,12)	
(2,5):(2,5)	(2,11)	(3,6)	(3,7)	(3,8)	(3,9)	(3,10)	(3,11)	(4,6)	(4,7)	(4,8)	(5,6)	(6,6)	(7,6)	(8,5)	(8,6)	(9,6)	(11,7)	
(8,5):(2,5)	(3,6)	(3,7)	(4,6)	(4,7)	(5,6)	(6,6)	(7,6)	(8,2)	(8,5)	(8,6)	(9,2)	(9,3)	(9,4)	(9,6)	(10,2)	(10,3)	(11,2)	(12,1)	
(8,2):(7,1)	(7,2)	(8,2)	(8,5)	(8,6)	(9,2)	(9,3)	(9,4)	(9,6)	(10,2)	(10,3)	(10,4)	(11,2)	(12,1)	(12,3)	
(7,2):(7,1)	(7,2)	(8,2)	(9,2)	(10,2)	(11,2)	(12,1)	
(7,1):(7,1)	(7,2)	(8,2)	(9,2)	(9,3)	(10,2)	(10,3)	(10,4)	(11,2)	(12,1)	(12,3)	
(12,1):(7,1)	(7,2)	(8,2)	(8,5)	(9,2)	(9,3)	(9,4)	(10,2)	(10,3)	(11,2)	(12,1)	(12,3)	
(12,3):(7,1)	(8,2)	(9,2)	(9,3)	(10,2)	(10,3)	(11,2)	(12,1)	(12,3)	
(10,3):11.250000
(10,4):6.500000
(9,4):13.250000
(9,6):20.525000
(11,6):9.285714
(11,7):15.000000
(4,7):21.250000
(4,8):10.500000
(6,8):4.166667
(6,9):5.000000
(3,9):14.250000
(3,10):11.500000
(5,10):6.833333
(5,12):7.500000
(1,12):6.500000
(1,11):4.000000
(2,11):16.000000
(2,5):23.447618
(8,5):24.000000
(8,2):14.125000
(7,2):5.000000
(7,1):9.000000
(12,1):11.000000
(12,3):8.875000
(10,3),(10,4):6.500000
(10,3),(9,4):8.750000
(10,3),(9,6):3.625000
(10,3),(11,6):0.000000
(10,3),(11,7):0.000000
(10,3),(4,7):0.000000
(10,3),(4,8):0.000000
(10,3),(6,8):0.000000
(10,3),(6,9):0.000000
(10,3),(3,9):0.000000
(10,3),(3,10):0.000000
(10,3),(5,10):0.000000
(10,3),(5,12):0.000000
(10,3),(1,12):0.000000
(10,3),(1,11):0.000000
(10,3),(2,11):0.000000
(10,3),(2,5):0.000000
(10,3),(8,5):8.000000
(10,3),(8,2):11.250000
(10,3),(7,2):4.750000
(10,3),(7,1):8.750000
(10,3),(12,1):10.750000
(10,3),(12,3):8.750000
(10,4),(9,4):6.250000
(10,4),(9,6):3.125000
(10,4),(11,6):0.000000
(10,4),(11,7):0.000000
(10,4),(4,7):0.000000
(10,4),(4,8):0.000000
(10,4),(6,8):0.000000
(10,4),(6,9):0.000000
(10,4),(3,9):0.000000
(10,4),(3,10):0.000000
(10,4),(5,10):0.000000
(10,4),(5,12):0.000000
(10,4),(1,12):0.000000
(10,4),(1,11):0.000000
(10,4),(2,11):0.000000
(10,4),(2,5):0.000000
(10,4),(8,5):5.500000
(10,4),(8,2):6.500000
(10,4),(7,2):2.500000
(10,4),(7,1):4.500000
(10,4),(12,1):6.000000
(10,4),(12,3):4.500000
(9,4),(9,6):8.125000
(9,4),(11,6):2.500000
(9,4),(11,7):3.166667
(9,4),(4,7):4.250000
(9,4),(4,8):0.000000
(9,4),(6,8):0.000000
(9,4),(6,9):0.000000
(9,4),(3,9):0.000000
(9,4),(3,10):0.000000
(9,4),(5,10):0.000000
(9,4),(5,12):0.000000
(9,4),(1,12):0.000000
(9,4),(1,11):0.000000
(9,4),(2,11):0.000000
(9,4),(2,5):4.000000
(9,4),(8,5):12.500000
(9,4),(8,2):11.250000
(9,4),(7,2):3.750000
(9,4),(7,1):6.250000
(9,4),(12,1):8.250000
(9,4),(12,3):6.250000
(9,6),(11,6):9.285714
(9,6),(11,7):15.000000
(9,6),(4,7):16.650000
(9,6),(4,8):4.400000
(9,6),(6,8):0.000000
(9,6),(6,9):0.114286
(9,6),(3,9):5.400000
(9,6),(3,10):2.300000
(9,6),(5,10):0.000000
(9,6),(5,12):0.000000
(9,6),(1,12):0.000000
(9,6),(1,11):0.000000
(9,6),(2,11):5.400000
(9,6),(2,5):16.114286
(9,6),(8,5):18.900000
(9,6),(8,2):6.250000
(9,6),(7,2):1.125000
(9,6),(7,1):1.625000
(9,6),(12,1):3.625000
(9,6),(12,3):2.125000
(11,6),(11,7):9.000000
(11,6),(4,7):9.285714
(11,6),(4,8):2.285714
(11,6),(6,8):0.000000
(11,6),(6,9):0.063492
(11,6),(3,9):2.535714
(11,6),(3,10):1.214286
(11,6),(5,10):0.000000
(11,6),(5,12):0.000000
(11,6),(1,12):0.000000
(11,6),(1,11):0.000000
(11,6),(2,11):2.535714
(11,6),(2,5):9.000000
(11,6),(8,5):7.785714
(11,6),(8,2):1.125000
(11,6),(7,2):0.000000
(11,6),(7,1):0.000000
(11,6),(12,1):0.000000
(11,6),(12,3):0.000000
(11,7),(4,7):15.000000
(11,7),(4,8):4.000000
(11,7),(6,8):0.000000
(11,7),(6,9):0.000000
(11,7),(3,9):5.000000
(11,7),(3,10):2.000000
(11,7),(5,10):0.000000
(11,7),(5,12):0.000000
(11,7),(1,12):0.000000
(11,7),(1,11):0.000000
(11,7),(2,11):5.000000
(11,7),(2,5):14.714286
(11,7),(8,5):13.500000
(11,7),(8,2):1.375000
(11,7),(7,2):0.000000
(11,7),(7,1):0.000000
(11,7),(12,1):0.000000
(11,7),(12,3):0.000000
(4,7),(4,8):8.500000
(4,7),(6,8):2.166667
(4,7),(6,9):3.000000
(4,7),(3,9):10.000000
(4,7),(3,10):5.000000
(4,7),(5,10):0.250000
(4,7),(5,12):0.666667
(4,7),(1,12):0.000000
(4,7),(1,11):0.000000
(4,7),(2,11):9.000000
(4,7),(2,5):20.714285
(4,7),(8,5):15.750000
(4,7),(8,2):2.375000
(4,7),(7,2):0.000000
(4,7),(7,1):0.000000
(4,7),(12,1):0.000000
(4,7),(12,3):0.000000
(4,8),(6,8):4.166667
(4,8),(6,9):5.000000
(4,8),(3,9):10.500000
(4,8),(3,10):4.500000
(4,8),(5,10):0.000000
(4,8),(5,12):0.250000
(4,8),(1,12):0.000000
(4,8),(1,11):0.000000
(4,8),(2,11):7.500000
(4,8),(2,5):8.833333
(4,8),(8,5):5.000000
(4,8),(8,2):0.000000
(4,8),(7,2):0.000000
(4,8),(7,1):0.000000
(4,8),(12,1):0.000000
(4,8),(12,3):0.000000
(6,8),(6,9):4.000000
(6,8),(3,9):4.166667
(6,8),(3,10):1.166667
(6,8),(5,10):0.000000
(6,8),(5,12):0.041667
(6,8),(1,12):0.000000
(6,8),(1,11):0.000000
(6,8),(2,11):1.416667
(6,8),(2,5):2.500000
(6,8),(8,5):0.000000
(6,8),(8,2):0.000000
(6,8),(7,2):0.000000
(6,8),(7,1):0.000000
(6,8),(12,1):0.000000
(6,8),(12,3):0.000000
(6,9),(3,9):5.000000
(6,9),(3,10):1.750000
(6,9),(5,10):0.000000
(6,9),(5,12):0.000000
(6,9),(1,12):0.000000
(6,9),(1,11):0.000000
(6,9),(2,11):2.200000
(6,9),(2,5):3.333333
(6,9),(8,5):0.500000
(6,9),(8,2):0.000000
(6,9),(7,2):0.000000
(6,9),(7,1):0.000000
(6,9),(12,1):0.000000
(6,9),(12,3):0.000000
(3,9),(3,10):7.250000
(3,9),(5,10):2.250000
(3,9),(5,12):2.750000
(3,9),(1,12):1.750000
(3,9),(1,11):1.250000
(3,9),(2,11):11.250000
(3,9),(2,5):12.333333
(3,9),(8,5):6.000000
(3,9),(8,2):0.000000
(3,9),(7,2):0.000000
(3,9),(7,1):0.000000
(3,9),(12,1):0.000000
(3,9),(12,3):0.000000
(3,10),(5,10):6.500000
(3,10),(5,12):7.000000
(3,10),(1,12):6.000000
(3,10),(1,11):3.500000
(3,10),(2,11):11.500000
(3,10),(2,5):7.400000
(3,10),(8,5):2.750000
(3,10),(8,2):0.000000
(3,10),(7,2):0.000000
(3,10),(7,1):0.000000
(3,10),(12,1):0.000000
(3,10),(12,3):0.000000
(5,10),(5,12):6.833333
(5,10),(1,12):6.333333
(5,10),(1,11):3.833333
(5,10),(2,11):6.833333
(5,10),(2,5):2.400000
(5,10),(8,5):0.000000
(5,10),(8,2):0.000000
(5,10),(7,2):0.000000
(5,10),(7,1):0.000000
(5,10),(12,1):0.000000
(5,10),(12,3):0.000000
(5,12),(1,12):6.500000
(5,12),(1,11):4.000000
(5,12),(2,11):7.500000
(5,12),(2,5):2.900000
(5,12),(8,5):0.000000
(5,12),(8,2):0.000000
(5,12),(7,2):0.000000
(5,12),(7,1):0.000000
(5,12),(12,1):0.000000
(5,12),(12,3):0.000000
(1,12),(1,11):4.000000
(1,12),(2,11):6.500000
(1,12),(2,5):1.900000
(1,12),(8,5):0.000000
(1,12),(8,2):0.000000
(1,12),(7,2):0.000000
(1,12),(7,1):0.000000
(1,12),(12,1):0.000000
(1,12),(12,3):0.000000
(1,11),(2,11):4.000000
(1,11),(2,5):1.300000
(1,11),(8,5):0.000000
(1,11),(8,2):0.000000
(1,11),(7,2):0.000000
(1,11),(7,1):0.000000
(1,11),(12,1):0.000000
(1,11),(12,3):0.000000
(2,11),(2,5):11.400000
(2,11),(8,5):6.000000
(2,11),(8,2):0.000000
(2,11),(7,2):0.000000
(2,11),(7,1):0.000000
(2,11),(12,1):0.000000
(2,11),(12,3):0.000000
(2,5),(8,5):15.500000
(2,5),(8,2):2.125000
(2,5),(7,2):0.000000
(2,5),(7,1):0.000000
(2,5),(12,1):0.000000
(2,5),(12,3):0.000000
(8,5),(8,2):10.625000
(8,5),(7,2):3.500000
(8,5),(7,1):5.750000
(8,5),(12,1):8.000000
(8,5),(12,3):6.000000
(8,2),(7,2):5.000000
(8,2),(7,1):9.000000
(8,2),(12,1):11.000000
(8,2),(12,3):8.875000
(7,2),(7,1):5.000000
(7,2),(12,1):5.000000
(7,2),(12,3):4.875000
(7,1),(12,1):8.750000
(7,1),(12,3):8.375000
(12,1),(12,3):8.875000
