76
(30,25):(30,25)	(30,26)	(30,27)	(31,26)	(31,27)	(32,26)	(32,27)	(33,26)	(33,27)	(34,26)	(34,27)	(35,26)	(35,27)	(36,25)	(36,28)	
(36,25):(7,30)	(12,29)	(13,29)	(14,29)	(15,29)	(16,29)	(17,29)	(18,28)	(18,29)	(19,28)	(20,28)	(21,28)	(22,28)	(24,27)	(25,27)	(26,27)	(27,27)	(29,27)	(29,28)	(30,25)	(30,26)	(30,27)	(31,26)	(31,27)	(32,26)	(32,27)	(33,26)	(33,27)	(34,26)	(34,27)	(35,26)	(35,27)	(36,25)	(36,28)	
(36,28):(8,24)	(9,24)	(10,24)	(15,25)	(16,24)	(16,25)	(17,25)	(18,25)	(19,25)	(20,25)	(21,25)	(22,26)	(23,26)	(24,26)	(25,26)	(26,26)	(29,27)	(29,28)	(30,25)	(30,26)	(30,27)	(31,26)	(31,27)	(32,26)	(32,27)	(33,26)	(33,27)	(34,26)	(34,27)	(35,26)	(35,27)	(36,25)	(36,28)	
(29,28):(29,27)	(29,28)	(30,26)	(30,27)	(31,26)	(31,27)	(32,26)	(32,27)	(33,26)	(33,27)	(34,26)	(34,27)	(35,26)	(35,27)	(36,25)	(36,28)	
(29,27):(8,24)	(8,25)	(8,26)	(8,27)	(9,24)	(9,25)	(9,26)	(9,27)	(10,24)	(10,25)	(10,26)	(10,27)	(11,25)	(11,26)	(11,27)	(12,25)	(12,26)	(12,27)	(13,25)	(13,26)	(13,27)	(14,25)	(14,26)	(14,27)	(15,25)	(15,26)	(15,27)	(16,24)	(16,25)	(16,26)	(16,27)	(17,23)	(17,24)	(17,25)	(17,26)	(17,27)	(18,24)	(18,25)	(18,26)	(18,27)	(19,24)	(19,25)	(19,26)	(19,27)	(20,24)	(20,25)	(20,26)	(20,27)	(21,25)	(21,26)	(21,27)	(22,25)	(22,26)	(22,27)	(23,25)	(23,26)	(23,27)	(24,26)	(24,27)	(25,26)	(25,27)	(26,26)	(26,27)	(27,27)	(29,27)	(29,28)	(30,26)	(30,27)	(31,26)	(31,27)	(32,26)	(32,27)	(33,26)	(33,27)	(34,26)	(34,27)	(35,26)	(35,27)	(36,25)	(36,28)	
(27,27):(7,30)	(8,24)	(8,25)	(8,26)	(8,27)	(8,28)	(8,29)	(9,24)	(9,25)	(9,26)	(9,27)	(9,28)	(9,29)	(10,24)	(10,25)	(10,26)	(10,27)	(10,28)	(10,29)	(11,25)	(11,26)	(11,27)	(11,28)	(11,29)	(12,25)	(12,26)	(12,27)	(12,28)	(12,29)	(13,25)	(13,26)	(13,27)	(13,28)	(13,29)	(14,25)	(14,26)	(14,27)	(14,28)	(14,29)	(15,25)	(15,26)	(15,27)	(15,28)	(15,29)	(16,24)	(16,25)	(16,26)	(16,27)	(16,28)	(16,29)	(17,22)	(17,23)	(17,24)	(17,25)	(17,26)	(17,27)	(17,28)	(17,29)	(18,23)	(18,24)	(18,25)	(18,26)	(18,27)	(18,28)	(18,29)	(19,23)	(19,24)	(19,25)	(19,26)	(19,27)	(19,28)	(19,29)	(20,24)	(20,25)	(20,26)	(20,27)	(20,28)	(20,29)	(21,24)	(21,25)	(21,26)	(21,27)	(21,28)	(21,29)	(22,24)	(22,25)	(22,26)	(22,27)	(22,28)	(22,29)	(23,24)	(23,25)	(23,26)	(23,27)	(23,28)	(23,29)	(24,24)	(24,25)	(24,26)	(24,27)	(24,28)	(24,29)	(25,25)	(25,26)	(25,27)	(25,28)	(25,29)	(26,26)	(26,27)	(26,28)	(26,29)	(27,27)	(27,29)	(29,27)	(30,26)	(30,27)	(31,26)	(31,27)	(32,26)	(32,27)	(33,26)	(33,27)	(34,26)	(34,27)	(35,26)	(35,27)	(36,25)	
(27,29):(7,30)	(8,24)	(8,25)	(8,26)	(8,27)	(8,28)	(8,29)	(9,24)	(9,25)	(9,26)	(9,27)	(9,28)	(9,29)	(10,24)	(10,25)	(10,26)	(10,27)	(10,28)	(10,29)	(11,25)	(11,26)	(11,27)	(11,28)	(11,29)	(12,25)	(12,26)	(12,27)	(12,28)	(12,29)	(13,25)	(13,26)	(13,27)	(13,28)	(13,29)	(14,25)	(14,26)	(14,27)	(14,28)	(14,29)	(15,25)	(15,26)	(15,27)	(15,28)	(15,29)	(16,21)	(16,24)	(16,25)	(16,26)	(16,27)	(16,28)	(16,29)	(17,22)	(17,23)	(17,24)	(17,25)	(17,26)	(17,27)	(17,28)	(17,29)	(18,23)	(18,24)	(18,25)	(18,26)	(18,27)	(18,28)	(18,29)	(19,23)	(19,24)	(19,25)	(19,26)	(19,27)	(19,28)	(19,29)	(20,24)	(20,25)	(20,26)	(20,27)	(20,28)	(20,29)	(21,24)	(21,25)	(21,26)	(21,27)	(21,28)	(21,29)	(22,24)	(22,25)	(22,26)	(22,27)	(22,28)	(22,29)	(23,24)	(23,25)	(23,26)	(23,27)	(23,28)	(23,29)	(24,24)	(24,25)	(24,26)	(24,27)	(24,28)	(24,29)	(25,23)	(25,24)	(25,25)	(25,26)	(25,27)	(25,28)	(25,29)	(26,26)	(26,27)	(26,28)	(26,29)	(27,27)	(27,29)	(33,30)	(34,30)	(35,30)	(36,30)	(37,30)	(38,29)	
(38,29):(7,30)	(8,29)	(9,29)	(10,29)	(11,29)	(12,29)	(13,29)	(14,29)	(15,29)	(16,29)	(17,29)	(18,29)	(19,29)	(20,29)	(21,29)	(22,29)	(23,29)	(24,29)	(25,29)	(26,29)	(27,29)	(28,34)	(30,33)	(31,33)	(32,32)	(32,33)	(33,30)	(33,31)	(33,32)	(33,33)	(34,30)	(34,31)	(34,32)	(34,33)	(35,30)	(35,31)	(35,32)	(35,33)	(36,30)	(36,31)	(36,32)	(36,33)	(37,30)	(37,31)	(37,32)	(37,33)	(37,34)	(37,35)	(37,36)	(37,37)	(38,29)	(38,38)	
(38,38):(34,36)	(35,36)	(35,37)	(35,38)	(36,30)	(36,36)	(36,37)	(37,30)	(37,31)	(37,32)	(37,33)	(37,34)	(37,35)	(37,36)	(37,37)	(38,29)	(38,38)	
(35,38):(35,36)	(35,37)	(35,38)	(36,36)	(36,37)	(37,35)	(37,36)	(37,37)	(38,38)	
(35,37):(34,36)	(34,37)	(35,36)	(35,37)	(35,38)	(36,36)	(36,37)	(37,35)	(37,36)	(37,37)	(38,38)	
(34,37):(34,36)	(34,37)	(35,36)	(35,37)	(36,36)	(36,37)	(37,35)	(37,36)	(37,37)	
(34,36):(31,35)	(31,36)	(34,36)	(34,37)	(35,36)	(35,37)	(36,36)	(36,37)	(37,35)	(37,36)	(37,37)	(38,38)	
(31,36):(31,35)	(31,36)	(34,36)	(35,36)	(36,36)	(37,35)	(37,36)	
(31,35):(31,35)	(31,36)	(34,36)	(35,36)	(36,36)	(37,35)	(37,36)	(37,37)	
(37,35):(31,35)	(31,36)	(34,36)	(34,37)	(35,36)	(35,37)	(35,38)	(36,36)	(36,37)	(37,30)	(37,31)	(37,32)	(37,33)	(37,34)	(37,35)	(37,36)	(37,37)	(38,29)	(38,38)	
(37,34):(20,32)	(28,33)	(28,34)	(29,33)	(30,33)	(31,33)	(32,31)	(32,32)	(32,33)	(33,30)	(33,31)	(33,32)	(33,33)	(34,30)	(34,31)	(34,32)	(34,33)	(35,30)	(35,31)	(35,32)	(35,33)	(36,30)	(36,31)	(36,32)	(36,33)	(37,30)	(37,31)	(37,32)	(37,33)	(37,34)	(37,35)	(37,36)	(37,37)	(38,29)	(38,38)	
(28,34):(28,33)	(28,34)	(29,33)	(30,33)	(31,33)	(32,32)	(32,33)	(33,32)	(33,33)	(34,31)	(34,32)	(34,33)	(35,31)	(35,32)	(35,33)	(36,30)	(36,31)	(36,32)	(36,33)	(37,30)	(37,31)	(37,32)	(37,33)	(37,34)	(38,29)	
(28,33):(20,32)	(20,33)	(28,33)	(28,34)	(29,33)	(30,33)	(31,33)	(32,32)	(32,33)	(33,32)	(33,33)	(34,32)	(34,33)	(35,32)	(35,33)	(36,31)	(36,32)	(36,33)	(37,31)	(37,32)	(37,33)	(37,34)	
(20,33):(20,32)	(20,33)	(28,33)	(29,33)	(30,33)	(31,33)	(32,32)	(32,33)	(33,32)	(33,33)	(34,32)	(34,33)	(35,32)	(35,33)	(36,32)	(36,33)	(37,32)	(37,33)	
(20,32):(20,32)	(20,33)	(28,33)	(29,33)	(30,33)	(31,33)	(32,32)	(32,33)	(33,32)	(33,33)	(34,32)	(34,33)	(35,32)	(35,33)	(36,32)	(36,33)	(37,32)	(37,33)	(37,34)	
(32,32):(20,32)	(20,33)	(28,33)	(28,34)	(29,33)	(30,33)	(31,33)	(32,31)	(32,32)	(32,33)	(33,31)	(33,32)	(33,33)	(34,30)	(34,31)	(34,32)	(34,33)	(35,30)	(35,31)	(35,32)	(35,33)	(36,30)	(36,31)	(36,32)	(36,33)	(37,30)	(37,31)	(37,32)	(37,33)	(37,34)	(38,29)	
(32,31):(32,31)	(32,32)	(32,33)	(33,31)	(33,32)	(33,33)	(34,31)	(34,32)	(34,33)	(35,31)	(35,32)	(35,33)	(36,31)	(36,32)	(36,33)	(37,31)	(37,32)	(37,33)	(37,34)	
(33,31):(31,33)	(32,31)	(32,32)	(32,33)	(33,30)	(33,31)	(33,32)	(33,33)	(34,30)	(34,31)	(34,32)	(34,33)	(35,30)	(35,31)	(35,32)	(35,33)	(36,30)	(36,31)	(36,32)	(36,33)	(37,30)	(37,31)	(37,32)	(37,33)	(37,34)	(38,29)	
(33,30):(7,30)	(8,26)	(8,27)	(8,28)	(8,29)	(9,26)	(9,27)	(9,28)	(9,29)	(10,27)	(10,28)	(10,29)	(11,27)	(11,28)	(11,29)	(12,27)	(12,28)	(12,29)	(13,27)	(13,28)	(13,29)	(14,27)	(14,28)	(14,29)	(15,27)	(15,28)	(15,29)	(16,28)	(16,29)	(17,28)	(17,29)	(18,28)	(18,29)	(19,28)	(19,29)	(20,28)	(20,29)	(21,28)	(21,29)	(22,29)	(23,29)	(24,29)	(25,29)	(26,29)	(27,29)	(33,30)	(33,31)	(33,32)	(33,33)	(34,30)	(34,31)	(34,32)	(34,33)	(35,30)	(35,31)	(35,32)	(35,33)	(36,30)	(36,31)	(36,32)	(36,33)	(37,30)	(37,31)	(37,32)	(37,33)	(37,34)	(38,29)	
(7,30):(7,20)	(7,30)	(8,20)	(8,21)	(8,22)	(8,23)	(8,24)	(8,25)	(8,26)	(8,27)	(8,28)	(8,29)	(9,19)	(9,20)	(9,21)	(9,22)	(9,23)	(9,24)	(9,25)	(9,26)	(9,27)	(9,28)	(9,29)	(10,18)	(10,19)	(10,20)	(10,21)	(10,22)	(10,24)	(10,25)	(10,26)	(10,27)	(10,28)	(10,29)	(11,18)	(11,19)	(11,25)	(11,26)	(11,27)	(11,28)	(11,29)	(12,25)	(12,26)	(12,27)	(12,28)	(12,29)	(13,25)	(13,26)	(13,27)	(13,28)	(13,29)	(14,25)	(14,26)	(14,27)	(14,28)	(14,29)	(15,25)	(15,26)	(15,27)	(15,28)	(15,29)	(16,24)	(16,25)	(16,26)	(16,27)	(16,28)	(16,29)	(17,24)	(17,25)	(17,26)	(17,27)	(17,28)	(17,29)	(18,23)	(18,24)	(18,25)	(18,26)	(18,27)	(18,28)	(18,29)	(19,23)	(19,24)	(19,25)	(19,26)	(19,27)	(19,28)	(19,29)	(20,24)	(20,25)	(20,26)	(20,27)	(20,28)	(20,29)	(21,24)	(21,25)	(21,26)	(21,27)	(21,28)	(21,29)	(22,24)	(22,25)	(22,26)	(22,27)	(22,28)	(22,29)	(23,24)	(23,25)	(23,26)	(23,27)	(23,28)	(23,29)	(24,24)	(24,25)	(24,26)	(24,27)	(24,28)	(24,29)	(25,23)	(25,24)	(25,25)	(25,26)	(25,27)	(25,28)	(25,29)	(26,26)	(26,27)	(26,28)	(26,29)	(27,27)	(27,29)	(30,26)	(31,26)	(32,26)	(33,26)	(33,30)	(34,30)	(35,30)	(36,25)	(36,30)	(37,30)	(38,29)	
(7,20):(4,19)	(4,20)	(7,20)	(7,30)	(8,20)	(8,21)	(8,22)	(8,23)	(8,24)	(8,25)	(8,26)	(8,27)	(8,28)	(8,29)	(9,19)	(9,20)	(9,21)	(9,22)	(9,23)	(9,24)	(9,25)	(9,26)	(9,27)	(9,28)	(9,29)	(10,19)	(10,20)	(10,21)	(10,22)	(10,24)	(10,25)	(10,26)	(10,27)	(10,28)	(10,29)	(11,18)	(11,19)	(11,20)	(11,21)	(11,26)	(11,27)	(11,28)	(11,29)	(12,18)	(12,19)	(12,20)	(12,21)	(12,27)	(12,28)	(12,29)	(13,22)	(13,28)	(13,29)	
(4,20):(4,19)	(4,20)	(7,20)	(8,20)	(9,19)	(9,20)	(10,19)	(10,20)	(11,19)	(11,20)	(12,19)	(12,20)	
(4,19):(4,19)	(4,20)	(7,20)	(8,20)	(9,19)	(9,20)	(10,19)	(10,20)	(10,21)	(11,19)	(11,20)	(11,21)	(12,19)	(12,20)	(12,21)	(13,22)	
(9,19):(4,19)	(4,20)	(7,20)	(7,30)	(8,20)	(8,21)	(8,22)	(8,23)	(8,24)	(8,25)	(8,26)	(8,27)	(8,28)	(8,29)	(9,17)	(9,19)	(9,20)	(9,21)	(9,22)	(9,23)	(9,24)	(9,25)	(9,26)	(9,27)	(9,28)	(9,29)	(10,18)	(10,19)	(10,20)	(10,21)	(10,22)	(10,24)	(10,25)	(10,26)	(10,27)	(10,28)	(10,29)	(11,18)	(11,19)	(11,20)	(11,21)	(11,29)	(12,17)	(12,18)	(12,19)	(12,20)	(12,21)	(13,22)	
(9,17):(9,17)	(9,19)	(9,20)	(9,21)	(9,22)	(9,23)	(9,24)	(9,25)	(9,26)	(9,27)	(9,28)	(9,29)	(10,18)	(10,19)	(10,20)	(10,21)	(10,22)	(10,24)	(10,25)	(10,26)	(10,27)	(10,28)	(10,29)	(11,18)	(11,19)	(11,20)	(11,21)	(12,17)	(12,18)	(12,19)	(12,20)	(12,21)	(13,22)	
(12,17):(8,20)	(8,21)	(8,22)	(8,23)	(8,24)	(8,25)	(8,26)	(8,27)	(9,17)	(9,19)	(9,20)	(9,21)	(9,22)	(9,23)	(9,24)	(10,18)	(10,19)	(10,20)	(10,21)	(10,22)	(11,18)	(11,19)	(11,20)	(11,21)	(12,12)	(12,13)	(12,14)	(12,15)	(12,16)	(12,17)	(12,18)	(12,19)	(12,20)	(12,21)	(13,11)	(13,22)	
(12,16):(2,4)	(2,5)	(2,6)	(3,5)	(3,6)	(3,7)	(4,6)	(4,7)	(4,8)	(5,8)	(5,9)	(6,9)	(6,10)	(7,10)	(7,11)	(8,11)	(8,12)	(9,12)	(9,13)	(10,12)	(10,13)	(10,14)	(11,12)	(11,13)	(11,14)	(11,15)	(11,16)	(12,12)	(12,13)	(12,14)	(12,15)	(12,16)	(12,17)	(12,18)	(12,19)	(12,20)	(12,21)	(13,11)	(13,22)	
(11,16):(11,12)	(11,13)	(11,14)	(11,15)	(11,16)	(12,12)	(12,13)	(12,14)	(12,15)	(12,16)	(13,11)	
(11,15):(2,4)	(2,5)	(2,6)	(2,7)	(2,8)	(2,9)	(3,5)	(3,6)	(3,7)	(3,8)	(3,9)	(3,10)	(4,6)	(4,7)	(4,8)	(4,9)	(4,10)	(5,7)	(5,8)	(5,9)	(5,10)	(5,11)	(6,9)	(6,10)	(6,11)	(6,12)	(6,15)	(7,10)	(7,11)	(7,12)	(7,13)	(7,14)	(8,11)	(8,12)	(8,13)	(8,14)	(9,12)	(9,13)	(9,14)	(10,12)	(10,13)	(10,14)	(11,12)	(11,13)	(11,14)	(11,15)	(11,16)	(12,12)	(12,13)	(12,14)	(12,15)	(12,16)	(13,11)	
(6,15):(6,7)	(6,8)	(6,9)	(6,10)	(6,11)	(6,12)	(6,15)	(7,7)	(7,8)	(7,9)	(7,10)	(7,11)	(7,12)	(7,13)	(7,14)	(8,7)	(8,8)	(8,11)	(8,12)	(8,13)	(8,14)	(9,12)	(9,13)	(9,14)	(10,12)	(10,13)	(10,14)	(11,12)	(11,13)	(11,14)	(11,15)	(12,12)	(12,13)	(12,14)	(12,15)	(13,11)	
(6,12):(1,2)	(2,3)	(2,4)	(2,5)	(2,6)	(2,7)	(2,8)	(2,9)	(2,10)	(2,12)	(3,5)	(3,6)	(3,7)	(3,8)	(3,9)	(3,10)	(3,11)	(4,6)	(4,7)	(4,8)	(4,9)	(4,10)	(4,11)	(5,6)	(5,7)	(5,8)	(5,9)	(5,10)	(5,11)	(6,7)	(6,8)	(6,9)	(6,10)	(6,11)	(6,12)	(6,15)	(7,7)	(7,8)	(7,9)	(7,10)	(7,11)	(7,12)	(7,13)	(7,14)	(8,7)	(8,8)	(8,11)	(8,12)	(8,13)	(8,14)	(9,12)	(9,13)	(9,14)	(10,12)	(10,13)	(10,14)	(11,12)	(11,13)	(11,14)	(11,15)	(12,12)	(12,13)	(12,14)	(12,15)	(13,11)	
(2,12):(2,3)	(2,4)	(2,5)	(2,6)	(2,7)	(2,8)	(2,9)	(2,10)	(2,12)	(3,2)	(3,5)	(3,6)	(3,7)	(3,8)	(3,9)	(3,10)	(3,11)	(4,6)	(4,7)	(4,8)	(4,9)	(4,10)	(4,11)	(5,5)	(5,6)	(5,7)	(5,8)	(5,9)	(5,10)	(5,11)	(6,7)	(6,8)	(6,9)	(6,10)	(6,11)	(6,12)	(7,7)	(7,8)	(7,9)	(7,10)	(7,11)	(7,12)	(8,7)	(8,8)	(8,11)	(8,12)	(9,7)	(9,12)	(10,12)	(11,12)	(12,12)	(13,11)	
(2,10):(1,2)	(1,10)	(2,3)	(2,4)	(2,5)	(2,6)	(2,7)	(2,8)	(2,9)	(2,10)	(2,12)	(3,2)	(3,5)	(3,6)	(3,7)	(3,8)	(3,9)	(3,10)	(3,11)	(4,6)	(4,7)	(4,8)	(4,9)	(4,10)	(4,11)	(5,5)	(5,6)	(5,7)	(5,8)	(5,9)	(5,10)	(5,11)	(6,7)	(6,8)	(6,9)	(6,10)	(6,11)	(6,12)	(7,7)	(7,8)	(7,9)	(7,10)	(7,11)	(7,12)	(8,7)	(8,8)	(8,11)	(8,12)	(8,13)	(9,7)	(9,12)	(9,13)	(10,7)	(10,12)	(10,13)	(10,14)	(11,7)	(11,12)	(11,13)	(11,14)	(12,12)	(12,13)	(12,14)	(12,15)	
(1,10):(1,2)	(1,10)	(2,3)	(2,4)	(2,5)	(2,6)	(2,7)	(2,8)	(2,9)	(2,10)	(3,2)	(3,5)	(3,6)	(3,7)	(3,8)	(3,9)	(3,10)	(4,6)	(4,7)	(4,8)	(4,9)	(4,10)	(5,5)	(5,6)	(5,7)	(5,8)	(5,9)	(5,10)	(6,7)	(6,8)	(6,9)	(6,10)	(7,7)	(7,8)	(7,9)	(7,10)	(8,7)	(8,8)	(9,7)	(10,7)	(11,7)	(15,6)	
(1,2):(1,2)	(1,10)	(2,3)	(2,4)	(2,5)	(2,6)	(2,7)	(2,8)	(2,9)	(2,10)	(3,2)	(3,5)	(3,6)	(3,7)	(3,8)	(3,9)	(3,10)	(3,11)	(4,7)	(4,8)	(4,9)	(4,10)	(4,11)	(5,8)	(5,9)	(5,10)	(5,11)	(6,10)	(6,11)	(6,12)	(7,11)	(7,12)	(7,13)	(7,14)	(8,13)	(8,14)	(9,14)	
(3,2):(1,2)	(1,10)	(2,3)	(2,4)	(2,5)	(2,6)	(2,7)	(2,8)	(2,9)	(2,10)	(2,12)	(3,2)	(3,5)	(3,6)	(3,7)	(3,8)	(3,9)	(3,10)	(3,11)	
(3,5):(1,2)	(1,10)	(2,3)	(2,4)	(2,5)	(2,6)	(2,7)	(2,8)	(2,9)	(2,10)	(2,12)	(3,2)	(3,5)	(3,6)	(3,7)	(3,8)	(3,9)	(3,10)	(3,11)	(4,6)	(4,7)	(4,8)	(4,9)	(4,10)	(4,11)	(5,5)	(5,6)	(5,7)	(5,8)	(5,9)	(5,10)	(5,11)	(6,7)	(6,8)	(6,9)	(6,10)	(6,11)	(6,12)	(7,7)	(7,8)	(7,9)	(7,10)	(7,11)	(7,12)	(7,13)	(7,14)	(8,8)	(8,11)	(8,12)	(8,13)	(8,14)	(9,13)	(9,14)	(10,14)	(11,15)	(12,16)	
(5,5):(1,10)	(2,5)	(2,6)	(2,7)	(2,8)	(2,9)	(2,10)	(2,12)	(3,5)	(3,6)	(3,7)	(3,8)	(3,9)	(3,10)	(3,11)	(4,6)	(4,7)	(4,8)	(4,9)	(4,10)	(4,11)	(5,5)	(5,6)	(5,7)	(5,8)	(5,9)	(5,10)	(5,11)	
(5,6):(1,10)	(2,5)	(2,6)	(2,7)	(2,8)	(2,9)	(2,10)	(2,12)	(3,5)	(3,6)	(3,7)	(3,8)	(3,9)	(3,10)	(3,11)	(4,6)	(4,7)	(4,8)	(4,9)	(4,10)	(4,11)	(5,5)	(5,6)	(5,7)	(5,8)	(5,9)	(5,10)	(5,11)	(6,7)	(6,8)	(6,9)	(6,10)	(6,11)	(6,12)	(7,7)	(7,8)	(7,9)	(7,10)	(7,11)	(7,12)	(7,13)	(7,14)	(8,7)	(8,8)	(8,11)	(8,12)	(8,13)	(8,14)	(9,7)	(9,13)	(9,14)	(10,7)	(11,7)	(12,7)	(13,7)	(14,7)	(14,8)	(15,6)	(15,7)	
(15,6):(1,10)	(2,6)	(2,7)	(2,8)	(2,9)	(3,6)	(3,7)	(3,8)	(3,9)	(4,6)	(4,7)	(4,8)	(4,9)	(5,6)	(5,7)	(5,8)	(6,7)	(6,8)	(7,7)	(7,8)	(8,7)	(8,8)	(9,7)	(10,7)	(11,7)	(12,7)	(13,7)	(14,7)	(15,6)	(15,7)	
(15,7):(2,6)	(2,7)	(3,6)	(3,7)	(4,6)	(4,7)	(5,6)	(5,7)	(6,7)	(7,7)	(8,7)	(9,7)	(10,7)	(11,7)	(12,7)	(13,7)	(14,7)	(15,6)	(15,7)	
(14,7):(2,6)	(2,7)	(2,8)	(2,9)	(3,6)	(3,7)	(3,8)	(4,6)	(4,7)	(4,8)	(5,6)	(5,7)	(5,8)	(6,7)	(6,8)	(7,7)	(7,8)	(8,7)	(8,8)	(9,7)	(10,7)	(11,7)	(12,7)	(13,7)	(14,7)	(14,8)	(15,6)	(15,7)	
(14,8):(2,6)	(2,7)	(2,8)	(3,6)	(3,7)	(3,8)	(4,6)	(4,7)	(4,8)	(5,6)	(5,7)	(5,8)	(6,7)	(6,8)	(7,7)	(7,8)	(8,7)	(8,8)	(9,7)	(10,7)	(11,7)	(12,7)	(13,7)	(14,7)	(14,8)	
(8,8):(1,10)	(2,5)	(2,6)	(2,7)	(2,8)	(2,9)	(2,10)	(2,12)	(3,5)	(3,6)	(3,7)	(3,8)	(3,9)	(3,10)	(3,11)	(4,6)	(4,7)	(4,8)	(4,9)	(4,10)	(4,11)	(5,6)	(5,7)	(5,8)	(5,9)	(5,10)	(5,11)	(6,7)	(6,8)	(6,9)	(6,10)	(6,11)	(6,12)	(6,15)	(7,7)	(7,8)	(7,9)	(7,10)	(7,11)	(7,12)	(7,13)	(7,14)	(8,7)	(8,8)	(8,11)	(8,12)	(8,13)	(8,14)	(9,7)	(10,7)	(11,7)	(12,7)	(13,7)	(14,7)	(14,8)	(15,6)	
(8,11):(2,4)	(2,5)	(2,6)	(2,7)	(2,8)	(2,9)	(2,10)	(2,12)	(3,5)	(3,6)	(3,7)	(3,8)	(3,9)	(3,10)	(3,11)	(4,6)	(4,7)	(4,8)	(4,9)	(4,10)	(4,11)	(5,6)	(5,7)	(5,8)	(5,9)	(5,10)	(5,11)	(6,7)	(6,8)	(6,9)	(6,10)	(6,11)	(6,12)	(6,15)	(7,7)	(7,8)	(7,9)	(7,10)	(7,11)	(7,12)	(7,13)	(7,14)	(8,7)	(8,8)	(8,11)	(8,12)	(8,13)	(8,14)	(9,12)	(9,13)	(9,14)	(10,12)	(10,13)	(10,14)	(11,12)	(11,13)	(11,14)	(11,15)	(12,12)	(12,13)	(12,14)	(12,15)	(12,16)	(13,11)	
(13,11):(2,12)	(3,11)	(4,11)	(5,11)	(6,11)	(6,12)	(6,15)	(7,11)	(7,12)	(7,13)	(7,14)	(8,11)	(8,12)	(8,13)	(8,14)	(9,12)	(9,13)	(9,14)	(10,12)	(10,13)	(10,14)	(11,12)	(11,13)	(11,14)	(11,15)	(11,16)	(12,12)	(12,13)	(12,14)	(12,15)	(12,16)	(12,17)	(12,18)	(12,19)	(12,20)	(12,21)	(13,11)	(13,22)	
(13,22):(4,19)	(7,20)	(8,20)	(8,21)	(8,22)	(9,17)	(9,19)	(9,20)	(9,21)	(9,22)	(10,18)	(10,19)	(10,20)	(10,21)	(10,22)	(11,18)	(11,19)	(11,20)	(11,21)	(12,12)	(12,13)	(12,14)	(12,15)	(12,16)	(12,17)	(12,18)	(12,19)	(12,20)	(12,21)	(13,11)	(13,22)	
(10,22):(7,20)	(7,30)	(8,20)	(8,21)	(8,22)	(8,23)	(8,24)	(8,25)	(8,26)	(8,27)	(8,28)	(8,29)	(9,17)	(9,19)	(9,20)	(9,21)	(9,22)	(9,23)	(9,24)	(9,25)	(9,26)	(9,27)	(9,28)	(9,29)	(10,18)	(10,19)	(10,20)	(10,21)	(10,22)	(10,24)	(10,25)	(10,26)	(10,27)	(10,28)	(10,29)	(11,18)	(11,19)	(11,20)	(11,21)	(12,17)	(12,18)	(12,19)	(12,20)	(12,21)	(13,22)	
(10,24):(7,20)	(7,30)	(8,20)	(8,21)	(8,22)	(8,23)	(8,24)	(8,25)	(8,26)	(8,27)	(8,28)	(8,29)	(9,17)	(9,19)	(9,20)	(9,21)	(9,22)	(9,23)	(9,24)	(9,25)	(9,26)	(9,27)	(9,28)	(9,29)	(10,18)	(10,19)	(10,20)	(10,21)	(10,22)	(10,24)	(10,25)	(10,26)	(10,27)	(10,28)	(10,29)	(11,25)	(11,26)	(11,27)	(11,28)	(11,29)	(12,25)	(12,26)	(12,27)	(12,28)	(12,29)	(13,25)	(13,26)	(13,27)	(13,28)	(13,29)	(14,25)	(14,26)	(14,27)	(14,28)	(14,29)	(15,25)	(15,26)	(15,27)	(15,28)	(15,29)	(16,24)	(16,25)	(16,26)	(16,27)	(16,28)	(16,29)	(17,24)	(17,25)	(17,26)	(17,27)	(17,28)	(17,29)	(18,24)	(18,25)	(18,26)	(18,27)	(18,28)	(18,29)	(19,24)	(19,25)	(19,26)	(19,27)	(19,28)	(19,29)	(20,24)	(20,25)	(20,26)	(20,27)	(20,28)	(20,29)	(21,24)	(21,25)	(21,26)	(21,27)	(21,28)	(21,29)	(22,24)	(22,25)	(22,26)	(22,27)	(22,28)	(22,29)	(23,24)	(23,25)	(23,26)	(23,27)	(23,28)	(23,29)	(24,24)	(24,25)	(24,26)	(24,27)	(24,28)	(24,29)	(25,24)	(25,25)	(25,26)	(25,27)	(25,28)	(25,29)	(26,26)	(26,27)	(26,28)	(26,29)	(27,27)	(27,29)	(29,27)	(30,27)	(31,27)	(32,27)	(33,27)	(34,27)	(36,28)	
(16,24):(7,30)	(8,24)	(8,25)	(8,26)	(8,27)	(8,28)	(8,29)	(9,24)	(9,25)	(9,26)	(9,27)	(9,28)	(9,29)	(10,24)	(10,25)	(10,26)	(10,27)	(10,28)	(10,29)	(11,25)	(11,26)	(11,27)	(11,28)	(11,29)	(12,25)	(12,26)	(12,27)	(12,28)	(12,29)	(13,25)	(13,26)	(13,27)	(13,28)	(13,29)	(14,25)	(14,26)	(14,27)	(14,28)	(14,29)	(15,25)	(15,26)	(15,27)	(15,28)	(15,29)	(16,21)	(16,24)	(16,25)	(16,26)	(16,27)	(16,28)	(16,29)	(17,21)	(17,22)	(17,23)	(17,24)	(17,25)	(17,26)	(17,27)	(17,28)	(17,29)	(18,18)	(18,19)	(18,20)	(18,21)	(18,22)	(18,23)	(18,24)	(18,25)	(18,26)	(18,27)	(18,28)	(18,29)	(19,18)	(19,23)	(19,24)	(19,25)	(19,26)	(19,27)	(19,28)	(19,29)	(20,24)	(20,25)	(20,26)	(20,27)	(20,28)	(20,29)	(21,24)	(21,25)	(21,26)	(21,27)	(21,28)	(21,29)	(22,24)	(22,25)	(22,26)	(22,27)	(22,28)	(22,29)	(23,24)	(23,25)	(23,26)	(23,27)	(23,28)	(23,29)	(24,24)	(24,25)	(24,26)	(24,27)	(24,28)	(24,29)	(25,23)	(25,24)	(25,25)	(25,26)	(25,27)	(25,28)	(25,29)	(26,26)	(26,27)	(26,28)	(26,29)	(27,27)	(27,29)	(29,27)	(30,27)	(31,27)	(36,28)	
(16,21):(16,21)	(16,24)	(16,25)	(16,26)	(16,27)	(16,28)	(16,29)	(17,21)	(17,22)	(17,23)	(17,24)	(17,25)	(17,26)	(17,27)	(17,28)	(17,29)	(18,21)	(18,22)	(18,23)	(18,24)	(18,25)	(18,26)	(18,27)	(18,28)	(18,29)	(19,23)	(19,24)	(19,25)	(19,26)	(19,27)	(19,28)	(19,29)	(20,24)	(20,25)	(20,26)	(20,27)	(20,28)	(20,29)	(21,25)	(21,26)	(21,27)	(21,28)	(21,29)	(22,25)	(22,26)	(22,27)	(22,28)	(22,29)	(23,26)	(23,27)	(23,28)	(23,29)	(24,27)	(24,28)	(24,29)	(25,27)	(25,28)	(25,29)	(26,28)	(26,29)	(27,29)	
(17,21):(15,27)	(15,28)	(15,29)	(16,21)	(16,24)	(16,25)	(16,26)	(16,27)	(16,28)	(16,29)	(17,13)	(17,21)	(17,22)	(17,23)	(17,24)	(17,25)	(17,26)	(17,27)	(17,28)	(17,29)	(18,13)	(18,18)	(18,19)	(18,20)	(18,21)	(18,22)	(18,23)	(18,24)	(18,25)	(18,26)	(18,27)	(18,28)	(18,29)	(19,18)	(19,23)	(19,24)	(19,25)	(19,26)	(19,27)	(19,28)	(19,29)	(20,24)	(20,25)	(20,26)	(20,27)	(20,28)	(20,29)	(21,25)	(21,26)	(21,27)	(21,28)	(21,29)	(22,26)	(22,27)	(22,28)	(22,29)	(23,27)	(23,28)	(23,29)	(24,28)	(24,29)	(25,29)	
(17,13):(17,13)	(17,21)	(17,22)	(17,23)	(17,24)	(17,25)	(17,26)	(17,27)	(17,28)	(17,29)	(18,13)	(18,18)	(18,19)	(18,20)	(18,21)	(18,22)	(18,23)	(18,24)	(18,25)	(18,26)	(18,27)	(18,28)	(18,29)	(19,23)	(19,24)	(19,25)	(19,26)	(19,27)	(19,28)	(19,29)	(20,28)	(20,29)	
(18,13):(16,29)	(17,13)	(17,21)	(17,22)	(17,23)	(17,24)	(17,25)	(17,26)	(17,27)	(17,28)	(17,29)	(18,13)	(18,18)	(18,19)	(18,20)	(18,21)	(18,22)	(18,23)	(18,24)	(18,25)	(18,26)	(18,27)	(18,28)	(18,29)	
(18,18):(15,27)	(15,28)	(15,29)	(16,24)	(16,25)	(16,26)	(16,27)	(16,28)	(16,29)	(17,13)	(17,21)	(17,22)	(17,23)	(17,24)	(17,25)	(17,26)	(17,27)	(17,28)	(17,29)	(18,13)	(18,18)	(18,19)	(18,20)	(18,21)	(18,22)	(18,23)	(18,24)	(18,25)	(18,26)	(18,27)	(18,28)	(18,29)	(19,18)	(19,23)	(19,24)	(19,25)	(19,26)	(19,27)	(19,28)	(19,29)	(20,28)	(20,29)	
(19,18):(14,28)	(14,29)	(15,26)	(15,27)	(15,28)	(15,29)	(16,24)	(16,25)	(16,26)	(16,27)	(16,28)	(16,29)	(17,21)	(17,22)	(17,23)	(17,24)	(17,25)	(17,26)	(17,27)	(17,28)	(17,29)	(18,18)	(18,19)	(18,20)	(18,21)	(18,22)	(18,23)	(18,24)	(18,25)	(18,26)	(18,27)	(18,28)	(18,29)	(19,18)	(19,23)	(19,24)	(19,25)	(19,26)	(19,27)	(19,28)	(19,29)	
(19,23):(7,30)	(8,27)	(8,28)	(8,29)	(9,27)	(9,28)	(9,29)	(10,26)	(10,27)	(10,28)	(10,29)	(11,26)	(11,27)	(11,28)	(11,29)	(12,26)	(12,27)	(12,28)	(12,29)	(13,25)	(13,26)	(13,27)	(13,28)	(13,29)	(14,25)	(14,26)	(14,27)	(14,28)	(14,29)	(15,25)	(15,26)	(15,27)	(15,28)	(15,29)	(16,21)	(16,24)	(16,25)	(16,26)	(16,27)	(16,28)	(16,29)	(17,13)	(17,21)	(17,22)	(17,23)	(17,24)	(17,25)	(17,26)	(17,27)	(17,28)	(17,29)	(18,18)	(18,19)	(18,20)	(18,21)	(18,22)	(18,23)	(18,24)	(18,25)	(18,26)	(18,27)	(18,28)	(18,29)	(19,18)	(19,23)	(19,24)	(19,25)	(19,26)	(19,27)	(19,28)	(19,29)	(20,24)	(20,25)	(20,26)	(20,27)	(20,28)	(20,29)	(21,24)	(21,25)	(21,26)	(21,27)	(21,28)	(21,29)	(22,24)	(22,25)	(22,26)	(22,27)	(22,28)	(22,29)	(23,24)	(23,25)	(23,26)	(23,27)	(23,28)	(23,29)	(24,24)	(24,25)	(24,26)	(24,27)	(24,28)	(24,29)	(25,23)	(25,24)	(25,25)	(25,26)	(25,27)	(25,28)	(25,29)	(26,26)	(26,27)	(26,28)	(26,29)	(27,27)	(27,29)	
(25,23):(7,30)	(8,25)	(8,26)	(8,27)	(8,28)	(8,29)	(9,25)	(9,26)	(9,27)	(9,28)	(9,29)	(10,25)	(10,26)	(10,27)	(10,28)	(10,29)	(11,25)	(11,26)	(11,27)	(11,28)	(11,29)	(12,25)	(12,26)	(12,27)	(12,28)	(12,29)	(13,25)	(13,26)	(13,27)	(13,28)	(13,29)	(14,25)	(14,26)	(14,27)	(14,28)	(14,29)	(15,25)	(15,26)	(15,27)	(15,28)	(15,29)	(16,24)	(16,25)	(16,26)	(16,27)	(16,28)	(16,29)	(17,23)	(17,24)	(17,25)	(17,26)	(17,27)	(17,28)	(17,29)	(18,23)	(18,24)	(18,25)	(18,26)	(18,27)	(18,28)	(18,29)	(19,23)	(19,24)	(19,25)	(19,26)	(19,27)	(19,28)	(19,29)	(20,24)	(20,25)	(20,26)	(20,27)	(20,28)	(20,29)	(21,24)	(21,25)	(21,26)	(21,27)	(21,28)	(21,29)	(22,24)	(22,25)	(22,26)	(22,27)	(22,28)	(22,29)	(23,24)	(23,25)	(23,26)	(23,27)	(23,28)	(23,29)	(24,24)	(24,25)	(24,26)	(24,27)	(24,28)	(24,29)	(25,10)	(25,11)	(25,12)	(25,13)	(25,14)	(25,23)	(25,24)	(25,25)	(25,26)	(25,27)	(25,28)	(25,29)	(26,9)	(26,26)	(26,27)	(26,28)	(26,29)	(27,29)	
(25,14):(21,1)	(21,14)	(22,3)	(22,4)	(22,5)	(22,6)	(22,7)	(22,8)	(22,9)	(22,10)	(22,11)	(22,12)	(22,13)	(23,4)	(23,5)	(23,6)	(23,7)	(23,8)	(23,9)	(23,10)	(23,11)	(23,12)	(23,13)	(24,9)	(24,10)	(24,11)	(24,12)	(24,13)	(25,10)	(25,11)	(25,12)	(25,13)	(25,14)	(25,23)	(25,24)	(25,25)	(25,26)	(25,27)	(25,28)	(25,29)	(26,9)	(26,26)	(26,27)	(26,28)	(26,29)	
(21,14):(21,1)	(21,14)	(22,1)	(22,3)	(22,4)	(22,5)	(22,6)	(22,7)	(22,8)	(22,9)	(22,10)	(22,11)	(22,12)	(22,13)	(23,3)	(23,4)	(23,5)	(23,6)	(23,7)	(23,8)	(23,9)	(23,10)	(23,11)	(23,12)	(23,13)	(24,4)	(24,9)	(24,10)	(24,11)	(24,12)	(24,13)	(25,10)	(25,11)	(25,12)	(25,13)	(25,14)	(26,9)	
(21,1):(21,1)	(21,14)	(22,1)	(22,3)	(22,4)	(22,5)	(22,6)	(22,7)	(22,8)	(22,9)	(22,10)	(22,11)	(22,12)	(22,13)	(23,5)	(23,6)	(23,7)	(23,8)	(23,9)	(23,10)	(23,11)	(23,12)	(23,13)	(24,9)	(24,10)	(24,11)	(24,12)	(24,13)	(25,12)	(25,13)	(25,14)	
(22,1):(21,1)	(21,14)	(22,1)	(22,3)	(22,4)	(22,5)	(22,6)	(22,7)	(22,8)	(22,9)	(22,10)	(22,11)	(22,12)	(22,13)	
(22,3):(21,1)	(21,14)	(22,1)	(22,3)	(22,4)	(22,5)	(22,6)	(22,7)	(22,8)	(22,9)	(22,10)	(22,11)	(22,12)	(22,13)	(23,3)	(23,4)	(23,5)	(23,6)	(23,7)	(23,8)	(23,9)	(23,10)	(23,11)	(23,12)	(23,13)	(24,9)	(24,10)	(24,11)	(24,12)	(24,13)	(25,12)	(25,13)	(25,14)	
(23,3):(21,14)	(22,3)	(22,4)	(22,5)	(22,6)	(22,7)	(22,8)	(22,9)	(22,10)	(22,11)	(22,12)	(22,13)	(23,3)	(23,4)	(23,5)	(23,6)	(23,7)	(23,8)	(23,9)	(23,10)	(23,11)	(23,12)	(23,13)	
(23,4):(21,14)	(22,3)	(22,4)	(22,5)	(22,6)	(22,7)	(22,8)	(22,9)	(22,10)	(22,11)	(22,12)	(22,13)	(23,3)	(23,4)	(23,5)	(23,6)	(23,7)	(23,8)	(23,9)	(23,10)	(23,11)	(23,12)	(23,13)	(24,4)	(24,9)	(24,10)	(24,11)	(24,12)	(24,13)	(25,14)	
(24,4):(21,14)	(22,4)	(22,5)	(22,6)	(22,7)	(22,8)	(22,9)	(22,10)	(22,11)	(22,12)	(22,13)	(23,4)	(23,5)	(23,6)	(23,7)	(23,8)	(23,9)	(23,10)	(23,11)	(23,12)	(23,13)	(24,4)	(24,9)	(24,10)	(24,11)	(24,12)	(24,13)	
(24,9):(21,1)	(21,14)	(22,3)	(22,4)	(22,5)	(22,6)	(22,7)	(22,8)	(22,9)	(22,10)	(22,11)	(22,12)	(22,13)	(23,4)	(23,5)	(23,6)	(23,7)	(23,8)	(23,9)	(23,10)	(23,11)	(23,12)	(23,13)	(24,4)	(24,9)	(24,10)	(24,11)	(24,12)	(24,13)	(25,10)	(25,11)	(25,12)	(25,13)	(25,14)	(26,9)	
(26,9):(21,14)	(22,9)	(22,10)	(22,11)	(22,12)	(22,13)	(23,9)	(23,10)	(23,11)	(23,12)	(23,13)	(24,9)	(24,10)	(24,11)	(24,12)	(24,13)	(25,10)	(25,11)	(25,12)	(25,13)	(25,14)	(25,23)	(25,24)	(25,25)	(25,26)	(25,27)	(25,28)	(25,29)	(26,9)	(26,26)	(26,27)	(26,28)	(26,29)	
(26,26):(7,30)	(8,24)	(8,25)	(8,26)	(8,27)	(8,28)	(8,29)	(9,24)	(9,25)	(9,26)	(9,27)	(9,28)	(9,29)	(10,24)	(10,25)	(10,26)	(10,27)	(10,28)	(10,29)	(11,25)	(11,26)	(11,27)	(11,28)	(11,29)	(12,25)	(12,26)	(12,27)	(12,28)	(12,29)	(13,25)	(13,26)	(13,27)	(13,28)	(13,29)	(14,25)	(14,26)	(14,27)	(14,28)	(14,29)	(15,25)	(15,26)	(15,27)	(15,28)	(15,29)	(16,24)	(16,25)	(16,26)	(16,27)	(16,28)	(16,29)	(17,23)	(17,24)	(17,25)	(17,26)	(17,27)	(17,28)	(17,29)	(18,23)	(18,24)	(18,25)	(18,26)	(18,27)	(18,28)	(18,29)	(19,23)	(19,24)	(19,25)	(19,26)	(19,27)	(19,28)	(19,29)	(20,24)	(20,25)	(20,26)	(20,27)	(20,28)	(20,29)	(21,24)	(21,25)	(21,26)	(21,27)	(21,28)	(21,29)	(22,24)	(22,25)	(22,26)	(22,27)	(22,28)	(22,29)	(23,24)	(23,25)	(23,26)	(23,27)	(23,28)	(23,29)	(24,24)	(24,25)	(24,26)	(24,27)	(24,28)	(24,29)	(25,10)	(25,11)	(25,12)	(25,13)	(25,14)	(25,23)	(25,24)	(25,25)	(25,26)	(25,27)	(25,28)	(25,29)	(26,9)	(26,26)	(26,27)	(26,28)	(26,29)	(27,27)	(27,29)	(29,27)	(30,26)	(30,27)	(31,26)	(31,27)	(32,26)	(32,27)	(33,26)	(33,27)	(34,26)	(34,27)	(35,26)	(35,27)	(36,28)	
(30,26):(7,30)	(8,26)	(8,27)	(8,28)	(8,29)	(9,26)	(9,27)	(9,28)	(9,29)	(10,26)	(10,27)	(10,28)	(10,29)	(11,26)	(11,27)	(11,28)	(11,29)	(12,26)	(12,27)	(12,28)	(12,29)	(13,26)	(13,27)	(13,28)	(13,29)	(14,26)	(14,27)	(14,28)	(14,29)	(15,26)	(15,27)	(15,28)	(15,29)	(16,26)	(16,27)	(16,28)	(16,29)	(17,26)	(17,27)	(17,28)	(17,29)	(18,26)	(18,27)	(18,28)	(18,29)	(19,26)	(19,27)	(19,28)	(19,29)	(20,26)	(20,27)	(20,28)	(20,29)	(21,26)	(21,27)	(21,28)	(21,29)	(22,26)	(22,27)	(22,28)	(23,26)	(23,27)	(23,28)	(24,26)	(24,27)	(24,28)	(25,26)	(25,27)	(26,26)	(26,27)	(27,27)	(29,27)	(29,28)	(30,25)	(30,26)	(30,27)	(31,26)	(31,27)	(32,26)	(32,27)	(33,26)	(33,27)	(34,26)	(34,27)	(35,26)	(35,27)	(36,25)	(36,28)	
(30,25):18.000000
(36,25):37.666668
(36,28):36.120880
(29,28):19.750000
(29,27):76.877190
(27,27):140.044113
(27,29):144.240189
(38,29):62.549999
(38,38):20.958334
(35,38):9.750000
(35,37):12.000000
(34,37):8.333333
(34,36):13.666667
(31,36):7.083333
(31,35):9.666667
(37,35):20.000000
(37,34):44.944443
(28,34):29.000000
(28,33):32.555557
(20,33):19.500000
(20,32):24.058823
(32,32):42.200001
(32,31):18.299999
(33,31):30.375000
(33,30):84.833336
(7,30):166.568314
(7,20):62.500000
(4,20):10.600000
(4,19):15.000000
(9,19):56.933334
(9,17):30.571428
(12,17):41.916668
(12,16):36.044445
(11,16):10.000000
(11,15):59.000000
(6,15):38.571430
(6,12):75.938095
(2,12):50.000000
(2,10):71.166664
(1,10):45.000000
(1,2):39.833332
(3,2):18.000000
(3,5):59.282539
(5,5):26.000000
(5,6):68.050003
(15,6):33.500000
(15,7):14.800000
(14,7):31.972221
(14,8):27.777779
(8,8):63.366665
(8,11):74.266670
(13,11):42.083332
(13,22):35.583332
(10,22):52.000000
(10,24):143.658340
(16,24):143.488892
(16,21):62.354168
(17,21):68.500000
(17,13):31.400000
(18,13):22.062500
(18,18):47.400002
(19,18):41.250000
(19,23):129.833328
(25,23):136.166672
(25,14):57.521214
(21,14):44.000000
(21,1):37.291668
(22,1):13.000000
(22,3):39.333332
(23,3):22.000000
(23,4):35.000000
(24,4):30.000000
(24,9):45.733334
(26,9):42.750000
(26,26):160.199402
(30,26):88.500000
(30,25),(36,25):18.000000
(30,25),(36,28):18.000000
(30,25),(29,28):17.750000
(30,25),(29,27):17.500000
(30,25),(27,27):10.500000
(30,25),(27,29):0.000000
(30,25),(38,29):0.000000
(30,25),(38,38):0.000000
(30,25),(35,38):0.000000
(30,25),(35,37):0.000000
(30,25),(34,37):0.000000
(30,25),(34,36):0.000000
(30,25),(31,36):0.000000
(30,25),(31,35):0.000000
(30,25),(37,35):0.000000
(30,25),(37,34):0.000000
(30,25),(28,34):0.000000
(30,25),(28,33):0.000000
(30,25),(20,33):0.000000
(30,25),(20,32):0.000000
(30,25),(32,32):0.000000
(30,25),(32,31):0.000000
(30,25),(33,31):0.000000
(30,25),(33,30):0.000000
(30,25),(7,30):3.725000
(30,25),(7,20):0.000000
(30,25),(4,20):0.000000
(30,25),(4,19):0.000000
(30,25),(9,19):0.000000
(30,25),(9,17):0.000000
(30,25),(12,17):0.000000
(30,25),(12,16):0.000000
(30,25),(11,16):0.000000
(30,25),(11,15):0.000000
(30,25),(6,15):0.000000
(30,25),(6,12):0.000000
(30,25),(2,12):0.000000
(30,25),(2,10):0.000000
(30,25),(1,10):0.000000
(30,25),(1,2):0.000000
(30,25),(3,2):0.000000
(30,25),(3,5):0.000000
(30,25),(5,5):0.000000
(30,25),(5,6):0.000000
(30,25),(15,6):0.000000
(30,25),(15,7):0.000000
(30,25),(14,7):0.000000
(30,25),(14,8):0.000000
(30,25),(8,8):0.000000
(30,25),(8,11):0.000000
(30,25),(13,11):0.000000
(30,25),(13,22):0.000000
(30,25),(10,22):0.000000
(30,25),(10,24):4.504386
(30,25),(16,24):2.317949
(30,25),(16,21):0.000000
(30,25),(17,21):0.000000
(30,25),(17,13):0.000000
(30,25),(18,13):0.000000
(30,25),(18,18):0.000000
(30,25),(19,18):0.000000
(30,25),(19,23):0.000000
(30,25),(25,23):0.000000
(30,25),(25,14):0.000000
(30,25),(21,14):0.000000
(30,25),(21,1):0.000000
(30,25),(22,1):0.000000
(30,25),(22,3):0.000000
(30,25),(23,3):0.000000
(30,25),(23,4):0.000000
(30,25),(24,4):0.000000
(30,25),(24,9):0.000000
(30,25),(26,9):0.000000
(30,25),(26,26):11.333333
(30,25),(30,26):18.000000
(36,25),(36,28):21.038462
(36,25),(29,28):19.666666
(36,25),(29,27):21.500000
(36,25),(27,27):29.166666
(36,25),(27,29):16.416666
(36,25),(38,29):6.666667
(36,25),(38,38):0.000000
(36,25),(35,38):0.000000
(36,25),(35,37):0.000000
(36,25),(34,37):0.000000
(36,25),(34,36):0.000000
(36,25),(31,36):0.000000
(36,25),(31,35):0.000000
(36,25),(37,35):0.000000
(36,25),(37,34):0.000000
(36,25),(28,34):0.000000
(36,25),(28,33):0.000000
(36,25),(20,33):0.000000
(36,25),(20,32):0.000000
(36,25),(32,32):0.000000
(36,25),(32,31):0.000000
(36,25),(33,31):0.000000
(36,25),(33,30):12.184524
(36,25),(7,30):21.716667
(36,25),(7,20):5.173280
(36,25),(4,20):0.000000
(36,25),(4,19):0.000000
(36,25),(9,19):2.097312
(36,25),(9,17):1.170266
(36,25),(12,17):0.000000
(36,25),(12,16):0.000000
(36,25),(11,16):0.000000
(36,25),(11,15):0.000000
(36,25),(6,15):0.000000
(36,25),(6,12):0.000000
(36,25),(2,12):0.000000
(36,25),(2,10):0.000000
(36,25),(1,10):0.000000
(36,25),(1,2):0.000000
(36,25),(3,2):0.000000
(36,25),(3,5):0.000000
(36,25),(5,5):0.000000
(36,25),(5,6):0.000000
(36,25),(15,6):0.000000
(36,25),(15,7):0.000000
(36,25),(14,7):0.000000
(36,25),(14,8):0.000000
(36,25),(8,8):0.000000
(36,25),(8,11):0.000000
(36,25),(13,11):0.000000
(36,25),(13,22):0.000000
(36,25),(10,22):1.250000
(36,25),(10,24):22.821428
(36,25),(16,24):20.227272
(36,25),(16,21):7.844444
(36,25),(17,21):8.749825
(36,25),(17,13):2.935465
(36,25),(18,13):2.095441
(36,25),(18,18):6.040628
(36,25),(19,18):6.267677
(36,25),(19,23):16.793333
(36,25),(25,23):16.050514
(36,25),(25,14):0.626180
(36,25),(21,14):0.000000
(36,25),(21,1):0.000000
(36,25),(22,1):0.000000
(36,25),(22,3):0.000000
(36,25),(23,3):0.000000
(36,25),(23,4):0.000000
(36,25),(24,4):0.000000
(36,25),(24,9):0.000000
(36,25),(26,9):0.769055
(36,25),(26,26):30.166666
(36,25),(30,26):37.666668
(36,28),(29,28):19.750000
(36,28),(29,27):35.620880
(36,28),(27,27):27.620878
(36,28),(27,29):14.406593
(36,28),(38,29):0.000000
(36,28),(38,38):0.000000
(36,28),(35,38):0.000000
(36,28),(35,37):0.000000
(36,28),(34,37):0.000000
(36,28),(34,36):0.000000
(36,28),(31,36):0.000000
(36,28),(31,35):0.000000
(36,28),(37,35):0.000000
(36,28),(37,34):0.000000
(36,28),(28,34):0.000000
(36,28),(28,33):0.000000
(36,28),(20,33):0.000000
(36,28),(20,32):0.000000
(36,28),(32,32):0.000000
(36,28),(32,31):0.000000
(36,28),(33,31):0.000000
(36,28),(33,30):0.000000
(36,28),(7,30):20.317221
(36,28),(7,20):0.940879
(36,28),(4,20):0.000000
(36,28),(4,19):0.000000
(36,28),(9,19):0.914997
(36,28),(9,17):0.297161
(36,28),(12,17):0.671800
(36,28),(12,16):0.000000
(36,28),(11,16):0.000000
(36,28),(11,15):0.000000
(36,28),(6,15):0.000000
(36,28),(6,12):0.000000
(36,28),(2,12):0.000000
(36,28),(2,10):0.000000
(36,28),(1,10):0.000000
(36,28),(1,2):0.000000
(36,28),(3,2):0.000000
(36,28),(3,5):0.000000
(36,28),(5,5):0.000000
(36,28),(5,6):0.000000
(36,28),(15,6):0.000000
(36,28),(15,7):0.000000
(36,28),(14,7):0.000000
(36,28),(14,8):0.000000
(36,28),(8,8):0.000000
(36,28),(8,11):0.000000
(36,28),(13,11):0.000000
(36,28),(13,22):0.000000
(36,28),(10,22):0.906593
(36,28),(10,24):20.704212
(36,28),(16,24):17.333334
(36,28),(16,21):6.740260
(36,28),(17,21):5.636364
(36,28),(17,13):2.471148
(36,28),(18,13):1.560572
(36,28),(18,18):3.793226
(36,28),(19,18):3.476191
(36,28),(19,23):10.514286
(36,28),(25,23):11.200000
(36,28),(25,14):0.613769
(36,28),(21,14):0.000000
(36,28),(21,1):0.000000
(36,28),(22,1):0.000000
(36,28),(22,3):0.000000
(36,28),(23,3):0.000000
(36,28),(23,4):0.000000
(36,28),(24,4):0.000000
(36,28),(24,9):0.000000
(36,28),(26,9):0.739528
(36,28),(26,26):28.491072
(36,28),(30,26):23.500000
(29,28),(29,27):19.500000
(29,28),(27,27):11.500000
(29,28),(27,29):0.000000
(29,28),(38,29):0.000000
(29,28),(38,38):0.000000
(29,28),(35,38):0.000000
(29,28),(35,37):0.000000
(29,28),(34,37):0.000000
(29,28),(34,36):0.000000
(29,28),(31,36):0.000000
(29,28),(31,35):0.000000
(29,28),(37,35):0.000000
(29,28),(37,34):0.000000
(29,28),(28,34):0.000000
(29,28),(28,33):0.000000
(29,28),(20,33):0.000000
(29,28),(20,32):0.000000
(29,28),(32,32):0.000000
(29,28),(32,31):0.000000
(29,28),(33,31):0.000000
(29,28),(33,30):0.000000
(29,28),(7,30):4.350000
(29,28),(7,20):0.000000
(29,28),(4,20):0.000000
(29,28),(4,19):0.000000
(29,28),(9,19):0.000000
(29,28),(9,17):0.000000
(29,28),(12,17):0.000000
(29,28),(12,16):0.000000
(29,28),(11,16):0.000000
(29,28),(11,15):0.000000
(29,28),(6,15):0.000000
(29,28),(6,12):0.000000
(29,28),(2,12):0.000000
(29,28),(2,10):0.000000
(29,28),(1,10):0.000000
(29,28),(1,2):0.000000
(29,28),(3,2):0.000000
(29,28),(3,5):0.000000
(29,28),(5,5):0.000000
(29,28),(5,6):0.000000
(29,28),(15,6):0.000000
(29,28),(15,7):0.000000
(29,28),(14,7):0.000000
(29,28),(14,8):0.000000
(29,28),(8,8):0.000000
(29,28),(8,11):0.000000
(29,28),(13,11):0.000000
(29,28),(13,22):0.000000
(29,28),(10,22):0.000000
(29,28),(10,24):5.145833
(29,28),(16,24):2.733333
(29,28),(16,21):0.000000
(29,28),(17,21):0.000000
(29,28),(17,13):0.000000
(29,28),(18,13):0.000000
(29,28),(18,18):0.000000
(29,28),(19,18):0.000000
(29,28),(19,23):0.000000
(29,28),(25,23):0.000000
(29,28),(25,14):0.000000
(29,28),(21,14):0.000000
(29,28),(21,1):0.000000
(29,28),(22,1):0.000000
(29,28),(22,3):0.000000
(29,28),(23,3):0.000000
(29,28),(23,4):0.000000
(29,28),(24,4):0.000000
(29,28),(24,9):0.000000
(29,28),(26,9):0.000000
(29,28),(26,26):12.500000
(29,28),(30,26):19.750000
(29,27),(27,27):68.877190
(29,27),(27,29):55.377193
(29,27),(38,29):0.000000
(29,27),(38,38):0.000000
(29,27),(35,38):0.000000
(29,27),(35,37):0.000000
(29,27),(34,37):0.000000
(29,27),(34,36):0.000000
(29,27),(31,36):0.000000
(29,27),(31,35):0.000000
(29,27),(37,35):0.000000
(29,27),(37,34):0.000000
(29,27),(28,34):0.000000
(29,27),(28,33):0.000000
(29,27),(20,33):0.000000
(29,27),(20,32):0.000000
(29,27),(32,32):0.000000
(29,27),(32,31):0.000000
(29,27),(33,31):0.000000
(29,27),(33,30):5.333333
(29,27),(7,30):60.538303
(29,27),(7,20):13.085526
(29,27),(4,20):0.000000
(29,27),(4,19):0.000000
(29,27),(9,19):10.610526
(29,27),(9,17):3.721805
(29,27),(12,17):5.463002
(29,27),(12,16):0.000000
(29,27),(11,16):0.000000
(29,27),(11,15):0.000000
(29,27),(6,15):0.000000
(29,27),(6,12):0.000000
(29,27),(2,12):0.000000
(29,27),(2,10):0.000000
(29,27),(1,10):0.000000
(29,27),(1,2):0.000000
(29,27),(3,2):0.000000
(29,27),(3,5):0.000000
(29,27),(5,5):0.000000
(29,27),(5,6):0.000000
(29,27),(15,6):0.000000
(29,27),(15,7):0.000000
(29,27),(14,7):0.000000
(29,27),(14,8):0.000000
(29,27),(8,8):0.000000
(29,27),(8,11):0.000000
(29,27),(13,11):0.000000
(29,27),(13,22):0.000000
(29,27),(10,22):9.710526
(29,27),(10,24):59.293861
(29,27),(16,24):58.500000
(29,27),(16,21):22.833334
(29,27),(17,21):20.666666
(29,27),(17,13):8.885715
(29,27),(18,13):5.843333
(29,27),(18,18):14.285714
(29,27),(19,18):13.750000
(29,27),(19,23):41.333332
(29,27),(25,23):49.166668
(29,27),(25,14):1.208333
(29,27),(21,14):0.000000
(29,27),(21,1):0.000000
(29,27),(22,1):0.000000
(29,27),(22,3):0.000000
(29,27),(23,3):0.000000
(29,27),(23,4):0.000000
(29,27),(24,4):0.000000
(29,27),(24,9):0.000000
(29,27),(26,9):1.490033
(29,27),(26,26):69.729164
(29,27),(30,26):41.500000
(27,27),(27,29):126.544121
(27,27),(38,29):20.000000
(27,27),(38,38):0.000000
(27,27),(35,38):0.000000
(27,27),(35,37):0.000000
(27,27),(34,37):0.000000
(27,27),(34,36):0.000000
(27,27),(31,36):0.000000
(27,27),(31,35):0.000000
(27,27),(37,35):0.000000
(27,27),(37,34):0.000000
(27,27),(28,34):0.000000
(27,27),(28,33):0.000000
(27,27),(20,33):0.000000
(27,27),(20,32):0.000000
(27,27),(32,32):0.000000
(27,27),(32,31):0.000000
(27,27),(33,31):0.000000
(27,27),(33,30):53.333332
(27,27),(7,30):129.915543
(27,27),(7,20):32.294117
(27,27),(4,20):0.000000
(27,27),(4,19):0.000000
(27,27),(9,19):22.394117
(27,27),(9,17):8.659664
(27,27),(12,17):6.791370
(27,27),(12,16):0.000000
(27,27),(11,16):0.000000
(27,27),(11,15):0.000000
(27,27),(6,15):0.000000
(27,27),(6,12):0.000000
(27,27),(2,12):0.000000
(27,27),(2,10):0.000000
(27,27),(1,10):0.000000
(27,27),(1,2):0.000000
(27,27),(3,2):0.000000
(27,27),(3,5):0.000000
(27,27),(5,5):0.000000
(27,27),(5,6):0.000000
(27,27),(15,6):0.000000
(27,27),(15,7):0.000000
(27,27),(14,7):0.000000
(27,27),(14,8):0.000000
(27,27),(8,8):0.000000
(27,27),(8,11):0.000000
(27,27),(13,11):0.000000
(27,27),(13,22):0.000000
(27,27),(10,22):18.794117
(27,27),(10,24):119.794121
(27,27),(16,24):127.250000
(27,27),(16,21):57.916668
(27,27),(17,21):53.750000
(27,27),(17,13):19.900000
(27,27),(18,13):12.753676
(27,27),(18,18):33.257141
(27,27),(19,18):32.000000
(27,27),(19,23):112.416664
(27,27),(25,23):117.500000
(27,27),(25,14):5.166667
(27,27),(21,14):0.000000
(27,27),(21,1):0.000000
(27,27),(22,1):0.000000
(27,27),(22,3):0.000000
(27,27),(23,3):0.000000
(27,27),(23,4):0.000000
(27,27),(24,4):0.000000
(27,27),(24,9):0.000000
(27,27),(26,9):6.116667
(27,27),(26,26):134.991074
(27,27),(30,26):80.000000
(27,29),(38,29):33.083332
(27,29),(38,38):3.425725
(27,29),(35,38):0.000000
(27,29),(35,37):0.000000
(27,29),(34,37):0.000000
(27,29),(34,36):0.000000
(27,29),(31,36):0.000000
(27,29),(31,35):0.000000
(27,29),(37,35):1.750000
(27,29),(37,34):7.583333
(27,29),(28,34):2.520833
(27,29),(28,33):0.133333
(27,29),(20,33):0.000000
(27,29),(20,32):0.000000
(27,29),(32,32):5.511905
(27,29),(32,31):0.000000
(27,29),(33,31):7.083333
(27,29),(33,30):66.416664
(27,29),(7,30):138.470581
(27,29),(7,20):32.823528
(27,29),(4,20):0.000000
(27,29),(4,19):0.000000
(27,29),(9,19):22.923529
(27,29),(9,17):8.718488
(27,29),(12,17):7.289319
(27,29),(12,16):0.000000
(27,29),(11,16):0.000000
(27,29),(11,15):0.000000
(27,29),(6,15):0.000000
(27,29),(6,12):0.000000
(27,29),(2,12):0.000000
(27,29),(2,10):0.000000
(27,29),(1,10):0.000000
(27,29),(1,2):0.000000
(27,29),(3,2):0.000000
(27,29),(3,5):0.000000
(27,29),(5,5):0.000000
(27,29),(5,6):0.000000
(27,29),(15,6):0.000000
(27,29),(15,7):0.000000
(27,29),(14,7):0.000000
(27,29),(14,8):0.000000
(27,29),(8,8):0.000000
(27,29),(8,11):0.000000
(27,29),(13,11):0.000000
(27,29),(13,22):0.000000
(27,29),(10,22):19.323530
(27,29),(10,24):120.294365
(27,29),(16,24):130.833328
(27,29),(16,21):59.687500
(27,29),(17,21):54.833332
(27,29),(17,13):20.400000
(27,29),(18,13):13.173214
(27,29),(18,18):33.866665
(27,29),(19,18):32.694443
(27,29),(19,23):116.785713
(27,29),(25,23):120.666664
(27,29),(25,14):6.166667
(27,29),(21,14):0.000000
(27,29),(21,1):0.000000
(27,29),(22,1):0.000000
(27,29),(22,3):0.000000
(27,29),(23,3):0.000000
(27,29),(23,4):0.000000
(27,29),(24,4):0.000000
(27,29),(24,9):0.000000
(27,29),(26,9):7.250000
(27,29),(26,26):129.157745
(27,29),(30,26):66.500000
(38,29),(38,38):12.875000
(38,29),(35,38):4.500000
(38,29),(35,37):4.250000
(38,29),(34,37):2.666667
(38,29),(34,36):3.916667
(38,29),(31,36):1.166667
(38,29),(31,35):2.482456
(38,29),(37,35):9.750000
(38,29),(37,34):36.299999
(38,29),(28,34):25.000000
(38,29),(28,33):20.555555
(38,29),(20,33):8.500000
(38,29),(20,32):12.858824
(38,29),(32,32):30.000000
(38,29),(32,31):18.100000
(38,29),(33,31):30.174999
(38,29),(33,30):51.500000
(38,29),(7,30):31.000000
(38,29),(7,20):7.125000
(38,29),(4,20):0.000000
(38,29),(4,19):0.000000
(38,29),(9,19):4.100000
(38,29),(9,17):1.785714
(38,29),(12,17):0.050000
(38,29),(12,16):0.000000
(38,29),(11,16):0.000000
(38,29),(11,15):0.000000
(38,29),(6,15):0.000000
(38,29),(6,12):0.000000
(38,29),(2,12):0.000000
(38,29),(2,10):0.000000
(38,29),(1,10):0.000000
(38,29),(1,2):0.000000
(38,29),(3,2):0.000000
(38,29),(3,5):0.000000
(38,29),(5,5):0.000000
(38,29),(5,6):0.000000
(38,29),(15,6):0.000000
(38,29),(15,7):0.000000
(38,29),(14,7):0.000000
(38,29),(14,8):0.000000
(38,29),(8,8):0.000000
(38,29),(8,11):0.000000
(38,29),(13,11):0.000000
(38,29),(13,22):0.000000
(38,29),(10,22):3.000000
(38,29),(10,24):21.700001
(38,29),(16,24):21.100000
(38,29),(16,21):11.687500
(38,29),(17,21):11.333333
(38,29),(17,13):3.300000
(38,29),(18,13):2.062500
(38,29),(18,18):6.133333
(38,29),(19,18):5.750000
(38,29),(19,23):20.666666
(38,29),(25,23):20.166666
(38,29),(25,14):1.291667
(38,29),(21,14):0.000000
(38,29),(21,1):0.000000
(38,29),(22,1):0.000000
(38,29),(22,3):0.000000
(38,29),(23,3):0.000000
(38,29),(23,4):0.000000
(38,29),(24,4):0.000000
(38,29),(24,9):0.000000
(38,29),(26,9):1.464286
(38,29),(26,26):20.166666
(38,29),(30,26):12.500000
(38,38),(35,38):9.750000
(38,38),(35,37):11.833333
(38,38),(34,37):8.166667
(38,38),(34,36):11.500000
(38,38),(31,36):5.083333
(38,38),(31,35):7.666667
(38,38),(37,35):17.833334
(38,38),(37,34):12.125000
(38,38),(28,34):7.000000
(38,38),(28,33):4.673203
(38,38),(20,33):2.048469
(38,38),(20,32):2.558824
(38,38),(32,32):8.325000
(38,38),(32,31):4.425000
(38,38),(33,31):8.500000
(38,38),(33,30):8.625000
(38,38),(7,30):2.125000
(38,38),(7,20):0.000000
(38,38),(4,20):0.000000
(38,38),(4,19):0.000000
(38,38),(9,19):0.000000
(38,38),(9,17):0.000000
(38,38),(12,17):0.000000
(38,38),(12,16):0.000000
(38,38),(11,16):0.000000
(38,38),(11,15):0.000000
(38,38),(6,15):0.000000
(38,38),(6,12):0.000000
(38,38),(2,12):0.000000
(38,38),(2,10):0.000000
(38,38),(1,10):0.000000
(38,38),(1,2):0.000000
(38,38),(3,2):0.000000
(38,38),(3,5):0.000000
(38,38),(5,5):0.000000
(38,38),(5,6):0.000000
(38,38),(15,6):0.000000
(38,38),(15,7):0.000000
(38,38),(14,7):0.000000
(38,38),(14,8):0.000000
(38,38),(8,8):0.000000
(38,38),(8,11):0.000000
(38,38),(13,11):0.000000
(38,38),(13,22):0.000000
(38,38),(10,22):0.000000
(38,38),(10,24):0.000000
(38,38),(16,24):0.000000
(38,38),(16,21):0.000000
(38,38),(17,21):0.000000
(38,38),(17,13):0.000000
(38,38),(18,13):0.000000
(38,38),(18,18):0.000000
(38,38),(19,18):0.000000
(38,38),(19,23):0.000000
(38,38),(25,23):0.000000
(38,38),(25,14):0.000000
(38,38),(21,14):0.000000
(38,38),(21,1):0.000000
(38,38),(22,1):0.000000
(38,38),(22,3):0.000000
(38,38),(23,3):0.000000
(38,38),(23,4):0.000000
(38,38),(24,4):0.000000
(38,38),(24,9):0.000000
(38,38),(26,9):0.000000
(38,38),(26,26):0.000000
(38,38),(30,26):0.000000
(35,38),(35,37):9.500000
(35,38),(34,37):6.333333
(35,38),(34,36):8.666667
(35,38),(31,36):3.083333
(35,38),(31,35):5.500000
(35,38),(37,35):9.750000
(35,38),(37,34):3.750000
(35,38),(28,34):0.083333
(35,38),(28,33):0.115900
(35,38),(20,33):0.000000
(35,38),(20,32):0.117914
(35,38),(32,32):0.213158
(35,38),(32,31):0.288095
(35,38),(33,31):0.347222
(35,38),(33,30):0.450000
(35,38),(7,30):0.000000
(35,38),(7,20):0.000000
(35,38),(4,20):0.000000
(35,38),(4,19):0.000000
(35,38),(9,19):0.000000
(35,38),(9,17):0.000000
(35,38),(12,17):0.000000
(35,38),(12,16):0.000000
(35,38),(11,16):0.000000
(35,38),(11,15):0.000000
(35,38),(6,15):0.000000
(35,38),(6,12):0.000000
(35,38),(2,12):0.000000
(35,38),(2,10):0.000000
(35,38),(1,10):0.000000
(35,38),(1,2):0.000000
(35,38),(3,2):0.000000
(35,38),(3,5):0.000000
(35,38),(5,5):0.000000
(35,38),(5,6):0.000000
(35,38),(15,6):0.000000
(35,38),(15,7):0.000000
(35,38),(14,7):0.000000
(35,38),(14,8):0.000000
(35,38),(8,8):0.000000
(35,38),(8,11):0.000000
(35,38),(13,11):0.000000
(35,38),(13,22):0.000000
(35,38),(10,22):0.000000
(35,38),(10,24):0.000000
(35,38),(16,24):0.000000
(35,38),(16,21):0.000000
(35,38),(17,21):0.000000
(35,38),(17,13):0.000000
(35,38),(18,13):0.000000
(35,38),(18,18):0.000000
(35,38),(19,18):0.000000
(35,38),(19,23):0.000000
(35,38),(25,23):0.000000
(35,38),(25,14):0.000000
(35,38),(21,14):0.000000
(35,38),(21,1):0.000000
(35,38),(22,1):0.000000
(35,38),(22,3):0.000000
(35,38),(23,3):0.000000
(35,38),(23,4):0.000000
(35,38),(24,4):0.000000
(35,38),(24,9):0.000000
(35,38),(26,9):0.000000
(35,38),(26,26):0.000000
(35,38),(30,26):0.000000
(35,37),(34,37):8.333333
(35,37),(34,36):11.166667
(35,37),(31,36):4.583333
(35,37),(31,35):7.166667
(35,37),(37,35):12.000000
(35,37),(37,34):3.500000
(35,37),(28,34):0.000000
(35,37),(28,33):0.005556
(35,37),(20,33):0.000000
(35,37),(20,32):0.006192
(35,37),(32,32):0.057143
(35,37),(32,31):0.112500
(35,37),(33,31):0.160714
(35,37),(33,30):0.250000
(35,37),(7,30):0.000000
(35,37),(7,20):0.000000
(35,37),(4,20):0.000000
(35,37),(4,19):0.000000
(35,37),(9,19):0.000000
(35,37),(9,17):0.000000
(35,37),(12,17):0.000000
(35,37),(12,16):0.000000
(35,37),(11,16):0.000000
(35,37),(11,15):0.000000
(35,37),(6,15):0.000000
(35,37),(6,12):0.000000
(35,37),(2,12):0.000000
(35,37),(2,10):0.000000
(35,37),(1,10):0.000000
(35,37),(1,2):0.000000
(35,37),(3,2):0.000000
(35,37),(3,5):0.000000
(35,37),(5,5):0.000000
(35,37),(5,6):0.000000
(35,37),(15,6):0.000000
(35,37),(15,7):0.000000
(35,37),(14,7):0.000000
(35,37),(14,8):0.000000
(35,37),(8,8):0.000000
(35,37),(8,11):0.000000
(35,37),(13,11):0.000000
(35,37),(13,22):0.000000
(35,37),(10,22):0.000000
(35,37),(10,24):0.000000
(35,37),(16,24):0.000000
(35,37),(16,21):0.000000
(35,37),(17,21):0.000000
(35,37),(17,13):0.000000
(35,37),(18,13):0.000000
(35,37),(18,18):0.000000
(35,37),(19,18):0.000000
(35,37),(19,23):0.000000
(35,37),(25,23):0.000000
(35,37),(25,14):0.000000
(35,37),(21,14):0.000000
(35,37),(21,1):0.000000
(35,37),(22,1):0.000000
(35,37),(22,3):0.000000
(35,37),(23,3):0.000000
(35,37),(23,4):0.000000
(35,37),(24,4):0.000000
(35,37),(24,9):0.000000
(35,37),(26,9):0.000000
(35,37),(26,26):0.000000
(35,37),(30,26):0.000000
(34,37),(34,36):8.166667
(34,37),(31,36):4.083333
(34,37),(31,35):6.500000
(34,37),(37,35):8.333333
(34,37),(37,34):2.333333
(34,37),(28,34):0.000000
(34,37),(28,33):0.000000
(34,37),(20,33):0.000000
(34,37),(20,32):0.000000
(34,37),(32,32):0.002083
(34,37),(32,31):0.028070
(34,37),(33,31):0.061275
(34,37),(33,30):0.133333
(34,37),(7,30):0.000000
(34,37),(7,20):0.000000
(34,37),(4,20):0.000000
(34,37),(4,19):0.000000
(34,37),(9,19):0.000000
(34,37),(9,17):0.000000
(34,37),(12,17):0.000000
(34,37),(12,16):0.000000
(34,37),(11,16):0.000000
(34,37),(11,15):0.000000
(34,37),(6,15):0.000000
(34,37),(6,12):0.000000
(34,37),(2,12):0.000000
(34,37),(2,10):0.000000
(34,37),(1,10):0.000000
(34,37),(1,2):0.000000
(34,37),(3,2):0.000000
(34,37),(3,5):0.000000
(34,37),(5,5):0.000000
(34,37),(5,6):0.000000
(34,37),(15,6):0.000000
(34,37),(15,7):0.000000
(34,37),(14,7):0.000000
(34,37),(14,8):0.000000
(34,37),(8,8):0.000000
(34,37),(8,11):0.000000
(34,37),(13,11):0.000000
(34,37),(13,22):0.000000
(34,37),(10,22):0.000000
(34,37),(10,24):0.000000
(34,37),(16,24):0.000000
(34,37),(16,21):0.000000
(34,37),(17,21):0.000000
(34,37),(17,13):0.000000
(34,37),(18,13):0.000000
(34,37),(18,18):0.000000
(34,37),(19,18):0.000000
(34,37),(19,23):0.000000
(34,37),(25,23):0.000000
(34,37),(25,14):0.000000
(34,37),(21,14):0.000000
(34,37),(21,1):0.000000
(34,37),(22,1):0.000000
(34,37),(22,3):0.000000
(34,37),(23,3):0.000000
(34,37),(23,4):0.000000
(34,37),(24,4):0.000000
(34,37),(24,9):0.000000
(34,37),(26,9):0.000000
(34,37),(26,26):0.000000
(34,37),(30,26):0.000000
(34,36),(31,36):7.083333
(34,36),(31,35):9.666667
(34,36),(37,35):13.666667
(34,36),(37,34):3.166667
(34,36),(28,34):0.000000
(34,36),(28,33):0.000000
(34,36),(20,33):0.000000
(34,36),(20,32):0.000000
(34,36),(32,32):0.000000
(34,36),(32,31):0.000000
(34,36),(33,31):0.003205
(34,36),(33,30):0.041667
(34,36),(7,30):0.000000
(34,36),(7,20):0.000000
(34,36),(4,20):0.000000
(34,36),(4,19):0.000000
(34,36),(9,19):0.000000
(34,36),(9,17):0.000000
(34,36),(12,17):0.000000
(34,36),(12,16):0.000000
(34,36),(11,16):0.000000
(34,36),(11,15):0.000000
(34,36),(6,15):0.000000
(34,36),(6,12):0.000000
(34,36),(2,12):0.000000
(34,36),(2,10):0.000000
(34,36),(1,10):0.000000
(34,36),(1,2):0.000000
(34,36),(3,2):0.000000
(34,36),(3,5):0.000000
(34,36),(5,5):0.000000
(34,36),(5,6):0.000000
(34,36),(15,6):0.000000
(34,36),(15,7):0.000000
(34,36),(14,7):0.000000
(34,36),(14,8):0.000000
(34,36),(8,8):0.000000
(34,36),(8,11):0.000000
(34,36),(13,11):0.000000
(34,36),(13,22):0.000000
(34,36),(10,22):0.000000
(34,36),(10,24):0.000000
(34,36),(16,24):0.000000
(34,36),(16,21):0.000000
(34,36),(17,21):0.000000
(34,36),(17,13):0.000000
(34,36),(18,13):0.000000
(34,36),(18,18):0.000000
(34,36),(19,18):0.000000
(34,36),(19,23):0.000000
(34,36),(25,23):0.000000
(34,36),(25,14):0.000000
(34,36),(21,14):0.000000
(34,36),(21,1):0.000000
(34,36),(22,1):0.000000
(34,36),(22,3):0.000000
(34,36),(23,3):0.000000
(34,36),(23,4):0.000000
(34,36),(24,4):0.000000
(34,36),(24,9):0.000000
(34,36),(26,9):0.000000
(34,36),(26,26):0.000000
(34,36),(30,26):0.000000
(31,36),(31,35):7.000000
(31,36),(37,35):7.083333
(31,36),(37,34):1.083333
(31,36),(28,34):0.000000
(31,36),(28,33):0.000000
(31,36),(20,33):0.000000
(31,36),(20,32):0.000000
(31,36),(32,32):0.000000
(31,36),(32,31):0.000000
(31,36),(33,31):0.000000
(31,36),(33,30):0.011905
(31,36),(7,30):0.000000
(31,36),(7,20):0.000000
(31,36),(4,20):0.000000
(31,36),(4,19):0.000000
(31,36),(9,19):0.000000
(31,36),(9,17):0.000000
(31,36),(12,17):0.000000
(31,36),(12,16):0.000000
(31,36),(11,16):0.000000
(31,36),(11,15):0.000000
(31,36),(6,15):0.000000
(31,36),(6,12):0.000000
(31,36),(2,12):0.000000
(31,36),(2,10):0.000000
(31,36),(1,10):0.000000
(31,36),(1,2):0.000000
(31,36),(3,2):0.000000
(31,36),(3,5):0.000000
(31,36),(5,5):0.000000
(31,36),(5,6):0.000000
(31,36),(15,6):0.000000
(31,36),(15,7):0.000000
(31,36),(14,7):0.000000
(31,36),(14,8):0.000000
(31,36),(8,8):0.000000
(31,36),(8,11):0.000000
(31,36),(13,11):0.000000
(31,36),(13,22):0.000000
(31,36),(10,22):0.000000
(31,36),(10,24):0.000000
(31,36),(16,24):0.000000
(31,36),(16,21):0.000000
(31,36),(17,21):0.000000
(31,36),(17,13):0.000000
(31,36),(18,13):0.000000
(31,36),(18,18):0.000000
(31,36),(19,18):0.000000
(31,36),(19,23):0.000000
(31,36),(25,23):0.000000
(31,36),(25,14):0.000000
(31,36),(21,14):0.000000
(31,36),(21,1):0.000000
(31,36),(22,1):0.000000
(31,36),(22,3):0.000000
(31,36),(23,3):0.000000
(31,36),(23,4):0.000000
(31,36),(24,4):0.000000
(31,36),(24,9):0.000000
(31,36),(26,9):0.000000
(31,36),(26,26):0.000000
(31,36),(30,26):0.000000
(31,35),(37,35):9.666667
(31,35),(37,34):2.166667
(31,35),(28,34):0.000000
(31,35),(28,33):0.000000
(31,35),(20,33):0.000000
(31,35),(20,32):0.000000
(31,35),(32,32):0.000000
(31,35),(32,31):0.000000
(31,35),(33,31):0.000000
(31,35),(33,30):0.000000
(31,35),(7,30):0.000000
(31,35),(7,20):0.000000
(31,35),(4,20):0.000000
(31,35),(4,19):0.000000
(31,35),(9,19):0.000000
(31,35),(9,17):0.000000
(31,35),(12,17):0.000000
(31,35),(12,16):0.000000
(31,35),(11,16):0.000000
(31,35),(11,15):0.000000
(31,35),(6,15):0.000000
(31,35),(6,12):0.000000
(31,35),(2,12):0.000000
(31,35),(2,10):0.000000
(31,35),(1,10):0.000000
(31,35),(1,2):0.000000
(31,35),(3,2):0.000000
(31,35),(3,5):0.000000
(31,35),(5,5):0.000000
(31,35),(5,6):0.000000
(31,35),(15,6):0.000000
(31,35),(15,7):0.000000
(31,35),(14,7):0.000000
(31,35),(14,8):0.000000
(31,35),(8,8):0.000000
(31,35),(8,11):0.000000
(31,35),(13,11):0.000000
(31,35),(13,22):0.000000
(31,35),(10,22):0.000000
(31,35),(10,24):0.000000
(31,35),(16,24):0.000000
(31,35),(16,21):0.000000
(31,35),(17,21):0.000000
(31,35),(17,13):0.000000
(31,35),(18,13):0.000000
(31,35),(18,18):0.000000
(31,35),(19,18):0.000000
(31,35),(19,23):0.000000
(31,35),(25,23):0.000000
(31,35),(25,14):0.000000
(31,35),(21,14):0.000000
(31,35),(21,1):0.000000
(31,35),(22,1):0.000000
(31,35),(22,3):0.000000
(31,35),(23,3):0.000000
(31,35),(23,4):0.000000
(31,35),(24,4):0.000000
(31,35),(24,9):0.000000
(31,35),(26,9):0.000000
(31,35),(26,26):0.000000
(31,35),(30,26):0.000000
(37,35),(37,34):9.000000
(37,35),(28,34):4.750000
(37,35),(28,33):3.430556
(37,35),(20,33):1.458333
(37,35),(20,32):2.058824
(37,35),(32,32):5.200000
(37,35),(32,31):3.300000
(37,35),(33,31):5.375000
(37,35),(33,30):5.500000
(37,35),(7,30):1.000000
(37,35),(7,20):0.000000
(37,35),(4,20):0.000000
(37,35),(4,19):0.000000
(37,35),(9,19):0.000000
(37,35),(9,17):0.000000
(37,35),(12,17):0.000000
(37,35),(12,16):0.000000
(37,35),(11,16):0.000000
(37,35),(11,15):0.000000
(37,35),(6,15):0.000000
(37,35),(6,12):0.000000
(37,35),(2,12):0.000000
(37,35),(2,10):0.000000
(37,35),(1,10):0.000000
(37,35),(1,2):0.000000
(37,35),(3,2):0.000000
(37,35),(3,5):0.000000
(37,35),(5,5):0.000000
(37,35),(5,6):0.000000
(37,35),(15,6):0.000000
(37,35),(15,7):0.000000
(37,35),(14,7):0.000000
(37,35),(14,8):0.000000
(37,35),(8,8):0.000000
(37,35),(8,11):0.000000
(37,35),(13,11):0.000000
(37,35),(13,22):0.000000
(37,35),(10,22):0.000000
(37,35),(10,24):0.000000
(37,35),(16,24):0.000000
(37,35),(16,21):0.000000
(37,35),(17,21):0.000000
(37,35),(17,13):0.000000
(37,35),(18,13):0.000000
(37,35),(18,18):0.000000
(37,35),(19,18):0.000000
(37,35),(19,23):0.000000
(37,35),(25,23):0.000000
(37,35),(25,14):0.000000
(37,35),(21,14):0.000000
(37,35),(21,1):0.000000
(37,35),(22,1):0.000000
(37,35),(22,3):0.000000
(37,35),(23,3):0.000000
(37,35),(23,4):0.000000
(37,35),(24,4):0.000000
(37,35),(24,9):0.000000
(37,35),(26,9):0.000000
(37,35),(26,26):0.000000
(37,35),(30,26):0.000000
(37,34),(28,34):29.000000
(37,34),(28,33):29.000000
(37,34),(20,33):15.944445
(37,34),(20,32):20.503267
(37,34),(32,32):38.644444
(37,34),(32,31):18.299999
(37,34),(33,31):30.375000
(37,34),(33,30):26.000000
(37,34),(7,30):5.500000
(37,34),(7,20):0.000000
(37,34),(4,20):0.000000
(37,34),(4,19):0.000000
(37,34),(9,19):0.000000
(37,34),(9,17):0.000000
(37,34),(12,17):0.000000
(37,34),(12,16):0.000000
(37,34),(11,16):0.000000
(37,34),(11,15):0.000000
(37,34),(6,15):0.000000
(37,34),(6,12):0.000000
(37,34),(2,12):0.000000
(37,34),(2,10):0.000000
(37,34),(1,10):0.000000
(37,34),(1,2):0.000000
(37,34),(3,2):0.000000
(37,34),(3,5):0.000000
(37,34),(5,5):0.000000
(37,34),(5,6):0.000000
(37,34),(15,6):0.000000
(37,34),(15,7):0.000000
(37,34),(14,7):0.000000
(37,34),(14,8):0.000000
(37,34),(8,8):0.000000
(37,34),(8,11):0.000000
(37,34),(13,11):0.000000
(37,34),(13,22):0.000000
(37,34),(10,22):0.000000
(37,34),(10,24):0.000000
(37,34),(16,24):0.000000
(37,34),(16,21):0.000000
(37,34),(17,21):0.000000
(37,34),(17,13):0.000000
(37,34),(18,13):0.000000
(37,34),(18,18):0.000000
(37,34),(19,18):0.000000
(37,34),(19,23):0.000000
(37,34),(25,23):0.000000
(37,34),(25,14):0.000000
(37,34),(21,14):0.000000
(37,34),(21,1):0.000000
(37,34),(22,1):0.000000
(37,34),(22,3):0.000000
(37,34),(23,3):0.000000
(37,34),(23,4):0.000000
(37,34),(24,4):0.000000
(37,34),(24,9):0.000000
(37,34),(26,9):0.000000
(37,34),(26,26):0.000000
(37,34),(30,26):0.000000
(28,34),(28,33):24.500000
(28,34),(20,33):11.500000
(28,34),(20,32):16.000000
(28,34),(32,32):29.000000
(28,34),(32,31):17.000000
(28,34),(33,31):23.000000
(28,34),(33,30):18.750000
(28,34),(7,30):1.000000
(28,34),(7,20):0.000000
(28,34),(4,20):0.000000
(28,34),(4,19):0.000000
(28,34),(9,19):0.000000
(28,34),(9,17):0.000000
(28,34),(12,17):0.000000
(28,34),(12,16):0.000000
(28,34),(11,16):0.000000
(28,34),(11,15):0.000000
(28,34),(6,15):0.000000
(28,34),(6,12):0.000000
(28,34),(2,12):0.000000
(28,34),(2,10):0.000000
(28,34),(1,10):0.000000
(28,34),(1,2):0.000000
(28,34),(3,2):0.000000
(28,34),(3,5):0.000000
(28,34),(5,5):0.000000
(28,34),(5,6):0.000000
(28,34),(15,6):0.000000
(28,34),(15,7):0.000000
(28,34),(14,7):0.000000
(28,34),(14,8):0.000000
(28,34),(8,8):0.000000
(28,34),(8,11):0.000000
(28,34),(13,11):0.000000
(28,34),(13,22):0.000000
(28,34),(10,22):0.000000
(28,34),(10,24):0.000000
(28,34),(16,24):0.000000
(28,34),(16,21):0.000000
(28,34),(17,21):0.000000
(28,34),(17,13):0.000000
(28,34),(18,13):0.000000
(28,34),(18,18):0.000000
(28,34),(19,18):0.000000
(28,34),(19,23):0.000000
(28,34),(25,23):0.000000
(28,34),(25,14):0.000000
(28,34),(21,14):0.000000
(28,34),(21,1):0.000000
(28,34),(22,1):0.000000
(28,34),(22,3):0.000000
(28,34),(23,3):0.000000
(28,34),(23,4):0.000000
(28,34),(24,4):0.000000
(28,34),(24,9):0.000000
(28,34),(26,9):0.000000
(28,34),(26,26):0.000000
(28,34),(30,26):0.000000
(28,33),(20,33):19.500000
(28,33),(20,32):24.055555
(28,33),(32,32):32.555557
(28,33),(32,31):16.055555
(28,33),(33,31):18.555555
(28,33),(33,30):14.430555
(28,33),(7,30):0.000000
(28,33),(7,20):0.000000
(28,33),(4,20):0.000000
(28,33),(4,19):0.000000
(28,33),(9,19):0.000000
(28,33),(9,17):0.000000
(28,33),(12,17):0.000000
(28,33),(12,16):0.000000
(28,33),(11,16):0.000000
(28,33),(11,15):0.000000
(28,33),(6,15):0.000000
(28,33),(6,12):0.000000
(28,33),(2,12):0.000000
(28,33),(2,10):0.000000
(28,33),(1,10):0.000000
(28,33),(1,2):0.000000
(28,33),(3,2):0.000000
(28,33),(3,5):0.000000
(28,33),(5,5):0.000000
(28,33),(5,6):0.000000
(28,33),(15,6):0.000000
(28,33),(15,7):0.000000
(28,33),(14,7):0.000000
(28,33),(14,8):0.000000
(28,33),(8,8):0.000000
(28,33),(8,11):0.000000
(28,33),(13,11):0.000000
(28,33),(13,22):0.000000
(28,33),(10,22):0.000000
(28,33),(10,24):0.000000
(28,33),(16,24):0.000000
(28,33),(16,21):0.000000
(28,33),(17,21):0.000000
(28,33),(17,13):0.000000
(28,33),(18,13):0.000000
(28,33),(18,18):0.000000
(28,33),(19,18):0.000000
(28,33),(19,23):0.000000
(28,33),(25,23):0.000000
(28,33),(25,14):0.000000
(28,33),(21,14):0.000000
(28,33),(21,1):0.000000
(28,33),(22,1):0.000000
(28,33),(22,3):0.000000
(28,33),(23,3):0.000000
(28,33),(23,4):0.000000
(28,33),(24,4):0.000000
(28,33),(24,9):0.000000
(28,33),(26,9):0.000000
(28,33),(26,26):0.000000
(28,33),(30,26):0.000000
(20,33),(20,32):18.000000
(20,33),(32,32):19.500000
(20,33),(32,31):7.500000
(20,33),(33,31):8.000000
(20,33),(33,30):6.458333
(20,33),(7,30):0.000000
(20,33),(7,20):0.000000
(20,33),(4,20):0.000000
(20,33),(4,19):0.000000
(20,33),(9,19):0.000000
(20,33),(9,17):0.000000
(20,33),(12,17):0.000000
(20,33),(12,16):0.000000
(20,33),(11,16):0.000000
(20,33),(11,15):0.000000
(20,33),(6,15):0.000000
(20,33),(6,12):0.000000
(20,33),(2,12):0.000000
(20,33),(2,10):0.000000
(20,33),(1,10):0.000000
(20,33),(1,2):0.000000
(20,33),(3,2):0.000000
(20,33),(3,5):0.000000
(20,33),(5,5):0.000000
(20,33),(5,6):0.000000
(20,33),(15,6):0.000000
(20,33),(15,7):0.000000
(20,33),(14,7):0.000000
(20,33),(14,8):0.000000
(20,33),(8,8):0.000000
(20,33),(8,11):0.000000
(20,33),(13,11):0.000000
(20,33),(13,22):0.000000
(20,33),(10,22):0.000000
(20,33),(10,24):0.000000
(20,33),(16,24):0.000000
(20,33),(16,21):0.000000
(20,33),(17,21):0.000000
(20,33),(17,13):0.000000
(20,33),(18,13):0.000000
(20,33),(18,18):0.000000
(20,33),(19,18):0.000000
(20,33),(19,23):0.000000
(20,33),(25,23):0.000000
(20,33),(25,14):0.000000
(20,33),(21,14):0.000000
(20,33),(21,1):0.000000
(20,33),(22,1):0.000000
(20,33),(22,3):0.000000
(20,33),(23,3):0.000000
(20,33),(23,4):0.000000
(20,33),(24,4):0.000000
(20,33),(24,9):0.000000
(20,33),(26,9):0.000000
(20,33),(26,26):0.000000
(20,33),(30,26):0.000000
(20,32),(32,32):24.058823
(20,32),(32,31):11.058824
(20,32),(33,31):12.058824
(20,32),(33,30):9.496324
(20,32),(7,30):0.000000
(20,32),(7,20):0.000000
(20,32),(4,20):0.000000
(20,32),(4,19):0.000000
(20,32),(9,19):0.000000
(20,32),(9,17):0.000000
(20,32),(12,17):0.000000
(20,32),(12,16):0.000000
(20,32),(11,16):0.000000
(20,32),(11,15):0.000000
(20,32),(6,15):0.000000
(20,32),(6,12):0.000000
(20,32),(2,12):0.000000
(20,32),(2,10):0.000000
(20,32),(1,10):0.000000
(20,32),(1,2):0.000000
(20,32),(3,2):0.000000
(20,32),(3,5):0.000000
(20,32),(5,5):0.000000
(20,32),(5,6):0.000000
(20,32),(15,6):0.000000
(20,32),(15,7):0.000000
(20,32),(14,7):0.000000
(20,32),(14,8):0.000000
(20,32),(8,8):0.000000
(20,32),(8,11):0.000000
(20,32),(13,11):0.000000
(20,32),(13,22):0.000000
(20,32),(10,22):0.000000
(20,32),(10,24):0.000000
(20,32),(16,24):0.000000
(20,32),(16,21):0.000000
(20,32),(17,21):0.000000
(20,32),(17,13):0.000000
(20,32),(18,13):0.000000
(20,32),(18,18):0.000000
(20,32),(19,18):0.000000
(20,32),(19,23):0.000000
(20,32),(25,23):0.000000
(20,32),(25,14):0.000000
(20,32),(21,14):0.000000
(20,32),(21,1):0.000000
(20,32),(22,1):0.000000
(20,32),(22,3):0.000000
(20,32),(23,3):0.000000
(20,32),(23,4):0.000000
(20,32),(24,4):0.000000
(20,32),(24,9):0.000000
(20,32),(26,9):0.000000
(20,32),(26,26):0.000000
(20,32),(30,26):0.000000
(32,32),(32,31):18.200001
(32,32),(33,31):28.200001
(32,32),(33,30):23.200001
(32,32),(7,30):3.500000
(32,32),(7,20):0.000000
(32,32),(4,20):0.000000
(32,32),(4,19):0.000000
(32,32),(9,19):0.000000
(32,32),(9,17):0.000000
(32,32),(12,17):0.000000
(32,32),(12,16):0.000000
(32,32),(11,16):0.000000
(32,32),(11,15):0.000000
(32,32),(6,15):0.000000
(32,32),(6,12):0.000000
(32,32),(2,12):0.000000
(32,32),(2,10):0.000000
(32,32),(1,10):0.000000
(32,32),(1,2):0.000000
(32,32),(3,2):0.000000
(32,32),(3,5):0.000000
(32,32),(5,5):0.000000
(32,32),(5,6):0.000000
(32,32),(15,6):0.000000
(32,32),(15,7):0.000000
(32,32),(14,7):0.000000
(32,32),(14,8):0.000000
(32,32),(8,8):0.000000
(32,32),(8,11):0.000000
(32,32),(13,11):0.000000
(32,32),(13,22):0.000000
(32,32),(10,22):0.000000
(32,32),(10,24):0.000000
(32,32),(16,24):0.000000
(32,32),(16,21):0.000000
(32,32),(17,21):0.000000
(32,32),(17,13):0.000000
(32,32),(18,13):0.000000
(32,32),(18,18):0.000000
(32,32),(19,18):0.000000
(32,32),(19,23):0.000000
(32,32),(25,23):0.000000
(32,32),(25,14):0.000000
(32,32),(21,14):0.000000
(32,32),(21,1):0.000000
(32,32),(22,1):0.000000
(32,32),(22,3):0.000000
(32,32),(23,3):0.000000
(32,32),(23,4):0.000000
(32,32),(24,4):0.000000
(32,32),(24,9):0.000000
(32,32),(26,9):0.000000
(32,32),(26,26):0.000000
(32,32),(30,26):0.000000
(32,31),(33,31):18.299999
(32,31),(33,30):15.300000
(32,31),(7,30):0.000000
(32,31),(7,20):0.000000
(32,31),(4,20):0.000000
(32,31),(4,19):0.000000
(32,31),(9,19):0.000000
(32,31),(9,17):0.000000
(32,31),(12,17):0.000000
(32,31),(12,16):0.000000
(32,31),(11,16):0.000000
(32,31),(11,15):0.000000
(32,31),(6,15):0.000000
(32,31),(6,12):0.000000
(32,31),(2,12):0.000000
(32,31),(2,10):0.000000
(32,31),(1,10):0.000000
(32,31),(1,2):0.000000
(32,31),(3,2):0.000000
(32,31),(3,5):0.000000
(32,31),(5,5):0.000000
(32,31),(5,6):0.000000
(32,31),(15,6):0.000000
(32,31),(15,7):0.000000
(32,31),(14,7):0.000000
(32,31),(14,8):0.000000
(32,31),(8,8):0.000000
(32,31),(8,11):0.000000
(32,31),(13,11):0.000000
(32,31),(13,22):0.000000
(32,31),(10,22):0.000000
(32,31),(10,24):0.000000
(32,31),(16,24):0.000000
(32,31),(16,21):0.000000
(32,31),(17,21):0.000000
(32,31),(17,13):0.000000
(32,31),(18,13):0.000000
(32,31),(18,18):0.000000
(32,31),(19,18):0.000000
(32,31),(19,23):0.000000
(32,31),(25,23):0.000000
(32,31),(25,14):0.000000
(32,31),(21,14):0.000000
(32,31),(21,1):0.000000
(32,31),(22,1):0.000000
(32,31),(22,3):0.000000
(32,31),(23,3):0.000000
(32,31),(23,4):0.000000
(32,31),(24,4):0.000000
(32,31),(24,9):0.000000
(32,31),(26,9):0.000000
(32,31),(26,26):0.000000
(32,31),(30,26):0.000000
(33,31),(33,30):25.375000
(33,31),(7,30):5.000000
(33,31),(7,20):0.000000
(33,31),(4,20):0.000000
(33,31),(4,19):0.000000
(33,31),(9,19):0.000000
(33,31),(9,17):0.000000
(33,31),(12,17):0.000000
(33,31),(12,16):0.000000
(33,31),(11,16):0.000000
(33,31),(11,15):0.000000
(33,31),(6,15):0.000000
(33,31),(6,12):0.000000
(33,31),(2,12):0.000000
(33,31),(2,10):0.000000
(33,31),(1,10):0.000000
(33,31),(1,2):0.000000
(33,31),(3,2):0.000000
(33,31),(3,5):0.000000
(33,31),(5,5):0.000000
(33,31),(5,6):0.000000
(33,31),(15,6):0.000000
(33,31),(15,7):0.000000
(33,31),(14,7):0.000000
(33,31),(14,8):0.000000
(33,31),(8,8):0.000000
(33,31),(8,11):0.000000
(33,31),(13,11):0.000000
(33,31),(13,22):0.000000
(33,31),(10,22):0.000000
(33,31),(10,24):0.000000
(33,31),(16,24):0.000000
(33,31),(16,21):0.000000
(33,31),(17,21):0.000000
(33,31),(17,13):0.000000
(33,31),(18,13):0.000000
(33,31),(18,18):0.000000
(33,31),(19,18):0.000000
(33,31),(19,23):0.000000
(33,31),(25,23):0.000000
(33,31),(25,14):0.000000
(33,31),(21,14):0.000000
(33,31),(21,1):0.000000
(33,31),(22,1):0.000000
(33,31),(22,3):0.000000
(33,31),(23,3):0.000000
(33,31),(23,4):0.000000
(33,31),(24,4):0.000000
(33,31),(24,9):0.000000
(33,31),(26,9):0.000000
(33,31),(26,26):0.000000
(33,31),(30,26):0.000000
(33,30),(7,30):64.333336
(33,30),(7,20):23.738094
(33,30),(4,20):0.000000
(33,30),(4,19):0.000000
(33,30),(9,19):15.364367
(33,30),(9,17):6.144599
(33,30),(12,17):2.755208
(33,30),(12,16):0.000000
(33,30),(11,16):0.000000
(33,30),(11,15):0.000000
(33,30),(6,15):0.000000
(33,30),(6,12):0.000000
(33,30),(2,12):0.000000
(33,30),(2,10):0.000000
(33,30),(1,10):0.000000
(33,30),(1,2):0.000000
(33,30),(3,2):0.000000
(33,30),(3,5):0.000000
(33,30),(5,5):0.000000
(33,30),(5,6):0.000000
(33,30),(15,6):0.000000
(33,30),(15,7):0.000000
(33,30),(14,7):0.000000
(33,30),(14,8):0.000000
(33,30),(8,8):0.000000
(33,30),(8,11):0.000000
(33,30),(13,11):0.000000
(33,30),(13,22):0.000000
(33,30),(10,22):12.250000
(33,30),(10,24):55.033333
(33,30),(16,24):54.433334
(33,30),(16,21):21.770834
(33,30),(17,21):23.600000
(33,30),(17,13):7.647127
(33,30),(18,13):5.190051
(33,30),(18,18):14.813793
(33,30),(19,18):14.435898
(33,30),(19,23):52.222221
(33,30),(25,23):53.500000
(33,30),(25,14):1.577465
(33,30),(21,14):0.000000
(33,30),(21,1):0.000000
(33,30),(22,1):0.000000
(33,30),(22,3):0.000000
(33,30),(23,3):0.000000
(33,30),(23,4):0.000000
(33,30),(24,4):0.000000
(33,30),(24,9):0.000000
(33,30),(26,9):1.866667
(33,30),(26,26):53.500000
(33,30),(30,26):43.500000
(7,30),(7,20):49.576923
(7,30),(4,20):4.425676
(7,30),(4,19):6.020833
(7,30),(9,19):42.923862
(7,30),(9,17):19.895292
(7,30),(12,17):25.240530
(7,30),(12,16):0.000000
(7,30),(11,16):0.000000
(7,30),(11,15):0.000000
(7,30),(6,15):0.000000
(7,30),(6,12):0.000000
(7,30),(2,12):0.000000
(7,30),(2,10):0.000000
(7,30),(1,10):0.000000
(7,30),(1,2):0.000000
(7,30),(3,2):0.000000
(7,30),(3,5):0.000000
(7,30),(5,5):0.000000
(7,30),(5,6):0.000000
(7,30),(15,6):0.000000
(7,30),(15,7):0.000000
(7,30),(14,7):0.000000
(7,30),(14,8):0.000000
(7,30),(8,8):0.000000
(7,30),(8,11):0.000000
(7,30),(13,11):0.000000
(7,30),(13,22):15.323864
(7,30),(10,22):39.323864
(7,30),(10,24):137.665909
(7,30),(16,24):129.969849
(7,30),(16,21):56.354168
(7,30),(17,21):51.500000
(7,30),(17,13):19.478432
(7,30),(18,13):11.691288
(7,30),(18,18):31.900000
(7,30),(19,18):30.000000
(7,30),(19,23):115.234566
(7,30),(25,23):121.611115
(7,30),(25,14):7.861111
(7,30),(21,14):0.000000
(7,30),(21,1):0.000000
(7,30),(22,1):0.000000
(7,30),(22,3):0.000000
(7,30),(23,3):0.000000
(7,30),(23,4):0.000000
(7,30),(24,4):0.000000
(7,30),(24,9):0.000000
(7,30),(26,9):8.944445
(7,30),(26,26):131.800430
(7,30),(30,26):72.550003
(7,20),(4,20):10.600000
(7,20),(4,19):15.000000
(7,20),(9,19):52.599998
(7,20),(9,17):26.571428
(7,20),(12,17):31.916666
(7,20),(12,16):4.750000
(7,20),(11,16):0.000000
(7,20),(11,15):0.000000
(7,20),(6,15):0.000000
(7,20),(6,12):0.000000
(7,20),(2,12):0.000000
(7,20),(2,10):0.000000
(7,20),(1,10):0.000000
(7,20),(1,2):0.000000
(7,20),(3,2):0.000000
(7,20),(3,5):0.014337
(7,20),(5,5):0.000000
(7,20),(5,6):0.000000
(7,20),(15,6):0.000000
(7,20),(15,7):0.000000
(7,20),(14,7):0.000000
(7,20),(14,8):0.000000
(7,20),(8,8):0.000000
(7,20),(8,11):0.017857
(7,20),(13,11):6.810606
(7,20),(13,22):23.500000
(7,20),(10,22):46.750000
(7,20),(10,24):47.125000
(7,20),(16,24):31.500000
(7,20),(16,21):0.000000
(7,20),(17,21):0.115385
(7,20),(17,13):0.000000
(7,20),(18,13):0.000000
(7,20),(18,18):0.115385
(7,20),(19,18):0.900000
(7,20),(19,23):22.799999
(7,20),(25,23):28.846153
(7,20),(25,14):0.000000
(7,20),(21,14):0.000000
(7,20),(21,1):0.000000
(7,20),(22,1):0.000000
(7,20),(22,3):0.000000
(7,20),(23,3):0.000000
(7,20),(23,4):0.000000
(7,20),(24,4):0.000000
(7,20),(24,9):0.000000
(7,20),(26,9):0.000000
(7,20),(26,26):32.062500
(7,20),(30,26):24.000000
(4,20),(4,19):9.000000
(4,20),(9,19):10.600000
(4,20),(9,17):5.600000
(4,20),(12,17):6.350000
(4,20),(12,16):1.700000
(4,20),(11,16):0.000000
(4,20),(11,15):0.000000
(4,20),(6,15):0.000000
(4,20),(6,12):0.000000
(4,20),(2,12):0.000000
(4,20),(2,10):0.000000
(4,20),(1,10):0.000000
(4,20),(1,2):0.000000
(4,20),(3,2):0.000000
(4,20),(3,5):0.000000
(4,20),(5,5):0.000000
(4,20),(5,6):0.000000
(4,20),(15,6):0.000000
(4,20),(15,7):0.000000
(4,20),(14,7):0.000000
(4,20),(14,8):0.000000
(4,20),(8,8):0.000000
(4,20),(8,11):0.000000
(4,20),(13,11):2.281034
(4,20),(13,22):9.100000
(4,20),(10,22):8.350000
(4,20),(10,24):3.475000
(4,20),(16,24):0.000000
(4,20),(16,21):0.000000
(4,20),(17,21):0.000000
(4,20),(17,13):0.000000
(4,20),(18,13):0.000000
(4,20),(18,18):0.000000
(4,20),(19,18):0.000000
(4,20),(19,23):0.000000
(4,20),(25,23):0.000000
(4,20),(25,14):0.000000
(4,20),(21,14):0.000000
(4,20),(21,1):0.000000
(4,20),(22,1):0.000000
(4,20),(22,3):0.000000
(4,20),(23,3):0.000000
(4,20),(23,4):0.000000
(4,20),(24,4):0.000000
(4,20),(24,9):0.000000
(4,20),(26,9):0.000000
(4,20),(26,26):0.000000
(4,20),(30,26):0.000000
(4,19),(9,19):15.000000
(4,19),(9,17):9.333333
(4,19),(12,17):10.722222
(4,19),(12,16):2.833333
(4,19),(11,16):0.000000
(4,19),(11,15):0.000000
(4,19),(6,15):0.000000
(4,19),(6,12):0.000000
(4,19),(2,12):0.000000
(4,19),(2,10):0.000000
(4,19),(1,10):0.000000
(4,19),(1,2):0.000000
(4,19),(3,2):0.000000
(4,19),(3,5):0.000000
(4,19),(5,5):0.000000
(4,19),(5,6):0.000000
(4,19),(15,6):0.000000
(4,19),(15,7):0.000000
(4,19),(14,7):0.000000
(4,19),(14,8):0.000000
(4,19),(8,8):0.000000
(4,19),(8,11):0.000000
(4,19),(13,11):4.219298
(4,19),(13,22):13.500000
(4,19),(10,22):12.750000
(4,19),(10,24):4.875000
(4,19),(16,24):0.000000
(4,19),(16,21):0.000000
(4,19),(17,21):0.000000
(4,19),(17,13):0.000000
(4,19),(18,13):0.000000
(4,19),(18,18):0.000000
(4,19),(19,18):0.000000
(4,19),(19,23):0.000000
(4,19),(25,23):0.000000
(4,19),(25,14):0.000000
(4,19),(21,14):0.000000
(4,19),(21,1):0.000000
(4,19),(22,1):0.000000
(4,19),(22,3):0.000000
(4,19),(23,3):0.000000
(4,19),(23,4):0.000000
(4,19),(24,4):0.000000
(4,19),(24,9):0.000000
(4,19),(26,9):0.000000
(4,19),(26,26):0.000000
(4,19),(30,26):0.000000
(9,19),(9,17):30.571428
(9,19),(12,17):36.250000
(9,19),(12,16):5.333333
(9,19),(11,16):0.000000
(9,19),(11,15):0.133333
(9,19),(6,15):0.000000
(9,19),(6,12):0.000000
(9,19),(2,12):0.000000
(9,19),(2,10):0.000000
(9,19),(1,10):0.000000
(9,19),(1,2):0.000000
(9,19),(3,2):0.000000
(9,19),(3,5):0.090103
(9,19),(5,5):0.000000
(9,19),(5,6):0.000000
(9,19),(15,6):0.000000
(9,19),(15,7):0.000000
(9,19),(14,7):0.000000
(9,19),(14,8):0.000000
(9,19),(8,8):0.000000
(9,19),(8,11):0.219203
(9,19),(13,11):7.416667
(9,19),(13,22):27.833334
(9,19),(10,22):51.083332
(9,19),(10,24):38.974998
(9,19),(16,24):21.600000
(9,19),(16,21):0.000000
(9,19),(17,21):0.000000
(9,19),(17,13):0.000000
(9,19),(18,13):0.000000
(9,19),(18,18):0.000000
(9,19),(19,18):0.000000
(9,19),(19,23):13.725000
(9,19),(25,23):19.056522
(9,19),(25,14):0.000000
(9,19),(21,14):0.000000
(9,19),(21,1):0.000000
(9,19),(22,1):0.000000
(9,19),(22,3):0.000000
(9,19),(23,3):0.000000
(9,19),(23,4):0.000000
(9,19),(24,4):0.000000
(9,19),(24,9):0.000000
(9,19),(26,9):0.000000
(9,19),(26,26):22.162500
(9,19),(30,26):15.200000
(9,17),(12,17):21.250000
(9,17),(12,16):5.000000
(9,17),(11,16):0.000000
(9,17),(11,15):0.000000
(9,17),(6,15):0.000000
(9,17),(6,12):0.000000
(9,17),(2,12):0.000000
(9,17),(2,10):0.000000
(9,17),(1,10):0.000000
(9,17),(1,2):0.000000
(9,17),(3,2):0.000000
(9,17),(3,5):0.020202
(9,17),(5,5):0.000000
(9,17),(5,6):0.000000
(9,17),(15,6):0.000000
(9,17),(15,7):0.000000
(9,17),(14,7):0.000000
(9,17),(14,8):0.000000
(9,17),(8,8):0.000000
(9,17),(8,11):0.025000
(9,17),(13,11):7.083333
(9,17),(13,22):20.000000
(9,17),(10,22):28.000000
(9,17),(10,24):15.571428
(9,17),(16,24):8.571428
(9,17),(16,21):0.000000
(9,17),(17,21):0.000000
(9,17),(17,13):0.000000
(9,17),(18,13):0.000000
(9,17),(18,18):0.000000
(9,17),(19,18):0.000000
(9,17),(19,23):6.132035
(9,17),(25,23):7.817956
(9,17),(25,14):0.000000
(9,17),(21,14):0.000000
(9,17),(21,1):0.000000
(9,17),(22,1):0.000000
(9,17),(22,3):0.000000
(9,17),(23,3):0.000000
(9,17),(23,4):0.000000
(9,17),(24,4):0.000000
(9,17),(24,9):0.000000
(9,17),(26,9):0.000000
(9,17),(26,26):8.633928
(9,17),(30,26):6.285714
(12,17),(12,16):11.000000
(12,17),(11,16):5.000000
(12,17),(11,15):5.500000
(12,17),(6,15):4.000000
(12,17),(6,12):4.900000
(12,17),(2,12):1.000000
(12,17),(2,10):3.500000
(12,17),(1,10):0.000000
(12,17),(1,2):0.000000
(12,17),(3,2):0.000000
(12,17),(3,5):0.211111
(12,17),(5,5):0.000000
(12,17),(5,6):0.000000
(12,17),(15,6):0.000000
(12,17),(15,7):0.000000
(12,17),(14,7):0.000000
(12,17),(14,8):0.000000
(12,17),(8,8):0.000000
(12,17),(8,11):5.625000
(12,17),(13,11):13.083333
(12,17),(13,22):30.666666
(12,17),(10,22):37.166668
(12,17),(10,24):20.916666
(12,17),(16,24):6.050000
(12,17),(16,21):0.000000
(12,17),(17,21):0.000000
(12,17),(17,13):0.000000
(12,17),(18,13):0.000000
(12,17),(18,18):0.000000
(12,17),(19,18):0.000000
(12,17),(19,23):1.442308
(12,17),(25,23):4.238372
(12,17),(25,14):0.000000
(12,17),(21,14):0.000000
(12,17),(21,1):0.000000
(12,17),(22,1):0.000000
(12,17),(22,3):0.000000
(12,17),(23,3):0.000000
(12,17),(23,4):0.000000
(12,17),(24,4):0.000000
(12,17),(24,9):0.000000
(12,17),(26,9):0.000000
(12,17),(26,26):6.574405
(12,17),(30,26):2.450000
(12,16),(11,16):10.000000
(12,16),(11,15):30.544445
(12,16),(6,15):18.000000
(12,16),(6,12):29.244444
(12,16),(2,12):15.211111
(12,16),(2,10):25.711111
(12,16),(1,10):10.944445
(12,16),(1,2):8.444445
(12,16),(3,2):4.444445
(12,16),(3,5):15.255555
(12,16),(5,5):5.975000
(12,16),(5,6):11.850000
(12,16),(15,6):4.708010
(12,16),(15,7):2.345652
(12,16),(14,7):4.820852
(12,16),(14,8):4.750579
(12,16),(8,8):11.300000
(12,16),(8,11):30.250000
(12,16),(13,11):24.000000
(12,16),(13,22):13.083333
(12,16),(10,22):6.250000
(12,16),(10,24):0.000000
(12,16),(16,24):0.000000
(12,16),(16,21):0.000000
(12,16),(17,21):0.000000
(12,16),(17,13):0.000000
(12,16),(18,13):0.000000
(12,16),(18,18):0.000000
(12,16),(19,18):0.000000
(12,16),(19,23):0.000000
(12,16),(25,23):0.000000
(12,16),(25,14):0.000000
(12,16),(21,14):0.000000
(12,16),(21,1):0.000000
(12,16),(22,1):0.000000
(12,16),(22,3):0.000000
(12,16),(23,3):0.000000
(12,16),(23,4):0.000000
(12,16),(24,4):0.000000
(12,16),(24,9):0.000000
(12,16),(26,9):0.000000
(12,16),(26,26):0.000000
(12,16),(30,26):0.000000
(11,16),(11,15):10.000000
(11,16),(6,15):8.000000
(11,16),(6,12):9.166667
(11,16),(2,12):2.000000
(11,16),(2,10):6.666667
(11,16),(1,10):0.000000
(11,16),(1,2):0.000000
(11,16),(3,2):0.000000
(11,16),(3,5):0.416667
(11,16),(5,5):0.000000
(11,16),(5,6):0.000000
(11,16),(15,6):0.000000
(11,16),(15,7):0.000000
(11,16),(14,7):0.000000
(11,16),(14,8):0.000000
(11,16),(8,8):0.000000
(11,16),(8,11):9.625000
(11,16),(13,11):10.000000
(11,16),(13,22):7.083333
(11,16),(10,22):0.450000
(11,16),(10,24):0.000000
(11,16),(16,24):0.000000
(11,16),(16,21):0.000000
(11,16),(17,21):0.000000
(11,16),(17,13):0.000000
(11,16),(18,13):0.000000
(11,16),(18,18):0.000000
(11,16),(19,18):0.000000
(11,16),(19,23):0.000000
(11,16),(25,23):0.000000
(11,16),(25,14):0.000000
(11,16),(21,14):0.000000
(11,16),(21,1):0.000000
(11,16),(22,1):0.000000
(11,16),(22,3):0.000000
(11,16),(23,3):0.000000
(11,16),(23,4):0.000000
(11,16),(24,4):0.000000
(11,16),(24,9):0.000000
(11,16),(26,9):0.000000
(11,16),(26,26):0.000000
(11,16),(30,26):0.000000
(11,15),(6,15):30.666666
(11,15),(6,12):57.700001
(11,15),(2,12):29.325001
(11,15),(2,10):45.666668
(11,15),(1,10):23.541666
(11,15),(1,2):31.083334
(11,15),(3,2):11.700000
(11,15),(3,5):41.671429
(11,15),(5,5):19.299999
(11,15),(5,6):39.049999
(11,15),(15,6):13.839895
(11,15),(15,7):4.394595
(11,15),(14,7):12.545015
(11,15),(14,8):9.702778
(11,15),(8,8):35.200001
(11,15),(8,11):58.525002
(11,15),(13,11):31.333334
(11,15),(13,22):7.583333
(11,15),(10,22):0.892857
(11,15),(10,24):0.000000
(11,15),(16,24):0.000000
(11,15),(16,21):0.000000
(11,15),(17,21):0.000000
(11,15),(17,13):0.000000
(11,15),(18,13):0.000000
(11,15),(18,18):0.000000
(11,15),(19,18):0.000000
(11,15),(19,23):0.000000
(11,15),(25,23):0.000000
(11,15),(25,14):0.000000
(11,15),(21,14):0.000000
(11,15),(21,1):0.000000
(11,15),(22,1):0.000000
(11,15),(22,3):0.000000
(11,15),(23,3):0.000000
(11,15),(23,4):0.000000
(11,15),(24,4):0.000000
(11,15),(24,9):0.000000
(11,15),(26,9):0.000000
(11,15),(26,26):0.000000
(11,15),(30,26):0.000000
(6,15),(6,12):38.571430
(6,15),(2,12):17.571428
(6,15),(2,10):27.488094
(6,15),(1,10):8.571428
(6,15),(1,2):7.833333
(6,15),(3,2):0.000000
(6,15),(3,5):20.769344
(6,15),(5,5):0.000000
(6,15),(5,6):22.621429
(6,15),(15,6):5.142857
(6,15),(15,7):2.428571
(6,15),(14,7):4.904762
(6,15),(14,8):4.571429
(6,15),(8,8):18.571428
(6,15),(8,11):38.000000
(6,15),(13,11):28.000000
(6,15),(13,22):6.000000
(6,15),(10,22):0.050000
(6,15),(10,24):0.000000
(6,15),(16,24):0.000000
(6,15),(16,21):0.000000
(6,15),(17,21):0.000000
(6,15),(17,13):0.000000
(6,15),(18,13):0.000000
(6,15),(18,18):0.000000
(6,15),(19,18):0.000000
(6,15),(19,23):0.000000
(6,15),(25,23):0.000000
(6,15),(25,14):0.000000
(6,15),(21,14):0.000000
(6,15),(21,1):0.000000
(6,15),(22,1):0.000000
(6,15),(22,3):0.000000
(6,15),(23,3):0.000000
(6,15),(23,4):0.000000
(6,15),(24,4):0.000000
(6,15),(24,9):0.000000
(6,15),(26,9):0.000000
(6,15),(26,26):0.000000
(6,15),(30,26):0.000000
(6,12),(2,12):46.083332
(6,12),(2,10):63.904762
(6,12),(1,10):36.738094
(6,12),(1,2):37.654762
(6,12),(3,2):15.821428
(6,12),(3,5):56.342857
(6,12),(5,5):25.666666
(6,12),(5,6):55.716667
(6,12),(15,6):21.840910
(6,12),(15,7):8.550000
(6,12),(14,7):19.972221
(6,12),(14,8):16.777779
(6,12),(8,8):51.200001
(6,12),(8,11):73.050003
(6,12),(13,11):33.200001
(6,12),(13,22):6.968519
(6,12),(10,22):0.466129
(6,12),(10,24):0.000000
(6,12),(16,24):0.000000
(6,12),(16,21):0.000000
(6,12),(17,21):0.000000
(6,12),(17,13):0.000000
(6,12),(18,13):0.000000
(6,12),(18,18):0.000000
(6,12),(19,18):0.000000
(6,12),(19,23):0.000000
(6,12),(25,23):0.000000
(6,12),(25,14):0.000000
(6,12),(21,14):0.000000
(6,12),(21,1):0.000000
(6,12),(22,1):0.000000
(6,12),(22,3):0.000000
(6,12),(23,3):0.000000
(6,12),(23,4):0.000000
(6,12),(24,4):0.000000
(6,12),(24,9):0.000000
(6,12),(26,9):0.000000
(6,12),(26,26):0.000000
(6,12),(30,26):0.000000
(2,12),(2,10):47.916668
(2,12),(1,10):33.000000
(2,12),(1,2):26.083334
(2,12),(3,2):10.000000
(2,12),(3,5):40.273811
(2,12),(5,5):21.000000
(2,12),(5,6):42.549999
(2,12),(15,6):20.142857
(2,12),(15,7):8.700000
(2,12),(14,7):18.500000
(2,12),(14,8):16.000000
(2,12),(8,8):41.549999
(2,12),(8,11):44.299999
(2,12),(13,11):11.000000
(2,12),(13,22):1.750000
(2,12),(10,22):0.000000
(2,12),(10,24):0.000000
(2,12),(16,24):0.000000
(2,12),(16,21):0.000000
(2,12),(17,21):0.000000
(2,12),(17,13):0.000000
(2,12),(18,13):0.000000
(2,12),(18,18):0.000000
(2,12),(19,18):0.000000
(2,12),(19,23):0.000000
(2,12),(25,23):0.000000
(2,12),(25,14):0.000000
(2,12),(21,14):0.000000
(2,12),(21,1):0.000000
(2,12),(22,1):0.000000
(2,12),(22,3):0.000000
(2,12),(23,3):0.000000
(2,12),(23,4):0.000000
(2,12),(24,4):0.000000
(2,12),(24,9):0.000000
(2,12),(26,9):0.000000
(2,12),(26,26):0.000000
(2,12),(30,26):0.000000
(2,10),(1,10):44.000000
(2,10),(1,2):35.125000
(2,10),(3,2):18.000000
(2,10),(3,5):51.757141
(2,10),(5,5):26.000000
(2,10),(5,6):53.714287
(2,10),(15,6):27.000000
(2,10),(15,7):12.300000
(2,10),(14,7):24.972221
(2,10),(14,8):21.777779
(2,10),(8,8):51.450001
(2,10),(8,11):61.183334
(2,10),(13,11):21.166666
(2,10),(13,22):5.018615
(2,10),(10,22):0.166667
(2,10),(10,24):0.000000
(2,10),(16,24):0.000000
(2,10),(16,21):0.000000
(2,10),(17,21):0.000000
(2,10),(17,13):0.000000
(2,10),(18,13):0.000000
(2,10),(18,18):0.000000
(2,10),(19,18):0.000000
(2,10),(19,23):0.000000
(2,10),(25,23):0.000000
(2,10),(25,14):0.000000
(2,10),(21,14):0.000000
(2,10),(21,1):0.000000
(2,10),(22,1):0.000000
(2,10),(22,3):0.000000
(2,10),(23,3):0.000000
(2,10),(23,4):0.000000
(2,10),(24,4):0.000000
(2,10),(24,9):0.000000
(2,10),(26,9):0.000000
(2,10),(26,26):0.000000
(2,10),(30,26):0.000000
(1,10),(1,2):24.333334
(1,10),(3,2):16.000000
(1,10),(3,5):35.909092
(1,10),(5,5):20.000000
(1,10),(5,6):40.000000
(1,10),(15,6):28.000000
(1,10),(15,7):13.050000
(1,10),(14,7):25.972221
(1,10),(14,8):22.634920
(1,10),(8,8):39.450001
(1,10),(8,11):34.016666
(1,10),(13,11):0.000000
(1,10),(13,22):0.000000
(1,10),(10,22):0.000000
(1,10),(10,24):0.000000
(1,10),(16,24):0.000000
(1,10),(16,21):0.000000
(1,10),(17,21):0.000000
(1,10),(17,13):0.000000
(1,10),(18,13):0.000000
(1,10),(18,18):0.000000
(1,10),(19,18):0.000000
(1,10),(19,23):0.000000
(1,10),(25,23):0.000000
(1,10),(25,14):0.000000
(1,10),(21,14):0.000000
(1,10),(21,1):0.000000
(1,10),(22,1):0.000000
(1,10),(22,3):0.000000
(1,10),(23,3):0.000000
(1,10),(23,4):0.000000
(1,10),(24,4):0.000000
(1,10),(24,9):0.000000
(1,10),(26,9):0.000000
(1,10),(26,26):0.000000
(1,10),(30,26):0.000000
(1,2),(3,2):17.750000
(1,2),(3,5):39.833332
(1,2),(5,5):22.750000
(1,2),(5,6):34.833332
(1,2),(15,6):12.586667
(1,2),(15,7):3.704762
(1,2),(14,7):10.857223
(1,2),(14,8):8.212561
(1,2),(8,8):32.950001
(1,2),(8,11):36.150002
(1,2),(13,11):10.895833
(1,2),(13,22):0.000000
(1,2),(10,22):0.000000
(1,2),(10,24):0.000000
(1,2),(16,24):0.000000
(1,2),(16,21):0.000000
(1,2),(17,21):0.000000
(1,2),(17,13):0.000000
(1,2),(18,13):0.000000
(1,2),(18,18):0.000000
(1,2),(19,18):0.000000
(1,2),(19,23):0.000000
(1,2),(25,23):0.000000
(1,2),(25,14):0.000000
(1,2),(21,14):0.000000
(1,2),(21,1):0.000000
(1,2),(22,1):0.000000
(1,2),(22,3):0.000000
(1,2),(23,3):0.000000
(1,2),(23,4):0.000000
(1,2),(24,4):0.000000
(1,2),(24,9):0.000000
(1,2),(26,9):0.000000
(1,2),(26,26):0.000000
(1,2),(30,26):0.000000
(3,2),(3,5):18.000000
(3,2),(5,5):12.000000
(3,2),(5,6):13.000000
(3,2),(15,6):7.428571
(3,2),(15,7):2.600000
(3,2),(14,7):6.666667
(3,2),(14,8):5.333333
(3,2),(8,8):13.200000
(3,2),(8,11):14.316667
(3,2),(13,11):1.000000
(3,2),(13,22):0.000000
(3,2),(10,22):0.000000
(3,2),(10,24):0.000000
(3,2),(16,24):0.000000
(3,2),(16,21):0.000000
(3,2),(17,21):0.000000
(3,2),(17,13):0.000000
(3,2),(18,13):0.000000
(3,2),(18,18):0.000000
(3,2),(19,18):0.000000
(3,2),(19,23):0.000000
(3,2),(25,23):0.000000
(3,2),(25,14):0.000000
(3,2),(21,14):0.000000
(3,2),(21,1):0.000000
(3,2),(22,1):0.000000
(3,2),(22,3):0.000000
(3,2),(23,3):0.000000
(3,2),(23,4):0.000000
(3,2),(24,4):0.000000
(3,2),(24,9):0.000000
(3,2),(26,9):0.000000
(3,2),(26,26):0.000000
(3,2),(30,26):0.000000
(3,5),(5,5):26.000000
(3,5),(5,6):51.871429
(3,5),(15,6):19.000000
(3,5),(15,7):5.800000
(3,5),(14,7):16.972221
(3,5),(14,8):13.777778
(3,5),(8,8):46.521427
(3,5),(8,11):55.049206
(3,5),(13,11):17.282539
(3,5),(13,22):0.215278
(3,5),(10,22):0.150845
(3,5),(10,24):0.000000
(3,5),(16,24):0.000000
(3,5),(16,21):0.000000
(3,5),(17,21):0.000000
(3,5),(17,13):0.000000
(3,5),(18,13):0.000000
(3,5),(18,18):0.000000
(3,5),(19,18):0.000000
(3,5),(19,23):0.000000
(3,5),(25,23):0.000000
(3,5),(25,14):0.000000
(3,5),(21,14):0.000000
(3,5),(21,1):0.000000
(3,5),(22,1):0.000000
(3,5),(22,3):0.000000
(3,5),(23,3):0.000000
(3,5),(23,4):0.000000
(3,5),(24,4):0.000000
(3,5),(24,9):0.000000
(3,5),(26,9):0.000000
(3,5),(26,26):0.000000
(3,5),(30,26):0.000000
(5,5),(5,6):26.000000
(5,5),(15,6):13.714286
(5,5),(15,7):4.800000
(5,5),(14,7):12.222222
(5,5),(14,8):9.777778
(5,5),(8,8):25.250000
(5,5),(8,11):25.616667
(5,5),(13,11):3.000000
(5,5),(13,22):0.000000
(5,5),(10,22):0.000000
(5,5),(10,24):0.000000
(5,5),(16,24):0.000000
(5,5),(16,21):0.000000
(5,5),(17,21):0.000000
(5,5),(17,13):0.000000
(5,5),(18,13):0.000000
(5,5),(18,18):0.000000
(5,5),(19,18):0.000000
(5,5),(19,23):0.000000
(5,5),(25,23):0.000000
(5,5),(25,14):0.000000
(5,5),(21,14):0.000000
(5,5),(21,1):0.000000
(5,5),(22,1):0.000000
(5,5),(22,3):0.000000
(5,5),(23,3):0.000000
(5,5),(23,4):0.000000
(5,5),(24,4):0.000000
(5,5),(24,9):0.000000
(5,5),(26,9):0.000000
(5,5),(26,26):0.000000
(5,5),(30,26):0.000000
(5,6),(15,6):33.500000
(5,6),(15,7):14.800000
(5,6),(14,7):31.972221
(5,6),(14,8):27.777779
(5,6),(8,8):62.416668
(5,6),(8,11):54.666668
(5,6),(13,11):16.049999
(5,6),(13,22):0.000000
(5,6),(10,22):0.000000
(5,6),(10,24):0.000000
(5,6),(16,24):0.000000
(5,6),(16,21):0.000000
(5,6),(17,21):0.000000
(5,6),(17,13):0.000000
(5,6),(18,13):0.000000
(5,6),(18,18):0.000000
(5,6),(19,18):0.000000
(5,6),(19,23):0.000000
(5,6),(25,23):0.000000
(5,6),(25,14):0.000000
(5,6),(21,14):0.000000
(5,6),(21,1):0.000000
(5,6),(22,1):0.000000
(5,6),(22,3):0.000000
(5,6),(23,3):0.000000
(5,6),(23,4):0.000000
(5,6),(24,4):0.000000
(5,6),(24,9):0.000000
(5,6),(26,9):0.000000
(5,6),(26,26):0.000000
(5,6),(30,26):0.000000
(15,6),(15,7):14.000000
(15,6),(14,7):30.583334
(15,6),(14,8):25.500000
(15,6),(8,8):33.416668
(15,6),(8,11):20.969297
(15,6),(13,11):0.000000
(15,6),(13,22):0.000000
(15,6),(10,22):0.000000
(15,6),(10,24):0.000000
(15,6),(16,24):0.000000
(15,6),(16,21):0.000000
(15,6),(17,21):0.000000
(15,6),(17,13):0.000000
(15,6),(18,13):0.000000
(15,6),(18,18):0.000000
(15,6),(19,18):0.000000
(15,6),(19,23):0.000000
(15,6),(25,23):0.000000
(15,6),(25,14):0.000000
(15,6),(21,14):0.000000
(15,6),(21,1):0.000000
(15,6),(22,1):0.000000
(15,6),(22,3):0.000000
(15,6),(23,3):0.000000
(15,6),(23,4):0.000000
(15,6),(24,4):0.000000
(15,6),(24,9):0.000000
(15,6),(26,9):0.000000
(15,6),(26,26):0.000000
(15,6),(30,26):0.000000
(15,7),(14,7):14.800000
(15,7),(14,8):13.800000
(15,7),(8,8):14.716666
(15,7),(8,11):7.800000
(15,7),(13,11):0.000000
(15,7),(13,22):0.000000
(15,7),(10,22):0.000000
(15,7),(10,24):0.000000
(15,7),(16,24):0.000000
(15,7),(16,21):0.000000
(15,7),(17,21):0.000000
(15,7),(17,13):0.000000
(15,7),(18,13):0.000000
(15,7),(18,18):0.000000
(15,7),(19,18):0.000000
(15,7),(19,23):0.000000
(15,7),(25,23):0.000000
(15,7),(25,14):0.000000
(15,7),(21,14):0.000000
(15,7),(21,1):0.000000
(15,7),(22,1):0.000000
(15,7),(22,3):0.000000
(15,7),(23,3):0.000000
(15,7),(23,4):0.000000
(15,7),(24,4):0.000000
(15,7),(24,9):0.000000
(15,7),(26,9):0.000000
(15,7),(26,26):0.000000
(15,7),(30,26):0.000000
(14,7),(14,8):26.888889
(14,7),(8,8):31.888889
(14,7),(8,11):18.972221
(14,7),(13,11):0.000000
(14,7),(13,22):0.000000
(14,7),(10,22):0.000000
(14,7),(10,24):0.000000
(14,7),(16,24):0.000000
(14,7),(16,21):0.000000
(14,7),(17,21):0.000000
(14,7),(17,13):0.000000
(14,7),(18,13):0.000000
(14,7),(18,18):0.000000
(14,7),(19,18):0.000000
(14,7),(19,23):0.000000
(14,7),(25,23):0.000000
(14,7),(25,14):0.000000
(14,7),(21,14):0.000000
(14,7),(21,1):0.000000
(14,7),(22,1):0.000000
(14,7),(22,3):0.000000
(14,7),(23,3):0.000000
(14,7),(23,4):0.000000
(14,7),(24,4):0.000000
(14,7),(24,9):0.000000
(14,7),(26,9):0.000000
(14,7),(26,26):0.000000
(14,7),(30,26):0.000000
(14,8),(8,8):27.777779
(14,8),(8,11):15.777778
(14,8),(13,11):0.000000
(14,8),(13,22):0.000000
(14,8),(10,22):0.000000
(14,8),(10,24):0.000000
(14,8),(16,24):0.000000
(14,8),(16,21):0.000000
(14,8),(17,21):0.000000
(14,8),(17,13):0.000000
(14,8),(18,13):0.000000
(14,8),(18,18):0.000000
(14,8),(19,18):0.000000
(14,8),(19,23):0.000000
(14,8),(25,23):0.000000
(14,8),(25,14):0.000000
(14,8),(21,14):0.000000
(14,8),(21,1):0.000000
(14,8),(22,1):0.000000
(14,8),(22,3):0.000000
(14,8),(23,3):0.000000
(14,8),(23,4):0.000000
(14,8),(24,4):0.000000
(14,8),(24,9):0.000000
(14,8),(26,9):0.000000
(14,8),(26,26):0.000000
(14,8),(30,26):0.000000
(8,8),(8,11):50.366665
(8,8),(13,11):12.000000
(8,8),(13,22):0.000000
(8,8),(10,22):0.000000
(8,8),(10,24):0.000000
(8,8),(16,24):0.000000
(8,8),(16,21):0.000000
(8,8),(17,21):0.000000
(8,8),(17,13):0.000000
(8,8),(18,13):0.000000
(8,8),(18,18):0.000000
(8,8),(19,18):0.000000
(8,8),(19,23):0.000000
(8,8),(25,23):0.000000
(8,8),(25,14):0.000000
(8,8),(21,14):0.000000
(8,8),(21,1):0.000000
(8,8),(22,1):0.000000
(8,8),(22,3):0.000000
(8,8),(23,3):0.000000
(8,8),(23,4):0.000000
(8,8),(24,4):0.000000
(8,8),(24,9):0.000000
(8,8),(26,9):0.000000
(8,8),(26,26):0.000000
(8,8),(30,26):0.000000
(8,11),(13,11):34.250000
(8,11),(13,22):7.708333
(8,11),(10,22):1.008333
(8,11),(10,24):0.000000
(8,11),(16,24):0.000000
(8,11),(16,21):0.000000
(8,11),(17,21):0.000000
(8,11),(17,13):0.000000
(8,11),(18,13):0.000000
(8,11),(18,18):0.000000
(8,11),(19,18):0.000000
(8,11),(19,23):0.000000
(8,11),(25,23):0.000000
(8,11),(25,14):0.000000
(8,11),(21,14):0.000000
(8,11),(21,1):0.000000
(8,11),(22,1):0.000000
(8,11),(22,3):0.000000
(8,11),(23,3):0.000000
(8,11),(23,4):0.000000
(8,11),(24,4):0.000000
(8,11),(24,9):0.000000
(8,11),(26,9):0.000000
(8,11),(26,26):0.000000
(8,11),(30,26):0.000000
(13,11),(13,22):15.166667
(13,11),(10,22):8.333333
(13,11),(10,24):0.000000
(13,11),(16,24):0.000000
(13,11),(16,21):0.000000
(13,11),(17,21):0.000000
(13,11),(17,13):0.000000
(13,11),(18,13):0.000000
(13,11),(18,18):0.000000
(13,11),(19,18):0.000000
(13,11),(19,23):0.000000
(13,11),(25,23):0.000000
(13,11),(25,14):0.000000
(13,11),(21,14):0.000000
(13,11),(21,1):0.000000
(13,11),(22,1):0.000000
(13,11),(22,3):0.000000
(13,11),(23,3):0.000000
(13,11),(23,4):0.000000
(13,11),(24,4):0.000000
(13,11),(24,9):0.000000
(13,11),(26,9):0.000000
(13,11),(26,26):0.000000
(13,11),(30,26):0.000000
(13,22),(10,22):28.000000
(13,22),(10,24):11.375000
(13,22),(16,24):0.000000
(13,22),(16,21):0.000000
(13,22),(17,21):0.000000
(13,22),(17,13):0.000000
(13,22),(18,13):0.000000
(13,22),(18,18):0.000000
(13,22),(19,18):0.000000
(13,22),(19,23):0.000000
(13,22),(25,23):0.000000
(13,22),(25,14):0.000000
(13,22),(21,14):0.000000
(13,22),(21,1):0.000000
(13,22),(22,1):0.000000
(13,22),(22,3):0.000000
(13,22),(23,3):0.000000
(13,22),(23,4):0.000000
(13,22),(24,4):0.000000
(13,22),(24,9):0.000000
(13,22),(26,9):0.000000
(13,22),(26,26):0.000000
(13,22),(30,26):0.000000
(10,22),(10,24):35.375000
(10,22),(16,24):18.000000
(10,22),(16,21):0.000000
(10,22),(17,21):0.000000
(10,22),(17,13):0.000000
(10,22),(18,13):0.000000
(10,22),(18,18):0.000000
(10,22),(19,18):0.000000
(10,22),(19,23):10.500000
(10,22),(25,23):15.500000
(10,22),(25,14):0.000000
(10,22),(21,14):0.000000
(10,22),(21,1):0.000000
(10,22),(22,1):0.000000
(10,22),(22,3):0.000000
(10,22),(23,3):0.000000
(10,22),(23,4):0.000000
(10,22),(24,4):0.000000
(10,22),(24,9):0.000000
(10,22),(26,9):0.000000
(10,22),(26,26):18.562500
(10,22),(30,26):12.000000
(10,24),(16,24):121.933334
(10,24),(16,21):52.604168
(10,24),(17,21):48.000000
(10,24),(17,13):16.799999
(10,24),(18,13):10.500000
(10,24),(18,18):28.799999
(10,24),(19,18):27.000000
(10,24),(19,23):105.333336
(10,24),(25,23):112.166664
(10,24),(25,14):6.666667
(10,24),(21,14):0.000000
(10,24),(21,1):0.000000
(10,24),(22,1):0.000000
(10,24),(22,3):0.000000
(10,24),(23,3):0.000000
(10,24),(23,4):0.000000
(10,24),(24,4):0.000000
(10,24),(24,9):0.000000
(10,24),(26,9):7.714286
(10,24),(26,26):125.312500
(10,24),(30,26):73.083336
(16,24),(16,21):62.354168
(16,24),(17,21):62.000000
(16,24),(17,13):24.900000
(16,24),(18,13):15.562500
(16,24),(18,18):40.900002
(16,24),(19,18):39.750000
(16,24),(19,23):125.833336
(16,24),(25,23):122.222221
(16,24),(25,14):7.722222
(16,24),(21,14):0.000000
(16,24),(21,1):0.000000
(16,24),(22,1):0.000000
(16,24),(22,3):0.000000
(16,24),(23,3):0.000000
(16,24),(23,4):0.000000
(16,24),(24,4):0.000000
(16,24),(24,9):0.000000
(16,24),(26,9):8.805555
(16,24),(26,26):133.984131
(16,24),(30,26):70.333336
(16,21),(17,21):51.500000
(16,21),(17,13):22.500000
(16,21),(18,13):14.000000
(16,21),(18,18):30.400000
(16,21),(19,18):26.250000
(16,21),(19,23):62.333332
(16,21),(25,23):55.738094
(16,21),(25,14):3.210784
(16,21),(21,14):0.000000
(16,21),(21,1):0.000000
(16,21),(22,1):0.000000
(16,21),(22,3):0.000000
(16,21),(23,3):0.000000
(16,21),(23,4):0.000000
(16,21),(24,4):0.000000
(16,21),(24,9):0.000000
(16,21),(26,9):3.871212
(16,21),(26,26):57.761906
(16,21),(30,26):27.305555
(17,21),(17,13):31.400000
(17,21),(18,13):22.062500
(17,21),(18,18):47.400002
(17,21),(19,18):38.250000
(17,21),(19,23):66.000000
(17,21),(25,23):51.500000
(17,21),(25,14):0.500000
(17,21),(21,14):0.000000
(17,21),(21,1):0.000000
(17,21),(22,1):0.000000
(17,21),(22,3):0.000000
(17,21),(23,3):0.000000
(17,21),(23,4):0.000000
(17,21),(24,4):0.000000
(17,21),(24,9):0.000000
(17,21),(26,9):1.050000
(17,21),(26,26):53.428570
(17,21),(30,26):29.333334
(17,13),(18,13):17.000000
(17,13),(18,18):31.400000
(17,13),(19,18):21.500000
(17,13),(19,23):28.900000
(17,13),(25,23):18.900000
(17,13),(25,14):0.000000
(17,13),(21,14):0.000000
(17,13),(21,1):0.000000
(17,13),(22,1):0.000000
(17,13),(22,3):0.000000
(17,13),(23,3):0.000000
(17,13),(23,4):0.000000
(17,13),(24,4):0.000000
(17,13),(24,9):0.000000
(17,13),(26,9):0.000000
(17,13),(26,26):19.757143
(17,13),(30,26):11.100000
(18,13),(18,18):22.062500
(18,13),(19,18):17.062500
(18,13),(19,23):19.562500
(18,13),(25,23):11.812500
(18,13),(25,14):0.000000
(18,13),(21,14):0.000000
(18,13),(21,1):0.000000
(18,13),(22,1):0.000000
(18,13),(22,3):0.000000
(18,13),(23,3):0.000000
(18,13),(23,4):0.000000
(18,13),(24,4):0.000000
(18,13),(24,9):0.000000
(18,13),(26,9):0.000000
(18,13),(26,26):12.627875
(18,13),(30,26):7.500000
(18,18),(19,18):37.500000
(18,18),(19,23):44.900002
(18,18),(25,23):31.733334
(18,18),(25,14):0.000000
(18,18),(21,14):0.000000
(18,18),(21,1):0.000000
(18,18),(22,1):0.000000
(18,18),(22,3):0.000000
(18,18),(23,3):0.000000
(18,18),(23,4):0.000000
(18,18),(24,4):0.000000
(18,18),(24,9):0.000000
(18,18),(26,9):0.000000
(18,18),(26,26):33.066666
(18,18),(30,26):20.433332
(19,18),(19,23):41.250000
(19,18),(25,23):30.000000
(19,18),(25,14):0.000000
(19,18),(21,14):0.000000
(19,18),(21,1):0.000000
(19,18),(22,1):0.000000
(19,18),(22,3):0.000000
(19,18),(23,3):0.000000
(19,18),(23,4):0.000000
(19,18),(24,4):0.000000
(19,18),(24,9):0.000000
(19,18),(26,9):0.000000
(19,18),(26,26):31.768518
(19,18),(30,26):19.833334
(19,23),(25,23):113.166664
(19,23),(25,14):7.666667
(19,23),(21,14):0.000000
(19,23),(21,1):0.000000
(19,23),(22,1):0.000000
(19,23),(22,3):0.000000
(19,23),(23,3):0.000000
(19,23),(23,4):0.000000
(19,23),(24,4):0.000000
(19,23),(24,9):0.000000
(19,23),(26,9):8.750000
(19,23),(26,26):116.761902
(19,23),(30,26):65.166664
(25,23),(25,14):21.666666
(25,23),(21,14):5.000000
(25,23),(21,1):2.625000
(25,23),(22,1):0.000000
(25,23),(22,3):2.333333
(25,23),(23,3):0.000000
(25,23),(23,4):0.000000
(25,23),(24,4):0.000000
(25,23),(24,9):7.500000
(25,23),(26,9):22.750000
(25,23),(26,26):136.166672
(25,23),(30,26):65.599998
(25,14),(21,14):40.854546
(25,14),(21,1):36.079544
(25,14),(22,1):12.454545
(25,14),(22,3):36.687878
(25,14),(23,3):21.900000
(25,14),(23,4):32.400002
(25,14),(24,4):27.500000
(25,14),(24,9):43.233334
(25,14),(26,9):41.000000
(25,14),(26,26):22.708334
(25,14),(30,26):1.572072
(21,14),(21,1):35.687500
(21,14),(22,1):13.000000
(21,14),(22,3):37.666668
(21,14),(23,3):22.000000
(21,14),(23,4):35.000000
(21,14),(24,4):30.000000
(21,14),(24,9):43.233334
(21,14),(26,9):25.000000
(21,14),(26,26):6.041667
(21,14),(30,26):0.000000
(21,1),(22,1):13.000000
(21,1),(22,3):36.625000
(21,1),(23,3):21.000000
(21,1),(23,4):32.000000
(21,1),(24,4):27.750000
(21,1),(24,9):36.625000
(21,1),(26,9):21.291666
(21,1),(26,26):2.916667
(21,1),(30,26):0.000000
(22,1),(22,3):13.000000
(22,1),(23,3):11.000000
(22,1),(23,4):11.500000
(22,1),(24,4):10.000000
(22,1),(24,9):12.333333
(22,1),(26,9):5.000000
(22,1),(26,26):0.000000
(22,1),(30,26):0.000000
(22,3),(23,3):22.000000
(22,3),(23,4):34.500000
(22,3),(24,4):29.500000
(22,3),(24,9):38.566666
(22,3),(26,9):20.833334
(22,3),(26,26):2.555556
(22,3),(30,26):0.000000
(23,3),(23,4):22.000000
(23,3),(24,4):20.000000
(23,3),(24,9):21.900000
(23,3),(26,9):10.000000
(23,3),(26,26):0.000000
(23,3),(30,26):0.000000
(23,4),(24,4):30.000000
(23,4),(24,9):34.900002
(23,4),(26,9):17.500000
(23,4),(26,26):0.000000
(23,4),(30,26):0.000000
(24,4),(24,9):30.000000
(24,4),(26,9):15.000000
(24,4),(26,26):0.000000
(24,4),(30,26):0.000000
(24,9),(26,9):27.500000
(24,9),(26,26):8.541667
(24,9),(30,26):0.000000
(26,9),(26,26):23.791666
(26,9),(30,26):1.975319
(26,26),(30,26):81.000000
