56
(27,3):(27,3)	(27,14)	(27,15)	(28,3)	(28,16)	
(28,3):(27,3)	(27,14)	(27,15)	(28,3)	(28,16)	
(28,16):(23,13)	(23,14)	(23,15)	(23,16)	(24,14)	(24,15)	(24,16)	(25,14)	(25,15)	(26,14)	(26,15)	(27,3)	(27,14)	(27,15)	(28,3)	(28,16)	
(24,16):(22,22)	(23,13)	(23,14)	(23,15)	(23,16)	(23,17)	(23,18)	(23,19)	(23,20)	(23,21)	(23,22)	(24,14)	(24,15)	(24,16)	(24,18)	(24,19)	(24,20)	(24,21)	(24,22)	(25,14)	(25,15)	(26,13)	(26,14)	(26,15)	(27,14)	(27,15)	(28,16)	
(24,18):(22,22)	(23,13)	(23,14)	(23,15)	(23,16)	(23,17)	(23,18)	(23,19)	(23,20)	(23,21)	(23,22)	(24,14)	(24,15)	(24,16)	(24,18)	(24,19)	(24,20)	(24,21)	(24,22)	(25,18)	(25,23)	
(25,18):(22,22)	(23,18)	(23,19)	(23,20)	(23,21)	(23,22)	(24,18)	(24,19)	(24,20)	(24,21)	(24,22)	(25,18)	(25,23)	
(25,23):(2,20)	(2,21)	(2,22)	(2,23)	(3,21)	(3,22)	(3,23)	(4,21)	(4,22)	(4,23)	(5,21)	(5,22)	(5,23)	(6,21)	(6,22)	(6,23)	(7,21)	(7,22)	(7,23)	(8,21)	(8,22)	(8,23)	(9,21)	(9,22)	(9,23)	(10,21)	(10,22)	(10,23)	(11,22)	(11,23)	(12,22)	(12,23)	(13,22)	(13,23)	(14,22)	(14,23)	(15,22)	(15,23)	(16,22)	(16,23)	(17,22)	(17,23)	(18,22)	(18,23)	(19,22)	(22,22)	(23,13)	(23,14)	(23,15)	(23,16)	(23,17)	(23,18)	(23,19)	(23,20)	(23,21)	(23,22)	(24,18)	(24,19)	(24,20)	(24,21)	(24,22)	(25,18)	(25,23)	
(18,23):(1,24)	(2,20)	(2,21)	(2,22)	(2,23)	(3,20)	(3,21)	(3,22)	(3,23)	(4,20)	(4,21)	(4,22)	(4,23)	(5,20)	(5,21)	(5,22)	(5,23)	(6,21)	(6,22)	(6,23)	(6,24)	(6,25)	(7,21)	(7,22)	(7,23)	(7,24)	(8,21)	(8,22)	(8,23)	(8,24)	(9,21)	(9,22)	(9,23)	(9,24)	(10,21)	(10,22)	(10,23)	(10,24)	(11,22)	(11,23)	(11,24)	(12,22)	(12,23)	(12,24)	(12,25)	(12,26)	(13,22)	(13,23)	(13,24)	(13,25)	(13,26)	(14,22)	(14,23)	(14,24)	(14,25)	(14,26)	(15,22)	(15,23)	(15,24)	(15,25)	(15,26)	(16,22)	(16,23)	(16,24)	(16,25)	(16,26)	(17,22)	(17,23)	(17,24)	(17,25)	(17,26)	(18,22)	(18,23)	(18,27)	(19,21)	(19,22)	(22,22)	(23,22)	(24,22)	(25,23)	
(18,27):(2,19)	(2,20)	(2,21)	(3,19)	(3,20)	(3,21)	(3,22)	(4,20)	(4,21)	(4,22)	(5,20)	(5,21)	(5,22)	(6,21)	(6,22)	(6,23)	(7,21)	(7,22)	(7,23)	(7,26)	(8,21)	(8,22)	(8,23)	(8,27)	(9,21)	(9,22)	(9,23)	(9,24)	(10,21)	(10,22)	(10,23)	(10,24)	(11,22)	(11,23)	(11,24)	(12,22)	(12,23)	(12,24)	(12,25)	(12,26)	(13,22)	(13,23)	(13,24)	(13,25)	(13,26)	(14,22)	(14,23)	(14,24)	(14,25)	(14,26)	(15,22)	(15,23)	(15,24)	(15,25)	(15,26)	(16,22)	(16,23)	(16,24)	(16,25)	(16,26)	(17,22)	(17,23)	(17,24)	(17,25)	(17,26)	(18,22)	(18,23)	(18,27)	
(8,27):(7,26)	(7,28)	(8,27)	(8,28)	(12,26)	(13,26)	(14,26)	(15,26)	(16,25)	(16,26)	(17,25)	(17,26)	(18,27)	
(8,28):(7,26)	(7,28)	(8,27)	(8,28)	
(7,28):(7,26)	(7,28)	(8,27)	(8,28)	
(7,26):(7,26)	(7,28)	(8,27)	(8,28)	(12,26)	(13,26)	(14,26)	(15,26)	(16,26)	(17,26)	(18,27)	
(12,26):(7,26)	(8,27)	(12,22)	(12,23)	(12,24)	(12,25)	(12,26)	(13,22)	(13,23)	(13,24)	(13,25)	(13,26)	(14,22)	(14,23)	(14,24)	(14,25)	(14,26)	(15,22)	(15,23)	(15,24)	(15,25)	(15,26)	(16,22)	(16,23)	(16,24)	(16,25)	(16,26)	(17,22)	(17,23)	(17,24)	(17,25)	(17,26)	(18,22)	(18,23)	(18,27)	(19,21)	(19,22)	
(12,25):(2,18)	(2,19)	(2,20)	(2,21)	(2,22)	(2,23)	(3,19)	(3,20)	(3,21)	(3,22)	(3,23)	(4,20)	(4,21)	(4,22)	(4,23)	(5,20)	(5,21)	(5,22)	(5,23)	(6,21)	(6,22)	(6,23)	(6,24)	(6,25)	(7,21)	(7,22)	(7,23)	(7,24)	(8,21)	(8,22)	(8,23)	(8,24)	(9,21)	(9,22)	(9,23)	(9,24)	(10,21)	(10,22)	(10,23)	(10,24)	(11,22)	(11,23)	(11,24)	(12,22)	(12,23)	(12,24)	(12,25)	(12,26)	(13,22)	(13,23)	(13,24)	(13,25)	(13,26)	(14,22)	(14,23)	(14,24)	(14,25)	(14,26)	(15,22)	(15,23)	(15,24)	(15,25)	(15,26)	(16,22)	(16,23)	(16,24)	(16,25)	(16,26)	(17,22)	(17,23)	(17,24)	(17,25)	(17,26)	(18,22)	(18,23)	(18,27)	(19,21)	(19,22)	
(6,25):(6,21)	(6,22)	(6,23)	(6,24)	(6,25)	(7,21)	(7,22)	(7,23)	(7,24)	(8,21)	(8,22)	(8,23)	(8,24)	(9,21)	(9,22)	(9,23)	(9,24)	(10,20)	(10,21)	(10,22)	(10,23)	(10,24)	(11,22)	(11,23)	(11,24)	(12,22)	(12,23)	(12,24)	(12,25)	(13,22)	(13,23)	(13,24)	(13,25)	(14,22)	(14,23)	(14,24)	(14,25)	(15,22)	(15,23)	(15,24)	(15,25)	(16,22)	(16,23)	(16,24)	(16,25)	(17,22)	(17,23)	(17,24)	(17,25)	(18,22)	(18,23)	(19,21)	(19,22)	(22,22)	(23,22)	(24,22)	
(6,24):(1,24)	(2,14)	(2,15)	(2,16)	(2,17)	(2,18)	(2,19)	(2,20)	(2,21)	(2,22)	(2,23)	(3,17)	(3,18)	(3,19)	(3,20)	(3,21)	(3,22)	(3,23)	(4,19)	(4,20)	(4,21)	(4,22)	(4,23)	(5,20)	(5,21)	(5,22)	(5,23)	(6,21)	(6,22)	(6,23)	(6,24)	(6,25)	(7,21)	(7,22)	(7,23)	(7,24)	(8,21)	(8,22)	(8,23)	(8,24)	(9,21)	(9,22)	(9,23)	(9,24)	(10,20)	(10,21)	(10,22)	(10,23)	(10,24)	(11,22)	(11,23)	(11,24)	(12,22)	(12,23)	(12,24)	(12,25)	(13,22)	(13,23)	(13,24)	(13,25)	(14,22)	(14,23)	(14,24)	(14,25)	(15,22)	(15,23)	(15,24)	(15,25)	(16,22)	(16,23)	(16,24)	(16,25)	(17,22)	(17,23)	(17,24)	(17,25)	(18,22)	(18,23)	(19,21)	(19,22)	(22,22)	(23,22)	(24,22)	
(1,24):(1,4)	(1,24)	(2,5)	(2,6)	(2,10)	(2,11)	(2,12)	(2,13)	(2,14)	(2,15)	(2,16)	(2,17)	(2,18)	(2,19)	(2,20)	(2,21)	(2,22)	(2,23)	(3,11)	(3,12)	(3,13)	(3,14)	(3,15)	(3,16)	(3,17)	(3,18)	(3,19)	(3,20)	(3,21)	(3,22)	(3,23)	(4,11)	(4,12)	(4,13)	(4,14)	(4,15)	(4,16)	(4,17)	(4,19)	(4,20)	(4,21)	(4,22)	(4,23)	(5,11)	(5,12)	(5,13)	(5,14)	(5,19)	(5,20)	(5,21)	(5,22)	(5,23)	(6,11)	(6,12)	(6,21)	(6,22)	(6,23)	(6,24)	(7,21)	(7,22)	(7,23)	(7,24)	(8,21)	(8,22)	(8,23)	(8,24)	(9,21)	(9,22)	(9,23)	(9,24)	(10,20)	(10,21)	(10,22)	(10,23)	(10,24)	(11,22)	(11,23)	(11,24)	(12,22)	(12,23)	(12,24)	(13,22)	(13,23)	(13,24)	(14,22)	(14,23)	(14,24)	(15,22)	(15,23)	(15,24)	(16,22)	(16,23)	(16,24)	(17,22)	(17,23)	(17,24)	(18,22)	(18,23)	(19,21)	(19,22)	(22,22)	(23,22)	(24,22)	
(1,4):(1,4)	(1,24)	(2,5)	(2,6)	(2,10)	(2,11)	(2,12)	(2,13)	(2,14)	(2,15)	(2,16)	(2,17)	(2,18)	(2,19)	(2,20)	(2,21)	(2,22)	(2,23)	(3,4)	(3,5)	(3,16)	(3,17)	(3,18)	(3,19)	(3,20)	(3,21)	(3,22)	(3,23)	(4,22)	(4,23)	
(3,4):(1,4)	(2,5)	(2,6)	(3,4)	(3,5)	
(3,5):(1,4)	(2,5)	(2,6)	(3,4)	(3,5)	(13,5)	(13,6)	
(13,5):(2,5)	(2,6)	(3,5)	(13,5)	(13,6)	
(13,6):(2,5)	(2,6)	(3,5)	(13,5)	(13,6)	
(2,6):(1,4)	(1,24)	(2,5)	(2,6)	(2,10)	(2,11)	(2,12)	(2,13)	(2,14)	(2,15)	(2,16)	(2,17)	(2,18)	(2,19)	(2,20)	(2,21)	(2,22)	(2,23)	(3,4)	(3,5)	(13,5)	(13,6)	
(2,10):(1,4)	(1,24)	(2,5)	(2,6)	(2,10)	(2,11)	(2,12)	(2,13)	(2,14)	(2,15)	(2,16)	(2,17)	(2,18)	(2,19)	(2,20)	(2,21)	(2,22)	(2,23)	(3,11)	(3,12)	(3,13)	(3,14)	(3,15)	(3,16)	(3,17)	(3,18)	(3,19)	(3,20)	(3,21)	(3,22)	(3,23)	(4,11)	(4,12)	(4,13)	(4,14)	(4,15)	(4,16)	(4,17)	(4,19)	(4,20)	(4,21)	(4,22)	(4,23)	(5,11)	(5,12)	(5,13)	(5,14)	(5,15)	(5,16)	(6,11)	(6,12)	(6,13)	(6,14)	(6,15)	(6,16)	(7,11)	(7,12)	(7,13)	(7,14)	(7,15)	(7,16)	(8,11)	(8,12)	(8,13)	(8,14)	(8,15)	(8,16)	(9,10)	(9,11)	(9,12)	(9,13)	(9,14)	(9,15)	(9,16)	(10,12)	(10,13)	(10,14)	(10,15)	(10,16)	(11,12)	(11,17)	(15,12)	(16,12)	
(9,10):(2,10)	(2,11)	(2,12)	(2,13)	(2,14)	(2,15)	(2,16)	(2,17)	(2,18)	(2,19)	(3,11)	(3,12)	(3,13)	(3,14)	(3,15)	(3,16)	(3,17)	(3,18)	(4,11)	(4,12)	(4,13)	(4,14)	(4,15)	(4,16)	(4,17)	(5,11)	(5,12)	(5,13)	(5,14)	(5,15)	(5,16)	(6,11)	(6,12)	(6,13)	(6,14)	(6,15)	(6,16)	(7,11)	(7,12)	(7,13)	(7,14)	(7,15)	(7,16)	(8,11)	(8,12)	(8,13)	(8,14)	(8,15)	(8,16)	(9,10)	(9,11)	(9,12)	(9,13)	(9,14)	(9,15)	(9,16)	
(9,11):(2,10)	(2,11)	(2,12)	(2,13)	(2,14)	(2,15)	(2,16)	(2,17)	(2,18)	(2,19)	(3,11)	(3,12)	(3,13)	(3,14)	(3,15)	(3,16)	(3,17)	(3,18)	(4,11)	(4,12)	(4,13)	(4,14)	(4,15)	(4,16)	(4,17)	(5,11)	(5,12)	(5,13)	(5,14)	(5,15)	(5,16)	(6,11)	(6,12)	(6,13)	(6,14)	(6,15)	(6,16)	(7,11)	(7,12)	(7,13)	(7,14)	(7,15)	(7,16)	(8,11)	(8,12)	(8,13)	(8,14)	(8,15)	(8,16)	(9,10)	(9,11)	(9,12)	(9,13)	(9,14)	(9,15)	(9,16)	(10,12)	(10,13)	(10,14)	(10,15)	(10,16)	(11,12)	(11,17)	(14,11)	(15,11)	(15,12)	(16,11)	(16,12)	(17,11)	(17,12)	(18,11)	(18,12)	(19,11)	(19,12)	(20,11)	(20,12)	
(14,11):(2,11)	(2,12)	(2,13)	(2,14)	(2,15)	(3,11)	(3,12)	(3,13)	(3,14)	(4,11)	(4,12)	(4,13)	(4,14)	(5,11)	(5,12)	(5,13)	(5,14)	(6,11)	(6,12)	(6,13)	(7,11)	(7,12)	(7,13)	(8,11)	(8,12)	(8,13)	(9,11)	(9,12)	(10,12)	(11,12)	(14,8)	(14,11)	(15,9)	(15,10)	(15,11)	(15,12)	(16,8)	(16,9)	(16,10)	(16,11)	(16,12)	(16,13)	(17,9)	(17,10)	(17,11)	(17,12)	(17,13)	(17,14)	(18,9)	(18,10)	(18,11)	(18,12)	(18,13)	(18,14)	(19,8)	(19,9)	(19,10)	(19,11)	(19,12)	(19,13)	(19,14)	(20,7)	(20,8)	(20,9)	(20,10)	(20,11)	(20,12)	(20,13)	(20,14)	(21,15)	
(14,8):(14,8)	(14,11)	(15,9)	(15,10)	(15,11)	(15,12)	(16,8)	(16,9)	(16,10)	(16,11)	(16,12)	(16,13)	(16,14)	(17,10)	(17,11)	(17,12)	(17,13)	(17,14)	(18,10)	(18,11)	(18,12)	(18,13)	(18,14)	(19,11)	(19,12)	(19,13)	(19,14)	(20,11)	(20,12)	(20,13)	(20,14)	(21,15)	
(16,8):(14,8)	(14,11)	(15,9)	(15,10)	(15,11)	(15,12)	(15,15)	(16,8)	(16,9)	(16,10)	(16,11)	(16,12)	(16,13)	(16,14)	
(16,9):(14,8)	(14,11)	(15,9)	(15,10)	(15,11)	(15,12)	(15,15)	(16,8)	(16,9)	(16,10)	(16,11)	(16,12)	(16,13)	(16,14)	(17,9)	(17,10)	(17,11)	(17,12)	(17,13)	(17,14)	(18,9)	(18,10)	(18,11)	(18,12)	(18,13)	(18,14)	(19,9)	(19,10)	(19,11)	(19,12)	(19,13)	(19,14)	(20,9)	(20,10)	(20,11)	(20,12)	(20,13)	(20,14)	(21,15)	
(17,9):(14,11)	(15,9)	(15,10)	(15,11)	(15,12)	(15,15)	(16,9)	(16,10)	(16,11)	(16,12)	(16,13)	(16,14)	(17,2)	(17,9)	(17,10)	(17,11)	(17,12)	(17,13)	(17,14)	(18,3)	(18,4)	(18,5)	(18,6)	(18,7)	(18,8)	(18,9)	(18,10)	(18,11)	(18,12)	(18,13)	(18,14)	(19,3)	(19,4)	(19,5)	(19,6)	(19,7)	(19,8)	(19,9)	(19,10)	(19,11)	(19,12)	(19,13)	(19,14)	(20,2)	(20,3)	(20,4)	(20,5)	(20,6)	(20,7)	(20,8)	(20,9)	(20,10)	(20,11)	(20,12)	(20,13)	(20,14)	(21,1)	(21,15)	
(17,2):(17,2)	(17,9)	(17,10)	(17,11)	(17,12)	(17,13)	(17,14)	(18,3)	(18,4)	(18,5)	(18,6)	(18,7)	(18,8)	(18,9)	(18,10)	(18,11)	(18,12)	(18,13)	(18,14)	(19,3)	(19,4)	(19,5)	(19,6)	(19,7)	(19,8)	(19,9)	(19,10)	(19,11)	(19,12)	(19,13)	(19,14)	(20,2)	(20,3)	(20,4)	(20,5)	(20,6)	(20,7)	(20,8)	(20,9)	(20,10)	(20,11)	(20,12)	(20,13)	(20,14)	(21,15)	
(20,2):(15,15)	(16,12)	(16,13)	(16,14)	(17,2)	(17,9)	(17,10)	(17,11)	(17,12)	(17,13)	(17,14)	(18,3)	(18,4)	(18,5)	(18,6)	(18,7)	(18,8)	(18,9)	(18,10)	(18,11)	(18,12)	(18,13)	(18,14)	(19,3)	(19,4)	(19,5)	(19,6)	(19,7)	(19,8)	(19,9)	(19,10)	(19,11)	(19,12)	(19,13)	(19,14)	(20,1)	(20,2)	(20,3)	(20,4)	(20,5)	(20,6)	(20,7)	(20,8)	(20,9)	(20,10)	(20,11)	(20,12)	(20,13)	(20,14)	(21,1)	(21,15)	
(20,1):(20,1)	(20,2)	(20,3)	(20,4)	(20,5)	(20,6)	(20,7)	(20,8)	(20,9)	(20,10)	(20,11)	(20,12)	(20,13)	(20,14)	(21,1)	(21,15)	
(21,1):(15,15)	(16,11)	(16,12)	(16,13)	(16,14)	(17,9)	(17,10)	(17,11)	(17,12)	(17,13)	(17,14)	(18,4)	(18,5)	(18,6)	(18,7)	(18,8)	(18,9)	(18,10)	(18,11)	(18,12)	(18,13)	(18,14)	(19,3)	(19,4)	(19,5)	(19,6)	(19,7)	(19,8)	(19,9)	(19,10)	(19,11)	(19,12)	(19,13)	(19,14)	(20,1)	(20,2)	(20,3)	(20,4)	(20,5)	(20,6)	(20,7)	(20,8)	(20,9)	(20,10)	(20,11)	(20,12)	(20,13)	(20,14)	(21,1)	(21,15)	
(21,15):(14,8)	(14,11)	(15,9)	(15,10)	(15,11)	(15,12)	(15,15)	(16,9)	(16,10)	(16,11)	(16,12)	(16,13)	(16,14)	(17,2)	(17,9)	(17,10)	(17,11)	(17,12)	(17,13)	(17,14)	(18,3)	(18,4)	(18,5)	(18,6)	(18,7)	(18,8)	(18,9)	(18,10)	(18,11)	(18,12)	(18,13)	(18,14)	(19,3)	(19,4)	(19,5)	(19,6)	(19,7)	(19,8)	(19,9)	(19,10)	(19,11)	(19,12)	(19,13)	(19,14)	(20,1)	(20,2)	(20,3)	(20,4)	(20,5)	(20,6)	(20,7)	(20,8)	(20,9)	(20,10)	(20,11)	(20,12)	(20,13)	(20,14)	(21,1)	(21,15)	
(15,15):(15,9)	(15,10)	(15,11)	(15,12)	(15,15)	(16,8)	(16,9)	(16,10)	(16,11)	(16,12)	(16,13)	(16,14)	(17,9)	(17,10)	(17,11)	(17,12)	(17,13)	(17,14)	(18,6)	(18,7)	(18,8)	(18,9)	(18,10)	(18,11)	(18,12)	(18,13)	(18,14)	(19,3)	(19,4)	(19,5)	(19,6)	(19,7)	(19,8)	(19,9)	(19,10)	(19,11)	(19,12)	(19,13)	(19,14)	(20,2)	(20,3)	(20,4)	(20,5)	(20,6)	(20,7)	(20,8)	(20,9)	(20,10)	(20,11)	(20,12)	(20,13)	(20,14)	(21,1)	(21,15)	
(15,12):(2,10)	(2,11)	(2,12)	(3,11)	(3,12)	(4,11)	(4,12)	(5,11)	(5,12)	(6,11)	(6,12)	(7,11)	(7,12)	(8,11)	(8,12)	(9,11)	(9,12)	(10,12)	(11,12)	(14,8)	(14,11)	(15,9)	(15,10)	(15,11)	(15,12)	(15,15)	(16,8)	(16,9)	(16,10)	(16,11)	(16,12)	(16,13)	(16,14)	(17,9)	(17,10)	(17,11)	(17,12)	(17,13)	(17,14)	(18,8)	(18,9)	(18,10)	(18,11)	(18,12)	(18,13)	(18,14)	(19,6)	(19,7)	(19,8)	(19,9)	(19,10)	(19,11)	(19,12)	(19,13)	(19,14)	(20,5)	(20,6)	(20,7)	(20,8)	(20,9)	(20,10)	(20,11)	(20,12)	(20,13)	(20,14)	(21,15)	
(11,12):(2,10)	(2,11)	(2,12)	(2,13)	(2,14)	(2,15)	(2,16)	(2,17)	(2,18)	(3,11)	(3,12)	(3,13)	(3,14)	(3,15)	(3,16)	(3,17)	(4,11)	(4,12)	(4,13)	(4,14)	(4,15)	(4,16)	(4,17)	(5,11)	(5,12)	(5,13)	(5,14)	(5,15)	(5,16)	(6,11)	(6,12)	(6,13)	(6,14)	(6,15)	(6,16)	(7,11)	(7,12)	(7,13)	(7,14)	(7,15)	(7,16)	(8,11)	(8,12)	(8,13)	(8,14)	(8,15)	(8,16)	(9,11)	(9,12)	(9,13)	(9,14)	(9,15)	(9,16)	(10,12)	(10,13)	(10,14)	(10,15)	(10,16)	(11,12)	(11,17)	(14,11)	(15,11)	(15,12)	(16,11)	(16,12)	(17,10)	(17,11)	(17,12)	(18,10)	(18,11)	(18,12)	(19,10)	(19,11)	(19,12)	(20,9)	(20,10)	(20,11)	(20,12)	
(11,17):(2,10)	(2,11)	(2,12)	(2,13)	(2,14)	(2,15)	(2,16)	(2,17)	(3,11)	(3,12)	(3,13)	(3,14)	(3,15)	(3,16)	(3,17)	(4,11)	(4,12)	(4,13)	(4,14)	(4,15)	(4,16)	(4,17)	(5,11)	(5,12)	(5,13)	(5,14)	(5,15)	(5,16)	(6,11)	(6,12)	(6,13)	(6,14)	(6,15)	(6,16)	(7,11)	(7,12)	(7,13)	(7,14)	(7,15)	(7,16)	(8,11)	(8,12)	(8,13)	(8,14)	(8,15)	(8,16)	(9,11)	(9,12)	(9,13)	(9,14)	(9,15)	(9,16)	(10,12)	(10,13)	(10,14)	(10,15)	(10,16)	(11,12)	(11,17)	
(4,17):(1,24)	(2,10)	(2,11)	(2,12)	(2,13)	(2,14)	(2,15)	(2,16)	(2,17)	(2,18)	(2,19)	(2,20)	(2,21)	(2,22)	(2,23)	(3,11)	(3,12)	(3,13)	(3,14)	(3,15)	(3,16)	(3,17)	(3,18)	(3,19)	(3,20)	(3,21)	(3,22)	(3,23)	(4,11)	(4,12)	(4,13)	(4,14)	(4,15)	(4,16)	(4,17)	(4,19)	(4,20)	(4,21)	(4,22)	(4,23)	(5,11)	(5,12)	(5,13)	(5,14)	(5,15)	(5,16)	(6,11)	(6,12)	(6,13)	(6,14)	(6,15)	(6,16)	(7,11)	(7,12)	(7,13)	(7,14)	(7,15)	(7,16)	(8,11)	(8,12)	(8,13)	(8,14)	(8,15)	(8,16)	(9,10)	(9,11)	(9,12)	(9,13)	(9,14)	(9,15)	(9,16)	(10,12)	(10,13)	(10,14)	(10,15)	(10,16)	(11,12)	(11,17)	
(4,19):(1,24)	(2,10)	(2,11)	(2,12)	(2,13)	(2,14)	(2,15)	(2,16)	(2,17)	(2,18)	(2,19)	(2,20)	(2,21)	(2,22)	(2,23)	(3,11)	(3,12)	(3,13)	(3,14)	(3,15)	(3,16)	(3,17)	(3,18)	(3,19)	(3,20)	(3,21)	(3,22)	(3,23)	(4,11)	(4,12)	(4,13)	(4,14)	(4,15)	(4,16)	(4,17)	(4,19)	(4,20)	(4,21)	(4,22)	(4,23)	(5,19)	(5,20)	(5,21)	(5,22)	(5,23)	(6,21)	(6,22)	(6,23)	(6,24)	(7,22)	(7,23)	(7,24)	(8,23)	(8,24)	(9,24)	
(5,19):(1,24)	(2,19)	(2,20)	(2,21)	(2,22)	(2,23)	(3,19)	(3,20)	(3,21)	(3,22)	(3,23)	(4,19)	(4,20)	(4,21)	(4,22)	(4,23)	(5,19)	(5,20)	(5,21)	(5,22)	(5,23)	
(5,20):(1,24)	(2,17)	(2,18)	(2,19)	(2,20)	(2,21)	(2,22)	(2,23)	(3,18)	(3,19)	(3,20)	(3,21)	(3,22)	(3,23)	(4,19)	(4,20)	(4,21)	(4,22)	(4,23)	(5,19)	(5,20)	(5,21)	(5,22)	(5,23)	(6,21)	(6,22)	(6,23)	(6,24)	(7,21)	(7,22)	(7,23)	(7,24)	(8,21)	(8,22)	(8,23)	(8,24)	(9,21)	(9,22)	(9,23)	(9,24)	(10,20)	(10,21)	(10,22)	(10,23)	(10,24)	(11,22)	(11,23)	(11,24)	(12,22)	(12,23)	(12,24)	(12,25)	(13,22)	(13,23)	(13,24)	(13,25)	(14,22)	(14,23)	(14,24)	(14,25)	(14,26)	(15,22)	(15,23)	(15,24)	(15,25)	(15,26)	(16,23)	(16,24)	(16,25)	(16,26)	(17,23)	(17,24)	(17,25)	(17,26)	(18,23)	(18,27)	
(10,20):(1,24)	(2,20)	(2,21)	(2,22)	(2,23)	(3,20)	(3,21)	(3,22)	(3,23)	(4,20)	(4,21)	(4,22)	(4,23)	(5,20)	(5,21)	(5,22)	(5,23)	(6,21)	(6,22)	(6,23)	(6,24)	(6,25)	(7,21)	(7,22)	(7,23)	(7,24)	(8,21)	(8,22)	(8,23)	(8,24)	(9,21)	(9,22)	(9,23)	(9,24)	(10,20)	(10,21)	(10,22)	(10,23)	(10,24)	
(10,21):(1,24)	(2,20)	(2,21)	(2,22)	(2,23)	(3,20)	(3,21)	(3,22)	(3,23)	(4,20)	(4,21)	(4,22)	(4,23)	(5,20)	(5,21)	(5,22)	(5,23)	(6,21)	(6,22)	(6,23)	(6,24)	(6,25)	(7,21)	(7,22)	(7,23)	(7,24)	(8,21)	(8,22)	(8,23)	(8,24)	(9,21)	(9,22)	(9,23)	(9,24)	(10,20)	(10,21)	(10,22)	(10,23)	(10,24)	(11,22)	(11,23)	(11,24)	(12,22)	(12,23)	(12,24)	(12,25)	(13,22)	(13,23)	(13,24)	(13,25)	(13,26)	(14,22)	(14,23)	(14,24)	(14,25)	(14,26)	(15,22)	(15,23)	(15,24)	(15,25)	(15,26)	(16,22)	(16,23)	(16,24)	(16,25)	(16,26)	(17,22)	(17,23)	(17,24)	(17,25)	(17,26)	(18,22)	(18,23)	(18,27)	(19,21)	(19,22)	(25,23)	
(19,21):(1,24)	(2,21)	(2,22)	(2,23)	(3,21)	(3,22)	(3,23)	(4,21)	(4,22)	(4,23)	(5,21)	(5,22)	(5,23)	(6,21)	(6,22)	(6,23)	(6,24)	(6,25)	(7,21)	(7,22)	(7,23)	(7,24)	(8,21)	(8,22)	(8,23)	(8,24)	(9,21)	(9,22)	(9,23)	(9,24)	(10,21)	(10,22)	(10,23)	(10,24)	(11,22)	(11,23)	(11,24)	(12,22)	(12,23)	(12,24)	(12,25)	(12,26)	(13,22)	(13,23)	(13,24)	(13,25)	(13,26)	(14,22)	(14,23)	(14,24)	(14,25)	(14,26)	(15,22)	(15,23)	(15,24)	(15,25)	(15,26)	(16,22)	(16,23)	(16,24)	(16,25)	(16,26)	(17,22)	(17,23)	(17,24)	(17,25)	(18,22)	(18,23)	(19,21)	(19,22)	
(19,22):(1,24)	(2,21)	(2,22)	(2,23)	(3,21)	(3,22)	(3,23)	(4,21)	(4,22)	(4,23)	(5,21)	(5,22)	(5,23)	(6,21)	(6,22)	(6,23)	(6,24)	(6,25)	(7,21)	(7,22)	(7,23)	(7,24)	(8,21)	(8,22)	(8,23)	(8,24)	(9,21)	(9,22)	(9,23)	(9,24)	(10,21)	(10,22)	(10,23)	(10,24)	(11,22)	(11,23)	(11,24)	(12,22)	(12,23)	(12,24)	(12,25)	(12,26)	(13,22)	(13,23)	(13,24)	(13,25)	(13,26)	(14,22)	(14,23)	(14,24)	(14,25)	(14,26)	(15,22)	(15,23)	(15,24)	(15,25)	(15,26)	(16,22)	(16,23)	(16,24)	(16,25)	(17,22)	(17,23)	(17,24)	(18,22)	(18,23)	(19,21)	(19,22)	(22,22)	(23,22)	(24,22)	(25,23)	
(22,22):(1,24)	(2,22)	(2,23)	(3,22)	(3,23)	(4,22)	(4,23)	(5,22)	(5,23)	(6,22)	(6,23)	(6,24)	(6,25)	(7,22)	(7,23)	(7,24)	(8,22)	(8,23)	(8,24)	(9,22)	(9,23)	(9,24)	(10,22)	(10,23)	(10,24)	(11,22)	(11,23)	(11,24)	(12,22)	(12,23)	(12,24)	(13,22)	(13,23)	(13,24)	(14,22)	(14,23)	(14,24)	(15,22)	(15,23)	(16,22)	(16,23)	(17,22)	(17,23)	(18,22)	(18,23)	(19,22)	(22,7)	(22,22)	(23,7)	(23,13)	(23,14)	(23,15)	(23,16)	(23,17)	(23,18)	(23,19)	(23,20)	(23,21)	(23,22)	(24,14)	(24,15)	(24,16)	(24,18)	(24,19)	(24,20)	(24,21)	(24,22)	(25,18)	(25,23)	
(22,7):(22,7)	(22,22)	(23,7)	(23,13)	(23,14)	(23,15)	(23,16)	(23,17)	(23,18)	(23,19)	(23,20)	(23,21)	(23,22)	(24,19)	(24,20)	(24,21)	(24,22)	
(23,7):(22,7)	(22,22)	(23,7)	(23,13)	(23,14)	(23,15)	(23,16)	(23,17)	(23,18)	(23,19)	(23,20)	(23,21)	(23,22)	
(23,13):(22,7)	(22,22)	(23,7)	(23,13)	(23,14)	(23,15)	(23,16)	(23,17)	(23,18)	(23,19)	(23,20)	(23,21)	(23,22)	(24,14)	(24,15)	(24,16)	(24,18)	(24,19)	(24,20)	(24,21)	(24,22)	(25,14)	(25,15)	(25,23)	(26,13)	(26,14)	(26,15)	(27,15)	(28,16)	
(26,13):(23,13)	(23,14)	(23,15)	(23,16)	(23,17)	(24,14)	(24,15)	(24,16)	(25,14)	(25,15)	(26,13)	(26,14)	(26,15)	
(26,14):(23,13)	(23,14)	(23,15)	(23,16)	(23,17)	(24,14)	(24,15)	(24,16)	(25,14)	(25,15)	(26,13)	(26,14)	(26,15)	(27,14)	(27,15)	(28,16)	
(27,14):(23,14)	(23,15)	(23,16)	(24,14)	(24,15)	(24,16)	(25,14)	(25,15)	(26,14)	(26,15)	(27,3)	(27,14)	(27,15)	(28,3)	(28,16)	
(27,3):13.000000
(28,3):13.181818
(28,16):26.799999
(24,16):32.000000
(24,18):27.750000
(25,18):15.375000
(25,23):66.400002
(18,23):93.971153
(18,27):77.474358
(8,27):16.500000
(8,28):2.000000
(7,28):2.500000
(7,26):12.000000
(12,26):43.125000
(12,25):89.880951
(6,25):56.760418
(6,24):96.645836
(1,24):114.598503
(1,4):39.333332
(3,4):5.000000
(3,5):14.500000
(13,5):12.045455
(13,6):12.200000
(2,6):32.000000
(2,10):100.261292
(9,10):62.299999
(9,11):86.471428
(14,11):71.500000
(14,8):33.625000
(16,8):11.333333
(16,9):41.500000
(17,9):68.535713
(17,2):52.000000
(20,2):60.333332
(20,1):14.000000
(21,1):56.500000
(21,15):69.583336
(15,15):57.641026
(15,12):71.076920
(11,12):88.492065
(11,17):68.222221
(4,17):91.449997
(4,19):60.549999
(5,19):20.000000
(5,20):83.574997
(10,20):40.000000
(10,21):90.599998
(19,21):73.699997
(19,22):80.375000
(22,22):74.500000
(22,7):24.333334
(23,7):16.033333
(23,13):37.888889
(26,13):15.000000
(26,14):18.166666
(27,14):24.333334
(27,3),(28,3):13.000000
(27,3),(28,16):13.000000
(27,3),(24,16):2.333333
(27,3),(24,18):0.000000
(27,3),(25,18):0.000000
(27,3),(25,23):0.000000
(27,3),(18,23):0.000000
(27,3),(18,27):0.000000
(27,3),(8,27):0.000000
(27,3),(8,28):0.000000
(27,3),(7,28):0.000000
(27,3),(7,26):0.000000
(27,3),(12,26):0.000000
(27,3),(12,25):0.000000
(27,3),(6,25):0.000000
(27,3),(6,24):0.000000
(27,3),(1,24):0.000000
(27,3),(1,4):0.000000
(27,3),(3,4):0.000000
(27,3),(3,5):0.000000
(27,3),(13,5):0.000000
(27,3),(13,6):0.000000
(27,3),(2,6):0.000000
(27,3),(2,10):0.000000
(27,3),(9,10):0.000000
(27,3),(9,11):0.000000
(27,3),(14,11):0.000000
(27,3),(14,8):0.000000
(27,3),(16,8):0.000000
(27,3),(16,9):0.000000
(27,3),(17,9):0.000000
(27,3),(17,2):0.000000
(27,3),(20,2):0.000000
(27,3),(20,1):0.000000
(27,3),(21,1):0.000000
(27,3),(21,15):0.000000
(27,3),(15,15):0.000000
(27,3),(15,12):0.000000
(27,3),(11,12):0.000000
(27,3),(11,17):0.000000
(27,3),(4,17):0.000000
(27,3),(4,19):0.000000
(27,3),(5,19):0.000000
(27,3),(5,20):0.000000
(27,3),(10,20):0.000000
(27,3),(10,21):0.000000
(27,3),(19,21):0.000000
(27,3),(19,22):0.000000
(27,3),(22,22):0.000000
(27,3),(22,7):0.000000
(27,3),(23,7):0.000000
(27,3),(23,13):1.500000
(27,3),(26,13):0.000000
(27,3),(26,14):2.000000
(27,3),(27,14):13.000000
(28,3),(28,16):13.181818
(28,3),(24,16):2.515152
(28,3),(24,18):0.000000
(28,3),(25,18):0.000000
(28,3),(25,23):0.000000
(28,3),(18,23):0.000000
(28,3),(18,27):0.000000
(28,3),(8,27):0.000000
(28,3),(8,28):0.000000
(28,3),(7,28):0.000000
(28,3),(7,26):0.000000
(28,3),(12,26):0.000000
(28,3),(12,25):0.000000
(28,3),(6,25):0.000000
(28,3),(6,24):0.000000
(28,3),(1,24):0.000000
(28,3),(1,4):0.000000
(28,3),(3,4):0.000000
(28,3),(3,5):0.000000
(28,3),(13,5):0.000000
(28,3),(13,6):0.000000
(28,3),(2,6):0.000000
(28,3),(2,10):0.000000
(28,3),(9,10):0.000000
(28,3),(9,11):0.000000
(28,3),(14,11):0.000000
(28,3),(14,8):0.000000
(28,3),(16,8):0.000000
(28,3),(16,9):0.000000
(28,3),(17,9):0.000000
(28,3),(17,2):0.000000
(28,3),(20,2):0.000000
(28,3),(20,1):0.000000
(28,3),(21,1):0.000000
(28,3),(21,15):0.000000
(28,3),(15,15):0.000000
(28,3),(15,12):0.000000
(28,3),(11,12):0.000000
(28,3),(11,17):0.000000
(28,3),(4,17):0.000000
(28,3),(4,19):0.000000
(28,3),(5,19):0.000000
(28,3),(5,20):0.000000
(28,3),(10,20):0.000000
(28,3),(10,21):0.000000
(28,3),(19,21):0.000000
(28,3),(19,22):0.000000
(28,3),(22,22):0.000000
(28,3),(22,7):0.000000
(28,3),(23,7):0.000000
(28,3),(23,13):1.676916
(28,3),(26,13):0.000000
(28,3),(26,14):2.181818
(28,3),(27,14):13.181818
(28,16),(24,16):16.133333
(28,16),(24,18):6.300000
(28,16),(25,18):0.000000
(28,16),(25,23):4.200000
(28,16),(18,23):0.000000
(28,16),(18,27):0.000000
(28,16),(8,27):0.000000
(28,16),(8,28):0.000000
(28,16),(7,28):0.000000
(28,16),(7,26):0.000000
(28,16),(12,26):0.000000
(28,16),(12,25):0.000000
(28,16),(6,25):0.000000
(28,16),(6,24):0.000000
(28,16),(1,24):0.000000
(28,16),(1,4):0.000000
(28,16),(3,4):0.000000
(28,16),(3,5):0.000000
(28,16),(13,5):0.000000
(28,16),(13,6):0.000000
(28,16),(2,6):0.000000
(28,16),(2,10):0.000000
(28,16),(9,10):0.000000
(28,16),(9,11):0.000000
(28,16),(14,11):0.000000
(28,16),(14,8):0.000000
(28,16),(16,8):0.000000
(28,16),(16,9):0.000000
(28,16),(17,9):0.000000
(28,16),(17,2):0.000000
(28,16),(20,2):0.000000
(28,16),(20,1):0.000000
(28,16),(21,1):0.000000
(28,16),(21,15):0.000000
(28,16),(15,15):0.000000
(28,16),(15,12):0.000000
(28,16),(11,12):0.000000
(28,16),(11,17):0.000000
(28,16),(4,17):0.000000
(28,16),(4,19):0.000000
(28,16),(5,19):0.000000
(28,16),(5,20):0.000000
(28,16),(10,20):0.000000
(28,16),(10,21):0.000000
(28,16),(19,21):0.000000
(28,16),(19,22):0.000000
(28,16),(22,22):7.800000
(28,16),(22,7):4.050000
(28,16),(23,7):3.300000
(28,16),(23,13):15.133333
(28,16),(26,13):11.500000
(28,16),(26,14):15.666667
(28,16),(27,14):23.000000
(24,16),(24,18):21.666666
(24,16),(25,18):10.166667
(24,16),(25,23):19.166666
(24,16),(18,23):2.666667
(24,16),(18,27):0.000000
(24,16),(8,27):0.000000
(24,16),(8,28):0.000000
(24,16),(7,28):0.000000
(24,16),(7,26):0.000000
(24,16),(12,26):0.000000
(24,16),(12,25):0.000000
(24,16),(6,25):0.727941
(24,16),(6,24):1.492857
(24,16),(1,24):1.701653
(24,16),(1,4):0.000000
(24,16),(3,4):0.000000
(24,16),(3,5):0.000000
(24,16),(13,5):0.000000
(24,16),(13,6):0.000000
(24,16),(2,6):0.000000
(24,16),(2,10):0.000000
(24,16),(9,10):0.000000
(24,16),(9,11):0.000000
(24,16),(14,11):0.000000
(24,16),(14,8):0.000000
(24,16),(16,8):0.000000
(24,16),(16,9):0.000000
(24,16),(17,9):0.000000
(24,16),(17,2):0.000000
(24,16),(20,2):0.000000
(24,16),(20,1):0.000000
(24,16),(21,1):0.000000
(24,16),(21,15):0.000000
(24,16),(15,15):0.000000
(24,16),(15,12):0.000000
(24,16),(11,12):0.000000
(24,16),(11,17):0.000000
(24,16),(4,17):0.000000
(24,16),(4,19):0.000000
(24,16),(5,19):0.000000
(24,16),(5,20):0.000000
(24,16),(10,20):0.000000
(24,16),(10,21):1.259921
(24,16),(19,21):0.000000
(24,16),(19,22):2.166667
(24,16),(22,22):23.166666
(24,16),(22,7):18.500000
(24,16),(23,7):11.533334
(24,16),(23,13):30.888889
(24,16),(26,13):15.000000
(24,16),(26,14):18.166666
(24,16),(27,14):13.666667
(24,18),(25,18):15.250000
(24,18),(25,23):25.250000
(24,18),(18,23):4.375000
(24,18),(18,27):0.000000
(24,18),(8,27):0.000000
(24,18),(8,28):0.000000
(24,18),(7,28):0.000000
(24,18),(7,26):0.000000
(24,18),(12,26):0.000000
(24,18),(12,25):0.000000
(24,18),(6,25):1.124053
(24,18),(6,24):2.303442
(24,18),(1,24):2.608607
(24,18),(1,4):0.000000
(24,18),(3,4):0.000000
(24,18),(3,5):0.000000
(24,18),(13,5):0.000000
(24,18),(13,6):0.000000
(24,18),(2,6):0.000000
(24,18),(2,10):0.000000
(24,18),(9,10):0.000000
(24,18),(9,11):0.000000
(24,18),(14,11):0.000000
(24,18),(14,8):0.000000
(24,18),(16,8):0.000000
(24,18),(16,9):0.000000
(24,18),(17,9):0.000000
(24,18),(17,2):0.000000
(24,18),(20,2):0.000000
(24,18),(20,1):0.000000
(24,18),(21,1):0.000000
(24,18),(21,15):0.000000
(24,18),(15,15):0.000000
(24,18),(15,12):0.000000
(24,18),(11,12):0.000000
(24,18),(11,17):0.000000
(24,18),(4,17):0.000000
(24,18),(4,19):0.000000
(24,18),(5,19):0.000000
(24,18),(5,20):0.000000
(24,18),(10,20):0.000000
(24,18),(10,21):1.723684
(24,18),(19,21):0.000000
(24,18),(19,22):3.250000
(24,18),(22,22):27.750000
(24,18),(22,7):20.833334
(24,18),(23,7):12.533334
(24,18),(23,13):25.055555
(24,18),(26,13):9.000000
(24,18),(26,14):8.166667
(24,18),(27,14):5.333333
(25,18),(25,23):15.375000
(25,18),(18,23):4.500000
(25,18),(18,27):0.000000
(25,18),(8,27):0.000000
(25,18),(8,28):0.000000
(25,18),(7,28):0.000000
(25,18),(7,26):0.000000
(25,18),(12,26):0.000000
(25,18),(12,25):0.000000
(25,18),(6,25):1.141369
(25,18),(6,24):2.365278
(25,18),(1,24):2.687395
(25,18),(1,4):0.000000
(25,18),(3,4):0.000000
(25,18),(3,5):0.000000
(25,18),(13,5):0.000000
(25,18),(13,6):0.000000
(25,18),(2,6):0.000000
(25,18),(2,10):0.000000
(25,18),(9,10):0.000000
(25,18),(9,11):0.000000
(25,18),(14,11):0.000000
(25,18),(14,8):0.000000
(25,18),(16,8):0.000000
(25,18),(16,9):0.000000
(25,18),(17,9):0.000000
(25,18),(17,2):0.000000
(25,18),(20,2):0.000000
(25,18),(20,1):0.000000
(25,18),(21,1):0.000000
(25,18),(21,15):0.000000
(25,18),(15,15):0.000000
(25,18),(15,12):0.000000
(25,18),(11,12):0.000000
(25,18),(11,17):0.000000
(25,18),(4,17):0.000000
(25,18),(4,19):0.000000
(25,18),(5,19):0.000000
(25,18),(5,20):0.000000
(25,18),(10,20):0.000000
(25,18),(10,21):1.836538
(25,18),(19,21):0.000000
(25,18),(19,22):3.375000
(25,18),(22,22):15.375000
(25,18),(22,7):11.250000
(25,18),(23,7):5.033333
(25,18),(23,13):12.555555
(25,18),(26,13):0.333333
(25,18),(26,14):0.000000
(25,18),(27,14):0.000000
(25,23),(18,23):45.525002
(25,23),(18,27):33.150002
(25,23),(8,27):0.000000
(25,23),(8,28):0.000000
(25,23),(7,28):0.000000
(25,23),(7,26):0.000000
(25,23),(12,26):11.000000
(25,23),(12,25):38.900002
(25,23),(6,25):26.827084
(25,23),(6,24):42.920834
(25,23),(1,24):43.387394
(25,23),(1,4):8.807197
(25,23),(3,4):0.000000
(25,23),(3,5):0.000000
(25,23),(13,5):0.000000
(25,23),(13,6):0.000000
(25,23),(2,6):3.133333
(25,23),(2,10):10.612892
(25,23),(9,10):0.639130
(25,23),(9,11):0.240000
(25,23),(14,11):0.000000
(25,23),(14,8):0.000000
(25,23),(16,8):0.000000
(25,23),(16,9):0.000000
(25,23),(17,9):0.000000
(25,23),(17,2):0.000000
(25,23),(20,2):0.000000
(25,23),(20,1):0.000000
(25,23),(21,1):0.000000
(25,23),(21,15):0.000000
(25,23),(15,15):0.000000
(25,23),(15,12):0.000000
(25,23),(11,12):0.000000
(25,23),(11,17):0.000000
(25,23),(4,17):9.000000
(25,23),(4,19):16.169231
(25,23),(5,19):11.733334
(25,23),(5,20):33.400002
(25,23),(10,20):23.250000
(25,23),(10,21):42.400002
(25,23),(19,21):33.000000
(25,23),(19,22):43.500000
(25,23),(22,22):46.000000
(25,23),(22,7):20.833334
(25,23),(23,7):12.533334
(25,23),(23,13):22.555555
(25,23),(26,13):6.807693
(25,23),(26,14):6.000000
(25,23),(27,14):4.086275
(18,23),(18,27):69.679489
(18,23),(8,27):11.500000
(18,23),(8,28):0.000000
(18,23),(7,28):0.000000
(18,23),(7,26):7.000000
(18,23),(12,26):39.000000
(18,23),(12,25):84.262817
(18,23),(6,25):54.760418
(18,23),(6,24):81.366989
(18,23),(1,24):66.833549
(18,23),(1,4):13.632820
(18,23),(3,4):0.000000
(18,23),(3,5):0.000000
(18,23),(13,5):0.000000
(18,23),(13,6):0.000000
(18,23),(2,6):4.807693
(18,23),(2,10):16.439247
(18,23),(9,10):1.382003
(18,23),(9,11):0.810670
(18,23),(14,11):0.000000
(18,23),(14,8):0.000000
(18,23),(16,8):0.000000
(18,23),(16,9):0.000000
(18,23),(17,9):0.000000
(18,23),(17,2):0.000000
(18,23),(20,2):0.000000
(18,23),(20,1):0.000000
(18,23),(21,1):0.000000
(18,23),(21,15):0.000000
(18,23),(15,15):0.000000
(18,23),(15,12):0.000000
(18,23),(11,12):0.002300
(18,23),(11,17):0.000000
(18,23),(4,17):13.730769
(18,23),(4,19):29.146154
(18,23),(5,19):17.846153
(18,23),(5,20):74.921150
(18,23),(10,20):38.000000
(18,23),(10,21):88.599998
(18,23),(19,21):73.699997
(18,23),(19,22):80.375000
(18,23),(22,22):46.125000
(18,23),(22,7):3.333333
(18,23),(23,7):1.158333
(18,23),(23,13):3.888889
(18,23),(26,13):0.000000
(18,23),(26,14):0.000000
(18,23),(27,14):0.000000
(18,27),(8,27):15.500000
(18,27),(8,28):1.000000
(18,27),(7,28):1.500000
(18,27),(7,26):11.000000
(18,27),(12,26):41.000000
(18,27),(12,25):72.474358
(18,27),(6,25):45.333332
(18,27),(6,24):63.474358
(18,27),(1,24):52.974358
(18,27),(1,4):8.958342
(18,27),(3,4):0.000000
(18,27),(3,5):0.000000
(18,27),(13,5):0.000000
(18,27),(13,6):0.000000
(18,27),(2,6):3.384615
(18,27),(2,10):10.844909
(18,27),(9,10):2.901343
(18,27),(9,11):2.181144
(18,27),(14,11):0.000000
(18,27),(14,8):0.000000
(18,27),(16,8):0.000000
(18,27),(16,9):0.000000
(18,27),(17,9):0.000000
(18,27),(17,2):0.000000
(18,27),(20,2):0.000000
(18,27),(20,1):0.000000
(18,27),(21,1):0.000000
(18,27),(21,15):0.000000
(18,27),(15,15):0.000000
(18,27),(15,12):0.000000
(18,27),(11,12):0.671101
(18,27),(11,17):0.000000
(18,27),(4,17):9.538462
(18,27),(4,19):17.641026
(18,27),(5,19):11.071428
(18,27),(5,20):63.274361
(18,27),(10,20):24.833334
(18,27),(10,21):68.766670
(18,27),(19,21):56.533333
(18,27),(19,22):57.208332
(18,27),(22,22):23.785715
(18,27),(22,7):0.000000
(18,27),(23,7):0.000000
(18,27),(23,13):0.000000
(18,27),(26,13):0.000000
(18,27),(26,14):0.000000
(18,27),(27,14):0.000000
(8,27),(8,28):2.000000
(8,27),(7,28):2.500000
(8,27),(7,26):12.000000
(8,27),(12,26):15.625000
(8,27),(12,25):10.500000
(8,27),(6,25):0.500000
(8,27),(6,24):2.700000
(8,27),(1,24):0.000000
(8,27),(1,4):0.000000
(8,27),(3,4):0.000000
(8,27),(3,5):0.000000
(8,27),(13,5):0.000000
(8,27),(13,6):0.000000
(8,27),(2,6):0.000000
(8,27),(2,10):0.000000
(8,27),(9,10):0.000000
(8,27),(9,11):0.000000
(8,27),(14,11):0.000000
(8,27),(14,8):0.000000
(8,27),(16,8):0.000000
(8,27),(16,9):0.000000
(8,27),(17,9):0.000000
(8,27),(17,2):0.000000
(8,27),(20,2):0.000000
(8,27),(20,1):0.000000
(8,27),(21,1):0.000000
(8,27),(21,15):0.000000
(8,27),(15,15):0.000000
(8,27),(15,12):0.000000
(8,27),(11,12):0.000000
(8,27),(11,17):0.000000
(8,27),(4,17):0.000000
(8,27),(4,19):0.000000
(8,27),(5,19):0.000000
(8,27),(5,20):8.218518
(8,27),(10,20):0.000000
(8,27),(10,21):9.722222
(8,27),(19,21):7.842857
(8,27),(19,22):4.875000
(8,27),(22,22):0.000000
(8,27),(22,7):0.000000
(8,27),(23,7):0.000000
(8,27),(23,13):0.000000
(8,27),(26,13):0.000000
(8,27),(26,14):0.000000
(8,27),(27,14):0.000000
(8,28),(7,28):2.000000
(8,28),(7,26):2.000000
(8,28),(12,26):1.125000
(8,28),(12,25):0.000000
(8,28),(6,25):0.000000
(8,28),(6,24):0.000000
(8,28),(1,24):0.000000
(8,28),(1,4):0.000000
(8,28),(3,4):0.000000
(8,28),(3,5):0.000000
(8,28),(13,5):0.000000
(8,28),(13,6):0.000000
(8,28),(2,6):0.000000
(8,28),(2,10):0.000000
(8,28),(9,10):0.000000
(8,28),(9,11):0.000000
(8,28),(14,11):0.000000
(8,28),(14,8):0.000000
(8,28),(16,8):0.000000
(8,28),(16,9):0.000000
(8,28),(17,9):0.000000
(8,28),(17,2):0.000000
(8,28),(20,2):0.000000
(8,28),(20,1):0.000000
(8,28),(21,1):0.000000
(8,28),(21,15):0.000000
(8,28),(15,15):0.000000
(8,28),(15,12):0.000000
(8,28),(11,12):0.000000
(8,28),(11,17):0.000000
(8,28),(4,17):0.000000
(8,28),(4,19):0.000000
(8,28),(5,19):0.000000
(8,28),(5,20):0.000000
(8,28),(10,20):0.000000
(8,28),(10,21):0.000000
(8,28),(19,21):0.000000
(8,28),(19,22):0.000000
(8,28),(22,22):0.000000
(8,28),(22,7):0.000000
(8,28),(23,7):0.000000
(8,28),(23,13):0.000000
(8,28),(26,13):0.000000
(8,28),(26,14):0.000000
(8,28),(27,14):0.000000
(7,28),(7,26):2.500000
(7,28),(12,26):1.625000
(7,28),(12,25):0.000000
(7,28),(6,25):0.000000
(7,28),(6,24):0.000000
(7,28),(1,24):0.000000
(7,28),(1,4):0.000000
(7,28),(3,4):0.000000
(7,28),(3,5):0.000000
(7,28),(13,5):0.000000
(7,28),(13,6):0.000000
(7,28),(2,6):0.000000
(7,28),(2,10):0.000000
(7,28),(9,10):0.000000
(7,28),(9,11):0.000000
(7,28),(14,11):0.000000
(7,28),(14,8):0.000000
(7,28),(16,8):0.000000
(7,28),(16,9):0.000000
(7,28),(17,9):0.000000
(7,28),(17,2):0.000000
(7,28),(20,2):0.000000
(7,28),(20,1):0.000000
(7,28),(21,1):0.000000
(7,28),(21,15):0.000000
(7,28),(15,15):0.000000
(7,28),(15,12):0.000000
(7,28),(11,12):0.000000
(7,28),(11,17):0.000000
(7,28),(4,17):0.000000
(7,28),(4,19):0.000000
(7,28),(5,19):0.000000
(7,28),(5,20):0.000000
(7,28),(10,20):0.000000
(7,28),(10,21):0.000000
(7,28),(19,21):0.000000
(7,28),(19,22):0.000000
(7,28),(22,22):0.000000
(7,28),(22,7):0.000000
(7,28),(23,7):0.000000
(7,28),(23,13):0.000000
(7,28),(26,13):0.000000
(7,28),(26,14):0.000000
(7,28),(27,14):0.000000
(7,26),(12,26):11.125000
(7,26),(12,25):6.000000
(7,26),(6,25):0.000000
(7,26),(6,24):0.000000
(7,26),(1,24):0.000000
(7,26),(1,4):0.000000
(7,26),(3,4):0.000000
(7,26),(3,5):0.000000
(7,26),(13,5):0.000000
(7,26),(13,6):0.000000
(7,26),(2,6):0.000000
(7,26),(2,10):0.000000
(7,26),(9,10):0.000000
(7,26),(9,11):0.000000
(7,26),(14,11):0.000000
(7,26),(14,8):0.000000
(7,26),(16,8):0.000000
(7,26),(16,9):0.000000
(7,26),(17,9):0.000000
(7,26),(17,2):0.000000
(7,26),(20,2):0.000000
(7,26),(20,1):0.000000
(7,26),(21,1):0.000000
(7,26),(21,15):0.000000
(7,26),(15,15):0.000000
(7,26),(15,12):0.000000
(7,26),(11,12):0.000000
(7,26),(11,17):0.000000
(7,26),(4,17):0.000000
(7,26),(4,19):0.000000
(7,26),(5,19):0.000000
(7,26),(5,20):3.900000
(7,26),(10,20):0.000000
(7,26),(10,21):5.250000
(7,26),(19,21):4.950000
(7,26),(19,22):3.375000
(7,26),(22,22):0.000000
(7,26),(22,7):0.000000
(7,26),(23,7):0.000000
(7,26),(23,13):0.000000
(7,26),(26,13):0.000000
(7,26),(26,14):0.000000
(7,26),(27,14):0.000000
(12,26),(12,25):38.000000
(12,26),(6,25):26.000000
(12,26),(6,24):29.000000
(12,26),(1,24):20.000000
(12,26),(1,4):0.000000
(12,26),(3,4):0.000000
(12,26),(3,5):0.000000
(12,26),(13,5):0.000000
(12,26),(13,6):0.000000
(12,26),(2,6):0.000000
(12,26),(2,10):0.000000
(12,26),(9,10):0.000000
(12,26),(9,11):0.000000
(12,26),(14,11):0.000000
(12,26),(14,8):0.000000
(12,26),(16,8):0.000000
(12,26),(16,9):0.000000
(12,26),(17,9):0.000000
(12,26),(17,2):0.000000
(12,26),(20,2):0.000000
(12,26),(20,1):0.000000
(12,26),(21,1):0.000000
(12,26),(21,15):0.000000
(12,26),(15,15):0.000000
(12,26),(15,12):0.000000
(12,26),(11,12):0.000000
(12,26),(11,17):0.000000
(12,26),(4,17):0.000000
(12,26),(4,19):0.000000
(12,26),(5,19):0.000000
(12,26),(5,20):27.314285
(12,26),(10,20):0.000000
(12,26),(10,21):36.954544
(12,26),(19,21):34.450001
(12,26),(19,22):30.875000
(12,26),(22,22):11.500000
(12,26),(22,7):0.000000
(12,26),(23,7):0.000000
(12,26),(23,13):0.000000
(12,26),(26,13):0.000000
(12,26),(26,14):0.000000
(12,26),(27,14):0.000000
(12,25),(6,25):54.250000
(12,25),(6,24):80.880951
(12,25),(1,24):65.880951
(12,25),(1,4):15.148327
(12,25),(3,4):0.000000
(12,25),(3,5):0.000000
(12,25),(13,5):0.000000
(12,25),(13,6):0.000000
(12,25),(2,6):5.750000
(12,25),(2,10):18.109182
(12,25),(9,10):3.892664
(12,25),(9,11):3.121748
(12,25),(14,11):0.000000
(12,25),(14,8):0.000000
(12,25),(16,8):0.000000
(12,25),(16,9):0.000000
(12,25),(17,9):0.000000
(12,25),(17,2):0.000000
(12,25),(20,2):0.000000
(12,25),(20,1):0.000000
(12,25),(21,1):0.000000
(12,25),(21,15):0.000000
(12,25),(15,15):0.000000
(12,25),(15,12):0.000000
(12,25),(11,12):1.400000
(12,25),(11,17):0.000000
(12,25),(4,17):15.607142
(12,25),(4,19):30.930952
(12,25),(5,19):17.299999
(12,25),(5,20):78.205956
(12,25),(10,20):37.666668
(12,25),(10,21):84.599998
(12,25),(19,21):70.750000
(12,25),(19,22):71.916664
(12,25),(22,22):37.416668
(12,25),(22,7):0.000000
(12,25),(23,7):0.000000
(12,25),(23,13):0.000000
(12,25),(26,13):0.000000
(12,25),(26,14):0.000000
(12,25),(27,14):0.000000
(6,25),(6,24):56.479168
(6,25),(1,24):44.345238
(6,25),(1,4):0.000000
(6,25),(3,4):0.000000
(6,25),(3,5):0.000000
(6,25),(13,5):0.000000
(6,25),(13,6):0.000000
(6,25),(2,6):0.000000
(6,25),(2,10):0.000000
(6,25),(9,10):0.000000
(6,25),(9,11):0.000000
(6,25),(14,11):0.000000
(6,25),(14,8):0.000000
(6,25),(16,8):0.000000
(6,25),(16,9):0.000000
(6,25),(17,9):0.000000
(6,25),(17,2):0.000000
(6,25),(20,2):0.000000
(6,25),(20,1):0.000000
(6,25),(21,1):0.000000
(6,25),(21,15):0.000000
(6,25),(15,15):0.000000
(6,25),(15,12):0.000000
(6,25),(11,12):0.000000
(6,25),(11,17):0.000000
(6,25),(4,17):0.000000
(6,25),(4,19):7.800000
(6,25),(5,19):0.000000
(6,25),(5,20):45.693180
(6,25),(10,20):20.000000
(6,25),(10,21):55.166668
(6,25),(19,21):48.916668
(6,25),(19,22):50.888889
(6,25),(22,22):31.760416
(6,25),(22,7):0.881245
(6,25),(23,7):0.347495
(6,25),(23,13):0.996443
(6,25),(26,13):0.000000
(6,25),(26,14):0.000000
(6,25),(27,14):0.000000
(6,24),(1,24):81.511902
(6,24),(1,4):25.297619
(6,24),(3,4):0.000000
(6,24),(3,5):0.000000
(6,24),(13,5):0.000000
(6,24),(13,6):0.000000
(6,24),(2,6):11.250000
(6,24),(2,10):29.027779
(6,24),(9,10):12.062820
(6,24),(9,11):11.190540
(6,24),(14,11):2.593137
(6,24),(14,8):0.000000
(6,24),(16,8):0.000000
(6,24),(16,9):0.000000
(6,24),(17,9):0.000000
(6,24),(17,2):0.000000
(6,24),(20,2):0.000000
(6,24),(20,1):0.000000
(6,24),(21,1):0.000000
(6,24),(21,15):0.000000
(6,24),(15,15):0.000000
(6,24),(15,12):0.050000
(6,24),(11,12):9.086508
(6,24),(11,17):6.050000
(6,24),(4,17):26.250000
(6,24),(4,19):42.424999
(6,24),(5,19):19.875000
(6,24),(5,20):77.132355
(6,24),(10,20):40.000000
(6,24),(10,21):80.719048
(6,24),(19,21):65.881409
(6,24),(19,22):72.601189
(6,24),(22,22):43.520832
(6,24),(22,7):1.806169
(6,24),(23,7):0.702398
(6,24),(23,13):2.061441
(6,24),(26,13):0.000000
(6,24),(26,14):0.000000
(6,24),(27,14):0.000000
(1,24),(1,4):36.444443
(1,24),(3,4):3.111111
(1,24),(3,5):2.611111
(1,24),(13,5):1.073232
(1,24),(13,6):1.183425
(1,24),(2,6):20.111111
(1,24),(2,10):61.277779
(1,24),(9,10):37.799999
(1,24),(9,11):36.971428
(1,24),(14,11):17.436508
(1,24),(14,8):0.000000
(1,24),(16,8):0.000000
(1,24),(16,9):0.000000
(1,24),(17,9):0.000000
(1,24),(17,2):0.000000
(1,24),(20,2):0.000000
(1,24),(20,1):0.000000
(1,24),(21,1):0.000000
(1,24),(21,15):0.000000
(1,24),(15,15):0.000000
(1,24),(15,12):9.975336
(1,24),(11,12):34.825397
(1,24),(11,17):31.888889
(1,24),(4,17):54.250000
(1,24),(4,19):57.250000
(1,24),(5,19):20.000000
(1,24),(5,20):62.409092
(1,24),(10,20):36.000000
(1,24),(10,21):66.176926
(1,24),(19,21):52.720589
(1,24),(19,22):61.558823
(1,24),(22,22):37.987396
(1,24),(22,7):2.052392
(1,24),(23,7):0.802482
(1,24),(23,13):2.345226
(1,24),(26,13):0.000000
(1,24),(26,14):0.000000
(1,24),(27,14):0.000000
(1,4),(3,4):5.000000
(1,4),(3,5):5.500000
(1,4),(13,5):3.045455
(1,4),(13,6):3.200000
(1,4),(2,6):23.000000
(1,4),(2,10):36.333332
(1,4),(9,10):16.989189
(1,4),(9,11):16.207541
(1,4),(14,11):6.057017
(1,4),(14,8):0.000000
(1,4),(16,8):0.000000
(1,4),(16,9):0.000000
(1,4),(17,9):0.000000
(1,4),(17,2):0.000000
(1,4),(20,2):0.000000
(1,4),(20,1):0.000000
(1,4),(21,1):0.000000
(1,4),(21,15):0.000000
(1,4),(15,15):0.000000
(1,4),(15,12):2.410256
(1,4),(11,12):14.187099
(1,4),(11,17):11.472222
(1,4),(4,17):31.750000
(1,4),(4,19):32.583332
(1,4),(5,19):14.583333
(1,4),(5,20):18.933332
(1,4),(10,20):12.000000
(1,4),(10,21):13.416092
(1,4),(19,21):9.250000
(1,4),(19,22):11.597485
(1,4),(22,22):6.333333
(1,4),(22,7):0.000000
(1,4),(23,7):0.000000
(1,4),(23,13):0.000000
(1,4),(26,13):0.000000
(1,4),(26,14):0.000000
(1,4),(27,14):0.000000
(3,4),(3,5):4.500000
(3,4),(13,5):2.045455
(3,4),(13,6):2.200000
(3,4),(2,6):5.000000
(3,4),(2,10):3.000000
(3,4),(9,10):0.000000
(3,4),(9,11):0.000000
(3,4),(14,11):0.000000
(3,4),(14,8):0.000000
(3,4),(16,8):0.000000
(3,4),(16,9):0.000000
(3,4),(17,9):0.000000
(3,4),(17,2):0.000000
(3,4),(20,2):0.000000
(3,4),(20,1):0.000000
(3,4),(21,1):0.000000
(3,4),(21,15):0.000000
(3,4),(15,15):0.000000
(3,4),(15,12):0.000000
(3,4),(11,12):0.000000
(3,4),(11,17):0.000000
(3,4),(4,17):0.204545
(3,4),(4,19):0.480769
(3,4),(5,19):0.000000
(3,4),(5,20):0.000000
(3,4),(10,20):0.000000
(3,4),(10,21):0.000000
(3,4),(19,21):0.000000
(3,4),(19,22):0.000000
(3,4),(22,22):0.000000
(3,4),(22,7):0.000000
(3,4),(23,7):0.000000
(3,4),(23,13):0.000000
(3,4),(26,13):0.000000
(3,4),(26,14):0.000000
(3,4),(27,14):0.000000
(3,5),(13,5):12.045455
(3,5),(13,6):12.200000
(3,5),(2,6):14.500000
(3,5),(2,10):2.500000
(3,5),(9,10):0.000000
(3,5),(9,11):0.000000
(3,5),(14,11):0.000000
(3,5),(14,8):0.000000
(3,5),(16,8):0.000000
(3,5),(16,9):0.000000
(3,5),(17,9):0.000000
(3,5),(17,2):0.000000
(3,5),(20,2):0.000000
(3,5),(20,1):0.000000
(3,5),(21,1):0.000000
(3,5),(21,15):0.000000
(3,5),(15,15):0.000000
(3,5),(15,12):0.000000
(3,5),(11,12):0.000000
(3,5),(11,17):0.000000
(3,5),(4,17):0.027778
(3,5),(4,19):0.204545
(3,5),(5,19):0.000000
(3,5),(5,20):0.000000
(3,5),(10,20):0.000000
(3,5),(10,21):0.000000
(3,5),(19,21):0.000000
(3,5),(19,22):0.000000
(3,5),(22,22):0.000000
(3,5),(22,7):0.000000
(3,5),(23,7):0.000000
(3,5),(23,13):0.000000
(3,5),(26,13):0.000000
(3,5),(26,14):0.000000
(3,5),(27,14):0.000000
(13,5),(13,6):12.000000
(13,5),(2,6):12.045455
(13,5),(2,10):1.045455
(13,5),(9,10):0.000000
(13,5),(9,11):0.000000
(13,5),(14,11):0.000000
(13,5),(14,8):0.000000
(13,5),(16,8):0.000000
(13,5),(16,9):0.000000
(13,5),(17,9):0.000000
(13,5),(17,2):0.000000
(13,5),(20,2):0.000000
(13,5),(20,1):0.000000
(13,5),(21,1):0.000000
(13,5),(21,15):0.000000
(13,5),(15,15):0.000000
(13,5),(15,12):0.000000
(13,5),(11,12):0.000000
(13,5),(11,17):0.000000
(13,5),(4,17):0.000000
(13,5),(4,19):0.038029
(13,5),(5,19):0.000000
(13,5),(5,20):0.000000
(13,5),(10,20):0.000000
(13,5),(10,21):0.000000
(13,5),(19,21):0.000000
(13,5),(19,22):0.000000
(13,5),(22,22):0.000000
(13,5),(22,7):0.000000
(13,5),(23,7):0.000000
(13,5),(23,13):0.000000
(13,5),(26,13):0.000000
(13,5),(26,14):0.000000
(13,5),(27,14):0.000000
(13,6),(2,6):12.200000
(13,6),(2,10):1.150000
(13,6),(9,10):0.000000
(13,6),(9,11):0.000000
(13,6),(14,11):0.000000
(13,6),(14,8):0.000000
(13,6),(16,8):0.000000
(13,6),(16,9):0.000000
(13,6),(17,9):0.000000
(13,6),(17,2):0.000000
(13,6),(20,2):0.000000
(13,6),(20,1):0.000000
(13,6),(21,1):0.000000
(13,6),(21,15):0.000000
(13,6),(15,15):0.000000
(13,6),(15,12):0.000000
(13,6),(11,12):0.000000
(13,6),(11,17):0.000000
(13,6),(4,17):0.000000
(13,6),(4,19):0.027778
(13,6),(5,19):0.000000
(13,6),(5,20):0.000000
(13,6),(10,20):0.000000
(13,6),(10,21):0.000000
(13,6),(19,21):0.000000
(13,6),(19,22):0.000000
(13,6),(22,22):0.000000
(13,6),(22,7):0.000000
(13,6),(23,7):0.000000
(13,6),(23,13):0.000000
(13,6),(26,13):0.000000
(13,6),(26,14):0.000000
(13,6),(27,14):0.000000
(2,6),(2,10):20.000000
(2,6),(9,10):10.500000
(2,6),(9,11):10.071428
(2,6),(14,11):4.166667
(2,6),(14,8):0.000000
(2,6),(16,8):0.000000
(2,6),(16,9):0.000000
(2,6),(17,9):0.000000
(2,6),(17,2):0.000000
(2,6),(20,2):0.000000
(2,6),(20,1):0.000000
(2,6),(21,1):0.000000
(2,6),(21,15):0.000000
(2,6),(15,15):0.000000
(2,6),(15,12):2.076923
(2,6),(11,12):8.896826
(2,6),(11,17):7.388889
(2,6),(4,17):15.750000
(2,6),(4,19):16.250000
(2,6),(5,19):5.000000
(2,6),(5,20):7.500000
(2,6),(10,20):4.000000
(2,6),(10,21):4.700000
(2,6),(19,21):3.000000
(2,6),(19,22):3.944444
(2,6),(22,22):2.000000
(2,6),(22,7):0.000000
(2,6),(23,7):0.000000
(2,6),(23,13):0.000000
(2,6),(26,13):0.000000
(2,6),(26,14):0.000000
(2,6),(27,14):0.000000
(2,10),(9,10):62.299999
(2,10),(9,11):75.954948
(2,10),(14,11):29.150183
(2,10),(14,8):1.269231
(2,10),(16,8):0.540691
(2,10),(16,9):1.546016
(2,10),(17,9):1.704105
(2,10),(17,2):0.747253
(2,10),(20,2):0.952192
(2,10),(20,1):0.203297
(2,10),(21,1):0.982326
(2,10),(21,15):1.083516
(2,10),(15,15):1.054945
(2,10),(15,12):17.560440
(2,10),(11,12):71.825394
(2,10),(11,17):67.936508
(2,10),(4,17):90.761902
(2,10),(4,19):47.027779
(2,10),(5,19):17.750000
(2,10),(5,20):22.277779
(2,10),(10,20):14.666667
(2,10),(10,21):16.203360
(2,10),(19,21):11.333333
(2,10),(19,22):14.075246
(2,10),(22,22):7.777778
(2,10),(22,7):0.000000
(2,10),(23,7):0.000000
(2,10),(23,13):0.000000
(2,10),(26,13):0.000000
(2,10),(26,14):0.000000
(2,10),(27,14):0.000000
(9,10),(9,11):61.400002
(9,10),(14,11):24.000000
(9,10),(14,8):0.000000
(9,10),(16,8):0.000000
(9,10),(16,9):0.000000
(9,10),(17,9):0.000000
(9,10),(17,2):0.000000
(9,10),(20,2):0.000000
(9,10),(20,1):0.000000
(9,10),(21,1):0.000000
(9,10),(21,15):0.000000
(9,10),(15,15):0.000000
(9,10),(15,12):13.000000
(9,10),(11,12):58.214287
(9,10),(11,17):55.833332
(9,10),(4,17):62.299999
(9,10),(4,19):27.299999
(9,10),(5,19):1.728571
(9,10),(5,20):5.633333
(9,10),(10,20):0.514286
(9,10),(10,21):1.250000
(9,10),(19,21):0.014286
(9,10),(19,22):0.476471
(9,10),(22,22):0.000000
(9,10),(22,7):0.000000
(9,10),(23,7):0.000000
(9,10),(23,13):0.000000
(9,10),(26,13):0.000000
(9,10),(26,14):0.000000
(9,10),(27,14):0.000000
(9,11),(14,11):39.666668
(9,11),(14,8):9.750000
(9,11),(16,8):2.416667
(9,11),(16,9):10.500000
(9,11),(17,9):10.750000
(9,11),(17,2):6.666667
(9,11),(20,2):8.031746
(9,11),(20,1):1.916667
(9,11),(21,1):8.230769
(9,11),(21,15):10.000000
(9,11),(15,15):9.000000
(9,11),(15,12):28.071428
(9,11),(11,12):80.285713
(9,11),(11,17):67.904762
(9,11),(4,17):74.171425
(9,11),(4,19):26.471428
(9,11),(5,19):1.066667
(9,11),(5,20):4.809091
(9,11),(10,20):0.150000
(9,11),(10,21):0.700000
(9,11),(19,21):0.000000
(9,11),(19,22):0.137288
(9,11),(22,22):0.000000
(9,11),(22,7):0.000000
(9,11),(23,7):0.000000
(9,11),(23,13):0.000000
(9,11),(26,13):0.000000
(9,11),(26,14):0.000000
(9,11),(27,14):0.000000
(14,11),(14,8):30.250000
(14,11),(16,8):8.833333
(14,11),(16,9):37.000000
(14,11),(17,9):40.583332
(14,11),(17,2):28.833334
(14,11),(20,2):32.583332
(14,11),(20,1):8.333333
(14,11),(21,1):33.000000
(14,11),(21,15):41.416668
(14,11),(15,15):37.833332
(14,11),(15,12):54.833332
(14,11),(11,12):44.833332
(14,11),(11,17):26.666666
(14,11),(4,17):27.366667
(14,11),(4,19):11.500000
(14,11),(5,19):0.000000
(14,11),(5,20):0.000000
(14,11),(10,20):0.000000
(14,11),(10,21):0.000000
(14,11),(19,21):0.000000
(14,11),(19,22):0.000000
(14,11),(22,22):0.000000
(14,11),(22,7):0.000000
(14,11),(23,7):0.000000
(14,11),(23,13):0.000000
(14,11),(26,13):0.000000
(14,11),(26,14):0.000000
(14,11),(27,14):0.000000
(14,8),(16,8):9.875000
(14,8),(16,9):33.625000
(14,8),(17,9):31.625000
(14,8),(17,2):18.000000
(14,8),(20,2):24.383514
(14,8),(20,1):3.750000
(14,8),(21,1):24.908333
(14,8),(21,15):32.958332
(14,8),(15,15):29.625000
(14,8),(15,12):33.625000
(14,8),(11,12):10.350000
(14,8),(11,17):0.000000
(14,8),(4,17):0.000000
(14,8),(4,19):0.000000
(14,8),(5,19):0.000000
(14,8),(5,20):0.000000
(14,8),(10,20):0.000000
(14,8),(10,21):0.000000
(14,8),(19,21):0.000000
(14,8),(19,22):0.000000
(14,8),(22,22):0.000000
(14,8),(22,7):0.000000
(14,8),(23,7):0.000000
(14,8),(23,13):0.000000
(14,8),(26,13):0.000000
(14,8),(26,14):0.000000
(14,8),(27,14):0.000000
(16,8),(16,9):11.333333
(16,8),(17,9):9.333333
(16,8),(17,2):0.000000
(16,8),(20,2):2.500000
(16,8),(20,1):0.000000
(16,8),(21,1):3.000000
(16,8),(21,15):10.395833
(16,8),(15,15):7.000000
(16,8),(15,12):11.333333
(16,8),(11,12):3.000000
(16,8),(11,17):0.000000
(16,8),(4,17):0.000000
(16,8),(4,19):0.000000
(16,8),(5,19):0.000000
(16,8),(5,20):0.000000
(16,8),(10,20):0.000000
(16,8),(10,21):0.000000
(16,8),(19,21):0.000000
(16,8),(19,22):0.000000
(16,8),(22,22):0.000000
(16,8),(22,7):0.000000
(16,8),(23,7):0.000000
(16,8),(23,13):0.000000
(16,8),(26,13):0.000000
(16,8),(26,14):0.000000
(16,8),(27,14):0.000000
(16,9),(17,9):39.500000
(16,9),(17,2):24.000000
(16,9),(20,2):31.333334
(16,9),(20,1):6.000000
(16,9),(21,1):32.000000
(16,9),(21,15):40.416668
(16,9),(15,15):37.000000
(16,9),(15,12):41.500000
(16,9),(11,12):15.500000
(16,9),(11,17):0.000000
(16,9),(4,17):0.000000
(16,9),(4,19):0.000000
(16,9),(5,19):0.000000
(16,9),(5,20):0.000000
(16,9),(10,20):0.000000
(16,9),(10,21):0.000000
(16,9),(19,21):0.000000
(16,9),(19,22):0.000000
(16,9),(22,22):0.000000
(16,9),(22,7):0.000000
(16,9),(23,7):0.000000
(16,9),(23,13):0.000000
(16,9),(26,13):0.000000
(16,9),(26,14):0.000000
(16,9),(27,14):0.000000
(17,9),(17,2):52.000000
(17,9),(20,2):60.119049
(17,9),(20,1):13.785714
(17,9),(21,1):56.285713
(17,9),(21,15):67.642860
(17,9),(15,15):56.619049
(17,9),(15,12):51.750000
(17,9),(11,12):15.916667
(17,9),(11,17):0.000000
(17,9),(4,17):0.000000
(17,9),(4,19):0.000000
(17,9),(5,19):0.000000
(17,9),(5,20):0.000000
(17,9),(10,20):0.000000
(17,9),(10,21):0.000000
(17,9),(19,21):0.000000
(17,9),(19,22):0.000000
(17,9),(22,22):0.000000
(17,9),(22,7):0.000000
(17,9),(23,7):0.000000
(17,9),(23,13):0.000000
(17,9),(26,13):0.000000
(17,9),(26,14):0.000000
(17,9),(27,14):0.000000
(17,2),(20,2):52.000000
(17,2),(20,1):13.000000
(17,2),(21,1):47.500000
(17,2),(21,15):52.000000
(17,2),(15,15):43.833332
(17,2),(15,12):36.000000
(17,2),(11,12):10.666667
(17,2),(11,17):0.000000
(17,2),(4,17):0.000000
(17,2),(4,19):0.000000
(17,2),(5,19):0.000000
(17,2),(5,20):0.000000
(17,2),(10,20):0.000000
(17,2),(10,21):0.000000
(17,2),(19,21):0.000000
(17,2),(19,22):0.000000
(17,2),(22,22):0.000000
(17,2),(22,7):0.000000
(17,2),(23,7):0.000000
(17,2),(23,13):0.000000
(17,2),(26,13):0.000000
(17,2),(26,14):0.000000
(17,2),(27,14):0.000000
(20,2),(20,1):14.000000
(20,2),(21,1):55.833332
(20,2),(21,15):60.333332
(20,2),(15,15):51.974358
(20,2),(15,12):43.333332
(20,2),(11,12):12.345238
(20,2),(11,17):0.000000
(20,2),(4,17):0.000000
(20,2),(4,19):0.000000
(20,2),(5,19):0.000000
(20,2),(5,20):0.000000
(20,2),(10,20):0.000000
(20,2),(10,21):0.000000
(20,2),(19,21):0.000000
(20,2),(19,22):0.000000
(20,2),(22,22):0.000000
(20,2),(22,7):0.000000
(20,2),(23,7):0.000000
(20,2),(23,13):0.000000
(20,2),(26,13):0.000000
(20,2),(26,14):0.000000
(20,2),(27,14):0.000000
(20,1),(21,1):14.000000
(20,1),(21,15):14.000000
(20,1),(15,15):13.807693
(20,1),(15,12):11.250000
(20,1),(11,12):3.166667
(20,1),(11,17):0.000000
(20,1),(4,17):0.000000
(20,1),(4,19):0.000000
(20,1),(5,19):0.000000
(20,1),(5,20):0.000000
(20,1),(10,20):0.000000
(20,1),(10,21):0.000000
(20,1),(19,21):0.000000
(20,1),(19,22):0.000000
(20,1),(22,22):0.000000
(20,1),(22,7):0.000000
(20,1),(23,7):0.000000
(20,1),(23,13):0.000000
(20,1),(26,13):0.000000
(20,1),(26,14):0.000000
(20,1),(27,14):0.000000
(21,1),(21,15):56.500000
(21,1),(15,15):52.307693
(21,1),(15,12):44.000000
(21,1),(11,12):12.616667
(21,1),(11,17):0.000000
(21,1),(4,17):0.000000
(21,1),(4,19):0.000000
(21,1),(5,19):0.000000
(21,1),(5,20):0.000000
(21,1),(10,20):0.000000
(21,1),(10,21):0.000000
(21,1),(19,21):0.000000
(21,1),(19,22):0.000000
(21,1),(22,22):0.000000
(21,1),(22,7):0.000000
(21,1),(23,7):0.000000
(21,1),(23,13):0.000000
(21,1),(26,13):0.000000
(21,1),(26,14):0.000000
(21,1),(27,14):0.000000
(21,15),(15,15):57.224358
(21,15),(15,12):52.583332
(21,15),(11,12):15.166667
(21,15),(11,17):0.000000
(21,15),(4,17):0.000000
(21,15),(4,19):0.000000
(21,15),(5,19):0.000000
(21,15),(5,20):0.000000
(21,15),(10,20):0.000000
(21,15),(10,21):0.000000
(21,15),(19,21):0.000000
(21,15),(19,22):0.000000
(21,15),(22,22):0.000000
(21,15),(22,7):0.000000
(21,15),(23,7):0.000000
(21,15),(23,13):0.000000
(21,15),(26,13):0.000000
(21,15),(26,14):0.000000
(21,15),(27,14):0.000000
(15,15),(15,12):49.000000
(15,15),(11,12):14.000000
(15,15),(11,17):0.000000
(15,15),(4,17):0.000000
(15,15),(4,19):0.000000
(15,15),(5,19):0.000000
(15,15),(5,20):0.000000
(15,15),(10,20):0.000000
(15,15),(10,21):0.000000
(15,15),(19,21):0.000000
(15,15),(19,22):0.000000
(15,15),(22,22):0.000000
(15,15),(22,7):0.000000
(15,15),(23,7):0.000000
(15,15),(23,13):0.000000
(15,15),(26,13):0.000000
(15,15),(26,14):0.000000
(15,15),(27,14):0.000000
(15,12),(11,12):33.243591
(15,12),(11,17):15.076923
(15,12),(4,17):15.776923
(15,12),(4,19):5.993590
(15,12),(5,19):0.000000
(15,12),(5,20):0.000000
(15,12),(10,20):0.000000
(15,12),(10,21):0.000000
(15,12),(19,21):0.000000
(15,12),(19,22):0.000000
(15,12),(22,22):0.000000
(15,12),(22,7):0.000000
(15,12),(23,7):0.000000
(15,12),(23,13):0.000000
(15,12),(26,13):0.000000
(15,12),(26,14):0.000000
(15,12),(27,14):0.000000
(11,12),(11,17):67.111115
(11,12),(4,17):71.025398
(11,12),(4,19):24.325397
(11,12),(5,19):0.014286
(11,12),(5,20):2.880952
(11,12),(10,20):0.000000
(11,12),(10,21):0.000000
(11,12),(19,21):0.000000
(11,12),(19,22):0.000000
(11,12),(22,22):0.000000
(11,12),(22,7):0.000000
(11,12),(23,7):0.000000
(11,12),(23,13):0.000000
(11,12),(26,13):0.000000
(11,12),(26,14):0.000000
(11,12),(27,14):0.000000
(11,17),(4,17):68.222221
(11,17),(4,19):21.388889
(11,17),(5,19):0.000000
(11,17),(5,20):0.500000
(11,17),(10,20):0.000000
(11,17),(10,21):0.000000
(11,17),(19,21):0.000000
(11,17),(19,22):0.000000
(11,17),(22,22):0.000000
(11,17),(22,7):0.000000
(11,17),(23,7):0.000000
(11,17),(23,13):0.000000
(11,17),(26,13):0.000000
(11,17),(26,14):0.000000
(11,17),(27,14):0.000000
(4,17),(4,19):43.750000
(4,17),(5,19):15.000000
(4,17),(5,20):19.500000
(4,17),(10,20):12.000000
(4,17),(10,21):13.500000
(4,17),(19,21):9.000000
(4,17),(19,22):11.500000
(4,17),(22,22):6.000000
(4,17),(22,7):0.000000
(4,17),(23,7):0.000000
(4,17),(23,13):0.000000
(4,17),(26,13):0.000000
(4,17),(26,14):0.000000
(4,17),(27,14):0.000000
(4,19),(5,19):20.000000
(4,19),(5,20):35.799999
(4,19),(10,20):27.299999
(4,19),(10,21):28.900000
(4,19),(19,21):22.799999
(4,19),(19,22):26.299999
(4,19),(22,22):17.299999
(4,19),(22,7):0.000000
(4,19),(23,7):0.000000
(4,19),(23,13):0.000000
(4,19),(26,13):0.000000
(4,19),(26,14):0.000000
(4,19),(27,14):0.000000
(5,19),(5,20):20.000000
(5,19),(10,20):16.000000
(5,19),(10,21):17.600000
(5,19),(19,21):12.000000
(5,19),(19,22):15.111111
(5,19),(22,22):8.000000
(5,19),(22,7):0.000000
(5,19),(23,7):0.000000
(5,19),(23,13):0.000000
(5,19),(26,13):0.000000
(5,19),(26,14):0.000000
(5,19),(27,14):0.000000
(5,20),(10,20):39.875000
(5,20),(10,21):76.675003
(5,20),(19,21):61.974998
(5,20),(19,22):62.708332
(5,20),(22,22):37.375000
(5,20),(22,7):0.000000
(5,20),(23,7):0.000000
(5,20),(23,13):0.000000
(5,20),(26,13):0.000000
(5,20),(26,14):0.000000
(5,20),(27,14):0.000000
(10,20),(10,21):40.000000
(10,20),(19,21):31.000000
(10,20),(19,22):35.500000
(10,20),(22,22):22.000000
(10,20),(22,7):0.000000
(10,20),(23,7):0.000000
(10,20),(23,13):0.000000
(10,20),(26,13):0.000000
(10,20),(26,14):0.000000
(10,20),(27,14):0.000000
(10,21),(19,21):72.000000
(10,21),(19,22):76.500000
(10,21),(22,22):43.000000
(10,21),(22,7):1.371069
(10,21),(23,7):0.640768
(10,21),(23,13):1.538094
(10,21),(26,13):0.000000
(10,21),(26,14):0.000000
(10,21),(27,14):0.000000
(19,21),(19,22):69.699997
(19,21),(22,22):39.000000
(19,21),(22,7):0.000000
(19,21),(23,7):0.000000
(19,21),(23,13):0.000000
(19,21),(26,13):0.000000
(19,21),(26,14):0.000000
(19,21),(27,14):0.000000
(19,22),(22,22):45.000000
(19,22),(22,7):2.583333
(19,22),(23,7):1.033333
(19,22),(23,13):2.955555
(19,22),(26,13):0.000000
(19,22),(26,14):0.000000
(19,22),(27,14):0.000000
(22,22),(22,7):24.333334
(22,22),(23,7):16.033333
(22,22),(23,13):30.055555
(22,22),(26,13):10.500000
(22,22),(26,14):9.666667
(22,22),(27,14):6.000000
(22,7),(23,7):16.000000
(22,7),(23,13):24.333334
(22,7),(26,13):6.600000
(22,7),(26,14):5.809524
(22,7),(27,14):3.925000
(23,7),(23,13):16.033333
(23,7),(26,13):5.250000
(23,7),(26,14):4.666667
(23,7),(27,14):3.000000
(23,13),(26,13):15.000000
(23,13),(26,14):17.500000
(23,13),(27,14):12.666667
(26,13),(26,14):14.000000
(26,13),(27,14):9.333333
(26,14),(27,14):13.333333
