44
(21,3):(8,7)	(9,7)	(11,1)	(11,6)	(12,2)	(12,3)	(12,4)	(12,5)	(12,6)	(13,2)	(13,3)	(13,4)	(13,5)	(14,2)	(14,3)	(14,4)	(14,5)	(15,2)	(15,3)	(15,4)	(15,5)	(16,2)	(16,3)	(16,4)	(17,2)	(17,3)	(17,4)	(18,2)	(18,3)	(18,4)	(19,2)	(19,3)	(20,3)	(20,4)	(20,5)	(21,3)	(21,5)	(22,2)	(22,3)	
(21,5):(18,2)	(19,2)	(19,3)	(20,3)	(20,4)	(20,5)	(21,3)	(21,5)	
(20,5):(20,3)	(20,4)	(20,5)	(21,3)	(21,5)	
(20,4):(11,1)	(12,2)	(12,3)	(12,4)	(13,2)	(13,3)	(13,4)	(14,2)	(14,3)	(14,4)	(15,2)	(15,3)	(15,4)	(16,2)	(16,3)	(16,4)	(17,2)	(17,3)	(17,4)	(18,2)	(18,3)	(18,4)	(19,2)	(19,3)	(20,3)	(20,4)	(20,5)	(21,3)	(21,5)	(22,2)	
(18,4):(8,7)	(9,7)	(10,7)	(10,8)	(10,9)	(11,1)	(11,6)	(11,7)	(11,8)	(12,2)	(12,3)	(12,4)	(12,5)	(12,6)	(12,7)	(12,8)	(13,2)	(13,3)	(13,4)	(13,5)	(13,6)	(13,7)	(13,8)	(14,2)	(14,3)	(14,4)	(14,5)	(14,6)	(14,7)	(14,8)	(15,2)	(15,3)	(15,4)	(15,5)	(15,6)	(15,7)	(15,8)	(16,2)	(16,3)	(16,4)	(16,5)	(16,6)	(16,7)	(16,8)	(17,2)	(17,3)	(17,4)	(17,5)	(17,6)	(17,7)	(18,2)	(18,3)	(18,4)	(18,8)	(19,1)	(19,2)	(19,3)	(20,3)	(20,4)	(21,3)	(22,2)	
(18,8):(7,6)	(9,7)	(10,7)	(10,8)	(11,1)	(11,6)	(11,7)	(11,8)	(12,2)	(12,3)	(12,4)	(12,5)	(12,6)	(12,7)	(12,8)	(13,2)	(13,3)	(13,4)	(13,5)	(13,6)	(13,7)	(13,8)	(14,2)	(14,3)	(14,4)	(14,5)	(14,6)	(14,7)	(14,8)	(15,2)	(15,3)	(15,4)	(15,5)	(15,6)	(15,7)	(15,8)	(16,2)	(16,3)	(16,4)	(16,5)	(16,6)	(16,7)	(16,8)	(17,2)	(17,3)	(17,4)	(17,5)	(17,6)	(17,7)	(18,2)	(18,3)	(18,4)	(18,8)	
(16,8):(7,6)	(9,7)	(10,7)	(10,8)	(10,9)	(11,1)	(11,6)	(11,7)	(11,8)	(12,2)	(12,3)	(12,4)	(12,5)	(12,6)	(12,7)	(12,8)	(13,2)	(13,3)	(13,4)	(13,5)	(13,6)	(13,7)	(13,8)	(14,2)	(14,3)	(14,4)	(14,5)	(14,6)	(14,7)	(14,8)	(15,2)	(15,3)	(15,4)	(15,5)	(15,6)	(15,7)	(15,8)	(16,2)	(16,3)	(16,4)	(16,5)	(16,6)	(16,7)	(16,8)	(16,9)	(17,2)	(17,3)	(17,4)	(17,5)	(17,6)	(17,7)	(18,2)	(18,3)	(18,4)	(18,8)	(19,1)	(19,2)	
(16,9):(7,6)	(9,7)	(10,7)	(10,8)	(10,9)	(11,1)	(11,6)	(11,7)	(11,8)	(12,2)	(12,3)	(12,4)	(12,5)	(12,6)	(12,7)	(12,8)	(13,2)	(13,3)	(13,4)	(13,5)	(13,6)	(13,7)	(13,8)	(14,2)	(14,3)	(14,4)	(14,5)	(14,6)	(14,7)	(14,8)	(15,2)	(15,3)	(15,4)	(15,5)	(15,6)	(15,7)	(15,8)	(16,2)	(16,3)	(16,4)	(16,5)	(16,6)	(16,7)	(16,8)	(16,9)	
(10,9):(9,7)	(9,21)	(10,7)	(10,8)	(10,9)	(10,11)	(10,12)	(10,13)	(10,14)	(10,15)	(10,16)	(10,17)	(10,18)	(10,19)	(10,20)	(11,6)	(11,7)	(11,8)	(12,3)	(12,4)	(12,5)	(12,6)	(12,7)	(12,8)	(13,2)	(13,3)	(13,4)	(13,5)	(13,6)	(13,7)	(13,8)	(14,2)	(14,3)	(14,4)	(14,5)	(14,6)	(14,7)	(14,8)	(15,2)	(15,3)	(15,4)	(15,5)	(15,6)	(15,7)	(15,8)	(16,2)	(16,3)	(16,4)	(16,5)	(16,6)	(16,7)	(16,8)	(16,9)	(17,2)	(17,3)	(17,4)	(17,5)	(17,6)	(17,7)	(18,2)	(18,3)	(18,4)	(19,1)	(19,2)	(19,3)	
(10,11):(9,7)	(9,21)	(10,7)	(10,8)	(10,9)	(10,11)	(10,12)	(10,13)	(10,14)	(10,15)	(10,16)	(10,17)	(10,18)	(10,19)	(10,20)	(11,12)	(11,13)	(11,14)	(11,15)	(11,16)	(11,17)	(11,18)	(11,19)	(11,20)	(12,12)	(12,13)	(12,14)	(12,15)	(12,21)	(13,11)	(13,13)	(13,14)	(14,14)	(14,15)	(15,15)	(15,16)	(16,15)	(16,16)	(16,17)	
(13,11):(9,21)	(10,11)	(10,12)	(10,13)	(10,14)	(10,15)	(10,16)	(10,17)	(10,18)	(10,19)	(10,20)	(11,12)	(11,13)	(11,14)	(11,15)	(11,16)	(11,17)	(11,18)	(11,19)	(12,12)	(12,13)	(12,14)	(12,15)	(13,11)	(13,13)	(13,14)	
(13,13):(9,21)	(10,11)	(10,12)	(10,13)	(10,14)	(10,15)	(10,16)	(10,17)	(10,18)	(10,19)	(11,12)	(11,13)	(11,14)	(11,15)	(11,16)	(11,17)	(12,12)	(12,13)	(12,14)	(12,15)	(13,11)	(13,13)	(13,14)	(14,14)	(14,15)	(15,14)	(15,15)	(15,16)	(15,17)	(16,14)	(16,15)	(16,16)	(16,17)	(16,18)	(16,19)	(17,13)	
(17,13):(10,13)	(10,14)	(10,15)	(11,13)	(11,14)	(11,15)	(12,13)	(12,14)	(12,15)	(13,13)	(13,14)	(14,14)	(14,15)	(14,20)	(15,14)	(15,15)	(15,16)	(15,17)	(15,18)	(15,19)	(15,20)	(15,22)	(16,14)	(16,15)	(16,16)	(16,17)	(16,18)	(16,19)	(16,20)	(16,21)	(17,13)	(17,22)	
(17,22):(14,14)	(14,15)	(15,14)	(15,15)	(15,16)	(15,17)	(15,18)	(15,19)	(15,20)	(15,22)	(16,14)	(16,15)	(16,16)	(16,17)	(16,18)	(16,19)	(16,20)	(16,21)	(17,13)	(17,22)	
(15,22):(15,14)	(15,15)	(15,16)	(15,17)	(15,18)	(15,19)	(15,20)	(15,22)	(16,14)	(16,15)	(16,16)	(16,17)	(16,18)	(16,19)	(16,20)	(16,21)	(17,13)	(17,22)	
(15,20):(14,14)	(14,15)	(14,20)	(15,14)	(15,15)	(15,16)	(15,17)	(15,18)	(15,19)	(15,20)	(15,22)	(16,14)	(16,15)	(16,16)	(16,17)	(16,18)	(16,19)	(16,20)	(16,21)	(17,13)	(17,22)	
(14,20):(14,14)	(14,15)	(14,20)	(15,14)	(15,15)	(15,16)	(15,17)	(15,18)	(15,19)	(15,20)	(16,14)	(16,15)	(16,16)	(16,17)	(16,18)	(16,19)	(16,20)	(17,13)	
(14,15):(10,11)	(10,12)	(10,13)	(10,14)	(10,15)	(11,12)	(11,13)	(11,14)	(11,15)	(12,12)	(12,13)	(12,14)	(12,15)	(13,13)	(13,14)	(14,14)	(14,15)	(14,20)	(15,14)	(15,15)	(15,16)	(15,17)	(15,18)	(15,19)	(15,20)	(16,14)	(16,15)	(16,16)	(16,17)	(16,18)	(16,19)	(16,20)	(16,21)	(17,13)	(17,22)	
(12,15):(9,21)	(10,11)	(10,12)	(10,13)	(10,14)	(10,15)	(10,16)	(10,17)	(10,18)	(10,19)	(10,20)	(11,12)	(11,13)	(11,14)	(11,15)	(11,16)	(11,17)	(11,18)	(11,19)	(11,20)	(12,12)	(12,13)	(12,14)	(12,15)	(12,21)	(13,11)	(13,13)	(13,14)	(14,14)	(14,15)	(15,14)	(15,15)	(16,14)	(16,15)	(17,13)	
(12,21):(9,7)	(9,21)	(10,11)	(10,12)	(10,13)	(10,14)	(10,15)	(10,16)	(10,17)	(10,18)	(10,19)	(10,20)	(11,12)	(11,13)	(11,14)	(11,15)	(11,16)	(11,17)	(11,18)	(11,19)	(11,20)	(12,12)	(12,13)	(12,14)	(12,15)	(12,21)	
(9,21):(9,7)	(9,21)	(10,7)	(10,8)	(10,9)	(10,11)	(10,12)	(10,13)	(10,14)	(10,15)	(10,16)	(10,17)	(10,18)	(10,19)	(10,20)	(11,12)	(11,13)	(11,14)	(11,15)	(11,16)	(11,17)	(11,18)	(11,19)	(11,20)	(12,12)	(12,13)	(12,14)	(12,15)	(12,21)	(13,11)	(13,13)	
(9,7):(7,6)	(8,7)	(9,7)	(9,21)	(10,7)	(10,8)	(10,9)	(10,11)	(10,12)	(10,13)	(10,14)	(10,15)	(10,16)	(10,17)	(10,18)	(10,19)	(10,20)	(11,6)	(11,7)	(11,8)	(11,15)	(11,16)	(11,17)	(11,18)	(11,19)	(11,20)	(12,6)	(12,7)	(12,8)	(12,21)	(13,5)	(13,6)	(13,7)	(13,8)	(14,5)	(14,6)	(14,7)	(14,8)	(15,4)	(15,5)	(15,6)	(15,7)	(15,8)	(16,4)	(16,5)	(16,6)	(16,7)	(16,8)	(16,9)	(17,3)	(17,4)	(17,5)	(17,6)	(17,7)	(18,3)	(18,4)	(18,8)	(19,2)	(19,3)	(20,3)	(21,3)	(22,2)	
(8,7):(5,16)	(5,17)	(5,18)	(6,13)	(6,14)	(6,15)	(6,16)	(6,17)	(6,18)	(7,6)	(7,10)	(7,11)	(7,12)	(7,13)	(7,14)	(7,15)	(7,16)	(7,17)	(8,7)	(8,18)	(9,7)	(10,7)	(11,6)	(11,7)	(12,6)	(12,7)	(13,6)	(13,7)	(14,5)	(14,6)	(14,7)	(15,5)	(15,6)	(15,7)	(16,5)	(16,6)	(16,7)	(17,4)	(17,5)	(17,6)	(17,7)	(18,4)	(20,3)	(21,3)	
(8,18):(1,17)	(2,17)	(2,18)	(3,16)	(3,17)	(3,18)	(4,12)	(4,16)	(4,17)	(4,18)	(5,10)	(5,12)	(5,13)	(5,14)	(5,15)	(5,16)	(5,17)	(5,18)	(6,11)	(6,12)	(6,13)	(6,14)	(6,15)	(6,16)	(6,17)	(6,18)	(7,6)	(7,10)	(7,11)	(7,12)	(7,13)	(7,14)	(7,15)	(7,16)	(7,17)	(8,7)	(8,18)	
(6,18):(1,17)	(1,19)	(2,17)	(2,18)	(3,16)	(3,17)	(3,18)	(4,12)	(4,16)	(4,17)	(4,18)	(5,10)	(5,12)	(5,13)	(5,14)	(5,15)	(5,16)	(5,17)	(5,18)	(6,11)	(6,12)	(6,13)	(6,14)	(6,15)	(6,16)	(6,17)	(6,18)	(6,19)	(7,10)	(7,11)	(7,12)	(7,13)	(7,14)	(7,15)	(7,16)	(7,17)	(8,7)	(8,18)	
(6,19):(1,17)	(1,19)	(2,17)	(2,18)	(3,16)	(3,17)	(3,18)	(4,12)	(4,16)	(4,17)	(4,18)	(5,10)	(5,12)	(5,13)	(5,14)	(5,15)	(5,16)	(5,17)	(5,18)	(6,11)	(6,12)	(6,13)	(6,14)	(6,15)	(6,16)	(6,17)	(6,18)	(6,19)	
(1,19):(1,17)	(1,19)	(2,17)	(2,18)	(3,16)	(3,17)	(3,18)	(4,16)	(4,17)	(4,18)	(5,15)	(5,16)	(5,17)	(5,18)	(6,14)	(6,15)	(6,16)	(6,17)	(6,18)	(6,19)	(7,13)	(7,14)	(7,15)	(7,16)	(7,17)	
(1,17):(1,17)	(1,19)	(2,17)	(2,18)	(3,17)	(3,18)	(4,17)	(4,18)	(5,17)	(5,18)	(6,17)	(6,18)	(6,19)	(7,17)	(8,18)	
(2,17):(1,17)	(1,19)	(2,14)	(2,17)	(2,18)	(3,14)	(3,16)	(3,17)	(3,18)	(4,16)	(4,17)	(4,18)	(5,16)	(5,17)	(5,18)	(6,15)	(6,16)	(6,17)	(6,18)	(6,19)	(7,15)	(7,16)	(7,17)	(8,18)	
(2,14):(2,14)	(2,17)	(2,18)	(3,14)	(3,16)	(3,17)	(3,18)	(4,18)	
(3,14):(2,14)	(2,17)	(2,18)	(3,14)	(3,16)	(3,17)	(3,18)	
(3,16):(1,19)	(2,14)	(2,17)	(2,18)	(3,14)	(3,16)	(3,17)	(3,18)	(4,16)	(4,17)	(4,18)	(5,16)	(5,17)	(5,18)	(6,16)	(6,17)	(6,18)	(6,19)	(7,16)	(7,17)	(8,18)	
(4,16):(1,19)	(2,17)	(2,18)	(3,16)	(3,17)	(3,18)	(4,12)	(4,16)	(4,17)	(4,18)	(5,12)	(5,13)	(5,14)	(5,15)	(5,16)	(5,17)	(5,18)	(6,11)	(6,12)	(6,13)	(6,14)	(6,15)	(6,16)	(6,17)	(6,18)	(6,19)	(7,10)	(7,11)	(7,12)	(7,13)	(7,14)	(7,15)	(7,16)	(7,17)	(8,18)	
(4,12):(4,12)	(4,16)	(4,17)	(4,18)	(5,12)	(5,13)	(5,14)	(5,15)	(5,16)	(5,17)	(5,18)	(6,12)	(6,13)	(6,14)	(6,15)	(6,16)	(6,17)	(6,18)	(6,19)	(7,12)	(7,13)	(7,14)	(7,15)	(7,16)	(7,17)	(8,18)	
(5,12):(4,12)	(4,16)	(4,17)	(4,18)	(5,10)	(5,12)	(5,13)	(5,14)	(5,15)	(5,16)	(5,17)	(5,18)	(6,11)	(6,12)	(6,13)	(6,14)	(6,15)	(6,16)	(6,17)	(6,18)	(6,19)	(7,10)	(7,11)	(7,12)	(7,13)	(7,14)	(7,15)	(7,16)	(7,17)	(8,18)	
(5,10):(5,10)	(5,12)	(5,13)	(5,14)	(5,15)	(5,16)	(5,17)	(5,18)	(6,11)	(6,12)	(6,13)	(6,14)	(6,15)	(6,16)	(6,17)	(6,18)	(6,19)	(7,10)	(7,11)	(7,12)	(7,13)	(7,14)	(7,15)	(7,16)	(7,17)	(8,18)	
(7,10):(3,18)	(4,16)	(4,17)	(4,18)	(5,10)	(5,12)	(5,13)	(5,14)	(5,15)	(5,16)	(5,17)	(5,18)	(6,11)	(6,12)	(6,13)	(6,14)	(6,15)	(6,16)	(6,17)	(6,18)	(7,6)	(7,10)	(7,11)	(7,12)	(7,13)	(7,14)	(7,15)	(7,16)	(7,17)	(8,7)	(8,18)	
(7,6):(7,6)	(7,10)	(7,11)	(7,12)	(7,13)	(7,14)	(7,15)	(7,16)	(7,17)	(8,7)	(8,18)	(9,7)	(10,7)	(11,6)	(11,7)	(11,8)	(12,6)	(12,7)	(12,8)	(13,6)	(13,7)	(13,8)	(14,6)	(14,7)	(14,8)	(15,6)	(15,7)	(15,8)	(16,6)	(16,7)	(16,8)	(16,9)	(17,6)	(17,7)	(18,8)	
(11,6):(7,6)	(8,7)	(9,7)	(10,7)	(10,8)	(10,9)	(11,1)	(11,6)	(11,7)	(11,8)	(12,2)	(12,3)	(12,4)	(12,5)	(12,6)	(12,7)	(12,8)	(13,2)	(13,3)	(13,4)	(13,5)	(13,6)	(13,7)	(13,8)	(14,2)	(14,3)	(14,4)	(14,5)	(14,6)	(14,7)	(14,8)	(15,2)	(15,3)	(15,4)	(15,5)	(15,6)	(15,7)	(15,8)	(16,2)	(16,3)	(16,4)	(16,5)	(16,6)	(16,7)	(16,8)	(16,9)	(17,2)	(17,3)	(17,4)	(17,5)	(17,6)	(17,7)	(18,2)	(18,3)	(18,4)	(18,8)	(19,1)	(19,2)	(19,3)	(20,3)	(21,3)	(22,2)	
(11,1):(11,1)	(11,6)	(11,7)	(11,8)	(12,2)	(12,3)	(12,4)	(12,5)	(12,6)	(12,7)	(12,8)	(13,2)	(13,3)	(13,4)	(13,5)	(13,6)	(13,7)	(13,8)	(14,2)	(14,3)	(14,4)	(14,5)	(14,6)	(14,7)	(14,8)	(15,2)	(15,3)	(15,4)	(15,5)	(15,6)	(15,7)	(15,8)	(16,2)	(16,3)	(16,4)	(16,5)	(16,6)	(16,7)	(16,8)	(16,9)	(17,2)	(17,3)	(17,4)	(17,5)	(17,6)	(17,7)	(18,2)	(18,3)	(18,4)	(18,8)	(19,1)	(19,2)	(19,3)	(20,3)	(20,4)	(21,3)	(22,3)	
(19,1):(10,7)	(10,8)	(10,9)	(11,1)	(11,6)	(11,7)	(11,8)	(12,2)	(12,3)	(12,4)	(12,5)	(12,6)	(12,7)	(12,8)	(13,2)	(13,3)	(13,4)	(13,5)	(13,6)	(13,7)	(13,8)	(14,2)	(14,3)	(14,4)	(14,5)	(14,6)	(14,7)	(14,8)	(15,2)	(15,3)	(15,4)	(15,5)	(15,6)	(15,7)	(15,8)	(16,2)	(16,3)	(16,4)	(16,5)	(16,6)	(16,7)	(16,8)	(17,2)	(17,3)	(17,4)	(17,5)	(17,6)	(17,7)	(18,2)	(18,3)	(18,4)	(19,1)	(19,2)	(19,3)	
(19,2):(9,7)	(10,7)	(10,8)	(10,9)	(11,1)	(11,6)	(11,7)	(11,8)	(12,2)	(12,3)	(12,4)	(12,5)	(12,6)	(12,7)	(12,8)	(13,2)	(13,3)	(13,4)	(13,5)	(13,6)	(13,7)	(13,8)	(14,2)	(14,3)	(14,4)	(14,5)	(14,6)	(14,7)	(14,8)	(15,2)	(15,3)	(15,4)	(15,5)	(15,6)	(15,7)	(15,8)	(16,2)	(16,3)	(16,4)	(16,5)	(16,6)	(16,7)	(16,8)	(17,2)	(17,3)	(17,4)	(17,5)	(17,6)	(18,2)	(18,3)	(18,4)	(19,1)	(19,2)	(19,3)	(20,3)	(20,4)	(21,3)	(21,5)	(22,2)	(22,3)	
(22,2):(9,7)	(10,7)	(10,8)	(11,6)	(11,7)	(12,2)	(12,3)	(12,4)	(12,5)	(12,6)	(12,7)	(13,2)	(13,3)	(13,4)	(13,5)	(13,6)	(14,2)	(14,3)	(14,4)	(14,5)	(14,6)	(15,2)	(15,3)	(15,4)	(15,5)	(16,2)	(16,3)	(16,4)	(16,5)	(17,2)	(17,3)	(17,4)	(18,2)	(18,3)	(18,4)	(19,2)	(19,3)	(20,3)	(20,4)	(21,3)	(22,2)	(22,3)	
(22,3):(11,1)	(12,2)	(12,3)	(13,2)	(13,3)	(14,2)	(14,3)	(15,2)	(15,3)	(16,2)	(16,3)	(17,2)	(17,3)	(18,2)	(18,3)	(19,2)	(19,3)	(20,3)	(21,3)	(22,2)	(22,3)	
(21,3):38.253845
(21,5):6.166667
(20,5):3.250000
(20,4):29.250000
(18,4):67.760117
(18,8):54.777779
(16,8):63.797619
(16,9):47.428570
(10,9):71.949997
(10,11):46.291668
(13,11):29.500000
(13,13):42.333332
(17,13):36.799999
(17,22):25.357143
(15,22):18.000000
(15,20):25.400000
(14,20):21.000000
(14,15):42.099998
(12,15):43.000000
(12,21):32.607143
(9,21):38.375000
(9,7):68.333336
(8,7):44.071911
(8,18):39.200001
(6,18):43.424244
(6,19):24.500000
(1,19):25.600000
(1,17):12.000000
(2,17):24.000000
(2,14):7.250000
(3,14):5.666667
(3,16):19.500000
(4,16):40.250000
(4,12):26.000000
(5,12):33.625000
(5,10):25.000000
(7,10):37.854168
(7,6):34.000000
(11,6):70.230949
(11,1):61.604168
(19,1):59.313492
(19,2):63.888889
(22,2):36.125000
(22,3):17.500000
(21,3),(21,5):5.500000
(21,3),(20,5):3.250000
(21,3),(20,4):28.500000
(21,3),(18,4):37.083332
(21,3),(18,8):29.844595
(21,3),(16,8):31.080645
(21,3),(16,9):23.369919
(21,3),(10,9):28.968117
(21,3),(10,11):0.401938
(21,3),(13,11):0.000000
(21,3),(13,13):0.000000
(21,3),(17,13):0.000000
(21,3),(17,22):0.000000
(21,3),(15,22):0.000000
(21,3),(15,20):0.000000
(21,3),(14,20):0.000000
(21,3),(14,15):0.000000
(21,3),(12,15):0.000000
(21,3),(12,21):0.075895
(21,3),(9,21):0.461538
(21,3),(9,7):12.500000
(21,3),(8,7):4.916667
(21,3),(8,18):0.103846
(21,3),(6,18):0.066871
(21,3),(6,19):0.000000
(21,3),(1,19):0.000000
(21,3),(1,17):0.000000
(21,3),(2,17):0.000000
(21,3),(2,14):0.000000
(21,3),(3,14):0.000000
(21,3),(3,16):0.000000
(21,3),(4,16):0.000000
(21,3),(4,12):0.000000
(21,3),(5,12):0.000000
(21,3),(5,10):0.000000
(21,3),(7,10):0.105698
(21,3),(7,6):1.253846
(21,3),(11,6):35.818130
(21,3),(11,1):35.770832
(21,3),(19,1):31.357143
(21,3),(19,2):37.250000
(21,3),(22,2):29.375000
(21,3),(22,3):17.500000
(21,5),(20,5):3.000000
(21,5),(20,4):6.166667
(21,5),(18,4):5.166667
(21,5),(18,8):0.500000
(21,5),(16,8):1.500000
(21,5),(16,9):0.000000
(21,5),(10,9):3.123397
(21,5),(10,11):0.000000
(21,5),(13,11):0.000000
(21,5),(13,13):0.000000
(21,5),(17,13):0.000000
(21,5),(17,22):0.000000
(21,5),(15,22):0.000000
(21,5),(15,20):0.000000
(21,5),(14,20):0.000000
(21,5),(14,15):0.000000
(21,5),(12,15):0.000000
(21,5),(12,21):0.000000
(21,5),(9,21):0.000000
(21,5),(9,7):2.833333
(21,5),(8,7):0.653205
(21,5),(8,18):0.000000
(21,5),(6,18):0.000000
(21,5),(6,19):0.000000
(21,5),(1,19):0.000000
(21,5),(1,17):0.000000
(21,5),(2,17):0.000000
(21,5),(2,14):0.000000
(21,5),(3,14):0.000000
(21,5),(3,16):0.000000
(21,5),(4,16):0.000000
(21,5),(4,12):0.000000
(21,5),(5,12):0.000000
(21,5),(5,10):0.000000
(21,5),(7,10):0.000000
(21,5),(7,6):0.000000
(21,5),(11,6):4.325397
(21,5),(11,1):5.083333
(21,5),(19,1):1.666667
(21,5),(19,2):5.916667
(21,5),(22,2):3.500000
(21,5),(22,3):2.750000
(20,5),(20,4):3.250000
(20,5),(18,4):2.250000
(20,5),(18,8):0.000000
(20,5),(16,8):0.000000
(20,5),(16,9):0.000000
(20,5),(10,9):0.450000
(20,5),(10,11):0.000000
(20,5),(13,11):0.000000
(20,5),(13,13):0.000000
(20,5),(17,13):0.000000
(20,5),(17,22):0.000000
(20,5),(15,22):0.000000
(20,5),(15,20):0.000000
(20,5),(14,20):0.000000
(20,5),(14,15):0.000000
(20,5),(12,15):0.000000
(20,5),(12,21):0.000000
(20,5),(9,21):0.000000
(20,5),(9,7):1.416667
(20,5),(8,7):0.450000
(20,5),(8,18):0.000000
(20,5),(6,18):0.000000
(20,5),(6,19):0.000000
(20,5),(1,19):0.000000
(20,5),(1,17):0.000000
(20,5),(2,17):0.000000
(20,5),(2,14):0.000000
(20,5),(3,14):0.000000
(20,5),(3,16):0.000000
(20,5),(4,16):0.000000
(20,5),(4,12):0.000000
(20,5),(5,12):0.000000
(20,5),(5,10):0.000000
(20,5),(7,10):0.000000
(20,5),(7,6):0.000000
(20,5),(11,6):1.535714
(20,5),(11,1):2.111520
(20,5),(19,1):0.000000
(20,5),(19,2):3.000000
(20,5),(22,2):1.750000
(20,5),(22,3):1.250000
(20,4),(18,4):28.250000
(20,4),(18,8):21.000000
(20,4),(16,8):22.750000
(20,4),(16,9):15.000000
(20,4),(10,9):21.450001
(20,4),(10,11):0.000000
(20,4),(13,11):0.000000
(20,4),(13,13):0.000000
(20,4),(17,13):0.000000
(20,4),(17,22):0.000000
(20,4),(15,22):0.000000
(20,4),(15,20):0.000000
(20,4),(14,20):0.000000
(20,4),(14,15):0.000000
(20,4),(12,15):0.000000
(20,4),(12,21):0.000000
(20,4),(9,21):0.000000
(20,4),(9,7):7.000000
(20,4),(8,7):1.400000
(20,4),(8,18):0.000000
(20,4),(6,18):0.000000
(20,4),(6,19):0.000000
(20,4),(1,19):0.000000
(20,4),(1,17):0.000000
(20,4),(2,17):0.000000
(20,4),(2,14):0.000000
(20,4),(3,14):0.000000
(20,4),(3,16):0.000000
(20,4),(4,16):0.000000
(20,4),(4,12):0.000000
(20,4),(5,12):0.000000
(20,4),(5,10):0.000000
(20,4),(7,10):0.000000
(20,4),(7,6):0.000000
(20,4),(11,6):26.964285
(20,4),(11,1):27.916666
(20,4),(19,1):23.750000
(20,4),(19,2):29.000000
(20,4),(22,2):20.000000
(20,4),(22,3):17.000000
(18,4),(18,8):52.660000
(18,4),(16,8):61.476189
(18,4),(16,9):45.339287
(18,4),(10,9):59.231251
(18,4),(10,11):2.905357
(18,4),(13,11):0.000000
(18,4),(13,13):0.000000
(18,4),(17,13):0.000000
(18,4),(17,22):0.000000
(18,4),(15,22):0.000000
(18,4),(15,20):0.000000
(18,4),(14,20):0.000000
(18,4),(14,15):0.000000
(18,4),(12,15):0.074405
(18,4),(12,21):1.155712
(18,4),(9,21):3.198389
(18,4),(9,7):42.145832
(18,4),(8,7):18.514286
(18,4),(8,18):0.150000
(18,4),(6,18):0.096233
(18,4),(6,19):0.000000
(18,4),(1,19):0.000000
(18,4),(1,17):0.000000
(18,4),(2,17):0.000000
(18,4),(2,14):0.000000
(18,4),(3,14):0.000000
(18,4),(3,16):0.000000
(18,4),(4,16):0.000000
(18,4),(4,12):0.000000
(18,4),(5,12):0.000000
(18,4),(5,10):0.000000
(18,4),(7,10):0.153759
(18,4),(7,6):20.614286
(18,4),(11,6):66.474403
(18,4),(11,1):61.020832
(18,4),(19,1):59.145832
(18,4),(19,2):62.895832
(18,4),(22,2):35.958332
(18,4),(22,3):17.333334
(18,8),(16,8):54.714287
(18,8),(16,9):40.428570
(18,8),(10,9):48.750000
(18,8),(10,11):2.125000
(18,8),(13,11):0.000000
(18,8),(13,13):0.000000
(18,8),(17,13):0.000000
(18,8),(17,22):0.000000
(18,8),(15,22):0.000000
(18,8),(15,20):0.000000
(18,8),(14,20):0.000000
(18,8),(14,15):0.000000
(18,8),(12,15):0.000000
(18,8),(12,21):0.507143
(18,8),(9,21):2.333333
(18,8),(9,7):32.027779
(18,8),(8,7):18.944445
(18,8),(8,18):0.833333
(18,8),(6,18):0.563173
(18,8),(6,19):0.000000
(18,8),(1,19):0.000000
(18,8),(1,17):0.000000
(18,8),(2,17):0.000000
(18,8),(2,14):0.000000
(18,8),(3,14):0.000000
(18,8),(3,16):0.000000
(18,8),(4,16):0.000000
(18,8),(4,12):0.000000
(18,8),(5,12):0.000000
(18,8),(5,10):0.000000
(18,8),(7,10):0.998016
(18,8),(7,6):18.777779
(18,8),(11,6):54.777779
(18,8),(11,1):49.000000
(18,8),(19,1):49.083332
(18,8),(19,2):48.000000
(18,8),(22,2):29.351065
(18,8),(22,3):13.333333
(16,8),(16,9):47.428570
(16,8),(10,9):57.833332
(16,8),(10,11):3.208333
(16,8),(13,11):0.000000
(16,8),(13,13):0.000000
(16,8),(17,13):0.000000
(16,8),(17,22):0.000000
(16,8),(15,22):0.000000
(16,8),(15,20):0.000000
(16,8),(14,20):0.000000
(16,8),(14,15):0.000000
(16,8),(12,15):0.006410
(16,8),(12,21):1.077573
(16,8),(9,21):3.458333
(16,8),(9,7):39.797619
(16,8),(8,7):18.914286
(16,8),(8,18):0.785714
(16,8),(6,18):0.537722
(16,8),(6,19):0.000000
(16,8),(1,19):0.000000
(16,8),(1,17):0.000000
(16,8),(2,17):0.000000
(16,8),(2,14):0.000000
(16,8),(3,14):0.000000
(16,8),(3,16):0.000000
(16,8),(4,16):0.000000
(16,8),(4,12):0.000000
(16,8),(5,12):0.000000
(16,8),(5,10):0.000000
(16,8),(7,10):0.949134
(16,8),(7,6):22.714285
(16,8),(11,6):63.797619
(16,8),(11,1):56.000000
(16,8),(19,1):57.952381
(16,8),(19,2):56.833332
(16,8),(22,2):30.596153
(16,8),(22,3):14.250000
(16,9),(10,9):42.083332
(16,9),(10,11):3.125000
(16,9),(13,11):0.000000
(16,9),(13,13):0.000000
(16,9),(17,13):0.000000
(16,9),(17,22):0.000000
(16,9),(15,22):0.000000
(16,9),(15,20):0.000000
(16,9),(14,20):0.000000
(16,9),(14,15):0.000000
(16,9),(12,15):0.000000
(16,9),(12,21):1.007143
(16,9),(9,21):3.375000
(16,9),(9,7):28.678572
(16,9),(8,7):12.595238
(16,9),(8,18):0.571429
(16,9),(6,18):0.424987
(16,9),(6,19):0.000000
(16,9),(1,19):0.000000
(16,9),(1,17):0.000000
(16,9),(2,17):0.000000
(16,9),(2,14):0.000000
(16,9),(3,14):0.000000
(16,9),(3,16):0.000000
(16,9),(4,16):0.000000
(16,9),(4,12):0.000000
(16,9),(5,12):0.000000
(16,9),(5,10):0.000000
(16,9),(7,10):0.725673
(16,9),(7,6):18.428572
(16,9),(11,6):47.428570
(16,9),(11,1):40.000000
(16,9),(19,1):44.535713
(16,9),(19,2):44.750000
(16,9),(22,2):24.580000
(16,9),(22,3):10.000000
(10,9),(10,11):15.125000
(10,9),(13,11):10.000000
(10,9),(13,13):9.333333
(10,9),(17,13):3.000000
(10,9),(17,22):0.000000
(10,9),(15,22):0.000000
(10,9),(15,20):0.000000
(10,9),(14,20):0.000000
(10,9),(14,15):4.500000
(10,9),(12,15):11.000000
(10,9),(12,21):12.607142
(10,9),(9,21):15.375000
(10,9),(9,7):52.116665
(10,9),(8,7):17.607143
(10,9),(8,18):0.000000
(10,9),(6,18):0.000000
(10,9),(6,19):0.000000
(10,9),(1,19):0.000000
(10,9),(1,17):0.000000
(10,9),(2,17):0.000000
(10,9),(2,14):0.000000
(10,9),(3,14):0.000000
(10,9),(3,16):0.000000
(10,9),(4,16):0.000000
(10,9),(4,12):0.000000
(10,9),(5,12):0.000000
(10,9),(5,10):0.000000
(10,9),(7,10):0.000000
(10,9),(7,6):20.916666
(10,9),(11,6):61.450001
(10,9),(11,1):53.447918
(10,9),(19,1):54.795109
(10,9),(19,2):55.172222
(10,9),(22,2):30.071795
(10,9),(22,3):13.233334
(10,11),(13,11):29.500000
(10,11),(13,13):32.500000
(10,11),(17,13):16.966667
(10,11),(17,22):6.033333
(10,11),(15,22):4.000000
(10,11),(15,20):5.705128
(10,11),(14,20):5.500000
(10,11),(14,15):22.666666
(10,11),(12,15):38.000000
(10,11),(12,21):32.607143
(10,11),(9,21):38.000000
(10,11),(9,7):27.125000
(10,11),(8,7):1.125000
(10,11),(8,18):0.000000
(10,11),(6,18):0.000000
(10,11),(6,19):0.000000
(10,11),(1,19):0.000000
(10,11),(1,17):0.000000
(10,11),(2,17):0.000000
(10,11),(2,14):0.000000
(10,11),(3,14):0.000000
(10,11),(3,16):0.000000
(10,11),(4,16):0.000000
(10,11),(4,12):0.000000
(10,11),(5,12):0.000000
(10,11),(5,10):0.000000
(10,11),(7,10):0.000000
(10,11),(7,6):1.375000
(10,11),(11,6):4.625000
(10,11),(11,1):0.000000
(10,11),(19,1):2.506944
(10,11),(19,2):2.638889
(10,11),(22,2):1.713068
(10,11),(22,3):0.000000
(13,11),(13,13):25.000000
(13,11),(17,13):9.800000
(13,11),(17,22):0.000000
(13,11),(15,22):0.000000
(13,11),(15,20):0.000000
(13,11),(14,20):0.000000
(13,11),(14,15):15.000000
(13,11),(12,15):29.500000
(13,11),(12,21):25.500000
(13,11),(9,21):28.500000
(13,11),(9,7):18.500000
(13,11),(8,7):0.000000
(13,11),(8,18):0.000000
(13,11),(6,18):0.000000
(13,11),(6,19):0.000000
(13,11),(1,19):0.000000
(13,11),(1,17):0.000000
(13,11),(2,17):0.000000
(13,11),(2,14):0.000000
(13,11),(3,14):0.000000
(13,11),(3,16):0.000000
(13,11),(4,16):0.000000
(13,11),(4,12):0.000000
(13,11),(5,12):0.000000
(13,11),(5,10):0.000000
(13,11),(7,10):0.000000
(13,11),(7,6):0.000000
(13,11),(11,6):0.166667
(13,11),(11,1):0.000000
(13,11),(19,1):0.000000
(13,11),(19,2):0.000000
(13,11),(22,2):0.000000
(13,11),(22,3):0.000000
(13,13),(17,13):26.799999
(13,13),(17,22):15.857142
(13,13),(15,22):12.000000
(13,13),(15,20):15.400000
(13,13),(14,20):14.750000
(13,13),(14,15):32.333332
(13,13),(12,15):33.333332
(13,13),(12,21):21.333334
(13,13),(9,21):24.333334
(13,13),(9,7):14.666667
(13,13),(8,7):0.000000
(13,13),(8,18):0.000000
(13,13),(6,18):0.000000
(13,13),(6,19):0.000000
(13,13),(1,19):0.000000
(13,13),(1,17):0.000000
(13,13),(2,17):0.000000
(13,13),(2,14):0.000000
(13,13),(3,14):0.000000
(13,13),(3,16):0.000000
(13,13),(4,16):0.000000
(13,13),(4,12):0.000000
(13,13),(5,12):0.000000
(13,13),(5,10):0.000000
(13,13),(7,10):0.000000
(13,13),(7,6):0.000000
(13,13),(11,6):0.378788
(13,13),(11,1):0.000000
(13,13),(19,1):0.000000
(13,13),(19,2):0.000000
(13,13),(22,2):0.000000
(13,13),(22,3):0.000000
(17,13),(17,22):25.357143
(17,13),(15,22):18.000000
(17,13),(15,20):25.400000
(17,13),(14,20):21.000000
(17,13),(14,15):34.599998
(17,13),(12,15):17.799999
(17,13),(12,21):7.800000
(17,13),(9,21):8.800000
(17,13),(9,7):5.118182
(17,13),(8,7):0.000000
(17,13),(8,18):0.000000
(17,13),(6,18):0.000000
(17,13),(6,19):0.000000
(17,13),(1,19):0.000000
(17,13),(1,17):0.000000
(17,13),(2,17):0.000000
(17,13),(2,14):0.000000
(17,13),(3,14):0.000000
(17,13),(3,16):0.000000
(17,13),(4,16):0.000000
(17,13),(4,12):0.000000
(17,13),(5,12):0.000000
(17,13),(5,10):0.000000
(17,13),(7,10):0.000000
(17,13),(7,6):0.000000
(17,13),(11,6):0.000000
(17,13),(11,1):0.000000
(17,13),(19,1):0.000000
(17,13),(19,2):0.000000
(17,13),(22,2):0.000000
(17,13),(22,3):0.000000
(17,22),(15,22):18.000000
(17,22),(15,20):24.900000
(17,22),(14,20):20.500000
(17,22),(14,15):24.957144
(17,22),(12,15):6.857143
(17,22),(12,21):0.000000
(17,22),(9,21):0.000000
(17,22),(9,7):0.000000
(17,22),(8,7):0.000000
(17,22),(8,18):0.000000
(17,22),(6,18):0.000000
(17,22),(6,19):0.000000
(17,22),(1,19):0.000000
(17,22),(1,17):0.000000
(17,22),(2,17):0.000000
(17,22),(2,14):0.000000
(17,22),(3,14):0.000000
(17,22),(3,16):0.000000
(17,22),(4,16):0.000000
(17,22),(4,12):0.000000
(17,22),(5,12):0.000000
(17,22),(5,10):0.000000
(17,22),(7,10):0.000000
(17,22),(7,6):0.000000
(17,22),(11,6):0.000000
(17,22),(11,1):0.000000
(17,22),(19,1):0.000000
(17,22),(19,2):0.000000
(17,22),(22,2):0.000000
(17,22),(22,3):0.000000
(15,22),(15,20):18.000000
(15,22),(14,20):14.000000
(15,22),(14,15):17.600000
(15,22),(12,15):4.000000
(15,22),(12,21):0.000000
(15,22),(9,21):0.000000
(15,22),(9,7):0.000000
(15,22),(8,7):0.000000
(15,22),(8,18):0.000000
(15,22),(6,18):0.000000
(15,22),(6,19):0.000000
(15,22),(1,19):0.000000
(15,22),(1,17):0.000000
(15,22),(2,17):0.000000
(15,22),(2,14):0.000000
(15,22),(3,14):0.000000
(15,22),(3,16):0.000000
(15,22),(4,16):0.000000
(15,22),(4,12):0.000000
(15,22),(5,12):0.000000
(15,22),(5,10):0.000000
(15,22),(7,10):0.000000
(15,22),(7,6):0.000000
(15,22),(11,6):0.000000
(15,22),(11,1):0.000000
(15,22),(19,1):0.000000
(15,22),(19,2):0.000000
(15,22),(22,2):0.000000
(15,22),(22,3):0.000000
(15,20),(14,20):21.000000
(15,20),(14,15):25.000000
(15,20),(12,15):6.400000
(15,20),(12,21):0.000000
(15,20),(9,21):0.000000
(15,20),(9,7):0.000000
(15,20),(8,7):0.000000
(15,20),(8,18):0.000000
(15,20),(6,18):0.000000
(15,20),(6,19):0.000000
(15,20),(1,19):0.000000
(15,20),(1,17):0.000000
(15,20),(2,17):0.000000
(15,20),(2,14):0.000000
(15,20),(3,14):0.000000
(15,20),(3,16):0.000000
(15,20),(4,16):0.000000
(15,20),(4,12):0.000000
(15,20),(5,12):0.000000
(15,20),(5,10):0.000000
(15,20),(7,10):0.000000
(15,20),(7,6):0.000000
(15,20),(11,6):0.000000
(15,20),(11,1):0.000000
(15,20),(19,1):0.000000
(15,20),(19,2):0.000000
(15,20),(22,2):0.000000
(15,20),(22,3):0.000000
(14,20),(14,15):21.000000
(14,20),(12,15):6.000000
(14,20),(12,21):0.000000
(14,20),(9,21):0.000000
(14,20),(9,7):0.000000
(14,20),(8,7):0.000000
(14,20),(8,18):0.000000
(14,20),(6,18):0.000000
(14,20),(6,19):0.000000
(14,20),(1,19):0.000000
(14,20),(1,17):0.000000
(14,20),(2,17):0.000000
(14,20),(2,14):0.000000
(14,20),(3,14):0.000000
(14,20),(3,16):0.000000
(14,20),(4,16):0.000000
(14,20),(4,12):0.000000
(14,20),(5,12):0.000000
(14,20),(5,10):0.000000
(14,20),(7,10):0.000000
(14,20),(7,6):0.000000
(14,20),(11,6):0.000000
(14,20),(11,1):0.000000
(14,20),(19,1):0.000000
(14,20),(19,2):0.000000
(14,20),(22,2):0.000000
(14,20),(22,3):0.000000
(14,15),(12,15):23.500000
(14,15),(12,21):12.500000
(14,15),(9,21):14.500000
(14,15),(9,7):6.500000
(14,15),(8,7):0.000000
(14,15),(8,18):0.000000
(14,15),(6,18):0.000000
(14,15),(6,19):0.000000
(14,15),(1,19):0.000000
(14,15),(1,17):0.000000
(14,15),(2,17):0.000000
(14,15),(2,14):0.000000
(14,15),(3,14):0.000000
(14,15),(3,16):0.000000
(14,15),(4,16):0.000000
(14,15),(4,12):0.000000
(14,15),(5,12):0.000000
(14,15),(5,10):0.000000
(14,15),(7,10):0.000000
(14,15),(7,6):0.000000
(14,15),(11,6):0.500000
(14,15),(11,1):0.000000
(14,15),(19,1):0.000000
(14,15),(19,2):0.000000
(14,15),(22,2):0.000000
(14,15),(22,3):0.000000
(12,15),(12,21):31.000000
(12,15),(9,21):34.000000
(12,15),(9,7):23.000000
(12,15),(8,7):0.000000
(12,15),(8,18):0.000000
(12,15),(6,18):0.000000
(12,15),(6,19):0.000000
(12,15),(1,19):0.000000
(12,15),(1,17):0.000000
(12,15),(2,17):0.000000
(12,15),(2,14):0.000000
(12,15),(3,14):0.000000
(12,15),(3,16):0.000000
(12,15),(4,16):0.000000
(12,15),(4,12):0.000000
(12,15),(5,12):0.000000
(12,15),(5,10):0.000000
(12,15),(7,10):0.000000
(12,15),(7,6):0.000000
(12,15),(11,6):0.900000
(12,15),(11,1):0.000000
(12,15),(19,1):0.136752
(12,15),(19,2):0.108889
(12,15),(22,2):0.000000
(12,15),(22,3):0.000000
(12,21),(9,21):32.500000
(12,21),(9,7):24.607143
(12,21),(8,7):0.207143
(12,21),(8,18):0.000000
(12,21),(6,18):0.000000
(12,21),(6,19):0.000000
(12,21),(1,19):0.000000
(12,21),(1,17):0.000000
(12,21),(2,17):0.000000
(12,21),(2,14):0.000000
(12,21),(3,14):0.000000
(12,21),(3,16):0.000000
(12,21),(4,16):0.000000
(12,21),(4,12):0.000000
(12,21),(5,12):0.000000
(12,21),(5,10):0.000000
(12,21),(7,10):0.000000
(12,21),(7,6):0.218254
(12,21),(11,6):2.357143
(12,21),(11,1):0.000000
(12,21),(19,1):1.145178
(12,21),(19,2):1.144134
(12,21),(22,2):0.526268
(12,21),(22,3):0.000000
(9,21),(9,7):27.375000
(9,21),(8,7):1.208333
(9,21),(8,18):0.000000
(9,21),(6,18):0.000000
(9,21),(6,19):0.000000
(9,21),(1,19):0.000000
(9,21),(1,17):0.000000
(9,21),(2,17):0.000000
(9,21),(2,14):0.000000
(9,21),(3,14):0.000000
(9,21),(3,16):0.000000
(9,21),(4,16):0.000000
(9,21),(4,12):0.000000
(9,21),(5,12):0.000000
(9,21),(5,10):0.000000
(9,21),(7,10):0.000000
(9,21),(7,6):1.535000
(9,21),(11,6):4.875000
(9,21),(11,1):0.000000
(9,21),(19,1):2.754884
(9,21),(19,2):2.910628
(9,21),(22,2):1.959718
(9,21),(22,3):0.000000
(9,7),(8,7):20.500000
(9,7),(8,18):1.000000
(9,7),(6,18):0.653409
(9,7),(6,19):0.000000
(9,7),(1,19):0.000000
(9,7),(1,17):0.000000
(9,7),(2,17):0.000000
(9,7),(2,14):0.000000
(9,7),(3,14):0.000000
(9,7),(3,16):0.000000
(9,7),(4,16):0.000000
(9,7),(4,12):0.000000
(9,7),(5,12):0.000000
(9,7),(5,10):0.000000
(9,7),(7,10):1.166667
(9,7),(7,6):23.000000
(9,7),(11,6):45.833332
(9,7),(11,1):35.770832
(9,7),(19,1):35.146824
(9,7),(19,2):37.472221
(9,7),(22,2):18.958334
(9,7),(22,3):3.833333
(8,7),(8,18):22.666666
(8,7),(6,18):23.500000
(8,7),(6,19):5.909091
(8,7),(1,19):15.259091
(8,7),(1,17):5.242424
(8,7),(2,17):12.109091
(8,7),(2,14):0.150000
(8,7),(3,14):0.000000
(8,7),(3,16):8.409091
(8,7),(4,16):21.409090
(8,7),(4,12):17.742424
(8,7),(5,12):20.909090
(8,7),(5,10):18.909090
(8,7),(7,10):24.575758
(8,7),(7,6):22.000000
(8,7),(11,6):20.829487
(8,7),(11,1):16.660927
(8,7),(19,1):14.816667
(8,7),(19,2):15.412821
(8,7),(22,2):9.030678
(8,7),(22,3):0.512821
(8,18),(6,18):38.200001
(8,18),(6,19):19.200001
(8,18),(1,19):20.391666
(8,18),(1,17):7.000000
(8,18),(2,17):17.200001
(8,18),(2,14):3.200000
(8,18),(3,14):2.366667
(8,18),(3,16):12.700000
(8,18),(4,16):35.250000
(8,18),(4,12):24.000000
(8,18),(5,12):31.000000
(8,18),(5,10):24.000000
(8,18),(7,10):34.500000
(8,18),(7,6):12.000000
(8,18),(11,6):1.166667
(8,18),(11,1):0.000000
(8,18),(19,1):0.000000
(8,18),(19,2):0.000000
(8,18),(22,2):0.000000
(8,18),(22,3):0.000000
(6,18),(6,19):24.333334
(6,18),(1,19):25.412500
(6,18),(1,17):12.000000
(6,18),(2,17):22.333334
(6,18),(2,14):5.583333
(6,18),(3,14):4.000000
(6,18),(3,16):17.833334
(6,18),(4,16):40.250000
(6,18),(4,12):26.000000
(6,18),(5,12):33.625000
(6,18),(5,10):25.000000
(6,18),(7,10):36.778408
(6,18),(7,6):11.090909
(6,18),(11,6):0.721344
(6,18),(11,1):0.000000
(6,18),(19,1):0.000000
(6,18),(19,2):0.000000
(6,18),(22,2):0.000000
(6,18),(22,3):0.000000
(6,19),(1,19):15.833333
(6,19),(1,17):10.000000
(6,19),(2,17):15.500000
(6,19),(2,14):5.750000
(6,19),(3,14):4.166667
(6,19),(3,16):14.000000
(6,19),(4,16):23.250000
(6,19),(4,12):14.000000
(6,19),(5,12):17.125000
(6,19),(5,10):9.000000
(6,19),(7,10):17.687500
(6,19),(7,6):0.000000
(6,19),(11,6):0.000000
(6,19),(11,1):0.000000
(6,19),(19,1):0.000000
(6,19),(19,2):0.000000
(6,19),(22,2):0.000000
(6,19),(22,3):0.000000
(1,19),(1,17):11.600000
(1,19),(2,17):21.600000
(1,19),(2,14):5.250000
(1,19),(3,14):3.666667
(1,19),(3,16):17.100000
(1,19),(4,16):25.100000
(1,19),(4,12):17.600000
(1,19),(5,12):18.725000
(1,19),(5,10):14.100000
(1,19),(7,10):19.787500
(1,19),(7,6):5.200000
(1,19),(11,6):0.000000
(1,19),(11,1):0.000000
(1,19),(19,1):0.000000
(1,19),(19,2):0.000000
(1,19),(22,2):0.000000
(1,19),(22,3):0.000000
(1,17),(2,17):12.000000
(1,17),(2,14):4.000000
(1,17),(3,14):2.666667
(1,17),(3,16):11.500000
(1,17),(4,16):11.750000
(1,17),(4,12):6.000000
(1,17),(5,12):7.000000
(1,17),(5,10):4.000000
(1,17),(7,10):7.937500
(1,17),(7,6):1.000000
(1,17),(11,6):0.000000
(1,17),(11,1):0.000000
(1,17),(19,1):0.000000
(1,17),(19,2):0.000000
(1,17),(22,2):0.000000
(1,17),(22,3):0.000000
(2,17),(2,14):7.250000
(2,17),(3,14):5.666667
(2,17),(3,16):19.500000
(2,17),(4,16):21.750000
(2,17),(4,12):14.000000
(2,17),(5,12):15.125000
(2,17),(5,10):10.750000
(2,17),(7,10):16.187500
(2,17),(7,6):3.750000
(2,17),(11,6):0.000000
(2,17),(11,1):0.000000
(2,17),(19,1):0.000000
(2,17),(19,2):0.000000
(2,17),(22,2):0.000000
(2,17),(22,3):0.000000
(2,14),(3,14):5.000000
(2,14),(3,16):7.250000
(2,14),(4,16):5.250000
(2,14),(4,12):0.250000
(2,14),(5,12):1.041667
(2,14),(5,10):0.000000
(2,14),(7,10):2.000000
(2,14),(7,6):0.000000
(2,14),(11,6):0.000000
(2,14),(11,1):0.000000
(2,14),(19,1):0.000000
(2,14),(19,2):0.000000
(2,14),(22,2):0.000000
(2,14),(22,3):0.000000
(3,14),(3,16):5.666667
(3,14),(4,16):3.666667
(3,14),(4,12):0.000000
(3,14),(5,12):0.000000
(3,14),(5,10):0.000000
(3,14),(7,10):0.250000
(3,14),(7,6):0.000000
(3,14),(11,6):0.000000
(3,14),(11,1):0.000000
(3,14),(19,1):0.000000
(3,14),(19,2):0.000000
(3,14),(22,2):0.000000
(3,14),(22,3):0.000000
(3,16),(4,16):17.500000
(3,16),(4,12):10.000000
(3,16),(5,12):11.125000
(3,16),(5,10):7.000000
(3,16),(7,10):12.187500
(3,16),(7,6):2.000000
(3,16),(11,6):0.000000
(3,16),(11,1):0.000000
(3,16),(19,1):0.000000
(3,16),(19,2):0.000000
(3,16),(22,2):0.000000
(3,16),(22,3):0.000000
(4,16),(4,12):26.000000
(4,16),(5,12):33.125000
(4,16),(5,10):24.500000
(4,16),(7,10):34.187500
(4,16),(7,6):9.000000
(4,16),(11,6):0.000000
(4,16),(11,1):0.000000
(4,16),(19,1):0.000000
(4,16),(19,2):0.000000
(4,16),(22,2):0.000000
(4,16),(22,3):0.000000
(4,12),(5,12):26.000000
(4,12),(5,10):19.000000
(4,12),(7,10):25.437500
(4,12),(7,6):6.000000
(4,12),(11,6):0.000000
(4,12),(11,1):0.000000
(4,12),(19,1):0.000000
(4,12),(19,2):0.000000
(4,12),(22,2):0.000000
(4,12),(22,3):0.000000
(5,12),(5,10):25.000000
(5,12),(7,10):33.062500
(5,12),(7,6):8.500000
(5,12),(11,6):0.000000
(5,12),(11,1):0.000000
(5,12),(19,1):0.000000
(5,12),(19,2):0.000000
(5,12),(22,2):0.000000
(5,12),(22,3):0.000000
(5,10),(7,10):24.937500
(5,10),(7,6):8.000000
(5,10),(11,6):0.000000
(5,10),(11,1):0.000000
(5,10),(19,1):0.000000
(5,10),(19,2):0.000000
(5,10),(22,2):0.000000
(5,10),(22,3):0.000000
(7,10),(7,6):12.166667
(7,10),(11,6):1.333333
(7,10),(11,1):0.000000
(7,10),(19,1):0.000000
(7,10),(19,2):0.000000
(7,10),(22,2):0.000000
(7,10),(22,3):0.000000
(7,6),(11,6):23.166666
(7,6),(11,1):18.000000
(7,6),(19,1):17.563492
(7,6),(19,2):16.750000
(7,6),(22,2):4.500000
(7,6),(22,3):0.000000
(11,6),(11,1):60.001785
(11,6),(19,1):59.170635
(11,6),(19,2):61.703175
(11,6),(22,2):35.174999
(11,6),(22,3):17.350000
(11,1),(19,1):54.119049
(11,1),(19,2):57.354168
(11,1),(22,2):32.187500
(11,1),(22,3):16.937500
(19,1),(19,2):57.888889
(19,1),(22,2):31.000000
(19,1),(22,3):14.500000
(19,2),(22,2):35.750000
(19,2),(22,3):17.500000
(22,2),(22,3):11.000000
