70
(34,7):(22,2)	(22,3)	(22,4)	(23,3)	(23,4)	(24,3)	(24,4)	(25,3)	(25,4)	(26,3)	(26,4)	(26,5)	(27,3)	(27,4)	(27,5)	(28,4)	(28,5)	(29,4)	(29,5)	(30,5)	(30,6)	(30,8)	(31,5)	(31,6)	(31,7)	(32,1)	(32,4)	(32,5)	(32,6)	(32,7)	(33,2)	(33,3)	(33,4)	(33,5)	(33,6)	(33,7)	(34,2)	(34,3)	(34,4)	(34,5)	(34,6)	(34,7)	(34,8)	(35,1)	(35,7)	
(34,8):(22,2)	(24,3)	(25,3)	(26,3)	(26,4)	(27,3)	(27,4)	(28,4)	(28,5)	(29,4)	(29,5)	(30,5)	(30,6)	(30,8)	(31,5)	(31,6)	(31,7)	(32,1)	(32,4)	(32,5)	(32,6)	(32,7)	(33,2)	(33,3)	(33,4)	(33,5)	(33,6)	(33,7)	(34,2)	(34,3)	(34,4)	(34,5)	(34,6)	(34,7)	(34,8)	
(30,8):(30,5)	(30,6)	(30,8)	(31,5)	(31,6)	(31,7)	(32,4)	(32,5)	(32,6)	(32,7)	(33,2)	(33,3)	(33,4)	(33,5)	(33,6)	(33,7)	(34,2)	(34,3)	(34,4)	(34,5)	(34,6)	(34,7)	(34,8)	(35,1)	
(30,6):(13,5)	(14,3)	(14,5)	(14,6)	(15,4)	(15,5)	(15,6)	(16,4)	(16,5)	(16,6)	(17,4)	(17,5)	(17,6)	(18,4)	(18,5)	(19,4)	(19,5)	(20,4)	(20,5)	(21,4)	(21,5)	(22,2)	(22,3)	(22,4)	(22,5)	(23,3)	(23,4)	(23,5)	(24,3)	(24,4)	(24,5)	(25,3)	(25,4)	(25,5)	(26,3)	(26,4)	(26,5)	(27,3)	(27,4)	(27,5)	(28,3)	(28,4)	(28,5)	(29,4)	(29,5)	(30,5)	(30,6)	(30,8)	(31,5)	(31,6)	(31,7)	(32,4)	(32,5)	(32,6)	(32,7)	(33,3)	(33,4)	(33,5)	(33,6)	(33,7)	(34,2)	(34,3)	(34,4)	(34,5)	(34,6)	(34,7)	(34,8)	(35,1)	(35,7)	
(17,6):(12,10)	(13,5)	(13,9)	(14,3)	(14,5)	(14,6)	(14,7)	(14,8)	(14,9)	(15,4)	(15,5)	(15,6)	(15,7)	(15,8)	(15,9)	(16,4)	(16,5)	(16,6)	(16,7)	(16,8)	(16,9)	(17,4)	(17,5)	(17,6)	(17,10)	(18,4)	(18,5)	(19,4)	(19,5)	(20,4)	(20,5)	(21,4)	(21,5)	(22,3)	(22,4)	(22,5)	(23,3)	(23,4)	(23,5)	(24,3)	(24,4)	(24,5)	(25,3)	(25,4)	(25,5)	(26,3)	(26,4)	(26,5)	(27,3)	(27,4)	(27,5)	(28,3)	(28,4)	(28,5)	(29,2)	(29,4)	(29,5)	(30,5)	(30,6)	(31,5)	(31,6)	(32,4)	(32,5)	(32,6)	(33,4)	(33,5)	(33,6)	(34,4)	(34,5)	(34,6)	
(17,10):(4,9)	(5,10)	(6,10)	(7,10)	(8,10)	(9,10)	(10,10)	(11,10)	(12,10)	(13,5)	(13,9)	(14,3)	(14,5)	(14,6)	(14,7)	(14,8)	(14,9)	(15,4)	(15,5)	(15,6)	(15,7)	(15,8)	(15,9)	(16,4)	(16,5)	(16,6)	(16,7)	(16,8)	(16,9)	(17,4)	(17,5)	(17,6)	(17,10)	
(12,10):(4,9)	(5,10)	(5,11)	(5,12)	(6,10)	(6,11)	(6,12)	(7,10)	(7,11)	(7,12)	(8,10)	(8,11)	(9,10)	(9,11)	(10,10)	(10,11)	(10,16)	(10,17)	(10,18)	(11,10)	(11,11)	(11,12)	(11,13)	(11,14)	(11,15)	(11,16)	(11,17)	(12,10)	(12,15)	(12,16)	(12,17)	(13,9)	(14,8)	(14,9)	(15,7)	(15,8)	(15,9)	(16,6)	(16,7)	(16,8)	(16,9)	(17,5)	(17,6)	(17,10)	(18,4)	(18,5)	(19,4)	
(12,15):(8,13)	(9,14)	(9,17)	(10,14)	(10,15)	(10,16)	(10,17)	(10,18)	(11,10)	(11,11)	(11,12)	(11,13)	(11,14)	(11,15)	(11,16)	(11,17)	(12,10)	(12,15)	(12,16)	(12,17)	(13,16)	(13,17)	(14,16)	(14,17)	(15,16)	(15,17)	(16,16)	(16,17)	(17,16)	(17,17)	(18,16)	(18,17)	(19,16)	(19,17)	(20,15)	(20,16)	(20,17)	(21,15)	(21,16)	(21,17)	(22,15)	(22,16)	(22,17)	(23,15)	(23,16)	(23,17)	(24,15)	(24,16)	(24,17)	(24,18)	(25,15)	(25,16)	(25,17)	(25,18)	(26,15)	(26,16)	(26,17)	(26,18)	(27,15)	(27,16)	(27,17)	(27,18)	
(20,15):(9,17)	(10,15)	(10,16)	(10,17)	(10,18)	(11,15)	(11,16)	(11,17)	(12,15)	(12,16)	(12,17)	(13,16)	(13,17)	(14,16)	(14,17)	(15,16)	(15,17)	(16,16)	(16,17)	(17,16)	(17,17)	(18,16)	(18,17)	(19,16)	(19,17)	(20,11)	(20,15)	(20,16)	(20,17)	(21,12)	(21,13)	(21,14)	(21,15)	(21,16)	(21,17)	(22,12)	(22,13)	(22,14)	(22,15)	(22,16)	(22,17)	(23,12)	(23,13)	(23,14)	(23,15)	(23,16)	(23,17)	(24,12)	(24,13)	(24,14)	(24,15)	(24,16)	(24,17)	(24,18)	(25,12)	(25,13)	(25,14)	(25,15)	(25,16)	(25,17)	(25,18)	(26,12)	(26,13)	(26,14)	(26,15)	(26,16)	(26,17)	(26,18)	(26,19)	(27,12)	(27,13)	(27,14)	(27,15)	(27,16)	(27,17)	(27,18)	(27,19)	(27,20)	(28,11)	(28,21)	
(20,11):(20,11)	(20,15)	(20,16)	(20,17)	(21,12)	(21,13)	(21,14)	(21,15)	(21,16)	(21,17)	(22,12)	(22,13)	(22,14)	(22,15)	(22,16)	(22,17)	(23,12)	(23,13)	(23,14)	(23,15)	(23,16)	(23,17)	(24,12)	(24,13)	(24,14)	(24,15)	(24,16)	(24,17)	(24,18)	(25,12)	(25,13)	(25,14)	(25,15)	(25,16)	(25,17)	(25,18)	(25,19)	(26,12)	(26,13)	(26,14)	(26,15)	(26,16)	(26,17)	(26,18)	(26,19)	(26,20)	(26,21)	(27,12)	(27,13)	(27,14)	(27,15)	(27,16)	(27,17)	(27,18)	(27,19)	(27,20)	(27,21)	(28,11)	(28,21)	
(28,11):(16,17)	(17,17)	(18,16)	(18,17)	(19,16)	(19,17)	(20,11)	(20,15)	(20,16)	(20,17)	(21,12)	(21,13)	(21,14)	(21,15)	(21,16)	(21,17)	(22,12)	(22,13)	(22,14)	(22,15)	(22,16)	(22,17)	(23,12)	(23,13)	(23,14)	(23,15)	(23,16)	(23,17)	(23,21)	(24,12)	(24,13)	(24,14)	(24,15)	(24,16)	(24,17)	(24,18)	(24,19)	(24,20)	(24,21)	(25,12)	(25,13)	(25,14)	(25,15)	(25,16)	(25,17)	(25,18)	(25,19)	(25,20)	(25,21)	(26,12)	(26,13)	(26,14)	(26,15)	(26,16)	(26,17)	(26,18)	(26,19)	(26,20)	(26,21)	(27,12)	(27,13)	(27,14)	(27,15)	(27,16)	(27,17)	(27,18)	(27,19)	(27,20)	(27,21)	(28,11)	(28,21)	
(28,21):(16,20)	(17,21)	(17,22)	(18,21)	(18,22)	(19,21)	(19,22)	(20,11)	(20,15)	(20,21)	(21,12)	(21,13)	(21,14)	(21,15)	(21,21)	(22,12)	(22,13)	(22,14)	(22,15)	(22,16)	(22,21)	(23,12)	(23,13)	(23,14)	(23,15)	(23,16)	(23,17)	(23,19)	(23,20)	(23,21)	(24,12)	(24,13)	(24,14)	(24,15)	(24,16)	(24,17)	(24,18)	(24,19)	(24,20)	(24,21)	(25,12)	(25,13)	(25,14)	(25,15)	(25,16)	(25,17)	(25,18)	(25,19)	(25,20)	(25,21)	(26,12)	(26,13)	(26,14)	(26,15)	(26,16)	(26,17)	(26,18)	(26,19)	(26,20)	(26,21)	(27,12)	(27,13)	(27,14)	(27,15)	(27,16)	(27,17)	(27,18)	(27,19)	(27,20)	(27,21)	(28,11)	(28,21)	(33,21)	(33,22)	
(33,21):(17,21)	(17,22)	(18,21)	(18,22)	(19,21)	(19,22)	(20,21)	(21,21)	(22,21)	(23,21)	(24,21)	(25,21)	(26,21)	(27,21)	(28,21)	(33,21)	(33,22)	
(33,22):(16,20)	(17,21)	(17,22)	(18,21)	(18,22)	(19,21)	(19,22)	(20,21)	(21,21)	(22,21)	(23,20)	(23,21)	(24,21)	(25,21)	(26,21)	(27,21)	(28,21)	(33,21)	(33,22)	
(19,22):(15,32)	(16,20)	(16,24)	(16,25)	(16,26)	(16,27)	(16,28)	(16,29)	(16,30)	(16,31)	(17,21)	(17,22)	(17,23)	(17,24)	(17,25)	(17,26)	(17,27)	(17,28)	(17,29)	(17,30)	(17,31)	(18,21)	(18,22)	(18,23)	(18,24)	(18,25)	(18,26)	(18,27)	(18,28)	(18,29)	(18,30)	(19,21)	(19,22)	(19,25)	(19,26)	(19,27)	(19,28)	(19,29)	(20,21)	(21,21)	(22,21)	(23,20)	(23,21)	(24,20)	(24,21)	(25,19)	(25,20)	(25,21)	(26,19)	(26,20)	(26,21)	(27,18)	(27,19)	(27,20)	(27,21)	(28,21)	(33,21)	(33,22)	
(19,25):(15,24)	(15,32)	(16,20)	(16,24)	(16,25)	(16,26)	(16,27)	(16,28)	(16,29)	(16,30)	(16,31)	(17,21)	(17,22)	(17,23)	(17,24)	(17,25)	(17,26)	(17,27)	(17,28)	(17,29)	(17,30)	(17,31)	(18,21)	(18,22)	(18,23)	(18,24)	(18,25)	(18,26)	(18,27)	(18,28)	(18,29)	(18,30)	(19,21)	(19,22)	(19,25)	(19,26)	(19,27)	(19,28)	(19,29)	(20,26)	(20,27)	(20,28)	(20,29)	(21,25)	(21,26)	(21,27)	(21,28)	(21,29)	(22,27)	(22,28)	(22,29)	(23,27)	(23,28)	(23,29)	(24,28)	(24,29)	(25,28)	(25,29)	(26,29)	(26,30)	(27,29)	
(21,25):(15,32)	(16,25)	(16,26)	(16,27)	(16,28)	(16,29)	(16,30)	(16,31)	(17,25)	(17,26)	(17,27)	(17,28)	(17,29)	(17,30)	(17,31)	(18,25)	(18,26)	(18,27)	(18,28)	(18,29)	(18,30)	(19,25)	(19,26)	(19,27)	(19,28)	(19,29)	(20,26)	(20,27)	(20,28)	(20,29)	(21,25)	(21,26)	(21,27)	(21,28)	(21,29)	
(21,26):(15,24)	(15,32)	(16,24)	(16,25)	(16,26)	(16,27)	(16,28)	(16,29)	(16,30)	(16,31)	(17,24)	(17,25)	(17,26)	(17,27)	(17,28)	(17,29)	(17,30)	(17,31)	(18,25)	(18,26)	(18,27)	(18,28)	(18,29)	(18,30)	(19,25)	(19,26)	(19,27)	(19,28)	(19,29)	(20,26)	(20,27)	(20,28)	(20,29)	(21,25)	(21,26)	(21,27)	(21,28)	(21,29)	(22,27)	(22,28)	(22,29)	(23,27)	(23,28)	(23,29)	(24,27)	(24,28)	(24,29)	(25,26)	(25,27)	(25,28)	(25,29)	(26,28)	(26,29)	(26,30)	(27,28)	(27,29)	
(25,26):(16,26)	(16,27)	(16,28)	(16,29)	(16,30)	(16,31)	(17,26)	(17,27)	(17,28)	(17,29)	(17,30)	(18,26)	(18,27)	(18,28)	(18,29)	(18,30)	(19,26)	(19,27)	(19,28)	(19,29)	(20,26)	(20,27)	(20,28)	(20,29)	(21,26)	(21,27)	(21,28)	(21,29)	(22,27)	(22,28)	(22,29)	(23,27)	(23,28)	(23,29)	(24,27)	(24,28)	(24,29)	(25,26)	(25,27)	(25,28)	(25,29)	
(25,27):(16,25)	(16,26)	(16,27)	(16,28)	(16,29)	(16,30)	(17,25)	(17,26)	(17,27)	(17,28)	(17,29)	(17,30)	(18,26)	(18,27)	(18,28)	(18,29)	(18,30)	(19,26)	(19,27)	(19,28)	(19,29)	(20,26)	(20,27)	(20,28)	(20,29)	(21,26)	(21,27)	(21,28)	(21,29)	(22,27)	(22,28)	(22,29)	(23,27)	(23,28)	(23,29)	(24,27)	(24,28)	(24,29)	(25,26)	(25,27)	(25,28)	(25,29)	(26,28)	(26,29)	(26,30)	(27,28)	(27,29)	(31,27)	(31,28)	
(31,27):(16,27)	(16,28)	(16,29)	(16,30)	(17,27)	(17,28)	(17,29)	(17,30)	(18,27)	(18,28)	(18,29)	(18,30)	(19,27)	(19,28)	(19,29)	(20,27)	(20,28)	(20,29)	(21,27)	(21,28)	(21,29)	(22,27)	(22,28)	(22,29)	(23,27)	(23,28)	(23,29)	(24,27)	(24,28)	(25,27)	(25,28)	(26,28)	(27,28)	(31,27)	(31,28)	
(31,28):(16,26)	(16,27)	(16,28)	(17,26)	(17,27)	(17,28)	(18,26)	(18,27)	(18,28)	(19,26)	(19,27)	(19,28)	(20,27)	(20,28)	(21,27)	(21,28)	(22,27)	(22,28)	(23,27)	(23,28)	(24,27)	(24,28)	(25,27)	(25,28)	(26,28)	(27,28)	(31,27)	(31,28)	
(27,28):(15,24)	(16,25)	(16,26)	(16,27)	(16,28)	(16,29)	(16,30)	(17,25)	(17,26)	(17,27)	(17,28)	(17,29)	(17,30)	(18,25)	(18,26)	(18,27)	(18,28)	(18,29)	(18,30)	(19,26)	(19,27)	(19,28)	(19,29)	(20,26)	(20,27)	(20,28)	(20,29)	(21,26)	(21,27)	(21,28)	(21,29)	(22,27)	(22,28)	(22,29)	(23,27)	(23,28)	(23,29)	(24,27)	(24,28)	(24,29)	(25,27)	(25,28)	(25,29)	(26,28)	(26,29)	(27,28)	(27,29)	(31,27)	(31,28)	
(27,29):(15,24)	(16,24)	(16,25)	(16,26)	(16,27)	(16,28)	(16,29)	(17,24)	(17,25)	(17,26)	(17,27)	(17,28)	(17,29)	(18,25)	(18,26)	(18,27)	(18,28)	(18,29)	(19,25)	(19,26)	(19,27)	(19,28)	(19,29)	(20,26)	(20,27)	(20,28)	(20,29)	(21,26)	(21,27)	(21,28)	(21,29)	(22,27)	(22,28)	(22,29)	(23,27)	(23,28)	(23,29)	(24,27)	(24,28)	(24,29)	(25,27)	(25,28)	(25,29)	(26,28)	(26,29)	(27,28)	(27,29)	
(26,29):(15,24)	(16,24)	(16,25)	(16,26)	(16,27)	(16,28)	(16,29)	(16,30)	(17,24)	(17,25)	(17,26)	(17,27)	(17,28)	(17,29)	(17,30)	(18,25)	(18,26)	(18,27)	(18,28)	(18,29)	(18,30)	(19,25)	(19,26)	(19,27)	(19,28)	(19,29)	(20,26)	(20,27)	(20,28)	(20,29)	(21,26)	(21,27)	(21,28)	(21,29)	(22,27)	(22,28)	(22,29)	(23,27)	(23,28)	(23,29)	(24,27)	(24,28)	(24,29)	(25,27)	(25,28)	(25,29)	(26,28)	(26,29)	(26,30)	(27,28)	(27,29)	
(26,30):(15,24)	(16,24)	(16,25)	(16,26)	(16,27)	(16,28)	(16,29)	(16,30)	(17,24)	(17,25)	(17,26)	(17,27)	(17,28)	(17,29)	(17,30)	(18,25)	(18,26)	(18,27)	(18,28)	(18,29)	(18,30)	(19,25)	(19,26)	(19,27)	(19,28)	(19,29)	(20,26)	(20,27)	(20,28)	(20,29)	(21,26)	(21,27)	(21,28)	(21,29)	(22,27)	(22,28)	(22,29)	(23,27)	(23,28)	(23,29)	(24,27)	(24,28)	(24,29)	(25,27)	(25,28)	(25,29)	(26,28)	(26,29)	(26,30)	
(18,30):(15,24)	(15,32)	(16,20)	(16,24)	(16,25)	(16,26)	(16,27)	(16,28)	(16,29)	(16,30)	(16,31)	(17,21)	(17,22)	(17,23)	(17,24)	(17,25)	(17,26)	(17,27)	(17,28)	(17,29)	(17,30)	(17,31)	(18,21)	(18,22)	(18,23)	(18,24)	(18,25)	(18,26)	(18,27)	(18,28)	(18,29)	(18,30)	(18,32)	(19,21)	(19,22)	(19,25)	(19,26)	(19,27)	(19,28)	(19,29)	(20,26)	(20,27)	(20,28)	(20,29)	(21,25)	(21,26)	(21,27)	(21,28)	(21,29)	(22,27)	(22,28)	(22,29)	(23,27)	(23,28)	(23,29)	(24,27)	(24,28)	(24,29)	(25,26)	(25,27)	(25,28)	(25,29)	(26,28)	(26,29)	(26,30)	(27,28)	(31,27)	
(18,32):(15,24)	(15,32)	(16,20)	(16,24)	(16,25)	(16,26)	(16,27)	(16,28)	(16,29)	(16,30)	(16,31)	(17,21)	(17,22)	(17,23)	(17,24)	(17,25)	(17,26)	(17,27)	(17,28)	(17,29)	(17,30)	(17,31)	(18,21)	(18,22)	(18,23)	(18,24)	(18,25)	(18,26)	(18,27)	(18,28)	(18,29)	(18,30)	(18,32)	
(15,32):(15,24)	(15,32)	(16,24)	(16,25)	(16,26)	(16,27)	(16,28)	(16,29)	(16,30)	(16,31)	(17,21)	(17,22)	(17,23)	(17,24)	(17,25)	(17,26)	(17,27)	(17,28)	(17,29)	(17,30)	(17,31)	(18,21)	(18,22)	(18,23)	(18,24)	(18,25)	(18,26)	(18,27)	(18,28)	(18,29)	(18,30)	(18,32)	(19,21)	(19,22)	(19,25)	(19,26)	(19,27)	(19,28)	(19,29)	(20,26)	(20,27)	(20,28)	(21,25)	(21,26)	(21,27)	(21,28)	(22,27)	
(15,24):(15,24)	(15,32)	(16,24)	(16,25)	(16,26)	(16,27)	(16,28)	(16,29)	(16,30)	(16,31)	(17,24)	(17,25)	(17,26)	(17,27)	(17,28)	(17,29)	(17,30)	(17,31)	(18,24)	(18,25)	(18,26)	(18,27)	(18,28)	(18,29)	(18,30)	(18,32)	(19,25)	(19,26)	(19,27)	(19,28)	(19,29)	(20,26)	(20,27)	(20,28)	(20,29)	(21,26)	(21,27)	(21,28)	(21,29)	(22,27)	(22,28)	(22,29)	(23,27)	(23,28)	(23,29)	(24,27)	(24,28)	(24,29)	(25,28)	(25,29)	(26,28)	(26,29)	(26,30)	(27,28)	(27,29)	
(16,24):(15,24)	(15,32)	(16,20)	(16,24)	(16,25)	(16,26)	(16,27)	(16,28)	(16,29)	(16,30)	(16,31)	(17,21)	(17,22)	(17,23)	(17,24)	(17,25)	(17,26)	(17,27)	(17,28)	(17,29)	(17,30)	(17,31)	(18,21)	(18,22)	(18,23)	(18,24)	(18,25)	(18,26)	(18,27)	(18,28)	(18,29)	(18,30)	(18,32)	(19,21)	(19,22)	(19,25)	(19,26)	(19,27)	(19,28)	(19,29)	(20,21)	(20,26)	(20,27)	(20,28)	(20,29)	(21,26)	(21,27)	(21,28)	(21,29)	(22,27)	(22,28)	(22,29)	(23,27)	(23,28)	(23,29)	(24,28)	(24,29)	(25,28)	(25,29)	(26,28)	(26,29)	(26,30)	(27,29)	
(16,20):(16,20)	(16,24)	(16,25)	(16,26)	(16,27)	(16,28)	(16,29)	(16,30)	(16,31)	(17,21)	(17,22)	(17,23)	(17,24)	(17,25)	(17,26)	(17,27)	(17,28)	(17,29)	(17,30)	(17,31)	(18,21)	(18,22)	(18,23)	(18,24)	(18,25)	(18,26)	(18,27)	(18,28)	(18,29)	(18,30)	(18,32)	(19,21)	(19,22)	(19,25)	(19,26)	(19,27)	(19,28)	(19,29)	(20,21)	(20,27)	(20,28)	(20,29)	(21,21)	(21,29)	(22,21)	(23,20)	(23,21)	(24,20)	(24,21)	(25,20)	(25,21)	(26,20)	(26,21)	(27,20)	(27,21)	(28,21)	(33,22)	
(23,20):(16,20)	(17,21)	(17,22)	(17,23)	(18,21)	(18,22)	(19,21)	(19,22)	(20,21)	(21,21)	(22,21)	(23,19)	(23,20)	(23,21)	(24,19)	(24,20)	(24,21)	(25,18)	(25,19)	(25,20)	(25,21)	(26,17)	(26,18)	(26,19)	(26,20)	(26,21)	(27,16)	(27,17)	(27,18)	(27,19)	(27,20)	(27,21)	(28,21)	(33,22)	
(23,19):(23,19)	(23,20)	(23,21)	(24,19)	(24,20)	(24,21)	(25,19)	(25,20)	(25,21)	(26,19)	(26,20)	(26,21)	(27,19)	(27,20)	(27,21)	(28,21)	
(24,19):(22,21)	(23,19)	(23,20)	(23,21)	(24,12)	(24,13)	(24,14)	(24,15)	(24,16)	(24,17)	(24,18)	(24,19)	(24,20)	(24,21)	(25,12)	(25,13)	(25,14)	(25,15)	(25,16)	(25,17)	(25,18)	(25,19)	(25,20)	(25,21)	(26,12)	(26,13)	(26,14)	(26,15)	(26,16)	(26,17)	(26,18)	(26,19)	(26,20)	(26,21)	(27,12)	(27,13)	(27,14)	(27,15)	(27,16)	(27,17)	(27,18)	(27,19)	(27,20)	(27,21)	(28,11)	(28,21)	
(24,18):(10,15)	(10,16)	(10,17)	(10,18)	(11,15)	(11,16)	(11,17)	(12,15)	(12,16)	(12,17)	(13,16)	(13,17)	(14,16)	(14,17)	(15,16)	(15,17)	(16,16)	(16,17)	(17,16)	(17,17)	(18,16)	(18,17)	(19,16)	(19,17)	(20,11)	(20,15)	(20,16)	(20,17)	(21,12)	(21,13)	(21,14)	(21,15)	(21,16)	(21,17)	(22,12)	(22,13)	(22,14)	(22,15)	(22,16)	(22,17)	(23,12)	(23,13)	(23,14)	(23,15)	(23,16)	(23,17)	(24,12)	(24,13)	(24,14)	(24,15)	(24,16)	(24,17)	(24,18)	(24,19)	(24,20)	(24,21)	(25,12)	(25,13)	(25,14)	(25,15)	(25,16)	(25,17)	(25,18)	(25,19)	(25,20)	(25,21)	(26,12)	(26,13)	(26,14)	(26,15)	(26,16)	(26,17)	(26,18)	(26,19)	(26,20)	(26,21)	(27,12)	(27,13)	(27,14)	(27,15)	(27,16)	(27,17)	(27,18)	(27,19)	(27,20)	(27,21)	(28,11)	(28,21)	
(10,18):(10,14)	(10,15)	(10,16)	(10,17)	(10,18)	(11,13)	(11,14)	(11,15)	(11,16)	(11,17)	(12,10)	(12,15)	(12,16)	(12,17)	(13,16)	(13,17)	(14,16)	(14,17)	(15,16)	(15,17)	(16,16)	(16,17)	(17,16)	(17,17)	(18,16)	(18,17)	(19,16)	(19,17)	(20,15)	(20,16)	(20,17)	(21,15)	(21,16)	(21,17)	(22,15)	(22,16)	(22,17)	(23,15)	(23,16)	(23,17)	(24,14)	(24,15)	(24,16)	(24,17)	(24,18)	(25,14)	(25,15)	(25,16)	(25,17)	(25,18)	(26,14)	(26,15)	(26,16)	(26,17)	(26,18)	(27,13)	(27,14)	(27,15)	(27,16)	(27,17)	(27,18)	
(10,17):(9,14)	(9,17)	(10,14)	(10,15)	(10,16)	(10,17)	(10,18)	(11,13)	(11,14)	(11,15)	(11,16)	(11,17)	(12,10)	(12,15)	(12,16)	(12,17)	(13,16)	(13,17)	(14,16)	(14,17)	(15,16)	(15,17)	(16,16)	(16,17)	(17,16)	(17,17)	(18,16)	(18,17)	(19,16)	(19,17)	(20,15)	(20,16)	(20,17)	(21,15)	(21,16)	(21,17)	(22,15)	(22,16)	(22,17)	(23,15)	(23,16)	(23,17)	(24,15)	(24,16)	(24,17)	(24,18)	(25,14)	(25,15)	(25,16)	(25,17)	(25,18)	(26,14)	(26,15)	(26,16)	(26,17)	(26,18)	(27,14)	(27,15)	(27,16)	(27,17)	(27,18)	
(9,17):(9,14)	(9,17)	(10,14)	(10,15)	(10,16)	(10,17)	(11,13)	(11,14)	(11,15)	(11,16)	(11,17)	(12,15)	(12,16)	(12,17)	(13,16)	(13,17)	(14,16)	(14,17)	(15,16)	(15,17)	(16,16)	(16,17)	(17,16)	(17,17)	(18,16)	(18,17)	(19,16)	(19,17)	(20,15)	(20,16)	(20,17)	(21,15)	(21,16)	(21,17)	(22,15)	(22,16)	(22,17)	(23,15)	(23,16)	(23,17)	(24,15)	(24,16)	(24,17)	(25,15)	(25,16)	(25,17)	(26,14)	(26,15)	(26,16)	(26,17)	(27,14)	(27,15)	(27,16)	(27,17)	
(9,14):(8,13)	(8,14)	(9,14)	(9,17)	(10,14)	(10,15)	(10,16)	(10,17)	(11,13)	(11,14)	(11,15)	(11,16)	(11,17)	(12,15)	(12,16)	(12,17)	(13,16)	(13,17)	(14,16)	(14,17)	(15,16)	(15,17)	(16,17)	(17,17)	(18,17)	
(8,14):(8,13)	(8,14)	(9,14)	(10,14)	(11,13)	(11,14)	
(8,13):(8,13)	(8,14)	(9,14)	(10,14)	(10,15)	(11,13)	(11,14)	(11,15)	(11,16)	(12,15)	(12,16)	(12,17)	(13,16)	(13,17)	(14,16)	(14,17)	(15,17)	(16,17)	
(11,13):(8,13)	(8,14)	(9,14)	(9,17)	(10,14)	(10,15)	(10,16)	(10,17)	(10,18)	(11,10)	(11,11)	(11,12)	(11,13)	(11,14)	(11,15)	(11,16)	(11,17)	(12,10)	(12,15)	(12,16)	(12,17)	(13,17)	
(11,12):(4,9)	(5,10)	(5,11)	(5,12)	(6,10)	(6,11)	(6,12)	(7,10)	(7,11)	(7,12)	(8,10)	(8,11)	(9,10)	(9,11)	(10,10)	(10,11)	(11,10)	(11,11)	(11,12)	(11,13)	(11,14)	(11,15)	(11,16)	(11,17)	(12,10)	(12,15)	(12,16)	(12,17)	
(7,12):(4,9)	(5,10)	(5,11)	(5,12)	(5,13)	(5,14)	(5,15)	(5,16)	(6,10)	(6,11)	(6,12)	(6,13)	(6,14)	(6,15)	(6,16)	(6,23)	(7,10)	(7,11)	(7,12)	(7,23)	(8,10)	(8,11)	(9,10)	(9,11)	(10,10)	(10,11)	(11,10)	(11,11)	(11,12)	(12,10)	(13,9)	(14,9)	(15,8)	(16,8)	
(7,23):(6,10)	(6,11)	(6,12)	(6,13)	(6,14)	(6,15)	(6,16)	(6,23)	(7,10)	(7,11)	(7,12)	(7,23)	
(6,23):(6,10)	(6,11)	(6,12)	(6,13)	(6,14)	(6,15)	(6,16)	(6,23)	(7,10)	(7,11)	(7,12)	(7,23)	
(6,16):(4,9)	(5,10)	(5,11)	(5,12)	(5,13)	(5,14)	(5,15)	(5,16)	(6,10)	(6,11)	(6,12)	(6,13)	(6,14)	(6,15)	(6,16)	(6,23)	(7,10)	(7,11)	(7,12)	(7,23)	
(5,16):(4,9)	(4,33)	(5,10)	(5,11)	(5,12)	(5,13)	(5,14)	(5,15)	(5,16)	(5,34)	(6,10)	(6,11)	(6,12)	(6,13)	(6,14)	(6,15)	(6,16)	(7,10)	(7,11)	(7,12)	(8,10)	
(5,34):(2,33)	(2,34)	(3,33)	(4,9)	(4,33)	(5,10)	(5,11)	(5,12)	(5,13)	(5,14)	(5,15)	(5,16)	(5,34)	
(2,34):(1,31)	(1,35)	(2,32)	(2,33)	(2,34)	(2,35)	(3,31)	(3,33)	(4,33)	(5,34)	
(2,35):(1,31)	(1,35)	(2,32)	(2,33)	(2,34)	(2,35)	
(1,35):(1,31)	(1,35)	(2,32)	(2,33)	(2,34)	(2,35)	(3,31)	(3,33)	
(1,31):(1,31)	(1,35)	(2,32)	(2,33)	(2,34)	(2,35)	(3,31)	(3,33)	
(3,31):(1,31)	(1,35)	(2,32)	(2,33)	(2,34)	(3,31)	(3,33)	
(3,33):(1,31)	(1,35)	(2,32)	(2,33)	(2,34)	(3,31)	(3,33)	(4,33)	(5,34)	
(4,33):(2,33)	(2,34)	(3,33)	(4,9)	(4,33)	(5,10)	(5,11)	(5,12)	(5,13)	(5,14)	(5,15)	(5,16)	(5,34)	
(4,9):(4,9)	(4,33)	(5,10)	(5,11)	(5,12)	(5,13)	(5,14)	(5,15)	(5,16)	(5,34)	(6,10)	(6,11)	(6,12)	(6,13)	(6,14)	(6,15)	(6,16)	(7,10)	(7,11)	(7,12)	(8,10)	(8,11)	(9,10)	(9,11)	(10,10)	(10,11)	(11,10)	(11,11)	(11,12)	(12,10)	(13,9)	(14,9)	(15,9)	(16,9)	(17,10)	
(13,9):(4,9)	(5,10)	(5,11)	(5,12)	(5,13)	(6,10)	(6,11)	(6,12)	(7,10)	(7,11)	(7,12)	(8,10)	(8,11)	(9,10)	(9,11)	(10,10)	(10,11)	(11,10)	(11,11)	(12,10)	(13,5)	(13,9)	(14,5)	(14,6)	(14,7)	(14,8)	(14,9)	(15,4)	(15,5)	(15,6)	(15,7)	(15,8)	(15,9)	(16,4)	(16,5)	(16,6)	(16,7)	(16,8)	(16,9)	(17,4)	(17,5)	(17,6)	(17,10)	(18,4)	(18,5)	(19,4)	
(13,5):(13,5)	(13,9)	(14,5)	(14,6)	(14,7)	(14,8)	(14,9)	(15,5)	(15,6)	(15,7)	(15,8)	(15,9)	(16,5)	(16,6)	(16,7)	(16,8)	(16,9)	(17,5)	(17,6)	(17,10)	(18,5)	(19,5)	(20,5)	(21,5)	(22,5)	(23,5)	(24,5)	(25,5)	(26,5)	(27,5)	(28,5)	(29,5)	(30,5)	(30,6)	(31,5)	(31,6)	(32,5)	(32,6)	(33,5)	(33,6)	(34,5)	(34,6)	
(14,5):(13,5)	(13,9)	(14,3)	(14,5)	(14,6)	(14,7)	(14,8)	(14,9)	(15,4)	(15,5)	(15,6)	(15,7)	(15,8)	(15,9)	(16,4)	(16,5)	(16,6)	(16,7)	(16,8)	(16,9)	(17,4)	(17,5)	(17,6)	(17,10)	(18,4)	(18,5)	(19,4)	(19,5)	(20,4)	(20,5)	(21,4)	(21,5)	(22,3)	(22,4)	(22,5)	(23,3)	(23,4)	(23,5)	(24,3)	(24,4)	(24,5)	(25,3)	(25,4)	(25,5)	(26,3)	(26,4)	(26,5)	(27,3)	(27,4)	(27,5)	(28,3)	(28,4)	(28,5)	(29,2)	(29,4)	(29,5)	(30,5)	(30,6)	(31,5)	(31,6)	(32,4)	(32,5)	(32,6)	(33,4)	(33,5)	(33,6)	(34,4)	(34,5)	(34,6)	
(14,3):(14,3)	(14,5)	(14,6)	(14,7)	(14,8)	(14,9)	(15,4)	(15,5)	(15,6)	(15,7)	(15,8)	(15,9)	(16,4)	(16,5)	(16,6)	(16,7)	(16,8)	(16,9)	(17,4)	(17,5)	(17,6)	(17,10)	(18,4)	(18,5)	(19,4)	(19,5)	(20,4)	(20,5)	(21,4)	(21,5)	(22,3)	(22,4)	(22,5)	(23,3)	(23,4)	(23,5)	(24,3)	(24,4)	(24,5)	(25,3)	(25,4)	(25,5)	(26,3)	(26,4)	(26,5)	(27,3)	(27,4)	(27,5)	(28,3)	(28,4)	(28,5)	(29,4)	(29,5)	(30,5)	(30,6)	(31,5)	(31,6)	(32,5)	(32,6)	(33,5)	(33,6)	(34,5)	(34,6)	
(22,3):(14,3)	(14,5)	(14,6)	(14,7)	(15,4)	(15,5)	(15,6)	(15,7)	(16,4)	(16,5)	(16,6)	(17,4)	(17,5)	(17,6)	(18,4)	(18,5)	(19,4)	(19,5)	(20,4)	(20,5)	(21,4)	(21,5)	(22,2)	(22,3)	(22,4)	(22,5)	(23,3)	(23,4)	(23,5)	(24,3)	(24,4)	(24,5)	(25,3)	(25,4)	(25,5)	(26,3)	(26,4)	(26,5)	(27,3)	(27,4)	(27,5)	(28,3)	(28,4)	(28,5)	(29,2)	(29,4)	(29,5)	(30,5)	(30,6)	(31,5)	(31,6)	(32,5)	(32,6)	(33,5)	(33,6)	(33,7)	(34,5)	(34,6)	(34,7)	(35,7)	
(22,2):(22,2)	(22,3)	(22,4)	(22,5)	(23,3)	(23,4)	(23,5)	(24,3)	(24,4)	(24,5)	(25,3)	(25,4)	(25,5)	(26,3)	(26,4)	(26,5)	(27,3)	(27,4)	(27,5)	(28,3)	(28,4)	(28,5)	(29,2)	(29,4)	(29,5)	(30,5)	(30,6)	(31,5)	(31,6)	(32,5)	(32,6)	(32,7)	(33,6)	(33,7)	(34,6)	(34,7)	(34,8)	(35,7)	
(29,2):(14,5)	(14,6)	(14,7)	(15,4)	(15,5)	(15,6)	(16,4)	(16,5)	(16,6)	(17,4)	(17,5)	(17,6)	(18,4)	(18,5)	(19,4)	(19,5)	(20,4)	(20,5)	(21,4)	(21,5)	(22,2)	(22,3)	(22,4)	(22,5)	(23,3)	(23,4)	(23,5)	(24,3)	(24,4)	(24,5)	(25,3)	(25,4)	(25,5)	(26,3)	(26,4)	(26,5)	(27,3)	(27,4)	(27,5)	(28,3)	(28,4)	(28,5)	(29,2)	(29,4)	(29,5)	
(29,4):(14,3)	(14,5)	(14,6)	(15,4)	(15,5)	(15,6)	(16,4)	(16,5)	(16,6)	(17,4)	(17,5)	(17,6)	(18,4)	(18,5)	(19,4)	(19,5)	(20,4)	(20,5)	(21,4)	(21,5)	(22,2)	(22,3)	(22,4)	(22,5)	(23,3)	(23,4)	(23,5)	(24,3)	(24,4)	(24,5)	(25,3)	(25,4)	(25,5)	(26,3)	(26,4)	(26,5)	(27,3)	(27,4)	(27,5)	(28,3)	(28,4)	(28,5)	(29,2)	(29,4)	(29,5)	(30,5)	(30,6)	(31,5)	(31,6)	(31,7)	(32,4)	(32,5)	(32,6)	(32,7)	(33,4)	(33,5)	(33,6)	(33,7)	(34,4)	(34,5)	(34,6)	(34,7)	(34,8)	(35,7)	
(32,4):(14,5)	(14,6)	(15,4)	(15,5)	(15,6)	(16,4)	(16,5)	(16,6)	(17,4)	(17,5)	(17,6)	(18,4)	(18,5)	(19,4)	(19,5)	(20,4)	(20,5)	(21,4)	(21,5)	(22,4)	(22,5)	(23,4)	(23,5)	(24,4)	(24,5)	(25,4)	(25,5)	(26,4)	(26,5)	(27,4)	(27,5)	(28,4)	(28,5)	(29,4)	(29,5)	(30,5)	(30,6)	(30,8)	(31,5)	(31,6)	(31,7)	(32,1)	(32,4)	(32,5)	(32,6)	(32,7)	(33,2)	(33,3)	(33,4)	(33,5)	(33,6)	(33,7)	(34,2)	(34,3)	(34,4)	(34,5)	(34,6)	(34,7)	(34,8)	(35,1)	(35,7)	
(32,1):(32,1)	(32,4)	(32,5)	(32,6)	(32,7)	(33,2)	(33,3)	(33,4)	(33,5)	(33,6)	(33,7)	(34,2)	(34,3)	(34,4)	(34,5)	(34,6)	(34,7)	(34,8)	(35,1)	(35,7)	
(35,1):(30,6)	(30,8)	(31,5)	(31,6)	(31,7)	(32,1)	(32,4)	(32,5)	(32,6)	(32,7)	(33,2)	(33,3)	(33,4)	(33,5)	(33,6)	(33,7)	(34,2)	(34,3)	(34,4)	(34,5)	(34,6)	(34,7)	(35,1)	(35,7)	
(35,7):(20,4)	(21,4)	(22,2)	(22,3)	(22,4)	(23,3)	(23,4)	(24,3)	(24,4)	(25,3)	(25,4)	(25,5)	(26,3)	(26,4)	(26,5)	(27,3)	(27,4)	(27,5)	(28,4)	(28,5)	(29,4)	(29,5)	(30,5)	(30,6)	(31,5)	(31,6)	(31,7)	(32,1)	(32,4)	(32,5)	(32,6)	(32,7)	(33,2)	(33,3)	(33,4)	(33,5)	(33,6)	(33,7)	(34,2)	(34,3)	(34,4)	(34,5)	(34,6)	(34,7)	(35,1)	(35,7)	
(34,7):48.666668
(34,8):33.500000
(30,8):25.625000
(30,6):77.500000
(17,6):82.266670
(17,10):35.000000
(12,10):52.091667
(12,15):70.333336
(20,15):94.000000
(20,11):67.828575
(28,11):83.250000
(28,21):88.500000
(33,21):17.321428
(33,22):26.500000
(19,22):70.666664
(19,25):65.599998
(21,25):34.799999
(21,26):58.750000
(25,26):42.571430
(25,27):55.428570
(31,27):33.038460
(31,28):24.333334
(27,28):54.500000
(27,29):41.750000
(26,29):54.550594
(26,30):52.422619
(18,30):75.409721
(18,32):32.000000
(15,32):51.799999
(15,24):56.500000
(16,24):70.133331
(16,20):63.458332
(23,20):41.750000
(23,19):16.250000
(24,19):50.000000
(24,18):105.755951
(10,18):70.125000
(10,17):71.280952
(9,17):50.818180
(9,14):28.583334
(8,14):4.166667
(8,13):17.000000
(11,13):21.416666
(11,12):31.750000
(7,12):48.000000
(7,23):17.500000
(6,23):14.409091
(6,16):29.125000
(5,16):41.279411
(5,34):29.000000
(2,34):9.250000
(2,35):4.000000
(1,35):6.500000
(1,31):7.500000
(3,31):6.833333
(3,33):8.500000
(4,33):29.691177
(4,9):60.964287
(13,9):56.750000
(13,5):38.735294
(14,5):80.156250
(14,3):70.143753
(22,3):71.103569
(22,2):39.857143
(29,2):50.995239
(29,4):74.300003
(32,4):62.038887
(32,1):20.000000
(35,1):25.916666
(35,7):48.500000
(34,7),(34,8):32.666668
(34,7),(30,8):25.625000
(34,7),(30,6):44.166668
(34,7),(17,6):30.433332
(34,7),(17,10):0.000000
(34,7),(12,10):0.620238
(34,7),(12,15):0.000000
(34,7),(20,15):0.000000
(34,7),(20,11):0.000000
(34,7),(28,11):0.000000
(34,7),(28,21):0.000000
(34,7),(33,21):0.000000
(34,7),(33,22):0.000000
(34,7),(19,22):0.000000
(34,7),(19,25):0.000000
(34,7),(21,25):0.000000
(34,7),(21,26):0.000000
(34,7),(25,26):0.000000
(34,7),(25,27):0.000000
(34,7),(31,27):0.000000
(34,7),(31,28):0.000000
(34,7),(27,28):0.000000
(34,7),(27,29):0.000000
(34,7),(26,29):0.000000
(34,7),(26,30):0.000000
(34,7),(18,30):0.000000
(34,7),(18,32):0.000000
(34,7),(15,32):0.000000
(34,7),(15,24):0.000000
(34,7),(16,24):0.000000
(34,7),(16,20):0.000000
(34,7),(23,20):0.000000
(34,7),(23,19):0.000000
(34,7),(24,19):0.000000
(34,7),(24,18):0.000000
(34,7),(10,18):0.000000
(34,7),(10,17):0.000000
(34,7),(9,17):0.000000
(34,7),(9,14):0.000000
(34,7),(8,14):0.000000
(34,7),(8,13):0.000000
(34,7),(11,13):0.000000
(34,7),(11,12):0.000000
(34,7),(7,12):0.000000
(34,7),(7,23):0.000000
(34,7),(6,23):0.000000
(34,7),(6,16):0.000000
(34,7),(5,16):0.000000
(34,7),(5,34):0.000000
(34,7),(2,34):0.000000
(34,7),(2,35):0.000000
(34,7),(1,35):0.000000
(34,7),(1,31):0.000000
(34,7),(3,31):0.000000
(34,7),(3,33):0.000000
(34,7),(4,33):0.000000
(34,7),(4,9):0.000000
(34,7),(13,9):0.843750
(34,7),(13,5):7.735294
(34,7),(14,5):29.707720
(34,7),(14,3):27.310417
(34,7),(22,3):32.095238
(34,7),(22,2):28.523809
(34,7),(29,2):18.064394
(34,7),(29,4):38.666668
(34,7),(32,4):36.000000
(34,7),(32,1):20.000000
(34,7),(35,1):25.916666
(34,7),(35,7):44.000000
(34,8),(30,8):19.750000
(34,8),(30,6):29.500000
(34,8),(17,6):19.387878
(34,8),(17,10):0.000000
(34,8),(12,10):0.000000
(34,8),(12,15):0.000000
(34,8),(20,15):0.000000
(34,8),(20,11):0.000000
(34,8),(28,11):0.000000
(34,8),(28,21):0.000000
(34,8),(33,21):0.000000
(34,8),(33,22):0.000000
(34,8),(19,22):0.000000
(34,8),(19,25):0.000000
(34,8),(21,25):0.000000
(34,8),(21,26):0.000000
(34,8),(25,26):0.000000
(34,8),(25,27):0.000000
(34,8),(31,27):0.000000
(34,8),(31,28):0.000000
(34,8),(27,28):0.000000
(34,8),(27,29):0.000000
(34,8),(26,29):0.000000
(34,8),(26,30):0.000000
(34,8),(18,30):0.000000
(34,8),(18,32):0.000000
(34,8),(15,32):0.000000
(34,8),(15,24):0.000000
(34,8),(16,24):0.000000
(34,8),(16,20):0.000000
(34,8),(23,20):0.000000
(34,8),(23,19):0.000000
(34,8),(24,19):0.000000
(34,8),(24,18):0.000000
(34,8),(10,18):0.000000
(34,8),(10,17):0.000000
(34,8),(9,17):0.000000
(34,8),(9,14):0.000000
(34,8),(8,14):0.000000
(34,8),(8,13):0.000000
(34,8),(11,13):0.000000
(34,8),(11,12):0.000000
(34,8),(7,12):0.000000
(34,8),(7,23):0.000000
(34,8),(6,23):0.000000
(34,8),(6,16):0.000000
(34,8),(5,16):0.000000
(34,8),(5,34):0.000000
(34,8),(2,34):0.000000
(34,8),(2,35):0.000000
(34,8),(1,35):0.000000
(34,8),(1,31):0.000000
(34,8),(3,31):0.000000
(34,8),(3,33):0.000000
(34,8),(4,33):0.000000
(34,8),(4,9):0.000000
(34,8),(13,9):0.000000
(34,8),(13,5):5.470588
(34,8),(14,5):18.777779
(34,8),(14,3):16.041666
(34,8),(22,3):20.714285
(34,8),(22,2):19.928572
(34,8),(29,2):9.750000
(34,8),(29,4):26.500000
(34,8),(32,4):26.000000
(34,8),(32,1):14.000000
(34,8),(35,1):19.916666
(34,8),(35,7):28.000000
(30,8),(30,6):23.375000
(30,8),(17,6):10.600000
(30,8),(17,10):0.000000
(30,8),(12,10):0.000000
(30,8),(12,15):0.000000
(30,8),(20,15):0.000000
(30,8),(20,11):0.000000
(30,8),(28,11):0.000000
(30,8),(28,21):0.000000
(30,8),(33,21):0.000000
(30,8),(33,22):0.000000
(30,8),(19,22):0.000000
(30,8),(19,25):0.000000
(30,8),(21,25):0.000000
(30,8),(21,26):0.000000
(30,8),(25,26):0.000000
(30,8),(25,27):0.000000
(30,8),(31,27):0.000000
(30,8),(31,28):0.000000
(30,8),(27,28):0.000000
(30,8),(27,29):0.000000
(30,8),(26,29):0.000000
(30,8),(26,30):0.000000
(30,8),(18,30):0.000000
(30,8),(18,32):0.000000
(30,8),(15,32):0.000000
(30,8),(15,24):0.000000
(30,8),(16,24):0.000000
(30,8),(16,20):0.000000
(30,8),(23,20):0.000000
(30,8),(23,19):0.000000
(30,8),(24,19):0.000000
(30,8),(24,18):0.000000
(30,8),(10,18):0.000000
(30,8),(10,17):0.000000
(30,8),(9,17):0.000000
(30,8),(9,14):0.000000
(30,8),(8,14):0.000000
(30,8),(8,13):0.000000
(30,8),(11,13):0.000000
(30,8),(11,12):0.000000
(30,8),(7,12):0.000000
(30,8),(7,23):0.000000
(30,8),(6,23):0.000000
(30,8),(6,16):0.000000
(30,8),(5,16):0.000000
(30,8),(5,34):0.000000
(30,8),(2,34):0.000000
(30,8),(2,35):0.000000
(30,8),(1,35):0.000000
(30,8),(1,31):0.000000
(30,8),(3,31):0.000000
(30,8),(3,33):0.000000
(30,8),(4,33):0.000000
(30,8),(4,9):0.000000
(30,8),(13,9):0.000000
(30,8),(13,5):5.735294
(30,8),(14,5):11.031250
(30,8),(14,3):11.136905
(30,8),(22,3):11.375000
(30,8),(22,2):9.875000
(30,8),(29,2):0.000000
(30,8),(29,4):17.875000
(30,8),(32,4):25.625000
(30,8),(32,1):17.625000
(30,8),(35,1):23.541666
(30,8),(35,7):21.625000
(30,6),(17,6):63.766666
(30,6),(17,10):10.000000
(30,6),(12,10):4.125000
(30,6),(12,15):0.000000
(30,6),(20,15):0.000000
(30,6),(20,11):0.000000
(30,6),(28,11):0.000000
(30,6),(28,21):0.000000
(30,6),(33,21):0.000000
(30,6),(33,22):0.000000
(30,6),(19,22):0.000000
(30,6),(19,25):0.000000
(30,6),(21,25):0.000000
(30,6),(21,26):0.000000
(30,6),(25,26):0.000000
(30,6),(25,27):0.000000
(30,6),(31,27):0.000000
(30,6),(31,28):0.000000
(30,6),(27,28):0.000000
(30,6),(27,29):0.000000
(30,6),(26,29):0.000000
(30,6),(26,30):0.000000
(30,6),(18,30):0.000000
(30,6),(18,32):0.000000
(30,6),(15,32):0.000000
(30,6),(15,24):0.000000
(30,6),(16,24):0.000000
(30,6),(16,20):0.000000
(30,6),(23,20):0.000000
(30,6),(23,19):0.000000
(30,6),(24,19):0.000000
(30,6),(24,18):0.000000
(30,6),(10,18):0.000000
(30,6),(10,17):0.000000
(30,6),(9,17):0.000000
(30,6),(9,14):0.000000
(30,6),(8,14):0.000000
(30,6),(8,13):0.000000
(30,6),(11,13):0.000000
(30,6),(11,12):0.000000
(30,6),(7,12):0.000000
(30,6),(7,23):0.000000
(30,6),(6,23):0.000000
(30,6),(6,16):0.000000
(30,6),(5,16):0.000000
(30,6),(5,34):0.000000
(30,6),(2,34):0.000000
(30,6),(2,35):0.000000
(30,6),(1,35):0.000000
(30,6),(1,31):0.000000
(30,6),(3,31):0.000000
(30,6),(3,33):0.000000
(30,6),(4,33):0.000000
(30,6),(4,9):0.000000
(30,6),(13,9):15.500000
(30,6),(13,5):22.735294
(30,6),(14,5):63.031250
(30,6),(14,3):57.893749
(30,6),(22,3):65.303574
(30,6),(22,2):38.857143
(30,6),(29,2):47.328571
(30,6),(29,4):71.966667
(30,6),(32,4):56.472221
(30,6),(32,1):15.500000
(30,6),(35,1):21.416666
(30,6),(35,7):44.000000
(17,6),(17,10):26.666666
(17,6),(12,10):17.125000
(17,6),(12,15):0.385526
(17,6),(20,15):0.000000
(17,6),(20,11):0.000000
(17,6),(28,11):0.000000
(17,6),(28,21):0.000000
(17,6),(33,21):0.000000
(17,6),(33,22):0.000000
(17,6),(19,22):0.000000
(17,6),(19,25):0.000000
(17,6),(21,25):0.000000
(17,6),(21,26):0.000000
(17,6),(25,26):0.000000
(17,6),(25,27):0.000000
(17,6),(31,27):0.000000
(17,6),(31,28):0.000000
(17,6),(27,28):0.000000
(17,6),(27,29):0.000000
(17,6),(26,29):0.000000
(17,6),(26,30):0.000000
(17,6),(18,30):0.000000
(17,6),(18,32):0.000000
(17,6),(15,32):0.000000
(17,6),(15,24):0.000000
(17,6),(16,24):0.000000
(17,6),(16,20):0.000000
(17,6),(23,20):0.000000
(17,6),(23,19):0.000000
(17,6),(24,19):0.000000
(17,6),(24,18):0.000000
(17,6),(10,18):0.125512
(17,6),(10,17):0.081075
(17,6),(9,17):0.000000
(17,6),(9,14):0.000000
(17,6),(8,14):0.000000
(17,6),(8,13):0.000000
(17,6),(11,13):0.288889
(17,6),(11,12):0.900000
(17,6),(7,12):4.500000
(17,6),(7,23):0.000000
(17,6),(6,23):0.000000
(17,6),(6,16):0.000000
(17,6),(5,16):0.000000
(17,6),(5,34):0.000000
(17,6),(2,34):0.000000
(17,6),(2,35):0.000000
(17,6),(1,35):0.000000
(17,6),(1,31):0.000000
(17,6),(3,31):0.000000
(17,6),(3,33):0.000000
(17,6),(4,33):0.000000
(17,6),(4,9):5.500000
(17,6),(13,9):33.000000
(17,6),(13,5):38.000000
(17,6),(14,5):79.375000
(17,6),(14,3):67.800003
(17,6),(22,3):66.270241
(17,6),(22,2):34.023811
(17,6),(29,2):50.161903
(17,6),(29,4):65.466667
(17,6),(32,4):44.638889
(17,6),(32,1):6.600000
(17,6),(35,1):8.600000
(17,6),(35,7):34.266666
(17,10),(12,10):21.000000
(17,10),(12,15):1.833333
(17,10),(20,15):0.000000
(17,10),(20,11):0.000000
(17,10),(28,11):0.000000
(17,10),(28,21):0.000000
(17,10),(33,21):0.000000
(17,10),(33,22):0.000000
(17,10),(19,22):0.000000
(17,10),(19,25):0.000000
(17,10),(21,25):0.000000
(17,10),(21,26):0.000000
(17,10),(25,26):0.000000
(17,10),(25,27):0.000000
(17,10),(31,27):0.000000
(17,10),(31,28):0.000000
(17,10),(27,28):0.000000
(17,10),(27,29):0.000000
(17,10),(26,29):0.000000
(17,10),(26,30):0.000000
(17,10),(18,30):0.000000
(17,10),(18,32):0.000000
(17,10),(15,32):0.000000
(17,10),(15,24):0.000000
(17,10),(16,24):0.000000
(17,10),(16,20):0.000000
(17,10),(23,20):0.000000
(17,10),(23,19):0.000000
(17,10),(24,19):0.000000
(17,10),(24,18):0.000000
(17,10),(10,18):0.425000
(17,10),(10,17):0.267857
(17,10),(9,17):0.000000
(17,10),(9,14):0.000000
(17,10),(8,14):0.000000
(17,10),(8,13):0.000000
(17,10),(11,13):1.166667
(17,10),(11,12):8.250000
(17,10),(7,12):12.000000
(17,10),(7,23):1.928571
(17,10),(6,23):1.227273
(17,10),(6,16):3.625000
(17,10),(5,16):4.250000
(17,10),(5,34):1.000000
(17,10),(2,34):0.000000
(17,10),(2,35):0.000000
(17,10),(1,35):0.000000
(17,10),(1,31):0.000000
(17,10),(3,31):0.000000
(17,10),(3,33):0.000000
(17,10),(4,33):1.382353
(17,10),(4,9):13.000000
(17,10),(13,9):34.500000
(17,10),(13,5):20.000000
(17,10),(14,5):26.125000
(17,10),(14,3):21.000000
(17,10),(22,3):14.675000
(17,10),(22,2):0.000000
(17,10),(29,2):9.780952
(17,10),(29,4):11.300000
(17,10),(32,4):8.038889
(17,10),(32,1):0.000000
(17,10),(35,1):0.000000
(17,10),(35,7):0.400000
(12,10),(12,15):14.166667
(12,10),(20,15):6.000000
(12,10),(20,11):0.000000
(12,10),(28,11):0.000000
(12,10),(28,21):0.000000
(12,10),(33,21):0.000000
(12,10),(33,22):0.000000
(12,10),(19,22):0.000000
(12,10),(19,25):0.000000
(12,10),(21,25):0.000000
(12,10),(21,26):0.000000
(12,10),(25,26):0.000000
(12,10),(25,27):0.000000
(12,10),(31,27):0.000000
(12,10),(31,28):0.000000
(12,10),(27,28):0.000000
(12,10),(27,29):0.000000
(12,10),(26,29):0.000000
(12,10),(26,30):0.000000
(12,10),(18,30):0.000000
(12,10),(18,32):0.000000
(12,10),(15,32):0.000000
(12,10),(15,24):0.000000
(12,10),(16,24):0.000000
(12,10),(16,20):0.000000
(12,10),(23,20):0.000000
(12,10),(23,19):0.000000
(12,10),(24,19):0.000000
(12,10),(24,18):6.316637
(12,10),(10,18):11.025000
(12,10),(10,17):10.809524
(12,10),(9,17):7.666667
(12,10),(9,14):8.750000
(12,10),(8,14):1.333333
(12,10),(8,13):4.625000
(12,10),(11,13):12.833333
(12,10),(11,12):30.250000
(12,10),(7,12):29.799999
(12,10),(7,23):5.824324
(12,10),(6,23):3.609091
(12,10),(6,16):11.925000
(12,10),(5,16):13.050000
(12,10),(5,34):4.000000
(12,10),(2,34):0.000000
(12,10),(2,35):0.000000
(12,10),(1,35):0.000000
(12,10),(1,31):0.000000
(12,10),(3,31):0.000000
(12,10),(3,33):0.000000
(12,10),(4,33):5.132743
(12,10),(4,9):31.014286
(12,10),(13,9):40.424999
(12,10),(13,5):12.625000
(12,10),(14,5):15.750000
(12,10),(14,3):14.125000
(12,10),(22,3):4.875000
(12,10),(22,2):0.000000
(12,10),(29,2):3.760870
(12,10),(29,4):4.225000
(12,10),(32,4):2.576923
(12,10),(32,1):0.000000
(12,10),(35,1):0.000000
(12,10),(35,7):1.311667
(12,15),(20,15):58.000000
(12,15),(20,11):26.000000
(12,15),(28,11):35.000000
(12,15),(28,21):20.000000
(12,15),(33,21):0.000000
(12,15),(33,22):0.000000
(12,15),(19,22):1.500000
(12,15),(19,25):0.000000
(12,15),(21,25):0.000000
(12,15),(21,26):0.000000
(12,15),(25,26):0.000000
(12,15),(25,27):0.000000
(12,15),(31,27):0.000000
(12,15),(31,28):0.000000
(12,15),(27,28):0.000000
(12,15),(27,29):0.000000
(12,15),(26,29):0.000000
(12,15),(26,30):0.000000
(12,15),(18,30):0.000000
(12,15),(18,32):0.000000
(12,15),(15,32):0.000000
(12,15),(15,24):0.000000
(12,15),(16,24):0.000000
(12,15),(16,20):0.000000
(12,15),(23,20):6.400000
(12,15),(23,19):0.000000
(12,15),(24,19):14.000000
(12,15),(24,18):59.089287
(12,15),(10,18):60.400002
(12,15),(10,17):64.738098
(12,15),(9,17):45.000000
(12,15),(9,14):28.416666
(12,15),(8,14):4.000000
(12,15),(8,13):16.833334
(12,15),(11,13):21.083334
(12,15),(11,12):12.000000
(12,15),(7,12):4.500000
(12,15),(7,23):0.000000
(12,15),(6,23):0.000000
(12,15),(6,16):0.000000
(12,15),(5,16):0.000000
(12,15),(5,34):0.000000
(12,15),(2,34):0.000000
(12,15),(2,35):0.000000
(12,15),(1,35):0.000000
(12,15),(1,31):0.000000
(12,15),(3,31):0.000000
(12,15),(3,33):0.000000
(12,15),(4,33):0.000000
(12,15),(4,9):4.714286
(12,15),(13,9):2.875000
(12,15),(13,5):0.000000
(12,15),(14,5):0.000000
(12,15),(14,3):0.000000
(12,15),(22,3):0.000000
(12,15),(22,2):0.000000
(12,15),(29,2):0.000000
(12,15),(29,4):0.000000
(12,15),(32,4):0.000000
(12,15),(32,1):0.000000
(12,15),(35,1):0.000000
(12,15),(35,7):0.000000
(20,15),(20,11):62.000000
(20,15),(28,11):71.000000
(20,15),(28,21):56.000000
(20,15),(33,21):0.000000
(20,15),(33,22):0.000000
(20,15),(19,22):4.900000
(20,15),(19,25):0.000000
(20,15),(21,25):0.000000
(20,15),(21,26):0.000000
(20,15),(25,26):0.000000
(20,15),(25,27):0.000000
(20,15),(31,27):0.000000
(20,15),(31,28):0.000000
(20,15),(27,28):0.000000
(20,15),(27,29):0.000000
(20,15),(26,29):0.000000
(20,15),(26,30):0.000000
(20,15),(18,30):0.000000
(20,15),(18,32):0.000000
(20,15),(15,32):0.000000
(20,15),(15,24):0.000000
(20,15),(16,24):0.000000
(20,15),(16,20):0.666667
(20,15),(23,20):10.285714
(20,15),(23,19):2.666667
(20,15),(24,19):34.000000
(20,15),(24,18):93.964287
(20,15),(10,18):63.599998
(20,15),(10,17):62.971428
(20,15),(9,17):43.818180
(20,15),(9,14):21.333334
(20,15),(8,14):0.000000
(20,15),(8,13):10.500000
(20,15),(11,13):10.250000
(20,15),(11,12):4.500000
(20,15),(7,12):0.000000
(20,15),(7,23):0.000000
(20,15),(6,23):0.000000
(20,15),(6,16):0.000000
(20,15),(5,16):0.000000
(20,15),(5,34):0.000000
(20,15),(2,34):0.000000
(20,15),(2,35):0.000000
(20,15),(1,35):0.000000
(20,15),(1,31):0.000000
(20,15),(3,31):0.000000
(20,15),(3,33):0.000000
(20,15),(4,33):0.000000
(20,15),(4,9):0.000000
(20,15),(13,9):0.000000
(20,15),(13,5):0.000000
(20,15),(14,5):0.000000
(20,15),(14,3):0.000000
(20,15),(22,3):0.000000
(20,15),(22,2):0.000000
(20,15),(29,2):0.000000
(20,15),(29,4):0.000000
(20,15),(32,4):0.000000
(20,15),(32,1):0.000000
(20,15),(35,1):0.000000
(20,15),(35,7):0.000000
(20,11),(28,11):67.428574
(20,11),(28,21):61.828571
(20,11),(33,21):2.400000
(20,11),(33,22):2.989862
(20,11),(19,22):10.328571
(20,11),(19,25):0.000000
(20,11),(21,25):0.000000
(20,11),(21,26):0.000000
(20,11),(25,26):0.000000
(20,11),(25,27):0.000000
(20,11),(31,27):0.000000
(20,11),(31,28):0.000000
(20,11),(27,28):0.000000
(20,11),(27,29):0.000000
(20,11),(26,29):0.000000
(20,11),(26,30):0.000000
(20,11),(18,30):0.000000
(20,11),(18,32):0.000000
(20,11),(15,32):0.000000
(20,11),(15,24):0.000000
(20,11),(16,24):0.000000
(20,11),(16,20):4.971428
(20,11),(23,20):16.010389
(20,11),(23,19):8.114285
(20,11),(24,19):39.828571
(20,11),(24,18):67.828575
(20,11),(10,18):33.599998
(20,11),(10,17):30.971428
(20,11),(9,17):21.818182
(20,11),(9,14):0.166667
(20,11),(8,14):0.000000
(20,11),(8,13):0.000000
(20,11),(11,13):0.000000
(20,11),(11,12):0.000000
(20,11),(7,12):0.000000
(20,11),(7,23):0.000000
(20,11),(6,23):0.000000
(20,11),(6,16):0.000000
(20,11),(5,16):0.000000
(20,11),(5,34):0.000000
(20,11),(2,34):0.000000
(20,11),(2,35):0.000000
(20,11),(1,35):0.000000
(20,11),(1,31):0.000000
(20,11),(3,31):0.000000
(20,11),(3,33):0.000000
(20,11),(4,33):0.000000
(20,11),(4,9):0.000000
(20,11),(13,9):0.000000
(20,11),(13,5):0.000000
(20,11),(14,5):0.000000
(20,11),(14,3):0.000000
(20,11),(22,3):0.000000
(20,11),(22,2):0.000000
(20,11),(29,2):0.000000
(20,11),(29,4):0.000000
(20,11),(32,4):0.000000
(20,11),(32,1):0.000000
(20,11),(35,1):0.000000
(20,11),(35,7):0.000000
(28,11),(28,21):68.250000
(28,11),(33,21):5.250000
(28,11),(33,22):7.522727
(28,11),(19,22):16.166666
(28,11),(19,25):0.000000
(28,11),(21,25):0.000000
(28,11),(21,26):0.000000
(28,11),(25,26):0.000000
(28,11),(25,27):0.000000
(28,11),(31,27):0.000000
(28,11),(31,28):0.000000
(28,11),(27,28):0.000000
(28,11),(27,29):0.000000
(28,11),(26,29):0.000000
(28,11),(26,30):0.000000
(28,11),(18,30):0.000000
(28,11),(18,32):0.000000
(28,11),(15,32):0.000000
(28,11),(15,24):0.000000
(28,11),(16,24):0.000000
(28,11),(16,20):10.000000
(28,11),(23,20):22.250000
(28,11),(23,19):14.000000
(28,11),(24,19):46.250000
(28,11),(24,18):81.000000
(28,11),(10,18):42.599998
(28,11),(10,17):39.971428
(28,11),(9,17):25.818182
(28,11),(9,14):4.900000
(28,11),(8,14):0.000000
(28,11),(8,13):2.000000
(28,11),(11,13):0.000000
(28,11),(11,12):0.000000
(28,11),(7,12):0.000000
(28,11),(7,23):0.000000
(28,11),(6,23):0.000000
(28,11),(6,16):0.000000
(28,11),(5,16):0.000000
(28,11),(5,34):0.000000
(28,11),(2,34):0.000000
(28,11),(2,35):0.000000
(28,11),(1,35):0.000000
(28,11),(1,31):0.000000
(28,11),(3,31):0.000000
(28,11),(3,33):0.000000
(28,11),(4,33):0.000000
(28,11),(4,9):0.000000
(28,11),(13,9):0.000000
(28,11),(13,5):0.000000
(28,11),(14,5):0.000000
(28,11),(14,3):0.000000
(28,11),(22,3):0.000000
(28,11),(22,2):0.000000
(28,11),(29,2):0.000000
(28,11),(29,4):0.000000
(28,11),(32,4):0.000000
(28,11),(32,1):0.000000
(28,11),(35,1):0.000000
(28,11),(35,7):0.000000
(28,21),(33,21):17.321428
(28,21),(33,22):26.500000
(28,21),(19,22):35.750000
(28,21),(19,25):6.500000
(28,21),(21,25):0.000000
(28,21),(21,26):0.000000
(28,21),(25,26):0.000000
(28,21),(25,27):0.000000
(28,21),(31,27):0.000000
(28,21),(31,28):0.000000
(28,21),(27,28):0.000000
(28,21),(27,29):0.000000
(28,21),(26,29):0.000000
(28,21),(26,30):0.000000
(28,21),(18,30):6.750000
(28,21),(18,32):4.444445
(28,21),(15,32):6.476057
(28,21),(15,24):0.000000
(28,21),(16,24):9.500000
(28,21),(16,20):28.458334
(28,21),(23,20):40.000000
(28,21),(23,19):16.250000
(28,21),(24,19):50.000000
(28,21),(24,18):66.666664
(28,21),(10,18):27.600000
(28,21),(10,17):24.971428
(28,21),(9,17):19.151516
(28,21),(9,14):0.000000
(28,21),(8,14):0.000000
(28,21),(8,13):0.000000
(28,21),(11,13):0.000000
(28,21),(11,12):0.000000
(28,21),(7,12):0.000000
(28,21),(7,23):0.000000
(28,21),(6,23):0.000000
(28,21),(6,16):0.000000
(28,21),(5,16):0.000000
(28,21),(5,34):0.000000
(28,21),(2,34):0.000000
(28,21),(2,35):0.000000
(28,21),(1,35):0.000000
(28,21),(1,31):0.000000
(28,21),(3,31):0.000000
(28,21),(3,33):0.000000
(28,21),(4,33):0.000000
(28,21),(4,9):0.000000
(28,21),(13,9):0.000000
(28,21),(13,5):0.000000
(28,21),(14,5):0.000000
(28,21),(14,3):0.000000
(28,21),(22,3):0.000000
(28,21),(22,2):0.000000
(28,21),(29,2):0.000000
(28,21),(29,4):0.000000
(28,21),(32,4):0.000000
(28,21),(32,1):0.000000
(28,21),(35,1):0.000000
(28,21),(35,7):0.000000
(33,21),(33,22):17.000000
(33,21),(19,22):17.321428
(33,21),(19,25):3.321429
(33,21),(21,25):0.000000
(33,21),(21,26):0.000000
(33,21),(25,26):0.000000
(33,21),(25,27):0.000000
(33,21),(31,27):0.000000
(33,21),(31,28):0.000000
(33,21),(27,28):0.000000
(33,21),(27,29):0.000000
(33,21),(26,29):0.000000
(33,21),(26,30):0.000000
(33,21),(18,30):3.383929
(33,21),(18,32):2.285714
(33,21),(15,32):3.160022
(33,21),(15,24):0.000000
(33,21),(16,24):4.071429
(33,21),(16,20):16.279762
(33,21),(23,20):14.821428
(33,21),(23,19):6.250000
(33,21),(24,19):7.500000
(33,21),(24,18):4.666667
(33,21),(10,18):0.000000
(33,21),(10,17):0.000000
(33,21),(9,17):0.000000
(33,21),(9,14):0.000000
(33,21),(8,14):0.000000
(33,21),(8,13):0.000000
(33,21),(11,13):0.000000
(33,21),(11,12):0.000000
(33,21),(7,12):0.000000
(33,21),(7,23):0.000000
(33,21),(6,23):0.000000
(33,21),(6,16):0.000000
(33,21),(5,16):0.000000
(33,21),(5,34):0.000000
(33,21),(2,34):0.000000
(33,21),(2,35):0.000000
(33,21),(1,35):0.000000
(33,21),(1,31):0.000000
(33,21),(3,31):0.000000
(33,21),(3,33):0.000000
(33,21),(4,33):0.000000
(33,21),(4,9):0.000000
(33,21),(13,9):0.000000
(33,21),(13,5):0.000000
(33,21),(14,5):0.000000
(33,21),(14,3):0.000000
(33,21),(22,3):0.000000
(33,21),(22,2):0.000000
(33,21),(29,2):0.000000
(33,21),(29,4):0.000000
(33,21),(32,4):0.000000
(33,21),(32,1):0.000000
(33,21),(35,1):0.000000
(33,21),(35,7):0.000000
(33,22),(19,22):26.500000
(33,22),(19,25):6.000000
(33,22),(21,25):0.000000
(33,22),(21,26):0.000000
(33,22),(25,26):0.000000
(33,22),(25,27):0.000000
(33,22),(31,27):0.000000
(33,22),(31,28):0.000000
(33,22),(27,28):0.000000
(33,22),(27,29):0.000000
(33,22),(26,29):0.000000
(33,22),(26,30):0.000000
(33,22),(18,30):6.250000
(33,22),(18,32):4.000000
(33,22),(15,32):6.050000
(33,22),(15,24):0.000000
(33,22),(16,24):9.000000
(33,22),(16,20):25.458334
(33,22),(23,20):24.000000
(33,22),(23,19):8.750000
(33,22),(24,19):10.500000
(33,22),(24,18):6.266667
(33,22),(10,18):0.000000
(33,22),(10,17):0.000000
(33,22),(9,17):0.000000
(33,22),(9,14):0.000000
(33,22),(8,14):0.000000
(33,22),(8,13):0.000000
(33,22),(11,13):0.000000
(33,22),(11,12):0.000000
(33,22),(7,12):0.000000
(33,22),(7,23):0.000000
(33,22),(6,23):0.000000
(33,22),(6,16):0.000000
(33,22),(5,16):0.000000
(33,22),(5,34):0.000000
(33,22),(2,34):0.000000
(33,22),(2,35):0.000000
(33,22),(1,35):0.000000
(33,22),(1,31):0.000000
(33,22),(3,31):0.000000
(33,22),(3,33):0.000000
(33,22),(4,33):0.000000
(33,22),(4,9):0.000000
(33,22),(13,9):0.000000
(33,22),(13,5):0.000000
(33,22),(14,5):0.000000
(33,22),(14,3):0.000000
(33,22),(22,3):0.000000
(33,22),(22,2):0.000000
(33,22),(29,2):0.000000
(33,22),(29,4):0.000000
(33,22),(32,4):0.000000
(33,22),(32,1):0.000000
(33,22),(35,1):0.000000
(33,22),(35,7):0.000000
(19,22),(19,25):41.266666
(19,22),(21,25):24.799999
(19,22),(21,26):27.416666
(19,22),(25,26):18.571428
(19,22),(25,27):21.913420
(19,22),(31,27):13.038462
(19,22),(31,28):9.333333
(19,22),(27,28):22.111111
(19,22),(27,29):18.916666
(19,22),(26,29):23.800594
(19,22),(26,30):23.880953
(19,22),(18,30):41.666668
(19,22),(18,32):31.416666
(19,22),(15,32):40.883335
(19,22),(15,24):29.416666
(19,22),(16,24):44.416668
(19,22),(16,20):55.708332
(19,22),(23,20):35.000000
(19,22),(23,19):15.250000
(19,22),(24,19):19.250000
(19,22),(24,18):14.666667
(19,22),(10,18):0.250000
(19,22),(10,17):0.540179
(19,22),(9,17):0.000000
(19,22),(9,14):0.000000
(19,22),(8,14):0.000000
(19,22),(8,13):0.000000
(19,22),(11,13):0.000000
(19,22),(11,12):0.000000
(19,22),(7,12):0.000000
(19,22),(7,23):0.000000
(19,22),(6,23):0.000000
(19,22),(6,16):0.000000
(19,22),(5,16):0.000000
(19,22),(5,34):0.000000
(19,22),(2,34):0.000000
(19,22),(2,35):0.000000
(19,22),(1,35):0.000000
(19,22),(1,31):0.000000
(19,22),(3,31):0.000000
(19,22),(3,33):0.000000
(19,22),(4,33):0.000000
(19,22),(4,9):0.000000
(19,22),(13,9):0.000000
(19,22),(13,5):0.000000
(19,22),(14,5):0.000000
(19,22),(14,3):0.000000
(19,22),(22,3):0.000000
(19,22),(22,2):0.000000
(19,22),(29,2):0.000000
(19,22),(29,4):0.000000
(19,22),(32,4):0.000000
(19,22),(32,1):0.000000
(19,22),(35,1):0.000000
(19,22),(35,7):0.000000
(19,25),(21,25):34.799999
(19,25),(21,26):51.750000
(19,25),(25,26):38.571430
(19,25),(25,27):44.428570
(19,25),(31,27):25.705128
(19,25),(31,28):16.833334
(19,25),(27,28):44.500000
(19,25),(27,29):35.250000
(19,25),(26,29):47.300594
(19,25),(26,30):47.339287
(19,25),(18,30):65.550003
(19,25),(18,32):31.600000
(19,25),(15,32):49.314285
(19,25),(15,24):53.099998
(19,25),(16,24):64.933334
(19,25),(16,20):41.099998
(19,25),(23,20):8.250000
(19,25),(23,19):0.000000
(19,25),(24,19):0.000000
(19,25),(24,18):0.000000
(19,25),(10,18):0.000000
(19,25),(10,17):0.000000
(19,25),(9,17):0.000000
(19,25),(9,14):0.000000
(19,25),(8,14):0.000000
(19,25),(8,13):0.000000
(19,25),(11,13):0.000000
(19,25),(11,12):0.000000
(19,25),(7,12):0.000000
(19,25),(7,23):0.000000
(19,25),(6,23):0.000000
(19,25),(6,16):0.000000
(19,25),(5,16):0.000000
(19,25),(5,34):0.000000
(19,25),(2,34):0.000000
(19,25),(2,35):0.000000
(19,25),(1,35):0.000000
(19,25),(1,31):0.000000
(19,25),(3,31):0.000000
(19,25),(3,33):0.000000
(19,25),(4,33):0.000000
(19,25),(4,9):0.000000
(19,25),(13,9):0.000000
(19,25),(13,5):0.000000
(19,25),(14,5):0.000000
(19,25),(14,3):0.000000
(19,25),(22,3):0.000000
(19,25),(22,2):0.000000
(19,25),(29,2):0.000000
(19,25),(29,4):0.000000
(19,25),(32,4):0.000000
(19,25),(32,1):0.000000
(19,25),(35,1):0.000000
(19,25),(35,7):0.000000
(21,25),(21,26):34.500000
(21,25),(25,26):26.571428
(21,25),(25,27):29.928572
(21,25),(31,27):18.538462
(21,25),(31,28):13.000000
(21,25),(27,28):29.500000
(21,25),(27,29):23.000000
(21,25),(26,29):29.729166
(21,25),(26,30):29.375000
(21,25),(18,30):34.799999
(21,25),(18,32):19.799999
(21,25),(15,32):31.799999
(21,25),(15,24):34.299999
(21,25),(16,24):34.133335
(21,25),(16,20):24.466667
(21,25),(23,20):0.000000
(21,25),(23,19):0.000000
(21,25),(24,19):0.000000
(21,25),(24,18):0.000000
(21,25),(10,18):0.000000
(21,25),(10,17):0.000000
(21,25),(9,17):0.000000
(21,25),(9,14):0.000000
(21,25),(8,14):0.000000
(21,25),(8,13):0.000000
(21,25),(11,13):0.000000
(21,25),(11,12):0.000000
(21,25),(7,12):0.000000
(21,25),(7,23):0.000000
(21,25),(6,23):0.000000
(21,25),(6,16):0.000000
(21,25),(5,16):0.000000
(21,25),(5,34):0.000000
(21,25),(2,34):0.000000
(21,25),(2,35):0.000000
(21,25),(1,35):0.000000
(21,25),(1,31):0.000000
(21,25),(3,31):0.000000
(21,25),(3,33):0.000000
(21,25),(4,33):0.000000
(21,25),(4,9):0.000000
(21,25),(13,9):0.000000
(21,25),(13,5):0.000000
(21,25),(14,5):0.000000
(21,25),(14,3):0.000000
(21,25),(22,3):0.000000
(21,25),(22,2):0.000000
(21,25),(29,2):0.000000
(21,25),(29,4):0.000000
(21,25),(32,4):0.000000
(21,25),(32,1):0.000000
(21,25),(35,1):0.000000
(21,25),(35,7):0.000000
(21,26),(25,26):42.571430
(21,26),(25,27):51.428570
(21,26),(31,27):29.038462
(21,26),(31,28):20.333334
(21,26),(27,28):50.500000
(21,26),(27,29):41.250000
(21,26),(26,29):53.329166
(21,26),(26,30):51.333332
(21,26),(18,30):58.452206
(21,26),(18,32):22.500000
(21,26),(15,32):37.735294
(21,26),(15,24):54.000000
(21,26),(16,24):52.883335
(21,26),(16,20):27.250000
(21,26),(23,20):0.000000
(21,26),(23,19):0.000000
(21,26),(24,19):0.000000
(21,26),(24,18):0.000000
(21,26),(10,18):0.000000
(21,26),(10,17):0.000000
(21,26),(9,17):0.000000
(21,26),(9,14):0.000000
(21,26),(8,14):0.000000
(21,26),(8,13):0.000000
(21,26),(11,13):0.000000
(21,26),(11,12):0.000000
(21,26),(7,12):0.000000
(21,26),(7,23):0.000000
(21,26),(6,23):0.000000
(21,26),(6,16):0.000000
(21,26),(5,16):0.000000
(21,26),(5,34):0.000000
(21,26),(2,34):0.000000
(21,26),(2,35):0.000000
(21,26),(1,35):0.000000
(21,26),(1,31):0.000000
(21,26),(3,31):0.000000
(21,26),(3,33):0.000000
(21,26),(4,33):0.000000
(21,26),(4,9):0.000000
(21,26),(13,9):0.000000
(21,26),(13,5):0.000000
(21,26),(14,5):0.000000
(21,26),(14,3):0.000000
(21,26),(22,3):0.000000
(21,26),(22,2):0.000000
(21,26),(29,2):0.000000
(21,26),(29,4):0.000000
(21,26),(32,4):0.000000
(21,26),(32,1):0.000000
(21,26),(35,1):0.000000
(21,26),(35,7):0.000000
(25,26),(25,27):41.928570
(25,26),(31,27):26.538462
(25,26),(31,28):17.000000
(25,26),(27,28):40.000000
(25,26),(27,29):29.500000
(25,26),(26,29):40.312500
(25,26),(26,30):39.833332
(25,26),(18,30):42.571430
(25,26),(18,32):14.571428
(25,26),(15,32):26.571428
(25,26),(15,24):39.904762
(25,26),(16,24):39.371429
(25,26),(16,20):20.342857
(25,26),(23,20):0.000000
(25,26),(23,19):0.000000
(25,26),(24,19):0.000000
(25,26),(24,18):0.000000
(25,26),(10,18):0.000000
(25,26),(10,17):0.000000
(25,26),(9,17):0.000000
(25,26),(9,14):0.000000
(25,26),(8,14):0.000000
(25,26),(8,13):0.000000
(25,26),(11,13):0.000000
(25,26),(11,12):0.000000
(25,26),(7,12):0.000000
(25,26),(7,23):0.000000
(25,26),(6,23):0.000000
(25,26),(6,16):0.000000
(25,26),(5,16):0.000000
(25,26),(5,34):0.000000
(25,26),(2,34):0.000000
(25,26),(2,35):0.000000
(25,26),(1,35):0.000000
(25,26),(1,31):0.000000
(25,26),(3,31):0.000000
(25,26),(3,33):0.000000
(25,26),(4,33):0.000000
(25,26),(4,9):0.000000
(25,26),(13,9):0.000000
(25,26),(13,5):0.000000
(25,26),(14,5):0.000000
(25,26),(14,3):0.000000
(25,26),(22,3):0.000000
(25,26),(22,2):0.000000
(25,26),(29,2):0.000000
(25,26),(29,4):0.000000
(25,26),(32,4):0.000000
(25,26),(32,1):0.000000
(25,26),(35,1):0.000000
(25,26),(35,7):0.000000
(25,27),(31,27):33.038460
(25,27),(31,28):24.333334
(25,27),(27,28):53.000000
(25,27),(27,29):38.000000
(25,27),(26,29):50.312500
(25,27),(26,30):47.333332
(25,27),(18,30):53.588295
(25,27),(18,32):17.303572
(25,27),(15,32):30.428572
(25,27),(15,24):47.428570
(25,27),(16,24):46.228573
(25,27),(16,20):22.893908
(25,27),(23,20):0.000000
(25,27),(23,19):0.000000
(25,27),(24,19):0.000000
(25,27),(24,18):0.000000
(25,27),(10,18):0.000000
(25,27),(10,17):0.000000
(25,27),(9,17):0.000000
(25,27),(9,14):0.000000
(25,27),(8,14):0.000000
(25,27),(8,13):0.000000
(25,27),(11,13):0.000000
(25,27),(11,12):0.000000
(25,27),(7,12):0.000000
(25,27),(7,23):0.000000
(25,27),(6,23):0.000000
(25,27),(6,16):0.000000
(25,27),(5,16):0.000000
(25,27),(5,34):0.000000
(25,27),(2,34):0.000000
(25,27),(2,35):0.000000
(25,27),(1,35):0.000000
(25,27),(1,31):0.000000
(25,27),(3,31):0.000000
(25,27),(3,33):0.000000
(25,27),(4,33):0.000000
(25,27),(4,9):0.000000
(25,27),(13,9):0.000000
(25,27),(13,5):0.000000
(25,27),(14,5):0.000000
(25,27),(14,3):0.000000
(25,27),(22,3):0.000000
(25,27),(22,2):0.000000
(25,27),(29,2):0.000000
(25,27),(29,4):0.000000
(25,27),(32,4):0.000000
(25,27),(32,1):0.000000
(25,27),(35,1):0.000000
(25,27),(35,7):0.000000
(31,27),(31,28):16.000000
(31,27),(27,28):33.000000
(31,27),(27,29):22.000000
(31,27),(26,29):29.062500
(31,27),(26,30):26.875000
(31,27),(18,30):31.260683
(31,27),(18,32):10.038462
(31,27),(15,32):16.788462
(31,27),(15,24):27.538462
(31,27),(16,24):26.711538
(31,27),(16,20):14.783278
(31,27),(23,20):0.000000
(31,27),(23,19):0.000000
(31,27),(24,19):0.000000
(31,27),(24,18):0.000000
(31,27),(10,18):0.000000
(31,27),(10,17):0.000000
(31,27),(9,17):0.000000
(31,27),(9,14):0.000000
(31,27),(8,14):0.000000
(31,27),(8,13):0.000000
(31,27),(11,13):0.000000
(31,27),(11,12):0.000000
(31,27),(7,12):0.000000
(31,27),(7,23):0.000000
(31,27),(6,23):0.000000
(31,27),(6,16):0.000000
(31,27),(5,16):0.000000
(31,27),(5,34):0.000000
(31,27),(2,34):0.000000
(31,27),(2,35):0.000000
(31,27),(1,35):0.000000
(31,27),(1,31):0.000000
(31,27),(3,31):0.000000
(31,27),(3,33):0.000000
(31,27),(4,33):0.000000
(31,27),(4,9):0.000000
(31,27),(13,9):0.000000
(31,27),(13,5):0.000000
(31,27),(14,5):0.000000
(31,27),(14,3):0.000000
(31,27),(22,3):0.000000
(31,27),(22,2):0.000000
(31,27),(29,2):0.000000
(31,27),(29,4):0.000000
(31,27),(32,4):0.000000
(31,27),(32,1):0.000000
(31,27),(35,1):0.000000
(31,27),(35,7):0.000000
(31,28),(27,28):24.333334
(31,28),(27,29):20.333334
(31,28),(26,29):20.833334
(31,28),(26,30):19.333334
(31,28),(18,30):22.555555
(31,28),(18,32):7.250000
(31,28),(15,32):14.666667
(31,28),(15,24):18.666666
(31,28),(16,24):17.761906
(31,28),(16,20):9.116667
(31,28),(23,20):0.000000
(31,28),(23,19):0.000000
(31,28),(24,19):0.000000
(31,28),(24,18):0.000000
(31,28),(10,18):0.000000
(31,28),(10,17):0.000000
(31,28),(9,17):0.000000
(31,28),(9,14):0.000000
(31,28),(8,14):0.000000
(31,28),(8,13):0.000000
(31,28),(11,13):0.000000
(31,28),(11,12):0.000000
(31,28),(7,12):0.000000
(31,28),(7,23):0.000000
(31,28),(6,23):0.000000
(31,28),(6,16):0.000000
(31,28),(5,16):0.000000
(31,28),(5,34):0.000000
(31,28),(2,34):0.000000
(31,28),(2,35):0.000000
(31,28),(1,35):0.000000
(31,28),(1,31):0.000000
(31,28),(3,31):0.000000
(31,28),(3,33):0.000000
(31,28),(4,33):0.000000
(31,28),(4,9):0.000000
(31,28),(13,9):0.000000
(31,28),(13,5):0.000000
(31,28),(14,5):0.000000
(31,28),(14,3):0.000000
(31,28),(22,3):0.000000
(31,28),(22,2):0.000000
(31,28),(29,2):0.000000
(31,28),(29,4):0.000000
(31,28),(32,4):0.000000
(31,28),(32,1):0.000000
(31,28),(35,1):0.000000
(31,28),(35,7):0.000000
(27,28),(27,29):39.000000
(27,28),(26,29):50.562500
(27,28),(26,30):47.500000
(27,28),(18,30):52.659721
(27,28),(18,32):17.500000
(27,28),(15,32):30.857143
(27,28),(15,24):47.500000
(27,28),(16,24):46.299999
(27,28),(16,20):23.402779
(27,28),(23,20):0.000000
(27,28),(23,19):0.000000
(27,28),(24,19):0.000000
(27,28),(24,18):0.000000
(27,28),(10,18):0.000000
(27,28),(10,17):0.000000
(27,28),(9,17):0.000000
(27,28),(9,14):0.000000
(27,28),(8,14):0.000000
(27,28),(8,13):0.000000
(27,28),(11,13):0.000000
(27,28),(11,12):0.000000
(27,28),(7,12):0.000000
(27,28),(7,23):0.000000
(27,28),(6,23):0.000000
(27,28),(6,16):0.000000
(27,28),(5,16):0.000000
(27,28),(5,34):0.000000
(27,28),(2,34):0.000000
(27,28),(2,35):0.000000
(27,28),(1,35):0.000000
(27,28),(1,31):0.000000
(27,28),(3,31):0.000000
(27,28),(3,33):0.000000
(27,28),(4,33):0.000000
(27,28),(4,9):0.000000
(27,28),(13,9):0.000000
(27,28),(13,5):0.000000
(27,28),(14,5):0.000000
(27,28),(14,3):0.000000
(27,28),(22,3):0.000000
(27,28),(22,2):0.000000
(27,28),(29,2):0.000000
(27,28),(29,4):0.000000
(27,28),(32,4):0.000000
(27,28),(32,1):0.000000
(27,28),(35,1):0.000000
(27,28),(35,7):0.000000
(27,29),(26,29):41.750000
(27,29),(26,30):39.750000
(27,29),(18,30):41.687500
(27,29),(18,32):15.000000
(27,29),(15,32):28.485294
(27,29),(15,24):38.000000
(27,29),(16,24):37.049999
(27,29),(16,20):19.049999
(27,29),(23,20):0.000000
(27,29),(23,19):0.000000
(27,29),(24,19):0.000000
(27,29),(24,18):0.000000
(27,29),(10,18):0.000000
(27,29),(10,17):0.000000
(27,29),(9,17):0.000000
(27,29),(9,14):0.000000
(27,29),(8,14):0.000000
(27,29),(8,13):0.000000
(27,29),(11,13):0.000000
(27,29),(11,12):0.000000
(27,29),(7,12):0.000000
(27,29),(7,23):0.000000
(27,29),(6,23):0.000000
(27,29),(6,16):0.000000
(27,29),(5,16):0.000000
(27,29),(5,34):0.000000
(27,29),(2,34):0.000000
(27,29),(2,35):0.000000
(27,29),(1,35):0.000000
(27,29),(1,31):0.000000
(27,29),(3,31):0.000000
(27,29),(3,33):0.000000
(27,29),(4,33):0.000000
(27,29),(4,9):0.000000
(27,29),(13,9):0.000000
(27,29),(13,5):0.000000
(27,29),(14,5):0.000000
(27,29),(14,3):0.000000
(27,29),(22,3):0.000000
(27,29),(22,2):0.000000
(27,29),(29,2):0.000000
(27,29),(29,4):0.000000
(27,29),(32,4):0.000000
(27,29),(32,1):0.000000
(27,29),(35,1):0.000000
(27,29),(35,7):0.000000
(26,29),(26,30):51.488094
(26,29),(18,30):54.488094
(26,29),(18,32):18.848215
(26,29),(15,32):33.270832
(26,29),(15,24):49.830357
(26,29),(16,24):49.058929
(26,29),(16,20):25.321428
(26,29),(23,20):0.021429
(26,29),(23,19):0.000000
(26,29),(24,19):0.000000
(26,29),(24,18):0.000000
(26,29),(10,18):0.000000
(26,29),(10,17):0.000000
(26,29),(9,17):0.000000
(26,29),(9,14):0.000000
(26,29),(8,14):0.000000
(26,29),(8,13):0.000000
(26,29),(11,13):0.000000
(26,29),(11,12):0.000000
(26,29),(7,12):0.000000
(26,29),(7,23):0.000000
(26,29),(6,23):0.000000
(26,29),(6,16):0.000000
(26,29),(5,16):0.000000
(26,29),(5,34):0.000000
(26,29),(2,34):0.000000
(26,29),(2,35):0.000000
(26,29),(1,35):0.000000
(26,29),(1,31):0.000000
(26,29),(3,31):0.000000
(26,29),(3,33):0.000000
(26,29),(4,33):0.000000
(26,29),(4,9):0.000000
(26,29),(13,9):0.000000
(26,29),(13,5):0.000000
(26,29),(14,5):0.000000
(26,29),(14,3):0.000000
(26,29),(22,3):0.000000
(26,29),(22,2):0.000000
(26,29),(29,2):0.000000
(26,29),(29,4):0.000000
(26,29),(32,4):0.000000
(26,29),(32,1):0.000000
(26,29),(35,1):0.000000
(26,29),(35,7):0.000000
(26,30),(18,30):52.422619
(26,30),(18,32):18.857143
(26,30),(15,32):33.514343
(26,30),(15,24):48.406059
(26,30),(16,24):48.428570
(26,30),(16,20):25.714285
(26,30),(23,20):0.170168
(26,30),(23,19):0.000000
(26,30),(24,19):0.000000
(26,30),(24,18):0.000000
(26,30),(10,18):0.000000
(26,30),(10,17):0.000000
(26,30),(9,17):0.000000
(26,30),(9,14):0.000000
(26,30),(8,14):0.000000
(26,30),(8,13):0.000000
(26,30),(11,13):0.000000
(26,30),(11,12):0.000000
(26,30),(7,12):0.000000
(26,30),(7,23):0.000000
(26,30),(6,23):0.000000
(26,30),(6,16):0.000000
(26,30),(5,16):0.000000
(26,30),(5,34):0.000000
(26,30),(2,34):0.000000
(26,30),(2,35):0.000000
(26,30),(1,35):0.000000
(26,30),(1,31):0.000000
(26,30),(3,31):0.000000
(26,30),(3,33):0.000000
(26,30),(4,33):0.000000
(26,30),(4,9):0.000000
(26,30),(13,9):0.000000
(26,30),(13,5):0.000000
(26,30),(14,5):0.000000
(26,30),(14,3):0.000000
(26,30),(22,3):0.000000
(26,30),(22,2):0.000000
(26,30),(29,2):0.000000
(26,30),(29,4):0.000000
(26,30),(32,4):0.000000
(26,30),(32,1):0.000000
(26,30),(35,1):0.000000
(26,30),(35,7):0.000000
(18,30),(18,32):32.000000
(18,30),(15,32):51.250000
(18,30),(15,24):56.437500
(18,30),(16,24):67.320831
(18,30),(16,20):41.750000
(18,30),(23,20):8.500000
(18,30),(23,19):0.000000
(18,30),(24,19):0.000000
(18,30),(24,18):0.000000
(18,30),(10,18):0.000000
(18,30),(10,17):0.000000
(18,30),(9,17):0.000000
(18,30),(9,14):0.000000
(18,30),(8,14):0.000000
(18,30),(8,13):0.000000
(18,30),(11,13):0.000000
(18,30),(11,12):0.000000
(18,30),(7,12):0.000000
(18,30),(7,23):0.000000
(18,30),(6,23):0.000000
(18,30),(6,16):0.000000
(18,30),(5,16):0.000000
(18,30),(5,34):0.000000
(18,30),(2,34):0.000000
(18,30),(2,35):0.000000
(18,30),(1,35):0.000000
(18,30),(1,31):0.000000
(18,30),(3,31):0.000000
(18,30),(3,33):0.000000
(18,30),(4,33):0.000000
(18,30),(4,9):0.000000
(18,30),(13,9):0.000000
(18,30),(13,5):0.000000
(18,30),(14,5):0.000000
(18,30),(14,3):0.000000
(18,30),(22,3):0.000000
(18,30),(22,2):0.000000
(18,30),(29,2):0.000000
(18,30),(29,4):0.000000
(18,30),(32,4):0.000000
(18,30),(32,1):0.000000
(18,30),(35,1):0.000000
(18,30),(35,7):0.000000
(18,32),(15,32):31.000000
(18,32),(15,24):24.000000
(18,32),(16,24):32.000000
(18,32),(16,20):24.000000
(18,32),(23,20):6.000000
(18,32),(23,19):0.000000
(18,32),(24,19):0.000000
(18,32),(24,18):0.000000
(18,32),(10,18):0.000000
(18,32),(10,17):0.000000
(18,32),(9,17):0.000000
(18,32),(9,14):0.000000
(18,32),(8,14):0.000000
(18,32),(8,13):0.000000
(18,32),(11,13):0.000000
(18,32),(11,12):0.000000
(18,32),(7,12):0.000000
(18,32),(7,23):0.000000
(18,32),(6,23):0.000000
(18,32),(6,16):0.000000
(18,32),(5,16):0.000000
(18,32),(5,34):0.000000
(18,32),(2,34):0.000000
(18,32),(2,35):0.000000
(18,32),(1,35):0.000000
(18,32),(1,31):0.000000
(18,32),(3,31):0.000000
(18,32),(3,33):0.000000
(18,32),(4,33):0.000000
(18,32),(4,9):0.000000
(18,32),(13,9):0.000000
(18,32),(13,5):0.000000
(18,32),(14,5):0.000000
(18,32),(14,3):0.000000
(18,32),(22,3):0.000000
(18,32),(22,2):0.000000
(18,32),(29,2):0.000000
(18,32),(29,4):0.000000
(18,32),(32,4):0.000000
(18,32),(32,1):0.000000
(18,32),(35,1):0.000000
(18,32),(35,7):0.000000
(15,32),(15,24):38.500000
(15,32),(16,24):50.008335
(15,32),(16,20):37.490475
(15,32),(23,20):8.066667
(15,32),(23,19):0.000000
(15,32),(24,19):0.000000
(15,32),(24,18):0.000000
(15,32),(10,18):0.000000
(15,32),(10,17):0.000000
(15,32),(9,17):0.000000
(15,32),(9,14):0.000000
(15,32),(8,14):0.000000
(15,32),(8,13):0.000000
(15,32),(11,13):0.000000
(15,32),(11,12):0.000000
(15,32),(7,12):0.000000
(15,32),(7,23):0.000000
(15,32),(6,23):0.000000
(15,32),(6,16):0.000000
(15,32),(5,16):0.000000
(15,32),(5,34):0.000000
(15,32),(2,34):0.000000
(15,32),(2,35):0.000000
(15,32),(1,35):0.000000
(15,32),(1,31):0.000000
(15,32),(3,31):0.000000
(15,32),(3,33):0.000000
(15,32),(4,33):0.000000
(15,32),(4,9):0.000000
(15,32),(13,9):0.000000
(15,32),(13,5):0.000000
(15,32),(14,5):0.000000
(15,32),(14,3):0.000000
(15,32),(22,3):0.000000
(15,32),(22,2):0.000000
(15,32),(29,2):0.000000
(15,32),(29,4):0.000000
(15,32),(32,4):0.000000
(15,32),(32,1):0.000000
(15,32),(35,1):0.000000
(15,32),(35,7):0.000000
(15,24),(16,24):55.133335
(15,24),(16,20):29.500000
(15,24),(23,20):0.000000
(15,24),(23,19):0.000000
(15,24),(24,19):0.000000
(15,24),(24,18):0.000000
(15,24),(10,18):0.000000
(15,24),(10,17):0.000000
(15,24),(9,17):0.000000
(15,24),(9,14):0.000000
(15,24),(8,14):0.000000
(15,24),(8,13):0.000000
(15,24),(11,13):0.000000
(15,24),(11,12):0.000000
(15,24),(7,12):0.000000
(15,24),(7,23):0.000000
(15,24),(6,23):0.000000
(15,24),(6,16):0.000000
(15,24),(5,16):0.000000
(15,24),(5,34):0.000000
(15,24),(2,34):0.000000
(15,24),(2,35):0.000000
(15,24),(1,35):0.000000
(15,24),(1,31):0.000000
(15,24),(3,31):0.000000
(15,24),(3,33):0.000000
(15,24),(4,33):0.000000
(15,24),(4,9):0.000000
(15,24),(13,9):0.000000
(15,24),(13,5):0.000000
(15,24),(14,5):0.000000
(15,24),(14,3):0.000000
(15,24),(22,3):0.000000
(15,24),(22,2):0.000000
(15,24),(29,2):0.000000
(15,24),(29,4):0.000000
(15,24),(32,4):0.000000
(15,24),(32,1):0.000000
(15,24),(35,1):0.000000
(15,24),(35,7):0.000000
(16,24),(16,20):44.500000
(16,24),(23,20):11.250000
(16,24),(23,19):0.000000
(16,24),(24,19):0.000000
(16,24),(24,18):0.000000
(16,24),(10,18):0.000000
(16,24),(10,17):0.000000
(16,24),(9,17):0.000000
(16,24),(9,14):0.000000
(16,24),(8,14):0.000000
(16,24),(8,13):0.000000
(16,24),(11,13):0.000000
(16,24),(11,12):0.000000
(16,24),(7,12):0.000000
(16,24),(7,23):0.000000
(16,24),(6,23):0.000000
(16,24),(6,16):0.000000
(16,24),(5,16):0.000000
(16,24),(5,34):0.000000
(16,24),(2,34):0.000000
(16,24),(2,35):0.000000
(16,24),(1,35):0.000000
(16,24),(1,31):0.000000
(16,24),(3,31):0.000000
(16,24),(3,33):0.000000
(16,24),(4,33):0.000000
(16,24),(4,9):0.000000
(16,24),(13,9):0.000000
(16,24),(13,5):0.000000
(16,24),(14,5):0.000000
(16,24),(14,3):0.000000
(16,24),(22,3):0.000000
(16,24),(22,2):0.000000
(16,24),(29,2):0.000000
(16,24),(29,4):0.000000
(16,24),(32,4):0.000000
(16,24),(32,1):0.000000
(16,24),(35,1):0.000000
(16,24),(35,7):0.000000
(16,20),(23,20):28.750000
(16,20),(23,19):11.250000
(16,20),(24,19):13.000000
(16,20),(24,18):8.666667
(16,20),(10,18):0.000000
(16,20),(10,17):0.000000
(16,20),(9,17):0.000000
(16,20),(9,14):0.000000
(16,20),(8,14):0.000000
(16,20),(8,13):0.000000
(16,20),(11,13):0.000000
(16,20),(11,12):0.000000
(16,20),(7,12):0.000000
(16,20),(7,23):0.000000
(16,20),(6,23):0.000000
(16,20),(6,16):0.000000
(16,20),(5,16):0.000000
(16,20),(5,34):0.000000
(16,20),(2,34):0.000000
(16,20),(2,35):0.000000
(16,20),(1,35):0.000000
(16,20),(1,31):0.000000
(16,20),(3,31):0.000000
(16,20),(3,33):0.000000
(16,20),(4,33):0.000000
(16,20),(4,9):0.000000
(16,20),(13,9):0.000000
(16,20),(13,5):0.000000
(16,20),(14,5):0.000000
(16,20),(14,3):0.000000
(16,20),(22,3):0.000000
(16,20),(22,2):0.000000
(16,20),(29,2):0.000000
(16,20),(29,4):0.000000
(16,20),(32,4):0.000000
(16,20),(32,1):0.000000
(16,20),(35,1):0.000000
(16,20),(35,7):0.000000
(23,20),(23,19):16.250000
(23,20),(24,19):26.000000
(23,20),(24,18):20.666666
(23,20),(10,18):4.500000
(23,20),(10,17):5.038095
(23,20),(9,17):2.000000
(23,20),(9,14):0.000000
(23,20),(8,14):0.000000
(23,20),(8,13):0.000000
(23,20),(11,13):0.000000
(23,20),(11,12):0.000000
(23,20),(7,12):0.000000
(23,20),(7,23):0.000000
(23,20),(6,23):0.000000
(23,20),(6,16):0.000000
(23,20),(5,16):0.000000
(23,20),(5,34):0.000000
(23,20),(2,34):0.000000
(23,20),(2,35):0.000000
(23,20),(1,35):0.000000
(23,20),(1,31):0.000000
(23,20),(3,31):0.000000
(23,20),(3,33):0.000000
(23,20),(4,33):0.000000
(23,20),(4,9):0.000000
(23,20),(13,9):0.000000
(23,20),(13,5):0.000000
(23,20),(14,5):0.000000
(23,20),(14,3):0.000000
(23,20),(22,3):0.000000
(23,20),(22,2):0.000000
(23,20),(29,2):0.000000
(23,20),(29,4):0.000000
(23,20),(32,4):0.000000
(23,20),(32,1):0.000000
(23,20),(35,1):0.000000
(23,20),(35,7):0.000000
(23,19),(24,19):16.000000
(23,19),(24,18):12.666667
(23,19),(10,18):0.000000
(23,19),(10,17):0.000000
(23,19),(9,17):0.000000
(23,19),(9,14):0.000000
(23,19),(8,14):0.000000
(23,19),(8,13):0.000000
(23,19),(11,13):0.000000
(23,19),(11,12):0.000000
(23,19),(7,12):0.000000
(23,19),(7,23):0.000000
(23,19),(6,23):0.000000
(23,19),(6,16):0.000000
(23,19),(5,16):0.000000
(23,19),(5,34):0.000000
(23,19),(2,34):0.000000
(23,19),(2,35):0.000000
(23,19),(1,35):0.000000
(23,19),(1,31):0.000000
(23,19),(3,31):0.000000
(23,19),(3,33):0.000000
(23,19),(4,33):0.000000
(23,19),(4,9):0.000000
(23,19),(13,9):0.000000
(23,19),(13,5):0.000000
(23,19),(14,5):0.000000
(23,19),(14,3):0.000000
(23,19),(22,3):0.000000
(23,19),(22,2):0.000000
(23,19),(29,2):0.000000
(23,19),(29,4):0.000000
(23,19),(32,4):0.000000
(23,19),(32,1):0.000000
(23,19),(35,1):0.000000
(23,19),(35,7):0.000000
(24,19),(24,18):44.666668
(24,19),(10,18):19.200001
(24,19),(10,17):17.371429
(24,19),(9,17):12.363636
(24,19),(9,14):0.000000
(24,19),(8,14):0.000000
(24,19),(8,13):0.000000
(24,19),(11,13):0.000000
(24,19),(11,12):0.000000
(24,19),(7,12):0.000000
(24,19),(7,23):0.000000
(24,19),(6,23):0.000000
(24,19),(6,16):0.000000
(24,19),(5,16):0.000000
(24,19),(5,34):0.000000
(24,19),(2,34):0.000000
(24,19),(2,35):0.000000
(24,19),(1,35):0.000000
(24,19),(1,31):0.000000
(24,19),(3,31):0.000000
(24,19),(3,33):0.000000
(24,19),(4,33):0.000000
(24,19),(4,9):0.000000
(24,19),(13,9):0.000000
(24,19),(13,5):0.000000
(24,19),(14,5):0.000000
(24,19),(14,3):0.000000
(24,19),(22,3):0.000000
(24,19),(22,2):0.000000
(24,19),(29,2):0.000000
(24,19),(29,4):0.000000
(24,19),(32,4):0.000000
(24,19),(32,1):0.000000
(24,19),(35,1):0.000000
(24,19),(35,7):0.000000
(24,18),(10,18):64.099998
(24,18),(10,17):64.060715
(24,18),(9,17):44.907467
(24,18),(9,14):22.422619
(24,18),(8,14):0.000000
(24,18),(8,13):11.166667
(24,18),(11,13):11.339286
(24,18),(11,12):4.625000
(24,18),(7,12):0.000000
(24,18),(7,23):0.000000
(24,18),(6,23):0.000000
(24,18),(6,16):0.000000
(24,18),(5,16):0.000000
(24,18),(5,34):0.000000
(24,18),(2,34):0.000000
(24,18),(2,35):0.000000
(24,18),(1,35):0.000000
(24,18),(1,31):0.000000
(24,18),(3,31):0.000000
(24,18),(3,33):0.000000
(24,18),(4,33):0.000000
(24,18),(4,9):0.000000
(24,18),(13,9):0.000000
(24,18),(13,5):0.000000
(24,18),(14,5):0.000000
(24,18),(14,3):0.000000
(24,18),(22,3):0.000000
(24,18),(22,2):0.000000
(24,18),(29,2):0.000000
(24,18),(29,4):0.000000
(24,18),(32,4):0.000000
(24,18),(32,1):0.000000
(24,18),(35,1):0.000000
(24,18),(35,7):0.000000
(10,18),(10,17):66.525002
(10,18),(9,17):46.818180
(10,18),(9,14):23.583334
(10,18),(8,14):2.166667
(10,18),(8,13):14.500000
(10,18),(11,13):14.775000
(10,18),(11,12):9.025000
(10,18),(7,12):1.625000
(10,18),(7,23):0.000000
(10,18),(6,23):0.000000
(10,18),(6,16):0.000000
(10,18),(5,16):0.000000
(10,18),(5,34):0.000000
(10,18),(2,34):0.000000
(10,18),(2,35):0.000000
(10,18),(1,35):0.000000
(10,18),(1,31):0.000000
(10,18),(3,31):0.000000
(10,18),(3,33):0.000000
(10,18),(4,33):0.000000
(10,18),(4,9):1.831391
(10,18),(13,9):0.525000
(10,18),(13,5):0.000000
(10,18),(14,5):0.000000
(10,18),(14,3):0.000000
(10,18),(22,3):0.000000
(10,18),(22,2):0.000000
(10,18),(29,2):0.000000
(10,18),(29,4):0.000000
(10,18),(32,4):0.000000
(10,18),(32,1):0.000000
(10,18),(35,1):0.000000
(10,18),(35,7):0.000000
(10,17),(9,17):50.818180
(10,17),(9,14):27.750000
(10,17),(8,14):3.333333
(10,17),(8,13):16.166666
(10,17),(11,13):18.559525
(10,17),(11,12):8.642858
(10,17),(7,12):1.267857
(10,17),(7,23):0.000000
(10,17),(6,23):0.000000
(10,17),(6,16):0.000000
(10,17),(5,16):0.000000
(10,17),(5,34):0.000000
(10,17),(2,34):0.000000
(10,17),(2,35):0.000000
(10,17),(1,35):0.000000
(10,17),(1,31):0.000000
(10,17),(3,31):0.000000
(10,17),(3,33):0.000000
(10,17),(4,33):0.000000
(10,17),(4,9):1.470046
(10,17),(13,9):0.309524
(10,17),(13,5):0.000000
(10,17),(14,5):0.000000
(10,17),(14,3):0.000000
(10,17),(22,3):0.000000
(10,17),(22,2):0.000000
(10,17),(29,2):0.000000
(10,17),(29,4):0.000000
(10,17),(32,4):0.000000
(10,17),(32,1):0.000000
(10,17),(35,1):0.000000
(10,17),(35,7):0.000000
(9,17),(9,14):18.250000
(9,17),(8,14):3.166667
(9,17),(8,13):11.500000
(9,17),(11,13):14.000000
(9,17),(11,12):5.666667
(9,17),(7,12):0.250000
(9,17),(7,23):0.000000
(9,17),(6,23):0.000000
(9,17),(6,16):0.000000
(9,17),(5,16):0.000000
(9,17),(5,34):0.000000
(9,17),(2,34):0.000000
(9,17),(2,35):0.000000
(9,17),(1,35):0.000000
(9,17),(1,31):0.000000
(9,17),(3,31):0.000000
(9,17),(3,33):0.000000
(9,17),(4,33):0.000000
(9,17),(4,9):0.420168
(9,17),(13,9):0.000000
(9,17),(13,5):0.000000
(9,17),(14,5):0.000000
(9,17),(14,3):0.000000
(9,17),(22,3):0.000000
(9,17),(22,2):0.000000
(9,17),(29,2):0.000000
(9,17),(29,4):0.000000
(9,17),(32,4):0.000000
(9,17),(32,1):0.000000
(9,17),(35,1):0.000000
(9,17),(35,7):0.000000
(9,14),(8,14):4.166667
(9,14),(8,13):17.000000
(9,14),(11,13):17.333334
(9,14),(11,12):6.750000
(9,14),(7,12):0.000000
(9,14),(7,23):0.000000
(9,14),(6,23):0.000000
(9,14),(6,16):0.000000
(9,14),(5,16):0.000000
(9,14),(5,34):0.000000
(9,14),(2,34):0.000000
(9,14),(2,35):0.000000
(9,14),(1,35):0.000000
(9,14),(1,31):0.000000
(9,14),(3,31):0.000000
(9,14),(3,33):0.000000
(9,14),(4,33):0.000000
(9,14),(4,9):0.000000
(9,14),(13,9):0.000000
(9,14),(13,5):0.000000
(9,14),(14,5):0.000000
(9,14),(14,3):0.000000
(9,14),(22,3):0.000000
(9,14),(22,2):0.000000
(9,14),(29,2):0.000000
(9,14),(29,4):0.000000
(9,14),(32,4):0.000000
(9,14),(32,1):0.000000
(9,14),(35,1):0.000000
(9,14),(35,7):0.000000
(8,14),(8,13):4.000000
(8,14),(11,13):4.166667
(8,14),(11,12):1.166667
(8,14),(7,12):0.000000
(8,14),(7,23):0.000000
(8,14),(6,23):0.000000
(8,14),(6,16):0.000000
(8,14),(5,16):0.000000
(8,14),(5,34):0.000000
(8,14),(2,34):0.000000
(8,14),(2,35):0.000000
(8,14),(1,35):0.000000
(8,14),(1,31):0.000000
(8,14),(3,31):0.000000
(8,14),(3,33):0.000000
(8,14),(4,33):0.000000
(8,14),(4,9):0.000000
(8,14),(13,9):0.000000
(8,14),(13,5):0.000000
(8,14),(14,5):0.000000
(8,14),(14,3):0.000000
(8,14),(22,3):0.000000
(8,14),(22,2):0.000000
(8,14),(29,2):0.000000
(8,14),(29,4):0.000000
(8,14),(32,4):0.000000
(8,14),(32,1):0.000000
(8,14),(35,1):0.000000
(8,14),(35,7):0.000000
(8,13),(11,13):10.250000
(8,13),(11,12):4.500000
(8,13),(7,12):0.000000
(8,13),(7,23):0.000000
(8,13),(6,23):0.000000
(8,13),(6,16):0.000000
(8,13),(5,16):0.000000
(8,13),(5,34):0.000000
(8,13),(2,34):0.000000
(8,13),(2,35):0.000000
(8,13),(1,35):0.000000
(8,13),(1,31):0.000000
(8,13),(3,31):0.000000
(8,13),(3,33):0.000000
(8,13),(4,33):0.000000
(8,13),(4,9):0.000000
(8,13),(13,9):0.000000
(8,13),(13,5):0.000000
(8,13),(14,5):0.000000
(8,13),(14,3):0.000000
(8,13),(22,3):0.000000
(8,13),(22,2):0.000000
(8,13),(29,2):0.000000
(8,13),(29,4):0.000000
(8,13),(32,4):0.000000
(8,13),(32,1):0.000000
(8,13),(35,1):0.000000
(8,13),(35,7):0.000000
(11,13),(11,12):10.666667
(11,13),(7,12):3.166667
(11,13),(7,23):0.000000
(11,13),(6,23):0.000000
(11,13),(6,16):0.000000
(11,13),(5,16):0.000000
(11,13),(5,34):0.000000
(11,13),(2,34):0.000000
(11,13),(2,35):0.000000
(11,13),(1,35):0.000000
(11,13),(1,31):0.000000
(11,13),(3,31):0.000000
(11,13),(3,33):0.000000
(11,13),(4,33):0.000000
(11,13),(4,9):3.380952
(11,13),(13,9):1.666667
(11,13),(13,5):0.000000
(11,13),(14,5):0.000000
(11,13),(14,3):0.000000
(11,13),(22,3):0.000000
(11,13),(22,2):0.000000
(11,13),(29,2):0.000000
(11,13),(29,4):0.000000
(11,13),(32,4):0.000000
(11,13),(32,1):0.000000
(11,13),(35,1):0.000000
(11,13),(35,7):0.000000
(11,12),(7,12):24.250000
(11,12),(7,23):5.357143
(11,12),(6,23):3.409091
(11,12),(6,16):10.125000
(11,12),(5,16):11.250000
(11,12),(5,34):3.000000
(11,12),(2,34):0.000000
(11,12),(2,35):0.000000
(11,12),(1,35):0.000000
(11,12),(1,31):0.000000
(11,12),(3,31):0.000000
(11,12),(3,33):0.000000
(11,12),(4,33):3.970588
(11,12),(4,9):24.464285
(11,12),(13,9):22.250000
(11,12),(13,5):0.000000
(11,12),(14,5):0.000000
(11,12),(14,3):0.000000
(11,12),(22,3):0.000000
(11,12),(22,2):0.000000
(11,12),(29,2):0.000000
(11,12),(29,4):0.000000
(11,12),(32,4):0.000000
(11,12),(32,1):0.000000
(11,12),(35,1):0.000000
(11,12),(35,7):0.000000
(7,12),(7,23):17.500000
(7,12),(6,23):14.409091
(7,12),(6,16):29.125000
(7,12),(5,16):24.250000
(7,12),(5,34):8.000000
(7,12),(2,34):0.000000
(7,12),(2,35):0.000000
(7,12),(1,35):0.000000
(7,12),(1,31):0.000000
(7,12),(3,31):0.000000
(7,12),(3,33):0.000000
(7,12),(4,33):9.441176
(7,12),(4,9):40.000000
(7,12),(13,9):28.250000
(7,12),(13,5):3.200000
(7,12),(14,5):3.250000
(7,12),(14,3):2.550000
(7,12),(22,3):0.000000
(7,12),(22,2):0.000000
(7,12),(29,2):0.000000
(7,12),(29,4):0.000000
(7,12),(32,4):0.000000
(7,12),(32,1):0.000000
(7,12),(35,1):0.000000
(7,12),(35,7):0.000000
(7,23),(6,23):14.000000
(7,23),(6,16):17.500000
(7,23),(5,16):10.500000
(7,23),(5,34):0.000000
(7,23),(2,34):0.000000
(7,23),(2,35):0.000000
(7,23),(1,35):0.000000
(7,23),(1,31):0.000000
(7,23),(3,31):0.000000
(7,23),(3,33):0.000000
(7,23),(4,33):0.420343
(7,23),(4,9):12.250000
(7,23),(13,9):5.933333
(7,23),(13,5):0.000000
(7,23),(14,5):0.000000
(7,23),(14,3):0.000000
(7,23),(22,3):0.000000
(7,23),(22,2):0.000000
(7,23),(29,2):0.000000
(7,23),(29,4):0.000000
(7,23),(32,4):0.000000
(7,23),(32,1):0.000000
(7,23),(35,1):0.000000
(7,23),(35,7):0.000000
(6,23),(6,16):14.409091
(6,23),(5,16):7.409091
(6,23),(5,34):0.000000
(6,23),(2,34):0.000000
(6,23),(2,35):0.000000
(6,23),(1,35):0.000000
(6,23),(1,31):0.000000
(6,23),(3,31):0.000000
(6,23),(3,33):0.000000
(6,23),(4,33):0.000000
(6,23),(4,9):9.159091
(6,23),(13,9):3.659091
(6,23),(13,5):0.000000
(6,23),(14,5):0.000000
(6,23),(14,3):0.000000
(6,23),(22,3):0.000000
(6,23),(22,2):0.000000
(6,23),(29,2):0.000000
(6,23),(29,4):0.000000
(6,23),(32,4):0.000000
(6,23),(32,1):0.000000
(6,23),(35,1):0.000000
(6,23),(35,7):0.000000
(6,16),(5,16):22.125000
(6,16),(5,34):7.000000
(6,16),(2,34):0.000000
(6,16),(2,35):0.000000
(6,16),(1,35):0.000000
(6,16),(1,31):0.000000
(6,16),(3,31):0.000000
(6,16),(3,33):0.000000
(6,16),(4,33):8.441176
(6,16),(4,9):23.875000
(6,16),(13,9):12.375000
(6,16),(13,5):0.000000
(6,16),(14,5):0.000000
(6,16),(14,3):0.000000
(6,16),(22,3):0.000000
(6,16),(22,2):0.000000
(6,16),(29,2):0.000000
(6,16),(29,4):0.000000
(6,16),(32,4):0.000000
(6,16),(32,1):0.000000
(6,16),(35,1):0.000000
(6,16),(35,7):0.000000
(5,16),(5,34):25.029411
(5,16),(2,34):1.279412
(5,16),(2,35):0.000000
(5,16),(1,35):0.000000
(5,16),(1,31):0.001634
(5,16),(3,31):0.000000
(5,16),(3,33):1.029412
(5,16),(4,33):26.470589
(5,16),(4,9):41.250000
(5,16),(13,9):13.500000
(5,16),(13,5):0.000000
(5,16),(14,5):0.000000
(5,16),(14,3):0.000000
(5,16),(22,3):0.000000
(5,16),(22,2):0.000000
(5,16),(29,2):0.000000
(5,16),(29,4):0.000000
(5,16),(32,4):0.000000
(5,16),(32,1):0.000000
(5,16),(35,1):0.000000
(5,16),(35,7):0.000000
(5,34),(2,34):5.250000
(5,34),(2,35):1.750000
(5,34),(1,35):2.500000
(5,34),(1,31):3.500000
(5,34),(3,31):3.000000
(5,34),(3,33):5.000000
(5,34),(4,33):28.000000
(5,34),(4,9):25.000000
(5,34),(13,9):4.250000
(5,34),(13,5):0.000000
(5,34),(14,5):0.000000
(5,34),(14,3):0.000000
(5,34),(22,3):0.000000
(5,34),(22,2):0.000000
(5,34),(29,2):0.000000
(5,34),(29,4):0.000000
(5,34),(32,4):0.000000
(5,34),(32,1):0.000000
(5,34),(35,1):0.000000
(5,34),(35,7):0.000000
(2,34),(2,35):4.000000
(2,34),(1,35):6.500000
(2,34),(1,31):7.500000
(2,34),(3,31):6.833333
(2,34),(3,33):8.500000
(2,34),(4,33):4.500000
(2,34),(4,9):1.250000
(2,34),(13,9):0.000000
(2,34),(13,5):0.000000
(2,34),(14,5):0.000000
(2,34),(14,3):0.000000
(2,34),(22,3):0.000000
(2,34),(22,2):0.000000
(2,34),(29,2):0.000000
(2,34),(29,4):0.000000
(2,34),(32,4):0.000000
(2,34),(32,1):0.000000
(2,34),(35,1):0.000000
(2,34),(35,7):0.000000
(2,35),(1,35):4.000000
(2,35),(1,31):4.000000
(2,35),(3,31):3.833333
(2,35),(3,33):3.500000
(2,35),(4,33):1.250000
(2,35),(4,9):0.000000
(2,35),(13,9):0.000000
(2,35),(13,5):0.000000
(2,35),(14,5):0.000000
(2,35),(14,3):0.000000
(2,35),(22,3):0.000000
(2,35),(22,2):0.000000
(2,35),(29,2):0.000000
(2,35),(29,4):0.000000
(2,35),(32,4):0.000000
(2,35),(32,1):0.000000
(2,35),(35,1):0.000000
(2,35),(35,7):0.000000
(1,35),(1,31):6.500000
(1,35),(3,31):6.333333
(1,35),(3,33):6.000000
(1,35),(4,33):1.750000
(1,35),(4,9):0.000000
(1,35),(13,9):0.000000
(1,35),(13,5):0.000000
(1,35),(14,5):0.000000
(1,35),(14,3):0.000000
(1,35),(22,3):0.000000
(1,35),(22,2):0.000000
(1,35),(29,2):0.000000
(1,35),(29,4):0.000000
(1,35),(32,4):0.000000
(1,35),(32,1):0.000000
(1,35),(35,1):0.000000
(1,35),(35,7):0.000000
(1,31),(3,31):6.833333
(1,31),(3,33):7.000000
(1,31),(4,33):2.750000
(1,31),(4,9):0.000000
(1,31),(13,9):0.000000
(1,31),(13,5):0.000000
(1,31),(14,5):0.000000
(1,31),(14,3):0.000000
(1,31),(22,3):0.000000
(1,31),(22,2):0.000000
(1,31),(29,2):0.000000
(1,31),(29,4):0.000000
(1,31),(32,4):0.000000
(1,31),(32,1):0.000000
(1,31),(35,1):0.000000
(1,31),(35,7):0.000000
(3,31),(3,33):6.500000
(3,31),(4,33):2.250000
(3,31),(4,9):0.000000
(3,31),(13,9):0.000000
(3,31),(13,5):0.000000
(3,31),(14,5):0.000000
(3,31),(14,3):0.000000
(3,31),(22,3):0.000000
(3,31),(22,2):0.000000
(3,31),(29,2):0.000000
(3,31),(29,4):0.000000
(3,31),(32,4):0.000000
(3,31),(32,1):0.000000
(3,31),(35,1):0.000000
(3,31),(35,7):0.000000
(3,33),(4,33):4.250000
(3,33),(4,9):1.000000
(3,33),(13,9):0.000000
(3,33),(13,5):0.000000
(3,33),(14,5):0.000000
(3,33),(14,3):0.000000
(3,33),(22,3):0.000000
(3,33),(22,2):0.000000
(3,33),(29,2):0.000000
(3,33),(29,4):0.000000
(3,33),(32,4):0.000000
(3,33),(32,1):0.000000
(3,33),(35,1):0.000000
(3,33),(35,7):0.000000
(4,33),(4,9):26.441177
(4,33),(13,9):5.418449
(4,33),(13,5):0.000000
(4,33),(14,5):0.000000
(4,33),(14,3):0.000000
(4,33),(22,3):0.000000
(4,33),(22,2):0.000000
(4,33),(29,2):0.000000
(4,33),(29,4):0.000000
(4,33),(32,4):0.000000
(4,33),(32,1):0.000000
(4,33),(35,1):0.000000
(4,33),(35,7):0.000000
(4,9),(13,9):29.250000
(4,9),(13,5):4.000000
(4,9),(14,5):4.125000
(4,9),(14,3):3.000000
(4,9),(22,3):0.000000
(4,9),(22,2):0.000000
(4,9),(29,2):0.000000
(4,9),(29,4):0.000000
(4,9),(32,4):0.000000
(4,9),(32,1):0.000000
(4,9),(35,1):0.000000
(4,9),(35,7):0.000000
(13,9),(13,5):20.666666
(13,9),(14,5):31.625000
(13,9),(14,3):26.500000
(13,9),(22,3):20.174999
(13,9),(22,2):0.000000
(13,9),(29,2):13.988235
(13,9),(29,4):16.799999
(13,9),(32,4):10.580556
(13,9),(32,1):0.000000
(13,9),(35,1):0.000000
(13,9),(35,7):2.842105
(13,5),(14,5):38.735294
(13,5),(14,3):33.735294
(13,5),(22,3):27.410294
(13,5),(22,2):12.842437
(13,5),(29,2):18.566668
(13,5),(29,4):24.035294
(13,5),(32,4):23.774183
(13,5),(32,1):3.617647
(13,5),(35,1):5.235294
(13,5),(35,7):8.235294
(14,5),(14,3):68.581253
(14,5),(22,3):65.884819
(14,5),(22,2):33.638393
(14,5),(29,2):48.995239
(14,5),(29,4):65.081253
(14,5),(32,4):45.070137
(14,5),(32,1):6.906250
(14,5),(35,1):9.031250
(14,5),(35,7):33.614582
(14,3),(22,3):59.472321
(14,3),(22,2):30.200893
(14,3),(29,2):41.928570
(14,3),(29,4):58.893749
(14,3),(32,4):43.743752
(14,3),(32,1):7.068750
(14,3),(35,1):9.425000
(14,3),(35,7):31.643749
(22,3),(22,2):38.857143
(22,3),(29,2):50.970238
(22,3),(29,4):67.636902
(22,3),(32,4):45.370239
(22,3),(32,1):7.321429
(22,3),(35,1):9.971463
(22,3),(35,7):35.595238
(22,2),(29,2):28.000000
(22,2),(29,4):39.857143
(22,2),(32,4):25.857143
(22,2),(32,1):6.142857
(22,2),(35,1):8.780220
(22,2),(35,7):28.457144
(29,2),(29,4):49.661903
(29,2),(32,4):31.895239
(29,2),(32,1):0.000000
(29,2),(35,1):0.000000
(29,2),(35,7):20.558332
(29,4),(32,4):52.033333
(29,4),(32,1):11.000000
(29,4),(35,1):15.916667
(29,4),(35,7):39.250000
(32,4),(32,1):20.000000
(32,4),(35,1):25.916666
(32,4),(35,7):34.000000
(32,1),(35,1):19.916666
(32,1),(35,7):18.000000
(35,1),(35,7):22.000000
