62
(30,28):(30,26)	(30,28)	(31,25)	(31,28)	
(30,26):(23,26)	(24,25)	(30,26)	(30,28)	(31,25)	(31,28)	
(23,26):(23,5)	(23,6)	(23,7)	(23,26)	(24,5)	(24,6)	(24,7)	(24,8)	(24,9)	(24,10)	(24,11)	(24,12)	(24,13)	(24,14)	(24,15)	(24,16)	(24,17)	(24,25)	(25,5)	(25,6)	(25,7)	(25,8)	(30,26)	(31,25)	
(23,7):(17,3)	(17,4)	(17,5)	(17,6)	(17,7)	(18,4)	(18,5)	(18,6)	(18,7)	(19,4)	(19,5)	(19,6)	(19,7)	(20,5)	(20,6)	(20,7)	(21,5)	(21,6)	(21,7)	(22,5)	(22,6)	(22,7)	(23,5)	(23,6)	(23,7)	(23,26)	(24,5)	(24,6)	(24,7)	(24,8)	(24,9)	(24,10)	(24,11)	(24,12)	(24,13)	(24,14)	(24,15)	(24,16)	(24,17)	(24,25)	(25,5)	(25,6)	(25,7)	(25,8)	(25,9)	(25,10)	(25,11)	(25,12)	(25,13)	(25,14)	(25,15)	(25,16)	(25,17)	(26,4)	(26,5)	(26,6)	(26,7)	(26,8)	(26,9)	(26,10)	(26,11)	(26,12)	(26,13)	(26,14)	(26,15)	(27,5)	(27,12)	(27,13)	(27,14)	(27,15)	(28,14)	(28,15)	(28,16)	(29,15)	
(22,7):(14,14)	(15,9)	(15,10)	(15,11)	(15,12)	(15,13)	(16,1)	(16,8)	(16,9)	(16,10)	(16,11)	(16,12)	(16,13)	(17,2)	(17,3)	(17,4)	(17,5)	(17,6)	(17,7)	(17,8)	(17,9)	(17,10)	(17,11)	(17,12)	(17,13)	(17,14)	(17,23)	(18,3)	(18,4)	(18,5)	(18,6)	(18,7)	(18,8)	(18,9)	(18,10)	(18,11)	(18,12)	(18,13)	(18,14)	(18,15)	(18,16)	(18,17)	(18,18)	(18,19)	(18,20)	(19,4)	(19,5)	(19,6)	(19,7)	(19,8)	(19,9)	(19,10)	(19,11)	(19,12)	(19,13)	(19,14)	(19,15)	(19,16)	(19,17)	(19,18)	(19,19)	(20,5)	(20,6)	(20,7)	(20,8)	(20,9)	(20,10)	(20,11)	(20,12)	(20,13)	(20,14)	(20,15)	(20,16)	(20,17)	(20,18)	(21,5)	(21,6)	(21,7)	(21,8)	(21,9)	(21,10)	(21,11)	(21,12)	(21,13)	(21,14)	(21,15)	(21,16)	(21,17)	(22,5)	(22,6)	(22,7)	(22,18)	(23,5)	(23,6)	(23,7)	(24,5)	(24,6)	(24,7)	(25,5)	(25,6)	(25,7)	(26,4)	(26,5)	(26,6)	(26,7)	(27,5)	
(22,18):(14,8)	(15,9)	(15,10)	(15,11)	(15,12)	(16,1)	(16,8)	(16,9)	(16,10)	(16,11)	(16,12)	(16,13)	(17,2)	(17,3)	(17,4)	(17,5)	(17,6)	(17,7)	(17,8)	(17,9)	(17,10)	(17,11)	(17,12)	(17,13)	(17,14)	(18,2)	(18,3)	(18,4)	(18,5)	(18,6)	(18,7)	(18,8)	(18,9)	(18,10)	(18,11)	(18,12)	(18,13)	(18,14)	(18,15)	(18,16)	(18,17)	(18,18)	(19,4)	(19,5)	(19,6)	(19,7)	(19,8)	(19,9)	(19,10)	(19,11)	(19,12)	(19,13)	(19,14)	(19,15)	(19,16)	(19,17)	(19,18)	(20,5)	(20,6)	(20,7)	(20,8)	(20,9)	(20,10)	(20,11)	(20,12)	(20,13)	(20,14)	(20,15)	(20,16)	(20,17)	(20,18)	(21,5)	(21,6)	(21,7)	(21,8)	(21,9)	(21,10)	(21,11)	(21,12)	(21,13)	(21,14)	(21,15)	(21,16)	(21,17)	(22,5)	(22,6)	(22,7)	(22,18)	
(20,18):(14,8)	(15,9)	(15,10)	(15,11)	(16,1)	(16,8)	(16,9)	(16,10)	(16,11)	(16,12)	(17,2)	(17,3)	(17,4)	(17,5)	(17,6)	(17,7)	(17,8)	(17,9)	(17,10)	(17,11)	(17,12)	(17,13)	(17,14)	(18,2)	(18,3)	(18,4)	(18,5)	(18,6)	(18,7)	(18,8)	(18,9)	(18,10)	(18,11)	(18,12)	(18,13)	(18,14)	(18,15)	(18,16)	(18,17)	(18,18)	(18,19)	(18,20)	(19,4)	(19,5)	(19,6)	(19,7)	(19,8)	(19,9)	(19,10)	(19,11)	(19,12)	(19,13)	(19,14)	(19,15)	(19,16)	(19,17)	(19,18)	(19,19)	(20,5)	(20,6)	(20,7)	(20,8)	(20,9)	(20,10)	(20,11)	(20,12)	(20,13)	(20,14)	(20,15)	(20,16)	(20,17)	(20,18)	(20,20)	(21,5)	(21,6)	(21,7)	(21,8)	(21,9)	(21,10)	(21,11)	(21,12)	(21,13)	(21,14)	(21,15)	(21,16)	(21,17)	(22,5)	(22,6)	(22,7)	(22,18)	
(20,20):(14,8)	(15,9)	(15,10)	(16,1)	(16,8)	(16,9)	(16,10)	(16,11)	(16,12)	(17,2)	(17,3)	(17,4)	(17,5)	(17,6)	(17,7)	(17,8)	(17,9)	(17,10)	(17,11)	(17,12)	(17,13)	(17,14)	(18,2)	(18,3)	(18,4)	(18,5)	(18,6)	(18,7)	(18,8)	(18,9)	(18,10)	(18,11)	(18,12)	(18,13)	(18,14)	(18,15)	(18,16)	(18,17)	(18,18)	(18,19)	(18,20)	(19,4)	(19,5)	(19,6)	(19,7)	(19,8)	(19,9)	(19,10)	(19,11)	(19,12)	(19,13)	(19,14)	(19,15)	(19,16)	(19,17)	(19,18)	(19,19)	(20,5)	(20,6)	(20,7)	(20,8)	(20,9)	(20,10)	(20,11)	(20,12)	(20,13)	(20,14)	(20,15)	(20,16)	(20,17)	(20,18)	(20,20)	
(18,20):(15,29)	(15,30)	(16,1)	(16,8)	(16,26)	(16,27)	(16,28)	(16,29)	(16,30)	(17,2)	(17,3)	(17,4)	(17,5)	(17,6)	(17,7)	(17,8)	(17,9)	(17,10)	(17,11)	(17,12)	(17,13)	(17,14)	(17,23)	(17,24)	(17,25)	(17,26)	(17,27)	(17,28)	(17,29)	(17,30)	(18,2)	(18,3)	(18,4)	(18,5)	(18,6)	(18,7)	(18,8)	(18,9)	(18,10)	(18,11)	(18,12)	(18,13)	(18,14)	(18,15)	(18,16)	(18,17)	(18,18)	(18,19)	(18,20)	(18,30)	(19,1)	(19,4)	(19,5)	(19,6)	(19,7)	(19,8)	(19,9)	(19,10)	(19,11)	(19,12)	(19,13)	(19,14)	(19,15)	(19,16)	(19,17)	(19,18)	(19,19)	(20,5)	(20,6)	(20,7)	(20,8)	(20,9)	(20,10)	(20,11)	(20,12)	(20,13)	(20,14)	(20,15)	(20,16)	(20,17)	(20,18)	(20,20)	(21,5)	(21,6)	(21,7)	(21,8)	(21,9)	(21,10)	(21,11)	(21,12)	(21,13)	(21,14)	(21,15)	(21,16)	(21,17)	(22,5)	(22,6)	(22,7)	
(18,30):(12,27)	(13,28)	(13,29)	(13,31)	(14,28)	(14,29)	(14,30)	(15,24)	(15,27)	(15,28)	(15,29)	(15,30)	(16,24)	(16,25)	(16,26)	(16,27)	(16,28)	(16,29)	(16,30)	(17,2)	(17,3)	(17,4)	(17,5)	(17,6)	(17,7)	(17,8)	(17,9)	(17,10)	(17,11)	(17,12)	(17,13)	(17,14)	(17,23)	(17,24)	(17,25)	(17,26)	(17,27)	(17,28)	(17,29)	(17,30)	(18,2)	(18,3)	(18,4)	(18,5)	(18,6)	(18,7)	(18,8)	(18,9)	(18,10)	(18,11)	(18,12)	(18,13)	(18,14)	(18,15)	(18,16)	(18,17)	(18,18)	(18,19)	(18,20)	(18,30)	(21,30)	(21,31)	
(21,30):(13,31)	(14,30)	(15,30)	(16,30)	(17,30)	(18,30)	(21,30)	(21,31)	
(21,31):(13,29)	(13,31)	(14,29)	(14,30)	(15,29)	(15,30)	(16,30)	(17,30)	(18,30)	(21,30)	(21,31)	
(13,31):(13,28)	(13,29)	(13,31)	(14,28)	(14,29)	(14,30)	(15,27)	(15,28)	(15,29)	(15,30)	(16,25)	(16,26)	(16,27)	(16,28)	(16,29)	(16,30)	(17,23)	(17,24)	(17,25)	(17,26)	(17,27)	(17,28)	(17,29)	(17,30)	(18,30)	(21,30)	(21,31)	
(13,29):(12,27)	(12,29)	(13,28)	(13,29)	(13,31)	(14,28)	(14,29)	(14,30)	(15,27)	(15,28)	(15,29)	(15,30)	(16,26)	(16,27)	(16,28)	(16,29)	(16,30)	(17,25)	(17,26)	(17,27)	(17,28)	(17,29)	(17,30)	(18,30)	(21,31)	
(12,29):(12,27)	(12,29)	(13,28)	(13,29)	(14,28)	(14,29)	(15,27)	(15,28)	(15,29)	(16,27)	(16,28)	(16,29)	(17,26)	(17,27)	(17,28)	(17,29)	
(12,27):(12,27)	(12,29)	(13,28)	(13,29)	(14,28)	(14,29)	(14,30)	(15,27)	(15,28)	(15,29)	(15,30)	(16,27)	(16,28)	(16,29)	(16,30)	(17,27)	(17,28)	(17,29)	(17,30)	(18,30)	
(15,27):(12,27)	(12,29)	(13,28)	(13,29)	(13,31)	(14,28)	(14,29)	(14,30)	(15,24)	(15,27)	(15,28)	(15,29)	(15,30)	(16,24)	(16,25)	(16,26)	(16,27)	(16,28)	(16,29)	(16,30)	(17,23)	(17,24)	(17,25)	(17,26)	(17,27)	(17,28)	(17,29)	(17,30)	(18,30)	
(15,24):(7,22)	(7,24)	(8,23)	(9,23)	(10,23)	(11,23)	(15,24)	(15,27)	(15,28)	(15,29)	(15,30)	(16,24)	(16,25)	(16,26)	(16,27)	(16,28)	(16,29)	(16,30)	(17,23)	(17,24)	(17,25)	(17,26)	(17,27)	(17,28)	(17,29)	(17,30)	(18,30)	
(7,24):(7,11)	(7,12)	(7,13)	(7,14)	(7,15)	(7,16)	(7,17)	(7,18)	(7,19)	(7,20)	(7,21)	(7,22)	(7,24)	(8,10)	(8,19)	(8,20)	(8,21)	(8,22)	(8,23)	(9,20)	(9,21)	(9,22)	(9,23)	(10,19)	(10,21)	(10,22)	(10,23)	(11,21)	(11,23)	(15,24)	(16,24)	(17,23)	(17,24)	
(7,22):(6,11)	(6,12)	(6,13)	(6,22)	(7,11)	(7,12)	(7,13)	(7,14)	(7,15)	(7,16)	(7,17)	(7,18)	(7,19)	(7,20)	(7,21)	(7,22)	(7,24)	(8,10)	(8,19)	(8,20)	(8,21)	(8,22)	(8,23)	(9,20)	(9,21)	(9,22)	(9,23)	(10,19)	(10,21)	(10,22)	(10,23)	(11,21)	(11,23)	(15,24)	
(6,22):(6,11)	(6,12)	(6,13)	(6,22)	(7,11)	(7,12)	(7,13)	(7,14)	(7,15)	(7,16)	(7,17)	(7,18)	(7,19)	(7,20)	(7,21)	(7,22)	(8,10)	(8,19)	(8,20)	(8,21)	(8,22)	(9,20)	(9,21)	(9,22)	(10,19)	(10,21)	(10,22)	(11,21)	
(6,13):(1,11)	(1,13)	(2,9)	(2,11)	(2,12)	(3,9)	(3,10)	(3,11)	(3,12)	(4,7)	(4,8)	(4,9)	(4,10)	(4,11)	(4,12)	(5,10)	(5,11)	(5,12)	(6,11)	(6,12)	(6,13)	(6,22)	(7,11)	(7,12)	(7,13)	(7,14)	(7,15)	(7,16)	(7,17)	(7,18)	(7,19)	(7,20)	(7,21)	(7,22)	(8,10)	(8,19)	(8,20)	(8,21)	(8,22)	(8,23)	(9,22)	(9,23)	
(1,13):(1,11)	(1,13)	(2,11)	(2,12)	(3,9)	(3,10)	(3,11)	(3,12)	(4,7)	(4,8)	(4,9)	(4,10)	(4,11)	(4,12)	(5,5)	(5,6)	(5,10)	(5,11)	(5,12)	(6,4)	(6,11)	(6,12)	(6,13)	(7,11)	(7,12)	(7,13)	(8,10)	
(1,11):(1,11)	(1,13)	(2,11)	(2,12)	(3,11)	(3,12)	(4,11)	(4,12)	(5,11)	(5,12)	(6,11)	(6,12)	(6,13)	(7,11)	(7,12)	(7,13)	
(2,11):(1,11)	(1,13)	(2,9)	(2,11)	(2,12)	(3,9)	(3,10)	(3,11)	(3,12)	(4,7)	(4,8)	(4,9)	(4,10)	(4,11)	(4,12)	(5,5)	(5,6)	(5,10)	(5,11)	(5,12)	(6,4)	(6,11)	(6,12)	(6,13)	(7,11)	(7,12)	(7,13)	(8,10)	
(2,9):(2,9)	(2,11)	(2,12)	(3,9)	(3,10)	(3,11)	(3,12)	(4,9)	(4,10)	(4,11)	(4,12)	(5,10)	(5,11)	(5,12)	(6,11)	(6,12)	(6,13)	(7,11)	(7,12)	(7,13)	(7,14)	
(3,9):(1,13)	(2,9)	(2,11)	(2,12)	(3,2)	(3,9)	(3,10)	(3,11)	(3,12)	(4,2)	(4,3)	(4,4)	(4,5)	(4,6)	(4,7)	(4,8)	(4,9)	(4,10)	(4,11)	(4,12)	(5,4)	(5,5)	(5,6)	(5,10)	(5,11)	(5,12)	(6,4)	(6,11)	(6,12)	(6,13)	(7,11)	(7,12)	(7,13)	(7,14)	
(3,2):(3,2)	(3,9)	(3,10)	(3,11)	(3,12)	(4,2)	(4,3)	(4,4)	(4,5)	(4,6)	(4,7)	(4,8)	(4,9)	(4,10)	(4,11)	(4,12)	(5,4)	(5,5)	(5,6)	(5,10)	(5,11)	(5,12)	(6,5)	
(4,2):(3,2)	(3,9)	(3,10)	(3,11)	(3,12)	(4,2)	(4,3)	(4,4)	(4,5)	(4,6)	(4,7)	(4,8)	(4,9)	(4,10)	(4,11)	(4,12)	
(4,3):(3,2)	(3,9)	(3,10)	(3,11)	(3,12)	(4,2)	(4,3)	(4,4)	(4,5)	(4,6)	(4,7)	(4,8)	(4,9)	(4,10)	(4,11)	(4,12)	(5,4)	(5,5)	(5,6)	(5,10)	(5,11)	(5,12)	(6,4)	(6,5)	(7,4)	(7,5)	(8,4)	(8,5)	(9,3)	(9,6)	
(9,3):(4,3)	(4,4)	(4,5)	(4,6)	(5,4)	(5,5)	(5,6)	(6,4)	(6,5)	(7,4)	(7,5)	(8,4)	(8,5)	(9,3)	(9,6)	
(9,6):(4,3)	(4,4)	(4,5)	(4,6)	(5,4)	(5,5)	(5,6)	(6,4)	(6,5)	(7,4)	(7,5)	(8,4)	(8,5)	(9,3)	(9,6)	
(5,6):(1,13)	(2,11)	(2,12)	(3,2)	(3,9)	(3,10)	(3,11)	(3,12)	(4,3)	(4,4)	(4,5)	(4,6)	(4,7)	(4,8)	(4,9)	(4,10)	(4,11)	(4,12)	(5,4)	(5,5)	(5,6)	(5,10)	(5,11)	(5,12)	(6,4)	(6,5)	(7,4)	(7,5)	(8,4)	(8,5)	(9,3)	(9,6)	
(5,10):(1,13)	(2,9)	(2,11)	(2,12)	(3,2)	(3,9)	(3,10)	(3,11)	(3,12)	(4,3)	(4,4)	(4,5)	(4,6)	(4,7)	(4,8)	(4,9)	(4,10)	(4,11)	(4,12)	(5,4)	(5,5)	(5,6)	(5,10)	(5,11)	(5,12)	(6,11)	(6,12)	(6,13)	(7,11)	(7,12)	(7,13)	(7,14)	(7,15)	(7,16)	(8,10)	(8,19)	
(8,10):(1,13)	(2,11)	(2,12)	(3,10)	(3,11)	(3,12)	(4,10)	(4,11)	(4,12)	(5,10)	(5,11)	(5,12)	(6,11)	(6,12)	(6,13)	(6,22)	(7,11)	(7,12)	(7,13)	(7,14)	(7,15)	(7,16)	(7,17)	(7,18)	(7,19)	(7,20)	(7,21)	(7,22)	(7,24)	(8,10)	(8,19)	(8,20)	(8,21)	(8,22)	(8,23)	
(8,19):(5,10)	(6,11)	(6,12)	(6,13)	(6,22)	(7,11)	(7,12)	(7,13)	(7,14)	(7,15)	(7,16)	(7,17)	(7,18)	(7,19)	(7,20)	(7,21)	(7,22)	(7,24)	(8,10)	(8,19)	(8,20)	(8,21)	(8,22)	(8,23)	(9,20)	(9,21)	(9,22)	(9,23)	(10,19)	(10,21)	(10,22)	(10,23)	(11,23)	
(10,19):(6,22)	(7,19)	(7,20)	(7,21)	(7,22)	(7,24)	(8,19)	(8,20)	(8,21)	(8,22)	(8,23)	(9,20)	(9,21)	(9,22)	(9,23)	(10,19)	(10,21)	(10,22)	(10,23)	
(10,21):(6,22)	(7,18)	(7,19)	(7,20)	(7,21)	(7,22)	(7,24)	(8,19)	(8,20)	(8,21)	(8,22)	(8,23)	(9,20)	(9,21)	(9,22)	(9,23)	(10,19)	(10,21)	(10,22)	(10,23)	(11,21)	(11,23)	
(11,21):(6,22)	(7,21)	(7,22)	(7,24)	(8,21)	(8,22)	(8,23)	(9,21)	(9,22)	(9,23)	(10,21)	(10,22)	(10,23)	(11,21)	(11,23)	
(11,23):(7,18)	(7,19)	(7,20)	(7,21)	(7,22)	(7,24)	(8,19)	(8,20)	(8,21)	(8,22)	(8,23)	(9,20)	(9,21)	(9,22)	(9,23)	(10,21)	(10,22)	(10,23)	(11,21)	(11,23)	(15,24)	(16,24)	(17,23)	(17,24)	
(17,23):(7,24)	(8,23)	(9,23)	(10,23)	(11,23)	(13,31)	(14,29)	(14,30)	(15,24)	(15,27)	(15,28)	(15,29)	(15,30)	(16,24)	(16,25)	(16,26)	(16,27)	(16,28)	(16,29)	(16,30)	(17,2)	(17,3)	(17,4)	(17,5)	(17,6)	(17,7)	(17,8)	(17,9)	(17,10)	(17,11)	(17,12)	(17,13)	(17,14)	(17,23)	(17,24)	(17,25)	(17,26)	(17,27)	(17,28)	(17,29)	(17,30)	(18,2)	(18,3)	(18,4)	(18,5)	(18,6)	(18,7)	(18,8)	(18,9)	(18,10)	(18,11)	(18,12)	(18,13)	(18,14)	(18,15)	(18,16)	(18,17)	(18,18)	(18,19)	(18,20)	(18,30)	(19,1)	(19,4)	(19,5)	(19,6)	(19,7)	(19,8)	(19,9)	(19,10)	(19,11)	(19,12)	(19,13)	(19,14)	(19,15)	(19,16)	(19,17)	(20,5)	(20,6)	(20,7)	(20,8)	(20,9)	(20,10)	(20,11)	(20,12)	(20,13)	(20,14)	(21,5)	(21,6)	(21,7)	(21,8)	(21,9)	(21,10)	(21,11)	(22,5)	(22,6)	(22,7)	
(17,14):(14,8)	(14,14)	(15,9)	(15,10)	(15,11)	(15,12)	(15,13)	(16,1)	(16,8)	(16,9)	(16,10)	(16,11)	(16,12)	(16,13)	(17,2)	(17,3)	(17,4)	(17,5)	(17,6)	(17,7)	(17,8)	(17,9)	(17,10)	(17,11)	(17,12)	(17,13)	(17,14)	(17,23)	(17,24)	(17,25)	(17,26)	(17,27)	(17,28)	(17,29)	(17,30)	(18,2)	(18,3)	(18,4)	(18,5)	(18,6)	(18,7)	(18,8)	(18,9)	(18,10)	(18,11)	(18,12)	(18,13)	(18,14)	(18,15)	(18,16)	(18,17)	(18,18)	(18,19)	(18,20)	(18,30)	(19,1)	(19,4)	(19,5)	(19,6)	(19,7)	(19,8)	(19,9)	(19,10)	(19,11)	(19,12)	(19,13)	(19,14)	(19,15)	(19,16)	(19,17)	(19,18)	(19,19)	(20,5)	(20,6)	(20,7)	(20,8)	(20,9)	(20,10)	(20,11)	(20,12)	(20,13)	(20,14)	(20,15)	(20,16)	(20,17)	(20,18)	(20,20)	(21,5)	(21,6)	(21,7)	(21,8)	(21,9)	(21,10)	(21,11)	(21,12)	(21,13)	(21,14)	(21,15)	(21,16)	(21,17)	(22,5)	(22,6)	(22,7)	(22,18)	(23,5)	
(14,14):(14,8)	(14,14)	(15,9)	(15,10)	(15,11)	(15,12)	(15,13)	(16,8)	(16,9)	(16,10)	(16,11)	(16,12)	(16,13)	(17,5)	(17,6)	(17,7)	(17,8)	(17,9)	(17,10)	(17,11)	(17,12)	(17,13)	(17,14)	(18,2)	(18,3)	(18,4)	(18,5)	(18,6)	(18,7)	(18,8)	(18,9)	(18,10)	(18,11)	(18,12)	(18,13)	(18,14)	(19,1)	(19,4)	(19,5)	(19,6)	(19,7)	(19,8)	(19,9)	(19,10)	(19,11)	(19,12)	(19,13)	(19,14)	(20,5)	(20,6)	(20,7)	(20,8)	(20,9)	(20,10)	(20,11)	(20,12)	(20,13)	(20,14)	(21,5)	(21,6)	(21,7)	(21,8)	(21,9)	(21,10)	(21,11)	(21,12)	(21,13)	(21,14)	(22,5)	(22,6)	(22,7)	(23,5)	(23,6)	(24,5)	
(14,8):(14,8)	(14,14)	(15,9)	(15,10)	(15,11)	(15,12)	(15,13)	(16,8)	(16,9)	(16,10)	(16,11)	(16,12)	(16,13)	(17,8)	(17,9)	(17,10)	(17,11)	(17,12)	(17,13)	(17,14)	(18,8)	(18,9)	(18,10)	(18,11)	(18,12)	(18,13)	(18,14)	(18,15)	(18,16)	(19,8)	(19,9)	(19,10)	(19,11)	(19,12)	(19,13)	(19,14)	(19,15)	(19,16)	(19,17)	(19,18)	(20,8)	(20,9)	(20,10)	(20,11)	(20,12)	(20,13)	(20,14)	(20,15)	(20,16)	(20,17)	(20,18)	(20,20)	(21,8)	(21,9)	(21,10)	(21,11)	(21,12)	(21,13)	(21,14)	(21,15)	(21,16)	(21,17)	(22,18)	
(16,8):(14,8)	(14,14)	(15,9)	(15,10)	(15,11)	(15,12)	(15,13)	(16,1)	(16,8)	(16,9)	(16,10)	(16,11)	(16,12)	(16,13)	(17,2)	(17,3)	(17,4)	(17,5)	(17,6)	(17,7)	(17,8)	(17,9)	(17,10)	(17,11)	(17,12)	(17,13)	(17,14)	(18,2)	(18,3)	(18,4)	(18,5)	(18,6)	(18,7)	(18,8)	(18,9)	(18,10)	(18,11)	(18,12)	(18,13)	(18,14)	(18,15)	(18,16)	(18,17)	(18,18)	(18,19)	(18,20)	(19,1)	(19,4)	(19,5)	(19,6)	(19,7)	(19,8)	(19,9)	(19,10)	(19,11)	(19,12)	(19,13)	(19,14)	(19,15)	(19,16)	(19,17)	(19,18)	(19,19)	(20,5)	(20,6)	(20,7)	(20,8)	(20,9)	(20,10)	(20,11)	(20,12)	(20,13)	(20,14)	(20,15)	(20,16)	(20,17)	(20,18)	(20,20)	(21,5)	(21,6)	(21,7)	(21,8)	(21,9)	(21,10)	(21,11)	(21,12)	(21,13)	(21,14)	(21,15)	(21,16)	(21,17)	(22,5)	(22,6)	(22,7)	(22,18)	(23,5)	(23,6)	(24,5)	(24,6)	(25,5)	(25,6)	(26,4)	(26,5)	(26,6)	(27,5)	
(16,1):(16,1)	(16,8)	(16,9)	(16,10)	(16,11)	(16,12)	(16,13)	(17,2)	(17,3)	(17,4)	(17,5)	(17,6)	(17,7)	(17,8)	(17,9)	(17,10)	(17,11)	(17,12)	(17,13)	(17,14)	(18,2)	(18,3)	(18,4)	(18,5)	(18,6)	(18,7)	(18,8)	(18,9)	(18,10)	(18,11)	(18,12)	(18,13)	(18,14)	(18,15)	(18,16)	(18,17)	(18,18)	(18,19)	(18,20)	(19,1)	(19,4)	(19,5)	(19,6)	(19,7)	(19,8)	(19,9)	(19,10)	(19,11)	(19,12)	(19,13)	(19,14)	(19,15)	(19,16)	(19,17)	(19,18)	(19,19)	(20,5)	(20,6)	(20,7)	(20,8)	(20,9)	(20,10)	(20,11)	(20,12)	(20,13)	(20,14)	(20,15)	(20,16)	(20,17)	(20,18)	(20,20)	(21,6)	(21,7)	(21,8)	(21,9)	(21,10)	(21,11)	(21,12)	(21,13)	(21,14)	(21,15)	(21,16)	(21,17)	(22,7)	(22,18)	
(19,1):(14,14)	(15,11)	(15,12)	(15,13)	(16,1)	(16,8)	(16,9)	(16,10)	(16,11)	(16,12)	(16,13)	(17,2)	(17,3)	(17,4)	(17,5)	(17,6)	(17,7)	(17,8)	(17,9)	(17,10)	(17,11)	(17,12)	(17,13)	(17,14)	(17,23)	(17,24)	(17,25)	(17,26)	(17,27)	(17,28)	(17,29)	(17,30)	(18,2)	(18,3)	(18,4)	(18,5)	(18,6)	(18,7)	(18,8)	(18,9)	(18,10)	(18,11)	(18,12)	(18,13)	(18,14)	(18,15)	(18,16)	(18,17)	(18,18)	(18,19)	(18,20)	(19,1)	(19,4)	(19,5)	(19,6)	(19,7)	(19,8)	(19,9)	(19,10)	(19,11)	(19,12)	(19,13)	(19,14)	(19,15)	(19,16)	(19,17)	(19,18)	(19,19)	
(19,4):(14,14)	(15,10)	(15,11)	(15,12)	(15,13)	(16,1)	(16,8)	(16,9)	(16,10)	(16,11)	(16,12)	(16,13)	(17,2)	(17,3)	(17,4)	(17,5)	(17,6)	(17,7)	(17,8)	(17,9)	(17,10)	(17,11)	(17,12)	(17,13)	(17,14)	(17,23)	(17,24)	(17,25)	(17,26)	(17,27)	(17,28)	(17,29)	(17,30)	(18,2)	(18,3)	(18,4)	(18,5)	(18,6)	(18,7)	(18,8)	(18,9)	(18,10)	(18,11)	(18,12)	(18,13)	(18,14)	(18,15)	(18,16)	(18,17)	(18,18)	(18,19)	(18,20)	(19,1)	(19,4)	(19,5)	(19,6)	(19,7)	(19,8)	(19,9)	(19,10)	(19,11)	(19,12)	(19,13)	(19,14)	(19,15)	(19,16)	(19,17)	(19,18)	(19,19)	(20,5)	(20,6)	(20,7)	(20,8)	(20,9)	(20,10)	(20,11)	(20,12)	(20,13)	(20,14)	(20,15)	(20,16)	(20,17)	(20,18)	(20,20)	(21,5)	(21,6)	(21,7)	(21,8)	(21,9)	(21,10)	(21,11)	(21,12)	(21,13)	(21,14)	(21,15)	(21,16)	(21,17)	(22,5)	(22,6)	(22,7)	(22,18)	(23,5)	(23,6)	(23,7)	(24,5)	(24,6)	(24,7)	(25,5)	(25,6)	(25,7)	(25,8)	(26,4)	(26,5)	(26,6)	(26,7)	(26,8)	(26,9)	
(26,4):(15,9)	(15,10)	(15,11)	(15,12)	(16,8)	(16,9)	(16,10)	(16,11)	(17,4)	(17,5)	(17,6)	(17,7)	(17,8)	(17,9)	(17,10)	(18,4)	(18,5)	(18,6)	(18,7)	(18,8)	(18,9)	(18,10)	(19,4)	(19,5)	(19,6)	(19,7)	(19,8)	(19,9)	(20,5)	(20,6)	(20,7)	(20,8)	(21,5)	(21,6)	(21,7)	(22,5)	(22,6)	(22,7)	(23,5)	(23,6)	(23,7)	(24,5)	(24,6)	(24,7)	(24,8)	(24,9)	(24,10)	(24,11)	(24,12)	(24,13)	(24,14)	(24,15)	(24,16)	(24,17)	(25,5)	(25,6)	(25,7)	(25,8)	(25,9)	(25,10)	(25,11)	(25,12)	(25,13)	(25,14)	(25,15)	(25,16)	(26,4)	(26,5)	(26,6)	(26,7)	(26,8)	(26,9)	(26,10)	(26,11)	(26,12)	(26,13)	(26,14)	(26,15)	
(26,5):(15,9)	(15,10)	(16,8)	(16,9)	(16,10)	(17,4)	(17,5)	(17,6)	(17,7)	(17,8)	(17,9)	(18,4)	(18,5)	(18,6)	(18,7)	(18,8)	(18,9)	(19,4)	(19,5)	(19,6)	(19,7)	(19,8)	(20,5)	(20,6)	(20,7)	(20,8)	(21,5)	(21,6)	(21,7)	(22,5)	(22,6)	(22,7)	(23,5)	(23,6)	(23,7)	(24,5)	(24,6)	(24,7)	(24,8)	(24,9)	(24,10)	(24,11)	(24,12)	(24,13)	(24,14)	(24,15)	(24,16)	(24,17)	(25,5)	(25,6)	(25,7)	(25,8)	(25,9)	(25,10)	(25,11)	(25,12)	(25,13)	(25,14)	(25,15)	(25,16)	(26,4)	(26,5)	(26,6)	(26,7)	(26,8)	(26,9)	(26,10)	(26,11)	(26,12)	(26,13)	(26,14)	(26,15)	(27,5)	(27,12)	(27,13)	(27,14)	(27,15)	
(27,5):(15,9)	(16,8)	(16,9)	(17,5)	(17,6)	(17,7)	(17,8)	(17,9)	(18,5)	(18,6)	(18,7)	(18,8)	(19,5)	(19,6)	(19,7)	(19,8)	(20,5)	(20,6)	(20,7)	(21,5)	(21,6)	(21,7)	(22,5)	(22,6)	(22,7)	(23,5)	(23,6)	(23,7)	(24,5)	(24,6)	(24,7)	(24,8)	(24,9)	(24,10)	(24,11)	(24,12)	(24,13)	(24,14)	(24,15)	(24,16)	(24,17)	(25,5)	(25,6)	(25,7)	(25,8)	(25,9)	(25,10)	(25,11)	(25,12)	(25,13)	(25,14)	(25,15)	(25,16)	(26,5)	(26,6)	(26,7)	(26,8)	(26,9)	(26,10)	(26,11)	(26,12)	(26,13)	(26,14)	(26,15)	(27,5)	(27,12)	(27,13)	(27,14)	(27,15)	
(27,12):(22,5)	(23,5)	(23,6)	(23,7)	(24,5)	(24,6)	(24,7)	(24,8)	(24,9)	(24,10)	(24,11)	(24,12)	(24,13)	(24,14)	(24,15)	(24,16)	(24,17)	(25,5)	(25,6)	(25,7)	(25,8)	(25,9)	(25,10)	(25,11)	(25,12)	(25,13)	(25,14)	(25,15)	(25,16)	(26,5)	(26,6)	(26,7)	(26,8)	(26,9)	(26,10)	(26,11)	(26,12)	(26,13)	(26,14)	(26,15)	(27,5)	(27,12)	(27,13)	(27,14)	(27,15)	(28,13)	(28,14)	(28,15)	(28,16)	(29,12)	(29,15)	
(29,12):(24,12)	(24,13)	(24,14)	(24,15)	(24,16)	(24,17)	(25,12)	(25,13)	(25,14)	(25,15)	(25,16)	(26,12)	(26,13)	(26,14)	(26,15)	(27,12)	(27,13)	(27,14)	(27,15)	(28,13)	(28,14)	(28,15)	(29,12)	(29,15)	
(29,15):(22,5)	(23,6)	(23,7)	(24,8)	(24,9)	(24,10)	(24,11)	(24,12)	(24,13)	(24,14)	(24,15)	(25,9)	(25,10)	(25,11)	(25,12)	(25,13)	(25,14)	(25,15)	(26,11)	(26,12)	(26,13)	(26,14)	(26,15)	(27,12)	(27,13)	(27,14)	(27,15)	(28,13)	(28,14)	(28,15)	(29,12)	(29,15)	
(28,15):(22,5)	(23,5)	(23,6)	(23,7)	(24,5)	(24,6)	(24,7)	(24,8)	(24,9)	(24,10)	(24,11)	(24,12)	(24,13)	(24,14)	(24,15)	(24,16)	(25,6)	(25,7)	(25,8)	(25,9)	(25,10)	(25,11)	(25,12)	(25,13)	(25,14)	(25,15)	(25,16)	(26,9)	(26,10)	(26,11)	(26,12)	(26,13)	(26,14)	(26,15)	(27,12)	(27,13)	(27,14)	(27,15)	(28,13)	(28,14)	(28,15)	(28,16)	(29,12)	(29,15)	
(28,16):(22,5)	(23,5)	(23,6)	(23,7)	(24,5)	(24,6)	(24,7)	(24,8)	(24,9)	(24,10)	(24,11)	(24,12)	(24,13)	(24,14)	(24,15)	(24,16)	(25,5)	(25,6)	(25,7)	(25,8)	(25,9)	(25,10)	(25,11)	(25,12)	(25,13)	(25,14)	(25,15)	(25,16)	(26,8)	(26,9)	(26,10)	(26,11)	(26,12)	(26,13)	(26,14)	(26,15)	(27,12)	(27,13)	(27,14)	(27,15)	(28,13)	(28,14)	(28,15)	(28,16)	
(25,16):(23,5)	(23,6)	(23,7)	(24,5)	(24,6)	(24,7)	(24,8)	(24,9)	(24,10)	(24,11)	(24,12)	(24,13)	(24,14)	(24,15)	(24,16)	(24,17)	(25,5)	(25,6)	(25,7)	(25,8)	(25,9)	(25,10)	(25,11)	(25,12)	(25,13)	(25,14)	(25,15)	(25,16)	(25,17)	(26,4)	(26,5)	(26,6)	(26,7)	(26,8)	(26,9)	(26,10)	(26,11)	(26,12)	(26,13)	(26,14)	(26,15)	(27,5)	(27,12)	(27,13)	(27,14)	(27,15)	(28,13)	(28,14)	(28,15)	(28,16)	(29,12)	
(25,17):(23,5)	(23,6)	(23,7)	(24,5)	(24,6)	(24,7)	(24,8)	(24,9)	(24,10)	(24,11)	(24,12)	(24,13)	(24,14)	(24,15)	(24,16)	(24,17)	(25,5)	(25,6)	(25,7)	(25,8)	(25,9)	(25,10)	(25,11)	(25,12)	(25,13)	(25,14)	(25,15)	(25,16)	(25,17)	
(24,17):(23,5)	(23,6)	(23,7)	(23,26)	(24,5)	(24,6)	(24,7)	(24,8)	(24,9)	(24,10)	(24,11)	(24,12)	(24,13)	(24,14)	(24,15)	(24,16)	(24,17)	(24,25)	(25,5)	(25,6)	(25,7)	(25,8)	(25,9)	(25,10)	(25,11)	(25,12)	(25,13)	(25,14)	(25,15)	(25,16)	(25,17)	(26,4)	(26,5)	(26,6)	(26,7)	(26,8)	(26,9)	(26,10)	(26,11)	(26,12)	(26,13)	(26,14)	(26,15)	(27,5)	(27,12)	(27,13)	(27,14)	(28,13)	(29,12)	
(24,25):(23,5)	(23,6)	(23,7)	(23,26)	(24,5)	(24,6)	(24,7)	(24,8)	(24,9)	(24,10)	(24,11)	(24,12)	(24,13)	(24,14)	(24,15)	(24,16)	(24,17)	(24,25)	(30,26)	(31,25)	
(31,25):(23,26)	(24,25)	(30,26)	(30,28)	(31,25)	(31,28)	
(31,28):(30,26)	(30,28)	(31,25)	(31,28)	
(30,28):3.000000
(30,26):10.083333
(23,26):38.388889
(23,7):86.902779
(22,7):118.187645
(22,18):96.435715
(20,18):101.996750
(20,20):69.718750
(18,20):113.051285
(18,30):64.431252
(21,30):8.000000
(21,31):12.875000
(13,31):32.000000
(13,29):28.600000
(12,29):15.000000
(12,27):22.000000
(15,27):35.500000
(15,24):34.500000
(7,24):34.049999
(7,22):41.500000
(6,22):31.000000
(6,13):50.944443
(1,13):27.571428
(1,11):14.800000
(2,11):29.700001
(2,9):21.500000
(3,9):38.416668
(3,2):23.625000
(4,2):12.142858
(4,3):34.976189
(9,3):19.500000
(9,6):18.299999
(5,6):37.250000
(5,10):41.761906
(8,10):39.916668
(8,19):40.375000
(10,19):18.000000
(10,21):23.250000
(11,21):13.000000
(11,23):30.666666
(17,23):102.477676
(17,14):121.245537
(14,14):77.976189
(14,8):65.000000
(16,8):115.916664
(16,1):91.000000
(19,1):69.058212
(19,4):134.849075
(26,4):83.408333
(26,5):88.140259
(27,5):72.163635
(27,12):60.111904
(29,12):24.833334
(29,15):32.041668
(28,15):47.812500
(28,16):46.500000
(25,16):57.333332
(25,17):26.900000
(24,17):58.450001
(24,25):29.333334
(31,25):10.000000
(31,28):3.250000
(30,28),(30,26):3.000000
(30,28),(23,26):1.000000
(30,28),(23,7):0.000000
(30,28),(22,7):0.000000
(30,28),(22,18):0.000000
(30,28),(20,18):0.000000
(30,28),(20,20):0.000000
(30,28),(18,20):0.000000
(30,28),(18,30):0.000000
(30,28),(21,30):0.000000
(30,28),(21,31):0.000000
(30,28),(13,31):0.000000
(30,28),(13,29):0.000000
(30,28),(12,29):0.000000
(30,28),(12,27):0.000000
(30,28),(15,27):0.000000
(30,28),(15,24):0.000000
(30,28),(7,24):0.000000
(30,28),(7,22):0.000000
(30,28),(6,22):0.000000
(30,28),(6,13):0.000000
(30,28),(1,13):0.000000
(30,28),(1,11):0.000000
(30,28),(2,11):0.000000
(30,28),(2,9):0.000000
(30,28),(3,9):0.000000
(30,28),(3,2):0.000000
(30,28),(4,2):0.000000
(30,28),(4,3):0.000000
(30,28),(9,3):0.000000
(30,28),(9,6):0.000000
(30,28),(5,6):0.000000
(30,28),(5,10):0.000000
(30,28),(8,10):0.000000
(30,28),(8,19):0.000000
(30,28),(10,19):0.000000
(30,28),(10,21):0.000000
(30,28),(11,21):0.000000
(30,28),(11,23):0.000000
(30,28),(17,23):0.000000
(30,28),(17,14):0.000000
(30,28),(14,14):0.000000
(30,28),(14,8):0.000000
(30,28),(16,8):0.000000
(30,28),(16,1):0.000000
(30,28),(19,1):0.000000
(30,28),(19,4):0.000000
(30,28),(26,4):0.000000
(30,28),(26,5):0.000000
(30,28),(27,5):0.000000
(30,28),(27,12):0.000000
(30,28),(29,12):0.000000
(30,28),(29,15):0.000000
(30,28),(28,15):0.000000
(30,28),(28,16):0.000000
(30,28),(25,16):0.000000
(30,28),(25,17):0.000000
(30,28),(24,17):0.000000
(30,28),(24,25):1.083333
(30,28),(31,25):3.000000
(30,28),(31,28):3.000000
(30,26),(23,26):8.083333
(30,26),(23,7):1.111111
(30,26),(22,7):0.000000
(30,26),(22,18):0.000000
(30,26),(20,18):0.000000
(30,26),(20,20):0.000000
(30,26),(18,20):0.000000
(30,26),(18,30):0.000000
(30,26),(21,30):0.000000
(30,26),(21,31):0.000000
(30,26),(13,31):0.000000
(30,26),(13,29):0.000000
(30,26),(12,29):0.000000
(30,26),(12,27):0.000000
(30,26),(15,27):0.000000
(30,26),(15,24):0.000000
(30,26),(7,24):0.000000
(30,26),(7,22):0.000000
(30,26),(6,22):0.000000
(30,26),(6,13):0.000000
(30,26),(1,13):0.000000
(30,26),(1,11):0.000000
(30,26),(2,11):0.000000
(30,26),(2,9):0.000000
(30,26),(3,9):0.000000
(30,26),(3,2):0.000000
(30,26),(4,2):0.000000
(30,26),(4,3):0.000000
(30,26),(9,3):0.000000
(30,26),(9,6):0.000000
(30,26),(5,6):0.000000
(30,26),(5,10):0.000000
(30,26),(8,10):0.000000
(30,26),(8,19):0.000000
(30,26),(10,19):0.000000
(30,26),(10,21):0.000000
(30,26),(11,21):0.000000
(30,26),(11,23):0.000000
(30,26),(17,23):0.000000
(30,26),(17,14):0.000000
(30,26),(14,14):0.000000
(30,26),(14,8):0.000000
(30,26),(16,8):0.000000
(30,26),(16,1):0.000000
(30,26),(19,1):0.000000
(30,26),(19,4):0.000000
(30,26),(26,4):0.000000
(30,26),(26,5):0.000000
(30,26),(27,5):0.000000
(30,26),(27,12):0.000000
(30,26),(29,12):0.000000
(30,26),(29,15):0.000000
(30,26),(28,15):0.000000
(30,26),(28,16):0.000000
(30,26),(25,16):0.000000
(30,26),(25,17):0.000000
(30,26),(24,17):1.083333
(30,26),(24,25):8.166667
(30,26),(31,25):10.000000
(30,26),(31,28):3.250000
(23,26),(23,7):31.416666
(23,26),(22,7):6.833333
(23,26),(22,18):0.000000
(23,26),(20,18):0.000000
(23,26),(20,20):0.000000
(23,26),(18,20):0.000000
(23,26),(18,30):0.000000
(23,26),(21,30):0.000000
(23,26),(21,31):0.000000
(23,26),(13,31):0.000000
(23,26),(13,29):0.000000
(23,26),(12,29):0.000000
(23,26),(12,27):0.000000
(23,26),(15,27):0.000000
(23,26),(15,24):0.000000
(23,26),(7,24):0.000000
(23,26),(7,22):0.000000
(23,26),(6,22):0.000000
(23,26),(6,13):0.000000
(23,26),(1,13):0.000000
(23,26),(1,11):0.000000
(23,26),(2,11):0.000000
(23,26),(2,9):0.000000
(23,26),(3,9):0.000000
(23,26),(3,2):0.000000
(23,26),(4,2):0.000000
(23,26),(4,3):0.000000
(23,26),(9,3):0.000000
(23,26),(9,6):0.000000
(23,26),(5,6):0.000000
(23,26),(5,10):0.000000
(23,26),(8,10):0.000000
(23,26),(8,19):0.000000
(23,26),(10,19):0.000000
(23,26),(10,21):0.000000
(23,26),(11,21):0.000000
(23,26),(11,23):0.000000
(23,26),(17,23):0.000000
(23,26),(17,14):0.914286
(23,26),(14,14):2.580357
(23,26),(14,8):0.000000
(23,26),(16,8):6.094864
(23,26),(16,1):0.000000
(23,26),(19,1):0.000000
(23,26),(19,4):8.376068
(23,26),(26,4):25.638889
(23,26),(26,5):25.388889
(23,26),(27,5):22.000000
(23,26),(27,12):23.222221
(23,26),(29,12):6.888889
(23,26),(29,15):12.325397
(23,26),(28,15):20.474360
(23,26),(28,16):21.059830
(23,26),(25,16):22.888889
(23,26),(25,17):21.500000
(23,26),(24,17):31.388889
(23,26),(24,25):29.000000
(23,26),(31,25):8.000000
(23,26),(31,28):1.250000
(23,7),(22,7):35.375000
(23,7),(22,18):21.375000
(23,7),(20,18):22.193182
(23,7),(20,20):15.375000
(23,7),(18,20):22.759615
(23,7),(18,30):6.929816
(23,7),(21,30):0.000000
(23,7),(21,31):0.000000
(23,7),(13,31):0.000000
(23,7),(13,29):0.000000
(23,7),(12,29):0.000000
(23,7),(12,27):0.000000
(23,7),(15,27):0.000000
(23,7),(15,24):0.000000
(23,7),(7,24):0.000000
(23,7),(7,22):0.000000
(23,7),(6,22):0.000000
(23,7),(6,13):0.000000
(23,7),(1,13):0.000000
(23,7),(1,11):0.000000
(23,7),(2,11):0.000000
(23,7),(2,9):0.000000
(23,7),(3,9):0.000000
(23,7),(3,2):0.000000
(23,7),(4,2):0.000000
(23,7),(4,3):0.000000
(23,7),(9,3):0.000000
(23,7),(9,6):0.000000
(23,7),(5,6):0.000000
(23,7),(5,10):0.000000
(23,7),(8,10):0.000000
(23,7),(8,19):0.000000
(23,7),(10,19):0.000000
(23,7),(10,21):0.000000
(23,7),(11,21):0.000000
(23,7),(11,23):0.000000
(23,7),(17,23):17.906250
(23,7),(17,14):24.589285
(23,7),(14,14):21.476191
(23,7),(14,8):0.000000
(23,7),(16,8):33.291668
(23,7),(16,1):16.875000
(23,7),(19,1):12.375000
(23,7),(19,4):41.303570
(23,7),(26,4):62.208332
(23,7),(26,5):74.740257
(23,7),(27,5):61.909092
(23,7),(27,12):57.611904
(23,7),(29,12):22.333334
(23,7),(29,15):29.541666
(23,7),(28,15):45.312500
(23,7),(28,16):45.875000
(23,7),(25,16):54.833332
(23,7),(25,17):26.900000
(23,7),(24,17):57.338890
(23,7),(24,25):22.277779
(23,7),(31,25):1.027778
(23,7),(31,28):0.000000
(22,7),(22,18):92.566666
(22,7),(20,18):97.121216
(22,7),(20,20):64.828674
(22,7),(18,20):88.905594
(22,7),(18,30):24.684616
(22,7),(21,30):0.112981
(22,7),(21,31):0.215462
(22,7),(13,31):0.784615
(22,7),(13,29):0.531080
(22,7),(12,29):0.265329
(22,7),(12,27):0.423077
(22,7),(15,27):0.784615
(22,7),(15,24):0.611364
(22,7),(7,24):0.079632
(22,7),(7,22):0.000000
(22,7),(6,22):0.000000
(22,7),(6,13):0.000000
(22,7),(1,13):0.000000
(22,7),(1,11):0.000000
(22,7),(2,11):0.000000
(22,7),(2,9):0.000000
(22,7),(3,9):0.000000
(22,7),(3,2):0.000000
(22,7),(4,2):0.000000
(22,7),(4,3):0.000000
(22,7),(9,3):0.000000
(22,7),(9,6):0.000000
(22,7),(5,6):0.000000
(22,7),(5,10):0.000000
(22,7),(8,10):0.000000
(22,7),(8,19):0.000000
(22,7),(10,19):0.000000
(22,7),(10,21):0.000000
(22,7),(11,21):0.000000
(22,7),(11,23):0.112488
(22,7),(17,23):61.790867
(22,7),(17,14):106.642319
(22,7),(14,14):75.184525
(22,7),(14,8):64.400002
(22,7),(16,8):110.719696
(22,7),(16,1):84.628670
(22,7),(19,1):55.462364
(22,7),(19,4):115.028267
(22,7),(26,4):51.200001
(22,7),(26,5):46.042858
(22,7),(27,5):32.254547
(22,7),(27,12):14.528571
(22,7),(29,12):0.000000
(22,7),(29,15):2.375000
(22,7),(28,15):8.312500
(22,7),(28,16):9.625000
(22,7),(25,16):12.000000
(22,7),(25,17):6.900000
(22,7),(24,17):11.450000
(22,7),(24,25):3.250000
(22,7),(31,25):0.000000
(22,7),(31,28):0.000000
(22,18),(20,18):94.035713
(22,18),(20,20):63.035713
(22,18),(18,20):83.035713
(22,18),(18,30):22.281250
(22,18),(21,30):0.000000
(22,18),(21,31):0.000000
(22,18),(13,31):0.000000
(22,18),(13,29):0.000000
(22,18),(12,29):0.000000
(22,18),(12,27):0.000000
(22,18),(15,27):0.000000
(22,18),(15,24):0.000000
(22,18),(7,24):0.000000
(22,18),(7,22):0.000000
(22,18),(6,22):0.000000
(22,18),(6,13):0.000000
(22,18),(1,13):0.000000
(22,18),(1,11):0.000000
(22,18),(2,11):0.000000
(22,18),(2,9):0.000000
(22,18),(3,9):0.000000
(22,18),(3,2):0.000000
(22,18),(4,2):0.000000
(22,18),(4,3):0.000000
(22,18),(9,3):0.000000
(22,18),(9,6):0.000000
(22,18),(5,6):0.000000
(22,18),(5,10):0.000000
(22,18),(8,10):0.000000
(22,18),(8,19):0.000000
(22,18),(10,19):0.000000
(22,18),(10,21):0.000000
(22,18),(11,21):0.000000
(22,18),(11,23):0.000000
(22,18),(17,23):58.369049
(22,18),(17,14):96.435715
(22,18),(14,14):68.269051
(22,18),(14,8):60.400002
(22,18),(16,8):95.102379
(22,18),(16,1):82.520332
(22,18),(19,1):49.950607
(22,18),(19,4):93.769051
(22,18),(26,4):38.567741
(22,18),(26,5):32.042858
(22,18),(27,5):22.254545
(22,18),(27,12):1.225000
(22,18),(29,12):0.000000
(22,18),(29,15):0.958333
(22,18),(28,15):0.612500
(22,18),(28,16):0.400000
(22,18),(25,16):0.000000
(22,18),(25,17):0.000000
(22,18),(24,17):0.000000
(22,18),(24,25):0.000000
(22,18),(31,25):0.000000
(22,18),(31,28):0.000000
(20,18),(20,20):69.678574
(20,18),(18,20):90.996750
(20,18),(18,30):24.781250
(20,18),(21,30):0.000000
(20,18),(21,31):0.000000
(20,18),(13,31):0.000000
(20,18),(13,29):0.000000
(20,18),(12,29):0.000000
(20,18),(12,27):0.000000
(20,18),(15,27):0.000000
(20,18),(15,24):0.000000
(20,18),(7,24):0.000000
(20,18),(7,22):0.000000
(20,18),(6,22):0.000000
(20,18),(6,13):0.000000
(20,18),(1,13):0.000000
(20,18),(1,11):0.000000
(20,18),(2,11):0.000000
(20,18),(2,9):0.000000
(20,18),(3,9):0.000000
(20,18),(3,2):0.000000
(20,18),(4,2):0.000000
(20,18),(4,3):0.000000
(20,18),(9,3):0.000000
(20,18),(9,6):0.000000
(20,18),(5,6):0.000000
(20,18),(5,10):0.000000
(20,18),(8,10):0.000000
(20,18),(8,19):0.000000
(20,18),(10,19):0.000000
(20,18),(10,21):0.000000
(20,18),(11,21):0.000000
(20,18),(11,23):0.000000
(20,18),(17,23):62.996754
(20,18),(17,14):101.996750
(20,18),(14,14):67.330086
(20,18),(14,8):59.000000
(20,18),(16,8):98.496750
(20,18),(16,1):88.261902
(20,18),(19,1):53.481602
(20,18),(19,4):99.413422
(20,18),(26,4):37.858181
(20,18),(26,5):32.588310
(20,18),(27,5):22.606644
(20,18),(27,12):1.927441
(20,18),(29,12):0.000000
(20,18),(29,15):1.274681
(20,18),(28,15):1.250400
(20,18),(28,16):0.996264
(20,18),(25,16):0.055682
(20,18),(25,17):0.027706
(20,18),(24,17):0.000000
(20,18),(24,25):0.000000
(20,18),(31,25):0.000000
(20,18),(31,28):0.000000
(20,20),(18,20):63.718750
(20,20),(18,30):24.281250
(20,20),(21,30):0.000000
(20,20),(21,31):0.000000
(20,20),(13,31):0.000000
(20,20),(13,29):0.000000
(20,20),(12,29):0.000000
(20,20),(12,27):0.000000
(20,20),(15,27):0.000000
(20,20),(15,24):0.000000
(20,20),(7,24):0.000000
(20,20),(7,22):0.000000
(20,20),(6,22):0.000000
(20,20),(6,13):0.000000
(20,20),(1,13):0.000000
(20,20),(1,11):0.000000
(20,20),(2,11):0.000000
(20,20),(2,9):0.000000
(20,20),(3,9):0.000000
(20,20),(3,2):0.000000
(20,20),(4,2):0.000000
(20,20),(4,3):0.000000
(20,20),(9,3):0.000000
(20,20),(9,6):0.000000
(20,20),(5,6):0.000000
(20,20),(5,10):0.000000
(20,20),(8,10):0.000000
(20,20),(8,19):0.000000
(20,20),(10,19):0.000000
(20,20),(10,21):0.000000
(20,20),(11,21):0.000000
(20,20),(11,23):0.000000
(20,20),(17,23):47.718750
(20,20),(17,14):69.718750
(20,20),(14,14):43.552082
(20,20),(14,8):36.000000
(20,20),(16,8):66.718750
(20,20),(16,1):63.834133
(20,20),(19,1):51.564903
(20,20),(19,4):68.118752
(20,20),(26,4):27.287878
(20,20),(26,5):23.321117
(20,20),(27,5):16.511667
(20,20),(27,12):0.000000
(20,20),(29,12):0.000000
(20,20),(29,15):0.000000
(20,20),(28,15):0.000000
(20,20),(28,16):0.000000
(20,20),(25,16):0.000000
(20,20),(25,17):0.000000
(20,20),(24,17):0.000000
(20,20),(24,25):0.000000
(20,20),(31,25):0.000000
(20,20),(31,28):0.000000
(18,20),(18,30):45.947918
(18,20),(21,30):3.500000
(18,20),(21,31):5.166667
(18,20),(13,31):19.666666
(18,20),(13,29):16.166666
(18,20),(12,29):8.142858
(18,20),(12,27):12.000000
(18,20),(15,27):19.666666
(18,20),(15,24):18.250000
(18,20),(7,24):1.216667
(18,20),(7,22):0.000000
(18,20),(6,22):0.000000
(18,20),(6,13):0.000000
(18,20),(1,13):0.000000
(18,20),(1,11):0.000000
(18,20),(2,11):0.000000
(18,20),(2,9):0.000000
(18,20),(3,9):0.000000
(18,20),(3,2):0.000000
(18,20),(4,2):0.000000
(18,20),(4,3):0.000000
(18,20),(9,3):0.000000
(18,20),(9,6):0.000000
(18,20),(5,6):0.000000
(18,20),(5,10):0.000000
(18,20),(8,10):0.000000
(18,20),(8,19):0.000000
(18,20),(10,19):0.000000
(18,20),(10,21):0.000000
(18,20),(11,21):0.000000
(18,20),(11,23):1.971154
(18,20),(17,23):85.051285
(18,20),(17,14):102.384613
(18,20),(14,14):59.217949
(18,20),(14,8):48.000000
(18,20),(16,8):88.384613
(18,20),(16,1):86.000000
(18,20),(19,1):58.724880
(18,20),(19,4):101.971786
(18,20),(26,4):31.977207
(18,20),(26,5):28.719780
(18,20),(27,5):19.662260
(18,20),(27,12):2.436004
(18,20),(29,12):0.000000
(18,20),(29,15):1.422289
(18,20),(28,15):1.733198
(18,20),(28,16):1.463823
(18,20),(25,16):0.328164
(18,20),(25,17):0.269464
(18,20),(24,17):0.061030
(18,20),(24,25):0.011086
(18,20),(31,25):0.000000
(18,20),(31,28):0.000000
(18,30),(21,30):8.000000
(18,30),(21,31):12.875000
(18,30),(13,31):32.000000
(18,30),(13,29):28.500000
(18,30),(12,29):14.900000
(18,30),(12,27):21.900000
(18,30),(15,27):35.400002
(18,30),(15,24):24.750000
(18,30),(7,24):3.300000
(18,30),(7,22):0.000000
(18,30),(6,22):0.000000
(18,30),(6,13):0.000000
(18,30),(1,13):0.000000
(18,30),(1,11):0.000000
(18,30),(2,11):0.000000
(18,30),(2,9):0.000000
(18,30),(3,9):0.000000
(18,30),(3,2):0.000000
(18,30),(4,2):0.000000
(18,30),(4,3):0.000000
(18,30),(9,3):0.000000
(18,30),(9,6):0.000000
(18,30),(5,6):0.000000
(18,30),(5,10):0.000000
(18,30),(8,10):0.000000
(18,30),(8,19):0.000000
(18,30),(10,19):0.000000
(18,30),(10,21):0.000000
(18,30),(11,21):0.000000
(18,30),(11,23):4.375000
(18,30),(17,23):50.321430
(18,30),(17,14):35.312500
(18,30),(14,14):12.631579
(18,30),(14,8):8.125000
(18,30),(16,8):21.281250
(18,30),(16,1):24.781250
(18,30),(19,1):35.006130
(18,30),(19,4):34.868420
(18,30),(26,4):9.184702
(18,30),(26,5):8.186557
(18,30),(27,5):5.569055
(18,30),(27,12):0.000000
(18,30),(29,12):0.000000
(18,30),(29,15):0.000000
(18,30),(28,15):0.000000
(18,30),(28,16):0.000000
(18,30),(25,16):0.000000
(18,30),(25,17):0.000000
(18,30),(24,17):0.000000
(18,30),(24,25):0.000000
(18,30),(31,25):0.000000
(18,30),(31,28):0.000000
(21,30),(21,31):8.000000
(21,30),(13,31):8.000000
(21,30),(13,29):7.100000
(21,30),(12,29):0.000000
(21,30),(12,27):5.250000
(21,30),(15,27):5.500000
(21,30),(15,24):3.250000
(21,30),(7,24):0.000000
(21,30),(7,22):0.000000
(21,30),(6,22):0.000000
(21,30),(6,13):0.000000
(21,30),(1,13):0.000000
(21,30),(1,11):0.000000
(21,30),(2,11):0.000000
(21,30),(2,9):0.000000
(21,30),(3,9):0.000000
(21,30),(3,2):0.000000
(21,30),(4,2):0.000000
(21,30),(4,3):0.000000
(21,30),(9,3):0.000000
(21,30),(9,6):0.000000
(21,30),(5,6):0.000000
(21,30),(5,10):0.000000
(21,30),(8,10):0.000000
(21,30),(8,19):0.000000
(21,30),(10,19):0.000000
(21,30),(10,21):0.000000
(21,30),(11,21):0.000000
(21,30),(11,23):0.000000
(21,30),(17,23):4.821429
(21,30),(17,14):1.031250
(21,30),(14,14):0.000000
(21,30),(14,8):0.000000
(21,30),(16,8):0.000000
(21,30),(16,1):0.000000
(21,30),(19,1):1.129187
(21,30),(19,4):1.133224
(21,30),(26,4):0.000000
(21,30),(26,5):0.000000
(21,30),(27,5):0.000000
(21,30),(27,12):0.000000
(21,30),(29,12):0.000000
(21,30),(29,15):0.000000
(21,30),(28,15):0.000000
(21,30),(28,16):0.000000
(21,30),(25,16):0.000000
(21,30),(25,17):0.000000
(21,30),(24,17):0.000000
(21,30),(24,25):0.000000
(21,30),(31,25):0.000000
(21,30),(31,28):0.000000
(21,31),(13,31):12.166667
(21,31),(13,29):11.975000
(21,31),(12,29):1.375000
(21,31),(12,27):9.875000
(21,31),(15,27):10.375000
(21,31),(15,24):4.750000
(21,31),(7,24):0.000000
(21,31),(7,22):0.000000
(21,31),(6,22):0.000000
(21,31),(6,13):0.000000
(21,31),(1,13):0.000000
(21,31),(1,11):0.000000
(21,31),(2,11):0.000000
(21,31),(2,9):0.000000
(21,31),(3,9):0.000000
(21,31),(3,2):0.000000
(21,31),(4,2):0.000000
(21,31),(4,3):0.000000
(21,31),(9,3):0.000000
(21,31),(9,6):0.000000
(21,31),(5,6):0.000000
(21,31),(5,10):0.000000
(21,31),(8,10):0.000000
(21,31),(8,19):0.000000
(21,31),(10,19):0.000000
(21,31),(10,21):0.000000
(21,31),(11,21):0.000000
(21,31),(11,23):0.000000
(21,31),(17,23):7.714286
(21,31),(17,14):1.197917
(21,31),(14,14):0.000000
(21,31),(14,8):0.000000
(21,31),(16,8):0.000000
(21,31),(16,1):0.000000
(21,31),(19,1):1.516970
(21,31),(19,4):1.555175
(21,31),(26,4):0.000000
(21,31),(26,5):0.000000
(21,31),(27,5):0.000000
(21,31),(27,12):0.000000
(21,31),(29,12):0.000000
(21,31),(29,15):0.000000
(21,31),(28,15):0.000000
(21,31),(28,16):0.000000
(21,31),(25,16):0.000000
(21,31),(25,17):0.000000
(21,31),(24,17):0.000000
(21,31),(24,25):0.000000
(21,31),(31,25):0.000000
(21,31),(31,28):0.000000
(13,31),(13,29):26.600000
(13,31),(12,29):13.000000
(13,31),(12,27):20.000000
(13,31),(15,27):29.500000
(13,31),(15,24):20.500000
(13,31),(7,24):1.300000
(13,31),(7,22):0.000000
(13,31),(6,22):0.000000
(13,31),(6,13):0.000000
(13,31),(1,13):0.000000
(13,31),(1,11):0.000000
(13,31),(2,11):0.000000
(13,31),(2,9):0.000000
(13,31),(3,9):0.000000
(13,31),(3,2):0.000000
(13,31),(4,2):0.000000
(13,31),(4,3):0.000000
(13,31),(9,3):0.000000
(13,31),(9,6):0.000000
(13,31),(5,6):0.000000
(13,31),(5,10):0.000000
(13,31),(8,10):0.000000
(13,31),(8,19):0.000000
(13,31),(10,19):0.000000
(13,31),(10,21):0.000000
(13,31),(11,21):0.000000
(13,31),(11,23):2.125000
(13,31),(17,23):25.071428
(13,31),(17,14):9.031250
(13,31),(14,14):0.000000
(13,31),(14,8):0.000000
(13,31),(16,8):0.000000
(13,31),(16,1):1.200000
(13,31),(19,1):8.754292
(13,31),(19,4):8.622886
(13,31),(26,4):0.000000
(13,31),(26,5):0.000000
(13,31),(27,5):0.000000
(13,31),(27,12):0.000000
(13,31),(29,12):0.000000
(13,31),(29,15):0.000000
(13,31),(28,15):0.000000
(13,31),(28,16):0.000000
(13,31),(25,16):0.000000
(13,31),(25,17):0.000000
(13,31),(24,17):0.000000
(13,31),(24,25):0.000000
(13,31),(31,25):0.000000
(13,31),(31,28):0.000000
(13,29),(12,29):15.000000
(13,29),(12,27):22.000000
(13,29),(15,27):27.000000
(13,29),(15,24):16.750000
(13,29),(7,24):0.000000
(13,29),(7,22):0.000000
(13,29),(6,22):0.000000
(13,29),(6,13):0.000000
(13,29),(1,13):0.000000
(13,29),(1,11):0.000000
(13,29),(2,11):0.000000
(13,29),(2,9):0.000000
(13,29),(3,9):0.000000
(13,29),(3,2):0.000000
(13,29),(4,2):0.000000
(13,29),(4,3):0.000000
(13,29),(9,3):0.000000
(13,29),(9,6):0.000000
(13,29),(5,6):0.000000
(13,29),(5,10):0.000000
(13,29),(8,10):0.000000
(13,29),(8,19):0.000000
(13,29),(10,19):0.000000
(13,29),(10,21):0.000000
(13,29),(11,21):0.000000
(13,29),(11,23):0.225000
(13,29),(17,23):20.571428
(13,29),(17,14):6.531250
(13,29),(14,14):0.000000
(13,29),(14,8):0.000000
(13,29),(16,8):0.000000
(13,29),(16,1):0.321429
(13,29),(19,1):6.469325
(13,29),(19,4):6.385210
(13,29),(26,4):0.000000
(13,29),(26,5):0.000000
(13,29),(27,5):0.000000
(13,29),(27,12):0.000000
(13,29),(29,12):0.000000
(13,29),(29,15):0.000000
(13,29),(28,15):0.000000
(13,29),(28,16):0.000000
(13,29),(25,16):0.000000
(13,29),(25,17):0.000000
(13,29),(24,17):0.000000
(13,29),(24,25):0.000000
(13,29),(31,25):0.000000
(13,29),(31,28):0.000000
(12,29),(12,27):12.000000
(12,29),(15,27):15.000000
(12,29),(15,24):9.000000
(12,29),(7,24):0.000000
(12,29),(7,22):0.000000
(12,29),(6,22):0.000000
(12,29),(6,13):0.000000
(12,29),(1,13):0.000000
(12,29),(1,11):0.000000
(12,29),(2,11):0.000000
(12,29),(2,9):0.000000
(12,29),(3,9):0.000000
(12,29),(3,2):0.000000
(12,29),(4,2):0.000000
(12,29),(4,3):0.000000
(12,29),(9,3):0.000000
(12,29),(9,6):0.000000
(12,29),(5,6):0.000000
(12,29),(5,10):0.000000
(12,29),(8,10):0.000000
(12,29),(8,19):0.000000
(12,29),(10,19):0.000000
(12,29),(10,21):0.000000
(12,29),(11,21):0.000000
(12,29),(11,23):0.000000
(12,29),(17,23):10.000000
(12,29),(17,14):3.666667
(12,29),(14,14):0.000000
(12,29),(14,8):0.000000
(12,29),(16,8):0.000000
(12,29),(16,1):0.146341
(12,29),(19,1):3.509183
(12,29),(19,4):3.442855
(12,29),(26,4):0.000000
(12,29),(26,5):0.000000
(12,29),(27,5):0.000000
(12,29),(27,12):0.000000
(12,29),(29,12):0.000000
(12,29),(29,15):0.000000
(12,29),(28,15):0.000000
(12,29),(28,16):0.000000
(12,29),(25,16):0.000000
(12,29),(25,17):0.000000
(12,29),(24,17):0.000000
(12,29),(24,25):0.000000
(12,29),(31,25):0.000000
(12,29),(31,28):0.000000
(12,27),(15,27):21.500000
(12,27),(15,24):12.250000
(12,27),(7,24):0.000000
(12,27),(7,22):0.000000
(12,27),(6,22):0.000000
(12,27),(6,13):0.000000
(12,27),(1,13):0.000000
(12,27),(1,11):0.000000
(12,27),(2,11):0.000000
(12,27),(2,9):0.000000
(12,27),(3,9):0.000000
(12,27),(3,2):0.000000
(12,27),(4,2):0.000000
(12,27),(4,3):0.000000
(12,27),(9,3):0.000000
(12,27),(9,6):0.000000
(12,27),(5,6):0.000000
(12,27),(5,10):0.000000
(12,27),(8,10):0.000000
(12,27),(8,19):0.000000
(12,27),(10,19):0.000000
(12,27),(10,21):0.000000
(12,27),(11,21):0.000000
(12,27),(11,23):0.000000
(12,27),(17,23):15.571428
(12,27),(17,14):4.031250
(12,27),(14,14):0.000000
(12,27),(14,8):0.000000
(12,27),(16,8):0.000000
(12,27),(16,1):0.000000
(12,27),(19,1):4.287081
(12,27),(19,4):4.276316
(12,27),(26,4):0.000000
(12,27),(26,5):0.000000
(12,27),(27,5):0.000000
(12,27),(27,12):0.000000
(12,27),(29,12):0.000000
(12,27),(29,15):0.000000
(12,27),(28,15):0.000000
(12,27),(28,16):0.000000
(12,27),(25,16):0.000000
(12,27),(25,17):0.000000
(12,27),(24,17):0.000000
(12,27),(24,25):0.000000
(12,27),(31,25):0.000000
(12,27),(31,28):0.000000
(15,27),(15,24):24.500000
(15,27),(7,24):3.050000
(15,27),(7,22):0.000000
(15,27),(6,22):0.000000
(15,27),(6,13):0.000000
(15,27),(1,13):0.000000
(15,27),(1,11):0.000000
(15,27),(2,11):0.000000
(15,27),(2,9):0.000000
(15,27),(3,9):0.000000
(15,27),(3,2):0.000000
(15,27),(4,2):0.000000
(15,27),(4,3):0.000000
(15,27),(9,3):0.000000
(15,27),(9,6):0.000000
(15,27),(5,6):0.000000
(15,27),(5,10):0.000000
(15,27),(8,10):0.000000
(15,27),(8,19):0.000000
(15,27),(10,19):0.000000
(15,27),(10,21):0.000000
(15,27),(11,21):0.000000
(15,27),(11,23):4.125000
(15,27),(17,23):29.071428
(15,27),(17,14):9.031250
(15,27),(14,14):0.000000
(15,27),(14,8):0.000000
(15,27),(16,8):0.000000
(15,27),(16,1):1.200000
(15,27),(19,1):8.754292
(15,27),(19,4):8.622886
(15,27),(26,4):0.000000
(15,27),(26,5):0.000000
(15,27),(27,5):0.000000
(15,27),(27,12):0.000000
(15,27),(29,12):0.000000
(15,27),(29,15):0.000000
(15,27),(28,15):0.000000
(15,27),(28,16):0.000000
(15,27),(25,16):0.000000
(15,27),(25,17):0.000000
(15,27),(24,17):0.000000
(15,27),(24,25):0.000000
(15,27),(31,25):0.000000
(15,27),(31,28):0.000000
(15,24),(7,24):13.050000
(15,24),(7,22):8.000000
(15,24),(6,22):0.000000
(15,24),(6,13):3.898990
(15,24),(1,13):0.000000
(15,24),(1,11):0.000000
(15,24),(2,11):0.000000
(15,24),(2,9):0.000000
(15,24),(3,9):0.000000
(15,24),(3,2):0.000000
(15,24),(4,2):0.000000
(15,24),(4,3):0.000000
(15,24),(9,3):0.000000
(15,24),(9,6):0.000000
(15,24),(5,6):0.000000
(15,24),(5,10):0.000000
(15,24),(8,10):1.875000
(15,24),(8,19):6.375000
(15,24),(10,19):4.875000
(15,24),(10,21):6.250000
(15,24),(11,21):6.000000
(15,24),(11,23):14.125000
(15,24),(17,23):32.321430
(15,24),(17,14):8.281250
(15,24),(14,14):0.000000
(15,24),(14,8):0.000000
(15,24),(16,8):0.000000
(15,24),(16,1):0.750000
(15,24),(19,1):8.143799
(15,24),(19,4):8.038784
(15,24),(26,4):0.000000
(15,24),(26,5):0.000000
(15,24),(27,5):0.000000
(15,24),(27,12):0.000000
(15,24),(29,12):0.000000
(15,24),(29,15):0.000000
(15,24),(28,15):0.000000
(15,24),(28,16):0.000000
(15,24),(25,16):0.000000
(15,24),(25,17):0.000000
(15,24),(24,17):0.000000
(15,24),(24,25):0.000000
(15,24),(31,25):0.000000
(15,24),(31,28):0.000000
(7,24),(7,22):29.000000
(7,24),(6,22):19.000000
(7,24),(6,13):17.944445
(7,24),(1,13):3.000000
(7,24),(1,11):2.600000
(7,24),(2,11):3.750000
(7,24),(2,9):3.666667
(7,24),(3,9):3.750000
(7,24),(3,2):0.000000
(7,24),(4,2):0.000000
(7,24),(4,3):0.000000
(7,24),(9,3):0.000000
(7,24),(9,6):0.000000
(7,24),(5,6):0.000000
(7,24),(5,10):7.500000
(7,24),(8,10):14.000000
(7,24),(8,19):26.875000
(7,24),(10,19):15.000000
(7,24),(10,21):18.750000
(7,24),(11,21):12.000000
(7,24),(11,23):24.666666
(7,24),(17,23):11.050000
(7,24),(17,14):1.050000
(7,24),(14,14):0.000000
(7,24),(14,8):0.000000
(7,24),(16,8):0.000000
(7,24),(16,1):0.295449
(7,24),(19,1):0.896889
(7,24),(19,4):0.867097
(7,24),(26,4):0.000000
(7,24),(26,5):0.000000
(7,24),(27,5):0.000000
(7,24),(27,12):0.000000
(7,24),(29,12):0.000000
(7,24),(29,15):0.000000
(7,24),(28,15):0.000000
(7,24),(28,16):0.000000
(7,24),(25,16):0.000000
(7,24),(25,17):0.000000
(7,24),(24,17):0.000000
(7,24),(24,25):0.000000
(7,24),(31,25):0.000000
(7,24),(31,28):0.000000
(7,22),(6,22):31.000000
(7,22),(6,13):30.444445
(7,22),(1,13):6.500000
(7,22),(1,11):5.022222
(7,22),(2,11):7.500000
(7,22),(2,9):7.076923
(7,22),(3,9):7.034314
(7,22),(3,2):0.000000
(7,22),(4,2):0.000000
(7,22),(4,3):0.000000
(7,22),(9,3):0.000000
(7,22),(9,6):0.000000
(7,22),(5,6):0.000000
(7,22),(5,10):12.500000
(7,22),(8,10):26.500000
(7,22),(8,19):39.375000
(7,22),(10,19):18.000000
(7,22),(10,21):23.250000
(7,22),(11,21):13.000000
(7,22),(11,23):24.541666
(7,22),(17,23):6.000000
(7,22),(17,14):0.000000
(7,22),(14,14):0.000000
(7,22),(14,8):0.000000
(7,22),(16,8):0.000000
(7,22),(16,1):0.000000
(7,22),(19,1):0.000000
(7,22),(19,4):0.000000
(7,22),(26,4):0.000000
(7,22),(26,5):0.000000
(7,22),(27,5):0.000000
(7,22),(27,12):0.000000
(7,22),(29,12):0.000000
(7,22),(29,15):0.000000
(7,22),(28,15):0.000000
(7,22),(28,16):0.000000
(7,22),(25,16):0.000000
(7,22),(25,17):0.000000
(7,22),(24,17):0.000000
(7,22),(24,25):0.000000
(7,22),(31,25):0.000000
(7,22),(31,28):0.000000
(6,22),(6,13):25.500000
(6,22),(1,13):6.000000
(6,22),(1,11):4.800000
(6,22),(2,11):7.000000
(6,22),(2,9):6.666667
(6,22),(3,9):6.666667
(6,22),(3,2):0.000000
(6,22),(4,2):0.000000
(6,22),(4,3):0.000000
(6,22),(9,3):0.000000
(6,22),(9,6):0.000000
(6,22),(5,6):0.000000
(6,22),(5,10):12.000000
(6,22),(8,10):24.000000
(6,22),(8,19):30.500000
(6,22),(10,19):12.000000
(6,22),(10,21):15.000000
(6,22),(11,21):5.000000
(6,22),(11,23):14.541667
(6,22),(17,23):0.000000
(6,22),(17,14):0.000000
(6,22),(14,14):0.000000
(6,22),(14,8):0.000000
(6,22),(16,8):0.000000
(6,22),(16,1):0.000000
(6,22),(19,1):0.000000
(6,22),(19,4):0.000000
(6,22),(26,4):0.000000
(6,22),(26,5):0.000000
(6,22),(27,5):0.000000
(6,22),(27,12):0.000000
(6,22),(29,12):0.000000
(6,22),(29,15):0.000000
(6,22),(28,15):0.000000
(6,22),(28,16):0.000000
(6,22),(25,16):0.000000
(6,22),(25,17):0.000000
(6,22),(24,17):0.000000
(6,22),(24,25):0.000000
(6,22),(31,25):0.000000
(6,22),(31,28):0.000000
(6,13),(1,13):23.500000
(6,13),(1,11):14.800000
(6,13),(2,11):25.500000
(6,13),(2,9):21.333334
(6,13),(3,9):26.416666
(6,13),(3,2):13.125000
(6,13),(4,2):8.642858
(6,13),(4,3):13.976191
(6,13),(9,3):1.633333
(6,13),(9,6):0.666667
(6,13),(5,6):16.416666
(6,13),(5,10):32.833332
(6,13),(8,10):39.694443
(6,13),(8,19):31.444445
(6,13),(10,19):11.944445
(6,13),(10,21):13.944445
(6,13),(11,21):7.277778
(6,13),(11,23):14.486111
(6,13),(17,23):2.333333
(6,13),(17,14):0.000000
(6,13),(14,14):0.000000
(6,13),(14,8):0.000000
(6,13),(16,8):0.000000
(6,13),(16,1):0.000000
(6,13),(19,1):0.000000
(6,13),(19,4):0.000000
(6,13),(26,4):0.000000
(6,13),(26,5):0.000000
(6,13),(27,5):0.000000
(6,13),(27,12):0.000000
(6,13),(29,12):0.000000
(6,13),(29,15):0.000000
(6,13),(28,15):0.000000
(6,13),(28,16):0.000000
(6,13),(25,16):0.000000
(6,13),(25,17):0.000000
(6,13),(24,17):0.000000
(6,13),(24,25):0.000000
(6,13),(31,25):0.000000
(6,13),(31,28):0.000000
(1,13),(1,11):14.000000
(1,13),(2,11):27.571428
(1,13),(2,9):18.500000
(1,13),(3,9):24.321428
(1,13),(3,2):13.685606
(1,13),(4,2):6.142857
(1,13),(4,3):15.547619
(1,13),(9,3):1.971429
(1,13),(9,6):1.821429
(1,13),(5,6):17.738094
(1,13),(5,10):25.833334
(1,13),(8,10):19.666666
(1,13),(8,19):7.500000
(1,13),(10,19):0.000000
(1,13),(10,21):0.000000
(1,13),(11,21):0.000000
(1,13),(11,23):0.000000
(1,13),(17,23):0.000000
(1,13),(17,14):0.000000
(1,13),(14,14):0.000000
(1,13),(14,8):0.000000
(1,13),(16,8):0.000000
(1,13),(16,1):0.000000
(1,13),(19,1):0.000000
(1,13),(19,4):0.000000
(1,13),(26,4):0.000000
(1,13),(26,5):0.000000
(1,13),(27,5):0.000000
(1,13),(27,12):0.000000
(1,13),(29,12):0.000000
(1,13),(29,15):0.000000
(1,13),(28,15):0.000000
(1,13),(28,16):0.000000
(1,13),(25,16):0.000000
(1,13),(25,17):0.000000
(1,13),(24,17):0.000000
(1,13),(24,25):0.000000
(1,13),(31,25):0.000000
(1,13),(31,28):0.000000
(1,11),(2,11):14.800000
(1,11),(2,9):12.800000
(1,11),(3,9):13.550000
(1,11),(3,2):5.000000
(1,11),(4,2):2.857143
(1,11),(4,3):5.571429
(1,11),(9,3):0.000000
(1,11),(9,6):0.000000
(1,11),(5,6):7.166667
(1,11),(5,10):14.633333
(1,11),(8,10):14.716666
(1,11),(8,19):5.466667
(1,11),(10,19):0.000000
(1,11),(10,21):0.000000
(1,11),(11,21):0.000000
(1,11),(11,23):0.000000
(1,11),(17,23):0.000000
(1,11),(17,14):0.000000
(1,11),(14,14):0.000000
(1,11),(14,8):0.000000
(1,11),(16,8):0.000000
(1,11),(16,1):0.000000
(1,11),(19,1):0.000000
(1,11),(19,4):0.000000
(1,11),(26,4):0.000000
(1,11),(26,5):0.000000
(1,11),(27,5):0.000000
(1,11),(27,12):0.000000
(1,11),(29,12):0.000000
(1,11),(29,15):0.000000
(1,11),(28,15):0.000000
(1,11),(28,16):0.000000
(1,11),(25,16):0.000000
(1,11),(25,17):0.000000
(1,11),(24,17):0.000000
(1,11),(24,25):0.000000
(1,11),(31,25):0.000000
(1,11),(31,28):0.000000
(2,11),(2,9):20.500000
(2,11),(3,9):26.450001
(2,11),(3,2):13.708333
(2,11),(4,2):6.142857
(2,11),(4,3):15.676190
(2,11),(9,3):2.100000
(2,11),(9,6):1.950000
(2,11),(5,6):18.116667
(2,11),(5,10):27.833334
(2,11),(8,10):20.916666
(2,11),(8,19):8.500000
(2,11),(10,19):0.000000
(2,11),(10,21):0.000000
(2,11),(11,21):0.000000
(2,11),(11,23):0.000000
(2,11),(17,23):0.000000
(2,11),(17,14):0.000000
(2,11),(14,14):0.000000
(2,11),(14,8):0.000000
(2,11),(16,8):0.000000
(2,11),(16,1):0.000000
(2,11),(19,1):0.000000
(2,11),(19,4):0.000000
(2,11),(26,4):0.000000
(2,11),(26,5):0.000000
(2,11),(27,5):0.000000
(2,11),(27,12):0.000000
(2,11),(29,12):0.000000
(2,11),(29,15):0.000000
(2,11),(28,15):0.000000
(2,11),(28,16):0.000000
(2,11),(25,16):0.000000
(2,11),(25,17):0.000000
(2,11),(24,17):0.000000
(2,11),(24,25):0.000000
(2,11),(31,25):0.000000
(2,11),(31,28):0.000000
(2,9),(3,9):20.750000
(2,9),(3,2):9.125000
(2,9),(4,2):5.142857
(2,9),(4,3):9.976191
(2,9),(9,3):0.000000
(2,9),(9,6):0.000000
(2,9),(5,6):11.250000
(2,9),(5,10):21.500000
(2,9),(8,10):18.500000
(2,9),(8,19):8.000000
(2,9),(10,19):0.000000
(2,9),(10,21):0.000000
(2,9),(11,21):0.000000
(2,9),(11,23):0.000000
(2,9),(17,23):0.000000
(2,9),(17,14):0.000000
(2,9),(14,14):0.000000
(2,9),(14,8):0.000000
(2,9),(16,8):0.000000
(2,9),(16,1):0.000000
(2,9),(19,1):0.000000
(2,9),(19,4):0.000000
(2,9),(26,4):0.000000
(2,9),(26,5):0.000000
(2,9),(27,5):0.000000
(2,9),(27,12):0.000000
(2,9),(29,12):0.000000
(2,9),(29,15):0.000000
(2,9),(28,15):0.000000
(2,9),(28,16):0.000000
(2,9),(25,16):0.000000
(2,9),(25,17):0.000000
(2,9),(24,17):0.000000
(2,9),(24,25):0.000000
(2,9),(31,25):0.000000
(2,9),(31,28):0.000000
(3,9),(3,2):22.424999
(3,9),(4,2):12.142858
(3,9),(4,3):25.976191
(3,9),(9,3):10.500000
(3,9),(9,6):9.300000
(3,9),(5,6):28.083334
(3,9),(5,10):35.345238
(3,9),(8,10):19.416666
(3,9),(8,19):7.916667
(3,9),(10,19):0.000000
(3,9),(10,21):0.000000
(3,9),(11,21):0.000000
(3,9),(11,23):0.000000
(3,9),(17,23):0.000000
(3,9),(17,14):0.000000
(3,9),(14,14):0.000000
(3,9),(14,8):0.000000
(3,9),(16,8):0.000000
(3,9),(16,1):0.000000
(3,9),(19,1):0.000000
(3,9),(19,4):0.000000
(3,9),(26,4):0.000000
(3,9),(26,5):0.000000
(3,9),(27,5):0.000000
(3,9),(27,12):0.000000
(3,9),(29,12):0.000000
(3,9),(29,15):0.000000
(3,9),(28,15):0.000000
(3,9),(28,16):0.000000
(3,9),(25,16):0.000000
(3,9),(25,17):0.000000
(3,9),(24,17):0.000000
(3,9),(24,25):0.000000
(3,9),(31,25):0.000000
(3,9),(31,28):0.000000
(3,2),(4,2):11.000000
(3,2),(4,3):23.142857
(3,2),(9,3):9.000000
(3,2),(9,6):7.800000
(3,2),(5,6):22.333334
(3,2),(5,10):21.553572
(3,2),(8,10):7.125000
(3,2),(8,19):0.000000
(3,2),(10,19):0.000000
(3,2),(10,21):0.000000
(3,2),(11,21):0.000000
(3,2),(11,23):0.000000
(3,2),(17,23):0.000000
(3,2),(17,14):0.000000
(3,2),(14,14):0.000000
(3,2),(14,8):0.000000
(3,2),(16,8):0.000000
(3,2),(16,1):0.000000
(3,2),(19,1):0.000000
(3,2),(19,4):0.000000
(3,2),(26,4):0.000000
(3,2),(26,5):0.000000
(3,2),(27,5):0.000000
(3,2),(27,12):0.000000
(3,2),(29,12):0.000000
(3,2),(29,15):0.000000
(3,2),(28,15):0.000000
(3,2),(28,16):0.000000
(3,2),(25,16):0.000000
(3,2),(25,17):0.000000
(3,2),(24,17):0.000000
(3,2),(24,25):0.000000
(3,2),(31,25):0.000000
(3,2),(31,28):0.000000
(4,2),(4,3):12.142858
(4,2),(9,3):4.125000
(4,2),(9,6):3.300000
(4,2),(5,6):11.976191
(4,2),(5,10):12.071428
(4,2),(8,10):4.071429
(4,2),(8,19):0.000000
(4,2),(10,19):0.000000
(4,2),(10,21):0.000000
(4,2),(11,21):0.000000
(4,2),(11,23):0.000000
(4,2),(17,23):0.000000
(4,2),(17,14):0.000000
(4,2),(14,14):0.000000
(4,2),(14,8):0.000000
(4,2),(16,8):0.000000
(4,2),(16,1):0.000000
(4,2),(19,1):0.000000
(4,2),(19,4):0.000000
(4,2),(26,4):0.000000
(4,2),(26,5):0.000000
(4,2),(27,5):0.000000
(4,2),(27,12):0.000000
(4,2),(29,12):0.000000
(4,2),(29,15):0.000000
(4,2),(28,15):0.000000
(4,2),(28,16):0.000000
(4,2),(25,16):0.000000
(4,2),(25,17):0.000000
(4,2),(24,17):0.000000
(4,2),(24,25):0.000000
(4,2),(31,25):0.000000
(4,2),(31,28):0.000000
(4,3),(9,3):19.500000
(4,3),(9,6):18.299999
(4,3),(5,6):34.166668
(4,3),(5,10):22.904762
(4,3),(8,10):7.892857
(4,3),(8,19):0.000000
(4,3),(10,19):0.000000
(4,3),(10,21):0.000000
(4,3),(11,21):0.000000
(4,3),(11,23):0.000000
(4,3),(17,23):0.000000
(4,3),(17,14):0.000000
(4,3),(14,14):0.000000
(4,3),(14,8):0.000000
(4,3),(16,8):0.000000
(4,3),(16,1):0.000000
(4,3),(19,1):0.000000
(4,3),(19,4):0.000000
(4,3),(26,4):0.000000
(4,3),(26,5):0.000000
(4,3),(27,5):0.000000
(4,3),(27,12):0.000000
(4,3),(29,12):0.000000
(4,3),(29,15):0.000000
(4,3),(28,15):0.000000
(4,3),(28,16):0.000000
(4,3),(25,16):0.000000
(4,3),(25,17):0.000000
(4,3),(24,17):0.000000
(4,3),(24,25):0.000000
(4,3),(31,25):0.000000
(4,3),(31,28):0.000000
(9,3),(9,6):18.000000
(9,3),(5,6):19.500000
(9,3),(5,10):7.500000
(9,3),(8,10):0.000000
(9,3),(8,19):0.000000
(9,3),(10,19):0.000000
(9,3),(10,21):0.000000
(9,3),(11,21):0.000000
(9,3),(11,23):0.000000
(9,3),(17,23):0.000000
(9,3),(17,14):0.000000
(9,3),(14,14):0.000000
(9,3),(14,8):0.000000
(9,3),(16,8):0.000000
(9,3),(16,1):0.000000
(9,3),(19,1):0.000000
(9,3),(19,4):0.000000
(9,3),(26,4):0.000000
(9,3),(26,5):0.000000
(9,3),(27,5):0.000000
(9,3),(27,12):0.000000
(9,3),(29,12):0.000000
(9,3),(29,15):0.000000
(9,3),(28,15):0.000000
(9,3),(28,16):0.000000
(9,3),(25,16):0.000000
(9,3),(25,17):0.000000
(9,3),(24,17):0.000000
(9,3),(24,25):0.000000
(9,3),(31,25):0.000000
(9,3),(31,28):0.000000
(9,6),(5,6):18.299999
(9,6),(5,10):6.300000
(9,6),(8,10):0.000000
(9,6),(8,19):0.000000
(9,6),(10,19):0.000000
(9,6),(10,21):0.000000
(9,6),(11,21):0.000000
(9,6),(11,23):0.000000
(9,6),(17,23):0.000000
(9,6),(17,14):0.000000
(9,6),(14,14):0.000000
(9,6),(14,8):0.000000
(9,6),(16,8):0.000000
(9,6),(16,1):0.000000
(9,6),(19,1):0.000000
(9,6),(19,4):0.000000
(9,6),(26,4):0.000000
(9,6),(26,5):0.000000
(9,6),(27,5):0.000000
(9,6),(27,12):0.000000
(9,6),(29,12):0.000000
(9,6),(29,15):0.000000
(9,6),(28,15):0.000000
(9,6),(28,16):0.000000
(9,6),(25,16):0.000000
(9,6),(25,17):0.000000
(9,6),(24,17):0.000000
(9,6),(24,25):0.000000
(9,6),(31,25):0.000000
(9,6),(31,28):0.000000
(5,6),(5,10):25.250000
(5,6),(8,10):10.083333
(5,6),(8,19):0.000000
(5,6),(10,19):0.000000
(5,6),(10,21):0.000000
(5,6),(11,21):0.000000
(5,6),(11,23):0.000000
(5,6),(17,23):0.000000
(5,6),(17,14):0.000000
(5,6),(14,14):0.000000
(5,6),(14,8):0.000000
(5,6),(16,8):0.000000
(5,6),(16,1):0.000000
(5,6),(19,1):0.000000
(5,6),(19,4):0.000000
(5,6),(26,4):0.000000
(5,6),(26,5):0.000000
(5,6),(27,5):0.000000
(5,6),(27,12):0.000000
(5,6),(29,12):0.000000
(5,6),(29,15):0.000000
(5,6),(28,15):0.000000
(5,6),(28,16):0.000000
(5,6),(25,16):0.000000
(5,6),(25,17):0.000000
(5,6),(24,17):0.000000
(5,6),(24,25):0.000000
(5,6),(31,25):0.000000
(5,6),(31,28):0.000000
(5,10),(8,10):25.833334
(5,10),(8,19):13.500000
(5,10),(10,19):0.000000
(5,10),(10,21):0.000000
(5,10),(11,21):0.000000
(5,10),(11,23):0.000000
(5,10),(17,23):0.000000
(5,10),(17,14):0.000000
(5,10),(14,14):0.000000
(5,10),(14,8):0.000000
(5,10),(16,8):0.000000
(5,10),(16,1):0.000000
(5,10),(19,1):0.000000
(5,10),(19,4):0.000000
(5,10),(26,4):0.000000
(5,10),(26,5):0.000000
(5,10),(27,5):0.000000
(5,10),(27,12):0.000000
(5,10),(29,12):0.000000
(5,10),(29,15):0.000000
(5,10),(28,15):0.000000
(5,10),(28,16):0.000000
(5,10),(25,16):0.000000
(5,10),(25,17):0.000000
(5,10),(24,17):0.000000
(5,10),(24,25):0.000000
(5,10),(31,25):0.000000
(5,10),(31,28):0.000000
(8,10),(8,19):27.500000
(8,10),(10,19):8.000000
(8,10),(10,21):10.000000
(8,10),(11,21):4.000000
(8,10),(11,23):10.541667
(8,10),(17,23):1.000000
(8,10),(17,14):0.000000
(8,10),(14,14):0.000000
(8,10),(14,8):0.000000
(8,10),(16,8):0.000000
(8,10),(16,1):0.000000
(8,10),(19,1):0.000000
(8,10),(19,4):0.000000
(8,10),(26,4):0.000000
(8,10),(26,5):0.000000
(8,10),(27,5):0.000000
(8,10),(27,12):0.000000
(8,10),(29,12):0.000000
(8,10),(29,15):0.000000
(8,10),(28,15):0.000000
(8,10),(28,16):0.000000
(8,10),(25,16):0.000000
(8,10),(25,17):0.000000
(8,10),(24,17):0.000000
(8,10),(24,25):0.000000
(8,10),(31,25):0.000000
(8,10),(31,28):0.000000
(8,19),(10,19):18.000000
(8,19),(10,21):22.750000
(8,19),(11,21):12.500000
(8,19),(11,23):22.416666
(8,19),(17,23):4.375000
(8,19),(17,14):0.000000
(8,19),(14,14):0.000000
(8,19),(14,8):0.000000
(8,19),(16,8):0.000000
(8,19),(16,1):0.000000
(8,19),(19,1):0.000000
(8,19),(19,4):0.000000
(8,19),(26,4):0.000000
(8,19),(26,5):0.000000
(8,19),(27,5):0.000000
(8,19),(27,12):0.000000
(8,19),(29,12):0.000000
(8,19),(29,15):0.000000
(8,19),(28,15):0.000000
(8,19),(28,16):0.000000
(8,19),(25,16):0.000000
(8,19),(25,17):0.000000
(8,19),(24,17):0.000000
(8,19),(24,25):0.000000
(8,19),(31,25):0.000000
(8,19),(31,28):0.000000
(10,19),(10,21):18.000000
(10,19),(11,21):10.000000
(10,19),(11,23):16.875000
(10,19),(17,23):3.000000
(10,19),(17,14):0.000000
(10,19),(14,14):0.000000
(10,19),(14,8):0.000000
(10,19),(16,8):0.000000
(10,19),(16,1):0.000000
(10,19),(19,1):0.000000
(10,19),(19,4):0.000000
(10,19),(26,4):0.000000
(10,19),(26,5):0.000000
(10,19),(27,5):0.000000
(10,19),(27,12):0.000000
(10,19),(29,12):0.000000
(10,19),(29,15):0.000000
(10,19),(28,15):0.000000
(10,19),(28,16):0.000000
(10,19),(25,16):0.000000
(10,19),(25,17):0.000000
(10,19),(24,17):0.000000
(10,19),(24,25):0.000000
(10,19),(31,25):0.000000
(10,19),(31,28):0.000000
(10,21),(11,21):13.000000
(10,21),(11,23):22.125000
(10,21),(17,23):4.250000
(10,21),(17,14):0.000000
(10,21),(14,14):0.000000
(10,21),(14,8):0.000000
(10,21),(16,8):0.000000
(10,21),(16,1):0.000000
(10,21),(19,1):0.000000
(10,21),(19,4):0.000000
(10,21),(26,4):0.000000
(10,21),(26,5):0.000000
(10,21),(27,5):0.000000
(10,21),(27,12):0.000000
(10,21),(29,12):0.000000
(10,21),(29,15):0.000000
(10,21),(28,15):0.000000
(10,21),(28,16):0.000000
(10,21),(25,16):0.000000
(10,21),(25,17):0.000000
(10,21),(24,17):0.000000
(10,21),(24,25):0.000000
(10,21),(31,25):0.000000
(10,21),(31,28):0.000000
(11,21),(11,23):12.875000
(11,21),(17,23):4.000000
(11,21),(17,14):0.000000
(11,21),(14,14):0.000000
(11,21),(14,8):0.000000
(11,21),(16,8):0.000000
(11,21),(16,1):0.000000
(11,21),(19,1):0.000000
(11,21),(19,4):0.000000
(11,21),(26,4):0.000000
(11,21),(26,5):0.000000
(11,21),(27,5):0.000000
(11,21),(27,12):0.000000
(11,21),(29,12):0.000000
(11,21),(29,15):0.000000
(11,21),(28,15):0.000000
(11,21),(28,16):0.000000
(11,21),(25,16):0.000000
(11,21),(25,17):0.000000
(11,21),(24,17):0.000000
(11,21),(24,25):0.000000
(11,21),(31,25):0.000000
(11,21),(31,28):0.000000
(11,23),(17,23):12.125000
(11,23),(17,14):1.625000
(11,23),(14,14):0.000000
(11,23),(14,8):0.000000
(11,23),(16,8):0.000000
(11,23),(16,1):0.416855
(11,23),(19,1):1.375803
(11,23),(19,4):1.327404
(11,23),(26,4):0.000000
(11,23),(26,5):0.000000
(11,23),(27,5):0.000000
(11,23),(27,12):0.000000
(11,23),(29,12):0.000000
(11,23),(29,15):0.000000
(11,23),(28,15):0.000000
(11,23),(28,16):0.000000
(11,23),(25,16):0.000000
(11,23),(25,17):0.000000
(11,23),(24,17):0.000000
(11,23),(24,25):0.000000
(11,23),(31,25):0.000000
(11,23),(31,28):0.000000
(17,23),(17,14):74.437500
(17,23),(14,14):48.739582
(17,23),(14,8):29.400000
(17,23),(16,8):60.406250
(17,23),(16,1):58.000000
(17,23),(19,1):47.224880
(17,23),(19,4):73.993423
(17,23),(26,4):25.781250
(17,23),(26,5):22.941965
(17,23),(27,5):15.625000
(17,23),(27,12):2.455688
(17,23),(29,12):0.000000
(17,23),(29,15):1.427148
(17,23),(28,15):1.752083
(17,23),(28,16):1.482250
(17,23),(25,16):0.341315
(17,23),(25,17):0.281860
(17,23),(24,17):0.068371
(17,23),(24,25):0.014741
(17,23),(31,25):0.000000
(17,23),(31,28):0.000000
(17,14),(14,14):76.047623
(17,14),(14,8):65.000000
(17,14),(16,8):107.214287
(17,14),(16,1):91.000000
(17,14),(19,1):66.149124
(17,14),(19,4):114.766373
(17,14),(26,4):42.414288
(17,14),(26,5):35.257141
(17,14),(27,5):23.683117
(17,14),(27,12):4.144475
(17,14),(29,12):0.000000
(17,14),(29,15):1.710716
(17,14),(28,15):3.400119
(17,14),(28,16):3.108036
(17,14),(25,16):1.748184
(17,14),(25,17):1.661161
(17,14),(24,17):1.278321
(17,14),(24,25):1.099485
(17,14),(31,25):0.000000
(17,14),(31,28):0.000000
(14,14),(14,8):48.000000
(14,14),(16,8):77.976189
(14,14),(16,1):56.333332
(14,14),(19,1):38.166668
(14,14),(19,4):75.309525
(14,14),(26,4):41.676189
(14,14),(26,5):34.065586
(14,14),(27,5):23.040260
(14,14),(27,12):6.000210
(14,14),(29,12):0.000000
(14,14),(29,15):1.871607
(14,14),(28,15):4.831887
(14,14),(28,16):4.871315
(14,14),(25,16):3.509136
(14,14),(25,17):3.334841
(14,14),(24,17):2.995156
(14,14),(24,25):1.917219
(14,14),(31,25):0.000000
(14,14),(31,28):0.000000
(14,8),(16,8):65.000000
(14,8),(16,1):53.000000
(14,8),(19,1):29.333334
(14,8),(19,4):62.333332
(14,8),(26,4):15.866667
(14,8),(26,5):8.400000
(14,8),(27,5):5.504546
(14,8),(27,12):0.000000
(14,8),(29,12):0.000000
(14,8),(29,15):0.000000
(14,8),(28,15):0.000000
(14,8),(28,16):0.000000
(14,8),(25,16):0.000000
(14,8),(25,17):0.000000
(14,8),(24,17):0.000000
(14,8),(24,25):0.000000
(14,8),(31,25):0.000000
(14,8),(31,28):0.000000
(16,8),(16,1):87.500000
(16,8),(19,1):55.333332
(16,8),(19,4):113.178574
(16,8),(26,4):49.866665
(16,8),(26,5):43.959522
(16,8),(27,5):30.171211
(16,8),(27,12):12.518767
(16,8),(29,12):0.000000
(16,8),(29,15):2.240741
(16,8),(28,15):7.510779
(16,8),(28,16):8.576271
(16,8),(25,16):9.997024
(16,8),(25,17):6.230645
(16,8),(24,17):9.448634
(16,8),(24,25):2.999235
(16,8),(31,25):0.000000
(16,8),(31,28):0.000000
(16,1),(19,1):50.734375
(16,1),(19,4):90.155174
(16,1),(26,4):27.000000
(16,1),(26,5):23.142857
(16,1),(27,5):17.200001
(16,1),(27,12):0.000000
(16,1),(29,12):0.000000
(16,1),(29,15):0.000000
(16,1),(28,15):0.000000
(16,1),(28,16):0.000000
(16,1),(25,16):0.000000
(16,1),(25,17):0.000000
(16,1),(24,17):0.000000
(16,1),(24,25):0.000000
(16,1),(31,25):0.000000
(16,1),(31,28):0.000000
(19,1),(19,4):68.461174
(19,1),(26,4):22.958334
(19,1),(26,5):17.483767
(19,1),(27,5):11.906897
(19,1),(27,12):0.000000
(19,1),(29,12):0.000000
(19,1),(29,15):0.000000
(19,1),(28,15):0.000000
(19,1),(28,16):0.000000
(19,1),(25,16):0.000000
(19,1),(25,17):0.000000
(19,1),(24,17):0.000000
(19,1),(24,25):0.000000
(19,1),(31,25):0.000000
(19,1),(31,28):0.000000
(19,4),(26,4):52.708332
(19,4),(26,5):49.904762
(19,4),(27,5):36.178570
(19,4),(27,12):20.457144
(19,4),(29,12):0.000000
(19,4),(29,15):2.708333
(19,4),(28,15):11.034722
(19,4),(28,16):13.115385
(19,4),(25,16):17.928572
(19,4),(25,17):8.400000
(19,4),(24,17):17.378571
(19,4),(24,25):3.625000
(19,4),(31,25):0.000000
(19,4),(31,28):0.000000
(26,4),(26,5):75.154549
(26,4),(27,5):60.909092
(26,4),(27,12):42.111904
(26,4),(29,12):14.000000
(26,4),(29,15):22.291666
(26,4),(28,15):35.312500
(26,4),(28,16):36.500000
(26,4),(25,16):39.458332
(26,4),(25,17):26.858334
(26,4),(24,17):41.158333
(26,4),(24,25):16.500000
(26,4),(31,25):0.000000
(26,4),(31,28):0.000000
(26,5),(27,5):72.109093
(26,5),(27,12):54.254761
(26,5),(29,12):19.142857
(26,5),(29,15):26.684525
(26,5),(28,15):41.955357
(26,5),(28,16):43.642857
(26,5),(25,16):51.597404
(26,5),(25,17):26.854546
(26,5),(24,17):50.654545
(26,5),(24,25):16.250000
(26,5),(31,25):0.000000
(26,5),(31,28):0.000000
(27,5),(27,12):48.183334
(27,5),(29,12):18.000000
(27,5),(29,15):25.166666
(27,5),(28,15):37.750000
(27,5),(28,16):38.986111
(27,5),(25,16):46.853535
(27,5),(25,17):24.309092
(27,5),(24,17):46.109093
(27,5),(24,25):14.111111
(27,5),(31,25):0.000000
(27,5),(31,28):0.000000
(27,12),(29,12):24.833334
(27,12),(29,15):32.041668
(27,12),(28,15):47.812500
(27,12),(28,16):46.500000
(27,12),(25,16):57.011906
(27,12),(25,17):26.650000
(27,12),(24,17):49.961906
(27,12),(24,25):14.083333
(27,12),(31,25):0.000000
(27,12),(31,28):0.000000
(29,12),(29,15):18.000000
(29,12),(28,15):23.500000
(29,12),(28,16):19.833334
(29,12),(25,16):24.666666
(29,12),(25,17):9.500000
(29,12),(24,17):18.000000
(29,12),(24,25):5.500000
(29,12),(31,25):0.000000
(29,12),(31,28):0.000000
(29,15),(28,15):31.479166
(29,15),(28,16):28.166666
(29,15),(25,16):30.000000
(29,15),(25,17):15.142858
(29,15),(24,17):25.558823
(29,15),(24,25):8.280303
(29,15),(31,25):0.000000
(29,15),(31,28):0.000000
(28,15),(28,16):43.833332
(28,15),(25,16):45.833332
(28,15),(25,17):24.900000
(28,15),(24,17):38.450001
(28,15),(24,25):12.750000
(28,15),(31,25):0.000000
(28,15),(31,28):0.000000
(28,16),(25,16):45.000000
(28,16),(25,17):24.900000
(28,16),(24,17):39.950001
(28,16),(24,25):12.250000
(28,16),(31,25):0.000000
(28,16),(31,28):0.000000
(25,16),(25,17):26.900000
(25,16),(24,17):49.950001
(25,16),(24,25):13.750000
(25,16),(31,25):0.000000
(25,16),(31,28):0.000000
(25,17),(24,17):26.450001
(25,17),(24,25):13.250000
(25,17),(31,25):0.000000
(25,17),(31,28):0.000000
(24,17),(24,25):22.250000
(24,17),(31,25):1.000000
(24,17),(31,28):0.000000
(24,25),(31,25):8.083333
(24,25),(31,28):1.333333
(31,25),(31,28):3.250000
