66
(29,29):(17,31)	(18,31)	(19,31)	(21,30)	(22,28)	(22,29)	(22,30)	(23,28)	(23,29)	(23,30)	(24,29)	(24,30)	(25,29)	(25,30)	(26,29)	(26,30)	(27,29)	(27,30)	(28,29)	(28,30)	(29,29)	(29,31)	(33,28)	(33,29)	
(29,31):(16,30)	(17,31)	(18,31)	(19,31)	(21,30)	(22,28)	(22,29)	(22,30)	(23,28)	(23,29)	(23,30)	(24,29)	(24,30)	(25,29)	(25,30)	(26,29)	(26,30)	(27,29)	(27,30)	(28,29)	(28,30)	(29,29)	(29,31)	
(19,31):(16,30)	(16,32)	(17,31)	(18,31)	(18,32)	(18,33)	(19,31)	(19,33)	(21,30)	(22,30)	(23,29)	(23,30)	(24,29)	(24,30)	(25,29)	(25,30)	(26,29)	(26,30)	(27,29)	(27,30)	(28,29)	(28,30)	(29,29)	(29,31)	(33,28)	
(19,33):(16,30)	(17,31)	(18,31)	(18,32)	(18,33)	(19,31)	(19,33)	
(18,33):(18,31)	(18,32)	(18,33)	(19,31)	(19,33)	
(18,32):(16,30)	(16,32)	(17,31)	(18,31)	(18,32)	(18,33)	(19,31)	(19,33)	
(16,32):(16,30)	(16,32)	(17,31)	(18,31)	(18,32)	(19,31)	(21,30)	(22,30)	(24,29)	(25,29)	
(16,30):(16,30)	(16,32)	(17,31)	(18,31)	(18,32)	(19,31)	(19,33)	(21,30)	(22,30)	(23,30)	(24,30)	(25,30)	(26,30)	(27,30)	(28,30)	(29,31)	
(21,30):(16,30)	(16,32)	(17,31)	(18,31)	(19,31)	(21,23)	(21,30)	(22,24)	(22,25)	(22,26)	(22,27)	(22,28)	(22,29)	(22,30)	(23,24)	(23,25)	(23,26)	(23,27)	(23,28)	(23,29)	(23,30)	(24,24)	(24,25)	(24,29)	(24,30)	(25,23)	(25,24)	(25,29)	(25,30)	(26,22)	(26,29)	(26,30)	(27,29)	(27,30)	(28,29)	(28,30)	(29,29)	(29,31)	(33,28)	
(21,23):(21,23)	(21,30)	(22,24)	(22,25)	(22,26)	(22,27)	(22,28)	(22,29)	(22,30)	(23,24)	(23,25)	(23,26)	(23,27)	(23,28)	(23,29)	(23,30)	(24,24)	(24,25)	(24,26)	(25,23)	(25,24)	(25,25)	(25,26)	(26,23)	(26,24)	(26,25)	(26,26)	(27,27)	
(25,23):(21,23)	(21,30)	(22,24)	(22,25)	(22,26)	(22,27)	(22,28)	(22,29)	(23,24)	(23,25)	(23,26)	(23,27)	(24,24)	(24,25)	(24,26)	(25,15)	(25,16)	(25,17)	(25,18)	(25,19)	(25,20)	(25,21)	(25,22)	(25,23)	(25,24)	(25,25)	(25,26)	(26,14)	(26,16)	(26,17)	(26,18)	(26,19)	(26,20)	(26,21)	(26,22)	(26,23)	(26,24)	(26,25)	(26,26)	(27,17)	(27,18)	(27,27)	
(25,22):(2,21)	(2,22)	(3,21)	(4,21)	(5,21)	(6,21)	(18,15)	(19,15)	(19,16)	(20,15)	(20,16)	(20,17)	(21,15)	(21,16)	(21,17)	(21,18)	(22,15)	(22,16)	(22,17)	(22,18)	(22,19)	(22,21)	(23,15)	(23,16)	(23,17)	(23,18)	(23,19)	(23,20)	(23,21)	(24,15)	(24,16)	(24,17)	(24,18)	(24,19)	(24,20)	(24,21)	(25,15)	(25,16)	(25,17)	(25,18)	(25,19)	(25,20)	(25,21)	(25,22)	(25,23)	(25,24)	(25,25)	(25,26)	(26,14)	(26,16)	(26,17)	(26,18)	(26,19)	(26,20)	(26,21)	(26,22)	(26,23)	(26,24)	(26,25)	(26,26)	(27,17)	(27,18)	(27,27)	(28,16)	
(2,22):(1,20)	(1,25)	(2,21)	(2,22)	(2,25)	(3,21)	(4,21)	(5,21)	(6,20)	(6,21)	(22,21)	(23,21)	(24,21)	(25,21)	(25,22)	(26,21)	(26,22)	
(2,25):(1,20)	(1,25)	(2,21)	(2,22)	(2,25)	
(1,25):(1,20)	(1,25)	(2,21)	(2,22)	(2,25)	
(1,20):(1,20)	(1,25)	(2,21)	(2,22)	(2,25)	(3,21)	(4,21)	(5,21)	(6,20)	(6,21)	
(6,20):(1,20)	(2,21)	(2,22)	(3,21)	(4,21)	(5,21)	(6,20)	(6,21)	
(6,21):(1,20)	(2,21)	(2,22)	(3,21)	(4,21)	(5,21)	(6,20)	(6,21)	(22,21)	(23,21)	(24,21)	(25,21)	(25,22)	(26,21)	(26,22)	
(22,21):(2,21)	(2,22)	(3,21)	(4,21)	(5,21)	(6,21)	(22,15)	(22,16)	(22,17)	(22,18)	(22,19)	(22,21)	(23,15)	(23,16)	(23,17)	(23,18)	(23,19)	(23,20)	(23,21)	(24,15)	(24,16)	(24,17)	(24,18)	(24,19)	(24,20)	(24,21)	(25,15)	(25,16)	(25,17)	(25,18)	(25,19)	(25,20)	(25,21)	(25,22)	(26,14)	(26,16)	(26,17)	(26,18)	(26,19)	(26,20)	(26,21)	(26,22)	(27,17)	(27,18)	(28,16)	
(22,19):(15,15)	(16,15)	(16,16)	(17,15)	(17,16)	(17,17)	(17,19)	(18,15)	(18,16)	(18,17)	(18,18)	(19,15)	(19,16)	(19,17)	(19,18)	(20,15)	(20,16)	(20,17)	(20,18)	(21,15)	(21,16)	(21,17)	(21,18)	(22,15)	(22,16)	(22,17)	(22,18)	(22,19)	(22,21)	(23,15)	(23,16)	(23,17)	(23,18)	(23,19)	(23,20)	(23,21)	(24,15)	(24,16)	(24,17)	(24,18)	(24,19)	(24,20)	(24,21)	(25,15)	(25,16)	(25,17)	(25,18)	(25,19)	(25,20)	(25,21)	(25,22)	(26,14)	(26,16)	(26,17)	(26,18)	(26,19)	(26,20)	(26,21)	(26,22)	(26,23)	(27,17)	(27,18)	(28,16)	
(17,19):(17,15)	(17,16)	(17,17)	(17,19)	(18,15)	(18,16)	(18,17)	(18,18)	(19,15)	(19,16)	(19,17)	(19,18)	(20,15)	(20,16)	(20,17)	(20,18)	(21,15)	(21,16)	(21,17)	(21,18)	(22,15)	(22,16)	(22,17)	(22,18)	(22,19)	(23,15)	(23,16)	(23,17)	(23,18)	(23,19)	(24,15)	(24,16)	(24,17)	(24,18)	(24,19)	(25,15)	(25,16)	(25,17)	(25,18)	(25,19)	(26,14)	(26,16)	(26,17)	(26,18)	(26,19)	(27,17)	(27,18)	(28,16)	
(17,17):(15,15)	(15,17)	(16,15)	(16,16)	(17,15)	(17,16)	(17,17)	(17,19)	(18,15)	(18,16)	(18,17)	(18,18)	(19,15)	(19,16)	(19,17)	(19,18)	(20,15)	(20,16)	(20,17)	(20,18)	(21,15)	(21,16)	(21,17)	(21,18)	(22,15)	(22,16)	(22,17)	(22,18)	(22,19)	(23,15)	(23,16)	(23,17)	(23,18)	(23,19)	(24,15)	(24,16)	(24,17)	(24,18)	(24,19)	(25,15)	(25,16)	(25,17)	(25,18)	(25,19)	(25,20)	(26,14)	(26,16)	(26,17)	(26,18)	(26,19)	(26,20)	(27,17)	(27,18)	(28,16)	(28,18)	
(15,17):(15,15)	(15,17)	(16,15)	(16,16)	(17,15)	(17,16)	(17,17)	(18,15)	(18,16)	(18,17)	(19,15)	(19,16)	(19,17)	(20,15)	(20,16)	(20,17)	(21,15)	(21,16)	(21,17)	(22,15)	(22,16)	(22,17)	(23,15)	(23,16)	(23,17)	(24,15)	(24,16)	(24,17)	(25,15)	(25,16)	(25,17)	(26,14)	(26,16)	(26,17)	(27,17)	(28,16)	
(15,15):(3,15)	(4,14)	(5,14)	(15,15)	(15,17)	(16,15)	(16,16)	(17,15)	(17,16)	(17,17)	(18,15)	(18,16)	(18,17)	(18,18)	(19,15)	(19,16)	(19,17)	(19,18)	(20,15)	(20,16)	(20,17)	(20,18)	(21,15)	(21,16)	(21,17)	(21,18)	(22,15)	(22,16)	(22,17)	(22,18)	(22,19)	(23,15)	(23,16)	(23,17)	(23,18)	(23,19)	(24,15)	(24,16)	(24,17)	(24,18)	(24,19)	(24,20)	(25,15)	(25,16)	(25,17)	(25,18)	(25,19)	(25,20)	(26,14)	(26,16)	(26,17)	(26,18)	(26,19)	(26,20)	(26,21)	(27,17)	(27,18)	(28,18)	
(3,15):(3,9)	(3,15)	(4,9)	(4,10)	(4,11)	(4,12)	(4,13)	(4,14)	(5,7)	(5,8)	(5,9)	(5,10)	(5,11)	(5,12)	(5,13)	(5,14)	(6,7)	(6,8)	(6,9)	(6,10)	(6,11)	(6,12)	(7,7)	(7,8)	(7,9)	(7,10)	(7,11)	(8,6)	(8,7)	(8,8)	(8,9)	(8,10)	(9,5)	(9,6)	(9,7)	(9,8)	(9,9)	(10,3)	(10,4)	(10,5)	(10,6)	(10,7)	(10,8)	(11,2)	(11,4)	(11,5)	(11,6)	(11,7)	(12,4)	(15,15)	(16,15)	(17,15)	(18,15)	(19,15)	(20,15)	(21,15)	(22,15)	(23,15)	(24,15)	(25,15)	(26,14)	
(3,9):(3,9)	(3,15)	(4,9)	(4,10)	(4,11)	(4,12)	(4,13)	(4,14)	(5,9)	(5,10)	(5,11)	(5,12)	(5,13)	(5,14)	(6,9)	(6,10)	(6,11)	(6,12)	(7,9)	(7,10)	(7,11)	(7,12)	(8,9)	(8,10)	(8,11)	(8,12)	(9,9)	(9,10)	(9,11)	(9,12)	(10,9)	(10,10)	(10,11)	(10,12)	(11,9)	(11,10)	(11,11)	(11,12)	(12,9)	(12,10)	(12,11)	(12,12)	(13,9)	(13,10)	(13,11)	(13,12)	(14,11)	(14,12)	(15,12)	(16,12)	(17,12)	(18,12)	(19,12)	
(4,9):(3,9)	(3,15)	(4,6)	(4,9)	(4,10)	(4,11)	(4,12)	(4,13)	(4,14)	(5,7)	(5,8)	(5,9)	(5,10)	(5,11)	(5,12)	(5,13)	(5,14)	(6,7)	(6,8)	(6,9)	(6,10)	(6,11)	(6,12)	(7,7)	(7,8)	(7,9)	(7,10)	(7,11)	(7,12)	(8,6)	(8,7)	(8,8)	(8,9)	(8,10)	(8,11)	(8,12)	(9,6)	(9,7)	(9,8)	(9,9)	(9,10)	(9,11)	(9,12)	(10,5)	(10,6)	(10,7)	(10,8)	(10,9)	(10,10)	(10,11)	(10,12)	(11,4)	(11,5)	(11,6)	(11,7)	(11,8)	(11,9)	(11,10)	(11,11)	(11,12)	(12,4)	(12,8)	(12,9)	(12,10)	(12,11)	(12,12)	(13,8)	(13,9)	(13,10)	(13,11)	(13,12)	(14,11)	(14,12)	(15,12)	(16,12)	(17,12)	(18,12)	(19,12)	
(4,6):(4,6)	(4,9)	(4,10)	(4,11)	(4,12)	(4,13)	(4,14)	(5,7)	(5,8)	(5,9)	(5,10)	(5,11)	(5,12)	(5,13)	(5,14)	(6,7)	(6,8)	(6,9)	(6,10)	(6,11)	(6,12)	(7,7)	(7,8)	(7,9)	(7,10)	(7,11)	(7,12)	(8,6)	(8,7)	(8,8)	(8,9)	(8,10)	(8,11)	(8,12)	(9,6)	(9,7)	(9,8)	(9,9)	(9,10)	(9,11)	(9,12)	(10,6)	(10,7)	(10,8)	(10,9)	(10,10)	(10,11)	(10,12)	(11,6)	(11,7)	(11,8)	(11,9)	(11,10)	(11,11)	(11,12)	(12,8)	(12,9)	(12,10)	(12,11)	(12,12)	(13,9)	(13,10)	(13,11)	(13,12)	(14,11)	(14,12)	(15,12)	(16,12)	
(8,6):(3,15)	(4,6)	(4,9)	(4,10)	(4,11)	(4,12)	(4,13)	(4,14)	(5,7)	(5,8)	(5,9)	(5,10)	(5,11)	(5,12)	(5,13)	(6,7)	(6,8)	(6,9)	(6,10)	(6,11)	(6,12)	(7,7)	(7,8)	(7,9)	(7,10)	(7,11)	(7,12)	(8,4)	(8,5)	(8,6)	(8,7)	(8,8)	(8,9)	(8,10)	(8,11)	(8,12)	(9,3)	(9,4)	(9,5)	(9,6)	(9,7)	(9,8)	(9,9)	(9,10)	(9,11)	(9,12)	(10,1)	(10,2)	(10,3)	(10,4)	(10,5)	(10,6)	(10,7)	(10,8)	(10,9)	(10,10)	(10,11)	(10,12)	(11,2)	(11,4)	(11,5)	(11,6)	(11,7)	(11,8)	(11,9)	(11,10)	(11,11)	(11,12)	(12,4)	(12,8)	(12,9)	(12,10)	(12,11)	(12,12)	(13,9)	(13,10)	(13,11)	(13,12)	(14,11)	(14,12)	(15,12)	
(8,5):(7,3)	(7,5)	(8,4)	(8,5)	(8,6)	(8,7)	(8,8)	(8,9)	(8,10)	(8,11)	(8,12)	(9,3)	(9,4)	(9,5)	(9,6)	(9,7)	(9,8)	(9,9)	(9,10)	(9,11)	(9,12)	(10,1)	(10,2)	(10,3)	(10,4)	(10,5)	(10,6)	(10,7)	(10,8)	(10,9)	(10,10)	(10,11)	(10,12)	(11,2)	(11,4)	(11,5)	(11,6)	(11,7)	(11,8)	(11,9)	(11,10)	(11,11)	(11,12)	(12,4)	(12,8)	(12,9)	(12,10)	(12,11)	(12,12)	(13,9)	(13,10)	(13,11)	(13,12)	(14,11)	(14,12)	(15,12)	
(7,5):(7,3)	(7,5)	(8,4)	(8,5)	(9,3)	(9,4)	(9,5)	(10,2)	(10,3)	(10,4)	(10,5)	(11,2)	(11,4)	(11,5)	(12,4)	
(7,3):(7,3)	(7,5)	(8,4)	(8,5)	(9,3)	(9,4)	(9,5)	(9,6)	(9,7)	(10,3)	(10,4)	(10,5)	(10,6)	(10,7)	(10,8)	(10,9)	(11,4)	(11,5)	(11,6)	(11,7)	(11,8)	(11,9)	(11,10)	(11,11)	(12,8)	(12,9)	(12,10)	(12,11)	(12,12)	(13,9)	(13,10)	(13,11)	(13,12)	(14,11)	(14,12)	
(9,3):(6,12)	(7,3)	(7,5)	(7,9)	(7,10)	(7,11)	(7,12)	(8,4)	(8,5)	(8,6)	(8,7)	(8,8)	(8,9)	(8,10)	(8,11)	(8,12)	(9,1)	(9,3)	(9,4)	(9,5)	(9,6)	(9,7)	(9,8)	(9,9)	(9,10)	(9,11)	(9,12)	(10,1)	(10,2)	(10,3)	(10,4)	(10,5)	(10,6)	(10,7)	(10,8)	(10,9)	(10,10)	(10,11)	(10,12)	(11,2)	(11,4)	(11,5)	(11,6)	(11,7)	(11,8)	(11,9)	(11,10)	(11,11)	(11,12)	(12,8)	(12,9)	(12,10)	(12,11)	(12,12)	(13,10)	(13,11)	(13,12)	(14,12)	
(9,1):(9,1)	(9,3)	(9,4)	(9,5)	(9,6)	(9,7)	(9,8)	(9,9)	(9,10)	(9,11)	(9,12)	(10,1)	(10,2)	(10,3)	(10,4)	(10,5)	(10,6)	(10,7)	(10,8)	(10,9)	(10,10)	(10,11)	(10,12)	(11,4)	(11,5)	(11,6)	(11,7)	(11,8)	(11,9)	(11,10)	(11,11)	(11,12)	(12,8)	(12,9)	(12,10)	(12,11)	(12,12)	(13,11)	(13,12)	
(10,1):(6,11)	(6,12)	(7,9)	(7,10)	(7,11)	(7,12)	(8,5)	(8,6)	(8,7)	(8,8)	(8,9)	(8,10)	(8,11)	(8,12)	(9,1)	(9,3)	(9,4)	(9,5)	(9,6)	(9,7)	(9,8)	(9,9)	(9,10)	(9,11)	(9,12)	(10,1)	(10,2)	(10,3)	(10,4)	(10,5)	(10,6)	(10,7)	(10,8)	(10,9)	(10,10)	(10,11)	(10,12)	
(10,2):(4,14)	(5,12)	(5,13)	(6,10)	(6,11)	(6,12)	(7,5)	(7,8)	(7,9)	(7,10)	(7,11)	(7,12)	(8,4)	(8,5)	(8,6)	(8,7)	(8,8)	(8,9)	(8,10)	(8,11)	(8,12)	(9,1)	(9,3)	(9,4)	(9,5)	(9,6)	(9,7)	(9,8)	(9,9)	(9,10)	(9,11)	(9,12)	(10,1)	(10,2)	(10,3)	(10,4)	(10,5)	(10,6)	(10,7)	(10,8)	(10,9)	(10,10)	(10,11)	(10,12)	(11,2)	(11,4)	(11,5)	(11,6)	(11,7)	(11,8)	(11,9)	(11,10)	(11,11)	(11,12)	(12,8)	(12,9)	(12,10)	(12,11)	(12,12)	(13,11)	(13,12)	
(11,2):(3,15)	(4,12)	(4,13)	(4,14)	(5,10)	(5,11)	(5,12)	(5,13)	(6,9)	(6,10)	(6,11)	(6,12)	(7,5)	(7,8)	(7,9)	(7,10)	(7,11)	(7,12)	(8,4)	(8,5)	(8,6)	(8,7)	(8,8)	(8,9)	(8,10)	(8,11)	(8,12)	(9,3)	(9,4)	(9,5)	(9,6)	(9,7)	(9,8)	(9,9)	(9,10)	(9,11)	(9,12)	(10,2)	(10,3)	(10,4)	(10,5)	(10,6)	(10,7)	(10,8)	(10,9)	(10,10)	(10,11)	(10,12)	(11,2)	(11,4)	(11,5)	(11,6)	(11,7)	(11,8)	(11,9)	(11,10)	(11,11)	(11,12)	
(11,4):(3,15)	(4,9)	(4,10)	(4,11)	(4,12)	(4,13)	(4,14)	(5,8)	(5,9)	(5,10)	(5,11)	(5,12)	(5,13)	(6,8)	(6,9)	(6,10)	(6,11)	(6,12)	(7,3)	(7,5)	(7,7)	(7,8)	(7,9)	(7,10)	(7,11)	(7,12)	(8,4)	(8,5)	(8,6)	(8,7)	(8,8)	(8,9)	(8,10)	(8,11)	(8,12)	(9,1)	(9,3)	(9,4)	(9,5)	(9,6)	(9,7)	(9,8)	(9,9)	(9,10)	(9,11)	(9,12)	(10,2)	(10,3)	(10,4)	(10,5)	(10,6)	(10,7)	(10,8)	(10,9)	(10,10)	(10,11)	(10,12)	(11,2)	(11,4)	(11,5)	(11,6)	(11,7)	(11,8)	(11,9)	(11,10)	(11,11)	(11,12)	(12,4)	(12,8)	(12,9)	(12,10)	(12,11)	(12,12)	(13,12)	
(12,4):(3,15)	(4,9)	(4,10)	(4,11)	(4,12)	(4,13)	(4,14)	(5,8)	(5,9)	(5,10)	(5,11)	(5,12)	(5,13)	(6,7)	(6,8)	(6,9)	(6,10)	(6,11)	(6,12)	(7,5)	(7,7)	(7,8)	(7,9)	(7,10)	(7,11)	(7,12)	(8,4)	(8,5)	(8,6)	(8,7)	(8,8)	(8,9)	(8,10)	(8,11)	(8,12)	(9,4)	(9,5)	(9,6)	(9,7)	(9,8)	(9,9)	(9,10)	(9,11)	(9,12)	(10,4)	(10,5)	(10,6)	(10,7)	(10,8)	(10,9)	(10,10)	(10,11)	(10,12)	(11,4)	(11,5)	(11,6)	(11,7)	(11,8)	(11,9)	(11,10)	(11,11)	(11,12)	(12,4)	(12,8)	(12,9)	(12,10)	(12,11)	(12,12)	
(12,8):(4,6)	(4,9)	(4,10)	(4,11)	(4,12)	(4,13)	(5,7)	(5,8)	(5,9)	(5,10)	(5,11)	(5,12)	(5,13)	(6,7)	(6,8)	(6,9)	(6,10)	(6,11)	(6,12)	(7,3)	(7,7)	(7,8)	(7,9)	(7,10)	(7,11)	(7,12)	(8,4)	(8,5)	(8,6)	(8,7)	(8,8)	(8,9)	(8,10)	(8,11)	(8,12)	(9,1)	(9,3)	(9,4)	(9,5)	(9,6)	(9,7)	(9,8)	(9,9)	(9,10)	(9,11)	(9,12)	(10,2)	(10,3)	(10,4)	(10,5)	(10,6)	(10,7)	(10,8)	(10,9)	(10,10)	(10,11)	(10,12)	(11,4)	(11,5)	(11,6)	(11,7)	(11,8)	(11,9)	(11,10)	(11,11)	(11,12)	(12,4)	(12,8)	(12,9)	(12,10)	(12,11)	(12,12)	(13,8)	(13,9)	(13,10)	(13,11)	(13,12)	(14,11)	(14,12)	
(13,8):(4,9)	(4,10)	(4,11)	(4,12)	(4,13)	(5,8)	(5,9)	(5,10)	(5,11)	(5,12)	(5,13)	(6,8)	(6,9)	(6,10)	(6,11)	(6,12)	(7,8)	(7,9)	(7,10)	(7,11)	(7,12)	(8,8)	(8,9)	(8,10)	(8,11)	(8,12)	(9,8)	(9,9)	(9,10)	(9,11)	(9,12)	(10,8)	(10,9)	(10,10)	(10,11)	(10,12)	(11,8)	(11,9)	(11,10)	(11,11)	(11,12)	(12,8)	(12,9)	(12,10)	(12,11)	(12,12)	(13,7)	(13,8)	(13,9)	(13,10)	(13,11)	(13,12)	(14,7)	(14,11)	(14,12)	
(13,7):(13,7)	(13,8)	(13,9)	(13,10)	(13,11)	(13,12)	(14,7)	(14,11)	(14,12)	
(14,7):(9,12)	(10,11)	(10,12)	(11,10)	(11,11)	(11,12)	(12,9)	(12,10)	(12,11)	(12,12)	(13,7)	(13,8)	(13,9)	(13,10)	(13,11)	(13,12)	(14,7)	(14,11)	(14,12)	
(14,11):(3,9)	(4,6)	(4,9)	(4,10)	(4,11)	(4,12)	(4,13)	(5,7)	(5,8)	(5,9)	(5,10)	(5,11)	(5,12)	(5,13)	(6,7)	(6,8)	(6,9)	(6,10)	(6,11)	(6,12)	(7,3)	(7,7)	(7,8)	(7,9)	(7,10)	(7,11)	(7,12)	(8,4)	(8,5)	(8,6)	(8,7)	(8,8)	(8,9)	(8,10)	(8,11)	(8,12)	(9,4)	(9,5)	(9,6)	(9,7)	(9,8)	(9,9)	(9,10)	(9,11)	(9,12)	(10,5)	(10,6)	(10,7)	(10,8)	(10,9)	(10,10)	(10,11)	(10,12)	(11,7)	(11,8)	(11,9)	(11,10)	(11,11)	(11,12)	(12,8)	(12,9)	(12,10)	(12,11)	(12,12)	(13,7)	(13,8)	(13,9)	(13,10)	(13,11)	(13,12)	(14,7)	(14,11)	(14,12)	(15,12)	(16,12)	(17,12)	(18,12)	(19,12)	(20,11)	(20,12)	(21,11)	(21,12)	(22,11)	(22,12)	(23,11)	(23,12)	(24,12)	(30,13)	(31,13)	
(20,11):(4,11)	(4,12)	(4,13)	(5,11)	(5,12)	(5,13)	(6,11)	(6,12)	(7,11)	(7,12)	(8,11)	(8,12)	(9,11)	(9,12)	(10,11)	(10,12)	(11,11)	(11,12)	(12,11)	(12,12)	(13,11)	(13,12)	(14,11)	(14,12)	(15,12)	(16,12)	(17,12)	(18,12)	(19,12)	(20,10)	(20,11)	(20,12)	(21,11)	(21,12)	(22,11)	(22,12)	(23,11)	(23,12)	(24,10)	(24,12)	
(20,10):(20,10)	(20,11)	(20,12)	(21,11)	(21,12)	(22,11)	(22,12)	(23,11)	(23,12)	(24,10)	(24,12)	
(24,10):(16,12)	(17,12)	(18,12)	(19,12)	(20,10)	(20,11)	(20,12)	(21,11)	(21,12)	(22,11)	(22,12)	(23,11)	(23,12)	(24,10)	(24,12)	
(24,12):(4,10)	(4,11)	(4,12)	(4,13)	(5,11)	(5,12)	(5,13)	(6,11)	(6,12)	(7,11)	(7,12)	(8,11)	(8,12)	(9,11)	(9,12)	(10,11)	(10,12)	(11,11)	(11,12)	(12,11)	(12,12)	(13,11)	(13,12)	(14,11)	(14,12)	(15,12)	(16,12)	(17,12)	(18,12)	(19,12)	(20,10)	(20,11)	(20,12)	(21,11)	(21,12)	(22,11)	(22,12)	(23,11)	(23,12)	(24,10)	(24,12)	(30,13)	(31,13)	(32,12)	
(32,12):(4,12)	(4,13)	(5,12)	(5,13)	(6,12)	(7,12)	(8,12)	(9,12)	(10,12)	(11,12)	(12,12)	(13,12)	(14,12)	(15,12)	(16,12)	(17,12)	(18,12)	(19,12)	(20,12)	(21,12)	(22,12)	(23,12)	(24,12)	(30,13)	(30,24)	(31,13)	(31,14)	(31,15)	(31,16)	(31,17)	(31,18)	(31,19)	(31,20)	(31,21)	(31,22)	(31,23)	(31,24)	(31,26)	(32,12)	(32,26)	
(32,26):(30,13)	(31,13)	(31,14)	(31,15)	(31,16)	(31,17)	(31,18)	(31,19)	(31,20)	(31,21)	(31,22)	(31,23)	(31,24)	(31,26)	(32,12)	(32,26)	
(31,26):(31,13)	(31,14)	(31,15)	(31,16)	(31,17)	(31,18)	(31,19)	(31,20)	(31,21)	(31,22)	(31,23)	(31,24)	(31,26)	(32,12)	(32,26)	
(31,24):(30,13)	(30,24)	(31,13)	(31,14)	(31,15)	(31,16)	(31,17)	(31,18)	(31,19)	(31,20)	(31,21)	(31,22)	(31,23)	(31,24)	(31,26)	(32,12)	(32,26)	
(30,24):(30,13)	(30,24)	(31,13)	(31,14)	(31,15)	(31,16)	(31,17)	(31,18)	(31,19)	(31,20)	(31,21)	(31,22)	(31,23)	(31,24)	(32,12)	
(30,13):(4,10)	(4,11)	(4,12)	(4,13)	(5,10)	(5,11)	(5,12)	(5,13)	(6,10)	(6,11)	(6,12)	(7,11)	(7,12)	(8,11)	(8,12)	(9,11)	(9,12)	(10,11)	(10,12)	(11,11)	(11,12)	(12,11)	(12,12)	(13,11)	(13,12)	(14,11)	(14,12)	(15,12)	(16,12)	(17,12)	(18,12)	(19,12)	(20,12)	(21,12)	(22,12)	(23,12)	(24,12)	(30,13)	(30,24)	(31,13)	(31,14)	(31,15)	(31,16)	(31,17)	(31,18)	(31,19)	(31,20)	(31,21)	(31,22)	(31,23)	(31,24)	(32,12)	(32,26)	
(5,13):(3,9)	(3,15)	(4,6)	(4,9)	(4,10)	(4,11)	(4,12)	(4,13)	(4,14)	(5,7)	(5,8)	(5,9)	(5,10)	(5,11)	(5,12)	(5,13)	(5,14)	(6,7)	(6,8)	(6,9)	(6,10)	(6,11)	(6,12)	(7,7)	(7,8)	(7,9)	(7,10)	(7,11)	(7,12)	(8,6)	(8,7)	(8,8)	(8,9)	(8,10)	(8,11)	(8,12)	(9,4)	(9,5)	(9,6)	(9,7)	(9,8)	(9,9)	(9,10)	(9,11)	(9,12)	(10,2)	(10,3)	(10,4)	(10,5)	(10,6)	(10,7)	(10,8)	(10,9)	(10,10)	(10,11)	(10,12)	(11,2)	(11,4)	(11,5)	(11,6)	(11,7)	(11,8)	(11,9)	(11,10)	(11,11)	(11,12)	(12,4)	(12,8)	(12,9)	(12,10)	(12,11)	(12,12)	(13,8)	(13,9)	(13,10)	(13,11)	(13,12)	(14,11)	(14,12)	(15,12)	(16,12)	(17,12)	(18,12)	(19,12)	(20,11)	(20,12)	(21,11)	(21,12)	(22,11)	(22,12)	(23,11)	(23,12)	(24,12)	(30,13)	(31,13)	(32,12)	
(5,14):(3,9)	(3,15)	(4,6)	(4,9)	(4,10)	(4,11)	(4,12)	(4,13)	(4,14)	(5,7)	(5,8)	(5,9)	(5,10)	(5,11)	(5,12)	(5,13)	(5,14)	(15,15)	(16,15)	(17,15)	(18,15)	(19,15)	(20,15)	(21,15)	(22,15)	(23,15)	(24,15)	(25,15)	(25,16)	(26,14)	(26,16)	
(26,14):(3,15)	(4,14)	(5,14)	(15,15)	(15,17)	(16,15)	(16,16)	(17,15)	(17,16)	(17,17)	(17,19)	(18,15)	(18,16)	(18,17)	(18,18)	(19,15)	(19,16)	(19,17)	(19,18)	(20,15)	(20,16)	(20,17)	(20,18)	(21,15)	(21,16)	(21,17)	(21,18)	(22,15)	(22,16)	(22,17)	(22,18)	(22,19)	(22,21)	(23,15)	(23,16)	(23,17)	(23,18)	(23,19)	(23,20)	(23,21)	(24,15)	(24,16)	(24,17)	(24,18)	(24,19)	(24,20)	(24,21)	(25,15)	(25,16)	(25,17)	(25,18)	(25,19)	(25,20)	(25,21)	(25,22)	(25,23)	(25,24)	(25,25)	(25,26)	(26,14)	(26,16)	(26,17)	(26,18)	(26,19)	(26,20)	(26,21)	(26,22)	(26,23)	(26,24)	(26,25)	(26,26)	
(26,16):(4,14)	(5,14)	(15,15)	(15,17)	(16,15)	(16,16)	(17,15)	(17,16)	(17,17)	(17,19)	(18,15)	(18,16)	(18,17)	(18,18)	(19,15)	(19,16)	(19,17)	(19,18)	(20,15)	(20,16)	(20,17)	(20,18)	(21,15)	(21,16)	(21,17)	(21,18)	(22,15)	(22,16)	(22,17)	(22,18)	(22,19)	(22,21)	(23,15)	(23,16)	(23,17)	(23,18)	(23,19)	(23,20)	(23,21)	(24,15)	(24,16)	(24,17)	(24,18)	(24,19)	(24,20)	(24,21)	(25,15)	(25,16)	(25,17)	(25,18)	(25,19)	(25,20)	(25,21)	(25,22)	(25,23)	(25,24)	(25,25)	(25,26)	(26,14)	(26,16)	(26,17)	(26,18)	(26,19)	(26,20)	(26,21)	(26,22)	(26,23)	(26,24)	(26,25)	(26,26)	(27,17)	(27,18)	(27,27)	(28,16)	(28,18)	
(28,16):(15,17)	(16,16)	(17,16)	(17,17)	(17,19)	(18,16)	(18,17)	(18,18)	(19,16)	(19,17)	(19,18)	(20,16)	(20,17)	(20,18)	(21,16)	(21,17)	(21,18)	(22,16)	(22,17)	(22,18)	(22,19)	(22,21)	(23,16)	(23,17)	(23,18)	(23,19)	(23,20)	(23,21)	(24,16)	(24,17)	(24,18)	(24,19)	(24,20)	(24,21)	(25,16)	(25,17)	(25,18)	(25,19)	(25,20)	(25,21)	(25,22)	(26,16)	(26,17)	(26,18)	(26,19)	(26,20)	(27,17)	(27,18)	(28,16)	(28,18)	
(28,18):(15,15)	(16,15)	(16,16)	(17,15)	(17,16)	(17,17)	(18,15)	(18,16)	(18,17)	(18,18)	(19,15)	(19,16)	(19,17)	(19,18)	(20,15)	(20,16)	(20,17)	(20,18)	(21,15)	(21,16)	(21,17)	(21,18)	(22,15)	(22,16)	(22,17)	(22,18)	(23,15)	(23,16)	(23,17)	(23,18)	(24,15)	(24,16)	(24,17)	(24,18)	(25,15)	(25,16)	(25,17)	(25,18)	(26,16)	(26,17)	(26,18)	(27,17)	(27,18)	(28,16)	(28,18)	
(27,18):(15,15)	(16,15)	(16,16)	(17,15)	(17,16)	(17,17)	(17,19)	(18,15)	(18,16)	(18,17)	(18,18)	(19,15)	(19,16)	(19,17)	(19,18)	(20,15)	(20,16)	(20,17)	(20,18)	(21,15)	(21,16)	(21,17)	(21,18)	(22,15)	(22,16)	(22,17)	(22,18)	(22,19)	(22,21)	(23,15)	(23,16)	(23,17)	(23,18)	(23,19)	(23,20)	(23,21)	(24,15)	(24,16)	(24,17)	(24,18)	(24,19)	(24,20)	(24,21)	(24,26)	(25,15)	(25,16)	(25,17)	(25,18)	(25,19)	(25,20)	(25,21)	(25,22)	(25,23)	(25,24)	(25,25)	(25,26)	(26,16)	(26,17)	(26,18)	(26,19)	(26,20)	(26,21)	(26,22)	(26,23)	(26,24)	(26,25)	(26,26)	(27,17)	(27,18)	(27,27)	(28,16)	(28,18)	
(27,27):(21,23)	(22,24)	(22,25)	(22,26)	(22,27)	(23,15)	(23,16)	(23,17)	(23,24)	(23,25)	(23,26)	(23,27)	(24,15)	(24,16)	(24,17)	(24,18)	(24,19)	(24,24)	(24,25)	(24,26)	(25,15)	(25,16)	(25,17)	(25,18)	(25,19)	(25,20)	(25,21)	(25,22)	(25,23)	(25,24)	(25,25)	(25,26)	(26,16)	(26,17)	(26,18)	(26,19)	(26,20)	(26,21)	(26,22)	(26,23)	(26,24)	(26,25)	(26,26)	(27,17)	(27,18)	(27,27)	
(23,27):(21,23)	(21,30)	(22,24)	(22,25)	(22,26)	(22,27)	(22,28)	(22,29)	(22,30)	(23,24)	(23,25)	(23,26)	(23,27)	(23,28)	(23,29)	(23,30)	(24,24)	(24,25)	(24,26)	(25,23)	(25,24)	(25,25)	(25,26)	(26,21)	(26,22)	(26,23)	(26,24)	(26,25)	(26,26)	(27,27)	
(23,28):(21,23)	(21,30)	(22,24)	(22,25)	(22,26)	(22,27)	(22,28)	(22,29)	(22,30)	(23,24)	(23,25)	(23,26)	(23,27)	(23,28)	(23,29)	(23,30)	(24,29)	(24,30)	(25,29)	(25,30)	(26,29)	(26,30)	(27,29)	(27,30)	(28,29)	(28,30)	(29,29)	(29,31)	(33,28)	(33,29)	
(33,28):(17,31)	(18,31)	(19,31)	(21,30)	(22,28)	(22,29)	(22,30)	(23,28)	(23,29)	(23,30)	(24,29)	(24,30)	(25,29)	(25,30)	(26,29)	(27,29)	(28,29)	(29,29)	(33,28)	(33,29)	
(33,29):(22,28)	(22,29)	(23,28)	(23,29)	(24,29)	(25,29)	(26,29)	(27,29)	(28,29)	(29,29)	(33,28)	(33,29)	
(29,29):32.670834
(29,31):30.000000
(19,31):31.400000
(19,33):5.000000
(18,33):3.250000
(18,32):7.500000
(16,32):10.500000
(16,30):16.500000
(21,30):51.500000
(21,23):33.799999
(25,23):45.085712
(25,22):83.157898
(2,22):34.625000
(2,25):5.000000
(1,25):5.666667
(1,20):15.500000
(6,20):10.250000
(6,21):31.230263
(22,21):61.391666
(22,19):72.974998
(17,19):49.950001
(17,17):61.500000
(15,17):35.000000
(15,15):73.161041
(3,15):69.305557
(3,9):59.200001
(4,9):89.530556
(4,6):71.562500
(8,6):87.501190
(8,5):53.500000
(7,5):10.500000
(7,3):34.625000
(9,3):59.416668
(9,1):36.107143
(10,1):30.799999
(10,2):58.507576
(11,2):54.242424
(11,4):75.851189
(12,4):67.131943
(12,8):87.657738
(13,8):56.861111
(13,7):6.500000
(14,7):18.500000
(14,11):101.661110
(20,11):48.266666
(20,10):13.000000
(24,10):20.000000
(24,12):60.488598
(32,12):53.074074
(32,26):25.076923
(31,26):14.000000
(31,24):26.045454
(30,24):24.000000
(30,13):78.380684
(5,13):114.045830
(5,14):42.259525
(26,14):81.174606
(26,16):88.187881
(28,16):45.599998
(28,18):45.984848
(27,18):85.833336
(27,27):52.618183
(23,27):36.333332
(23,28):38.500000
(33,28):23.880953
(33,29):12.200000
(29,29),(29,31):27.770834
(29,29),(19,31):26.737499
(29,29),(19,33):1.694444
(29,29),(18,33):0.937500
(29,29),(18,32):2.908929
(29,29),(16,32):6.837500
(29,29),(16,30):12.337500
(29,29),(21,30):31.670834
(29,29),(21,23):8.133333
(29,29),(25,23):2.849817
(29,29),(25,22):0.000000
(29,29),(2,22):0.000000
(29,29),(2,25):0.000000
(29,29),(1,25):0.000000
(29,29),(1,20):0.000000
(29,29),(6,20):0.000000
(29,29),(6,21):0.000000
(29,29),(22,21):0.000000
(29,29),(22,19):0.000000
(29,29),(17,19):0.000000
(29,29),(17,17):0.000000
(29,29),(15,17):0.000000
(29,29),(15,15):0.000000
(29,29),(3,15):0.000000
(29,29),(3,9):0.000000
(29,29),(4,9):0.000000
(29,29),(4,6):0.000000
(29,29),(8,6):0.000000
(29,29),(8,5):0.000000
(29,29),(7,5):0.000000
(29,29),(7,3):0.000000
(29,29),(9,3):0.000000
(29,29),(9,1):0.000000
(29,29),(10,1):0.000000
(29,29),(10,2):0.000000
(29,29),(11,2):0.000000
(29,29),(11,4):0.000000
(29,29),(12,4):0.000000
(29,29),(12,8):0.000000
(29,29),(13,8):0.000000
(29,29),(13,7):0.000000
(29,29),(14,7):0.000000
(29,29),(14,11):0.000000
(29,29),(20,11):0.000000
(29,29),(20,10):0.000000
(29,29),(24,10):0.000000
(29,29),(24,12):0.000000
(29,29),(32,12):0.000000
(29,29),(32,26):0.000000
(29,29),(31,26):0.000000
(29,29),(31,24):0.000000
(29,29),(30,24):0.000000
(29,29),(30,13):0.000000
(29,29),(5,13):0.000000
(29,29),(5,14):0.000000
(29,29),(26,14):0.000000
(29,29),(26,16):0.000000
(29,29),(28,16):0.000000
(29,29),(28,18):0.000000
(29,29),(27,18):0.000000
(29,29),(27,27):0.000000
(29,29),(23,27):6.666667
(29,29),(23,28):28.833334
(29,29),(33,28):23.816668
(29,29),(33,29):12.200000
(29,31),(19,31):25.000000
(29,31),(19,33):2.500000
(29,31),(18,33):1.250000
(29,31),(18,32):3.500000
(29,31),(16,32):7.500000
(29,31),(16,30):13.000000
(29,31),(21,30):30.000000
(29,31),(21,23):8.800000
(29,31),(25,23):3.485714
(29,31),(25,22):0.000000
(29,31),(2,22):0.000000
(29,31),(2,25):0.000000
(29,31),(1,25):0.000000
(29,31),(1,20):0.000000
(29,31),(6,20):0.000000
(29,31),(6,21):0.000000
(29,31),(22,21):0.000000
(29,31),(22,19):0.000000
(29,31),(17,19):0.000000
(29,31),(17,17):0.000000
(29,31),(15,17):0.000000
(29,31),(15,15):0.000000
(29,31),(3,15):0.000000
(29,31),(3,9):0.000000
(29,31),(4,9):0.000000
(29,31),(4,6):0.000000
(29,31),(8,6):0.000000
(29,31),(8,5):0.000000
(29,31),(7,5):0.000000
(29,31),(7,3):0.000000
(29,31),(9,3):0.000000
(29,31),(9,1):0.000000
(29,31),(10,1):0.000000
(29,31),(10,2):0.000000
(29,31),(11,2):0.000000
(29,31),(11,4):0.000000
(29,31),(12,4):0.000000
(29,31),(12,8):0.000000
(29,31),(13,8):0.000000
(29,31),(13,7):0.000000
(29,31),(14,7):0.000000
(29,31),(14,11):0.000000
(29,31),(20,11):0.000000
(29,31),(20,10):0.000000
(29,31),(24,10):0.000000
(29,31),(24,12):0.000000
(29,31),(32,12):0.000000
(29,31),(32,26):0.000000
(29,31),(31,26):0.000000
(29,31),(31,24):0.000000
(29,31),(30,24):0.000000
(29,31),(30,13):0.000000
(29,31),(5,13):0.000000
(29,31),(5,14):0.000000
(29,31),(26,14):0.000000
(29,31),(26,16):0.000000
(29,31),(28,16):0.000000
(29,31),(28,18):0.000000
(29,31),(27,18):0.000000
(29,31),(27,27):0.000000
(29,31),(23,27):7.333333
(29,31),(23,28):25.500000
(29,31),(33,28):18.916666
(29,31),(33,29):8.200000
(19,31),(19,33):5.000000
(19,31),(18,33):3.250000
(19,31),(18,32):7.500000
(19,31),(16,32):10.500000
(19,31),(16,30):16.500000
(19,31),(21,30):29.400000
(19,31),(21,23):4.633333
(19,31),(25,23):0.619048
(19,31),(25,22):0.000000
(19,31),(2,22):0.000000
(19,31),(2,25):0.000000
(19,31),(1,25):0.000000
(19,31),(1,20):0.000000
(19,31),(6,20):0.000000
(19,31),(6,21):0.000000
(19,31),(22,21):0.000000
(19,31),(22,19):0.000000
(19,31),(17,19):0.000000
(19,31),(17,17):0.000000
(19,31),(15,17):0.000000
(19,31),(15,15):0.000000
(19,31),(3,15):0.000000
(19,31),(3,9):0.000000
(19,31),(4,9):0.000000
(19,31),(4,6):0.000000
(19,31),(8,6):0.000000
(19,31),(8,5):0.000000
(19,31),(7,5):0.000000
(19,31),(7,3):0.000000
(19,31),(9,3):0.000000
(19,31),(9,1):0.000000
(19,31),(10,1):0.000000
(19,31),(10,2):0.000000
(19,31),(11,2):0.000000
(19,31),(11,4):0.000000
(19,31),(12,4):0.000000
(19,31),(12,8):0.000000
(19,31),(13,8):0.000000
(19,31),(13,7):0.000000
(19,31),(14,7):0.000000
(19,31),(14,11):0.000000
(19,31),(20,11):0.000000
(19,31),(20,10):0.000000
(19,31),(24,10):0.000000
(19,31),(24,12):0.000000
(19,31),(32,12):0.000000
(19,31),(32,26):0.000000
(19,31),(31,26):0.000000
(19,31),(31,24):0.000000
(19,31),(30,24):0.000000
(19,31),(30,13):0.000000
(19,31),(5,13):0.000000
(19,31),(5,14):0.000000
(19,31),(26,14):0.000000
(19,31),(26,16):0.000000
(19,31),(28,16):0.000000
(19,31),(28,18):0.000000
(19,31),(27,18):0.000000
(19,31),(27,27):0.000000
(19,31),(23,27):3.333333
(19,31),(23,28):22.900000
(19,31),(33,28):18.280952
(19,31),(33,29):7.400000
(19,33),(18,33):3.000000
(19,33),(18,32):5.000000
(19,33),(16,32):4.000000
(19,33),(16,30):4.500000
(19,33),(21,30):3.166667
(19,33),(21,23):0.000000
(19,33),(25,23):0.000000
(19,33),(25,22):0.000000
(19,33),(2,22):0.000000
(19,33),(2,25):0.000000
(19,33),(1,25):0.000000
(19,33),(1,20):0.000000
(19,33),(6,20):0.000000
(19,33),(6,21):0.000000
(19,33),(22,21):0.000000
(19,33),(22,19):0.000000
(19,33),(17,19):0.000000
(19,33),(17,17):0.000000
(19,33),(15,17):0.000000
(19,33),(15,15):0.000000
(19,33),(3,15):0.000000
(19,33),(3,9):0.000000
(19,33),(4,9):0.000000
(19,33),(4,6):0.000000
(19,33),(8,6):0.000000
(19,33),(8,5):0.000000
(19,33),(7,5):0.000000
(19,33),(7,3):0.000000
(19,33),(9,3):0.000000
(19,33),(9,1):0.000000
(19,33),(10,1):0.000000
(19,33),(10,2):0.000000
(19,33),(11,2):0.000000
(19,33),(11,4):0.000000
(19,33),(12,4):0.000000
(19,33),(12,8):0.000000
(19,33),(13,8):0.000000
(19,33),(13,7):0.000000
(19,33),(14,7):0.000000
(19,33),(14,11):0.000000
(19,33),(20,11):0.000000
(19,33),(20,10):0.000000
(19,33),(24,10):0.000000
(19,33),(24,12):0.000000
(19,33),(32,12):0.000000
(19,33),(32,26):0.000000
(19,33),(31,26):0.000000
(19,33),(31,24):0.000000
(19,33),(30,24):0.000000
(19,33),(30,13):0.000000
(19,33),(5,13):0.000000
(19,33),(5,14):0.000000
(19,33),(26,14):0.000000
(19,33),(26,16):0.000000
(19,33),(28,16):0.000000
(19,33),(28,18):0.000000
(19,33),(27,18):0.000000
(19,33),(27,27):0.000000
(19,33),(23,27):0.000000
(19,33),(23,28):0.000000
(19,33),(33,28):1.400560
(19,33),(33,29):0.000000
(18,33),(18,32):3.250000
(18,33),(16,32):2.250000
(18,33),(16,30):2.750000
(18,33),(21,30):1.500000
(18,33),(21,23):0.000000
(18,33),(25,23):0.000000
(18,33),(25,22):0.000000
(18,33),(2,22):0.000000
(18,33),(2,25):0.000000
(18,33),(1,25):0.000000
(18,33),(1,20):0.000000
(18,33),(6,20):0.000000
(18,33),(6,21):0.000000
(18,33),(22,21):0.000000
(18,33),(22,19):0.000000
(18,33),(17,19):0.000000
(18,33),(17,17):0.000000
(18,33),(15,17):0.000000
(18,33),(15,15):0.000000
(18,33),(3,15):0.000000
(18,33),(3,9):0.000000
(18,33),(4,9):0.000000
(18,33),(4,6):0.000000
(18,33),(8,6):0.000000
(18,33),(8,5):0.000000
(18,33),(7,5):0.000000
(18,33),(7,3):0.000000
(18,33),(9,3):0.000000
(18,33),(9,1):0.000000
(18,33),(10,1):0.000000
(18,33),(10,2):0.000000
(18,33),(11,2):0.000000
(18,33),(11,4):0.000000
(18,33),(12,4):0.000000
(18,33),(12,8):0.000000
(18,33),(13,8):0.000000
(18,33),(13,7):0.000000
(18,33),(14,7):0.000000
(18,33),(14,11):0.000000
(18,33),(20,11):0.000000
(18,33),(20,10):0.000000
(18,33),(24,10):0.000000
(18,33),(24,12):0.000000
(18,33),(32,12):0.000000
(18,33),(32,26):0.000000
(18,33),(31,26):0.000000
(18,33),(31,24):0.000000
(18,33),(30,24):0.000000
(18,33),(30,13):0.000000
(18,33),(5,13):0.000000
(18,33),(5,14):0.000000
(18,33),(26,14):0.000000
(18,33),(26,16):0.000000
(18,33),(28,16):0.000000
(18,33),(28,18):0.000000
(18,33),(27,18):0.000000
(18,33),(27,27):0.000000
(18,33),(23,27):0.000000
(18,33),(23,28):0.000000
(18,33),(33,28):0.811688
(18,33),(33,29):0.000000
(18,32),(16,32):6.500000
(18,32),(16,30):7.000000
(18,32),(21,30):5.500000
(18,32),(21,23):0.000000
(18,32),(25,23):0.000000
(18,32),(25,22):0.000000
(18,32),(2,22):0.000000
(18,32),(2,25):0.000000
(18,32),(1,25):0.000000
(18,32),(1,20):0.000000
(18,32),(6,20):0.000000
(18,32),(6,21):0.000000
(18,32),(22,21):0.000000
(18,32),(22,19):0.000000
(18,32),(17,19):0.000000
(18,32),(17,17):0.000000
(18,32),(15,17):0.000000
(18,32),(15,15):0.000000
(18,32),(3,15):0.000000
(18,32),(3,9):0.000000
(18,32),(4,9):0.000000
(18,32),(4,6):0.000000
(18,32),(8,6):0.000000
(18,32),(8,5):0.000000
(18,32),(7,5):0.000000
(18,32),(7,3):0.000000
(18,32),(9,3):0.000000
(18,32),(9,1):0.000000
(18,32),(10,1):0.000000
(18,32),(10,2):0.000000
(18,32),(11,2):0.000000
(18,32),(11,4):0.000000
(18,32),(12,4):0.000000
(18,32),(12,8):0.000000
(18,32),(13,8):0.000000
(18,32),(13,7):0.000000
(18,32),(14,7):0.000000
(18,32),(14,11):0.000000
(18,32),(20,11):0.000000
(18,32),(20,10):0.000000
(18,32),(24,10):0.000000
(18,32),(24,12):0.000000
(18,32),(32,12):0.000000
(18,32),(32,26):0.000000
(18,32),(31,26):0.000000
(18,32),(31,24):0.000000
(18,32),(30,24):0.000000
(18,32),(30,13):0.000000
(18,32),(5,13):0.000000
(18,32),(5,14):0.000000
(18,32),(26,14):0.000000
(18,32),(26,16):0.000000
(18,32),(28,16):0.000000
(18,32),(28,18):0.000000
(18,32),(27,18):0.000000
(18,32),(27,27):0.000000
(18,32),(23,27):0.000000
(18,32),(23,28):0.000000
(18,32),(33,28):2.480952
(18,32),(33,29):0.000000
(16,32),(16,30):7.500000
(16,32),(21,30):9.500000
(16,32),(21,23):1.041920
(16,32),(25,23):0.218382
(16,32),(25,22):0.000000
(16,32),(2,22):0.000000
(16,32),(2,25):0.000000
(16,32),(1,25):0.000000
(16,32),(1,20):0.000000
(16,32),(6,20):0.000000
(16,32),(6,21):0.000000
(16,32),(22,21):0.000000
(16,32),(22,19):0.000000
(16,32),(17,19):0.000000
(16,32),(17,17):0.000000
(16,32),(15,17):0.000000
(16,32),(15,15):0.000000
(16,32),(3,15):0.000000
(16,32),(3,9):0.000000
(16,32),(4,9):0.000000
(16,32),(4,6):0.000000
(16,32),(8,6):0.000000
(16,32),(8,5):0.000000
(16,32),(7,5):0.000000
(16,32),(7,3):0.000000
(16,32),(9,3):0.000000
(16,32),(9,1):0.000000
(16,32),(10,1):0.000000
(16,32),(10,2):0.000000
(16,32),(11,2):0.000000
(16,32),(11,4):0.000000
(16,32),(12,4):0.000000
(16,32),(12,8):0.000000
(16,32),(13,8):0.000000
(16,32),(13,7):0.000000
(16,32),(14,7):0.000000
(16,32),(14,11):0.000000
(16,32),(20,11):0.000000
(16,32),(20,10):0.000000
(16,32),(24,10):0.000000
(16,32),(24,12):0.000000
(16,32),(32,12):0.000000
(16,32),(32,26):0.000000
(16,32),(31,26):0.000000
(16,32),(31,24):0.000000
(16,32),(30,24):0.000000
(16,32),(30,13):0.000000
(16,32),(5,13):0.000000
(16,32),(5,14):0.000000
(16,32),(26,14):0.000000
(16,32),(26,16):0.000000
(16,32),(28,16):0.000000
(16,32),(28,18):0.000000
(16,32),(27,18):0.000000
(16,32),(27,27):0.000000
(16,32),(23,27):0.847619
(16,32),(23,28):3.250000
(16,32),(33,28):6.380952
(16,32),(33,29):1.750000
(16,30),(21,30):15.000000
(16,30),(21,23):3.000000
(16,30),(25,23):0.535714
(16,30),(25,22):0.000000
(16,30),(2,22):0.000000
(16,30),(2,25):0.000000
(16,30),(1,25):0.000000
(16,30),(1,20):0.000000
(16,30),(6,20):0.000000
(16,30),(6,21):0.000000
(16,30),(22,21):0.000000
(16,30),(22,19):0.000000
(16,30),(17,19):0.000000
(16,30),(17,17):0.000000
(16,30),(15,17):0.000000
(16,30),(15,15):0.000000
(16,30),(3,15):0.000000
(16,30),(3,9):0.000000
(16,30),(4,9):0.000000
(16,30),(4,6):0.000000
(16,30),(8,6):0.000000
(16,30),(8,5):0.000000
(16,30),(7,5):0.000000
(16,30),(7,3):0.000000
(16,30),(9,3):0.000000
(16,30),(9,1):0.000000
(16,30),(10,1):0.000000
(16,30),(10,2):0.000000
(16,30),(11,2):0.000000
(16,30),(11,4):0.000000
(16,30),(12,4):0.000000
(16,30),(12,8):0.000000
(16,30),(13,8):0.000000
(16,30),(13,7):0.000000
(16,30),(14,7):0.000000
(16,30),(14,11):0.000000
(16,30),(20,11):0.000000
(16,30),(20,10):0.000000
(16,30),(24,10):0.000000
(16,30),(24,12):0.000000
(16,30),(32,12):0.000000
(16,30),(32,26):0.000000
(16,30),(31,26):0.000000
(16,30),(31,24):0.000000
(16,30),(30,24):0.000000
(16,30),(30,13):0.000000
(16,30),(5,13):0.000000
(16,30),(5,14):0.000000
(16,30),(26,14):0.000000
(16,30),(26,16):0.000000
(16,30),(28,16):0.000000
(16,30),(28,18):0.000000
(16,30),(27,18):0.000000
(16,30),(27,27):0.000000
(16,30),(23,27):2.333333
(16,30),(23,28):8.500000
(16,30),(33,28):5.880952
(16,30),(33,29):0.000000
(21,30),(21,23):23.133333
(21,30),(25,23):19.785715
(21,30),(25,22):2.500000
(21,30),(2,22):0.992822
(21,30),(2,25):0.000000
(21,30),(1,25):0.000000
(21,30),(1,20):0.000000
(21,30),(6,20):0.000000
(21,30),(6,21):0.846380
(21,30),(22,21):1.649091
(21,30),(22,19):1.881818
(21,30),(17,19):0.000000
(21,30),(17,17):0.523256
(21,30),(15,17):0.000000
(21,30),(15,15):1.019363
(21,30),(3,15):0.000000
(21,30),(3,9):0.000000
(21,30),(4,9):0.000000
(21,30),(4,6):0.000000
(21,30),(8,6):0.000000
(21,30),(8,5):0.000000
(21,30),(7,5):0.000000
(21,30),(7,3):0.000000
(21,30),(9,3):0.000000
(21,30),(9,1):0.000000
(21,30),(10,1):0.000000
(21,30),(10,2):0.000000
(21,30),(11,2):0.000000
(21,30),(11,4):0.000000
(21,30),(12,4):0.000000
(21,30),(12,8):0.000000
(21,30),(13,8):0.000000
(21,30),(13,7):0.000000
(21,30),(14,7):0.000000
(21,30),(14,11):0.000000
(21,30),(20,11):0.000000
(21,30),(20,10):0.000000
(21,30),(24,10):0.000000
(21,30),(24,12):0.000000
(21,30),(32,12):0.000000
(21,30),(32,26):0.000000
(21,30),(31,26):0.000000
(21,30),(31,24):0.000000
(21,30),(30,24):0.000000
(21,30),(30,13):0.000000
(21,30),(5,13):0.000000
(21,30),(5,14):0.000000
(21,30),(26,14):1.191667
(21,30),(26,16):2.590909
(21,30),(28,16):0.000000
(21,30),(28,18):0.000000
(21,30),(27,18):3.000000
(21,30),(27,27):15.500000
(21,30),(23,27):23.833334
(21,30),(23,28):37.500000
(21,30),(33,28):22.880953
(21,30),(33,29):11.200000
(21,23),(25,23):28.000000
(21,23),(25,22):8.000000
(21,23),(2,22):0.000000
(21,23),(2,25):0.000000
(21,23),(1,25):0.000000
(21,23),(1,20):0.000000
(21,23),(6,20):0.000000
(21,23),(6,21):0.000000
(21,23),(22,21):0.000000
(21,23),(22,19):0.500000
(21,23),(17,19):0.000000
(21,23),(17,17):0.000000
(21,23),(15,17):0.000000
(21,23),(15,15):0.000000
(21,23),(3,15):0.000000
(21,23),(3,9):0.000000
(21,23),(4,9):0.000000
(21,23),(4,6):0.000000
(21,23),(8,6):0.000000
(21,23),(8,5):0.000000
(21,23),(7,5):0.000000
(21,23),(7,3):0.000000
(21,23),(9,3):0.000000
(21,23),(9,1):0.000000
(21,23),(10,1):0.000000
(21,23),(10,2):0.000000
(21,23),(11,2):0.000000
(21,23),(11,4):0.000000
(21,23),(12,4):0.000000
(21,23),(12,8):0.000000
(21,23),(13,8):0.000000
(21,23),(13,7):0.000000
(21,23),(14,7):0.000000
(21,23),(14,11):0.000000
(21,23),(20,11):0.000000
(21,23),(20,10):0.000000
(21,23),(24,10):0.000000
(21,23),(24,12):0.000000
(21,23),(32,12):0.000000
(21,23),(32,26):0.000000
(21,23),(31,26):0.000000
(21,23),(31,24):0.000000
(21,23),(30,24):0.000000
(21,23),(30,13):0.000000
(21,23),(5,13):0.000000
(21,23),(5,14):0.000000
(21,23),(26,14):4.888889
(21,23),(26,16):9.142858
(21,23),(28,16):0.000000
(21,23),(28,18):0.000000
(21,23),(27,18):11.200000
(21,23),(27,27):24.000000
(21,23),(23,27):32.000000
(21,23),(23,28):17.799999
(21,23),(33,28):6.636364
(21,23),(33,29):2.400000
(25,23),(25,22):24.799999
(25,23),(2,22):2.400000
(25,23),(2,25):0.000000
(25,23),(1,25):0.000000
(25,23),(1,20):0.000000
(25,23),(6,20):0.000000
(25,23),(6,21):2.105263
(25,23),(22,21):15.466666
(25,23),(22,19):16.799999
(25,23),(17,19):8.800000
(25,23),(17,17):12.000000
(25,23),(15,17):4.600000
(25,23),(15,15):13.229323
(25,23),(3,15):1.000000
(25,23),(3,9):0.000000
(25,23),(4,9):0.000000
(25,23),(4,6):0.000000
(25,23),(8,6):0.000000
(25,23),(8,5):0.000000
(25,23),(7,5):0.000000
(25,23),(7,3):0.000000
(25,23),(9,3):0.000000
(25,23),(9,1):0.000000
(25,23),(10,1):0.000000
(25,23),(10,2):0.000000
(25,23),(11,2):0.000000
(25,23),(11,4):0.000000
(25,23),(12,4):0.000000
(25,23),(12,8):0.000000
(25,23),(13,8):0.000000
(25,23),(13,7):0.000000
(25,23),(14,7):0.000000
(25,23),(14,11):0.000000
(25,23),(20,11):0.000000
(25,23),(20,10):0.000000
(25,23),(24,10):0.000000
(25,23),(24,12):0.000000
(25,23),(32,12):0.000000
(25,23),(32,26):0.000000
(25,23),(31,26):0.000000
(25,23),(31,24):0.000000
(25,23),(30,24):0.000000
(25,23),(30,13):0.000000
(25,23),(5,13):0.000000
(25,23),(5,14):2.228299
(25,23),(26,14):13.888889
(25,23),(26,16):25.942858
(25,23),(28,16):8.800000
(25,23),(28,18):5.300000
(25,23),(27,18):27.000000
(25,23),(27,27):39.818180
(25,23),(23,27):32.285713
(25,23),(23,28):12.285714
(25,23),(33,28):2.535714
(25,23),(33,29):1.438095
(25,22),(2,22):27.282894
(25,22),(2,25):1.236842
(25,22),(1,25):1.476860
(25,22),(1,20):8.157895
(25,22),(6,20):5.657895
(25,22),(6,21):26.763159
(25,22),(22,21):60.666668
(25,22),(22,19):53.500000
(25,22),(17,19):36.500000
(25,22),(17,17):41.500000
(25,22),(15,17):24.250000
(25,22),(15,15):43.468945
(25,22),(3,15):8.500000
(25,22),(3,9):0.000000
(25,22),(4,9):0.000000
(25,22),(4,6):0.000000
(25,22),(8,6):0.000000
(25,22),(8,5):0.000000
(25,22),(7,5):0.000000
(25,22),(7,3):0.000000
(25,22),(9,3):0.000000
(25,22),(9,1):0.000000
(25,22),(10,1):0.000000
(25,22),(10,2):0.000000
(25,22),(11,2):0.000000
(25,22),(11,4):0.000000
(25,22),(12,4):0.000000
(25,22),(12,8):0.000000
(25,22),(13,8):0.000000
(25,22),(13,7):0.000000
(25,22),(14,7):0.000000
(25,22),(14,11):0.000000
(25,22),(20,11):0.000000
(25,22),(20,10):0.000000
(25,22),(24,10):0.000000
(25,22),(24,12):0.000000
(25,22),(32,12):0.000000
(25,22),(32,26):0.000000
(25,22),(31,26):0.000000
(25,22),(31,24):0.000000
(25,22),(30,24):0.000000
(25,22),(30,13):0.000000
(25,22),(5,13):0.000000
(25,22),(5,14):14.246754
(25,22),(26,14):49.785713
(25,22),(26,16):61.900002
(25,22),(28,16):32.099998
(25,22),(28,18):29.000000
(25,22),(27,18):61.333332
(25,22),(27,27):36.618183
(25,22),(23,27):12.000000
(25,22),(23,28):0.000000
(25,22),(33,28):0.000000
(25,22),(33,29):0.000000
(2,22),(2,25):5.000000
(2,22),(1,25):5.666667
(2,22),(1,20):15.500000
(2,22),(6,20):10.250000
(2,22),(6,21):31.125000
(2,22),(22,21):26.650000
(2,22),(22,19):5.625000
(2,22),(17,19):0.000000
(2,22),(17,17):0.069444
(2,22),(15,17):0.000000
(2,22),(15,15):0.986248
(2,22),(3,15):0.000000
(2,22),(3,9):0.000000
(2,22),(4,9):0.000000
(2,22),(4,6):0.000000
(2,22),(8,6):0.000000
(2,22),(8,5):0.000000
(2,22),(7,5):0.000000
(2,22),(7,3):0.000000
(2,22),(9,3):0.000000
(2,22),(9,1):0.000000
(2,22),(10,1):0.000000
(2,22),(10,2):0.000000
(2,22),(11,2):0.000000
(2,22),(11,4):0.000000
(2,22),(12,4):0.000000
(2,22),(12,8):0.000000
(2,22),(13,8):0.000000
(2,22),(13,7):0.000000
(2,22),(14,7):0.000000
(2,22),(14,11):0.000000
(2,22),(20,11):0.000000
(2,22),(20,10):0.000000
(2,22),(24,10):0.000000
(2,22),(24,12):0.000000
(2,22),(32,12):0.000000
(2,22),(32,26):0.000000
(2,22),(31,26):0.000000
(2,22),(31,24):0.000000
(2,22),(30,24):0.000000
(2,22),(30,13):0.000000
(2,22),(5,13):0.000000
(2,22),(5,14):0.000000
(2,22),(26,14):4.685714
(2,22),(26,16):6.025000
(2,22),(28,16):4.164103
(2,22),(28,18):0.000000
(2,22),(27,18):6.458333
(2,22),(27,27):2.659314
(2,22),(23,27):1.464744
(2,22),(23,28):0.000000
(2,22),(33,28):0.000000
(2,22),(33,29):0.000000
(2,25),(1,25):5.000000
(2,25),(1,20):5.000000
(2,25),(6,20):2.250000
(2,25),(6,21):2.125000
(2,25),(22,21):1.025000
(2,25),(22,19):0.000000
(2,25),(17,19):0.000000
(2,25),(17,17):0.000000
(2,25),(15,17):0.000000
(2,25),(15,15):0.000000
(2,25),(3,15):0.000000
(2,25),(3,9):0.000000
(2,25),(4,9):0.000000
(2,25),(4,6):0.000000
(2,25),(8,6):0.000000
(2,25),(8,5):0.000000
(2,25),(7,5):0.000000
(2,25),(7,3):0.000000
(2,25),(9,3):0.000000
(2,25),(9,1):0.000000
(2,25),(10,1):0.000000
(2,25),(10,2):0.000000
(2,25),(11,2):0.000000
(2,25),(11,4):0.000000
(2,25),(12,4):0.000000
(2,25),(12,8):0.000000
(2,25),(13,8):0.000000
(2,25),(13,7):0.000000
(2,25),(14,7):0.000000
(2,25),(14,11):0.000000
(2,25),(20,11):0.000000
(2,25),(20,10):0.000000
(2,25),(24,10):0.000000
(2,25),(24,12):0.000000
(2,25),(32,12):0.000000
(2,25),(32,26):0.000000
(2,25),(31,26):0.000000
(2,25),(31,24):0.000000
(2,25),(30,24):0.000000
(2,25),(30,13):0.000000
(2,25),(5,13):0.000000
(2,25),(5,14):0.000000
(2,25),(26,14):0.000000
(2,25),(26,16):0.000000
(2,25),(28,16):0.000000
(2,25),(28,18):0.000000
(2,25),(27,18):0.000000
(2,25),(27,27):0.000000
(2,25),(23,27):0.000000
(2,25),(23,28):0.000000
(2,25),(33,28):0.000000
(2,25),(33,29):0.000000
(1,25),(1,20):5.666667
(1,25),(6,20):2.916667
(1,25),(6,21):2.791667
(1,25),(22,21):1.191667
(1,25),(22,19):0.000000
(1,25),(17,19):0.000000
(1,25),(17,17):0.000000
(1,25),(15,17):0.000000
(1,25),(15,15):0.000000
(1,25),(3,15):0.000000
(1,25),(3,9):0.000000
(1,25),(4,9):0.000000
(1,25),(4,6):0.000000
(1,25),(8,6):0.000000
(1,25),(8,5):0.000000
(1,25),(7,5):0.000000
(1,25),(7,3):0.000000
(1,25),(9,3):0.000000
(1,25),(9,1):0.000000
(1,25),(10,1):0.000000
(1,25),(10,2):0.000000
(1,25),(11,2):0.000000
(1,25),(11,4):0.000000
(1,25),(12,4):0.000000
(1,25),(12,8):0.000000
(1,25),(13,8):0.000000
(1,25),(13,7):0.000000
(1,25),(14,7):0.000000
(1,25),(14,11):0.000000
(1,25),(20,11):0.000000
(1,25),(20,10):0.000000
(1,25),(24,10):0.000000
(1,25),(24,12):0.000000
(1,25),(32,12):0.000000
(1,25),(32,26):0.000000
(1,25),(31,26):0.000000
(1,25),(31,24):0.000000
(1,25),(30,24):0.000000
(1,25),(30,13):0.000000
(1,25),(5,13):0.000000
(1,25),(5,14):0.000000
(1,25),(26,14):0.000000
(1,25),(26,16):0.000000
(1,25),(28,16):0.000000
(1,25),(28,18):0.000000
(1,25),(27,18):0.000000
(1,25),(27,27):0.000000
(1,25),(23,27):0.000000
(1,25),(23,28):0.000000
(1,25),(33,28):0.000000
(1,25),(33,29):0.000000
(1,20),(6,20):10.250000
(1,20),(6,21):12.625000
(1,20),(22,21):7.525000
(1,20),(22,19):0.000000
(1,20),(17,19):0.000000
(1,20),(17,17):0.000000
(1,20),(15,17):0.000000
(1,20),(15,15):0.000000
(1,20),(3,15):0.000000
(1,20),(3,9):0.000000
(1,20),(4,9):0.000000
(1,20),(4,6):0.000000
(1,20),(8,6):0.000000
(1,20),(8,5):0.000000
(1,20),(7,5):0.000000
(1,20),(7,3):0.000000
(1,20),(9,3):0.000000
(1,20),(9,1):0.000000
(1,20),(10,1):0.000000
(1,20),(10,2):0.000000
(1,20),(11,2):0.000000
(1,20),(11,4):0.000000
(1,20),(12,4):0.000000
(1,20),(12,8):0.000000
(1,20),(13,8):0.000000
(1,20),(13,7):0.000000
(1,20),(14,7):0.000000
(1,20),(14,11):0.000000
(1,20),(20,11):0.000000
(1,20),(20,10):0.000000
(1,20),(24,10):0.000000
(1,20),(24,12):0.000000
(1,20),(32,12):0.000000
(1,20),(32,26):0.000000
(1,20),(31,26):0.000000
(1,20),(31,24):0.000000
(1,20),(30,24):0.000000
(1,20),(30,13):0.000000
(1,20),(5,13):0.000000
(1,20),(5,14):0.000000
(1,20),(26,14):0.000000
(1,20),(26,16):0.000000
(1,20),(28,16):0.000000
(1,20),(28,18):0.000000
(1,20),(27,18):0.000000
(1,20),(27,27):0.000000
(1,20),(23,27):0.000000
(1,20),(23,28):0.000000
(1,20),(33,28):0.000000
(1,20),(33,29):0.000000
(6,20),(6,21):10.125000
(6,20),(22,21):5.025000
(6,20),(22,19):0.000000
(6,20),(17,19):0.000000
(6,20),(17,17):0.000000
(6,20),(15,17):0.000000
(6,20),(15,15):0.000000
(6,20),(3,15):0.000000
(6,20),(3,9):0.000000
(6,20),(4,9):0.000000
(6,20),(4,6):0.000000
(6,20),(8,6):0.000000
(6,20),(8,5):0.000000
(6,20),(7,5):0.000000
(6,20),(7,3):0.000000
(6,20),(9,3):0.000000
(6,20),(9,1):0.000000
(6,20),(10,1):0.000000
(6,20),(10,2):0.000000
(6,20),(11,2):0.000000
(6,20),(11,4):0.000000
(6,20),(12,4):0.000000
(6,20),(12,8):0.000000
(6,20),(13,8):0.000000
(6,20),(13,7):0.000000
(6,20),(14,7):0.000000
(6,20),(14,11):0.000000
(6,20),(20,11):0.000000
(6,20),(20,10):0.000000
(6,20),(24,10):0.000000
(6,20),(24,12):0.000000
(6,20),(32,12):0.000000
(6,20),(32,26):0.000000
(6,20),(31,26):0.000000
(6,20),(31,24):0.000000
(6,20),(30,24):0.000000
(6,20),(30,13):0.000000
(6,20),(5,13):0.000000
(6,20),(5,14):0.000000
(6,20),(26,14):0.000000
(6,20),(26,16):0.000000
(6,20),(28,16):0.000000
(6,20),(28,18):0.000000
(6,20),(27,18):0.000000
(6,20),(27,27):0.000000
(6,20),(23,27):0.000000
(6,20),(23,28):0.000000
(6,20),(33,28):0.000000
(6,20),(33,29):0.000000
(6,21),(22,21):26.130262
(6,21),(22,19):5.105263
(6,21),(17,19):0.000000
(6,21),(17,17):0.000000
(6,21),(15,17):0.000000
(6,21),(15,15):0.642857
(6,21),(3,15):0.000000
(6,21),(3,9):0.000000
(6,21),(4,9):0.000000
(6,21),(4,6):0.000000
(6,21),(8,6):0.000000
(6,21),(8,5):0.000000
(6,21),(7,5):0.000000
(6,21),(7,3):0.000000
(6,21),(9,3):0.000000
(6,21),(9,1):0.000000
(6,21),(10,1):0.000000
(6,21),(10,2):0.000000
(6,21),(11,2):0.000000
(6,21),(11,4):0.000000
(6,21),(12,4):0.000000
(6,21),(12,8):0.000000
(6,21),(13,8):0.000000
(6,21),(13,7):0.000000
(6,21),(14,7):0.000000
(6,21),(14,11):0.000000
(6,21),(20,11):0.000000
(6,21),(20,10):0.000000
(6,21),(24,10):0.000000
(6,21),(24,12):0.000000
(6,21),(32,12):0.000000
(6,21),(32,26):0.000000
(6,21),(31,26):0.000000
(6,21),(31,24):0.000000
(6,21),(30,24):0.000000
(6,21),(30,13):0.000000
(6,21),(5,13):0.000000
(6,21),(5,14):0.000000
(6,21),(26,14):4.312030
(6,21),(26,16):5.505263
(6,21),(28,16):3.850000
(6,21),(28,18):0.000000
(6,21),(27,18):5.938597
(6,21),(27,27):2.305263
(6,21),(23,27):1.348853
(6,21),(23,28):0.000000
(6,21),(33,28):0.000000
(6,21),(33,29):0.000000
(22,21),(22,19):40.366665
(22,21),(17,19):24.700001
(22,21),(17,17):29.700001
(22,21),(15,17):14.000000
(22,21),(15,15):31.661039
(22,21),(3,15):4.000000
(22,21),(3,9):0.000000
(22,21),(4,9):0.000000
(22,21),(4,6):0.000000
(22,21),(8,6):0.000000
(22,21),(8,5):0.000000
(22,21),(7,5):0.000000
(22,21),(7,3):0.000000
(22,21),(9,3):0.000000
(22,21),(9,1):0.000000
(22,21),(10,1):0.000000
(22,21),(10,2):0.000000
(22,21),(11,2):0.000000
(22,21),(11,4):0.000000
(22,21),(12,4):0.000000
(22,21),(12,8):0.000000
(22,21),(13,8):0.000000
(22,21),(13,7):0.000000
(22,21),(14,7):0.000000
(22,21),(14,11):0.000000
(22,21),(20,11):0.000000
(22,21),(20,10):0.000000
(22,21),(24,10):0.000000
(22,21),(24,12):0.000000
(22,21),(32,12):0.000000
(22,21),(32,26):0.000000
(22,21),(31,26):0.000000
(22,21),(31,24):0.000000
(22,21),(30,24):0.000000
(22,21),(30,13):0.000000
(22,21),(5,13):0.000000
(22,21),(5,14):7.809524
(22,21),(26,14):32.452381
(22,21),(26,16):40.766666
(22,21),(28,16):28.299999
(22,21),(28,18):17.700001
(22,21),(27,18):40.200001
(22,21),(27,27):27.234848
(22,21),(23,27):2.880952
(22,21),(23,28):0.000000
(22,21),(33,28):0.000000
(22,21),(33,29):0.000000
(22,19),(17,19):49.900002
(22,19),(17,17):60.599998
(22,19),(15,17):34.200001
(22,19),(15,15):60.936039
(22,19),(3,15):11.875000
(22,19),(3,9):0.000000
(22,19),(4,9):0.000000
(22,19),(4,6):0.000000
(22,19),(8,6):0.000000
(22,19),(8,5):0.000000
(22,19),(7,5):0.000000
(22,19),(7,3):0.000000
(22,19),(9,3):0.000000
(22,19),(9,1):0.000000
(22,19),(10,1):0.000000
(22,19),(10,2):0.000000
(22,19),(11,2):0.000000
(22,19),(11,4):0.000000
(22,19),(12,4):0.000000
(22,19),(12,8):0.000000
(22,19),(13,8):0.000000
(22,19),(13,7):0.000000
(22,19),(14,7):0.000000
(22,19),(14,11):0.000000
(22,19),(20,11):0.000000
(22,19),(20,10):0.000000
(22,19),(24,10):0.000000
(22,19),(24,12):0.000000
(22,19),(32,12):0.000000
(22,19),(32,26):0.000000
(22,19),(31,26):0.000000
(22,19),(31,24):0.000000
(22,19),(30,24):0.000000
(22,19),(30,13):0.000000
(22,19),(5,13):0.000000
(22,19),(5,14):18.134523
(22,19),(26,14):63.575001
(22,19),(26,16):72.974998
(22,19),(28,16):44.099998
(22,19),(28,18):43.974998
(22,19),(27,18):71.974998
(22,19),(27,27):28.618181
(22,19),(23,27):4.166667
(22,19),(23,28):0.000000
(22,19),(33,28):0.000000
(22,19),(33,29):0.000000
(17,19),(17,17):49.950001
(17,19),(15,17):29.000000
(17,19),(15,15):47.768181
(17,19),(3,15):9.000000
(17,19),(3,9):0.000000
(17,19),(4,9):0.000000
(17,19),(4,6):0.000000
(17,19),(8,6):0.000000
(17,19),(8,5):0.000000
(17,19),(7,5):0.000000
(17,19),(7,3):0.000000
(17,19),(9,3):0.000000
(17,19),(9,1):0.000000
(17,19),(10,1):0.000000
(17,19),(10,2):0.000000
(17,19),(11,2):0.000000
(17,19),(11,4):0.000000
(17,19),(12,4):0.000000
(17,19),(12,8):0.000000
(17,19),(13,8):0.000000
(17,19),(13,7):0.000000
(17,19),(14,7):0.000000
(17,19),(14,11):0.000000
(17,19),(20,11):0.000000
(17,19),(20,10):0.000000
(17,19),(24,10):0.000000
(17,19),(24,12):0.000000
(17,19),(32,12):0.000000
(17,19),(32,26):0.000000
(17,19),(31,26):0.000000
(17,19),(31,24):0.000000
(17,19),(30,24):0.000000
(17,19),(30,13):0.000000
(17,19),(5,13):0.000000
(17,19),(5,14):15.059524
(17,19),(26,14):45.000000
(17,19),(26,16):49.950001
(17,19),(28,16):31.700001
(17,19),(28,18):37.950001
(17,19),(27,18):48.950001
(17,19),(27,27):18.818182
(17,19),(23,27):0.000000
(17,19),(23,28):0.000000
(17,19),(33,28):0.000000
(17,19),(33,29):0.000000
(17,17),(15,17):35.000000
(17,17),(15,15):59.318180
(17,17),(3,15):11.500000
(17,17),(3,9):0.000000
(17,17),(4,9):0.000000
(17,17),(4,6):0.000000
(17,17),(8,6):0.000000
(17,17),(8,5):0.000000
(17,17),(7,5):0.000000
(17,17),(7,3):0.000000
(17,17),(9,3):0.000000
(17,17),(9,1):0.000000
(17,17),(10,1):0.000000
(17,17),(10,2):0.000000
(17,17),(11,2):0.000000
(17,17),(11,4):0.000000
(17,17),(12,4):0.000000
(17,17),(12,8):0.000000
(17,17),(13,8):0.000000
(17,17),(13,7):0.000000
(17,17),(14,7):0.000000
(17,17),(14,11):0.000000
(17,17),(20,11):0.000000
(17,17),(20,10):0.000000
(17,17),(24,10):0.000000
(17,17),(24,12):0.000000
(17,17),(32,12):0.000000
(17,17),(32,26):0.000000
(17,17),(31,26):0.000000
(17,17),(31,24):0.000000
(17,17),(30,24):0.000000
(17,17),(30,13):0.000000
(17,17),(5,13):0.000000
(17,17),(5,14):17.759523
(17,17),(26,14):54.700001
(17,17),(26,16):61.500000
(17,17),(28,16):37.125000
(17,17),(28,18):44.318180
(17,17),(27,18):60.299999
(17,17),(27,27):23.046753
(17,17),(23,27):0.833333
(17,17),(23,28):0.000000
(17,17),(33,28):0.000000
(17,17),(33,29):0.000000
(15,17),(15,15):34.818180
(15,17),(3,15):11.000000
(15,17),(3,9):0.000000
(15,17),(4,9):0.000000
(15,17),(4,6):0.000000
(15,17),(8,6):0.000000
(15,17),(8,5):0.000000
(15,17),(7,5):0.000000
(15,17),(7,3):0.000000
(15,17),(9,3):0.000000
(15,17),(9,1):0.000000
(15,17),(10,1):0.000000
(15,17),(10,2):0.000000
(15,17),(11,2):0.000000
(15,17),(11,4):0.000000
(15,17),(12,4):0.000000
(15,17),(12,8):0.000000
(15,17),(13,8):0.000000
(15,17),(13,7):0.000000
(15,17),(14,7):0.000000
(15,17),(14,11):0.000000
(15,17),(20,11):0.000000
(15,17),(20,10):0.000000
(15,17),(24,10):0.000000
(15,17),(24,12):0.000000
(15,17),(32,12):0.000000
(15,17),(32,26):0.000000
(15,17),(31,26):0.000000
(15,17),(31,24):0.000000
(15,17),(30,24):0.000000
(15,17),(30,13):0.000000
(15,17),(5,13):0.000000
(15,17),(5,14):17.259523
(15,17),(26,14):33.000000
(15,17),(26,16):35.000000
(15,17),(28,16):13.000000
(15,17),(28,18):32.818180
(15,17),(27,18):33.799999
(15,17),(27,27):11.618182
(15,17),(23,27):0.000000
(15,17),(23,28):0.000000
(15,17),(33,28):0.000000
(15,17),(33,29):0.000000
(15,15),(3,15):23.200001
(15,15),(3,9):2.400000
(15,15),(4,9):2.300000
(15,15),(4,6):1.112500
(15,15),(8,6):1.548337
(15,15),(8,5):0.000000
(15,15),(7,5):0.000000
(15,15),(7,3):0.000000
(15,15),(9,3):0.000000
(15,15),(9,1):0.000000
(15,15),(10,1):0.000000
(15,15),(10,2):0.605919
(15,15),(11,2):1.367712
(15,15),(11,4):1.179167
(15,15),(12,4):1.005269
(15,15),(12,8):0.242607
(15,15),(13,8):0.139655
(15,15),(13,7):0.000000
(15,15),(14,7):0.000000
(15,15),(14,11):0.000000
(15,15),(20,11):0.000000
(15,15),(20,10):0.000000
(15,15),(24,10):0.000000
(15,15),(24,12):0.000000
(15,15),(32,12):0.000000
(15,15),(32,26):0.000000
(15,15),(31,26):0.000000
(15,15),(31,24):0.000000
(15,15),(30,24):0.000000
(15,15),(30,13):0.000000
(15,15),(5,13):2.200000
(15,15),(5,14):29.459524
(15,15),(26,14):65.571426
(15,15),(26,16):66.606064
(15,15),(28,16):36.068180
(15,15),(28,18):45.303032
(15,15),(27,18):61.761040
(15,15),(27,27):24.715584
(15,15),(23,27):1.587302
(15,15),(23,28):0.000000
(15,15),(33,28):0.000000
(15,15),(33,29):0.000000
(3,15),(3,9):20.200001
(3,15),(4,9):44.224998
(3,15),(4,6):32.812500
(3,15),(8,6):47.073414
(3,15),(8,5):17.555555
(3,15),(7,5):5.833333
(3,15),(7,3):12.339912
(3,15),(9,3):21.305555
(3,15),(9,1):11.921429
(3,15),(10,1):14.933333
(3,15),(10,2):25.396465
(3,15),(11,2):31.797979
(3,15),(11,4):42.021328
(3,15),(12,4):40.429924
(3,15),(12,8):45.171627
(3,15),(13,8):22.611111
(3,15),(13,7):0.000000
(3,15),(14,7):0.000000
(3,15),(14,11):37.570202
(3,15),(20,11):6.266667
(3,15),(20,10):0.000000
(3,15),(24,10):0.000000
(3,15),(24,12):9.927990
(3,15),(32,12):2.574074
(3,15),(32,26):0.000000
(3,15),(31,26):0.000000
(3,15),(31,24):0.000000
(3,15),(30,24):0.000000
(3,15),(30,13):10.840278
(3,15),(5,13):48.305557
(3,15),(5,14):35.250000
(3,15),(26,14):23.000000
(3,15),(26,16):16.645021
(3,15),(28,16):0.000000
(3,15),(28,18):11.666667
(3,15),(27,18):12.250000
(3,15),(27,27):3.863636
(3,15),(23,27):0.000000
(3,15),(23,28):0.000000
(3,15),(33,28):0.000000
(3,15),(33,29):0.000000
(3,9),(4,9):58.099998
(3,9),(4,6):46.062500
(3,9),(8,6):49.167858
(3,9),(8,5):25.833334
(3,9),(7,5):0.000000
(3,9),(7,3):13.250000
(3,9),(9,3):29.866667
(3,9),(9,1):17.142857
(3,9),(10,1):16.000000
(3,9),(10,2):31.090910
(3,9),(11,2):29.867424
(3,9),(11,4):41.309525
(3,9),(12,4):38.131943
(3,9),(12,8):46.699406
(3,9),(13,8):45.861111
(3,9),(13,7):4.500000
(3,9),(14,7):16.000000
(3,9),(14,11):55.444443
(3,9),(20,11):33.266666
(3,9),(20,10):2.272727
(3,9),(24,10):8.803827
(3,9),(24,12):39.155262
(3,9),(32,12):19.324074
(3,9),(32,26):0.000000
(3,9),(31,26):0.000000
(3,9),(31,24):0.000000
(3,9),(30,24):0.000000
(3,9),(30,13):40.562500
(3,9),(5,13):59.000000
(3,9),(5,14):12.200000
(3,9),(26,14):2.200000
(3,9),(26,16):0.192191
(3,9),(28,16):0.000000
(3,9),(28,18):0.000000
(3,9),(27,18):0.000000
(3,9),(27,27):0.000000
(3,9),(23,27):0.000000
(3,9),(23,28):0.000000
(3,9),(33,28):0.000000
(3,9),(33,29):0.000000
(4,9),(4,6):71.562500
(4,9),(8,6):79.542854
(4,9),(8,5):43.875000
(4,9),(7,5):2.041667
(4,9),(7,3):27.181818
(4,9),(9,3):48.791668
(4,9),(9,1):30.607143
(4,9),(10,1):25.299999
(4,9),(10,2):49.882576
(4,9),(11,2):45.617424
(4,9),(11,4):65.476189
(4,9),(12,4):63.465279
(4,9),(12,8):78.067825
(4,9),(13,8):55.916668
(4,9),(13,7):5.555555
(4,9),(14,7):17.555555
(4,9),(14,11):80.944443
(4,9),(20,11):32.266666
(4,9),(20,10):1.600000
(4,9),(24,10):8.000000
(4,9),(24,12):38.155262
(4,9),(32,12):18.574074
(4,9),(32,26):0.000000
(4,9),(31,26):0.000000
(4,9),(31,24):0.000000
(4,9),(30,24):0.000000
(4,9),(30,13):39.562500
(4,9),(5,13):89.430557
(4,9),(5,14):15.100000
(4,9),(26,14):2.100000
(4,9),(26,16):0.191318
(4,9),(28,16):0.000000
(4,9),(28,18):0.000000
(4,9),(27,18):0.000000
(4,9),(27,27):0.000000
(4,9),(23,27):0.000000
(4,9),(23,28):0.000000
(4,9),(33,28):0.000000
(4,9),(33,29):0.000000
(4,6),(8,6):68.542854
(4,6),(8,5):38.500000
(4,6),(7,5):0.000000
(4,6),(7,3):22.000000
(4,6),(9,3):43.666668
(4,6),(9,1):26.357143
(4,6),(10,1):23.799999
(4,6),(10,2):45.257576
(4,6),(11,2):39.250000
(4,6),(11,4):54.541668
(4,6),(12,4):52.642857
(4,6),(12,8):67.190475
(4,6),(13,8):50.479168
(4,6),(13,7):5.125000
(4,6),(14,7):17.100000
(4,6),(14,11):68.277779
(4,6),(20,11):24.066668
(4,6),(20,10):0.000000
(4,6),(24,10):3.000000
(4,6),(24,12):29.026316
(4,6),(32,12):13.018518
(4,6),(32,26):0.000000
(4,6),(31,26):0.000000
(4,6),(31,24):0.000000
(4,6),(30,24):0.000000
(4,6),(30,13):30.250000
(4,6),(5,13):71.500000
(4,6),(5,14):9.062500
(4,6),(26,14):1.062500
(4,6),(26,16):0.093596
(4,6),(28,16):0.000000
(4,6),(28,18):0.000000
(4,6),(27,18):0.000000
(4,6),(27,27):0.000000
(4,6),(23,27):0.000000
(4,6),(23,28):0.000000
(4,6),(33,28):0.000000
(4,6),(33,29):0.000000
(8,6),(8,5):51.500000
(8,6),(7,5):8.500000
(8,6),(7,3):32.625000
(8,6),(9,3):56.750000
(8,6),(9,1):35.440475
(8,6),(10,1):30.133333
(8,6),(10,2):57.340908
(8,6),(11,2):52.825756
(8,6),(11,4):73.183334
(8,6),(12,4):66.069443
(8,6),(12,8):84.053574
(8,6),(13,8):54.541668
(8,6),(13,7):4.750000
(8,6),(14,7):16.666666
(8,6),(14,11):75.136108
(8,6),(20,11):24.666666
(8,6),(20,10):0.000000
(8,6),(24,10):1.861538
(8,6),(24,12):30.555264
(8,6),(32,12):12.874074
(8,6),(32,26):0.000000
(8,6),(31,26):0.000000
(8,6),(31,24):0.000000
(8,6),(30,24):0.000000
(8,6),(30,13):31.953571
(8,6),(5,13):84.834526
(8,6),(5,14):13.767858
(8,6),(26,14):1.357143
(8,6),(26,16):0.150904
(8,6),(28,16):0.000000
(8,6),(28,18):0.000000
(8,6),(27,18):0.000000
(8,6),(27,27):0.000000
(8,6),(23,27):0.000000
(8,6),(23,28):0.000000
(8,6),(33,28):0.000000
(8,6),(33,29):0.000000
(8,5),(7,5):10.500000
(8,5),(7,3):34.625000
(8,5),(9,3):50.250000
(8,5),(9,1):35.107143
(8,5),(10,1):20.000000
(8,5),(10,2):44.166668
(8,5),(11,2):32.750000
(8,5),(11,4):46.000000
(8,5),(12,4):37.000000
(8,5),(12,8):51.858334
(8,5),(13,8):29.166666
(8,5),(13,7):4.375000
(8,5),(14,7):16.214285
(8,5),(14,11):43.666668
(8,5),(20,11):14.000000
(8,5),(20,10):0.000000
(8,5),(24,10):1.600000
(8,5),(24,12):15.800000
(8,5),(32,12):7.500000
(8,5),(32,26):0.000000
(8,5),(31,26):0.000000
(8,5),(31,24):0.000000
(8,5),(30,24):0.000000
(8,5),(30,13):16.250000
(8,5),(5,13):49.166668
(8,5),(5,14):0.000000
(8,5),(26,14):0.000000
(8,5),(26,16):0.000000
(8,5),(28,16):0.000000
(8,5),(28,18):0.000000
(8,5),(27,18):0.000000
(8,5),(27,27):0.000000
(8,5),(23,27):0.000000
(8,5),(23,28):0.000000
(8,5),(33,28):0.000000
(8,5),(33,29):0.000000
(7,5),(7,3):8.875000
(7,5),(9,3):10.250000
(7,5),(9,1):5.333333
(7,5),(10,1):3.500000
(7,5),(10,2):7.750000
(7,5),(11,2):8.500000
(7,5),(11,4):10.500000
(7,5),(12,4):5.000000
(7,5),(12,8):9.625000
(7,5),(13,8):0.000000
(7,5),(13,7):0.000000
(7,5),(14,7):0.000000
(7,5),(14,11):4.166667
(7,5),(20,11):0.000000
(7,5),(20,10):0.000000
(7,5),(24,10):0.000000
(7,5),(24,12):0.000000
(7,5),(32,12):0.000000
(7,5),(32,26):0.000000
(7,5),(31,26):0.000000
(7,5),(31,24):0.000000
(7,5),(30,24):0.000000
(7,5),(30,13):0.000000
(7,5),(5,13):6.714286
(7,5),(5,14):0.000000
(7,5),(26,14):0.000000
(7,5),(26,16):0.000000
(7,5),(28,16):0.000000
(7,5),(28,18):0.000000
(7,5),(27,18):0.000000
(7,5),(27,27):0.000000
(7,5),(23,27):0.000000
(7,5),(23,28):0.000000
(7,5),(33,28):0.000000
(7,5),(33,29):0.000000
(7,3),(9,3):32.250000
(7,3),(9,1):24.607143
(7,3),(10,1):7.000000
(7,3),(10,2):26.166666
(7,3),(11,2):16.000000
(7,3),(11,4):28.000000
(7,3),(12,4):20.875000
(7,3),(12,8):33.708332
(7,3),(13,8):14.916667
(7,3),(13,7):4.000000
(7,3),(14,7):10.416667
(7,3),(14,11):26.916666
(7,3),(20,11):6.750000
(7,3),(20,10):0.000000
(7,3),(24,10):1.442308
(7,3),(24,12):7.223684
(7,3),(32,12):3.562500
(7,3),(32,26):0.000000
(7,3),(31,26):0.000000
(7,3),(31,24):0.000000
(7,3),(30,24):0.000000
(7,3),(30,13):7.350000
(7,3),(5,13):30.811813
(7,3),(5,14):0.000000
(7,3),(26,14):0.000000
(7,3),(26,16):0.000000
(7,3),(28,16):0.000000
(7,3),(28,18):0.000000
(7,3),(27,18):0.000000
(7,3),(27,27):0.000000
(7,3),(23,27):0.000000
(7,3),(23,28):0.000000
(7,3),(33,28):0.000000
(7,3),(33,29):0.000000
(9,3),(9,1):36.107143
(9,3),(10,1):29.166666
(9,3),(10,2):53.333332
(9,3),(11,2):41.166668
(9,3),(11,4):54.791668
(9,3),(12,4):44.916668
(9,3),(12,8):58.375000
(9,3),(13,8):34.791668
(9,3),(13,7):2.976191
(9,3),(14,7):14.479167
(9,3),(14,11):48.833332
(9,3),(20,11):16.799999
(9,3),(20,10):0.000000
(9,3),(24,10):0.978261
(9,3),(24,12):19.641958
(9,3),(32,12):8.866667
(9,3),(32,26):0.000000
(9,3),(31,26):0.000000
(9,3),(31,24):0.000000
(9,3),(30,24):0.000000
(9,3),(30,13):20.323963
(9,3),(5,13):54.083332
(9,3),(5,14):0.000000
(9,3),(26,14):0.000000
(9,3),(26,16):0.000000
(9,3),(28,16):0.000000
(9,3),(28,18):0.000000
(9,3),(27,18):0.000000
(9,3),(27,27):0.000000
(9,3),(23,27):0.000000
(9,3),(23,28):0.000000
(9,3),(33,28):0.000000
(9,3),(33,29):0.000000
(9,1),(10,1):12.000000
(9,1),(10,2):34.666668
(9,1),(11,2):21.500000
(9,1),(11,4):33.625000
(9,1),(12,4):26.250000
(9,1),(12,8):35.773811
(9,1),(13,8):20.357143
(9,1),(13,7):1.523810
(9,1),(14,7):12.683333
(9,1),(14,11):27.107143
(9,1),(20,11):9.428572
(9,1),(20,10):0.000000
(9,1),(24,10):0.518433
(9,1),(24,12):10.651919
(9,1),(32,12):4.928571
(9,1),(32,26):0.000000
(9,1),(31,26):0.000000
(9,1),(31,24):0.000000
(9,1),(30,24):0.000000
(9,1),(30,13):10.957378
(9,1),(5,13):34.607143
(9,1),(5,14):0.000000
(9,1),(26,14):0.000000
(9,1),(26,16):0.000000
(9,1),(28,16):0.000000
(9,1),(28,18):0.000000
(9,1),(27,18):0.000000
(9,1),(27,27):0.000000
(9,1),(23,27):0.000000
(9,1),(23,28):0.000000
(9,1),(33,28):0.000000
(9,1),(33,29):0.000000
(10,1),(10,2):30.799999
(10,1),(11,2):29.799999
(10,1),(11,4):30.549999
(10,1),(12,4):27.549999
(10,1),(12,8):30.633333
(10,1),(13,8):19.000000
(10,1),(13,7):0.000000
(10,1),(14,7):2.000000
(10,1),(14,11):27.514286
(10,1),(20,11):8.800000
(10,1),(20,10):0.000000
(10,1),(24,10):0.000000
(10,1),(24,12):11.076923
(10,1),(32,12):4.600000
(10,1),(32,26):0.000000
(10,1),(31,26):0.000000
(10,1),(31,24):0.000000
(10,1),(30,24):0.000000
(10,1),(30,13):11.609524
(10,1),(5,13):28.466667
(10,1),(5,14):0.000000
(10,1),(26,14):0.000000
(10,1),(26,16):0.000000
(10,1),(28,16):0.000000
(10,1),(28,18):0.000000
(10,1),(27,18):0.000000
(10,1),(27,27):0.000000
(10,1),(23,27):0.000000
(10,1),(23,28):0.000000
(10,1),(33,28):0.000000
(10,1),(33,29):0.000000
(10,2),(11,2):45.159092
(10,2),(11,4):56.791668
(10,2),(12,4):48.200001
(10,2),(12,8):56.674603
(10,2),(13,8):35.530304
(10,2),(13,7):0.666667
(10,2),(14,7):12.041667
(10,2),(14,11):47.897915
(10,2),(20,11):16.684525
(10,2),(20,10):0.000000
(10,2),(24,10):0.320513
(10,2),(24,12):20.062176
(10,2),(32,12):8.754717
(10,2),(32,26):0.000000
(10,2),(31,26):0.000000
(10,2),(31,24):0.000000
(10,2),(30,24):0.000000
(10,2),(30,13):20.851450
(10,2),(5,13):55.174244
(10,2),(5,14):1.340909
(10,2),(26,14):0.568182
(10,2),(26,16):0.049011
(10,2),(28,16):0.000000
(10,2),(28,18):0.000000
(10,2),(27,18):0.000000
(10,2),(27,27):0.000000
(10,2),(23,27):0.000000
(10,2),(23,28):0.000000
(10,2),(33,28):0.000000
(10,2),(33,29):0.000000
(11,2),(11,4):54.000000
(11,2),(12,4):48.777779
(11,2),(12,8):51.886906
(11,2),(13,8):33.083332
(11,2),(13,7):0.000000
(11,2),(14,7):4.500000
(11,2),(14,11):45.215279
(11,2),(20,11):15.225000
(11,2),(20,10):0.000000
(11,2),(24,10):0.000000
(11,2),(24,12):19.035109
(11,2),(32,12):7.907407
(11,2),(32,26):0.000000
(11,2),(31,26):0.000000
(11,2),(31,24):0.000000
(11,2),(30,24):0.000000
(11,2),(30,13):19.827976
(11,2),(5,13):50.813854
(11,2),(5,14):6.242424
(11,2),(26,14):1.181818
(11,2),(26,16):0.140501
(11,2),(28,16):0.000000
(11,2),(28,18):0.000000
(11,2),(27,18):0.000000
(11,2),(27,27):0.000000
(11,2),(23,27):0.000000
(11,2),(23,28):0.000000
(11,2),(33,28):0.000000
(11,2),(33,29):0.000000
(11,4),(12,4):65.753967
(11,4),(12,8):73.738098
(11,4),(13,8):47.684525
(11,4),(13,7):0.125000
(11,4),(14,7):11.025000
(11,4),(14,11):63.045635
(11,4),(20,11):20.266666
(11,4),(20,10):0.000000
(11,4),(24,10):0.183824
(11,4),(24,12):26.075134
(11,4),(32,12):10.199074
(11,4),(32,26):0.000000
(11,4),(31,26):0.000000
(11,4),(31,24):0.000000
(11,4),(30,24):0.000000
(11,4),(30,13):27.456944
(11,4),(5,13):70.716576
(11,4),(5,14):10.976191
(11,4),(26,14):1.000000
(11,4),(26,16):0.129883
(11,4),(28,16):0.000000
(11,4),(28,18):0.000000
(11,4),(27,18):0.000000
(11,4),(27,27):0.000000
(11,4),(23,27):0.000000
(11,4),(23,28):0.000000
(11,4),(33,28):0.000000
(11,4),(33,29):0.000000
(12,4),(12,8):65.741074
(12,4),(13,8):44.937500
(12,4),(13,7):0.000000
(12,4),(14,7):8.000000
(12,4),(14,11):59.298611
(12,4),(20,11):18.266666
(12,4),(20,10):0.000000
(12,4),(24,10):0.000000
(12,4),(24,12):23.955263
(12,4),(32,12):9.074074
(12,4),(32,26):0.000000
(12,4),(31,26):0.000000
(12,4),(31,24):0.000000
(12,4),(30,24):0.000000
(12,4),(30,13):25.312500
(12,4),(5,13):65.274803
(12,4),(5,14):11.381945
(12,4),(26,14):0.833333
(12,4),(26,16):0.120298
(12,4),(28,16):0.000000
(12,4),(28,18):0.000000
(12,4),(27,18):0.000000
(12,4),(27,27):0.000000
(12,4),(23,27):0.000000
(12,4),(23,28):0.000000
(12,4),(33,28):0.000000
(12,4),(33,29):0.000000
(12,8),(13,8):55.854168
(12,8),(13,7):5.500000
(12,8),(14,7):17.500000
(12,8),(14,11):76.881943
(12,8),(20,11):23.600000
(12,8),(20,10):0.000000
(12,8),(24,10):1.190476
(12,8),(24,12):29.488596
(12,8),(32,12):12.074074
(12,8),(32,26):0.000000
(12,8),(31,26):0.000000
(12,8),(31,24):0.000000
(12,8),(30,24):0.000000
(12,8),(30,13):30.895834
(12,8),(5,13):82.824402
(12,8),(5,14):12.366072
(12,8),(26,14):0.128571
(12,8),(26,16):0.069120
(12,8),(28,16):0.000000
(12,8),(28,18):0.000000
(12,8),(27,18):0.000000
(12,8),(27,27):0.000000
(12,8),(23,27):0.000000
(12,8),(23,28):0.000000
(12,8),(33,28):0.000000
(12,8),(33,29):0.000000
(13,8),(13,7):6.500000
(13,8),(14,7):18.500000
(13,8),(14,11):56.055557
(13,8),(20,11):22.933332
(13,8),(20,10):0.000000
(13,8),(24,10):0.820513
(13,8),(24,12):28.821930
(13,8),(32,12):11.574074
(13,8),(32,26):0.000000
(13,8),(31,26):0.000000
(13,8),(31,24):0.000000
(13,8),(30,24):0.000000
(13,8),(30,13):30.229166
(13,8),(5,13):56.173611
(13,8),(5,14):10.194445
(13,8),(26,14):0.050000
(13,8),(26,16):0.053522
(13,8),(28,16):0.000000
(13,8),(28,18):0.000000
(13,8),(27,18):0.000000
(13,8),(27,27):0.000000
(13,8),(23,27):0.000000
(13,8),(23,28):0.000000
(13,8),(33,28):0.000000
(13,8),(33,29):0.000000
(13,7),(14,7):6.000000
(13,7),(14,11):6.500000
(13,7),(20,11):2.500000
(13,7),(20,10):0.000000
(13,7),(24,10):0.610294
(13,7),(24,12):2.550000
(13,7),(32,12):1.375000
(13,7),(32,26):0.000000
(13,7),(31,26):0.000000
(13,7),(31,24):0.000000
(13,7),(30,24):0.000000
(13,7),(30,13):2.562500
(13,7),(5,13):5.812500
(13,7),(5,14):0.000000
(13,7),(26,14):0.000000
(13,7),(26,16):0.000000
(13,7),(28,16):0.000000
(13,7),(28,18):0.000000
(13,7),(27,18):0.000000
(13,7),(27,27):0.000000
(13,7),(23,27):0.000000
(13,7),(23,28):0.000000
(13,7),(33,28):0.000000
(13,7),(33,29):0.000000
(14,7),(14,11):18.500000
(14,7),(20,11):10.000000
(14,7),(20,10):0.000000
(14,7),(24,10):0.500000
(14,7),(24,12):10.727273
(14,7),(32,12):5.500000
(14,7),(32,26):0.000000
(14,7),(31,26):0.000000
(14,7),(31,24):0.000000
(14,7),(30,24):0.000000
(14,7),(30,13):10.888889
(14,7),(5,13):17.812500
(14,7),(5,14):0.000000
(14,7),(26,14):0.000000
(14,7),(26,16):0.000000
(14,7),(28,16):0.000000
(14,7),(28,18):0.000000
(14,7),(27,18):0.000000
(14,7),(27,27):0.000000
(14,7),(23,27):0.000000
(14,7),(23,28):0.000000
(14,7),(33,28):0.000000
(14,7),(33,29):0.000000
(14,11),(20,11):44.266666
(14,11),(20,10):9.000000
(14,11),(24,10):16.000000
(14,11),(24,12):53.205265
(14,11),(32,12):26.124075
(14,11),(32,26):0.862500
(14,11),(31,26):0.437500
(14,11),(31,24):0.857339
(14,11),(30,24):0.850000
(14,11),(30,13):51.612499
(14,11),(5,13):97.469986
(14,11),(5,14):11.444445
(14,11),(26,14):0.000000
(14,11),(26,16):0.000000
(14,11),(28,16):0.000000
(14,11),(28,18):0.000000
(14,11),(27,18):0.000000
(14,11),(27,27):0.000000
(14,11),(23,27):0.000000
(14,11),(23,28):0.000000
(14,11),(33,28):0.000000
(14,11),(33,29):0.000000
(20,11),(20,10):13.000000
(20,11),(24,10):20.000000
(20,11),(24,12):48.105263
(20,11),(32,12):23.074074
(20,11),(32,26):0.000000
(20,11),(31,26):0.000000
(20,11),(31,24):0.000000
(20,11),(30,24):0.000000
(20,11),(30,13):41.000000
(20,11),(5,13):45.333332
(20,11),(5,14):4.266667
(20,11),(26,14):0.000000
(20,11),(26,16):0.000000
(20,11),(28,16):0.000000
(20,11),(28,18):0.000000
(20,11),(27,18):0.000000
(20,11),(27,27):0.000000
(20,11),(23,27):0.000000
(20,11),(23,28):0.000000
(20,11),(33,28):0.000000
(20,11),(33,29):0.000000
(20,10),(24,10):12.000000
(20,10),(24,12):13.000000
(20,10),(32,12):5.000000
(20,10),(32,26):0.000000
(20,10),(31,26):0.000000
(20,10),(31,24):0.000000
(20,10),(30,24):0.000000
(20,10),(30,13):6.333333
(20,10),(5,13):10.066667
(20,10),(5,14):0.000000
(20,10),(26,14):0.000000
(20,10),(26,16):0.000000
(20,10),(28,16):0.000000
(20,10),(28,18):0.000000
(20,10),(27,18):0.000000
(20,10),(27,27):0.000000
(20,10),(23,27):0.000000
(20,10),(23,28):0.000000
(20,10),(33,28):0.000000
(20,10),(33,29):0.000000
(24,10),(24,12):20.000000
(24,10),(32,12):10.000000
(24,10),(32,26):0.000000
(24,10),(31,26):0.000000
(24,10),(31,24):0.000000
(24,10),(30,24):0.000000
(24,10),(30,13):13.200000
(24,10),(5,13):17.066668
(24,10),(5,14):0.000000
(24,10),(26,14):0.000000
(24,10),(26,16):0.000000
(24,10),(28,16):0.000000
(24,10),(28,18):0.000000
(24,10),(27,18):0.000000
(24,10),(27,27):0.000000
(24,10),(23,27):0.000000
(24,10),(23,28):0.000000
(24,10),(33,28):0.000000
(24,10),(33,29):0.000000
(24,12),(32,12):29.407408
(24,12),(32,26):2.410256
(24,12),(31,26):1.250000
(24,12),(31,24):2.378788
(24,12),(30,24):2.333333
(24,12),(30,13):53.383335
(24,12),(5,13):57.221931
(24,12),(5,14):6.105263
(24,12),(26,14):0.000000
(24,12),(26,16):0.000000
(24,12),(28,16):0.000000
(24,12),(28,18):0.000000
(24,12),(27,18):0.000000
(24,12),(27,27):0.000000
(24,12),(23,27):0.000000
(24,12),(23,28):0.000000
(24,12),(33,28):0.000000
(24,12),(33,29):0.000000
(32,12),(32,26):25.076923
(32,12),(31,26):14.000000
(32,12),(31,24):26.045454
(32,12),(30,24):24.000000
(32,12),(30,13):52.818180
(32,12),(5,13):29.074074
(32,12),(5,14):2.074074
(32,12),(26,14):0.000000
(32,12),(26,16):0.000000
(32,12),(28,16):0.000000
(32,12),(28,18):0.000000
(32,12),(27,18):0.000000
(32,12),(27,27):0.000000
(32,12),(23,27):0.000000
(32,12),(23,28):0.000000
(32,12),(33,28):0.000000
(32,12),(33,29):0.000000
(32,26),(31,26):14.000000
(32,26),(31,24):25.045454
(32,26),(30,24):23.000000
(32,26),(30,13):24.895105
(32,26),(5,13):2.076923
(32,26),(5,14):0.000000
(32,26),(26,14):0.000000
(32,26),(26,16):0.000000
(32,26),(28,16):0.000000
(32,26),(28,18):0.000000
(32,26),(27,18):0.000000
(32,26),(27,27):0.000000
(32,26),(23,27):0.000000
(32,26),(23,28):0.000000
(32,26),(33,28):0.000000
(32,26),(33,29):0.000000
(31,26),(31,24):14.000000
(31,26),(30,24):12.000000
(31,26),(30,13):13.818182
(31,26),(5,13):1.000000
(31,26),(5,14):0.000000
(31,26),(26,14):0.000000
(31,26),(26,16):0.000000
(31,26),(28,16):0.000000
(31,26),(28,18):0.000000
(31,26),(27,18):0.000000
(31,26),(27,27):0.000000
(31,26),(23,27):0.000000
(31,26),(23,28):0.000000
(31,26),(33,28):0.000000
(31,26),(33,29):0.000000
(31,24),(30,24):24.000000
(31,24),(30,13):25.863636
(31,24),(5,13):2.045455
(31,24),(5,14):0.000000
(31,24),(26,14):0.000000
(31,24),(26,16):0.000000
(31,24),(28,16):0.000000
(31,24),(28,18):0.000000
(31,24),(27,18):0.000000
(31,24),(27,27):0.000000
(31,24),(23,27):0.000000
(31,24),(23,28):0.000000
(31,24),(33,28):0.000000
(31,24),(33,29):0.000000
(30,24),(30,13):24.000000
(30,24),(5,13):2.000000
(30,24),(5,14):0.000000
(30,24),(26,14):0.000000
(30,24),(26,16):0.000000
(30,24),(28,16):0.000000
(30,24),(28,18):0.000000
(30,24),(27,18):0.000000
(30,24),(27,27):0.000000
(30,24),(23,27):0.000000
(30,24),(23,28):0.000000
(30,24),(33,28):0.000000
(30,24),(33,29):0.000000
(30,13),(5,13):54.562500
(30,13),(5,14):6.500000
(30,13),(26,14):0.000000
(30,13),(26,16):0.000000
(30,13),(28,16):0.000000
(30,13),(28,18):0.000000
(30,13),(27,18):0.000000
(30,13),(27,27):0.000000
(30,13),(23,27):0.000000
(30,13),(23,28):0.000000
(30,13),(33,28):0.000000
(30,13),(33,29):0.000000
(5,13),(5,14):15.000000
(5,13),(26,14):2.000000
(5,13),(26,16):0.190476
(5,13),(28,16):0.000000
(5,13),(28,18):0.000000
(5,13),(27,18):0.000000
(5,13),(27,27):0.000000
(5,13),(23,27):0.000000
(5,13),(23,28):0.000000
(5,13),(33,28):0.000000
(5,13),(33,29):0.000000
(5,14),(26,14):29.049999
(5,14),(26,16):22.904545
(5,14),(28,16):0.259524
(5,14),(28,18):17.426191
(5,14),(27,18):18.259523
(5,14),(27,27):7.270563
(5,14),(23,27):0.000000
(5,14),(23,28):0.000000
(5,14),(33,28):0.000000
(5,14),(33,29):0.000000
(26,14),(26,16):74.674606
(26,14),(28,16):40.285713
(26,14),(28,18):41.984848
(26,14),(27,18):69.974602
(26,14),(27,27):26.507071
(26,14),(23,27):5.888889
(26,14),(23,28):0.000000
(26,14),(33,28):0.000000
(26,14),(33,29):0.000000
(26,16),(28,16):45.400002
(26,16),(28,18):45.984848
(26,16),(27,18):83.342857
(26,16),(27,27):37.761040
(26,16),(23,27):13.142858
(26,16),(23,28):0.000000
(26,16),(33,28):0.000000
(26,16),(33,29):0.000000
(28,16),(28,18):23.818182
(28,16),(27,18):45.400002
(28,16),(27,27):15.200000
(28,16),(23,27):0.000000
(28,16),(23,28):0.000000
(28,16),(33,28):0.000000
(28,16),(33,29):0.000000
(28,18),(27,18):45.799999
(28,18),(27,27):13.600000
(28,18),(23,27):0.000000
(28,18),(23,28):0.000000
(28,18),(33,28):0.000000
(28,18),(33,29):0.000000
(27,18),(27,27):39.000000
(27,18),(23,27):15.200000
(27,18),(23,28):0.000000
(27,18),(33,28):0.000000
(27,18),(33,29):0.000000
(27,27),(23,27):28.000000
(27,27),(23,28):8.000000
(27,27),(33,28):0.000000
(27,27),(33,29):0.000000
(23,27),(23,28):16.333334
(23,27),(33,28):5.833333
(23,27),(33,29):2.200000
(23,28),(33,28):20.500000
(23,28),(33,29):12.200000
(33,28),(33,29):12.000000
