14
(6,2):(3,1)	(4,2)	(4,3)	(5,2)	(6,2)	(6,3)	(7,1)	(7,2)	
(6,3):(3,1)	(4,2)	(4,3)	(5,2)	(6,2)	(6,3)	
(4,3):(2,5)	(2,7)	(3,1)	(3,4)	(3,5)	(3,6)	(4,2)	(4,3)	(4,6)	(5,2)	(6,2)	(6,3)	(7,1)	
(4,6):(1,4)	(2,5)	(2,7)	(3,1)	(3,4)	(3,5)	(3,6)	(4,2)	(4,3)	(4,6)	(5,6)	(5,7)	
(5,6):(2,7)	(3,6)	(4,6)	(5,6)	(5,7)	
(5,7):(1,4)	(2,5)	(2,7)	(3,5)	(3,6)	(4,6)	(5,6)	(5,7)	
(2,7):(2,5)	(2,7)	(3,4)	(3,5)	(3,6)	(4,2)	(4,3)	(4,6)	(5,6)	(5,7)	
(2,5):(1,4)	(1,5)	(2,5)	(2,7)	(3,4)	(3,5)	(3,6)	(4,3)	(4,6)	(5,7)	
(1,5):(1,4)	(1,5)	(2,5)	(3,4)	(3,5)	
(1,4):(1,4)	(1,5)	(2,5)	(3,4)	(3,5)	(3,6)	(4,6)	(5,7)	
(3,4):(1,4)	(1,5)	(2,5)	(2,7)	(3,1)	(3,4)	(3,5)	(3,6)	(4,2)	(4,3)	(4,6)	(5,2)	
(3,1):(3,1)	(3,4)	(3,5)	(3,6)	(4,2)	(4,3)	(4,6)	(5,2)	(6,2)	(6,3)	(7,1)	(7,2)	
(7,1):(3,1)	(4,2)	(4,3)	(5,2)	(6,2)	(7,1)	(7,2)	
(7,2):(3,1)	(4,2)	(5,2)	(6,2)	(7,1)	(7,2)	
(6,2):7.250000
(6,3):6.000000
(4,3):13.250000
(4,6):10.750000
(5,6):3.000000
(5,7):5.666667
(2,7):9.500000
(2,5):8.250000
(1,5):3.250000
(1,4):5.666667
(3,4):12.250000
(3,1):11.100000
(7,1):6.833333
(7,2):4.000000
(6,2),(6,3):6.000000
(6,2),(4,3):7.000000
(6,2),(4,6):2.250000
(6,2),(5,6):0.000000
(6,2),(5,7):0.000000
(6,2),(2,7):1.800000
(6,2),(2,5):0.000000
(6,2),(1,5):0.000000
(6,2),(1,4):0.000000
(6,2),(3,4):4.250000
(6,2),(3,1):7.250000
(6,2),(7,1):6.750000
(6,2),(7,2):4.000000
(6,3),(4,3):6.000000
(6,3),(4,6):2.000000
(6,3),(5,6):0.000000
(6,3),(5,7):0.000000
(6,3),(2,7):1.666667
(6,3),(2,5):0.000000
(6,3),(1,5):0.000000
(6,3),(1,4):0.000000
(6,3),(3,4):4.000000
(6,3),(3,1):6.000000
(6,3),(7,1):5.500000
(6,3),(7,2):3.000000
(4,3),(4,6):8.500000
(4,3),(5,6):2.000000
(4,3),(5,7):3.750000
(4,3),(2,7):8.000000
(4,3),(2,5):6.000000
(4,3),(1,5):1.750000
(4,3),(1,4):3.500000
(4,3),(3,4):10.500000
(4,3),(3,1):10.750000
(4,3),(7,1):6.583333
(4,3),(7,2):3.750000
(4,6),(5,6):3.000000
(4,6),(5,7):5.666667
(4,6),(2,7):8.500000
(4,6),(2,5):8.000000
(4,6),(1,5):3.000000
(4,6),(1,4):5.416667
(4,6),(3,4):10.000000
(4,6),(3,1):6.100000
(4,6),(7,1):2.333333
(4,6),(7,2):1.000000
(5,6),(5,7):3.000000
(5,6),(2,7):3.000000
(5,6),(2,5):2.750000
(5,6),(1,5):0.000000
(5,6),(1,4):1.166667
(5,6),(3,4):2.250000
(5,6),(3,1):1.100000
(5,6),(7,1):0.000000
(5,6),(7,2):0.000000
(5,7),(2,7):5.000000
(5,7),(2,5):5.416667
(5,7),(1,5):1.166667
(5,7),(1,4):3.333333
(5,7),(3,4):4.916667
(5,7),(3,1):1.600000
(5,7),(7,1):0.000000
(5,7),(7,2):0.000000
(2,7),(2,5):7.250000
(2,7),(1,5):2.250000
(2,7),(1,4):4.666667
(2,7),(3,4):8.750000
(2,7),(3,1):5.600000
(2,7),(7,1):1.857143
(2,7),(7,2):0.916667
(2,5),(1,5):3.250000
(2,5),(1,4):5.666667
(2,5),(3,4):7.750000
(2,5),(3,1):3.600000
(2,5),(7,1):0.000000
(2,5),(7,2):0.000000
(1,5),(1,4):3.000000
(1,5),(3,4):3.250000
(1,5),(3,1):1.250000
(1,5),(7,1):0.000000
(1,5),(7,2):0.000000
(1,4),(3,4):5.250000
(1,4),(3,1):2.600000
(1,4),(7,1):0.000000
(1,4),(7,2):0.000000
(3,4),(3,1):8.100000
(3,4),(7,1):4.333333
(3,4),(7,2):2.500000
(3,1),(7,1):6.833333
(3,1),(7,2):4.000000
(7,1),(7,2):4.000000
