70
(34,30):(32,28)	(33,29)	(33,34)	(34,29)	(34,30)	(34,35)	(35,28)	(35,30)	
(34,35):(18,35)	(19,34)	(20,34)	(21,34)	(33,29)	(33,34)	(34,29)	(34,30)	(34,35)	
(18,35):(18,32)	(18,33)	(18,35)	(19,32)	(19,33)	(19,34)	(20,32)	(20,33)	(20,34)	(21,31)	(21,34)	(33,34)	(34,35)	
(18,33):(7,31)	(9,32)	(9,33)	(10,32)	(11,32)	(12,32)	(13,32)	(14,32)	(15,32)	(16,32)	(17,32)	(18,32)	(18,33)	(18,35)	(19,32)	(19,33)	(19,34)	(20,32)	(20,33)	(20,34)	(21,31)	(21,34)	
(9,33):(9,32)	(9,33)	(10,32)	(11,32)	(12,32)	(13,32)	(14,32)	(15,32)	(16,32)	(17,32)	(18,32)	(18,33)	(19,32)	(19,33)	(20,32)	(20,33)	(21,31)	
(9,32):(7,31)	(7,32)	(9,32)	(9,33)	(10,32)	(11,32)	(12,32)	(13,32)	(14,32)	(15,32)	(16,32)	(17,32)	(18,32)	(18,33)	(19,32)	(19,33)	(20,32)	(20,33)	(21,31)	
(7,32):(7,31)	(7,32)	(9,32)	(10,32)	(11,32)	(12,32)	(13,32)	(14,32)	(15,32)	(16,32)	(17,32)	(18,32)	(19,32)	(20,32)	(21,31)	
(7,31):(7,31)	(7,32)	(9,32)	(10,32)	(11,32)	(12,32)	(13,32)	(14,32)	(15,32)	(16,32)	(17,32)	(18,32)	(18,33)	(19,32)	(19,33)	(20,32)	(20,33)	(21,31)	
(21,31):(7,31)	(7,32)	(9,32)	(9,33)	(10,32)	(11,32)	(12,32)	(13,32)	(14,32)	(15,32)	(16,32)	(17,32)	(18,32)	(18,33)	(18,35)	(19,32)	(19,33)	(19,34)	(20,32)	(20,33)	(20,34)	(21,31)	(21,34)	
(21,34):(15,32)	(16,32)	(17,32)	(18,32)	(18,33)	(18,35)	(19,32)	(19,33)	(19,34)	(20,32)	(20,33)	(20,34)	(21,31)	(21,34)	(33,34)	(34,35)	
(33,34):(18,35)	(19,34)	(20,34)	(21,34)	(33,29)	(33,34)	(34,29)	(34,30)	(34,35)	
(33,29):(22,26)	(23,24)	(23,26)	(24,25)	(24,26)	(24,27)	(24,29)	(25,25)	(25,26)	(25,27)	(25,28)	(26,25)	(26,26)	(26,27)	(26,28)	(27,25)	(27,26)	(27,27)	(27,28)	(28,24)	(28,25)	(28,26)	(28,27)	(28,28)	(29,25)	(29,26)	(29,27)	(29,28)	(30,26)	(30,27)	(30,28)	(31,27)	(31,28)	(32,28)	(33,29)	(33,34)	(34,29)	(34,30)	(34,35)	(35,28)	(35,30)	
(24,29):(24,25)	(24,26)	(24,27)	(24,29)	(25,25)	(25,26)	(25,27)	(25,28)	(26,25)	(26,26)	(26,27)	(26,28)	(27,25)	(27,26)	(27,27)	(27,28)	(28,24)	(28,25)	(28,26)	(28,27)	(28,28)	(29,23)	(29,24)	(29,25)	(29,26)	(29,27)	(29,28)	(30,22)	(30,23)	(30,24)	(30,25)	(30,26)	(30,27)	(30,28)	(31,21)	(31,22)	(31,23)	(31,24)	(31,25)	(31,26)	(31,27)	(31,28)	(32,28)	(33,29)	(34,29)	(35,28)	
(24,27):(22,26)	(22,27)	(23,24)	(23,26)	(24,25)	(24,26)	(24,27)	(24,29)	(25,25)	(25,26)	(25,27)	(25,28)	(26,25)	(26,26)	(26,27)	(26,28)	(27,25)	(27,26)	(27,27)	(27,28)	(28,24)	(28,25)	(28,26)	(28,27)	(28,28)	(29,24)	(29,25)	(29,26)	(29,27)	(29,28)	(30,23)	(30,24)	(30,25)	(30,26)	(30,27)	(30,28)	(31,22)	(31,23)	(31,24)	(31,25)	(31,26)	(31,27)	(31,28)	(32,28)	(33,29)	(34,29)	
(22,27):(22,26)	(22,27)	(23,26)	(24,25)	(24,26)	(24,27)	(25,25)	(25,26)	(25,27)	(26,25)	(26,26)	(26,27)	(27,25)	(27,26)	(27,27)	(28,24)	(28,25)	(28,26)	(28,27)	(29,24)	(29,25)	(29,26)	(29,27)	(30,23)	(30,24)	(30,25)	(30,26)	(30,27)	(31,23)	(31,24)	(31,25)	(31,26)	(31,27)	
(22,26):(22,26)	(22,27)	(23,26)	(24,26)	(24,27)	(25,26)	(25,27)	(26,26)	(26,27)	(26,28)	(27,26)	(27,27)	(27,28)	(28,26)	(28,27)	(28,28)	(29,26)	(29,27)	(29,28)	(30,26)	(30,27)	(30,28)	(31,26)	(31,27)	(31,28)	(32,28)	(33,29)	(34,29)	
(23,26):(22,26)	(22,27)	(23,24)	(23,26)	(24,25)	(24,26)	(24,27)	(25,25)	(25,26)	(25,27)	(25,28)	(26,25)	(26,26)	(26,27)	(26,28)	(27,25)	(27,26)	(27,27)	(27,28)	(28,24)	(28,25)	(28,26)	(28,27)	(28,28)	(29,24)	(29,25)	(29,26)	(29,27)	(29,28)	(30,24)	(30,25)	(30,26)	(30,27)	(30,28)	(31,23)	(31,24)	(31,25)	(31,26)	(31,27)	(31,28)	(32,28)	(33,29)	(34,29)	
(23,24):(23,24)	(23,26)	(24,25)	(24,26)	(24,27)	(25,25)	(25,26)	(25,27)	(25,28)	(26,25)	(26,26)	(26,27)	(26,28)	(27,25)	(27,26)	(27,27)	(27,28)	(28,24)	(28,25)	(28,26)	(28,27)	(28,28)	(29,24)	(29,25)	(29,26)	(29,27)	(29,28)	(30,24)	(30,25)	(30,26)	(30,27)	(30,28)	(31,24)	(31,25)	(31,26)	(31,27)	(31,28)	(32,28)	(33,29)	(34,29)	(35,30)	
(28,24):(22,27)	(23,24)	(23,26)	(24,25)	(24,26)	(24,27)	(24,29)	(25,25)	(25,26)	(25,27)	(25,28)	(26,25)	(26,26)	(26,27)	(26,28)	(27,25)	(27,26)	(27,27)	(27,28)	(28,21)	(28,24)	(28,25)	(28,26)	(28,27)	(28,28)	(29,22)	(29,23)	(29,24)	(29,25)	(29,26)	(29,27)	(29,28)	(30,21)	(30,22)	(30,23)	(30,24)	(30,25)	(30,26)	(30,27)	(30,28)	(31,20)	(31,21)	(31,22)	(31,23)	(31,24)	(31,25)	(31,26)	(31,27)	(31,28)	(32,28)	(33,29)	
(28,21):(28,21)	(28,24)	(28,25)	(28,26)	(28,27)	(28,28)	(29,22)	(29,23)	(29,24)	(29,25)	(29,26)	(29,27)	(29,28)	(30,21)	(30,22)	(30,23)	(30,24)	(30,25)	(30,26)	(30,27)	(30,28)	(31,21)	(31,22)	(31,23)	(31,24)	(31,25)	(31,26)	(31,27)	(31,28)	(32,28)	
(30,21):(26,27)	(26,28)	(27,26)	(27,27)	(27,28)	(28,21)	(28,24)	(28,25)	(28,26)	(28,27)	(28,28)	(29,22)	(29,23)	(29,24)	(29,25)	(29,26)	(29,27)	(29,28)	(30,16)	(30,17)	(30,18)	(30,21)	(30,22)	(30,23)	(30,24)	(30,25)	(30,26)	(30,27)	(30,28)	(31,15)	(31,16)	(31,17)	(31,18)	(31,19)	(31,20)	(31,21)	(31,22)	(31,23)	(31,24)	(31,25)	(31,26)	(31,27)	(31,28)	(32,16)	(32,28)	
(30,18):(24,8)	(25,8)	(25,9)	(25,10)	(26,8)	(26,9)	(26,10)	(26,11)	(26,12)	(26,13)	(26,14)	(26,15)	(26,16)	(26,17)	(26,18)	(27,9)	(27,10)	(27,11)	(27,12)	(27,13)	(27,14)	(27,15)	(27,16)	(27,17)	(28,12)	(28,13)	(28,14)	(28,15)	(28,16)	(28,17)	(29,15)	(29,16)	(29,17)	(30,16)	(30,17)	(30,18)	(30,21)	(30,22)	(30,23)	(30,24)	(30,25)	(30,26)	(30,27)	(30,28)	(31,15)	(31,16)	(31,17)	(31,18)	(31,19)	(31,20)	(31,21)	(31,22)	(31,23)	(31,24)	(31,25)	(31,26)	(31,27)	(31,28)	(32,16)	(32,28)	
(26,18):(26,8)	(26,9)	(26,10)	(26,11)	(26,12)	(26,13)	(26,14)	(26,15)	(26,16)	(26,17)	(26,18)	(27,7)	(27,9)	(27,10)	(27,11)	(27,12)	(27,13)	(27,14)	(27,15)	(27,16)	(27,17)	(28,10)	(28,11)	(28,12)	(28,13)	(28,14)	(28,15)	(28,16)	(28,17)	(29,9)	(29,15)	(29,16)	(29,17)	(30,16)	(30,17)	(30,18)	(31,15)	(31,16)	(31,17)	(31,18)	(32,16)	
(26,17):(25,8)	(25,9)	(25,10)	(25,17)	(26,8)	(26,9)	(26,10)	(26,11)	(26,12)	(26,13)	(26,14)	(26,15)	(26,16)	(26,17)	(26,18)	(27,7)	(27,9)	(27,10)	(27,11)	(27,12)	(27,13)	(27,14)	(27,15)	(27,16)	(27,17)	(28,10)	(28,11)	(28,12)	(28,13)	(28,14)	(28,15)	(28,16)	(28,17)	(29,9)	(29,15)	(29,16)	(29,17)	(30,16)	(30,17)	(30,18)	(31,15)	(31,16)	(31,17)	(31,18)	(32,16)	
(25,17):(25,8)	(25,9)	(25,10)	(25,17)	(26,8)	(26,9)	(26,10)	(26,11)	(26,12)	(26,13)	(26,14)	(26,15)	(26,16)	(26,17)	(27,7)	(27,9)	(27,10)	(27,11)	(27,12)	(27,13)	(27,14)	(27,15)	(27,16)	(27,17)	(28,10)	(28,11)	(28,12)	(28,13)	(28,14)	(28,15)	(28,16)	(28,17)	(29,9)	(29,15)	(29,16)	(29,17)	(30,16)	(30,17)	(31,15)	(31,16)	(31,17)	(32,16)	
(25,10):(8,2)	(9,2)	(10,2)	(10,3)	(11,2)	(11,3)	(11,4)	(12,3)	(12,4)	(13,3)	(13,4)	(13,5)	(14,4)	(14,5)	(15,4)	(15,5)	(15,6)	(16,5)	(16,6)	(16,7)	(16,8)	(16,9)	(16,10)	(17,6)	(17,7)	(17,8)	(17,9)	(17,10)	(18,6)	(18,7)	(18,8)	(18,9)	(18,10)	(19,7)	(19,8)	(19,9)	(19,10)	(20,7)	(20,8)	(20,9)	(21,8)	(21,9)	(22,8)	(22,9)	(23,8)	(23,9)	(24,8)	(24,9)	(25,8)	(25,9)	(25,10)	(25,17)	(26,8)	(26,9)	(26,10)	(26,11)	(26,12)	(26,13)	(26,14)	(26,15)	(26,16)	(26,17)	(27,7)	(27,9)	(27,10)	(27,11)	(27,12)	(27,13)	(27,14)	(27,15)	(27,16)	(27,17)	(28,10)	(28,11)	(28,12)	(28,13)	(28,14)	(28,15)	(28,16)	(28,17)	(29,9)	(29,15)	(29,16)	(29,17)	(30,17)	(30,18)	(31,18)	(31,19)	
(19,10):(11,2)	(12,2)	(12,3)	(13,2)	(13,3)	(13,4)	(14,2)	(14,3)	(14,4)	(14,5)	(15,2)	(15,3)	(15,4)	(15,5)	(15,6)	(16,2)	(16,3)	(16,4)	(16,5)	(16,6)	(16,7)	(16,8)	(16,9)	(16,10)	(16,11)	(17,2)	(17,3)	(17,4)	(17,5)	(17,6)	(17,7)	(17,8)	(17,9)	(17,10)	(17,11)	(18,2)	(18,3)	(18,4)	(18,5)	(18,6)	(18,7)	(18,8)	(18,9)	(18,10)	(19,2)	(19,3)	(19,4)	(19,5)	(19,6)	(19,7)	(19,8)	(19,9)	(19,10)	(19,11)	(20,1)	(20,7)	(20,8)	(20,9)	(21,8)	(21,9)	(22,8)	(22,9)	(23,8)	(23,9)	(24,8)	(24,9)	(25,8)	(25,9)	(25,10)	(26,8)	(26,9)	(26,10)	(27,7)	(27,9)	(27,10)	(28,10)	(29,9)	
(19,11):(12,2)	(13,2)	(13,3)	(14,2)	(14,3)	(14,4)	(15,2)	(15,3)	(15,4)	(15,5)	(15,6)	(16,2)	(16,3)	(16,4)	(16,5)	(16,6)	(16,7)	(16,8)	(16,9)	(16,10)	(16,11)	(17,2)	(17,3)	(17,4)	(17,5)	(17,6)	(17,7)	(17,8)	(17,9)	(17,10)	(17,11)	(18,2)	(18,3)	(18,4)	(18,5)	(18,6)	(18,7)	(18,8)	(18,9)	(18,10)	(19,2)	(19,3)	(19,4)	(19,5)	(19,6)	(19,7)	(19,8)	(19,9)	(19,10)	(19,11)	
(17,11):(14,2)	(14,3)	(15,2)	(15,3)	(15,4)	(15,5)	(15,6)	(16,2)	(16,3)	(16,4)	(16,5)	(16,6)	(16,7)	(16,8)	(16,9)	(16,10)	(16,11)	(16,12)	(16,13)	(16,14)	(17,2)	(17,3)	(17,4)	(17,5)	(17,6)	(17,7)	(17,8)	(17,9)	(17,10)	(17,11)	(17,14)	(18,2)	(18,3)	(18,4)	(18,5)	(18,6)	(18,7)	(18,8)	(18,9)	(18,10)	(19,2)	(19,3)	(19,4)	(19,5)	(19,6)	(19,7)	(19,8)	(19,9)	(19,10)	(19,11)	(20,1)	(20,7)	(20,8)	(20,9)	(21,8)	(21,9)	(22,8)	(23,8)	
(17,14):(14,2)	(15,2)	(15,3)	(15,4)	(15,5)	(15,6)	(16,2)	(16,3)	(16,4)	(16,5)	(16,6)	(16,7)	(16,8)	(16,9)	(16,10)	(16,11)	(16,12)	(16,13)	(16,14)	(17,2)	(17,3)	(17,4)	(17,5)	(17,6)	(17,7)	(17,8)	(17,9)	(17,10)	(17,11)	(17,14)	
(16,14):(15,2)	(15,3)	(15,4)	(15,5)	(15,6)	(15,19)	(16,2)	(16,3)	(16,4)	(16,5)	(16,6)	(16,7)	(16,8)	(16,9)	(16,10)	(16,11)	(16,12)	(16,13)	(16,14)	(16,19)	(17,2)	(17,3)	(17,4)	(17,5)	(17,6)	(17,7)	(17,8)	(17,9)	(17,10)	(17,11)	(17,14)	(18,2)	(18,3)	(18,4)	(18,5)	(18,6)	(18,7)	(18,8)	(19,2)	(19,3)	(19,4)	(19,5)	(20,1)	
(16,19):(15,2)	(15,3)	(15,4)	(15,5)	(15,6)	(15,19)	(16,2)	(16,3)	(16,4)	(16,5)	(16,6)	(16,7)	(16,8)	(16,9)	(16,10)	(16,11)	(16,12)	(16,13)	(16,14)	(16,19)	
(15,19):(15,2)	(15,3)	(15,4)	(15,5)	(15,6)	(15,19)	(16,2)	(16,3)	(16,4)	(16,5)	(16,6)	(16,7)	(16,8)	(16,9)	(16,10)	(16,11)	(16,12)	(16,13)	(16,14)	(16,19)	(17,2)	(17,3)	(17,4)	(17,5)	(17,6)	(17,7)	(17,8)	(17,9)	(18,2)	(18,3)	(18,4)	
(15,6):(9,2)	(10,2)	(10,3)	(11,2)	(11,3)	(11,4)	(11,5)	(11,6)	(12,2)	(12,3)	(12,4)	(12,5)	(12,6)	(13,2)	(13,3)	(13,4)	(13,5)	(13,6)	(14,2)	(14,3)	(14,4)	(14,5)	(15,2)	(15,3)	(15,4)	(15,5)	(15,6)	(15,19)	(16,2)	(16,3)	(16,4)	(16,5)	(16,6)	(16,7)	(16,8)	(16,9)	(16,10)	(16,11)	(16,12)	(16,13)	(16,14)	(16,19)	(17,2)	(17,3)	(17,4)	(17,5)	(17,6)	(17,7)	(17,8)	(17,9)	(17,10)	(17,11)	(17,14)	(18,2)	(18,3)	(18,4)	(18,5)	(18,6)	(18,7)	(18,8)	(18,9)	(18,10)	(19,2)	(19,3)	(19,4)	(19,5)	(19,6)	(19,7)	(19,8)	(19,9)	(19,10)	(19,11)	(20,1)	(20,7)	(20,8)	(20,9)	(21,8)	(21,9)	(22,8)	(22,9)	(23,8)	(23,9)	(24,8)	(24,9)	(25,8)	(25,9)	(25,10)	(26,9)	(26,10)	(27,9)	(27,10)	(28,10)	(28,11)	
(13,6):(9,2)	(10,2)	(10,3)	(10,8)	(11,2)	(11,3)	(11,4)	(11,5)	(11,6)	(11,7)	(11,22)	(11,23)	(11,24)	(12,2)	(12,3)	(12,4)	(12,5)	(12,6)	(12,7)	(12,8)	(12,13)	(12,14)	(12,15)	(12,16)	(12,17)	(12,18)	(12,19)	(12,20)	(12,21)	(12,22)	(12,23)	(12,24)	(13,2)	(13,3)	(13,4)	(13,5)	(13,6)	(13,20)	(13,21)	(13,22)	(13,23)	(13,24)	(14,2)	(14,3)	(14,4)	(14,5)	(15,2)	(15,3)	(15,4)	(15,5)	(15,6)	(16,2)	(16,3)	(16,4)	(16,5)	(16,6)	(17,2)	(17,3)	(17,4)	(17,5)	(17,6)	(18,2)	(18,3)	(18,4)	(18,5)	(18,6)	(19,2)	(19,3)	(19,4)	(19,5)	(19,6)	(20,1)	
(13,20):(9,24)	(10,23)	(10,24)	(11,13)	(11,22)	(11,23)	(11,24)	(12,2)	(12,3)	(12,4)	(12,5)	(12,6)	(12,7)	(12,8)	(12,13)	(12,14)	(12,15)	(12,16)	(12,17)	(12,18)	(12,19)	(12,20)	(12,21)	(12,22)	(12,23)	(12,24)	(13,2)	(13,3)	(13,4)	(13,5)	(13,6)	(13,20)	(13,21)	(13,22)	(13,23)	(13,24)	(14,20)	(14,25)	
(14,20):(8,24)	(9,24)	(10,23)	(10,24)	(11,22)	(11,23)	(11,24)	(12,20)	(12,21)	(12,22)	(12,23)	(12,24)	(13,20)	(13,21)	(13,22)	(13,23)	(13,24)	(14,20)	(14,25)	
(14,25):(1,22)	(2,23)	(2,25)	(3,23)	(3,24)	(4,23)	(4,24)	(5,23)	(5,24)	(6,23)	(6,24)	(7,23)	(7,24)	(8,23)	(8,24)	(9,23)	(9,24)	(10,23)	(10,24)	(11,13)	(11,22)	(11,23)	(11,24)	(12,15)	(12,16)	(12,17)	(12,18)	(12,19)	(12,20)	(12,21)	(12,22)	(12,23)	(12,24)	(13,20)	(13,21)	(13,22)	(13,23)	(13,24)	(14,20)	(14,25)	
(2,25):(2,23)	(2,25)	(3,23)	(3,24)	(4,23)	(4,24)	(5,23)	(5,24)	(6,23)	(6,24)	(7,23)	(7,24)	(8,23)	(8,24)	(9,23)	(9,24)	(10,23)	(10,24)	(11,22)	(11,23)	(11,24)	(12,22)	(12,23)	(12,24)	(13,22)	(13,23)	(13,24)	(14,25)	
(2,23):(1,22)	(1,23)	(2,23)	(2,25)	(3,23)	(3,24)	(4,23)	(4,24)	(5,23)	(5,24)	(6,23)	(6,24)	(7,23)	(7,24)	(8,23)	(8,24)	(9,23)	(9,24)	(10,23)	(10,24)	(11,22)	(11,23)	(11,24)	(12,22)	(12,23)	(12,24)	(13,22)	(13,23)	(13,24)	(14,25)	
(1,23):(1,22)	(1,23)	(2,23)	(3,23)	(4,23)	(5,23)	(6,23)	(7,23)	(8,23)	(9,23)	(10,23)	(11,22)	(11,23)	(12,22)	(12,23)	(13,22)	(13,23)	
(1,22):(1,22)	(1,23)	(2,23)	(3,23)	(3,24)	(4,23)	(4,24)	(5,23)	(5,24)	(6,23)	(6,24)	(7,23)	(7,24)	(8,23)	(8,24)	(9,23)	(9,24)	(10,23)	(10,24)	(11,22)	(11,23)	(11,24)	(12,22)	(12,23)	(12,24)	(13,22)	(13,23)	(13,24)	(14,25)	
(11,22):(1,22)	(1,23)	(2,23)	(2,25)	(3,23)	(3,24)	(4,23)	(4,24)	(5,23)	(5,24)	(6,23)	(6,24)	(7,23)	(7,24)	(8,23)	(8,24)	(9,23)	(9,24)	(10,23)	(10,24)	(11,13)	(11,22)	(11,23)	(11,24)	(12,13)	(12,14)	(12,15)	(12,16)	(12,17)	(12,18)	(12,19)	(12,20)	(12,21)	(12,22)	(12,23)	(12,24)	(13,4)	(13,5)	(13,6)	(13,20)	(13,21)	(13,22)	(13,23)	(13,24)	(14,20)	(14,25)	
(11,13):(11,13)	(11,22)	(11,23)	(11,24)	(12,13)	(12,14)	(12,15)	(12,16)	(12,17)	(12,18)	(12,19)	(12,20)	(12,21)	(12,22)	(12,23)	(12,24)	(13,20)	(13,21)	(13,22)	(13,23)	(13,24)	(14,25)	
(12,13):(11,13)	(11,22)	(11,23)	(11,24)	(12,2)	(12,3)	(12,4)	(12,5)	(12,6)	(12,7)	(12,8)	(12,13)	(12,14)	(12,15)	(12,16)	(12,17)	(12,18)	(12,19)	(12,20)	(12,21)	(12,22)	(12,23)	(12,24)	(13,2)	(13,3)	(13,4)	(13,5)	(13,6)	(13,20)	(13,21)	(13,22)	(13,23)	(13,24)	
(12,8):(10,2)	(10,3)	(10,8)	(11,2)	(11,3)	(11,4)	(11,5)	(11,6)	(11,7)	(12,2)	(12,3)	(12,4)	(12,5)	(12,6)	(12,7)	(12,8)	(12,13)	(12,14)	(12,15)	(12,16)	(12,17)	(12,18)	(12,19)	(12,20)	(12,21)	(12,22)	(12,23)	(12,24)	(13,2)	(13,3)	(13,4)	(13,5)	(13,6)	(13,20)	(13,21)	(13,22)	(13,23)	(13,24)	(14,2)	(14,3)	(14,4)	(15,2)	
(10,8):(10,2)	(10,3)	(10,8)	(11,2)	(11,3)	(11,4)	(11,5)	(11,6)	(11,7)	(12,2)	(12,3)	(12,4)	(12,5)	(12,6)	(12,7)	(12,8)	(13,2)	(13,3)	(13,4)	(13,5)	(13,6)	(14,2)	(14,3)	(14,4)	(14,5)	(15,2)	(15,3)	(15,4)	(16,2)	(16,3)	(16,4)	(17,2)	(17,3)	(18,2)	(19,2)	(20,1)	
(10,3):(3,2)	(4,3)	(5,1)	(5,2)	(5,3)	(6,2)	(6,3)	(7,2)	(7,3)	(8,2)	(8,3)	(9,2)	(10,2)	(10,3)	(10,8)	(11,2)	(11,3)	(11,4)	(11,5)	(11,6)	(11,7)	(12,2)	(12,3)	(12,4)	(12,5)	(12,6)	(12,7)	(12,8)	(13,2)	(13,3)	(13,4)	(13,5)	(13,6)	(14,2)	(14,3)	(14,4)	(14,5)	(15,2)	(15,3)	(15,4)	(15,5)	(15,6)	(16,2)	(16,3)	(16,4)	(16,5)	(16,6)	(17,2)	(17,3)	(17,4)	(17,5)	(17,6)	(17,7)	(18,2)	(18,3)	(18,4)	(18,5)	(18,6)	(18,7)	(19,2)	(19,3)	(19,4)	(19,5)	(19,6)	(19,7)	(19,8)	(20,1)	(20,7)	(20,8)	(20,9)	(21,8)	(21,9)	(22,8)	(22,9)	(23,9)	(24,9)	(25,9)	(25,10)	(26,10)	(27,10)	(28,11)	
(8,3):(3,2)	(3,4)	(4,3)	(4,4)	(4,5)	(5,1)	(5,2)	(5,3)	(5,4)	(6,2)	(6,3)	(6,4)	(6,5)	(6,12)	(7,2)	(7,3)	(7,4)	(7,5)	(7,6)	(7,7)	(7,8)	(7,9)	(7,10)	(7,11)	(8,2)	(8,3)	(8,12)	(9,2)	(10,2)	(10,3)	(11,2)	(11,3)	(12,2)	(12,3)	(13,2)	(13,3)	(14,2)	(14,3)	(15,2)	(15,3)	(16,2)	(16,3)	(17,2)	(17,3)	(18,2)	(18,3)	(19,2)	(19,3)	(20,1)	
(8,12):(5,1)	(6,2)	(6,3)	(6,4)	(6,5)	(6,12)	(7,2)	(7,3)	(7,4)	(7,5)	(7,6)	(7,7)	(7,8)	(7,9)	(7,10)	(7,11)	(8,2)	(8,3)	(8,12)	
(6,12):(6,2)	(6,3)	(6,4)	(6,5)	(6,12)	(7,2)	(7,3)	(7,4)	(7,5)	(7,6)	(7,7)	(7,8)	(7,9)	(7,10)	(7,11)	(8,2)	(8,3)	(8,12)	
(6,5):(3,2)	(4,3)	(4,4)	(4,5)	(5,1)	(5,2)	(5,3)	(5,4)	(6,2)	(6,3)	(6,4)	(6,5)	(6,12)	(7,2)	(7,3)	(7,4)	(7,5)	(7,6)	(7,7)	(7,8)	(7,9)	(7,10)	(7,11)	(8,2)	(8,3)	(8,12)	(9,2)	
(4,5):(4,3)	(4,4)	(4,5)	(5,2)	(5,3)	(5,4)	(6,2)	(6,3)	(6,4)	(6,5)	(7,2)	(7,3)	(7,4)	(7,5)	(8,2)	(8,3)	(9,2)	(10,2)	
(4,4):(3,2)	(3,4)	(4,3)	(4,4)	(4,5)	(5,2)	(5,3)	(5,4)	(6,2)	(6,3)	(6,4)	(6,5)	(7,2)	(7,3)	(7,4)	(7,5)	(8,2)	(8,3)	(9,2)	(10,2)	(11,2)	(12,2)	
(3,4):(3,2)	(3,4)	(4,3)	(4,4)	(5,2)	(5,3)	(5,4)	(6,2)	(6,3)	(6,4)	(7,2)	(7,3)	(7,4)	(8,2)	(8,3)	(9,2)	(10,2)	(11,2)	(12,2)	(13,2)	
(3,2):(3,2)	(3,4)	(4,3)	(4,4)	(5,2)	(5,3)	(5,4)	(6,2)	(6,3)	(6,4)	(6,5)	(7,2)	(7,3)	(7,4)	(7,5)	(7,6)	(8,2)	(8,3)	(9,2)	(10,2)	(10,3)	(11,2)	(11,3)	(12,2)	(12,3)	(13,2)	(13,3)	(14,2)	(14,3)	(15,2)	(15,3)	(16,2)	(16,3)	(17,2)	(17,3)	(17,4)	(18,2)	(18,3)	(18,4)	(19,2)	(19,3)	(19,4)	
(5,2):(3,2)	(3,4)	(4,3)	(4,4)	(4,5)	(5,1)	(5,2)	(5,3)	(5,4)	(6,2)	(6,3)	(6,4)	(6,5)	(7,2)	(7,3)	(7,4)	(7,5)	(7,6)	(7,7)	(7,8)	(8,2)	(8,3)	(9,2)	(10,2)	(10,3)	(11,2)	(11,3)	(12,2)	(12,3)	(13,2)	(13,3)	(14,2)	(14,3)	(15,2)	(15,3)	(15,4)	(16,2)	(16,3)	(16,4)	(17,2)	(17,3)	(17,4)	(18,2)	(18,3)	(18,4)	(19,2)	(19,3)	(19,4)	(20,1)	
(5,1):(5,1)	(5,2)	(5,3)	(5,4)	(6,2)	(6,3)	(6,4)	(6,5)	(7,2)	(7,3)	(7,4)	(7,5)	(7,6)	(7,7)	(7,8)	(7,9)	(8,2)	(8,3)	(8,12)	(9,2)	(10,2)	(10,3)	(11,2)	(11,3)	(12,2)	(12,3)	(13,2)	(13,3)	(13,4)	(14,2)	(14,3)	(14,4)	(15,2)	(15,3)	(15,4)	(15,5)	(16,2)	(16,3)	(16,4)	(16,5)	(17,2)	(17,3)	(17,4)	(17,5)	(18,2)	(18,3)	(18,4)	(18,5)	(18,6)	(19,2)	(19,3)	(19,4)	(19,5)	(19,6)	(20,1)	(20,7)	
(20,1):(4,3)	(5,1)	(5,2)	(5,3)	(6,2)	(6,3)	(7,2)	(7,3)	(8,2)	(8,3)	(9,2)	(10,2)	(10,3)	(10,8)	(11,2)	(11,3)	(11,4)	(11,5)	(11,6)	(11,7)	(12,2)	(12,3)	(12,4)	(12,5)	(12,6)	(13,2)	(13,3)	(13,4)	(13,5)	(13,6)	(14,2)	(14,3)	(14,4)	(14,5)	(15,2)	(15,3)	(15,4)	(15,5)	(15,6)	(16,2)	(16,3)	(16,4)	(16,5)	(16,6)	(16,7)	(16,8)	(16,9)	(16,10)	(16,11)	(16,12)	(16,13)	(16,14)	(17,2)	(17,3)	(17,4)	(17,5)	(17,6)	(17,7)	(17,8)	(17,9)	(17,10)	(17,11)	(18,2)	(18,3)	(18,4)	(18,5)	(18,6)	(18,7)	(18,8)	(18,9)	(18,10)	(19,2)	(19,3)	(19,4)	(19,5)	(19,6)	(19,7)	(19,8)	(19,9)	(19,10)	(20,1)	(20,7)	(20,8)	(20,9)	
(20,7):(5,1)	(8,2)	(9,2)	(10,2)	(10,3)	(11,2)	(11,3)	(11,4)	(11,5)	(12,2)	(12,3)	(12,4)	(12,5)	(13,2)	(13,3)	(13,4)	(13,5)	(14,2)	(14,3)	(14,4)	(14,5)	(15,2)	(15,3)	(15,4)	(15,5)	(15,6)	(16,2)	(16,3)	(16,4)	(16,5)	(16,6)	(16,7)	(16,8)	(16,9)	(16,10)	(16,11)	(16,12)	(17,2)	(17,3)	(17,4)	(17,5)	(17,6)	(17,7)	(17,8)	(17,9)	(17,10)	(17,11)	(18,2)	(18,3)	(18,4)	(18,5)	(18,6)	(18,7)	(18,8)	(18,9)	(18,10)	(19,2)	(19,3)	(19,4)	(19,5)	(19,6)	(19,7)	(19,8)	(19,9)	(19,10)	(20,1)	(20,7)	(20,8)	(20,9)	(21,8)	(21,9)	(22,8)	(22,9)	(23,8)	(23,9)	(24,8)	(24,9)	(25,8)	(25,9)	(25,10)	(26,8)	(26,9)	(26,10)	(27,7)	(27,9)	(27,10)	(27,11)	(28,10)	(28,11)	
(27,7):(16,7)	(16,8)	(16,9)	(16,10)	(16,11)	(17,7)	(17,8)	(17,9)	(17,10)	(18,7)	(18,8)	(18,9)	(18,10)	(19,7)	(19,8)	(19,9)	(19,10)	(20,7)	(20,8)	(20,9)	(21,8)	(21,9)	(22,8)	(22,9)	(23,8)	(23,9)	(24,8)	(24,9)	(25,8)	(25,9)	(25,10)	(25,17)	(26,8)	(26,9)	(26,10)	(26,11)	(26,12)	(26,13)	(26,14)	(26,15)	(26,16)	(26,17)	(26,18)	(27,7)	(27,9)	(27,10)	(27,11)	(27,12)	(27,13)	(27,14)	(27,15)	(27,16)	(27,17)	
(27,9):(11,5)	(12,5)	(13,5)	(15,6)	(16,6)	(16,7)	(16,8)	(16,9)	(16,10)	(17,7)	(17,8)	(17,9)	(17,10)	(18,7)	(18,8)	(18,9)	(18,10)	(19,7)	(19,8)	(19,9)	(19,10)	(20,7)	(20,8)	(20,9)	(21,8)	(21,9)	(22,8)	(22,9)	(23,8)	(23,9)	(24,8)	(24,9)	(25,8)	(25,9)	(25,10)	(25,17)	(26,8)	(26,9)	(26,10)	(26,11)	(26,12)	(26,13)	(26,14)	(26,15)	(26,16)	(26,17)	(26,18)	(27,7)	(27,9)	(27,10)	(27,11)	(27,12)	(27,13)	(27,14)	(27,15)	(27,16)	(27,17)	(28,10)	(28,11)	(28,12)	(28,13)	(28,14)	(28,15)	(28,16)	(28,17)	(29,9)	(29,15)	(29,16)	(29,17)	(30,18)	
(29,9):(16,9)	(16,10)	(17,9)	(17,10)	(18,9)	(18,10)	(19,9)	(19,10)	(20,9)	(21,9)	(22,9)	(23,9)	(24,9)	(25,9)	(25,10)	(25,17)	(26,9)	(26,10)	(26,11)	(26,12)	(26,13)	(26,14)	(26,15)	(26,16)	(26,17)	(26,18)	(27,9)	(27,10)	(27,11)	(27,12)	(27,13)	(27,14)	(27,15)	(27,16)	(27,17)	(28,10)	(28,11)	(28,12)	(28,13)	(28,14)	(28,15)	(28,16)	(28,17)	(29,9)	(29,15)	(29,16)	(29,17)	
(29,15):(24,8)	(25,8)	(25,9)	(25,10)	(25,17)	(26,8)	(26,9)	(26,10)	(26,11)	(26,12)	(26,13)	(26,14)	(26,15)	(26,16)	(26,17)	(26,18)	(27,9)	(27,10)	(27,11)	(27,12)	(27,13)	(27,14)	(27,15)	(27,16)	(27,17)	(28,10)	(28,11)	(28,12)	(28,13)	(28,14)	(28,15)	(28,16)	(28,17)	(29,9)	(29,15)	(29,16)	(29,17)	(30,16)	(30,17)	(30,18)	(31,15)	(31,16)	(31,17)	(31,18)	(31,19)	(31,20)	(31,21)	
(31,15):(25,17)	(26,15)	(26,16)	(26,17)	(26,18)	(27,15)	(27,16)	(27,17)	(28,15)	(28,16)	(28,17)	(29,15)	(29,16)	(29,17)	(29,27)	(29,28)	(30,16)	(30,17)	(30,18)	(30,21)	(30,22)	(30,23)	(30,24)	(30,25)	(30,26)	(30,27)	(30,28)	(31,15)	(31,16)	(31,17)	(31,18)	(31,19)	(31,20)	(31,21)	(31,22)	(31,23)	(31,24)	(31,25)	(31,26)	(31,27)	(31,28)	
(31,16):(25,17)	(26,14)	(26,15)	(26,16)	(26,17)	(26,18)	(27,14)	(27,15)	(27,16)	(27,17)	(28,15)	(28,16)	(28,17)	(29,15)	(29,16)	(29,17)	(29,26)	(29,27)	(29,28)	(30,16)	(30,17)	(30,18)	(30,21)	(30,22)	(30,23)	(30,24)	(30,25)	(30,26)	(30,27)	(30,28)	(31,15)	(31,16)	(31,17)	(31,18)	(31,19)	(31,20)	(31,21)	(31,22)	(31,23)	(31,24)	(31,25)	(31,26)	(31,27)	(31,28)	(32,16)	(32,28)	
(32,16):(25,17)	(26,16)	(26,17)	(26,18)	(27,16)	(27,17)	(28,16)	(28,17)	(28,26)	(28,27)	(28,28)	(29,16)	(29,17)	(29,24)	(29,25)	(29,26)	(29,27)	(29,28)	(30,16)	(30,17)	(30,18)	(30,21)	(30,22)	(30,23)	(30,24)	(30,25)	(30,26)	(30,27)	(30,28)	(31,16)	(31,17)	(31,18)	(31,19)	(31,20)	(31,21)	(31,22)	(31,23)	(31,24)	(31,25)	(31,26)	(31,27)	(31,28)	(32,16)	(32,28)	
(32,28):(22,26)	(23,24)	(23,26)	(24,25)	(24,26)	(24,27)	(24,29)	(25,25)	(25,26)	(25,27)	(25,28)	(26,25)	(26,26)	(26,27)	(26,28)	(27,25)	(27,26)	(27,27)	(27,28)	(28,21)	(28,24)	(28,25)	(28,26)	(28,27)	(28,28)	(29,22)	(29,23)	(29,24)	(29,25)	(29,26)	(29,27)	(29,28)	(30,16)	(30,17)	(30,18)	(30,21)	(30,22)	(30,23)	(30,24)	(30,25)	(30,26)	(30,27)	(30,28)	(31,16)	(31,17)	(31,18)	(31,19)	(31,20)	(31,21)	(31,22)	(31,23)	(31,24)	(31,25)	(31,26)	(31,27)	(31,28)	(32,16)	(32,28)	(33,29)	(34,29)	(34,30)	(35,28)	(35,30)	
(35,28):(24,29)	(25,28)	(26,28)	(27,28)	(28,28)	(29,28)	(30,28)	(31,28)	(32,28)	(33,29)	(34,29)	(34,30)	(35,28)	(35,30)	
(35,30):(23,24)	(25,25)	(26,25)	(27,25)	(27,26)	(28,26)	(29,26)	(29,27)	(30,27)	(31,28)	(32,28)	(33,29)	(34,29)	(34,30)	(35,28)	(35,30)	
(34,30):9.625000
(34,35):22.429487
(18,35):25.033333
(18,33):33.277779
(9,33):24.000000
(9,32):26.500000
(7,32):14.000000
(7,31):25.818182
(21,31):32.000000
(21,34):31.000000
(33,34):22.500000
(33,29):45.555557
(24,29):53.000000
(24,27):52.881943
(22,27):30.000000
(22,26):24.645454
(23,26):47.799999
(23,24):44.333332
(28,24):59.299999
(28,21):32.285713
(30,21):51.476189
(30,18):65.120834
(26,18):37.000000
(26,17):48.142857
(25,17):41.000000
(25,10):99.789284
(19,10):85.500000
(19,11):50.000000
(17,11):67.500000
(17,14):29.125000
(16,14):49.062500
(16,19):18.961538
(15,19):34.900002
(15,6):109.133331
(13,6):84.062500
(13,20):47.541668
(14,20):21.750000
(14,25):52.016666
(2,25):37.500000
(2,23):37.500000
(1,23):13.450000
(1,22):35.000000
(11,22):62.562500
(11,13):27.250000
(12,13):40.071430
(12,8):46.091667
(10,8):39.666668
(10,3):90.449997
(8,3):55.000000
(8,12):24.250000
(6,12):22.444445
(6,5):32.750000
(4,5):18.833334
(4,4):25.750000
(3,4):22.500000
(3,2):34.892857
(5,2):57.000000
(5,1):63.875000
(20,1):97.369446
(20,7):106.228569
(27,7):54.000000
(27,9):77.660713
(29,9):45.799999
(29,15):55.683334
(31,15):33.333332
(31,16):51.441666
(32,16):47.799999
(32,28):72.108330
(35,28):14.000000
(35,30):13.000000
(34,30),(34,35):7.208333
(34,30),(18,35):1.158333
(34,30),(18,33):0.000000
(34,30),(9,33):0.000000
(34,30),(9,32):0.000000
(34,30),(7,32):0.000000
(34,30),(7,31):0.000000
(34,30),(21,31):0.000000
(34,30),(21,34):1.125000
(34,30),(33,34):7.625000
(34,30),(33,29):9.500000
(34,30),(24,29):2.500000
(34,30),(24,27):2.381944
(34,30),(22,27):0.000000
(34,30),(22,26):2.145455
(34,30),(23,26):2.100000
(34,30),(23,24):1.500000
(34,30),(28,24):0.000000
(34,30),(28,21):0.000000
(34,30),(30,21):0.000000
(34,30),(30,18):0.000000
(34,30),(26,18):0.000000
(34,30),(26,17):0.000000
(34,30),(25,17):0.000000
(34,30),(25,10):0.000000
(34,30),(19,10):0.000000
(34,30),(19,11):0.000000
(34,30),(17,11):0.000000
(34,30),(17,14):0.000000
(34,30),(16,14):0.000000
(34,30),(16,19):0.000000
(34,30),(15,19):0.000000
(34,30),(15,6):0.000000
(34,30),(13,6):0.000000
(34,30),(13,20):0.000000
(34,30),(14,20):0.000000
(34,30),(14,25):0.000000
(34,30),(2,25):0.000000
(34,30),(2,23):0.000000
(34,30),(1,23):0.000000
(34,30),(1,22):0.000000
(34,30),(11,22):0.000000
(34,30),(11,13):0.000000
(34,30),(12,13):0.000000
(34,30),(12,8):0.000000
(34,30),(10,8):0.000000
(34,30),(10,3):0.000000
(34,30),(8,3):0.000000
(34,30),(8,12):0.000000
(34,30),(6,12):0.000000
(34,30),(6,5):0.000000
(34,30),(4,5):0.000000
(34,30),(4,4):0.000000
(34,30),(3,4):0.000000
(34,30),(3,2):0.000000
(34,30),(5,2):0.000000
(34,30),(5,1):0.000000
(34,30),(20,1):0.000000
(34,30),(20,7):0.000000
(34,30),(27,7):0.000000
(34,30),(27,9):0.000000
(34,30),(29,9):0.000000
(34,30),(29,15):0.000000
(34,30),(31,15):0.000000
(34,30),(31,16):0.000000
(34,30),(32,16):0.000000
(34,30),(32,28):4.000000
(34,30),(35,28):5.500000
(34,30),(35,30):4.500000
(34,35),(18,35):16.379488
(34,35),(18,33):4.846154
(34,35),(9,33):0.000000
(34,35),(9,32):0.000000
(34,35),(7,32):0.000000
(34,35),(7,31):0.000000
(34,35),(21,31):3.346154
(34,35),(21,34):16.346153
(34,35),(33,34):22.000000
(34,35),(33,29):7.083333
(34,35),(24,29):1.083333
(34,35),(24,27):0.988771
(34,35),(22,27):0.000000
(34,35),(22,26):0.891536
(34,35),(23,26):0.869017
(34,35),(23,24):0.611111
(34,35),(28,24):0.000000
(34,35),(28,21):0.000000
(34,35),(30,21):0.000000
(34,35),(30,18):0.000000
(34,35),(26,18):0.000000
(34,35),(26,17):0.000000
(34,35),(25,17):0.000000
(34,35),(25,10):0.000000
(34,35),(19,10):0.000000
(34,35),(19,11):0.000000
(34,35),(17,11):0.000000
(34,35),(17,14):0.000000
(34,35),(16,14):0.000000
(34,35),(16,19):0.000000
(34,35),(15,19):0.000000
(34,35),(15,6):0.000000
(34,35),(13,6):0.000000
(34,35),(13,20):0.000000
(34,35),(14,20):0.000000
(34,35),(14,25):0.000000
(34,35),(2,25):0.000000
(34,35),(2,23):0.000000
(34,35),(1,23):0.000000
(34,35),(1,22):0.000000
(34,35),(11,22):0.000000
(34,35),(11,13):0.000000
(34,35),(12,13):0.000000
(34,35),(12,8):0.000000
(34,35),(10,8):0.000000
(34,35),(10,3):0.000000
(34,35),(8,3):0.000000
(34,35),(8,12):0.000000
(34,35),(6,12):0.000000
(34,35),(6,5):0.000000
(34,35),(4,5):0.000000
(34,35),(4,4):0.000000
(34,35),(3,4):0.000000
(34,35),(3,2):0.000000
(34,35),(5,2):0.000000
(34,35),(5,1):0.000000
(34,35),(20,1):0.000000
(34,35),(20,7):0.000000
(34,35),(27,7):0.000000
(34,35),(27,9):0.000000
(34,35),(29,9):0.000000
(34,35),(29,15):0.000000
(34,35),(31,15):0.000000
(34,35),(31,16):0.000000
(34,35),(32,16):0.000000
(34,35),(32,28):1.583333
(34,35),(35,28):3.083333
(34,35),(35,30):2.083333
(18,35),(18,33):13.500000
(18,35),(9,33):6.000000
(18,35),(9,32):6.500000
(18,35),(7,32):3.000000
(18,35),(7,31):6.818182
(18,35),(21,31):12.000000
(18,35),(21,34):25.000000
(18,35),(33,34):16.033333
(18,35),(33,29):1.033333
(18,35),(24,29):0.000000
(18,35),(24,27):0.000000
(18,35),(22,27):0.000000
(18,35),(22,26):0.000000
(18,35),(23,26):0.000000
(18,35),(23,24):0.000000
(18,35),(28,24):0.000000
(18,35),(28,21):0.000000
(18,35),(30,21):0.000000
(18,35),(30,18):0.000000
(18,35),(26,18):0.000000
(18,35),(26,17):0.000000
(18,35),(25,17):0.000000
(18,35),(25,10):0.000000
(18,35),(19,10):0.000000
(18,35),(19,11):0.000000
(18,35),(17,11):0.000000
(18,35),(17,14):0.000000
(18,35),(16,14):0.000000
(18,35),(16,19):0.000000
(18,35),(15,19):0.000000
(18,35),(15,6):0.000000
(18,35),(13,6):0.000000
(18,35),(13,20):0.000000
(18,35),(14,20):0.000000
(18,35),(14,25):0.000000
(18,35),(2,25):0.000000
(18,35),(2,23):0.000000
(18,35),(1,23):0.000000
(18,35),(1,22):0.000000
(18,35),(11,22):0.000000
(18,35),(11,13):0.000000
(18,35),(12,13):0.000000
(18,35),(12,8):0.000000
(18,35),(10,8):0.000000
(18,35),(10,3):0.000000
(18,35),(8,3):0.000000
(18,35),(8,12):0.000000
(18,35),(6,12):0.000000
(18,35),(6,5):0.000000
(18,35),(4,5):0.000000
(18,35),(4,4):0.000000
(18,35),(3,4):0.000000
(18,35),(3,2):0.000000
(18,35),(5,2):0.000000
(18,35),(5,1):0.000000
(18,35),(20,1):0.000000
(18,35),(20,7):0.000000
(18,35),(27,7):0.000000
(18,35),(27,9):0.000000
(18,35),(29,9):0.000000
(18,35),(29,15):0.000000
(18,35),(31,15):0.000000
(18,35),(31,16):0.000000
(18,35),(32,16):0.000000
(18,35),(32,28):0.000000
(18,35),(35,28):0.000000
(18,35),(35,30):0.000000
(18,33),(9,33):24.000000
(18,33),(9,32):26.277779
(18,33),(7,32):13.777778
(18,33),(7,31):25.595959
(18,33),(21,31):31.777779
(18,33),(21,34):19.500000
(18,33),(33,34):4.500000
(18,33),(33,29):0.000000
(18,33),(24,29):0.000000
(18,33),(24,27):0.000000
(18,33),(22,27):0.000000
(18,33),(22,26):0.000000
(18,33),(23,26):0.000000
(18,33),(23,24):0.000000
(18,33),(28,24):0.000000
(18,33),(28,21):0.000000
(18,33),(30,21):0.000000
(18,33),(30,18):0.000000
(18,33),(26,18):0.000000
(18,33),(26,17):0.000000
(18,33),(25,17):0.000000
(18,33),(25,10):0.000000
(18,33),(19,10):0.000000
(18,33),(19,11):0.000000
(18,33),(17,11):0.000000
(18,33),(17,14):0.000000
(18,33),(16,14):0.000000
(18,33),(16,19):0.000000
(18,33),(15,19):0.000000
(18,33),(15,6):0.000000
(18,33),(13,6):0.000000
(18,33),(13,20):0.000000
(18,33),(14,20):0.000000
(18,33),(14,25):0.000000
(18,33),(2,25):0.000000
(18,33),(2,23):0.000000
(18,33),(1,23):0.000000
(18,33),(1,22):0.000000
(18,33),(11,22):0.000000
(18,33),(11,13):0.000000
(18,33),(12,13):0.000000
(18,33),(12,8):0.000000
(18,33),(10,8):0.000000
(18,33),(10,3):0.000000
(18,33),(8,3):0.000000
(18,33),(8,12):0.000000
(18,33),(6,12):0.000000
(18,33),(6,5):0.000000
(18,33),(4,5):0.000000
(18,33),(4,4):0.000000
(18,33),(3,4):0.000000
(18,33),(3,2):0.000000
(18,33),(5,2):0.000000
(18,33),(5,1):0.000000
(18,33),(20,1):0.000000
(18,33),(20,7):0.000000
(18,33),(27,7):0.000000
(18,33),(27,9):0.000000
(18,33),(29,9):0.000000
(18,33),(29,15):0.000000
(18,33),(31,15):0.000000
(18,33),(31,16):0.000000
(18,33),(32,16):0.000000
(18,33),(32,28):0.000000
(18,33),(35,28):0.000000
(18,33),(35,30):0.000000
(9,33),(9,32):24.000000
(9,33),(7,32):12.000000
(9,33),(7,31):23.000000
(9,33),(21,31):24.000000
(9,33),(21,34):12.000000
(9,33),(33,34):0.000000
(9,33),(33,29):0.000000
(9,33),(24,29):0.000000
(9,33),(24,27):0.000000
(9,33),(22,27):0.000000
(9,33),(22,26):0.000000
(9,33),(23,26):0.000000
(9,33),(23,24):0.000000
(9,33),(28,24):0.000000
(9,33),(28,21):0.000000
(9,33),(30,21):0.000000
(9,33),(30,18):0.000000
(9,33),(26,18):0.000000
(9,33),(26,17):0.000000
(9,33),(25,17):0.000000
(9,33),(25,10):0.000000
(9,33),(19,10):0.000000
(9,33),(19,11):0.000000
(9,33),(17,11):0.000000
(9,33),(17,14):0.000000
(9,33),(16,14):0.000000
(9,33),(16,19):0.000000
(9,33),(15,19):0.000000
(9,33),(15,6):0.000000
(9,33),(13,6):0.000000
(9,33),(13,20):0.000000
(9,33),(14,20):0.000000
(9,33),(14,25):0.000000
(9,33),(2,25):0.000000
(9,33),(2,23):0.000000
(9,33),(1,23):0.000000
(9,33),(1,22):0.000000
(9,33),(11,22):0.000000
(9,33),(11,13):0.000000
(9,33),(12,13):0.000000
(9,33),(12,8):0.000000
(9,33),(10,8):0.000000
(9,33),(10,3):0.000000
(9,33),(8,3):0.000000
(9,33),(8,12):0.000000
(9,33),(6,12):0.000000
(9,33),(6,5):0.000000
(9,33),(4,5):0.000000
(9,33),(4,4):0.000000
(9,33),(3,4):0.000000
(9,33),(3,2):0.000000
(9,33),(5,2):0.000000
(9,33),(5,1):0.000000
(9,33),(20,1):0.000000
(9,33),(20,7):0.000000
(9,33),(27,7):0.000000
(9,33),(27,9):0.000000
(9,33),(29,9):0.000000
(9,33),(29,15):0.000000
(9,33),(31,15):0.000000
(9,33),(31,16):0.000000
(9,33),(32,16):0.000000
(9,33),(32,28):0.000000
(9,33),(35,28):0.000000
(9,33),(35,30):0.000000
(9,32),(7,32):14.000000
(9,32),(7,31):25.500000
(9,32),(21,31):26.500000
(9,32),(21,34):12.500000
(9,32),(33,34):0.000000
(9,32),(33,29):0.000000
(9,32),(24,29):0.000000
(9,32),(24,27):0.000000
(9,32),(22,27):0.000000
(9,32),(22,26):0.000000
(9,32),(23,26):0.000000
(9,32),(23,24):0.000000
(9,32),(28,24):0.000000
(9,32),(28,21):0.000000
(9,32),(30,21):0.000000
(9,32),(30,18):0.000000
(9,32),(26,18):0.000000
(9,32),(26,17):0.000000
(9,32),(25,17):0.000000
(9,32),(25,10):0.000000
(9,32),(19,10):0.000000
(9,32),(19,11):0.000000
(9,32),(17,11):0.000000
(9,32),(17,14):0.000000
(9,32),(16,14):0.000000
(9,32),(16,19):0.000000
(9,32),(15,19):0.000000
(9,32),(15,6):0.000000
(9,32),(13,6):0.000000
(9,32),(13,20):0.000000
(9,32),(14,20):0.000000
(9,32),(14,25):0.000000
(9,32),(2,25):0.000000
(9,32),(2,23):0.000000
(9,32),(1,23):0.000000
(9,32),(1,22):0.000000
(9,32),(11,22):0.000000
(9,32),(11,13):0.000000
(9,32),(12,13):0.000000
(9,32),(12,8):0.000000
(9,32),(10,8):0.000000
(9,32),(10,3):0.000000
(9,32),(8,3):0.000000
(9,32),(8,12):0.000000
(9,32),(6,12):0.000000
(9,32),(6,5):0.000000
(9,32),(4,5):0.000000
(9,32),(4,4):0.000000
(9,32),(3,4):0.000000
(9,32),(3,2):0.000000
(9,32),(5,2):0.000000
(9,32),(5,1):0.000000
(9,32),(20,1):0.000000
(9,32),(20,7):0.000000
(9,32),(27,7):0.000000
(9,32),(27,9):0.000000
(9,32),(29,9):0.000000
(9,32),(29,15):0.000000
(9,32),(31,15):0.000000
(9,32),(31,16):0.000000
(9,32),(32,16):0.000000
(9,32),(32,28):0.000000
(9,32),(35,28):0.000000
(9,32),(35,30):0.000000
(7,32),(7,31):14.000000
(7,32),(21,31):14.000000
(7,32),(21,34):7.500000
(7,32),(33,34):0.000000
(7,32),(33,29):0.000000
(7,32),(24,29):0.000000
(7,32),(24,27):0.000000
(7,32),(22,27):0.000000
(7,32),(22,26):0.000000
(7,32),(23,26):0.000000
(7,32),(23,24):0.000000
(7,32),(28,24):0.000000
(7,32),(28,21):0.000000
(7,32),(30,21):0.000000
(7,32),(30,18):0.000000
(7,32),(26,18):0.000000
(7,32),(26,17):0.000000
(7,32),(25,17):0.000000
(7,32),(25,10):0.000000
(7,32),(19,10):0.000000
(7,32),(19,11):0.000000
(7,32),(17,11):0.000000
(7,32),(17,14):0.000000
(7,32),(16,14):0.000000
(7,32),(16,19):0.000000
(7,32),(15,19):0.000000
(7,32),(15,6):0.000000
(7,32),(13,6):0.000000
(7,32),(13,20):0.000000
(7,32),(14,20):0.000000
(7,32),(14,25):0.000000
(7,32),(2,25):0.000000
(7,32),(2,23):0.000000
(7,32),(1,23):0.000000
(7,32),(1,22):0.000000
(7,32),(11,22):0.000000
(7,32),(11,13):0.000000
(7,32),(12,13):0.000000
(7,32),(12,8):0.000000
(7,32),(10,8):0.000000
(7,32),(10,3):0.000000
(7,32),(8,3):0.000000
(7,32),(8,12):0.000000
(7,32),(6,12):0.000000
(7,32),(6,5):0.000000
(7,32),(4,5):0.000000
(7,32),(4,4):0.000000
(7,32),(3,4):0.000000
(7,32),(3,2):0.000000
(7,32),(5,2):0.000000
(7,32),(5,1):0.000000
(7,32),(20,1):0.000000
(7,32),(20,7):0.000000
(7,32),(27,7):0.000000
(7,32),(27,9):0.000000
(7,32),(29,9):0.000000
(7,32),(29,15):0.000000
(7,32),(31,15):0.000000
(7,32),(31,16):0.000000
(7,32),(32,16):0.000000
(7,32),(32,28):0.000000
(7,32),(35,28):0.000000
(7,32),(35,30):0.000000
(7,31),(21,31):25.818182
(7,31),(21,34):12.818182
(7,31),(33,34):0.000000
(7,31),(33,29):0.000000
(7,31),(24,29):0.000000
(7,31),(24,27):0.000000
(7,31),(22,27):0.000000
(7,31),(22,26):0.000000
(7,31),(23,26):0.000000
(7,31),(23,24):0.000000
(7,31),(28,24):0.000000
(7,31),(28,21):0.000000
(7,31),(30,21):0.000000
(7,31),(30,18):0.000000
(7,31),(26,18):0.000000
(7,31),(26,17):0.000000
(7,31),(25,17):0.000000
(7,31),(25,10):0.000000
(7,31),(19,10):0.000000
(7,31),(19,11):0.000000
(7,31),(17,11):0.000000
(7,31),(17,14):0.000000
(7,31),(16,14):0.000000
(7,31),(16,19):0.000000
(7,31),(15,19):0.000000
(7,31),(15,6):0.000000
(7,31),(13,6):0.000000
(7,31),(13,20):0.000000
(7,31),(14,20):0.000000
(7,31),(14,25):0.000000
(7,31),(2,25):0.000000
(7,31),(2,23):0.000000
(7,31),(1,23):0.000000
(7,31),(1,22):0.000000
(7,31),(11,22):0.000000
(7,31),(11,13):0.000000
(7,31),(12,13):0.000000
(7,31),(12,8):0.000000
(7,31),(10,8):0.000000
(7,31),(10,3):0.000000
(7,31),(8,3):0.000000
(7,31),(8,12):0.000000
(7,31),(6,12):0.000000
(7,31),(6,5):0.000000
(7,31),(4,5):0.000000
(7,31),(4,4):0.000000
(7,31),(3,4):0.000000
(7,31),(3,2):0.000000
(7,31),(5,2):0.000000
(7,31),(5,1):0.000000
(7,31),(20,1):0.000000
(7,31),(20,7):0.000000
(7,31),(27,7):0.000000
(7,31),(27,9):0.000000
(7,31),(29,9):0.000000
(7,31),(29,15):0.000000
(7,31),(31,15):0.000000
(7,31),(31,16):0.000000
(7,31),(32,16):0.000000
(7,31),(32,28):0.000000
(7,31),(35,28):0.000000
(7,31),(35,30):0.000000
(21,31),(21,34):18.000000
(21,31),(33,34):3.000000
(21,31),(33,29):0.000000
(21,31),(24,29):0.000000
(21,31),(24,27):0.000000
(21,31),(22,27):0.000000
(21,31),(22,26):0.000000
(21,31),(23,26):0.000000
(21,31),(23,24):0.000000
(21,31),(28,24):0.000000
(21,31),(28,21):0.000000
(21,31),(30,21):0.000000
(21,31),(30,18):0.000000
(21,31),(26,18):0.000000
(21,31),(26,17):0.000000
(21,31),(25,17):0.000000
(21,31),(25,10):0.000000
(21,31),(19,10):0.000000
(21,31),(19,11):0.000000
(21,31),(17,11):0.000000
(21,31),(17,14):0.000000
(21,31),(16,14):0.000000
(21,31),(16,19):0.000000
(21,31),(15,19):0.000000
(21,31),(15,6):0.000000
(21,31),(13,6):0.000000
(21,31),(13,20):0.000000
(21,31),(14,20):0.000000
(21,31),(14,25):0.000000
(21,31),(2,25):0.000000
(21,31),(2,23):0.000000
(21,31),(1,23):0.000000
(21,31),(1,22):0.000000
(21,31),(11,22):0.000000
(21,31),(11,13):0.000000
(21,31),(12,13):0.000000
(21,31),(12,8):0.000000
(21,31),(10,8):0.000000
(21,31),(10,3):0.000000
(21,31),(8,3):0.000000
(21,31),(8,12):0.000000
(21,31),(6,12):0.000000
(21,31),(6,5):0.000000
(21,31),(4,5):0.000000
(21,31),(4,4):0.000000
(21,31),(3,4):0.000000
(21,31),(3,2):0.000000
(21,31),(5,2):0.000000
(21,31),(5,1):0.000000
(21,31),(20,1):0.000000
(21,31),(20,7):0.000000
(21,31),(27,7):0.000000
(21,31),(27,9):0.000000
(21,31),(29,9):0.000000
(21,31),(29,15):0.000000
(21,31),(31,15):0.000000
(21,31),(31,16):0.000000
(21,31),(32,16):0.000000
(21,31),(32,28):0.000000
(21,31),(35,28):0.000000
(21,31),(35,30):0.000000
(21,34),(33,34):16.000000
(21,34),(33,29):1.000000
(21,34),(24,29):0.000000
(21,34),(24,27):0.000000
(21,34),(22,27):0.000000
(21,34),(22,26):0.000000
(21,34),(23,26):0.000000
(21,34),(23,24):0.000000
(21,34),(28,24):0.000000
(21,34),(28,21):0.000000
(21,34),(30,21):0.000000
(21,34),(30,18):0.000000
(21,34),(26,18):0.000000
(21,34),(26,17):0.000000
(21,34),(25,17):0.000000
(21,34),(25,10):0.000000
(21,34),(19,10):0.000000
(21,34),(19,11):0.000000
(21,34),(17,11):0.000000
(21,34),(17,14):0.000000
(21,34),(16,14):0.000000
(21,34),(16,19):0.000000
(21,34),(15,19):0.000000
(21,34),(15,6):0.000000
(21,34),(13,6):0.000000
(21,34),(13,20):0.000000
(21,34),(14,20):0.000000
(21,34),(14,25):0.000000
(21,34),(2,25):0.000000
(21,34),(2,23):0.000000
(21,34),(1,23):0.000000
(21,34),(1,22):0.000000
(21,34),(11,22):0.000000
(21,34),(11,13):0.000000
(21,34),(12,13):0.000000
(21,34),(12,8):0.000000
(21,34),(10,8):0.000000
(21,34),(10,3):0.000000
(21,34),(8,3):0.000000
(21,34),(8,12):0.000000
(21,34),(6,12):0.000000
(21,34),(6,5):0.000000
(21,34),(4,5):0.000000
(21,34),(4,4):0.000000
(21,34),(3,4):0.000000
(21,34),(3,2):0.000000
(21,34),(5,2):0.000000
(21,34),(5,1):0.000000
(21,34),(20,1):0.000000
(21,34),(20,7):0.000000
(21,34),(27,7):0.000000
(21,34),(27,9):0.000000
(21,34),(29,9):0.000000
(21,34),(29,15):0.000000
(21,34),(31,15):0.000000
(21,34),(31,16):0.000000
(21,34),(32,16):0.000000
(21,34),(32,28):0.000000
(21,34),(35,28):0.000000
(21,34),(35,30):0.000000
(33,34),(33,29):7.500000
(33,34),(24,29):1.375000
(33,34),(24,27):1.223186
(33,34),(22,27):0.000000
(33,34),(22,26):1.079230
(33,34),(23,26):1.046240
(33,34),(23,24):0.694444
(33,34),(28,24):0.000000
(33,34),(28,21):0.000000
(33,34),(30,21):0.000000
(33,34),(30,18):0.000000
(33,34),(26,18):0.000000
(33,34),(26,17):0.000000
(33,34),(25,17):0.000000
(33,34),(25,10):0.000000
(33,34),(19,10):0.000000
(33,34),(19,11):0.000000
(33,34),(17,11):0.000000
(33,34),(17,14):0.000000
(33,34),(16,14):0.000000
(33,34),(16,19):0.000000
(33,34),(15,19):0.000000
(33,34),(15,6):0.000000
(33,34),(13,6):0.000000
(33,34),(13,20):0.000000
(33,34),(14,20):0.000000
(33,34),(14,25):0.000000
(33,34),(2,25):0.000000
(33,34),(2,23):0.000000
(33,34),(1,23):0.000000
(33,34),(1,22):0.000000
(33,34),(11,22):0.000000
(33,34),(11,13):0.000000
(33,34),(12,13):0.000000
(33,34),(12,8):0.000000
(33,34),(10,8):0.000000
(33,34),(10,3):0.000000
(33,34),(8,3):0.000000
(33,34),(8,12):0.000000
(33,34),(6,12):0.000000
(33,34),(6,5):0.000000
(33,34),(4,5):0.000000
(33,34),(4,4):0.000000
(33,34),(3,4):0.000000
(33,34),(3,2):0.000000
(33,34),(5,2):0.000000
(33,34),(5,1):0.000000
(33,34),(20,1):0.000000
(33,34),(20,7):0.000000
(33,34),(27,7):0.000000
(33,34),(27,9):0.000000
(33,34),(29,9):0.000000
(33,34),(29,15):0.000000
(33,34),(31,15):0.000000
(33,34),(31,16):0.000000
(33,34),(32,16):0.000000
(33,34),(32,28):2.000000
(33,34),(35,28):3.500000
(33,34),(35,30):2.500000
(33,29),(24,29):35.000000
(33,29),(24,27):38.437500
(33,29),(22,27):18.055555
(33,29),(22,26):22.201010
(33,29),(23,26):36.155556
(33,29),(23,24):36.222221
(33,29),(28,24):35.855556
(33,29),(28,21):12.285714
(33,29),(30,21):20.476191
(33,29),(30,18):4.100000
(33,29),(26,18):0.000000
(33,29),(26,17):0.000000
(33,29),(25,17):0.000000
(33,29),(25,10):0.000000
(33,29),(19,10):0.000000
(33,29),(19,11):0.000000
(33,29),(17,11):0.000000
(33,29),(17,14):0.000000
(33,29),(16,14):0.000000
(33,29),(16,19):0.000000
(33,29),(15,19):0.000000
(33,29),(15,6):0.000000
(33,29),(13,6):0.000000
(33,29),(13,20):0.000000
(33,29),(14,20):0.000000
(33,29),(14,25):0.000000
(33,29),(2,25):0.000000
(33,29),(2,23):0.000000
(33,29),(1,23):0.000000
(33,29),(1,22):0.000000
(33,29),(11,22):0.000000
(33,29),(11,13):0.000000
(33,29),(12,13):0.000000
(33,29),(12,8):0.000000
(33,29),(10,8):0.000000
(33,29),(10,3):0.000000
(33,29),(8,3):0.000000
(33,29),(8,12):0.000000
(33,29),(6,12):0.000000
(33,29),(6,5):0.000000
(33,29),(4,5):0.000000
(33,29),(4,4):0.000000
(33,29),(3,4):0.000000
(33,29),(3,2):0.000000
(33,29),(5,2):0.000000
(33,29),(5,1):0.000000
(33,29),(20,1):0.000000
(33,29),(20,7):0.000000
(33,29),(27,7):0.000000
(33,29),(27,9):0.000000
(33,29),(29,9):0.000000
(33,29),(29,15):0.000000
(33,29),(31,15):6.047619
(33,29),(31,16):8.358334
(33,29),(32,16):13.228572
(33,29),(32,28):40.055557
(33,29),(35,28):14.000000
(33,29),(35,30):13.000000
(24,29),(24,27):48.437500
(24,29),(22,27):27.500000
(24,29),(22,26):22.100000
(24,29),(23,26):43.200001
(24,29),(23,24):40.458332
(24,29),(28,24):50.500000
(24,29),(28,21):28.685715
(24,29),(30,21):38.476189
(24,29),(30,18):17.600000
(24,29),(26,18):0.000000
(24,29),(26,17):0.000000
(24,29),(25,17):0.000000
(24,29),(25,10):0.849123
(24,29),(19,10):0.000000
(24,29),(19,11):0.000000
(24,29),(17,11):0.000000
(24,29),(17,14):0.000000
(24,29),(16,14):0.000000
(24,29),(16,19):0.000000
(24,29),(15,19):0.000000
(24,29),(15,6):0.000000
(24,29),(13,6):0.000000
(24,29),(13,20):0.000000
(24,29),(14,20):0.000000
(24,29),(14,25):0.000000
(24,29),(2,25):0.000000
(24,29),(2,23):0.000000
(24,29),(1,23):0.000000
(24,29),(1,22):0.000000
(24,29),(11,22):0.000000
(24,29),(11,13):0.000000
(24,29),(12,13):0.000000
(24,29),(12,8):0.000000
(24,29),(10,8):0.000000
(24,29),(10,3):0.000000
(24,29),(8,3):0.000000
(24,29),(8,12):0.000000
(24,29),(6,12):0.000000
(24,29),(6,5):0.000000
(24,29),(4,5):0.000000
(24,29),(4,4):0.000000
(24,29),(3,4):0.000000
(24,29),(3,2):0.000000
(24,29),(5,2):0.000000
(24,29),(5,1):0.000000
(24,29),(20,1):0.000000
(24,29),(20,7):0.000000
(24,29),(27,7):0.000000
(24,29),(27,9):0.000000
(24,29),(29,9):0.000000
(24,29),(29,15):2.941176
(24,29),(31,15):13.432017
(24,29),(31,16):23.908333
(24,29),(32,16):30.200001
(24,29),(32,28):53.000000
(24,29),(35,28):11.000000
(24,29),(35,30):10.750000
(24,27),(22,27):30.000000
(24,27),(22,26):24.544445
(24,27),(23,26):47.644444
(24,27),(23,24):43.777779
(24,27),(28,24):50.299999
(24,27),(28,21):26.285715
(24,27),(30,21):34.476189
(24,27),(30,18):14.600000
(24,27),(26,18):0.000000
(24,27),(26,17):0.000000
(24,27),(25,17):0.000000
(24,27),(25,10):0.008511
(24,27),(19,10):0.000000
(24,27),(19,11):0.000000
(24,27),(17,11):0.000000
(24,27),(17,14):0.000000
(24,27),(16,14):0.000000
(24,27),(16,19):0.000000
(24,27),(15,19):0.000000
(24,27),(15,6):0.000000
(24,27),(13,6):0.000000
(24,27),(13,20):0.000000
(24,27),(14,20):0.000000
(24,27),(14,25):0.000000
(24,27),(2,25):0.000000
(24,27),(2,23):0.000000
(24,27),(1,23):0.000000
(24,27),(1,22):0.000000
(24,27),(11,22):0.000000
(24,27),(11,13):0.000000
(24,27),(12,13):0.000000
(24,27),(12,8):0.000000
(24,27),(10,8):0.000000
(24,27),(10,3):0.000000
(24,27),(8,3):0.000000
(24,27),(8,12):0.000000
(24,27),(6,12):0.000000
(24,27),(6,5):0.000000
(24,27),(4,5):0.000000
(24,27),(4,4):0.000000
(24,27),(3,4):0.000000
(24,27),(3,2):0.000000
(24,27),(5,2):0.000000
(24,27),(5,1):0.000000
(24,27),(20,1):0.000000
(24,27),(20,7):0.000000
(24,27),(27,7):0.000000
(24,27),(27,9):0.000000
(24,27),(29,9):0.000000
(24,27),(29,15):1.200000
(24,27),(31,15):11.994047
(24,27),(31,16):20.676960
(24,27),(32,16):26.657143
(24,27),(32,28):52.631943
(24,27),(35,28):10.881945
(24,27),(35,30):10.881945
(22,27),(22,26):10.000000
(22,27),(23,26):29.200001
(22,27),(23,24):25.000000
(22,27),(28,24):29.799999
(22,27),(28,21):16.000000
(22,27),(30,21):19.000000
(22,27),(30,18):9.000000
(22,27),(26,18):0.000000
(22,27),(26,17):0.000000
(22,27),(25,17):0.000000
(22,27),(25,10):0.000000
(22,27),(19,10):0.000000
(22,27),(19,11):0.000000
(22,27),(17,11):0.000000
(22,27),(17,14):0.000000
(22,27),(16,14):0.000000
(22,27),(16,19):0.000000
(22,27),(15,19):0.000000
(22,27),(15,6):0.000000
(22,27),(13,6):0.000000
(22,27),(13,20):0.000000
(22,27),(14,20):0.000000
(22,27),(14,25):0.000000
(22,27),(2,25):0.000000
(22,27),(2,23):0.000000
(22,27),(1,23):0.000000
(22,27),(1,22):0.000000
(22,27),(11,22):0.000000
(22,27),(11,13):0.000000
(22,27),(12,13):0.000000
(22,27),(12,8):0.000000
(22,27),(10,8):0.000000
(22,27),(10,3):0.000000
(22,27),(8,3):0.000000
(22,27),(8,12):0.000000
(22,27),(6,12):0.000000
(22,27),(6,5):0.000000
(22,27),(4,5):0.000000
(22,27),(4,4):0.000000
(22,27),(3,4):0.000000
(22,27),(3,2):0.000000
(22,27),(5,2):0.000000
(22,27),(5,1):0.000000
(22,27),(20,1):0.000000
(22,27),(20,7):0.000000
(22,27),(27,7):0.000000
(22,27),(27,9):0.000000
(22,27),(29,9):0.000000
(22,27),(29,15):0.571429
(22,27),(31,15):6.886364
(22,27),(31,16):12.155556
(22,27),(32,16):15.200000
(22,27),(32,28):29.750000
(22,27),(35,28):0.000000
(22,27),(35,30):6.083333
(22,26),(23,26):24.545454
(22,26),(23,24):22.545454
(22,26),(28,24):22.299999
(22,26),(28,21):12.285714
(22,26),(30,21):17.059525
(22,26),(30,18):6.100000
(22,26),(26,18):0.000000
(22,26),(26,17):0.000000
(22,26),(25,17):0.000000
(22,26),(25,10):0.000000
(22,26),(19,10):0.000000
(22,26),(19,11):0.000000
(22,26),(17,11):0.000000
(22,26),(17,14):0.000000
(22,26),(16,14):0.000000
(22,26),(16,19):0.000000
(22,26),(15,19):0.000000
(22,26),(15,6):0.000000
(22,26),(13,6):0.000000
(22,26),(13,20):0.000000
(22,26),(14,20):0.000000
(22,26),(14,25):0.000000
(22,26),(2,25):0.000000
(22,26),(2,23):0.000000
(22,26),(1,23):0.000000
(22,26),(1,22):0.000000
(22,26),(11,22):0.000000
(22,26),(11,13):0.000000
(22,26),(12,13):0.000000
(22,26),(12,8):0.000000
(22,26),(10,8):0.000000
(22,26),(10,3):0.000000
(22,26),(8,3):0.000000
(22,26),(8,12):0.000000
(22,26),(6,12):0.000000
(22,26),(6,5):0.000000
(22,26),(4,5):0.000000
(22,26),(4,4):0.000000
(22,26),(3,4):0.000000
(22,26),(3,2):0.000000
(22,26),(5,2):0.000000
(22,26),(5,1):0.000000
(22,26),(20,1):0.000000
(22,26),(20,7):0.000000
(22,26),(27,7):0.000000
(22,26),(27,9):0.000000
(22,26),(29,9):0.000000
(22,26),(29,15):0.000000
(22,26),(31,15):6.250000
(22,26),(31,16):9.941667
(22,26),(32,16):13.500000
(22,26),(32,28):24.395454
(22,26),(35,28):7.645454
(22,26),(35,30):5.645454
(23,26),(23,24):42.599998
(23,26),(28,24):45.500000
(23,26),(28,21):23.485714
(23,26),(30,21):31.142857
(23,26),(30,18):12.500000
(23,26),(26,18):0.000000
(23,26),(26,17):0.000000
(23,26),(25,17):0.000000
(23,26),(25,10):0.000000
(23,26),(19,10):0.000000
(23,26),(19,11):0.000000
(23,26),(17,11):0.000000
(23,26),(17,14):0.000000
(23,26),(16,14):0.000000
(23,26),(16,19):0.000000
(23,26),(15,19):0.000000
(23,26),(15,6):0.000000
(23,26),(13,6):0.000000
(23,26),(13,20):0.000000
(23,26),(14,20):0.000000
(23,26),(14,25):0.000000
(23,26),(2,25):0.000000
(23,26),(2,23):0.000000
(23,26),(1,23):0.000000
(23,26),(1,22):0.000000
(23,26),(11,22):0.000000
(23,26),(11,13):0.000000
(23,26),(12,13):0.000000
(23,26),(12,8):0.000000
(23,26),(10,8):0.000000
(23,26),(10,3):0.000000
(23,26),(8,3):0.000000
(23,26),(8,12):0.000000
(23,26),(6,12):0.000000
(23,26),(6,5):0.000000
(23,26),(4,5):0.000000
(23,26),(4,4):0.000000
(23,26),(3,4):0.000000
(23,26),(3,2):0.000000
(23,26),(5,2):0.000000
(23,26),(5,1):0.000000
(23,26),(20,1):0.000000
(23,26),(20,7):0.000000
(23,26),(27,7):0.000000
(23,26),(27,9):0.000000
(23,26),(29,9):0.000000
(23,26),(29,15):0.376471
(23,26),(31,15):10.901191
(23,26),(31,16):18.315580
(23,26),(32,16):24.047619
(23,26),(32,28):47.549999
(23,26),(35,28):9.100000
(23,26),(35,30):10.600000
(23,24),(28,24):42.833332
(23,24),(28,21):20.285715
(23,24),(30,21):28.476191
(23,24),(30,18):10.100000
(23,24),(26,18):0.000000
(23,24),(26,17):0.000000
(23,24),(25,17):0.000000
(23,24),(25,10):0.000000
(23,24),(19,10):0.000000
(23,24),(19,11):0.000000
(23,24),(17,11):0.000000
(23,24),(17,14):0.000000
(23,24),(16,14):0.000000
(23,24),(16,19):0.000000
(23,24),(15,19):0.000000
(23,24),(15,6):0.000000
(23,24),(13,6):0.000000
(23,24),(13,20):0.000000
(23,24),(14,20):0.000000
(23,24),(14,25):0.000000
(23,24),(2,25):0.000000
(23,24),(2,23):0.000000
(23,24),(1,23):0.000000
(23,24),(1,22):0.000000
(23,24),(11,22):0.000000
(23,24),(11,13):0.000000
(23,24),(12,13):0.000000
(23,24),(12,8):0.000000
(23,24),(10,8):0.000000
(23,24),(10,3):0.000000
(23,24),(8,3):0.000000
(23,24),(8,12):0.000000
(23,24),(6,12):0.000000
(23,24),(6,5):0.000000
(23,24),(4,5):0.000000
(23,24),(4,4):0.000000
(23,24),(3,4):0.000000
(23,24),(3,2):0.000000
(23,24),(5,2):0.000000
(23,24),(5,1):0.000000
(23,24),(20,1):0.000000
(23,24),(20,7):0.000000
(23,24),(27,7):0.000000
(23,24),(27,9):0.000000
(23,24),(29,9):0.000000
(23,24),(29,15):0.000000
(23,24),(31,15):9.583333
(23,24),(31,16):15.541667
(23,24),(32,16):21.000000
(23,24),(32,28):44.270832
(23,24),(35,28):9.500000
(23,24),(35,30):10.000000
(28,24),(28,21):32.285713
(28,24),(30,21):43.476189
(28,24),(30,18):19.100000
(28,24),(26,18):0.000000
(28,24),(26,17):0.071429
(28,24),(25,17):0.000000
(28,24),(25,10):1.549340
(28,24),(19,10):0.000000
(28,24),(19,11):0.000000
(28,24),(17,11):0.000000
(28,24),(17,14):0.000000
(28,24),(16,14):0.000000
(28,24),(16,19):0.000000
(28,24),(15,19):0.000000
(28,24),(15,6):0.000000
(28,24),(13,6):0.000000
(28,24),(13,20):0.000000
(28,24),(14,20):0.000000
(28,24),(14,25):0.000000
(28,24),(2,25):0.000000
(28,24),(2,23):0.000000
(28,24),(1,23):0.000000
(28,24),(1,22):0.000000
(28,24),(11,22):0.000000
(28,24),(11,13):0.000000
(28,24),(12,13):0.000000
(28,24),(12,8):0.000000
(28,24),(10,8):0.000000
(28,24),(10,3):0.000000
(28,24),(8,3):0.000000
(28,24),(8,12):0.000000
(28,24),(6,12):0.000000
(28,24),(6,5):0.000000
(28,24),(4,5):0.000000
(28,24),(4,4):0.000000
(28,24),(3,4):0.000000
(28,24),(3,2):0.000000
(28,24),(5,2):0.000000
(28,24),(5,1):0.000000
(28,24),(20,1):0.000000
(28,24),(20,7):0.000000
(28,24),(27,7):0.000000
(28,24),(27,9):0.000000
(28,24),(29,9):0.000000
(28,24),(29,15):4.000000
(28,24),(31,15):14.083333
(28,24),(31,16):25.441668
(28,24),(32,16):31.799999
(28,24),(32,28):59.049999
(28,24),(35,28):8.500000
(28,24),(35,30):8.500000
(28,21),(30,21):32.142857
(28,21),(30,18):16.100000
(28,21),(26,18):0.000000
(28,21),(26,17):0.000000
(28,21),(25,17):0.000000
(28,21),(25,10):0.012500
(28,21),(19,10):0.000000
(28,21),(19,11):0.000000
(28,21),(17,11):0.000000
(28,21),(17,14):0.000000
(28,21),(16,14):0.000000
(28,21),(16,19):0.000000
(28,21),(15,19):0.000000
(28,21),(15,6):0.000000
(28,21),(13,6):0.000000
(28,21),(13,20):0.000000
(28,21),(14,20):0.000000
(28,21),(14,25):0.000000
(28,21),(2,25):0.000000
(28,21),(2,23):0.000000
(28,21),(1,23):0.000000
(28,21),(1,22):0.000000
(28,21),(11,22):0.000000
(28,21),(11,13):0.000000
(28,21),(12,13):0.000000
(28,21),(12,8):0.000000
(28,21),(10,8):0.000000
(28,21),(10,3):0.000000
(28,21),(8,3):0.000000
(28,21),(8,12):0.000000
(28,21),(6,12):0.000000
(28,21),(6,5):0.000000
(28,21),(4,5):0.000000
(28,21),(4,4):0.000000
(28,21),(3,4):0.000000
(28,21),(3,2):0.000000
(28,21),(5,2):0.000000
(28,21),(5,1):0.000000
(28,21),(20,1):0.000000
(28,21),(20,7):0.000000
(28,21),(27,7):0.000000
(28,21),(27,9):0.000000
(28,21),(29,9):0.000000
(28,21),(29,15):1.500000
(28,21),(31,15):13.333333
(28,21),(31,16):22.441668
(28,21),(32,16):27.000000
(28,21),(32,28):32.285713
(28,21),(35,28):4.285714
(28,21),(35,30):3.433333
(30,21),(30,18):27.100000
(30,21),(26,18):5.000000
(30,21),(26,17):5.500000
(30,21),(25,17):3.000000
(30,21),(25,10):4.200000
(30,21),(19,10):0.000000
(30,21),(19,11):0.000000
(30,21),(17,11):0.000000
(30,21),(17,14):0.000000
(30,21),(16,14):0.000000
(30,21),(16,19):0.000000
(30,21),(15,19):0.000000
(30,21),(15,6):0.000000
(30,21),(13,6):0.000000
(30,21),(13,20):0.000000
(30,21),(14,20):0.000000
(30,21),(14,25):0.000000
(30,21),(2,25):0.000000
(30,21),(2,23):0.000000
(30,21),(1,23):0.000000
(30,21),(1,22):0.000000
(30,21),(11,22):0.000000
(30,21),(11,13):0.000000
(30,21),(12,13):0.000000
(30,21),(12,8):0.000000
(30,21),(10,8):0.000000
(30,21),(10,3):0.000000
(30,21),(8,3):0.000000
(30,21),(8,12):0.000000
(30,21),(6,12):0.000000
(30,21),(6,5):0.000000
(30,21),(4,5):0.000000
(30,21),(4,4):0.000000
(30,21),(3,4):0.000000
(30,21),(3,2):0.000000
(30,21),(5,2):0.000000
(30,21),(5,1):0.000000
(30,21),(20,1):0.000000
(30,21),(20,7):0.000000
(30,21),(27,7):0.000000
(30,21),(27,9):0.000000
(30,21),(29,9):0.000000
(30,21),(29,15):10.750000
(30,21),(31,15):19.333334
(30,21),(31,16):33.441666
(30,21),(32,16):38.799999
(30,21),(32,28):51.434525
(30,21),(35,28):7.142857
(30,21),(35,30):4.527244
(30,18),(26,18):30.333334
(30,18),(26,17):41.351189
(30,18),(25,17):34.208332
(30,18),(25,10):41.524406
(30,18),(19,10):8.312500
(30,18),(19,11):0.000000
(30,18),(17,11):0.669643
(30,18),(17,14):0.000000
(30,18),(16,14):0.000000
(30,18),(16,19):0.000000
(30,18),(15,19):0.000000
(30,18),(15,6):6.387362
(30,18),(13,6):0.000000
(30,18),(13,20):0.000000
(30,18),(14,20):0.000000
(30,18),(14,25):0.000000
(30,18),(2,25):0.000000
(30,18),(2,23):0.000000
(30,18),(1,23):0.000000
(30,18),(1,22):0.000000
(30,18),(11,22):0.000000
(30,18),(11,13):0.000000
(30,18),(12,13):0.000000
(30,18),(12,8):0.000000
(30,18),(10,8):0.000000
(30,18),(10,3):3.164642
(30,18),(8,3):0.000000
(30,18),(8,12):0.000000
(30,18),(6,12):0.000000
(30,18),(6,5):0.000000
(30,18),(4,5):0.000000
(30,18),(4,4):0.000000
(30,18),(3,4):0.000000
(30,18),(3,2):0.000000
(30,18),(5,2):0.000000
(30,18),(5,1):0.000000
(30,18),(20,1):0.000000
(30,18),(20,7):10.354167
(30,18),(27,7):23.020834
(30,18),(27,9):36.520832
(30,18),(29,9):29.187500
(30,18),(29,15):48.770832
(30,18),(31,15):27.875000
(30,18),(31,16):44.916668
(30,18),(32,16):34.875000
(30,18),(32,28):27.958334
(30,18),(35,28):2.100000
(30,18),(35,30):1.361111
(26,18),(26,17):37.000000
(26,18),(25,17):31.000000
(26,18),(25,10):32.528572
(26,18),(19,10):5.000000
(26,18),(19,11):0.000000
(26,18),(17,11):0.000000
(26,18),(17,14):0.000000
(26,18),(16,14):0.000000
(26,18),(16,19):0.000000
(26,18),(15,19):0.000000
(26,18),(15,6):6.200000
(26,18),(13,6):0.000000
(26,18),(13,20):0.000000
(26,18),(14,20):0.000000
(26,18),(14,25):0.000000
(26,18),(2,25):0.000000
(26,18),(2,23):0.000000
(26,18),(1,23):0.000000
(26,18),(1,22):0.000000
(26,18),(11,22):0.000000
(26,18),(11,13):0.000000
(26,18),(12,13):0.000000
(26,18),(12,8):0.000000
(26,18),(10,8):0.000000
(26,18),(10,3):3.500000
(26,18),(8,3):0.000000
(26,18),(8,12):0.000000
(26,18),(6,12):0.000000
(26,18),(6,5):0.000000
(26,18),(4,5):0.000000
(26,18),(4,4):0.000000
(26,18),(3,4):0.000000
(26,18),(3,2):0.000000
(26,18),(5,2):0.000000
(26,18),(5,1):0.000000
(26,18),(20,1):0.000000
(26,18),(20,7):8.928572
(26,18),(27,7):11.000000
(26,18),(27,9):30.500000
(26,18),(29,9):27.000000
(26,18),(29,15):36.083332
(26,18),(31,15):15.000000
(26,18),(31,16):19.250000
(26,18),(32,16):12.000000
(26,18),(32,28):5.858333
(26,18),(35,28):0.000000
(26,18),(35,30):0.000000
(26,17),(25,17):41.000000
(26,17),(25,10):43.477680
(26,17),(19,10):8.642858
(26,17),(19,11):0.000000
(26,17),(17,11):0.042857
(26,17),(17,14):0.000000
(26,17),(16,14):0.000000
(26,17),(16,19):0.000000
(26,17),(15,19):0.000000
(26,17),(15,6):8.594118
(26,17),(13,6):0.000000
(26,17),(13,20):0.000000
(26,17),(14,20):0.000000
(26,17),(14,25):0.000000
(26,17),(2,25):0.000000
(26,17),(2,23):0.000000
(26,17),(1,23):0.000000
(26,17),(1,22):0.000000
(26,17),(11,22):0.000000
(26,17),(11,13):0.000000
(26,17),(12,13):0.000000
(26,17),(12,8):0.000000
(26,17),(10,8):0.000000
(26,17),(10,3):4.609091
(26,17),(8,3):0.000000
(26,17),(8,12):0.000000
(26,17),(6,12):0.000000
(26,17),(6,5):0.000000
(26,17),(4,5):0.000000
(26,17),(4,4):0.000000
(26,17),(3,4):0.000000
(26,17),(3,2):0.000000
(26,17),(5,2):0.000000
(26,17),(5,1):0.000000
(26,17),(20,1):0.000000
(26,17),(20,7):12.871428
(26,17),(27,7):21.642857
(26,17),(27,9):41.142857
(26,17),(29,9):35.071430
(26,17),(29,15):47.226189
(26,17),(31,15):17.125000
(26,17),(31,16):23.500000
(26,17),(32,16):13.500000
(26,17),(32,28):6.358333
(26,17),(35,28):0.000000
(26,17),(35,30):0.000000
(25,17),(25,10):37.599998
(25,17),(19,10):8.000000
(25,17),(19,11):0.000000
(25,17),(17,11):0.000000
(25,17),(17,14):0.000000
(25,17),(16,14):0.000000
(25,17),(16,19):0.000000
(25,17),(15,19):0.000000
(25,17),(15,6):8.300000
(25,17),(13,6):0.000000
(25,17),(13,20):0.000000
(25,17),(14,20):0.000000
(25,17),(14,25):0.000000
(25,17),(2,25):0.000000
(25,17),(2,23):0.000000
(25,17),(1,23):0.000000
(25,17),(1,22):0.000000
(25,17),(11,22):0.000000
(25,17),(11,13):0.000000
(25,17),(12,13):0.000000
(25,17),(12,8):0.000000
(25,17),(10,8):0.000000
(25,17),(10,3):4.533333
(25,17),(8,3):0.000000
(25,17),(8,12):0.000000
(25,17),(6,12):0.000000
(25,17),(6,5):0.000000
(25,17),(4,5):0.000000
(25,17),(4,4):0.000000
(25,17),(3,4):0.000000
(25,17),(3,2):0.000000
(25,17),(5,2):0.000000
(25,17),(5,1):0.000000
(25,17),(20,1):0.000000
(25,17),(20,7):12.228572
(25,17),(27,7):20.000000
(25,17),(27,9):36.666668
(25,17),(29,9):32.000000
(25,17),(29,15):40.083332
(25,17),(31,15):12.000000
(25,17),(31,16):17.000000
(25,17),(32,16):7.000000
(25,17),(32,28):3.758333
(25,17),(35,28):0.000000
(25,17),(35,30):0.000000
(25,10),(19,10):50.500000
(25,10),(19,11):22.276922
(25,10),(17,11):29.552631
(25,10),(17,14):11.388235
(25,10),(16,14):15.575826
(25,10),(16,19):5.861290
(25,10),(15,19):11.989285
(25,10),(15,6):59.133335
(25,10),(13,6):17.833334
(25,10),(13,20):3.534059
(25,10),(14,20):0.000000
(25,10),(14,25):0.000000
(25,10),(2,25):0.000000
(25,10),(2,23):0.000000
(25,10),(1,23):0.000000
(25,10),(1,22):0.000000
(25,10),(11,22):0.558849
(25,10),(11,13):0.000000
(25,10),(12,13):3.130441
(25,10),(12,8):10.735897
(25,10),(10,8):11.842105
(25,10),(10,3):40.485714
(25,10),(8,3):7.619048
(25,10),(8,12):1.219048
(25,10),(6,12):1.556749
(25,10),(6,5):2.922078
(25,10),(4,5):4.223018
(25,10),(4,4):5.434825
(25,10),(3,4):5.752728
(25,10),(3,2):4.613095
(25,10),(5,2):9.285714
(25,10),(5,1):14.285714
(25,10),(20,1):39.285713
(25,10),(20,7):66.514282
(25,10),(27,7):50.928570
(25,10),(27,9):74.803574
(25,10),(29,9):44.928570
(25,10),(29,15):48.436905
(25,10),(31,15):15.228572
(25,10),(31,16):21.503571
(25,10),(32,16):13.103572
(25,10),(32,28):4.608333
(25,10),(35,28):0.000000
(25,10),(35,30):0.000000
(19,10),(19,11):50.000000
(19,10),(17,11):61.000000
(19,10),(17,14):24.125000
(19,10),(16,14):39.062500
(19,10),(16,19):11.711538
(19,10),(15,19):26.955555
(19,10),(15,6):80.099998
(19,10),(13,6):37.500000
(19,10),(13,20):3.405303
(19,10),(14,20):0.000000
(19,10),(14,25):0.000000
(19,10),(2,25):0.000000
(19,10),(2,23):0.000000
(19,10),(1,23):0.000000
(19,10),(1,22):0.000000
(19,10),(11,22):0.840278
(19,10),(11,13):0.000000
(19,10),(12,13):4.035714
(19,10),(12,8):10.083333
(19,10),(10,8):21.966667
(19,10),(10,3):55.416668
(19,10),(8,3):18.000000
(19,10),(8,12):0.000000
(19,10),(6,12):0.000000
(19,10),(6,5):0.000000
(19,10),(4,5):0.666667
(19,10),(4,4):3.600000
(19,10),(3,4):5.333333
(19,10),(3,2):15.309524
(19,10),(5,2):27.500000
(19,10),(5,1):36.666668
(19,10),(20,1):62.444443
(19,10),(20,7):84.761902
(19,10),(27,7):39.000000
(19,10),(27,9):42.700001
(19,10),(29,9):14.800000
(19,10),(29,15):10.933333
(19,10),(31,15):0.000000
(19,10),(31,16):0.000000
(19,10),(32,16):0.000000
(19,10),(32,28):0.000000
(19,10),(35,28):0.000000
(19,10),(35,30):0.000000
(19,11),(17,11):45.000000
(19,11),(17,14):23.125000
(19,11),(16,14):35.562500
(19,11),(16,19):10.961538
(19,11),(15,19):26.000000
(19,11),(15,6):50.000000
(19,11),(13,6):30.000000
(19,11),(13,20):2.378876
(19,11),(14,20):0.000000
(19,11),(14,25):0.000000
(19,11),(2,25):0.000000
(19,11),(2,23):0.000000
(19,11),(1,23):0.000000
(19,11),(1,22):0.000000
(19,11),(11,22):0.736857
(19,11),(11,13):0.000000
(19,11),(12,13):3.281926
(19,11),(12,8):7.788462
(19,11),(10,8):18.869566
(19,11),(10,3):34.799999
(19,11),(8,3):14.400000
(19,11),(8,12):0.000000
(19,11),(6,12):0.000000
(19,11),(6,5):0.000000
(19,11),(4,5):0.178571
(19,11),(4,4):2.604167
(19,11),(3,4):4.224138
(19,11),(3,2):12.040553
(19,11),(5,2):21.695238
(19,11),(5,1):28.611765
(19,11),(20,1):49.944443
(19,11),(20,7):49.833332
(19,11),(27,7):14.666667
(19,11),(27,9):16.523809
(19,11),(29,9):4.800000
(19,11),(29,15):0.000000
(19,11),(31,15):0.000000
(19,11),(31,16):0.000000
(19,11),(32,16):0.000000
(19,11),(32,28):0.000000
(19,11),(35,28):0.000000
(19,11),(35,30):0.000000
(17,11),(17,14):29.125000
(17,11),(16,14):45.562500
(17,11),(16,19):15.461538
(17,11),(15,19):31.400000
(17,11),(15,6):65.714287
(17,11),(13,6):30.000000
(17,11),(13,20):0.000000
(17,11),(14,20):0.000000
(17,11),(14,25):0.000000
(17,11),(2,25):0.000000
(17,11),(2,23):0.000000
(17,11),(1,23):0.000000
(17,11),(1,22):0.000000
(17,11),(11,22):0.263328
(17,11),(11,13):0.000000
(17,11),(12,13):0.469925
(17,11),(12,8):3.472222
(17,11),(10,8):14.719298
(17,11),(10,3):40.858585
(17,11),(8,3):13.200000
(17,11),(8,12):0.000000
(17,11),(6,12):0.000000
(17,11),(6,5):0.000000
(17,11),(4,5):0.000000
(17,11),(4,4):1.022727
(17,11),(3,4):2.314815
(17,11),(3,2):12.448917
(17,11),(5,2):21.630434
(17,11),(5,1):29.761906
(17,11),(20,1):59.844444
(17,11),(20,7):62.500000
(17,11),(27,7):24.000000
(17,11),(27,9):25.612904
(17,11),(29,9):5.800000
(17,11),(29,15):1.028571
(17,11),(31,15):0.000000
(17,11),(31,16):0.000000
(17,11),(32,16):0.000000
(17,11),(32,28):0.000000
(17,11),(35,28):0.000000
(17,11),(35,30):0.000000
(17,14),(16,14):27.562500
(17,14),(16,19):13.961538
(17,14),(15,19):23.500000
(17,14),(15,6):29.125000
(17,14),(13,6):13.125000
(17,14),(13,20):0.000000
(17,14),(14,20):0.000000
(17,14),(14,25):0.000000
(17,14),(2,25):0.000000
(17,14),(2,23):0.000000
(17,14),(1,23):0.000000
(17,14),(1,22):0.000000
(17,14),(11,22):0.000000
(17,14),(11,13):0.000000
(17,14),(12,13):0.000000
(17,14),(12,8):2.041667
(17,14),(10,8):8.934524
(17,14),(10,3):14.325000
(17,14),(8,3):6.000000
(17,14),(8,12):0.000000
(17,14),(6,12):0.000000
(17,14),(6,5):0.000000
(17,14),(4,5):0.000000
(17,14),(4,4):0.595588
(17,14),(3,4):1.620238
(17,14),(3,2):5.037037
(17,14),(5,2):8.998684
(17,14),(5,1):11.786111
(17,14),(20,1):27.775000
(17,14),(20,7):25.791666
(17,14),(27,7):8.250000
(17,14),(27,9):9.060439
(17,14),(29,9):2.600000
(17,14),(29,15):0.000000
(17,14),(31,15):0.000000
(17,14),(31,16):0.000000
(17,14),(32,16):0.000000
(17,14),(32,28):0.000000
(17,14),(35,28):0.000000
(17,14),(35,30):0.000000
(16,14),(16,19):18.961538
(16,14),(15,19):34.900002
(16,14),(15,6):49.062500
(16,14),(13,6):23.895834
(16,14),(13,20):0.000000
(16,14),(14,20):0.000000
(16,14),(14,25):0.000000
(16,14),(2,25):0.000000
(16,14),(2,23):0.000000
(16,14),(1,23):0.000000
(16,14),(1,22):0.000000
(16,14),(11,22):0.000000
(16,14),(11,13):0.000000
(16,14),(12,13):0.000000
(16,14),(12,8):1.012500
(16,14),(10,8):11.459936
(16,14),(10,3):27.256945
(16,14),(8,3):10.833333
(16,14),(8,12):0.000000
(16,14),(6,12):0.000000
(16,14),(6,5):0.000000
(16,14),(4,5):0.000000
(16,14),(4,4):0.320076
(16,14),(3,4):1.282012
(16,14),(3,2):10.086364
(16,14),(5,2):17.399839
(16,14),(5,1):22.820240
(16,14),(20,1):44.337502
(16,14),(20,7):40.729168
(16,14),(27,7):10.904762
(16,14),(27,9):12.539855
(16,14),(29,9):3.156322
(16,14),(29,15):0.000000
(16,14),(31,15):0.000000
(16,14),(31,16):0.000000
(16,14),(32,16):0.000000
(16,14),(32,28):0.000000
(16,14),(35,28):0.000000
(16,14),(35,30):0.000000
(16,19),(15,19):18.000000
(16,19),(15,6):18.961538
(16,19),(13,6):5.961538
(16,19),(13,20):0.000000
(16,19),(14,20):0.000000
(16,19),(14,25):0.000000
(16,19),(2,25):0.000000
(16,19),(2,23):0.000000
(16,19),(1,23):0.000000
(16,19),(1,22):0.000000
(16,19),(11,22):0.000000
(16,19),(11,13):0.000000
(16,19),(12,13):0.000000
(16,19),(12,8):0.678205
(16,19),(10,8):4.229831
(16,19),(10,3):6.261539
(16,19),(8,3):2.615385
(16,19),(8,12):0.000000
(16,19),(6,12):0.000000
(16,19),(6,5):0.000000
(16,19),(4,5):0.000000
(16,19),(4,4):0.235123
(16,19),(3,4):0.728205
(16,19),(3,2):2.197924
(16,19),(5,2):3.905288
(16,19),(5,1):5.121856
(16,19),(20,1):15.586538
(16,19),(20,7):12.961538
(16,19),(27,7):4.312500
(16,19),(27,9):4.730437
(16,19),(29,9):1.350000
(16,19),(29,15):0.000000
(16,19),(31,15):0.000000
(16,19),(31,16):0.000000
(16,19),(32,16):0.000000
(16,19),(32,28):0.000000
(16,19),(35,28):0.000000
(16,19),(35,30):0.000000
(15,19),(15,6):34.900002
(15,19),(13,6):15.500000
(15,19),(13,20):0.000000
(15,19),(14,20):0.000000
(15,19),(14,25):0.000000
(15,19),(2,25):0.000000
(15,19),(2,23):0.000000
(15,19),(1,23):0.000000
(15,19),(1,22):0.000000
(15,19),(11,22):0.000000
(15,19),(11,13):0.000000
(15,19),(12,13):0.000000
(15,19),(12,8):0.250000
(15,19),(10,8):8.694872
(15,19),(10,3):17.310715
(15,19),(8,3):6.800000
(15,19),(8,12):0.000000
(15,19),(6,12):0.000000
(15,19),(6,5):0.000000
(15,19),(4,5):0.000000
(15,19),(4,4):0.125000
(15,19),(3,4):0.900000
(15,19),(3,2):6.183730
(15,19),(5,2):10.765385
(15,19),(5,1):14.251852
(15,19),(20,1):31.525000
(15,19),(20,7):28.521212
(15,19),(27,7):8.318919
(15,19),(27,9):9.647658
(15,19),(29,9):2.453061
(15,19),(29,15):0.000000
(15,19),(31,15):0.000000
(15,19),(31,16):0.000000
(15,19),(32,16):0.000000
(15,19),(32,28):0.000000
(15,19),(35,28):0.000000
(15,19),(35,30):0.000000
(15,6),(13,6):52.000000
(15,6),(13,20):6.875000
(15,6),(14,20):0.000000
(15,6),(14,25):0.000000
(15,6),(2,25):0.000000
(15,6),(2,23):0.000000
(15,6),(1,23):0.000000
(15,6),(1,22):0.000000
(15,6),(11,22):1.284722
(15,6),(11,13):0.000000
(15,6),(12,13):6.785714
(15,6),(12,8):22.049999
(15,6),(10,8):33.666668
(15,6),(10,3):74.000000
(15,6),(8,3):23.333334
(15,6),(8,12):0.533333
(15,6),(6,12):0.836601
(15,6),(6,5):2.083333
(15,6),(4,5):3.878788
(15,6),(4,4):7.686275
(15,6),(3,4):9.633333
(15,6),(3,2):17.976191
(15,6),(5,2):33.333332
(15,6),(5,1):43.333332
(15,6),(20,1):83.552780
(15,6),(20,7):98.061905
(15,6),(27,7):34.900002
(15,6),(27,9):42.960712
(15,6),(29,9):17.500000
(15,6),(29,15):10.140476
(15,6),(31,15):0.000000
(15,6),(31,16):0.000000
(15,6),(32,16):0.000000
(15,6),(32,28):0.000000
(15,6),(35,28):0.000000
(15,6),(35,30):0.000000
(13,6),(13,20):35.104168
(13,6),(14,20):10.562500
(13,6),(14,25):16.395834
(13,6),(2,25):7.229167
(13,6),(2,23):6.784722
(13,6),(1,23):2.262500
(13,6),(1,22):6.562500
(13,6),(11,22):26.625000
(13,6),(11,13):20.500000
(13,6),(12,13):34.785713
(13,6),(12,8):45.049999
(13,6),(10,8):39.666668
(13,6),(10,3):59.250000
(13,6),(8,3):22.000000
(13,6),(8,12):0.000000
(13,6),(6,12):0.080808
(13,6),(6,5):1.000000
(13,6),(4,5):2.666667
(13,6),(4,4):6.400000
(13,6),(3,4):8.333333
(13,6),(3,2):17.642857
(13,6),(5,2):32.000000
(13,6),(5,1):40.750000
(13,6),(20,1):55.200001
(13,6),(20,7):49.500000
(13,6),(27,7):0.000000
(13,6),(27,9):2.910714
(13,6),(29,9):0.000000
(13,6),(29,15):0.000000
(13,6),(31,15):0.000000
(13,6),(31,16):0.000000
(13,6),(32,16):0.000000
(13,6),(32,28):0.000000
(13,6),(35,28):0.000000
(13,6),(35,30):0.000000
(13,20),(14,20):19.500000
(13,20),(14,25):28.600000
(13,20),(2,25):15.000000
(13,20),(2,23):14.000000
(13,20),(1,23):3.950000
(13,20),(1,22):13.500000
(13,20),(11,22):38.000000
(13,20),(11,13):27.250000
(13,20),(12,13):38.285713
(13,20),(12,8):27.083334
(13,20),(10,8):9.041667
(13,20),(10,3):10.291667
(13,20),(8,3):3.000000
(13,20),(8,12):0.000000
(13,20),(6,12):0.000000
(13,20),(6,5):0.000000
(13,20),(4,5):0.081667
(13,20),(4,4):1.447279
(13,20),(3,4):1.762978
(13,20),(3,2):1.919966
(13,20),(5,2):3.645056
(13,20),(5,1):4.281322
(13,20),(20,1):7.333801
(13,20),(20,7):6.255226
(13,20),(27,7):0.000000
(13,20),(27,9):0.656850
(13,20),(29,9):0.000000
(13,20),(29,15):0.000000
(13,20),(31,15):0.000000
(13,20),(31,16):0.000000
(13,20),(32,16):0.000000
(13,20),(32,28):0.000000
(13,20),(35,28):0.000000
(13,20),(35,30):0.000000
(14,20),(14,25):21.750000
(14,20),(2,25):17.250000
(14,20),(2,23):16.250000
(14,20),(1,23):4.200000
(14,20),(1,22):15.750000
(14,20),(11,22):21.750000
(14,20),(11,13):13.250000
(14,20),(12,13):12.285714
(14,20),(12,8):6.041667
(14,20),(10,8):0.000000
(14,20),(10,3):0.000000
(14,20),(8,3):0.000000
(14,20),(8,12):0.000000
(14,20),(6,12):0.000000
(14,20),(6,5):0.000000
(14,20),(4,5):0.000000
(14,20),(4,4):0.000000
(14,20),(3,4):0.000000
(14,20),(3,2):0.000000
(14,20),(5,2):0.000000
(14,20),(5,1):0.000000
(14,20),(20,1):0.000000
(14,20),(20,7):0.000000
(14,20),(27,7):0.000000
(14,20),(27,9):0.000000
(14,20),(29,9):0.000000
(14,20),(29,15):0.000000
(14,20),(31,15):0.000000
(14,20),(31,16):0.000000
(14,20),(32,16):0.000000
(14,20),(32,28):0.000000
(14,20),(35,28):0.000000
(14,20),(35,30):0.000000
(14,25),(2,25):37.500000
(14,25),(2,23):37.416668
(14,25),(1,23):13.366667
(14,25),(1,22):34.916668
(14,25),(11,22):52.016666
(14,25),(11,13):22.350000
(14,25),(12,13):21.385714
(14,25),(12,8):8.541667
(14,25),(10,8):0.000000
(14,25),(10,3):0.000000
(14,25),(8,3):0.000000
(14,25),(8,12):0.000000
(14,25),(6,12):0.000000
(14,25),(6,5):0.000000
(14,25),(4,5):0.000000
(14,25),(4,4):0.000000
(14,25),(3,4):0.000000
(14,25),(3,2):0.000000
(14,25),(5,2):0.000000
(14,25),(5,1):0.000000
(14,25),(20,1):0.000000
(14,25),(20,7):0.000000
(14,25),(27,7):0.000000
(14,25),(27,9):0.000000
(14,25),(29,9):0.000000
(14,25),(29,15):0.000000
(14,25),(31,15):0.000000
(14,25),(31,16):0.000000
(14,25),(32,16):0.000000
(14,25),(32,28):0.000000
(14,25),(35,28):0.000000
(14,25),(35,30):0.000000
(2,25),(2,23):36.500000
(2,25),(1,23):12.450000
(2,25),(1,22):34.000000
(2,25),(11,22):37.500000
(2,25),(11,13):9.684783
(2,25),(12,13):8.831169
(2,25),(12,8):4.469594
(2,25),(10,8):0.000000
(2,25),(10,3):0.000000
(2,25),(8,3):0.000000
(2,25),(8,12):0.000000
(2,25),(6,12):0.000000
(2,25),(6,5):0.000000
(2,25),(4,5):0.000000
(2,25),(4,4):0.000000
(2,25),(3,4):0.000000
(2,25),(3,2):0.000000
(2,25),(5,2):0.000000
(2,25),(5,1):0.000000
(2,25),(20,1):0.000000
(2,25),(20,7):0.000000
(2,25),(27,7):0.000000
(2,25),(27,9):0.000000
(2,25),(29,9):0.000000
(2,25),(29,15):0.000000
(2,25),(31,15):0.000000
(2,25),(31,16):0.000000
(2,25),(32,16):0.000000
(2,25),(32,28):0.000000
(2,25),(35,28):0.000000
(2,25),(35,30):0.000000
(2,23),(1,23):13.450000
(2,23),(1,22):35.000000
(2,23),(11,22):37.500000
(2,23),(11,13):9.034616
(2,23),(12,13):8.285714
(2,23),(12,8):4.077854
(2,23),(10,8):0.000000
(2,23),(10,3):0.000000
(2,23),(8,3):0.000000
(2,23),(8,12):0.000000
(2,23),(6,12):0.000000
(2,23),(6,5):0.000000
(2,23),(4,5):0.000000
(2,23),(4,4):0.000000
(2,23),(3,4):0.000000
(2,23),(3,2):0.000000
(2,23),(5,2):0.000000
(2,23),(5,1):0.000000
(2,23),(20,1):0.000000
(2,23),(20,7):0.000000
(2,23),(27,7):0.000000
(2,23),(27,9):0.000000
(2,23),(29,9):0.000000
(2,23),(29,15):0.000000
(2,23),(31,15):0.000000
(2,23),(31,16):0.000000
(2,23),(32,16):0.000000
(2,23),(32,28):0.000000
(2,23),(35,28):0.000000
(2,23),(35,30):0.000000
(1,23),(1,22):13.000000
(1,23),(11,22):13.450000
(1,23),(11,13):3.035714
(1,23),(12,13):2.670244
(1,23),(12,8):1.391116
(1,23),(10,8):0.000000
(1,23),(10,3):0.000000
(1,23),(8,3):0.000000
(1,23),(8,12):0.000000
(1,23),(6,12):0.000000
(1,23),(6,5):0.000000
(1,23),(4,5):0.000000
(1,23),(4,4):0.000000
(1,23),(3,4):0.000000
(1,23),(3,2):0.000000
(1,23),(5,2):0.000000
(1,23),(5,1):0.000000
(1,23),(20,1):0.000000
(1,23),(20,7):0.000000
(1,23),(27,7):0.000000
(1,23),(27,9):0.000000
(1,23),(29,9):0.000000
(1,23),(29,15):0.000000
(1,23),(31,15):0.000000
(1,23),(31,16):0.000000
(1,23),(32,16):0.000000
(1,23),(32,28):0.000000
(1,23),(35,28):0.000000
(1,23),(35,30):0.000000
(1,22),(11,22):35.000000
(1,22),(11,13):8.678572
(1,22),(12,13):8.000000
(1,22),(12,8):3.875000
(1,22),(10,8):0.000000
(1,22),(10,3):0.000000
(1,22),(8,3):0.000000
(1,22),(8,12):0.000000
(1,22),(6,12):0.000000
(1,22),(6,5):0.000000
(1,22),(4,5):0.000000
(1,22),(4,4):0.000000
(1,22),(3,4):0.000000
(1,22),(3,2):0.000000
(1,22),(5,2):0.000000
(1,22),(5,1):0.000000
(1,22),(20,1):0.000000
(1,22),(20,7):0.000000
(1,22),(27,7):0.000000
(1,22),(27,9):0.000000
(1,22),(29,9):0.000000
(1,22),(29,15):0.000000
(1,22),(31,15):0.000000
(1,22),(31,16):0.000000
(1,22),(32,16):0.000000
(1,22),(32,28):0.000000
(1,22),(35,28):0.000000
(1,22),(35,30):0.000000
(11,22),(11,13):27.250000
(11,22),(12,13):31.848215
(11,22),(12,8):18.604166
(11,22),(10,8):1.951389
(11,22),(10,3):2.899457
(11,22),(8,3):0.555556
(11,22),(8,12):0.000000
(11,22),(6,12):0.000000
(11,22),(6,5):0.000000
(11,22),(4,5):0.000000
(11,22),(4,4):0.186463
(11,22),(3,4):0.264132
(11,22),(3,2):0.389620
(11,22),(5,2):0.719976
(11,22),(5,1):0.871771
(11,22),(20,1):1.303879
(11,22),(20,7):1.191874
(11,22),(27,7):0.000000
(11,22),(27,9):0.112969
(11,22),(29,9):0.000000
(11,22),(29,15):0.000000
(11,22),(31,15):0.000000
(11,22),(31,16):0.000000
(11,22),(32,16):0.000000
(11,22),(32,28):0.000000
(11,22),(35,28):0.000000
(11,22),(35,30):0.000000
(11,13),(12,13):25.785715
(11,13),(12,8):13.041667
(11,13),(10,8):0.000000
(11,13),(10,3):0.000000
(11,13),(8,3):0.000000
(11,13),(8,12):0.000000
(11,13),(6,12):0.000000
(11,13),(6,5):0.000000
(11,13),(4,5):0.000000
(11,13),(4,4):0.000000
(11,13),(3,4):0.000000
(11,13),(3,2):0.000000
(11,13),(5,2):0.000000
(11,13),(5,1):0.000000
(11,13),(20,1):0.000000
(11,13),(20,7):0.000000
(11,13),(27,7):0.000000
(11,13),(27,9):0.000000
(11,13),(29,9):0.000000
(11,13),(29,15):0.000000
(11,13),(31,15):0.000000
(11,13),(31,16):0.000000
(11,13),(32,16):0.000000
(11,13),(32,28):0.000000
(11,13),(35,28):0.000000
(11,13),(35,30):0.000000
(12,13),(12,8):26.827381
(12,13),(10,8):8.785714
(12,13),(10,3):10.035714
(12,13),(8,3):3.142857
(12,13),(8,12):0.000000
(12,13),(6,12):0.000000
(12,13),(6,5):0.000000
(12,13),(4,5):0.000000
(12,13),(4,4):1.322751
(12,13),(3,4):1.709244
(12,13),(3,2):2.037143
(12,13),(5,2):3.885714
(12,13),(5,1):4.566795
(12,13),(20,1):7.142857
(12,13),(20,7):6.274603
(12,13),(27,7):0.000000
(12,13),(27,9):0.569243
(12,13),(29,9):0.000000
(12,13),(29,15):0.000000
(12,13),(31,15):0.000000
(12,13),(31,16):0.000000
(12,13),(32,16):0.000000
(12,13),(32,28):0.000000
(12,13),(35,28):0.000000
(12,13),(35,30):0.000000
(12,8),(10,8):27.250000
(12,8),(10,3):29.299999
(12,8),(8,3):10.800000
(12,8),(8,12):0.000000
(12,8),(6,12):0.000000
(12,8),(6,5):0.228571
(12,8),(4,5):1.633333
(12,8),(4,4):5.218831
(12,8),(3,4):6.475926
(12,8),(3,2):6.300000
(12,8),(5,2):12.640909
(12,8),(5,1):14.175000
(12,8),(20,1):25.250000
(12,8),(20,7):19.913637
(12,8),(27,7):0.000000
(12,8),(27,9):1.823909
(12,8),(29,9):0.000000
(12,8),(29,15):0.000000
(12,8),(31,15):0.000000
(12,8),(31,16):0.000000
(12,8),(32,16):0.000000
(12,8),(32,28):0.000000
(12,8),(35,28):0.000000
(12,8),(35,30):0.000000
(10,8),(10,3):39.666668
(10,8),(8,3):17.916666
(10,8),(8,12):0.000000
(10,8),(6,12):0.000000
(10,8),(6,5):0.000000
(10,8),(4,5):1.000000
(10,8),(4,4):4.500000
(10,8),(3,4):6.400000
(10,8),(3,2):11.558824
(10,8),(5,2):22.243589
(10,8),(5,1):24.947916
(10,8),(20,1):36.866665
(10,8),(20,7):31.474360
(10,8),(27,7):0.000000
(10,8),(27,9):2.049351
(10,8),(29,9):0.000000
(10,8),(29,15):0.000000
(10,8),(31,15):0.000000
(10,8),(31,16):0.000000
(10,8),(32,16):0.000000
(10,8),(32,28):0.000000
(10,8),(35,28):0.000000
(10,8),(35,30):0.000000
(10,3),(8,3):32.000000
(10,3),(8,12):5.678571
(10,3),(6,12):4.444445
(10,3),(6,5):10.000000
(10,3),(4,5):10.833333
(10,3),(4,4):15.750000
(10,3),(3,4):17.500000
(10,3),(3,2):24.142857
(10,3),(5,2):42.000000
(10,3),(5,1):50.000000
(10,3),(20,1):72.566666
(10,3),(20,7):73.699997
(10,3),(27,7):14.633333
(10,3),(27,9):22.360714
(10,3),(29,9):8.700000
(10,3),(29,15):5.121569
(10,3),(31,15):0.000000
(10,3),(31,16):0.000000
(10,3),(32,16):0.000000
(10,3),(32,28):0.000000
(10,3),(35,28):0.000000
(10,3),(35,30):0.000000
(8,3),(8,12):24.250000
(8,3),(6,12):22.444445
(8,3),(6,5):32.750000
(8,3),(4,5):18.833334
(8,3),(4,4):25.750000
(8,3),(3,4):22.500000
(8,3),(3,2):27.750000
(8,3),(5,2):47.000000
(8,3),(5,1):43.875000
(8,3),(20,1):33.950001
(8,3),(20,7):25.000000
(8,3),(27,7):0.000000
(8,3),(27,9):0.000000
(8,3),(29,9):0.000000
(8,3),(29,15):0.000000
(8,3),(31,15):0.000000
(8,3),(31,16):0.000000
(8,3),(32,16):0.000000
(8,3),(32,28):0.000000
(8,3),(35,28):0.000000
(8,3),(35,30):0.000000
(8,12),(6,12):22.000000
(8,12),(6,5):24.250000
(8,12),(4,5):10.102564
(8,12),(4,4):11.022727
(8,12),(3,4):7.634921
(8,12),(3,2):9.285714
(8,12),(5,2):16.250000
(8,12),(5,1):18.125000
(8,12),(20,1):6.204545
(8,12),(20,7):1.800000
(8,12),(27,7):0.000000
(8,12),(27,9):0.000000
(8,12),(29,9):0.000000
(8,12),(29,15):0.000000
(8,12),(31,15):0.000000
(8,12),(31,16):0.000000
(8,12),(32,16):0.000000
(8,12),(32,28):0.000000
(8,12),(35,28):0.000000
(8,12),(35,30):0.000000
(6,12),(6,5):22.444445
(6,12),(4,5):8.444445
(6,12),(4,4):9.444445
(6,12),(3,4):6.444445
(6,12),(3,2):8.111111
(6,12),(5,2):14.444445
(6,12),(5,1):16.319445
(6,12),(20,1):4.777778
(6,12),(20,7):1.979138
(6,12),(27,7):0.000000
(6,12),(27,9):0.000000
(6,12),(29,9):0.000000
(6,12),(29,15):0.000000
(6,12),(31,15):0.000000
(6,12),(31,16):0.000000
(6,12),(32,16):0.000000
(6,12),(32,28):0.000000
(6,12),(35,28):0.000000
(6,12),(35,30):0.000000
(6,5),(4,5):16.833334
(6,5),(4,4):19.500000
(6,5),(3,4):14.250000
(6,5),(3,2):16.000000
(6,5),(5,2):24.750000
(6,5),(5,1):21.875000
(6,5),(20,1):11.866667
(6,5),(20,7):3.571429
(6,5),(27,7):0.000000
(6,5),(27,9):0.000000
(6,5),(29,9):0.000000
(6,5),(29,15):0.000000
(6,5),(31,15):0.000000
(6,5),(31,16):0.000000
(6,5),(32,16):0.000000
(6,5),(32,28):0.000000
(6,5),(35,28):0.000000
(6,5),(35,30):0.000000
(4,5),(4,4):18.750000
(4,5),(3,4):14.500000
(4,5),(3,2):12.750000
(4,5),(5,2):18.833334
(4,5),(5,1):15.833333
(4,5),(20,1):12.133333
(4,5),(20,7):5.424837
(4,5),(27,7):0.000000
(4,5),(27,9):0.000000
(4,5),(29,9):0.000000
(4,5),(29,15):0.000000
(4,5),(31,15):0.000000
(4,5),(31,16):0.000000
(4,5),(32,16):0.000000
(4,5),(32,28):0.000000
(4,5),(35,28):0.000000
(4,5),(35,30):0.000000
(4,4),(3,4):20.500000
(4,4),(3,2):16.750000
(4,4),(5,2):25.750000
(4,4),(5,1):20.750000
(4,4),(20,1):17.700001
(4,4),(20,7):9.266026
(4,4),(27,7):0.000000
(4,4),(27,9):0.000000
(4,4),(29,9):0.000000
(4,4),(29,15):0.000000
(4,4),(31,15):0.000000
(4,4),(31,16):0.000000
(4,4),(32,16):0.000000
(4,4),(32,28):0.000000
(4,4),(35,28):0.000000
(4,4),(35,30):0.000000
(3,4),(3,2):12.500000
(3,4),(5,2):22.500000
(3,4),(5,1):18.500000
(3,4),(20,1):19.450001
(3,4),(20,7):11.123810
(3,4),(27,7):0.000000
(3,4),(27,9):0.000000
(3,4),(29,9):0.000000
(3,4),(29,15):0.000000
(3,4),(31,15):0.000000
(3,4),(31,16):0.000000
(3,4),(32,16):0.000000
(3,4),(32,28):0.000000
(3,4),(35,28):0.000000
(3,4),(35,30):0.000000
(3,2),(5,2):34.892857
(3,2),(5,1):30.142857
(3,2),(20,1):26.092857
(3,2),(20,7):18.392857
(3,2),(27,7):0.000000
(3,2),(27,9):0.000000
(3,2),(29,9):0.000000
(3,2),(29,15):0.000000
(3,2),(31,15):0.000000
(3,2),(31,16):0.000000
(3,2),(32,16):0.000000
(3,2),(32,28):0.000000
(3,2),(35,28):0.000000
(3,2),(35,30):0.000000
(5,2),(5,1):52.000000
(5,2),(20,1):43.950001
(5,2),(20,7):35.000000
(5,2),(27,7):0.000000
(5,2),(27,9):0.000000
(5,2),(29,9):0.000000
(5,2),(29,15):0.000000
(5,2),(31,15):0.000000
(5,2),(31,16):0.000000
(5,2),(32,16):0.000000
(5,2),(32,28):0.000000
(5,2),(35,28):0.000000
(5,2),(35,30):0.000000
(5,1),(20,1):50.750000
(5,1),(20,7):45.000000
(5,1),(27,7):0.000000
(5,1),(27,9):0.000000
(5,1),(29,9):0.000000
(5,1),(29,15):0.000000
(5,1),(31,15):0.000000
(5,1),(31,16):0.000000
(5,1),(32,16):0.000000
(5,1),(32,28):0.000000
(5,1),(35,28):0.000000
(5,1),(35,30):0.000000
(20,1),(20,7):79.000000
(20,1),(27,7):18.000000
(20,1),(27,9):22.160715
(20,1),(29,9):5.800000
(20,1),(29,15):0.000000
(20,1),(31,15):0.000000
(20,1),(31,16):0.000000
(20,1),(32,16):0.000000
(20,1),(32,28):0.000000
(20,1),(35,28):0.000000
(20,1),(35,30):0.000000
(20,7),(27,7):40.200001
(20,7),(27,9):49.389286
(20,7),(29,9):19.028572
(20,7),(29,15):15.161904
(20,7),(31,15):0.000000
(20,7),(31,16):0.000000
(20,7),(32,16):0.000000
(20,7),(32,28):0.000000
(20,7),(35,28):0.000000
(20,7),(35,30):0.000000
(27,7),(27,9):52.000000
(27,7),(29,9):27.799999
(27,7),(29,15):23.933332
(27,7),(31,15):5.000000
(27,7),(31,16):8.000000
(27,7),(32,16):3.000000
(27,7),(32,28):0.000000
(27,7),(35,28):0.000000
(27,7),(35,30):0.000000
(27,9),(29,9):45.799999
(27,9),(29,15):43.433334
(27,9),(31,15):12.500000
(27,9),(31,16):16.500000
(27,9),(32,16):8.333333
(27,9),(32,28):0.000000
(27,9),(35,28):0.000000
(27,9),(35,30):0.000000
(29,9),(29,15):35.400002
(29,9),(31,15):11.000000
(29,9),(31,16):15.000000
(29,9),(32,16):7.000000
(29,9),(32,28):0.000000
(29,9),(35,28):0.000000
(29,9),(35,30):0.000000
(29,15),(31,15):18.500000
(29,15),(31,16):28.750000
(29,15),(32,16):18.750000
(29,15),(32,28):11.608334
(29,15),(35,28):0.000000
(29,15),(35,30):0.000000
(31,15),(31,16):33.333332
(31,15),(32,16):27.333334
(31,15),(32,28):20.191668
(31,15),(35,28):2.250000
(31,15),(35,30):1.591667
(31,16),(32,16):41.400002
(31,16),(32,28):34.299999
(31,16),(35,28):3.541667
(31,16),(35,30):2.351779
(32,16),(32,28):39.200001
(32,16),(35,28):5.000000
(32,16),(35,30):3.304825
(32,28),(35,28):12.500000
(32,28),(35,30):12.500000
(35,28),(35,30):5.000000
