28
(12,10):(11,2)	(11,3)	(11,4)	(11,5)	(11,12)	(12,2)	(12,3)	(12,4)	(12,5)	(12,6)	(12,7)	(12,8)	(12,9)	(12,10)	(12,13)	(13,1)	(13,2)	(13,3)	(13,4)	(13,5)	(13,6)	(13,7)	(13,8)	(13,9)	(14,2)	(14,10)	
(12,13):(5,12)	(5,13)	(6,13)	(7,13)	(8,13)	(9,13)	(11,2)	(11,3)	(11,4)	(11,5)	(11,12)	(12,2)	(12,3)	(12,4)	(12,5)	(12,6)	(12,7)	(12,8)	(12,9)	(12,10)	(12,13)	
(9,13):(4,14)	(5,12)	(5,13)	(6,13)	(7,13)	(8,13)	(9,13)	(9,14)	(11,12)	(12,13)	
(9,14):(4,14)	(5,12)	(5,13)	(6,13)	(7,13)	(8,13)	(9,13)	(9,14)	
(4,14):(4,10)	(4,11)	(4,14)	(5,9)	(5,12)	(5,13)	(6,13)	(7,13)	(8,13)	(9,13)	(9,14)	(11,12)	
(4,11):(1,9)	(1,11)	(2,10)	(3,10)	(4,10)	(4,11)	(4,14)	(5,9)	(5,12)	(5,13)	(6,13)	
(1,11):(1,9)	(1,11)	(2,10)	(3,10)	(4,10)	(4,11)	(5,9)	
(1,9):(1,9)	(1,11)	(2,10)	(3,10)	(4,10)	(4,11)	(5,9)	
(5,9):(1,9)	(1,11)	(2,10)	(3,10)	(4,10)	(4,11)	(4,14)	(5,9)	(5,12)	(5,13)	
(5,12):(3,10)	(4,10)	(4,11)	(4,14)	(5,9)	(5,12)	(5,13)	(6,13)	(7,13)	(8,13)	(9,13)	(9,14)	(11,12)	(12,13)	
(11,12):(4,14)	(5,12)	(5,13)	(6,13)	(7,13)	(8,13)	(9,13)	(11,2)	(11,3)	(11,4)	(11,5)	(11,12)	(12,2)	(12,3)	(12,4)	(12,5)	(12,6)	(12,7)	(12,8)	(12,9)	(12,10)	(12,13)	(13,1)	(13,2)	(13,3)	(13,4)	(13,5)	(13,6)	(13,7)	(13,8)	(14,2)	
(11,5):(3,4)	(4,5)	(5,5)	(6,5)	(7,3)	(7,4)	(7,5)	(8,1)	(8,3)	(8,4)	(8,5)	(9,2)	(9,3)	(9,4)	(9,5)	(10,2)	(10,3)	(10,4)	(10,5)	(11,2)	(11,3)	(11,4)	(11,5)	(11,12)	(12,2)	(12,3)	(12,4)	(12,5)	(12,6)	(12,7)	(12,8)	(12,9)	(12,10)	(12,13)	(13,1)	(13,2)	(13,3)	(13,4)	(13,5)	(13,6)	(13,7)	(13,8)	(13,9)	(14,2)	(14,10)	
(10,5):(3,4)	(3,6)	(4,5)	(5,5)	(6,5)	(6,6)	(6,7)	(7,3)	(7,4)	(7,5)	(7,6)	(7,7)	(8,1)	(8,3)	(8,4)	(8,5)	(8,6)	(8,7)	(9,2)	(9,3)	(9,4)	(9,5)	(9,6)	(9,7)	(10,2)	(10,3)	(10,4)	(10,5)	(10,8)	(11,2)	(11,3)	(11,4)	(11,5)	(12,2)	(12,3)	(12,4)	(12,5)	(13,1)	(13,2)	(13,3)	(13,4)	(13,5)	(14,2)	
(10,8):(2,7)	(2,8)	(3,4)	(4,5)	(5,5)	(6,5)	(6,6)	(6,7)	(7,3)	(7,4)	(7,5)	(7,6)	(7,7)	(8,1)	(8,3)	(8,4)	(8,5)	(8,6)	(8,7)	(9,2)	(9,3)	(9,4)	(9,5)	(9,6)	(9,7)	(10,2)	(10,3)	(10,4)	(10,5)	(10,8)	
(2,8):(2,7)	(2,8)	(6,7)	(7,7)	(8,7)	(9,7)	(10,8)	
(2,7):(2,7)	(2,8)	(6,7)	(7,7)	(8,7)	(9,7)	(10,8)	
(6,7):(2,7)	(2,8)	(6,5)	(6,6)	(6,7)	(7,4)	(7,5)	(7,6)	(7,7)	(8,3)	(8,4)	(8,5)	(8,6)	(8,7)	(9,2)	(9,3)	(9,4)	(9,5)	(9,6)	(9,7)	(10,2)	(10,3)	(10,4)	(10,5)	(10,8)	(11,2)	(11,3)	(11,4)	(12,2)	(12,3)	(12,4)	(13,1)	(13,2)	(13,3)	(14,2)	
(6,6):(3,4)	(3,6)	(4,5)	(5,5)	(6,5)	(6,6)	(6,7)	(7,4)	(7,5)	(7,6)	(7,7)	(8,3)	(8,4)	(8,5)	(8,6)	(8,7)	(9,2)	(9,3)	(9,4)	(9,5)	(9,6)	(9,7)	(10,2)	(10,3)	(10,4)	(10,5)	(10,8)	(11,2)	(11,3)	(11,4)	(12,2)	(12,3)	(12,4)	(13,1)	(13,2)	(13,3)	(13,4)	(14,2)	
(3,6):(3,4)	(3,6)	(4,5)	(5,5)	(6,5)	(6,6)	(7,4)	(7,5)	(7,6)	(8,4)	(8,5)	(8,6)	(9,3)	(9,4)	(9,5)	(9,6)	(10,3)	(10,4)	(10,5)	(11,2)	(11,3)	(11,4)	(12,2)	(12,3)	(12,4)	(13,1)	(13,2)	(13,3)	(13,4)	(14,2)	
(3,4):(3,4)	(3,6)	(4,5)	(5,5)	(6,5)	(6,6)	(7,4)	(7,5)	(7,6)	(8,4)	(8,5)	(8,6)	(8,7)	(9,4)	(9,5)	(9,6)	(9,7)	(10,4)	(10,5)	(10,8)	(11,4)	(11,5)	(12,4)	(12,5)	(13,4)	(13,5)	
(7,4):(3,4)	(3,6)	(4,5)	(5,5)	(6,5)	(6,6)	(6,7)	(7,3)	(7,4)	(7,5)	(7,6)	(7,7)	(8,3)	(8,4)	(8,5)	(8,6)	(8,7)	(9,2)	(9,3)	(9,4)	(9,5)	(9,6)	(9,7)	(10,2)	(10,3)	(10,4)	(10,5)	(10,8)	(11,2)	(11,3)	(11,4)	(11,5)	(12,2)	(12,3)	(12,4)	(12,5)	(13,1)	(13,2)	(13,3)	(13,4)	(13,5)	(14,2)	
(7,3):(7,3)	(7,4)	(7,5)	(7,6)	(7,7)	(8,3)	(8,4)	(8,5)	(8,6)	(8,7)	(9,3)	(9,4)	(9,5)	(9,6)	(9,7)	(10,3)	(10,4)	(10,5)	(10,8)	(11,3)	(11,4)	(11,5)	(12,3)	(12,4)	(12,5)	(13,3)	(13,4)	(13,5)	(13,6)	
(8,3):(6,5)	(6,6)	(6,7)	(7,3)	(7,4)	(7,5)	(7,6)	(7,7)	(8,1)	(8,3)	(8,4)	(8,5)	(8,6)	(8,7)	(9,2)	(9,3)	(9,4)	(9,5)	(9,6)	(9,7)	(10,2)	(10,3)	(10,4)	(10,5)	(10,8)	(11,2)	(11,3)	(11,4)	(11,5)	(12,2)	(12,3)	(12,4)	(12,5)	(13,1)	(13,2)	(13,3)	(13,4)	(13,5)	(13,6)	(14,2)	
(8,1):(8,1)	(8,3)	(8,4)	(8,5)	(8,6)	(8,7)	(9,2)	(9,3)	(9,4)	(9,5)	(9,6)	(9,7)	(10,2)	(10,3)	(10,4)	(10,5)	(10,8)	(11,2)	(11,3)	(11,4)	(11,5)	(12,2)	(12,3)	(12,4)	(12,5)	(12,6)	(13,1)	(13,2)	(13,3)	(13,4)	(13,5)	(13,6)	(13,7)	
(13,1):(3,6)	(5,5)	(6,5)	(6,6)	(6,7)	(7,4)	(7,5)	(7,6)	(7,7)	(8,1)	(8,3)	(8,4)	(8,5)	(8,6)	(8,7)	(9,2)	(9,3)	(9,4)	(9,5)	(9,6)	(10,2)	(10,3)	(10,4)	(10,5)	(11,2)	(11,3)	(11,4)	(11,5)	(11,12)	(12,2)	(12,3)	(12,4)	(12,5)	(12,6)	(12,7)	(12,8)	(12,9)	(12,10)	(13,1)	(13,2)	(13,3)	(13,4)	(13,5)	(13,6)	(13,7)	(13,8)	(13,9)	
(13,2):(3,6)	(4,5)	(5,5)	(6,5)	(6,6)	(6,7)	(7,4)	(7,5)	(7,6)	(7,7)	(8,1)	(8,3)	(8,4)	(8,5)	(8,6)	(8,7)	(9,2)	(9,3)	(9,4)	(9,5)	(9,6)	(10,2)	(10,3)	(10,4)	(10,5)	(11,2)	(11,3)	(11,4)	(11,5)	(11,12)	(12,2)	(12,3)	(12,4)	(12,5)	(12,6)	(12,7)	(12,8)	(12,9)	(12,10)	(13,1)	(13,2)	(13,3)	(13,4)	(13,5)	(13,6)	(13,7)	(13,8)	(13,9)	(14,2)	(14,10)	
(14,2):(3,6)	(4,5)	(5,5)	(6,5)	(6,6)	(6,7)	(7,4)	(7,5)	(7,6)	(7,7)	(8,3)	(8,4)	(8,5)	(8,6)	(9,2)	(9,3)	(9,4)	(9,5)	(10,2)	(10,3)	(10,4)	(10,5)	(11,2)	(11,3)	(11,4)	(11,5)	(11,12)	(12,2)	(12,3)	(12,4)	(12,5)	(12,6)	(12,7)	(12,8)	(12,9)	(12,10)	(13,2)	(13,3)	(13,4)	(13,5)	(13,6)	(13,7)	(13,8)	(13,9)	(14,2)	(14,10)	
(14,10):(10,2)	(10,3)	(11,2)	(11,3)	(11,4)	(11,5)	(12,2)	(12,3)	(12,4)	(12,5)	(12,6)	(12,7)	(12,8)	(12,9)	(12,10)	(13,2)	(13,3)	(13,4)	(13,5)	(13,6)	(13,7)	(13,8)	(13,9)	(14,2)	(14,10)	
(12,10):30.850000
(12,13):20.071428
(9,13):13.375000
(9,14):10.250000
(4,14):15.242857
(4,11):13.000000
(1,11):8.000000
(1,9):8.333333
(5,9):11.000000
(5,12):18.000000
(11,12):36.000000
(11,5):47.000000
(10,5):45.000000
(10,8):30.750000
(2,8):10.000000
(2,7):8.000000
(6,7):36.833332
(6,6):40.416668
(3,6):27.857143
(3,4):23.562500
(7,4):43.291668
(7,3):25.250000
(8,3):41.250000
(8,1):34.900002
(13,1):46.599243
(13,2):54.970833
(14,2):48.455952
(14,10):30.737499
(12,10),(12,13):13.250000
(12,10),(9,13):1.500000
(12,10),(9,14):0.000000
(12,10),(4,14):0.742857
(12,10),(4,11):0.000000
(12,10),(1,11):0.000000
(12,10),(1,9):0.000000
(12,10),(5,9):0.000000
(12,10),(5,12):1.250000
(12,10),(11,12):25.250000
(12,10),(11,5):30.600000
(12,10),(10,5):12.600000
(12,10),(10,8):0.000000
(12,10),(2,8):0.000000
(12,10),(2,7):0.000000
(12,10),(6,7):8.827272
(12,10),(6,6):10.719048
(12,10),(3,6):9.744769
(12,10),(3,4):3.662500
(12,10),(7,4):13.725000
(12,10),(7,3):8.650000
(12,10),(8,3):15.600000
(12,10),(8,1):18.500000
(12,10),(13,1):22.190908
(12,10),(13,2):30.137501
(12,10),(14,2):26.924999
(12,10),(14,10):27.537500
(12,13),(9,13):8.321428
(12,13),(9,14):5.071429
(12,13),(4,14):7.314286
(12,13),(4,11):1.571429
(12,13),(1,11):0.000000
(12,13),(1,9):0.000000
(12,13),(5,9):1.071429
(12,13),(5,12):8.071428
(12,13),(11,12):19.000000
(12,13),(11,5):13.000000
(12,13),(10,5):5.000000
(12,13),(10,8):0.000000
(12,13),(2,8):0.000000
(12,13),(2,7):0.000000
(12,13),(6,7):4.235294
(12,13),(6,6):4.621212
(12,13),(3,6):3.563873
(12,13),(3,4):1.125000
(12,13),(7,4):5.125000
(12,13),(7,3):2.500000
(12,13),(8,3):5.333333
(12,13),(8,1):5.666667
(12,13),(13,1):12.590909
(12,13),(13,2):12.537500
(12,13),(14,2):10.587500
(12,13),(14,10):10.000000
(9,13),(9,14):10.125000
(9,13),(4,14):12.367857
(9,13),(4,11):4.125000
(9,13),(1,11):0.000000
(9,13),(1,9):0.000000
(9,13),(5,9):2.125000
(9,13),(5,12):13.125000
(9,13),(11,12):12.250000
(9,13),(11,5):1.250000
(9,13),(10,5):0.000000
(9,13),(10,8):0.000000
(9,13),(2,8):0.000000
(9,13),(2,7):0.000000
(9,13),(6,7):0.000000
(9,13),(6,6):0.000000
(9,13),(3,6):0.000000
(9,13),(3,4):0.000000
(9,13),(7,4):0.000000
(9,13),(7,3):0.000000
(9,13),(8,3):0.000000
(9,13),(8,1):0.000000
(9,13),(13,1):0.973262
(9,13),(13,2):0.937500
(9,13),(14,2):0.596429
(9,13),(14,10):0.000000
(9,14),(4,14):10.250000
(9,14),(4,11):4.250000
(9,14),(1,11):0.000000
(9,14),(1,9):0.000000
(9,14),(5,9):2.250000
(9,14),(5,12):10.250000
(9,14),(11,12):9.000000
(9,14),(11,5):0.000000
(9,14),(10,5):0.000000
(9,14),(10,8):0.000000
(9,14),(2,8):0.000000
(9,14),(2,7):0.000000
(9,14),(6,7):0.000000
(9,14),(6,6):0.000000
(9,14),(3,6):0.000000
(9,14),(3,4):0.000000
(9,14),(7,4):0.000000
(9,14),(7,3):0.000000
(9,14),(8,3):0.000000
(9,14),(8,1):0.000000
(9,14),(13,1):0.000000
(9,14),(13,2):0.000000
(9,14),(14,2):0.000000
(9,14),(14,10):0.000000
(4,14),(4,11):7.000000
(4,14),(1,11):2.000000
(4,14),(1,9):2.333333
(4,14),(5,9):5.000000
(4,14),(5,12):15.100000
(4,14),(11,12):11.242857
(4,14),(11,5):0.642857
(4,14),(10,5):0.000000
(4,14),(10,8):0.000000
(4,14),(2,8):0.000000
(4,14),(2,7):0.000000
(4,14),(6,7):0.000000
(4,14),(6,6):0.000000
(4,14),(3,6):0.000000
(4,14),(3,4):0.000000
(4,14),(7,4):0.000000
(4,14),(7,3):0.000000
(4,14),(8,3):0.000000
(4,14),(8,1):0.000000
(4,14),(13,1):0.518165
(4,14),(13,2):0.501603
(4,14),(14,2):0.338014
(4,14),(14,10):0.000000
(4,11),(1,11):8.000000
(4,11),(1,9):8.333333
(4,11),(5,9):11.000000
(4,11),(5,12):9.000000
(4,11),(11,12):4.000000
(4,11),(11,5):0.000000
(4,11),(10,5):0.000000
(4,11),(10,8):0.000000
(4,11),(2,8):0.000000
(4,11),(2,7):0.000000
(4,11),(6,7):0.000000
(4,11),(6,6):0.000000
(4,11),(3,6):0.000000
(4,11),(3,4):0.000000
(4,11),(7,4):0.000000
(4,11),(7,3):0.000000
(4,11),(8,3):0.000000
(4,11),(8,1):0.000000
(4,11),(13,1):0.000000
(4,11),(13,2):0.000000
(4,11),(14,2):0.000000
(4,11),(14,10):0.000000
(1,11),(1,9):8.000000
(1,11),(5,9):8.000000
(1,11),(5,12):4.000000
(1,11),(11,12):0.000000
(1,11),(11,5):0.000000
(1,11),(10,5):0.000000
(1,11),(10,8):0.000000
(1,11),(2,8):0.000000
(1,11),(2,7):0.000000
(1,11),(6,7):0.000000
(1,11),(6,6):0.000000
(1,11),(3,6):0.000000
(1,11),(3,4):0.000000
(1,11),(7,4):0.000000
(1,11),(7,3):0.000000
(1,11),(8,3):0.000000
(1,11),(8,1):0.000000
(1,11),(13,1):0.000000
(1,11),(13,2):0.000000
(1,11),(14,2):0.000000
(1,11),(14,10):0.000000
(1,9),(5,9):8.333333
(1,9),(5,12):4.333333
(1,9),(11,12):0.000000
(1,9),(11,5):0.000000
(1,9),(10,5):0.000000
(1,9),(10,8):0.000000
(1,9),(2,8):0.000000
(1,9),(2,7):0.000000
(1,9),(6,7):0.000000
(1,9),(6,6):0.000000
(1,9),(3,6):0.000000
(1,9),(3,4):0.000000
(1,9),(7,4):0.000000
(1,9),(7,3):0.000000
(1,9),(8,3):0.000000
(1,9),(8,1):0.000000
(1,9),(13,1):0.000000
(1,9),(13,2):0.000000
(1,9),(14,2):0.000000
(1,9),(14,10):0.000000
(5,9),(5,12):7.000000
(5,9),(11,12):2.000000
(5,9),(11,5):0.000000
(5,9),(10,5):0.000000
(5,9),(10,8):0.000000
(5,9),(2,8):0.000000
(5,9),(2,7):0.000000
(5,9),(6,7):0.000000
(5,9),(6,6):0.000000
(5,9),(3,6):0.000000
(5,9),(3,4):0.000000
(5,9),(7,4):0.000000
(5,9),(7,3):0.000000
(5,9),(8,3):0.000000
(5,9),(8,1):0.000000
(5,9),(13,1):0.000000
(5,9),(13,2):0.000000
(5,9),(14,2):0.000000
(5,9),(14,10):0.000000
(5,12),(11,12):12.000000
(5,12),(11,5):1.000000
(5,12),(10,5):0.000000
(5,12),(10,8):0.000000
(5,12),(2,8):0.000000
(5,12),(2,7):0.000000
(5,12),(6,7):0.000000
(5,12),(6,6):0.000000
(5,12),(3,6):0.000000
(5,12),(3,4):0.000000
(5,12),(7,4):0.000000
(5,12),(7,3):0.000000
(5,12),(8,3):0.000000
(5,12),(8,1):0.000000
(5,12),(13,1):0.813131
(5,12),(13,2):0.787500
(5,12),(14,2):0.525000
(5,12),(14,10):0.000000
(11,12),(11,5):25.000000
(11,12),(10,5):11.000000
(11,12),(10,8):0.000000
(11,12),(2,8):0.000000
(11,12),(2,7):0.000000
(11,12),(6,7):7.250000
(11,12),(6,6):9.125000
(11,12),(3,6):8.928572
(11,12),(3,4):3.562500
(11,12),(7,4):12.125000
(11,12),(7,3):8.200000
(11,12),(8,3):13.812500
(11,12),(8,1):15.550000
(11,12),(13,1):19.590910
(11,12),(13,2):24.537500
(11,12),(14,2):22.025000
(11,12),(14,10):21.937500
(11,5),(10,5):29.000000
(11,5),(10,8):13.750000
(11,5),(2,8):0.000000
(11,5),(2,7):0.000000
(11,5),(6,7):20.833334
(11,5),(6,6):25.416666
(11,5),(3,6):20.857143
(11,5),(3,4):11.562500
(11,5),(7,4):28.125000
(11,5),(7,3):16.250000
(11,5),(8,3):28.500000
(11,5),(8,1):28.900000
(11,5),(13,1):35.299999
(11,5),(13,2):43.837502
(11,5),(14,2):38.541668
(11,5),(14,10):30.737499
(10,5),(10,8):27.750000
(10,5),(2,8):7.000000
(10,5),(2,7):5.000000
(10,5),(6,7):33.833332
(10,5),(6,6):40.416668
(10,5),(3,6):27.857143
(10,5),(3,4):23.000000
(10,5),(7,4):42.166668
(10,5),(7,3):23.000000
(10,5),(8,3):38.250000
(10,5),(8,1):28.900000
(10,5),(13,1):34.008335
(10,5),(13,2):37.433334
(10,5),(14,2):31.430952
(10,5),(14,10):15.737500
(10,8),(2,8):10.000000
(10,8),(2,7):8.000000
(10,8),(6,7):25.833334
(10,8),(6,6):25.166666
(10,8),(3,6):14.000000
(10,8),(3,4):16.750000
(10,8),(7,4):24.916666
(10,8),(7,3):15.000000
(10,8),(8,3):23.083334
(10,8),(8,1):14.000000
(10,8),(13,1):20.883333
(10,8),(13,2):20.600000
(10,8),(14,2):17.443939
(10,8),(14,10):1.633333
(2,8),(2,7):8.000000
(2,8),(6,7):10.000000
(2,8),(6,6):6.000000
(2,8),(3,6):0.000000
(2,8),(3,4):3.545455
(2,8),(7,4):6.166667
(2,8),(7,3):4.875000
(2,8),(8,3):6.250000
(2,8),(8,1):3.500000
(2,8),(13,1):3.669872
(2,8),(13,2):2.866667
(2,8),(14,2):1.800000
(2,8),(14,10):0.000000
(2,7),(6,7):8.000000
(2,7),(6,6):4.000000
(2,7),(3,6):0.000000
(2,7),(3,4):1.750000
(2,7),(7,4):4.166667
(2,7),(7,3):3.000000
(2,7),(8,3):4.250000
(2,7),(8,1):2.000000
(2,7),(13,1):2.708333
(2,7),(13,2):2.200000
(2,7),(14,2):1.466667
(2,7),(14,10):0.000000
(6,7),(6,6):32.416668
(6,7),(3,6):19.000000
(6,7),(3,4):14.000000
(6,7),(7,4):32.000000
(6,7),(7,3):18.833334
(6,7),(8,3):32.583332
(6,7),(8,1):23.900000
(6,7),(13,1):28.439102
(6,7),(13,2):28.819048
(6,7),(14,2):23.201260
(6,7),(14,10):11.857080
(6,6),(3,6):27.000000
(6,6),(3,4):21.000000
(6,6),(7,4):39.750000
(6,6),(7,3):20.750000
(6,6),(8,3):34.416668
(6,6),(8,1):25.566668
(6,6),(13,1):30.854166
(6,6),(13,2):33.222221
(6,6),(14,2):28.108225
(6,6),(14,10):13.633915
(3,6),(3,4):16.857143
(3,6),(7,4):27.857143
(3,6),(7,3):14.857142
(3,6),(8,3):21.857143
(3,6),(8,1):17.507143
(3,6),(13,1):20.982143
(3,6),(13,2):24.690475
(3,6),(14,2):23.904762
(3,6),(14,10):10.941031
(3,4),(7,4):23.562500
(3,4),(7,3):15.229167
(3,4),(8,3):17.562500
(3,4),(8,1):12.229167
(3,4),(13,1):15.222222
(3,4),(13,2):17.195833
(3,4),(14,2):16.865021
(3,4),(14,10):3.862500
(7,4),(7,3):24.125000
(7,4),(8,3):37.291668
(7,4),(8,1):28.025000
(7,4),(13,1):32.091667
(7,4),(13,2):36.025002
(7,4),(14,2):31.422619
(7,4),(14,10):16.250000
(7,3),(8,3):25.250000
(7,3),(8,1):20.250000
(7,3),(13,1):18.424999
(7,3),(13,2):20.650000
(7,3),(14,2):19.541666
(7,3),(14,10):9.450000
(8,3),(8,1):31.900000
(8,3),(13,1):33.008335
(8,3),(13,2):36.650002
(8,3),(14,2):30.166666
(8,3),(14,10):18.737499
(8,1),(13,1):25.333334
(8,1),(13,2):30.900000
(8,1),(14,2):25.400000
(8,1),(14,10):21.637501
(13,1),(13,2):45.411743
(13,1),(14,2):38.349243
(13,1),(14,10):22.737499
(13,2),(14,2):47.908333
(13,2),(14,10):30.737499
(14,2),(14,10):26.700001
