70
(34,20):(26,19)	(27,20)	(27,21)	(27,22)	(27,23)	(27,24)	(27,25)	(28,20)	(28,21)	(28,22)	(28,23)	(28,24)	(29,20)	(29,21)	(29,22)	(29,23)	(29,24)	(30,20)	(30,21)	(30,22)	(30,23)	(31,20)	(31,21)	(31,22)	(31,23)	(32,7)	(32,8)	(32,9)	(32,19)	(32,20)	(32,21)	(32,22)	(32,23)	(33,7)	(33,8)	(33,9)	(33,10)	(33,11)	(33,12)	(33,13)	(33,14)	(33,15)	(33,16)	(33,17)	(33,18)	(33,19)	(33,20)	(33,21)	(33,22)	(33,23)	(34,7)	(34,8)	(34,9)	(34,10)	(34,11)	(34,12)	(34,13)	(34,14)	(34,15)	(34,16)	(34,17)	(34,18)	(34,19)	(34,20)	(34,24)	(35,6)	(35,20)	
(34,24):(26,19)	(27,20)	(27,21)	(27,22)	(27,23)	(27,24)	(28,20)	(28,21)	(28,22)	(28,23)	(28,24)	(29,20)	(29,21)	(29,22)	(29,23)	(29,24)	(30,20)	(30,21)	(30,22)	(30,23)	(31,20)	(31,21)	(31,22)	(31,23)	(32,7)	(32,8)	(32,9)	(32,19)	(32,20)	(32,21)	(32,22)	(32,23)	(33,7)	(33,8)	(33,9)	(33,10)	(33,11)	(33,12)	(33,13)	(33,14)	(33,15)	(33,16)	(33,17)	(33,18)	(33,19)	(33,20)	(33,21)	(33,22)	(33,23)	(34,7)	(34,8)	(34,9)	(34,10)	(34,11)	(34,12)	(34,13)	(34,14)	(34,15)	(34,16)	(34,17)	(34,18)	(34,19)	(34,20)	(34,24)	
(29,24):(26,19)	(26,29)	(27,20)	(27,21)	(27,22)	(27,23)	(27,24)	(27,25)	(27,26)	(27,27)	(27,28)	(27,29)	(27,30)	(27,31)	(27,32)	(27,33)	(27,34)	(28,20)	(28,21)	(28,22)	(28,23)	(28,24)	(28,25)	(28,26)	(28,27)	(28,28)	(28,29)	(28,30)	(28,31)	(28,32)	(28,33)	(28,34)	(29,20)	(29,21)	(29,22)	(29,23)	(29,24)	(29,34)	(30,20)	(30,21)	(30,22)	(30,23)	(31,20)	(31,21)	(31,22)	(31,23)	(32,19)	(32,20)	(32,21)	(32,22)	(32,23)	(33,18)	(33,19)	(33,20)	(33,21)	(33,22)	(33,23)	(34,16)	(34,17)	(34,18)	(34,19)	(34,20)	(34,24)	
(29,34):(14,31)	(19,32)	(20,32)	(21,32)	(22,32)	(23,32)	(24,32)	(24,33)	(25,32)	(25,33)	(25,34)	(26,19)	(26,32)	(26,33)	(26,34)	(27,20)	(27,21)	(27,22)	(27,23)	(27,24)	(27,25)	(27,26)	(27,27)	(27,28)	(27,29)	(27,30)	(27,31)	(27,32)	(27,33)	(27,34)	(28,20)	(28,21)	(28,22)	(28,23)	(28,24)	(28,25)	(28,26)	(28,27)	(28,28)	(28,29)	(28,30)	(28,31)	(28,32)	(28,33)	(28,34)	(29,20)	(29,21)	(29,22)	(29,23)	(29,24)	(29,34)	
(28,34):(20,32)	(21,32)	(22,32)	(23,32)	(24,32)	(24,33)	(24,35)	(25,32)	(25,33)	(25,34)	(26,19)	(26,32)	(26,33)	(26,34)	(27,20)	(27,21)	(27,22)	(27,23)	(27,24)	(27,25)	(27,26)	(27,27)	(27,28)	(27,29)	(27,30)	(27,31)	(27,32)	(27,33)	(27,34)	(28,20)	(28,21)	(28,22)	(28,23)	(28,24)	(28,25)	(28,26)	(28,27)	(28,28)	(28,29)	(28,30)	(28,31)	(28,32)	(28,33)	(28,34)	(28,35)	(29,20)	(29,21)	(29,22)	(29,23)	(29,24)	(29,34)	
(28,35):(22,32)	(23,32)	(24,32)	(24,33)	(24,35)	(25,32)	(25,33)	(25,34)	(26,19)	(26,32)	(26,33)	(26,34)	(27,20)	(27,21)	(27,22)	(27,23)	(27,24)	(27,25)	(27,26)	(27,27)	(27,28)	(27,29)	(27,30)	(27,31)	(27,32)	(27,33)	(27,34)	(28,20)	(28,21)	(28,22)	(28,23)	(28,24)	(28,25)	(28,26)	(28,27)	(28,28)	(28,29)	(28,30)	(28,31)	(28,32)	(28,33)	(28,34)	(28,35)	
(24,35):(24,32)	(24,33)	(24,35)	(25,32)	(25,33)	(25,34)	(26,32)	(26,33)	(26,34)	(27,31)	(27,32)	(27,33)	(27,34)	(28,30)	(28,31)	(28,32)	(28,33)	(28,34)	(28,35)	
(24,33):(13,32)	(13,33)	(14,31)	(14,32)	(15,32)	(16,32)	(17,32)	(18,32)	(19,32)	(20,32)	(21,32)	(22,32)	(23,32)	(24,32)	(24,33)	(24,35)	(25,32)	(25,33)	(25,34)	(26,32)	(26,33)	(26,34)	(27,31)	(27,32)	(27,33)	(27,34)	(28,31)	(28,32)	(28,33)	(28,34)	(28,35)	(29,34)	
(13,33):(13,32)	(13,33)	(14,32)	(15,32)	(16,32)	(17,32)	(18,32)	(19,32)	(20,32)	(21,32)	(22,32)	(23,32)	(24,32)	(24,33)	(25,32)	(25,33)	(26,32)	(26,33)	(27,31)	(27,32)	(27,33)	(28,31)	(28,32)	(28,33)	
(13,32):(13,32)	(13,33)	(14,32)	(15,32)	(16,32)	(17,32)	(18,32)	(19,32)	(20,32)	(21,32)	(22,32)	(23,32)	(24,32)	(24,33)	(25,32)	(25,33)	(26,32)	(26,33)	(27,32)	(27,33)	(28,32)	(28,33)	
(14,32):(13,32)	(13,33)	(14,31)	(14,32)	(15,32)	(16,32)	(17,32)	(18,32)	(19,32)	(20,32)	(21,32)	(22,32)	(23,32)	(24,32)	(24,33)	(25,32)	(25,33)	(26,32)	(26,33)	(27,31)	(27,32)	(27,33)	(28,31)	(28,32)	(28,33)	
(14,31):(14,31)	(14,32)	(15,32)	(16,32)	(17,32)	(18,32)	(19,32)	(20,32)	(21,32)	(22,32)	(23,32)	(24,32)	(24,33)	(25,32)	(25,33)	(26,32)	(26,33)	(27,31)	(27,32)	(27,33)	(28,31)	(28,32)	(28,33)	(29,34)	
(27,31):(13,33)	(14,31)	(14,32)	(15,32)	(16,32)	(17,32)	(18,32)	(19,32)	(20,32)	(21,32)	(22,32)	(23,32)	(24,32)	(24,33)	(24,35)	(25,32)	(25,33)	(25,34)	(26,32)	(26,33)	(26,34)	(27,20)	(27,21)	(27,22)	(27,23)	(27,24)	(27,25)	(27,26)	(27,27)	(27,28)	(27,29)	(27,30)	(27,31)	(27,32)	(27,33)	(27,34)	(28,20)	(28,21)	(28,22)	(28,23)	(28,24)	(28,25)	(28,26)	(28,27)	(28,28)	(28,29)	(28,30)	(28,31)	(28,32)	(28,33)	(28,34)	(28,35)	(29,20)	(29,21)	(29,22)	(29,23)	(29,24)	(29,34)	(30,20)	
(27,30):(23,29)	(23,30)	(26,19)	(26,29)	(27,20)	(27,21)	(27,22)	(27,23)	(27,24)	(27,25)	(27,26)	(27,27)	(27,28)	(27,29)	(27,30)	(27,31)	(27,32)	(27,33)	(27,34)	(28,20)	(28,21)	(28,22)	(28,23)	(28,24)	(28,25)	(28,26)	(28,27)	(28,28)	(28,29)	(28,30)	(28,31)	(28,32)	(28,33)	(28,34)	(28,35)	(29,20)	(29,21)	(29,22)	(29,23)	(29,24)	(29,34)	(30,20)	(30,21)	
(23,30):(23,29)	(23,30)	(26,29)	(27,29)	(27,30)	(28,29)	(28,30)	
(23,29):(23,29)	(23,30)	(26,29)	(27,29)	(27,30)	(28,29)	(28,30)	
(26,29):(23,29)	(23,30)	(26,19)	(26,29)	(27,20)	(27,21)	(27,22)	(27,23)	(27,24)	(27,25)	(27,26)	(27,27)	(27,28)	(27,29)	(27,30)	(28,20)	(28,21)	(28,22)	(28,23)	(28,24)	(28,25)	(28,26)	(28,27)	(28,28)	(28,29)	(28,30)	(28,31)	(29,20)	(29,21)	(29,22)	(29,23)	(29,24)	(30,20)	(30,21)	(30,22)	(31,20)	(32,19)	
(26,19):(26,19)	(26,29)	(27,20)	(27,21)	(27,22)	(27,23)	(27,24)	(27,25)	(27,26)	(27,27)	(27,28)	(27,29)	(27,30)	(28,20)	(28,21)	(28,22)	(28,23)	(28,24)	(28,25)	(28,26)	(28,27)	(28,28)	(28,29)	(28,30)	(28,31)	(28,32)	(28,33)	(28,34)	(28,35)	(29,20)	(29,21)	(29,22)	(29,23)	(29,24)	(29,34)	(30,20)	(30,21)	(30,22)	(30,23)	(31,20)	(31,21)	(31,22)	(31,23)	(32,19)	(32,20)	(32,21)	(32,22)	(32,23)	(33,19)	(33,20)	(33,21)	(33,22)	(33,23)	(34,19)	(34,20)	(34,24)	(35,20)	
(32,19):(26,19)	(26,29)	(27,20)	(27,21)	(27,22)	(27,23)	(27,24)	(27,25)	(27,26)	(27,27)	(28,20)	(28,21)	(28,22)	(28,23)	(28,24)	(28,25)	(29,20)	(29,21)	(29,22)	(29,23)	(29,24)	(30,20)	(30,21)	(30,22)	(30,23)	(31,20)	(31,21)	(31,22)	(31,23)	(32,7)	(32,8)	(32,9)	(32,19)	(32,20)	(32,21)	(32,22)	(32,23)	(33,7)	(33,8)	(33,9)	(33,10)	(33,11)	(33,12)	(33,13)	(33,14)	(33,15)	(33,16)	(33,17)	(33,18)	(33,19)	(33,20)	(33,21)	(33,22)	(33,23)	(34,7)	(34,8)	(34,9)	(34,10)	(34,11)	(34,12)	(34,13)	(34,14)	(34,15)	(34,16)	(34,17)	(34,18)	(34,19)	(34,20)	(34,24)	(35,6)	(35,20)	
(32,9):(8,3)	(9,4)	(10,4)	(11,4)	(12,4)	(12,5)	(13,4)	(13,5)	(14,4)	(14,5)	(15,4)	(15,5)	(16,4)	(16,5)	(17,4)	(17,5)	(17,6)	(18,4)	(18,5)	(18,6)	(19,2)	(19,3)	(19,4)	(19,5)	(19,6)	(20,3)	(20,4)	(20,5)	(20,6)	(21,3)	(21,4)	(21,5)	(21,6)	(22,3)	(22,4)	(22,5)	(22,6)	(22,7)	(22,9)	(23,3)	(23,4)	(23,5)	(23,6)	(23,7)	(23,8)	(24,4)	(24,5)	(24,6)	(24,7)	(24,8)	(25,4)	(25,5)	(25,6)	(25,7)	(25,8)	(26,5)	(26,6)	(26,7)	(26,8)	(27,5)	(27,6)	(27,7)	(27,8)	(28,5)	(28,6)	(28,7)	(28,8)	(29,5)	(29,6)	(29,7)	(29,8)	(30,4)	(30,5)	(30,6)	(30,7)	(30,8)	(31,6)	(31,7)	(31,8)	(32,7)	(32,8)	(32,9)	(32,19)	(32,20)	(32,21)	(32,22)	(32,23)	(33,7)	(33,8)	(33,9)	(33,10)	(33,11)	(33,12)	(33,13)	(33,14)	(33,15)	(33,16)	(33,17)	(33,18)	(33,19)	(33,20)	(33,21)	(33,22)	(33,23)	(34,7)	(34,8)	(34,9)	(34,10)	(34,11)	(34,12)	(34,13)	(34,14)	(34,15)	(34,16)	(34,17)	(34,18)	(34,19)	(34,20)	(34,24)	(35,6)	(35,20)	
(22,9):(22,3)	(22,4)	(22,5)	(22,6)	(22,7)	(22,9)	(23,3)	(23,4)	(23,5)	(23,6)	(23,7)	(23,8)	(24,3)	(24,4)	(24,5)	(24,6)	(24,7)	(24,8)	(25,2)	(25,4)	(25,5)	(25,6)	(25,7)	(25,8)	(26,5)	(26,6)	(26,7)	(26,8)	(27,5)	(27,6)	(27,7)	(27,8)	(28,5)	(28,6)	(28,7)	(28,8)	(29,5)	(29,6)	(29,7)	(29,8)	(30,4)	(30,5)	(30,6)	(30,7)	(30,8)	(31,4)	(31,5)	(31,6)	(31,7)	(31,8)	(32,3)	(32,4)	(32,7)	(32,8)	(32,9)	(33,7)	(33,8)	(33,9)	(34,7)	(34,8)	(34,9)	(35,6)	
(22,7):(8,3)	(9,4)	(9,5)	(9,6)	(9,7)	(10,4)	(10,5)	(10,6)	(10,7)	(11,4)	(11,5)	(11,6)	(11,7)	(12,4)	(12,5)	(12,6)	(12,7)	(13,4)	(13,5)	(13,6)	(14,4)	(14,5)	(14,6)	(15,4)	(15,5)	(15,6)	(16,4)	(16,5)	(16,6)	(17,4)	(17,5)	(17,6)	(18,4)	(18,5)	(18,6)	(19,2)	(19,3)	(19,4)	(19,5)	(19,6)	(20,3)	(20,4)	(20,5)	(20,6)	(21,3)	(21,4)	(21,5)	(21,6)	(22,3)	(22,4)	(22,5)	(22,6)	(22,7)	(22,9)	(23,3)	(23,4)	(23,5)	(23,6)	(23,7)	(23,8)	(24,3)	(24,4)	(24,5)	(24,6)	(24,7)	(24,8)	(25,2)	(25,4)	(25,5)	(25,6)	(25,7)	(25,8)	(26,5)	(26,6)	(26,7)	(26,8)	(27,5)	(27,6)	(27,7)	(27,8)	(28,5)	(28,6)	(28,7)	(28,8)	(29,5)	(29,6)	(29,7)	(29,8)	(30,4)	(30,5)	(30,6)	(30,7)	(30,8)	(31,4)	(31,5)	(31,6)	(31,7)	(31,8)	(32,4)	(32,7)	(32,8)	(32,9)	(33,7)	(33,8)	(33,9)	(34,7)	(34,8)	(34,9)	(35,6)	
(12,7):(7,17)	(8,3)	(8,8)	(8,9)	(8,10)	(8,11)	(8,12)	(8,13)	(8,14)	(8,15)	(9,4)	(9,5)	(9,6)	(9,7)	(9,8)	(9,9)	(9,10)	(9,11)	(9,12)	(9,13)	(10,4)	(10,5)	(10,6)	(10,7)	(10,8)	(10,9)	(10,10)	(10,11)	(11,4)	(11,5)	(11,6)	(11,7)	(11,8)	(11,9)	(11,10)	(12,4)	(12,5)	(12,6)	(12,7)	(12,10)	(13,4)	(13,5)	(13,6)	(14,4)	(14,5)	(14,6)	(15,4)	(15,5)	(15,6)	(16,4)	(16,5)	(16,6)	(17,4)	(17,5)	(17,6)	(18,4)	(18,5)	(18,6)	(19,3)	(19,4)	(19,5)	(19,6)	(20,3)	(20,4)	(20,5)	(20,6)	(21,3)	(21,4)	(21,5)	(21,6)	(22,3)	(22,4)	(22,5)	(22,6)	(22,7)	(23,3)	(23,4)	(23,5)	(23,6)	(23,7)	(24,3)	(24,4)	(24,5)	(24,6)	(24,7)	(25,2)	(25,4)	(25,5)	(25,6)	(25,7)	(26,5)	(26,6)	(26,7)	(27,5)	(27,6)	(27,7)	(28,5)	(28,6)	(28,7)	(29,5)	(29,6)	(29,7)	(30,4)	(30,5)	(30,6)	(30,7)	(31,4)	(31,5)	(31,6)	(31,7)	(32,4)	(32,7)	(33,7)	(34,7)	(35,6)	
(12,10):(7,8)	(8,3)	(8,8)	(8,9)	(8,10)	(8,11)	(8,12)	(9,4)	(9,5)	(9,6)	(9,7)	(9,8)	(9,9)	(9,10)	(9,11)	(10,4)	(10,5)	(10,6)	(10,7)	(10,8)	(10,9)	(10,10)	(10,11)	(11,4)	(11,5)	(11,6)	(11,7)	(11,8)	(11,9)	(11,10)	(12,4)	(12,5)	(12,6)	(12,7)	(12,10)	(15,11)	(16,11)	(17,11)	(18,11)	(18,12)	(19,11)	(19,12)	(20,11)	(20,12)	(21,10)	
(21,10):(8,10)	(8,11)	(9,10)	(9,11)	(10,10)	(10,11)	(11,10)	(12,10)	(15,11)	(15,13)	(16,11)	(16,12)	(16,13)	(17,11)	(17,12)	(17,13)	(17,14)	(17,15)	(18,11)	(18,12)	(18,13)	(18,14)	(19,11)	(19,12)	(19,13)	(19,14)	(20,11)	(20,12)	(20,13)	(20,14)	(21,10)	(21,15)	
(21,15):(15,11)	(16,11)	(16,12)	(16,13)	(17,11)	(17,12)	(17,13)	(17,14)	(17,15)	(18,11)	(18,12)	(18,13)	(18,14)	(19,11)	(19,12)	(19,13)	(19,14)	(20,11)	(20,12)	(20,13)	(20,14)	(21,10)	(21,15)	
(17,15):(15,11)	(16,11)	(16,12)	(16,13)	(16,25)	(17,11)	(17,12)	(17,13)	(17,14)	(17,15)	(17,22)	(17,23)	(17,24)	(17,25)	(18,11)	(18,12)	(18,13)	(18,14)	(19,11)	(19,12)	(19,13)	(19,14)	(20,11)	(20,12)	(20,13)	(20,14)	(21,10)	(21,15)	
(17,22):(16,11)	(16,12)	(16,13)	(16,25)	(17,11)	(17,12)	(17,13)	(17,14)	(17,15)	(17,22)	(17,23)	(17,24)	(17,25)	(18,22)	(18,23)	(18,24)	(18,25)	(19,24)	(19,25)	(20,26)	
(18,22):(16,25)	(17,22)	(17,23)	(17,24)	(17,25)	(18,22)	(18,23)	(18,24)	(18,25)	
(18,23):(16,25)	(17,22)	(17,23)	(17,24)	(17,25)	(18,22)	(18,23)	(18,24)	(18,25)	(19,24)	(19,25)	(20,23)	(20,26)	
(20,23):(16,25)	(17,23)	(17,24)	(17,25)	(18,23)	(18,24)	(18,25)	(19,24)	(19,25)	(20,23)	(20,26)	
(20,26):(1,25)	(2,26)	(3,26)	(4,26)	(5,26)	(16,25)	(17,22)	(17,23)	(17,24)	(17,25)	(18,23)	(18,24)	(18,25)	(19,24)	(19,25)	(20,23)	(20,26)	
(5,26):(1,25)	(1,28)	(2,26)	(2,27)	(3,26)	(3,27)	(4,26)	(5,26)	(5,27)	(16,25)	(17,25)	(18,25)	(19,25)	(20,26)	
(5,27):(1,25)	(2,26)	(2,27)	(3,26)	(3,27)	(4,26)	(5,26)	(5,27)	
(3,27):(1,25)	(1,28)	(2,26)	(2,27)	(3,26)	(3,27)	(3,28)	(4,26)	(5,26)	(5,27)	
(3,28):(1,25)	(1,28)	(2,26)	(2,27)	(3,26)	(3,27)	(3,28)	
(1,28):(1,25)	(1,28)	(2,26)	(2,27)	(3,26)	(3,27)	(3,28)	(4,26)	(5,26)	
(1,25):(1,25)	(1,28)	(2,26)	(2,27)	(3,26)	(3,27)	(3,28)	(4,26)	(5,26)	(5,27)	(16,25)	(17,25)	(18,25)	(19,25)	(20,26)	
(16,25):(1,25)	(2,26)	(3,26)	(4,26)	(5,26)	(16,11)	(16,12)	(16,13)	(16,25)	(17,11)	(17,12)	(17,13)	(17,14)	(17,15)	(17,22)	(17,23)	(17,24)	(17,25)	(18,22)	(18,23)	(18,24)	(18,25)	(19,24)	(19,25)	(20,23)	(20,26)	
(16,13):(15,11)	(15,13)	(16,11)	(16,12)	(16,13)	(16,25)	(17,11)	(17,12)	(17,13)	(17,14)	(17,15)	(17,22)	(17,23)	(17,24)	(17,25)	(18,11)	(18,12)	(18,13)	(18,14)	(19,11)	(19,12)	(19,13)	(19,14)	(20,11)	(20,12)	(20,13)	(20,14)	(21,10)	(21,15)	
(15,13):(15,11)	(15,13)	(16,11)	(16,12)	(16,13)	(17,11)	(17,12)	(17,13)	(18,11)	(18,12)	(18,13)	(19,11)	(19,12)	(19,13)	(20,11)	(20,12)	(20,13)	(21,10)	
(15,11):(8,9)	(8,10)	(8,11)	(9,9)	(9,10)	(9,11)	(10,10)	(10,11)	(11,10)	(12,10)	(15,11)	(15,13)	(16,11)	(16,12)	(16,13)	(17,11)	(17,12)	(17,13)	(17,14)	(17,15)	(18,11)	(18,12)	(18,13)	(18,14)	(19,11)	(19,12)	(19,13)	(19,14)	(20,11)	(20,12)	(20,13)	(20,14)	(21,10)	(21,15)	
(10,11):(7,8)	(7,17)	(8,3)	(8,8)	(8,9)	(8,10)	(8,11)	(8,12)	(8,13)	(8,14)	(8,15)	(8,16)	(8,17)	(9,4)	(9,5)	(9,6)	(9,7)	(9,8)	(9,9)	(9,10)	(9,11)	(9,12)	(9,13)	(9,14)	(9,15)	(9,16)	(10,4)	(10,5)	(10,6)	(10,7)	(10,8)	(10,9)	(10,10)	(10,11)	(10,12)	(10,13)	(10,14)	(10,15)	(11,4)	(11,5)	(11,6)	(11,7)	(11,8)	(11,9)	(11,10)	(12,4)	(12,5)	(12,6)	(12,7)	(12,10)	(13,4)	(13,5)	(15,11)	(16,11)	(17,11)	(18,11)	(19,11)	(20,11)	(21,10)	
(10,12):(7,8)	(7,17)	(8,3)	(8,8)	(8,9)	(8,10)	(8,11)	(8,12)	(8,13)	(8,14)	(8,15)	(8,16)	(8,17)	(9,4)	(9,5)	(9,6)	(9,7)	(9,8)	(9,9)	(9,10)	(9,11)	(9,12)	(9,13)	(9,14)	(9,15)	(9,16)	(10,4)	(10,5)	(10,6)	(10,7)	(10,8)	(10,9)	(10,10)	(10,11)	(10,12)	(10,13)	(10,14)	(10,15)	(11,12)	(11,16)	
(11,12):(7,17)	(8,12)	(8,13)	(8,14)	(8,15)	(8,16)	(8,17)	(9,12)	(9,13)	(9,14)	(9,15)	(9,16)	(10,12)	(10,13)	(10,14)	(10,15)	(11,12)	(11,16)	
(11,16):(7,8)	(8,8)	(8,9)	(8,10)	(8,11)	(8,12)	(8,13)	(8,14)	(8,15)	(8,16)	(9,8)	(9,9)	(9,10)	(9,11)	(9,12)	(9,13)	(9,14)	(9,15)	(9,16)	(10,12)	(10,13)	(10,14)	(10,15)	(11,12)	(11,16)	
(9,16):(7,8)	(7,17)	(8,3)	(8,8)	(8,9)	(8,10)	(8,11)	(8,12)	(8,13)	(8,14)	(8,15)	(8,16)	(8,17)	(9,4)	(9,5)	(9,6)	(9,7)	(9,8)	(9,9)	(9,10)	(9,11)	(9,12)	(9,13)	(9,14)	(9,15)	(9,16)	(9,18)	(10,4)	(10,5)	(10,6)	(10,7)	(10,8)	(10,9)	(10,10)	(10,11)	(10,12)	(10,13)	(10,14)	(10,15)	(11,4)	(11,5)	(11,6)	(11,12)	(11,16)	
(9,18):(3,16)	(3,17)	(3,18)	(4,17)	(4,18)	(5,17)	(6,17)	(7,8)	(7,17)	(8,3)	(8,8)	(8,9)	(8,10)	(8,11)	(8,12)	(8,13)	(8,14)	(8,15)	(8,16)	(8,17)	(9,4)	(9,5)	(9,6)	(9,7)	(9,8)	(9,9)	(9,10)	(9,11)	(9,12)	(9,13)	(9,14)	(9,15)	(9,16)	(9,18)	
(4,18):(2,14)	(2,21)	(3,15)	(3,16)	(3,17)	(3,18)	(3,19)	(3,20)	(4,15)	(4,16)	(4,17)	(4,18)	(4,21)	(5,15)	(5,16)	(5,17)	(6,14)	(6,17)	(7,17)	(8,17)	(9,18)	
(4,21):(2,14)	(2,21)	(3,15)	(3,16)	(3,17)	(3,18)	(3,19)	(3,20)	(4,15)	(4,16)	(4,17)	(4,18)	(4,21)	
(2,21):(2,14)	(2,21)	(3,15)	(3,16)	(3,17)	(3,18)	(3,19)	(3,20)	(4,15)	(4,16)	(4,17)	(4,18)	(4,21)	(5,15)	(5,16)	(6,14)	
(2,14):(2,14)	(2,21)	(3,15)	(3,16)	(3,17)	(3,18)	(3,19)	(3,20)	(4,15)	(4,16)	(4,17)	(4,18)	(4,21)	(5,15)	(5,16)	(5,17)	(6,14)	(6,17)	
(6,14):(2,14)	(2,21)	(3,15)	(3,16)	(3,17)	(3,18)	(3,19)	(3,20)	(4,15)	(4,16)	(4,17)	(4,18)	(5,15)	(5,16)	(5,17)	(6,14)	(6,17)	
(6,17):(2,14)	(3,15)	(3,16)	(3,17)	(3,18)	(4,15)	(4,16)	(4,17)	(4,18)	(5,15)	(5,16)	(5,17)	(6,14)	(6,17)	(7,17)	(8,17)	(9,18)	
(7,17):(3,17)	(3,18)	(4,17)	(4,18)	(5,17)	(6,17)	(7,8)	(7,17)	(8,8)	(8,9)	(8,10)	(8,11)	(8,12)	(8,13)	(8,14)	(8,15)	(8,16)	(8,17)	(9,4)	(9,5)	(9,6)	(9,7)	(9,8)	(9,9)	(9,10)	(9,11)	(9,12)	(9,13)	(9,14)	(9,15)	(9,16)	(9,18)	(10,4)	(10,5)	(10,6)	(10,7)	(10,8)	(10,9)	(10,10)	(10,11)	(10,12)	(10,13)	(10,14)	(10,15)	(11,4)	(11,5)	(11,6)	(11,7)	(11,8)	(11,9)	(11,12)	(12,4)	(12,5)	(12,6)	(12,7)	(13,4)	(13,5)	
(7,8):(7,8)	(7,17)	(8,8)	(8,9)	(8,10)	(8,11)	(8,12)	(8,13)	(8,14)	(8,15)	(8,16)	(8,17)	(9,8)	(9,9)	(9,10)	(9,11)	(9,12)	(9,13)	(9,14)	(9,15)	(9,16)	(9,18)	(10,8)	(10,9)	(10,10)	(10,11)	(10,12)	(10,13)	(10,14)	(10,15)	(11,8)	(11,9)	(11,10)	(11,16)	(12,10)	
(8,8):(7,8)	(7,17)	(8,3)	(8,8)	(8,9)	(8,10)	(8,11)	(8,12)	(8,13)	(8,14)	(8,15)	(8,16)	(8,17)	(9,4)	(9,5)	(9,6)	(9,7)	(9,8)	(9,9)	(9,10)	(9,11)	(9,12)	(9,13)	(9,14)	(9,15)	(9,16)	(9,18)	(10,4)	(10,5)	(10,6)	(10,7)	(10,8)	(10,9)	(10,10)	(10,11)	(10,12)	(10,13)	(10,14)	(10,15)	(11,4)	(11,5)	(11,6)	(11,7)	(11,8)	(11,9)	(11,10)	(11,16)	(12,4)	(12,5)	(12,6)	(12,7)	(12,10)	(13,4)	(13,5)	(13,6)	(14,4)	(14,5)	(14,6)	(15,4)	(15,5)	(15,6)	(16,4)	(16,5)	(16,6)	(17,4)	(17,5)	(18,4)	(18,5)	(19,3)	(19,4)	(19,5)	(20,3)	(20,4)	(20,5)	(21,3)	(21,4)	(22,3)	(22,4)	(23,3)	(23,4)	(24,3)	(24,4)	(25,2)	
(8,3):(8,3)	(8,8)	(8,9)	(8,10)	(8,11)	(8,12)	(8,13)	(8,14)	(8,15)	(8,16)	(8,17)	(9,4)	(9,5)	(9,6)	(9,7)	(9,8)	(9,9)	(9,10)	(9,11)	(9,12)	(9,13)	(9,14)	(9,15)	(9,16)	(9,18)	(10,4)	(10,5)	(10,6)	(10,7)	(10,8)	(10,9)	(10,10)	(10,11)	(10,12)	(10,13)	(10,14)	(10,15)	(11,4)	(11,5)	(11,6)	(11,7)	(11,8)	(11,9)	(11,10)	(12,4)	(12,5)	(12,6)	(12,7)	(12,10)	(13,4)	(13,5)	(13,6)	(14,4)	(14,5)	(14,6)	(15,4)	(15,5)	(15,6)	(16,4)	(16,5)	(16,6)	(17,4)	(17,5)	(17,6)	(18,4)	(18,5)	(18,6)	(19,3)	(19,4)	(19,5)	(19,6)	(20,3)	(20,4)	(20,5)	(20,6)	(21,3)	(21,4)	(21,5)	(21,6)	(22,3)	(22,4)	(22,5)	(22,6)	(22,7)	(23,3)	(23,4)	(23,5)	(23,6)	(23,7)	(24,3)	(24,4)	(24,5)	(24,6)	(24,7)	(25,4)	(25,5)	(25,6)	(25,7)	(26,5)	(26,6)	(26,7)	(26,8)	(27,5)	(27,6)	(27,7)	(27,8)	(28,5)	(28,6)	(28,7)	(28,8)	(29,5)	(29,6)	(29,7)	(29,8)	(30,5)	(30,6)	(30,7)	(30,8)	(31,5)	(31,6)	(31,7)	(31,8)	(32,7)	(32,8)	(32,9)	(33,5)	(33,7)	(33,8)	(33,9)	(34,7)	(34,8)	(34,9)	
(19,3):(8,3)	(8,8)	(8,9)	(9,4)	(9,5)	(9,6)	(9,7)	(9,8)	(10,4)	(10,5)	(10,6)	(10,7)	(10,8)	(11,4)	(11,5)	(11,6)	(11,7)	(12,4)	(12,5)	(12,6)	(12,7)	(13,4)	(13,5)	(13,6)	(14,4)	(14,5)	(14,6)	(15,4)	(15,5)	(15,6)	(16,4)	(16,5)	(16,6)	(17,4)	(17,5)	(17,6)	(18,4)	(18,5)	(18,6)	(19,2)	(19,3)	(19,4)	(19,5)	(19,6)	(20,3)	(20,4)	(20,5)	(20,6)	(21,3)	(21,4)	(21,5)	(21,6)	(22,3)	(22,4)	(22,5)	(22,6)	(22,7)	(23,3)	(23,4)	(23,5)	(23,6)	(23,7)	(23,8)	(24,3)	(24,4)	(24,5)	(24,6)	(24,7)	(24,8)	(25,2)	(25,4)	(25,5)	(25,6)	(25,7)	(25,8)	(26,5)	(26,6)	(26,7)	(26,8)	(27,5)	(27,6)	(27,7)	(27,8)	(28,5)	(28,6)	(28,7)	(28,8)	(29,5)	(29,6)	(29,7)	(29,8)	(30,5)	(30,6)	(30,7)	(30,8)	(31,5)	(31,6)	(31,7)	(31,8)	(32,7)	(32,8)	(32,9)	(33,7)	(33,8)	(33,9)	(34,7)	(34,8)	(34,9)	
(19,2):(19,2)	(19,3)	(19,4)	(19,5)	(19,6)	(20,3)	(20,4)	(20,5)	(20,6)	(21,3)	(21,4)	(21,5)	(21,6)	(22,3)	(22,4)	(22,5)	(22,6)	(22,7)	(23,3)	(23,4)	(23,5)	(23,6)	(23,7)	(23,8)	(24,3)	(24,4)	(24,5)	(24,6)	(24,7)	(24,8)	(25,2)	(25,4)	(25,5)	(25,6)	(25,7)	(25,8)	(26,5)	(26,6)	(26,7)	(26,8)	(27,5)	(27,6)	(27,7)	(27,8)	(28,5)	(28,6)	(28,7)	(28,8)	(29,6)	(29,7)	(29,8)	(30,6)	(30,7)	(30,8)	(31,6)	(31,7)	(31,8)	(32,7)	(32,8)	(32,9)	(33,7)	(33,8)	(33,9)	(34,7)	(34,8)	(34,9)	(34,10)	
(25,2):(8,8)	(9,5)	(9,6)	(9,7)	(9,8)	(10,5)	(10,6)	(10,7)	(11,5)	(11,6)	(11,7)	(12,5)	(12,6)	(12,7)	(13,4)	(13,5)	(13,6)	(14,4)	(14,5)	(14,6)	(15,4)	(15,5)	(15,6)	(16,4)	(16,5)	(16,6)	(17,4)	(17,5)	(17,6)	(18,4)	(18,5)	(18,6)	(19,2)	(19,3)	(19,4)	(19,5)	(19,6)	(20,3)	(20,4)	(20,5)	(20,6)	(21,3)	(21,4)	(21,5)	(21,6)	(22,3)	(22,4)	(22,5)	(22,6)	(22,7)	(22,9)	(23,3)	(23,4)	(23,5)	(23,6)	(23,7)	(23,8)	(24,3)	(24,4)	(24,5)	(24,6)	(24,7)	(24,8)	(25,2)	(25,4)	(25,5)	(25,6)	(25,7)	(25,8)	
(25,4):(8,3)	(9,4)	(9,5)	(9,6)	(9,7)	(10,4)	(10,5)	(10,6)	(10,7)	(11,4)	(11,5)	(11,6)	(11,7)	(12,4)	(12,5)	(12,6)	(12,7)	(13,4)	(13,5)	(13,6)	(14,4)	(14,5)	(14,6)	(15,4)	(15,5)	(15,6)	(16,4)	(16,5)	(16,6)	(17,4)	(17,5)	(17,6)	(18,4)	(18,5)	(18,6)	(19,2)	(19,3)	(19,4)	(19,5)	(19,6)	(20,3)	(20,4)	(20,5)	(20,6)	(21,3)	(21,4)	(21,5)	(21,6)	(22,3)	(22,4)	(22,5)	(22,6)	(22,7)	(22,9)	(23,3)	(23,4)	(23,5)	(23,6)	(23,7)	(23,8)	(24,3)	(24,4)	(24,5)	(24,6)	(24,7)	(24,8)	(25,2)	(25,4)	(25,5)	(25,6)	(25,7)	(25,8)	(26,5)	(26,6)	(26,7)	(26,8)	(27,5)	(27,6)	(27,7)	(27,8)	(28,5)	(28,6)	(28,7)	(28,8)	(29,5)	(29,6)	(29,7)	(29,8)	(30,4)	(30,5)	(30,6)	(30,7)	(30,8)	(31,4)	(31,5)	(31,6)	(31,7)	(31,8)	(32,4)	(32,7)	(32,8)	(32,9)	(33,5)	(33,7)	(33,8)	(33,9)	(34,7)	(34,8)	(34,9)	(34,10)	
(30,4):(9,4)	(9,5)	(9,6)	(9,7)	(10,4)	(10,5)	(10,6)	(10,7)	(11,4)	(11,5)	(11,6)	(11,7)	(12,4)	(12,5)	(12,6)	(12,7)	(13,4)	(13,5)	(13,6)	(14,4)	(14,5)	(14,6)	(15,4)	(15,5)	(15,6)	(16,4)	(16,5)	(16,6)	(17,4)	(17,5)	(17,6)	(18,4)	(18,5)	(18,6)	(19,4)	(19,5)	(19,6)	(20,4)	(20,5)	(20,6)	(21,4)	(21,5)	(21,6)	(22,4)	(22,5)	(22,6)	(22,7)	(22,9)	(23,4)	(23,5)	(23,6)	(23,7)	(23,8)	(24,4)	(24,5)	(24,6)	(24,7)	(24,8)	(25,4)	(25,5)	(25,6)	(25,7)	(25,8)	(26,5)	(26,6)	(26,7)	(26,8)	(27,5)	(27,6)	(27,7)	(27,8)	(28,5)	(28,6)	(28,7)	(28,8)	(29,5)	(29,6)	(29,7)	(29,8)	(30,1)	(30,4)	(30,5)	(30,6)	(30,7)	(30,8)	(31,2)	(31,3)	(31,4)	(31,5)	(31,6)	(31,7)	(31,8)	(32,2)	(32,3)	(32,4)	(32,8)	(32,9)	(33,1)	(33,5)	(33,10)	(33,11)	(34,12)	(34,13)	(34,14)	
(30,1):(30,1)	(30,4)	(30,5)	(30,6)	(30,7)	(30,8)	(31,2)	(31,3)	(31,4)	(31,5)	(31,6)	(31,7)	(31,8)	(32,2)	(32,3)	(32,4)	(33,1)	(33,5)	
(33,1):(26,8)	(27,7)	(27,8)	(28,6)	(28,7)	(28,8)	(29,5)	(29,6)	(29,7)	(29,8)	(30,1)	(30,4)	(30,5)	(30,6)	(30,7)	(31,2)	(31,3)	(31,4)	(31,5)	(32,2)	(32,3)	(32,4)	(33,1)	(33,5)	
(33,5):(8,3)	(9,4)	(9,5)	(10,4)	(10,5)	(11,4)	(11,5)	(12,4)	(12,5)	(13,4)	(13,5)	(14,4)	(14,5)	(15,4)	(15,5)	(16,4)	(16,5)	(17,4)	(17,5)	(18,4)	(18,5)	(19,4)	(19,5)	(20,4)	(20,5)	(21,4)	(21,5)	(22,4)	(22,5)	(23,4)	(23,5)	(24,4)	(24,5)	(25,4)	(25,5)	(26,5)	(27,5)	(28,5)	(29,5)	(30,1)	(30,4)	(30,5)	(31,2)	(31,3)	(31,4)	(31,5)	(32,2)	(32,3)	(32,4)	(33,1)	(33,5)	
(31,5):(8,3)	(9,4)	(9,5)	(9,6)	(9,7)	(10,4)	(10,5)	(10,6)	(10,7)	(11,4)	(11,5)	(11,6)	(11,7)	(12,4)	(12,5)	(12,6)	(12,7)	(13,4)	(13,5)	(13,6)	(14,4)	(14,5)	(14,6)	(15,4)	(15,5)	(15,6)	(16,4)	(16,5)	(16,6)	(17,4)	(17,5)	(17,6)	(18,4)	(18,5)	(18,6)	(19,3)	(19,4)	(19,5)	(19,6)	(20,4)	(20,5)	(20,6)	(21,4)	(21,5)	(21,6)	(22,4)	(22,5)	(22,6)	(22,7)	(22,9)	(23,4)	(23,5)	(23,6)	(23,7)	(23,8)	(24,4)	(24,5)	(24,6)	(24,7)	(24,8)	(25,4)	(25,5)	(25,6)	(25,7)	(25,8)	(26,5)	(26,6)	(26,7)	(26,8)	(27,5)	(27,6)	(27,7)	(27,8)	(28,5)	(28,6)	(28,7)	(28,8)	(29,5)	(29,6)	(29,7)	(29,8)	(30,1)	(30,4)	(30,5)	(30,6)	(30,7)	(30,8)	(31,2)	(31,3)	(31,4)	(31,5)	(31,6)	(31,7)	(31,8)	(32,2)	(32,3)	(32,4)	(33,1)	(33,5)	
(31,6):(8,3)	(9,4)	(9,5)	(9,6)	(9,7)	(10,4)	(10,5)	(10,6)	(10,7)	(11,4)	(11,5)	(11,6)	(11,7)	(12,4)	(12,5)	(12,6)	(12,7)	(13,4)	(13,5)	(13,6)	(14,4)	(14,5)	(14,6)	(15,4)	(15,5)	(15,6)	(16,4)	(16,5)	(16,6)	(17,4)	(17,5)	(17,6)	(18,4)	(18,5)	(18,6)	(19,2)	(19,3)	(19,4)	(19,5)	(19,6)	(20,3)	(20,4)	(20,5)	(20,6)	(21,3)	(21,4)	(21,5)	(21,6)	(22,3)	(22,4)	(22,5)	(22,6)	(22,7)	(22,9)	(23,4)	(23,5)	(23,6)	(23,7)	(23,8)	(24,4)	(24,5)	(24,6)	(24,7)	(24,8)	(25,4)	(25,5)	(25,6)	(25,7)	(25,8)	(26,5)	(26,6)	(26,7)	(26,8)	(27,5)	(27,6)	(27,7)	(27,8)	(28,5)	(28,6)	(28,7)	(28,8)	(29,5)	(29,6)	(29,7)	(29,8)	(30,1)	(30,4)	(30,5)	(30,6)	(30,7)	(30,8)	(31,2)	(31,3)	(31,4)	(31,5)	(31,6)	(31,7)	(31,8)	(32,7)	(32,8)	(32,9)	(33,7)	(33,8)	(33,9)	(33,10)	(33,11)	(33,12)	(34,7)	(34,8)	(34,9)	(34,10)	(34,11)	(34,12)	(34,13)	(34,14)	(34,15)	(35,6)	
(35,6):(9,6)	(9,7)	(10,6)	(10,7)	(11,6)	(11,7)	(12,6)	(12,7)	(13,6)	(14,6)	(15,6)	(16,6)	(17,6)	(18,6)	(19,6)	(20,6)	(21,6)	(22,6)	(22,7)	(22,9)	(23,6)	(23,7)	(23,8)	(24,6)	(24,7)	(24,8)	(25,6)	(25,7)	(25,8)	(26,6)	(26,7)	(26,8)	(27,6)	(27,7)	(27,8)	(28,6)	(28,7)	(28,8)	(29,6)	(29,7)	(29,8)	(30,6)	(30,7)	(30,8)	(31,6)	(31,7)	(31,8)	(32,7)	(32,8)	(32,9)	(32,19)	(32,20)	(32,21)	(32,22)	(32,23)	(33,7)	(33,8)	(33,9)	(33,10)	(33,11)	(33,12)	(33,13)	(33,14)	(33,15)	(33,16)	(33,17)	(33,18)	(33,19)	(33,20)	(33,21)	(33,22)	(33,23)	(34,7)	(34,8)	(34,9)	(34,10)	(34,11)	(34,12)	(34,13)	(34,14)	(34,15)	(34,16)	(34,17)	(34,18)	(34,19)	(34,20)	(35,6)	(35,20)	
(35,20):(26,19)	(27,20)	(28,20)	(29,20)	(30,20)	(31,20)	(32,7)	(32,8)	(32,9)	(32,19)	(32,20)	(33,7)	(33,8)	(33,9)	(33,10)	(33,11)	(33,12)	(33,13)	(33,14)	(33,15)	(33,16)	(33,17)	(33,18)	(33,19)	(33,20)	(34,7)	(34,8)	(34,9)	(34,10)	(34,11)	(34,12)	(34,13)	(34,14)	(34,15)	(34,16)	(34,17)	(34,18)	(34,19)	(34,20)	(35,6)	(35,20)	
(34,20):84.418182
(34,24):66.599998
(29,24):77.635712
(29,34):59.000000
(28,34):61.250000
(28,35):40.500000
(24,35):21.541666
(24,33):41.333332
(13,33):30.785715
(13,32):17.136364
(14,32):32.403847
(14,31):32.500000
(27,31):67.532967
(27,30):49.166668
(23,30):7.500000
(23,29):6.500000
(26,29):45.500000
(26,19):66.863640
(32,19):87.500000
(32,9):140.100006
(22,9):66.923615
(22,7):126.143059
(12,7):125.539474
(12,10):52.250000
(21,10):37.034092
(21,15):28.549999
(17,15):38.299999
(17,22):24.666666
(18,22):8.333333
(18,23):15.000000
(20,23):13.000000
(20,26):29.333334
(5,26):24.727272
(5,27):8.000000
(3,27):11.000000
(3,28):6.000000
(1,28):10.000000
(1,25):25.000000
(16,25):42.977272
(16,13):40.138889
(15,13):18.000000
(15,11):39.166668
(10,11):66.849998
(10,12):41.799999
(11,12):19.400000
(11,16):28.000000
(9,16):49.400002
(9,18):32.666668
(4,18):25.666666
(4,21):14.000000
(2,21):19.000000
(2,14):22.666666
(6,14):19.750000
(6,17):20.000000
(7,17):61.277779
(7,8):38.583332
(8,8):93.830559
(8,3):139.262665
(19,3):123.492508
(19,2):70.556412
(25,2):73.547890
(25,4):126.393776
(30,4):106.583336
(30,1):16.900000
(33,1):24.500000
(33,5):47.000000
(31,5):112.842102
(31,6):132.921051
(35,6):96.661011
(35,20):49.227272
(34,20),(34,24):66.599998
(34,20),(29,24):51.700001
(34,20),(29,34):18.600000
(34,20),(28,34):19.833334
(34,20),(28,35):13.031034
(34,20),(24,35):0.000000
(34,20),(24,33):0.000000
(34,20),(13,33):0.000000
(34,20),(13,32):0.000000
(34,20),(14,32):0.000000
(34,20),(14,31):0.000000
(34,20),(27,31):15.171429
(34,20),(27,30):22.766666
(34,20),(23,30):0.000000
(34,20),(23,29):0.000000
(34,20),(26,29):26.100000
(34,20),(26,19):44.599998
(34,20),(32,19):83.599998
(34,20),(32,9):50.818180
(34,20),(22,9):9.818182
(34,20),(22,7):10.718182
(34,20),(12,7):3.454545
(34,20),(12,10):0.000000
(34,20),(21,10):0.000000
(34,20),(21,15):0.000000
(34,20),(17,15):0.000000
(34,20),(17,22):0.000000
(34,20),(18,22):0.000000
(34,20),(18,23):0.000000
(34,20),(20,23):0.000000
(34,20),(20,26):0.000000
(34,20),(5,26):0.000000
(34,20),(5,27):0.000000
(34,20),(3,27):0.000000
(34,20),(3,28):0.000000
(34,20),(1,28):0.000000
(34,20),(1,25):0.000000
(34,20),(16,25):0.000000
(34,20),(16,13):0.000000
(34,20),(15,13):0.000000
(34,20),(15,11):0.000000
(34,20),(10,11):0.000000
(34,20),(10,12):0.000000
(34,20),(11,12):0.000000
(34,20),(11,16):0.000000
(34,20),(9,16):0.000000
(34,20),(9,18):0.000000
(34,20),(4,18):0.000000
(34,20),(4,21):0.000000
(34,20),(2,21):0.000000
(34,20),(2,14):0.000000
(34,20),(6,14):0.000000
(34,20),(6,17):0.000000
(34,20),(7,17):0.000000
(34,20),(7,8):0.000000
(34,20),(8,8):0.000000
(34,20),(8,3):9.913506
(34,20),(19,3):9.922161
(34,20),(19,2):9.611249
(34,20),(25,2):0.000000
(34,20),(25,4):10.402458
(34,20),(30,4):5.392857
(34,20),(30,1):0.000000
(34,20),(33,1):0.000000
(34,20),(33,5):0.000000
(34,20),(31,5):0.000000
(34,20),(31,6):23.318182
(34,20),(35,6):53.131367
(34,20),(35,20):48.818180
(34,24),(29,24):43.333332
(34,24),(29,34):15.000000
(34,24),(28,34):16.250000
(34,24),(28,35):10.000000
(34,24),(24,35):0.000000
(34,24),(24,33):0.000000
(34,24),(13,33):0.000000
(34,24),(13,32):0.000000
(34,24),(14,32):0.000000
(34,24),(14,31):0.000000
(34,24),(27,31):13.571428
(34,24),(27,30):19.166666
(34,24),(23,30):0.000000
(34,24),(23,29):0.000000
(34,24),(26,29):22.500000
(34,24),(26,19):40.000000
(34,24),(32,19):66.000000
(34,24),(32,9):36.599998
(34,24),(22,9):6.600000
(34,24),(22,7):7.000000
(34,24),(12,7):2.333333
(34,24),(12,10):0.000000
(34,24),(21,10):0.000000
(34,24),(21,15):0.000000
(34,24),(17,15):0.000000
(34,24),(17,22):0.000000
(34,24),(18,22):0.000000
(34,24),(18,23):0.000000
(34,24),(20,23):0.000000
(34,24),(20,26):0.000000
(34,24),(5,26):0.000000
(34,24),(5,27):0.000000
(34,24),(3,27):0.000000
(34,24),(3,28):0.000000
(34,24),(1,28):0.000000
(34,24),(1,25):0.000000
(34,24),(16,25):0.000000
(34,24),(16,13):0.000000
(34,24),(15,13):0.000000
(34,24),(15,11):0.000000
(34,24),(10,11):0.000000
(34,24),(10,12):0.000000
(34,24),(11,12):0.000000
(34,24),(11,16):0.000000
(34,24),(9,16):0.000000
(34,24),(9,18):0.000000
(34,24),(4,18):0.000000
(34,24),(4,21):0.000000
(34,24),(2,21):0.000000
(34,24),(2,14):0.000000
(34,24),(6,14):0.000000
(34,24),(6,17):0.000000
(34,24),(7,17):0.000000
(34,24),(7,8):0.000000
(34,24),(8,8):0.000000
(34,24),(8,3):6.536937
(34,24),(19,3):6.444629
(34,24),(19,2):6.239714
(34,24),(25,2):0.000000
(34,24),(25,4):6.591362
(34,24),(30,4):3.090909
(34,24),(30,1):0.000000
(34,24),(33,1):0.000000
(34,24),(33,5):0.000000
(34,24),(31,5):0.000000
(34,24),(31,6):12.600000
(34,24),(35,6):38.913185
(34,24),(35,20):34.599998
(29,24),(29,34):41.285713
(29,24),(28,34):43.485714
(29,24),(28,35):26.735714
(29,24),(24,35):11.777381
(29,24),(24,33):10.569048
(29,24),(13,33):4.857143
(29,24),(13,32):3.303633
(29,24),(14,32):5.688569
(29,24),(14,31):6.513514
(29,24),(27,31):36.807144
(29,24),(27,30):46.416668
(29,24),(23,30):4.800000
(29,24),(23,29):3.800000
(29,24),(26,29):42.799999
(29,24),(26,19):66.413635
(29,24),(32,19):55.599998
(29,24),(32,9):18.100000
(29,24),(22,9):0.000000
(29,24),(22,7):0.000000
(29,24),(12,7):0.000000
(29,24),(12,10):0.000000
(29,24),(21,10):0.000000
(29,24),(21,15):0.000000
(29,24),(17,15):0.000000
(29,24),(17,22):0.000000
(29,24),(18,22):0.000000
(29,24),(18,23):0.000000
(29,24),(20,23):0.000000
(29,24),(20,26):0.000000
(29,24),(5,26):0.000000
(29,24),(5,27):0.000000
(29,24),(3,27):0.000000
(29,24),(3,28):0.000000
(29,24),(1,28):0.000000
(29,24),(1,25):0.000000
(29,24),(16,25):0.000000
(29,24),(16,13):0.000000
(29,24),(15,13):0.000000
(29,24),(15,11):0.000000
(29,24),(10,11):0.000000
(29,24),(10,12):0.000000
(29,24),(11,12):0.000000
(29,24),(11,16):0.000000
(29,24),(9,16):0.000000
(29,24),(9,18):0.000000
(29,24),(4,18):0.000000
(29,24),(4,21):0.000000
(29,24),(2,21):0.000000
(29,24),(2,14):0.000000
(29,24),(6,14):0.000000
(29,24),(6,17):0.000000
(29,24),(7,17):0.000000
(29,24),(7,8):0.000000
(29,24),(8,8):0.000000
(29,24),(8,3):0.000000
(29,24),(19,3):0.000000
(29,24),(19,2):0.000000
(29,24),(25,2):0.000000
(29,24),(25,4):0.000000
(29,24),(30,4):0.750000
(29,24),(30,1):0.000000
(29,24),(33,1):0.000000
(29,24),(33,5):0.000000
(29,24),(31,5):0.000000
(29,24),(31,6):1.714286
(29,24),(35,6):20.413187
(29,24),(35,20):16.100000
(29,34),(28,34):56.000000
(29,34),(28,35):36.500000
(29,34),(24,35):17.541666
(29,34),(24,33):26.333334
(29,34),(13,33):20.202381
(29,34),(13,32):8.636364
(29,34),(14,32):21.403847
(29,34),(14,31):22.500000
(29,34),(27,31):49.000000
(29,34),(27,30):40.000000
(29,34),(23,30):3.714286
(29,34),(23,29):2.750000
(29,34),(26,29):34.000000
(29,34),(26,19):39.272728
(29,34),(32,19):22.363636
(29,34),(32,9):0.000000
(29,34),(22,9):0.000000
(29,34),(22,7):0.000000
(29,34),(12,7):0.000000
(29,34),(12,10):0.000000
(29,34),(21,10):0.000000
(29,34),(21,15):0.000000
(29,34),(17,15):0.000000
(29,34),(17,22):0.000000
(29,34),(18,22):0.000000
(29,34),(18,23):0.000000
(29,34),(20,23):0.000000
(29,34),(20,26):0.000000
(29,34),(5,26):0.000000
(29,34),(5,27):0.000000
(29,34),(3,27):0.000000
(29,34),(3,28):0.000000
(29,34),(1,28):0.000000
(29,34),(1,25):0.000000
(29,34),(16,25):0.000000
(29,34),(16,13):0.000000
(29,34),(15,13):0.000000
(29,34),(15,11):0.000000
(29,34),(10,11):0.000000
(29,34),(10,12):0.000000
(29,34),(11,12):0.000000
(29,34),(11,16):0.000000
(29,34),(9,16):0.000000
(29,34),(9,18):0.000000
(29,34),(4,18):0.000000
(29,34),(4,21):0.000000
(29,34),(2,21):0.000000
(29,34),(2,14):0.000000
(29,34),(6,14):0.000000
(29,34),(6,17):0.000000
(29,34),(7,17):0.000000
(29,34),(7,8):0.000000
(29,34),(8,8):0.000000
(29,34),(8,3):0.000000
(29,34),(19,3):0.000000
(29,34),(19,2):0.000000
(29,34),(25,2):0.000000
(29,34),(25,4):0.000000
(29,34),(30,4):0.000000
(29,34),(30,1):0.000000
(29,34),(33,1):0.000000
(29,34),(33,5):0.000000
(29,34),(31,5):0.000000
(29,34),(31,6):0.000000
(29,34),(35,6):0.000000
(29,34),(35,20):3.000000
(28,34),(28,35):40.500000
(28,34),(24,35):21.541666
(28,34),(24,33):28.333334
(28,34),(13,33):18.285715
(28,34),(13,32):8.136364
(28,34),(14,32):19.403847
(28,34),(14,31):20.500000
(28,34),(27,31):52.250000
(28,34),(27,30):41.250000
(28,34),(23,30):3.538461
(28,34),(23,29):2.625000
(28,34),(26,29):34.250000
(28,34),(26,19):40.113636
(28,34),(32,19):22.955883
(28,34),(32,9):0.000000
(28,34),(22,9):0.000000
(28,34),(22,7):0.000000
(28,34),(12,7):0.000000
(28,34),(12,10):0.000000
(28,34),(21,10):0.000000
(28,34),(21,15):0.000000
(28,34),(17,15):0.000000
(28,34),(17,22):0.000000
(28,34),(18,22):0.000000
(28,34),(18,23):0.000000
(28,34),(20,23):0.000000
(28,34),(20,26):0.000000
(28,34),(5,26):0.000000
(28,34),(5,27):0.000000
(28,34),(3,27):0.000000
(28,34),(3,28):0.000000
(28,34),(1,28):0.000000
(28,34),(1,25):0.000000
(28,34),(16,25):0.000000
(28,34),(16,13):0.000000
(28,34),(15,13):0.000000
(28,34),(15,11):0.000000
(28,34),(10,11):0.000000
(28,34),(10,12):0.000000
(28,34),(11,12):0.000000
(28,34),(11,16):0.000000
(28,34),(9,16):0.000000
(28,34),(9,18):0.000000
(28,34),(4,18):0.000000
(28,34),(4,21):0.000000
(28,34),(2,21):0.000000
(28,34),(2,14):0.000000
(28,34),(6,14):0.000000
(28,34),(6,17):0.000000
(28,34),(7,17):0.000000
(28,34),(7,8):0.000000
(28,34),(8,8):0.000000
(28,34),(8,3):0.000000
(28,34),(19,3):0.000000
(28,34),(19,2):0.000000
(28,34),(25,2):0.000000
(28,34),(25,4):0.000000
(28,34),(30,4):0.000000
(28,34),(30,1):0.000000
(28,34),(33,1):0.000000
(28,34),(33,5):0.000000
(28,34),(31,5):0.000000
(28,34),(31,6):0.000000
(28,34),(35,6):0.000000
(28,34),(35,20):3.450000
(28,35),(24,35):16.666666
(28,35),(24,33):20.333334
(28,35),(13,33):12.071428
(28,35),(13,32):5.727273
(28,35),(14,32):12.838462
(28,35),(14,31):13.600000
(28,35),(27,31):32.000000
(28,35),(27,30):24.500000
(28,35),(23,30):1.666667
(28,35),(23,29):1.225000
(28,35),(26,29):20.000000
(28,35),(26,19):23.363636
(28,35),(32,19):15.466666
(28,35),(32,9):0.000000
(28,35),(22,9):0.000000
(28,35),(22,7):0.000000
(28,35),(12,7):0.000000
(28,35),(12,10):0.000000
(28,35),(21,10):0.000000
(28,35),(21,15):0.000000
(28,35),(17,15):0.000000
(28,35),(17,22):0.000000
(28,35),(18,22):0.000000
(28,35),(18,23):0.000000
(28,35),(20,23):0.000000
(28,35),(20,26):0.000000
(28,35),(5,26):0.000000
(28,35),(5,27):0.000000
(28,35),(3,27):0.000000
(28,35),(3,28):0.000000
(28,35),(1,28):0.000000
(28,35),(1,25):0.000000
(28,35),(16,25):0.000000
(28,35),(16,13):0.000000
(28,35),(15,13):0.000000
(28,35),(15,11):0.000000
(28,35),(10,11):0.000000
(28,35),(10,12):0.000000
(28,35),(11,12):0.000000
(28,35),(11,16):0.000000
(28,35),(9,16):0.000000
(28,35),(9,18):0.000000
(28,35),(4,18):0.000000
(28,35),(4,21):0.000000
(28,35),(2,21):0.000000
(28,35),(2,14):0.000000
(28,35),(6,14):0.000000
(28,35),(6,17):0.000000
(28,35),(7,17):0.000000
(28,35),(7,8):0.000000
(28,35),(8,8):0.000000
(28,35),(8,3):0.000000
(28,35),(19,3):0.000000
(28,35),(19,2):0.000000
(28,35),(25,2):0.000000
(28,35),(25,4):0.000000
(28,35),(30,4):0.000000
(28,35),(30,1):0.000000
(28,35),(33,1):0.000000
(28,35),(33,5):0.000000
(28,35),(31,5):0.000000
(28,35),(31,6):0.000000
(28,35),(35,6):0.000000
(28,35),(35,20):2.000000
(24,35),(24,33):20.208334
(24,35),(13,33):10.285714
(24,35),(13,32):6.136364
(24,35),(14,32):11.403846
(24,35),(14,31):12.430555
(24,35),(27,31):21.541666
(24,35),(27,30):9.541667
(24,35),(23,30):1.041667
(24,35),(23,29):1.315789
(24,35),(26,29):2.880952
(24,35),(26,19):8.445844
(24,35),(32,19):0.000000
(24,35),(32,9):0.000000
(24,35),(22,9):0.000000
(24,35),(22,7):0.000000
(24,35),(12,7):0.000000
(24,35),(12,10):0.000000
(24,35),(21,10):0.000000
(24,35),(21,15):0.000000
(24,35),(17,15):0.000000
(24,35),(17,22):0.000000
(24,35),(18,22):0.000000
(24,35),(18,23):0.000000
(24,35),(20,23):0.000000
(24,35),(20,26):0.000000
(24,35),(5,26):0.000000
(24,35),(5,27):0.000000
(24,35),(3,27):0.000000
(24,35),(3,28):0.000000
(24,35),(1,28):0.000000
(24,35),(1,25):0.000000
(24,35),(16,25):0.000000
(24,35),(16,13):0.000000
(24,35),(15,13):0.000000
(24,35),(15,11):0.000000
(24,35),(10,11):0.000000
(24,35),(10,12):0.000000
(24,35),(11,12):0.000000
(24,35),(11,16):0.000000
(24,35),(9,16):0.000000
(24,35),(9,18):0.000000
(24,35),(4,18):0.000000
(24,35),(4,21):0.000000
(24,35),(2,21):0.000000
(24,35),(2,14):0.000000
(24,35),(6,14):0.000000
(24,35),(6,17):0.000000
(24,35),(7,17):0.000000
(24,35),(7,8):0.000000
(24,35),(8,8):0.000000
(24,35),(8,3):0.000000
(24,35),(19,3):0.000000
(24,35),(19,2):0.000000
(24,35),(25,2):0.000000
(24,35),(25,4):0.000000
(24,35),(30,4):0.000000
(24,35),(30,1):0.000000
(24,35),(33,1):0.000000
(24,35),(33,5):0.000000
(24,35),(31,5):0.000000
(24,35),(31,6):0.000000
(24,35),(35,6):0.000000
(24,35),(35,20):0.000000
(24,33),(13,33):30.785715
(24,33),(13,32):17.136364
(24,33),(14,32):32.403847
(24,33),(14,31):32.500000
(24,33),(27,31):41.294872
(24,33),(27,30):8.333333
(24,33),(23,30):0.083333
(24,33),(23,29):0.378788
(24,33),(26,29):1.633333
(24,33),(26,19):7.239827
(24,33),(32,19):0.000000
(24,33),(32,9):0.000000
(24,33),(22,9):0.000000
(24,33),(22,7):0.000000
(24,33),(12,7):0.000000
(24,33),(12,10):0.000000
(24,33),(21,10):0.000000
(24,33),(21,15):0.000000
(24,33),(17,15):0.000000
(24,33),(17,22):0.000000
(24,33),(18,22):0.000000
(24,33),(18,23):0.000000
(24,33),(20,23):0.000000
(24,33),(20,26):0.000000
(24,33),(5,26):0.000000
(24,33),(5,27):0.000000
(24,33),(3,27):0.000000
(24,33),(3,28):0.000000
(24,33),(1,28):0.000000
(24,33),(1,25):0.000000
(24,33),(16,25):0.000000
(24,33),(16,13):0.000000
(24,33),(15,13):0.000000
(24,33),(15,11):0.000000
(24,33),(10,11):0.000000
(24,33),(10,12):0.000000
(24,33),(11,12):0.000000
(24,33),(11,16):0.000000
(24,33),(9,16):0.000000
(24,33),(9,18):0.000000
(24,33),(4,18):0.000000
(24,33),(4,21):0.000000
(24,33),(2,21):0.000000
(24,33),(2,14):0.000000
(24,33),(6,14):0.000000
(24,33),(6,17):0.000000
(24,33),(7,17):0.000000
(24,33),(7,8):0.000000
(24,33),(8,8):0.000000
(24,33),(8,3):0.000000
(24,33),(19,3):0.000000
(24,33),(19,2):0.000000
(24,33),(25,2):0.000000
(24,33),(25,4):0.000000
(24,33),(30,4):0.000000
(24,33),(30,1):0.000000
(24,33),(33,1):0.000000
(24,33),(33,5):0.000000
(24,33),(31,5):0.000000
(24,33),(31,6):0.000000
(24,33),(35,6):0.000000
(24,33),(35,20):0.000000
(13,33),(13,32):16.000000
(13,33),(14,32):30.653847
(13,33),(14,31):29.500000
(13,33),(27,31):30.747253
(13,33),(27,30):4.285714
(13,33),(23,30):0.000000
(13,33),(23,29):0.000000
(13,33),(26,29):0.723214
(13,33),(26,19):3.921495
(13,33),(32,19):0.000000
(13,33),(32,9):0.000000
(13,33),(22,9):0.000000
(13,33),(22,7):0.000000
(13,33),(12,7):0.000000
(13,33),(12,10):0.000000
(13,33),(21,10):0.000000
(13,33),(21,15):0.000000
(13,33),(17,15):0.000000
(13,33),(17,22):0.000000
(13,33),(18,22):0.000000
(13,33),(18,23):0.000000
(13,33),(20,23):0.000000
(13,33),(20,26):0.000000
(13,33),(5,26):0.000000
(13,33),(5,27):0.000000
(13,33),(3,27):0.000000
(13,33),(3,28):0.000000
(13,33),(1,28):0.000000
(13,33),(1,25):0.000000
(13,33),(16,25):0.000000
(13,33),(16,13):0.000000
(13,33),(15,13):0.000000
(13,33),(15,11):0.000000
(13,33),(10,11):0.000000
(13,33),(10,12):0.000000
(13,33),(11,12):0.000000
(13,33),(11,16):0.000000
(13,33),(9,16):0.000000
(13,33),(9,18):0.000000
(13,33),(4,18):0.000000
(13,33),(4,21):0.000000
(13,33),(2,21):0.000000
(13,33),(2,14):0.000000
(13,33),(6,14):0.000000
(13,33),(6,17):0.000000
(13,33),(7,17):0.000000
(13,33),(7,8):0.000000
(13,33),(8,8):0.000000
(13,33),(8,3):0.000000
(13,33),(19,3):0.000000
(13,33),(19,2):0.000000
(13,33),(25,2):0.000000
(13,33),(25,4):0.000000
(13,33),(30,4):0.000000
(13,33),(30,1):0.000000
(13,33),(33,1):0.000000
(13,33),(33,5):0.000000
(13,33),(31,5):0.000000
(13,33),(31,6):0.000000
(13,33),(35,6):0.000000
(13,33),(35,20):0.000000
(13,32),(14,32):17.136364
(13,32),(14,31):16.136364
(13,32),(27,31):17.097902
(13,32),(27,30):2.727273
(13,32),(23,30):0.000000
(13,32),(23,29):0.000000
(13,32),(26,29):0.000000
(13,32),(26,19):2.418182
(13,32),(32,19):0.000000
(13,32),(32,9):0.000000
(13,32),(22,9):0.000000
(13,32),(22,7):0.000000
(13,32),(12,7):0.000000
(13,32),(12,10):0.000000
(13,32),(21,10):0.000000
(13,32),(21,15):0.000000
(13,32),(17,15):0.000000
(13,32),(17,22):0.000000
(13,32),(18,22):0.000000
(13,32),(18,23):0.000000
(13,32),(20,23):0.000000
(13,32),(20,26):0.000000
(13,32),(5,26):0.000000
(13,32),(5,27):0.000000
(13,32),(3,27):0.000000
(13,32),(3,28):0.000000
(13,32),(1,28):0.000000
(13,32),(1,25):0.000000
(13,32),(16,25):0.000000
(13,32),(16,13):0.000000
(13,32),(15,13):0.000000
(13,32),(15,11):0.000000
(13,32),(10,11):0.000000
(13,32),(10,12):0.000000
(13,32),(11,12):0.000000
(13,32),(11,16):0.000000
(13,32),(9,16):0.000000
(13,32),(9,18):0.000000
(13,32),(4,18):0.000000
(13,32),(4,21):0.000000
(13,32),(2,21):0.000000
(13,32),(2,14):0.000000
(13,32),(6,14):0.000000
(13,32),(6,17):0.000000
(13,32),(7,17):0.000000
(13,32),(7,8):0.000000
(13,32),(8,8):0.000000
(13,32),(8,3):0.000000
(13,32),(19,3):0.000000
(13,32),(19,2):0.000000
(13,32),(25,2):0.000000
(13,32),(25,4):0.000000
(13,32),(30,4):0.000000
(13,32),(30,1):0.000000
(13,32),(33,1):0.000000
(13,32),(33,5):0.000000
(13,32),(31,5):0.000000
(13,32),(31,6):0.000000
(13,32),(35,6):0.000000
(13,32),(35,20):0.000000
(14,32),(14,31):31.250000
(14,32),(27,31):32.365383
(14,32),(27,30):4.953846
(14,32),(23,30):0.000000
(14,32),(23,29):0.000000
(14,32),(26,29):0.618132
(14,32),(26,19):4.499444
(14,32),(32,19):0.000000
(14,32),(32,9):0.000000
(14,32),(22,9):0.000000
(14,32),(22,7):0.000000
(14,32),(12,7):0.000000
(14,32),(12,10):0.000000
(14,32),(21,10):0.000000
(14,32),(21,15):0.000000
(14,32),(17,15):0.000000
(14,32),(17,22):0.000000
(14,32),(18,22):0.000000
(14,32),(18,23):0.000000
(14,32),(20,23):0.000000
(14,32),(20,26):0.000000
(14,32),(5,26):0.000000
(14,32),(5,27):0.000000
(14,32),(3,27):0.000000
(14,32),(3,28):0.000000
(14,32),(1,28):0.000000
(14,32),(1,25):0.000000
(14,32),(16,25):0.000000
(14,32),(16,13):0.000000
(14,32),(15,13):0.000000
(14,32),(15,11):0.000000
(14,32),(10,11):0.000000
(14,32),(10,12):0.000000
(14,32),(11,12):0.000000
(14,32),(11,16):0.000000
(14,32),(9,16):0.000000
(14,32),(9,18):0.000000
(14,32),(4,18):0.000000
(14,32),(4,21):0.000000
(14,32),(2,21):0.000000
(14,32),(2,14):0.000000
(14,32),(6,14):0.000000
(14,32),(6,17):0.000000
(14,32),(7,17):0.000000
(14,32),(7,8):0.000000
(14,32),(8,8):0.000000
(14,32),(8,3):0.000000
(14,32),(19,3):0.000000
(14,32),(19,2):0.000000
(14,32),(25,2):0.000000
(14,32),(25,4):0.000000
(14,32),(30,4):0.000000
(14,32),(30,1):0.000000
(14,32),(33,1):0.000000
(14,32),(33,5):0.000000
(14,32),(31,5):0.000000
(14,32),(31,6):0.000000
(14,32),(35,6):0.000000
(14,32),(35,20):0.000000
(14,31),(27,31):32.500000
(14,31),(27,30):5.600000
(14,31),(23,30):0.000000
(14,31),(23,29):0.000000
(14,31),(26,29):0.500000
(14,31),(26,19):5.045455
(14,31),(32,19):0.000000
(14,31),(32,9):0.000000
(14,31),(22,9):0.000000
(14,31),(22,7):0.000000
(14,31),(12,7):0.000000
(14,31),(12,10):0.000000
(14,31),(21,10):0.000000
(14,31),(21,15):0.000000
(14,31),(17,15):0.000000
(14,31),(17,22):0.000000
(14,31),(18,22):0.000000
(14,31),(18,23):0.000000
(14,31),(20,23):0.000000
(14,31),(20,26):0.000000
(14,31),(5,26):0.000000
(14,31),(5,27):0.000000
(14,31),(3,27):0.000000
(14,31),(3,28):0.000000
(14,31),(1,28):0.000000
(14,31),(1,25):0.000000
(14,31),(16,25):0.000000
(14,31),(16,13):0.000000
(14,31),(15,13):0.000000
(14,31),(15,11):0.000000
(14,31),(10,11):0.000000
(14,31),(10,12):0.000000
(14,31),(11,12):0.000000
(14,31),(11,16):0.000000
(14,31),(9,16):0.000000
(14,31),(9,18):0.000000
(14,31),(4,18):0.000000
(14,31),(4,21):0.000000
(14,31),(2,21):0.000000
(14,31),(2,14):0.000000
(14,31),(6,14):0.000000
(14,31),(6,17):0.000000
(14,31),(7,17):0.000000
(14,31),(7,8):0.000000
(14,31),(8,8):0.000000
(14,31),(8,3):0.000000
(14,31),(19,3):0.000000
(14,31),(19,2):0.000000
(14,31),(25,2):0.000000
(14,31),(25,4):0.000000
(14,31),(30,4):0.000000
(14,31),(30,1):0.000000
(14,31),(33,1):0.000000
(14,31),(33,5):0.000000
(14,31),(31,5):0.000000
(14,31),(31,6):0.000000
(14,31),(35,6):0.000000
(14,31),(35,20):0.000000
(27,31),(27,30):34.571430
(27,31),(23,30):3.333333
(27,31),(23,29):2.500000
(27,31),(26,29):27.571428
(27,31),(26,19):33.435066
(27,31),(32,19):16.904762
(27,31),(32,9):0.000000
(27,31),(22,9):0.000000
(27,31),(22,7):0.000000
(27,31),(12,7):0.000000
(27,31),(12,10):0.000000
(27,31),(21,10):0.000000
(27,31),(21,15):0.000000
(27,31),(17,15):0.000000
(27,31),(17,22):0.000000
(27,31),(18,22):0.000000
(27,31),(18,23):0.000000
(27,31),(20,23):0.000000
(27,31),(20,26):0.000000
(27,31),(5,26):0.000000
(27,31),(5,27):0.000000
(27,31),(3,27):0.000000
(27,31),(3,28):0.000000
(27,31),(1,28):0.000000
(27,31),(1,25):0.000000
(27,31),(16,25):0.000000
(27,31),(16,13):0.000000
(27,31),(15,13):0.000000
(27,31),(15,11):0.000000
(27,31),(10,11):0.000000
(27,31),(10,12):0.000000
(27,31),(11,12):0.000000
(27,31),(11,16):0.000000
(27,31),(9,16):0.000000
(27,31),(9,18):0.000000
(27,31),(4,18):0.000000
(27,31),(4,21):0.000000
(27,31),(2,21):0.000000
(27,31),(2,14):0.000000
(27,31),(6,14):0.000000
(27,31),(6,17):0.000000
(27,31),(7,17):0.000000
(27,31),(7,8):0.000000
(27,31),(8,8):0.000000
(27,31),(8,3):0.000000
(27,31),(19,3):0.000000
(27,31),(19,2):0.000000
(27,31),(25,2):0.000000
(27,31),(25,4):0.000000
(27,31),(30,4):0.000000
(27,31),(30,1):0.000000
(27,31),(33,1):0.000000
(27,31),(33,5):0.000000
(27,31),(31,5):0.000000
(27,31),(31,6):0.000000
(27,31),(35,6):0.000000
(27,31),(35,20):3.285714
(27,30),(23,30):7.500000
(27,30),(23,29):6.500000
(27,30),(26,29):42.166668
(27,30),(26,19):45.030304
(27,30),(32,19):26.666666
(27,30),(32,9):0.000000
(27,30),(22,9):0.000000
(27,30),(22,7):0.000000
(27,30),(12,7):0.000000
(27,30),(12,10):0.000000
(27,30),(21,10):0.000000
(27,30),(21,15):0.000000
(27,30),(17,15):0.000000
(27,30),(17,22):0.000000
(27,30),(18,22):0.000000
(27,30),(18,23):0.000000
(27,30),(20,23):0.000000
(27,30),(20,26):0.000000
(27,30),(5,26):0.000000
(27,30),(5,27):0.000000
(27,30),(3,27):0.000000
(27,30),(3,28):0.000000
(27,30),(1,28):0.000000
(27,30),(1,25):0.000000
(27,30),(16,25):0.000000
(27,30),(16,13):0.000000
(27,30),(15,13):0.000000
(27,30),(15,11):0.000000
(27,30),(10,11):0.000000
(27,30),(10,12):0.000000
(27,30),(11,12):0.000000
(27,30),(11,16):0.000000
(27,30),(9,16):0.000000
(27,30),(9,18):0.000000
(27,30),(4,18):0.000000
(27,30),(4,21):0.000000
(27,30),(2,21):0.000000
(27,30),(2,14):0.000000
(27,30),(6,14):0.000000
(27,30),(6,17):0.000000
(27,30),(7,17):0.000000
(27,30),(7,8):0.000000
(27,30),(8,8):0.000000
(27,30),(8,3):0.000000
(27,30),(19,3):0.000000
(27,30),(19,2):0.000000
(27,30),(25,2):0.000000
(27,30),(25,4):0.000000
(27,30),(30,4):0.000000
(27,30),(30,1):0.000000
(27,30),(33,1):0.000000
(27,30),(33,5):0.000000
(27,30),(31,5):0.000000
(27,30),(31,6):0.000000
(27,30),(35,6):0.000000
(27,30),(35,20):4.500000
(23,30),(23,29):6.000000
(23,30),(26,29):7.500000
(23,30),(26,19):4.500000
(23,30),(32,19):0.000000
(23,30),(32,9):0.000000
(23,30),(22,9):0.000000
(23,30),(22,7):0.000000
(23,30),(12,7):0.000000
(23,30),(12,10):0.000000
(23,30),(21,10):0.000000
(23,30),(21,15):0.000000
(23,30),(17,15):0.000000
(23,30),(17,22):0.000000
(23,30),(18,22):0.000000
(23,30),(18,23):0.000000
(23,30),(20,23):0.000000
(23,30),(20,26):0.000000
(23,30),(5,26):0.000000
(23,30),(5,27):0.000000
(23,30),(3,27):0.000000
(23,30),(3,28):0.000000
(23,30),(1,28):0.000000
(23,30),(1,25):0.000000
(23,30),(16,25):0.000000
(23,30),(16,13):0.000000
(23,30),(15,13):0.000000
(23,30),(15,11):0.000000
(23,30),(10,11):0.000000
(23,30),(10,12):0.000000
(23,30),(11,12):0.000000
(23,30),(11,16):0.000000
(23,30),(9,16):0.000000
(23,30),(9,18):0.000000
(23,30),(4,18):0.000000
(23,30),(4,21):0.000000
(23,30),(2,21):0.000000
(23,30),(2,14):0.000000
(23,30),(6,14):0.000000
(23,30),(6,17):0.000000
(23,30),(7,17):0.000000
(23,30),(7,8):0.000000
(23,30),(8,8):0.000000
(23,30),(8,3):0.000000
(23,30),(19,3):0.000000
(23,30),(19,2):0.000000
(23,30),(25,2):0.000000
(23,30),(25,4):0.000000
(23,30),(30,4):0.000000
(23,30),(30,1):0.000000
(23,30),(33,1):0.000000
(23,30),(33,5):0.000000
(23,30),(31,5):0.000000
(23,30),(31,6):0.000000
(23,30),(35,6):0.000000
(23,30),(35,20):0.000000
(23,29),(26,29):6.500000
(23,29),(26,19):3.500000
(23,29),(32,19):0.000000
(23,29),(32,9):0.000000
(23,29),(22,9):0.000000
(23,29),(22,7):0.000000
(23,29),(12,7):0.000000
(23,29),(12,10):0.000000
(23,29),(21,10):0.000000
(23,29),(21,15):0.000000
(23,29),(17,15):0.000000
(23,29),(17,22):0.000000
(23,29),(18,22):0.000000
(23,29),(18,23):0.000000
(23,29),(20,23):0.000000
(23,29),(20,26):0.000000
(23,29),(5,26):0.000000
(23,29),(5,27):0.000000
(23,29),(3,27):0.000000
(23,29),(3,28):0.000000
(23,29),(1,28):0.000000
(23,29),(1,25):0.000000
(23,29),(16,25):0.000000
(23,29),(16,13):0.000000
(23,29),(15,13):0.000000
(23,29),(15,11):0.000000
(23,29),(10,11):0.000000
(23,29),(10,12):0.000000
(23,29),(11,12):0.000000
(23,29),(11,16):0.000000
(23,29),(9,16):0.000000
(23,29),(9,18):0.000000
(23,29),(4,18):0.000000
(23,29),(4,21):0.000000
(23,29),(2,21):0.000000
(23,29),(2,14):0.000000
(23,29),(6,14):0.000000
(23,29),(6,17):0.000000
(23,29),(7,17):0.000000
(23,29),(7,8):0.000000
(23,29),(8,8):0.000000
(23,29),(8,3):0.000000
(23,29),(19,3):0.000000
(23,29),(19,2):0.000000
(23,29),(25,2):0.000000
(23,29),(25,4):0.000000
(23,29),(30,4):0.000000
(23,29),(30,1):0.000000
(23,29),(33,1):0.000000
(23,29),(33,5):0.000000
(23,29),(31,5):0.000000
(23,29),(31,6):0.000000
(23,29),(35,6):0.000000
(23,29),(35,20):0.000000
(26,29),(26,19):42.500000
(26,29),(32,19):30.000000
(26,29),(32,9):0.000000
(26,29),(22,9):0.000000
(26,29),(22,7):0.000000
(26,29),(12,7):0.000000
(26,29),(12,10):0.000000
(26,29),(21,10):0.000000
(26,29),(21,15):0.000000
(26,29),(17,15):0.000000
(26,29),(17,22):0.000000
(26,29),(18,22):0.000000
(26,29),(18,23):0.000000
(26,29),(20,23):0.000000
(26,29),(20,26):0.000000
(26,29),(5,26):0.000000
(26,29),(5,27):0.000000
(26,29),(3,27):0.000000
(26,29),(3,28):0.000000
(26,29),(1,28):0.000000
(26,29),(1,25):0.000000
(26,29),(16,25):0.000000
(26,29),(16,13):0.000000
(26,29),(15,13):0.000000
(26,29),(15,11):0.000000
(26,29),(10,11):0.000000
(26,29),(10,12):0.000000
(26,29),(11,12):0.000000
(26,29),(11,16):0.000000
(26,29),(9,16):0.000000
(26,29),(9,18):0.000000
(26,29),(4,18):0.000000
(26,29),(4,21):0.000000
(26,29),(2,21):0.000000
(26,29),(2,14):0.000000
(26,29),(6,14):0.000000
(26,29),(6,17):0.000000
(26,29),(7,17):0.000000
(26,29),(7,8):0.000000
(26,29),(8,8):0.000000
(26,29),(8,3):0.000000
(26,29),(19,3):0.000000
(26,29),(19,2):0.000000
(26,29),(25,2):0.000000
(26,29),(25,4):0.000000
(26,29),(30,4):0.000000
(26,29),(30,1):0.000000
(26,29),(33,1):0.000000
(26,29),(33,5):0.000000
(26,29),(31,5):0.000000
(26,29),(31,6):0.000000
(26,29),(35,6):0.000000
(26,29),(35,20):5.700000
(26,19),(32,19):48.500000
(26,19),(32,9):11.000000
(26,19),(22,9):0.000000
(26,19),(22,7):0.000000
(26,19),(12,7):0.000000
(26,19),(12,10):0.000000
(26,19),(21,10):0.000000
(26,19),(21,15):0.000000
(26,19),(17,15):0.000000
(26,19),(17,22):0.000000
(26,19),(18,22):0.000000
(26,19),(18,23):0.000000
(26,19),(20,23):0.000000
(26,19),(20,26):0.000000
(26,19),(5,26):0.000000
(26,19),(5,27):0.000000
(26,19),(3,27):0.000000
(26,19),(3,28):0.000000
(26,19),(1,28):0.000000
(26,19),(1,25):0.000000
(26,19),(16,25):0.000000
(26,19),(16,13):0.000000
(26,19),(15,13):0.000000
(26,19),(15,11):0.000000
(26,19),(10,11):0.000000
(26,19),(10,12):0.000000
(26,19),(11,12):0.000000
(26,19),(11,16):0.000000
(26,19),(9,16):0.000000
(26,19),(9,18):0.000000
(26,19),(4,18):0.000000
(26,19),(4,21):0.000000
(26,19),(2,21):0.000000
(26,19),(2,14):0.000000
(26,19),(6,14):0.000000
(26,19),(6,17):0.000000
(26,19),(7,17):0.000000
(26,19),(7,8):0.000000
(26,19),(8,8):0.000000
(26,19),(8,3):0.000000
(26,19),(19,3):0.000000
(26,19),(19,2):0.000000
(26,19),(25,2):0.000000
(26,19),(25,4):0.000000
(26,19),(30,4):0.000000
(26,19),(30,1):0.000000
(26,19),(33,1):0.000000
(26,19),(33,5):0.000000
(26,19),(31,5):0.000000
(26,19),(31,6):0.000000
(26,19),(35,6):13.313187
(26,19),(35,20):9.000000
(32,19),(32,9):50.000000
(32,19),(22,9):9.000000
(32,19),(22,7):9.900000
(32,19),(12,7):3.000000
(32,19),(12,10):0.000000
(32,19),(21,10):0.000000
(32,19),(21,15):0.000000
(32,19),(17,15):0.000000
(32,19),(17,22):0.000000
(32,19),(18,22):0.000000
(32,19),(18,23):0.000000
(32,19),(20,23):0.000000
(32,19),(20,26):0.000000
(32,19),(5,26):0.000000
(32,19),(5,27):0.000000
(32,19),(3,27):0.000000
(32,19),(3,28):0.000000
(32,19),(1,28):0.000000
(32,19),(1,25):0.000000
(32,19),(16,25):0.000000
(32,19),(16,13):0.000000
(32,19),(15,13):0.000000
(32,19),(15,11):0.000000
(32,19),(10,11):0.000000
(32,19),(10,12):0.000000
(32,19),(11,12):0.000000
(32,19),(11,16):0.000000
(32,19),(9,16):0.000000
(32,19),(9,18):0.000000
(32,19),(4,18):0.000000
(32,19),(4,21):0.000000
(32,19),(2,21):0.000000
(32,19),(2,14):0.000000
(32,19),(6,14):0.000000
(32,19),(6,17):0.000000
(32,19),(7,17):0.000000
(32,19),(7,8):0.000000
(32,19),(8,8):0.000000
(32,19),(8,3):9.146739
(32,19),(19,3):9.201923
(32,19),(19,2):8.923077
(32,19),(25,2):0.000000
(32,19),(25,4):9.714286
(32,19),(30,4):5.250000
(32,19),(30,1):0.000000
(32,19),(33,1):0.000000
(32,19),(33,5):0.000000
(32,19),(31,5):0.000000
(32,19),(31,6):22.500000
(32,19),(35,6):52.313187
(32,19),(35,20):48.000000
(32,9),(22,9):59.562069
(32,9),(22,7):99.851852
(32,9),(12,7):72.067108
(32,9),(12,10):6.400000
(32,9),(21,10):0.000000
(32,9),(21,15):0.000000
(32,9),(17,15):0.000000
(32,9),(17,22):0.000000
(32,9),(18,22):0.000000
(32,9),(18,23):0.000000
(32,9),(20,23):0.000000
(32,9),(20,26):0.000000
(32,9),(5,26):0.000000
(32,9),(5,27):0.000000
(32,9),(3,27):0.000000
(32,9),(3,28):0.000000
(32,9),(1,28):0.000000
(32,9),(1,25):0.000000
(32,9),(16,25):0.000000
(32,9),(16,13):0.000000
(32,9),(15,13):0.000000
(32,9),(15,11):0.000000
(32,9),(10,11):9.490909
(32,9),(10,12):2.800000
(32,9),(11,12):0.000000
(32,9),(11,16):0.005263
(32,9),(9,16):5.261539
(32,9),(9,18):1.300000
(32,9),(4,18):0.000000
(32,9),(4,21):0.000000
(32,9),(2,21):0.000000
(32,9),(2,14):0.000000
(32,9),(6,14):0.000000
(32,9),(6,17):0.000000
(32,9),(7,17):8.886803
(32,9),(7,8):0.000000
(32,9),(8,8):34.962963
(32,9),(8,3):87.261520
(32,9),(19,3):95.000450
(32,9),(19,2):66.856407
(32,9),(25,2):48.063637
(32,9),(25,4):99.480949
(32,9),(30,4):74.150002
(32,9),(30,1):5.400000
(32,9),(33,1):13.100000
(32,9),(33,5):34.066666
(32,9),(31,5):80.900002
(32,9),(31,6):109.400002
(32,9),(35,6):81.928574
(32,9),(35,20):43.227272
(22,9),(22,7):65.798615
(22,9),(12,7):38.861111
(22,9),(12,10):0.000000
(22,9),(21,10):0.000000
(22,9),(21,15):0.000000
(22,9),(17,15):0.000000
(22,9),(17,22):0.000000
(22,9),(18,22):0.000000
(22,9),(18,23):0.000000
(22,9),(20,23):0.000000
(22,9),(20,26):0.000000
(22,9),(5,26):0.000000
(22,9),(5,27):0.000000
(22,9),(3,27):0.000000
(22,9),(3,28):0.000000
(22,9),(1,28):0.000000
(22,9),(1,25):0.000000
(22,9),(16,25):0.000000
(22,9),(16,13):0.000000
(22,9),(15,13):0.000000
(22,9),(15,11):0.000000
(22,9),(10,11):0.000000
(22,9),(10,12):0.000000
(22,9),(11,12):0.000000
(22,9),(11,16):0.000000
(22,9),(9,16):0.000000
(22,9),(9,18):0.000000
(22,9),(4,18):0.000000
(22,9),(4,21):0.000000
(22,9),(2,21):0.000000
(22,9),(2,14):0.000000
(22,9),(6,14):0.000000
(22,9),(6,17):0.000000
(22,9),(7,17):0.000000
(22,9),(7,8):0.000000
(22,9),(8,8):6.375000
(22,9),(8,3):51.313663
(22,9),(19,3):56.500000
(22,9),(19,2):53.133335
(22,9),(25,2):21.000000
(22,9),(25,4):61.444443
(22,9),(30,4):51.173611
(22,9),(30,1):9.823611
(22,9),(33,1):17.423611
(22,9),(33,5):13.486111
(22,9),(31,5):49.673611
(22,9),(31,6):58.812500
(22,9),(35,6):39.000000
(22,9),(35,20):10.227273
(22,7),(12,7):97.430557
(22,7),(12,10):16.000000
(22,7),(21,10):0.000000
(22,7),(21,15):0.000000
(22,7),(17,15):0.000000
(22,7),(17,22):0.000000
(22,7),(18,22):0.000000
(22,7),(18,23):0.000000
(22,7),(20,23):0.000000
(22,7),(20,26):0.000000
(22,7),(5,26):0.000000
(22,7),(5,27):0.000000
(22,7),(3,27):0.000000
(22,7),(3,28):0.000000
(22,7),(1,28):0.000000
(22,7),(1,25):0.000000
(22,7),(16,25):0.000000
(22,7),(16,13):0.000000
(22,7),(15,13):0.000000
(22,7),(15,11):0.000000
(22,7),(10,11):20.000000
(22,7),(10,12):8.000000
(22,7),(11,12):0.000000
(22,7),(11,16):1.125000
(22,7),(9,16):12.800000
(22,7),(9,18):4.000000
(22,7),(4,18):0.000000
(22,7),(4,21):0.000000
(22,7),(2,21):0.000000
(22,7),(2,14):0.000000
(22,7),(6,14):0.000000
(22,7),(6,17):0.000000
(22,7),(7,17):18.666666
(22,7),(7,8):0.000000
(22,7),(8,8):51.775002
(22,7),(8,3):108.529724
(22,7),(19,3):116.400002
(22,7),(19,2):69.033333
(22,7),(25,2):69.916664
(22,7),(25,4):121.788887
(22,7),(30,4):92.520836
(22,7),(30,1):9.143056
(22,7),(33,1):16.743055
(22,7),(33,5):39.243057
(22,7),(31,5):104.243057
(22,7),(31,6):117.087502
(22,7),(35,6):53.900002
(22,7),(35,20):11.127273
(12,7),(12,10):37.125000
(12,7),(21,10):5.409091
(12,7),(21,15):0.000000
(12,7),(17,15):0.000000
(12,7),(17,22):0.000000
(12,7),(18,22):0.000000
(12,7),(18,23):0.000000
(12,7),(20,23):0.000000
(12,7),(20,26):0.000000
(12,7),(5,26):0.000000
(12,7),(5,27):0.000000
(12,7),(3,27):0.000000
(12,7),(3,28):0.000000
(12,7),(1,28):0.000000
(12,7),(1,25):0.000000
(12,7),(16,25):0.000000
(12,7),(16,13):0.000000
(12,7),(15,13):0.000000
(12,7),(15,11):9.166667
(12,7),(10,11):47.875000
(12,7),(10,12):27.875000
(12,7),(11,12):6.250000
(12,7),(11,16):17.708334
(12,7),(9,16):34.275002
(12,7),(9,18):18.875000
(12,7),(4,18):0.000000
(12,7),(4,21):0.000000
(12,7),(2,21):0.000000
(12,7),(2,14):0.000000
(12,7),(6,14):0.000000
(12,7),(6,17):0.000000
(12,7),(7,17):42.486111
(12,7),(7,8):23.875000
(12,7),(8,8):79.650002
(12,7),(8,3):108.863640
(12,7),(19,3):96.040581
(12,7),(19,2):42.625000
(12,7),(25,2):66.672890
(12,7),(25,4):96.260628
(12,7),(30,4):73.122810
(12,7),(30,1):5.639474
(12,7),(33,1):9.039474
(12,7),(33,5):38.539474
(12,7),(31,5):86.381577
(12,7),(31,6):89.951752
(12,7),(35,6):27.347826
(12,7),(35,20):3.681818
(12,10),(21,10):20.409090
(12,10),(21,15):12.750000
(12,10),(17,15):12.250000
(12,10),(17,22):1.839744
(12,10),(18,22):0.000000
(12,10),(18,23):0.000000
(12,10),(20,23):0.000000
(12,10),(20,26):0.000000
(12,10),(5,26):0.000000
(12,10),(5,27):0.000000
(12,10),(3,27):0.000000
(12,10),(3,28):0.000000
(12,10),(1,28):0.000000
(12,10),(1,25):0.000000
(12,10),(16,25):2.212366
(12,10),(16,13):12.250000
(12,10),(15,13):12.000000
(12,10),(15,11):24.166666
(12,10),(10,11):46.250000
(12,10),(10,12):21.250000
(12,10),(11,12):0.250000
(12,10),(11,16):11.361111
(12,10),(9,16):27.650000
(12,10),(9,18):13.000000
(12,10),(4,18):0.000000
(12,10),(4,21):0.000000
(12,10),(2,21):0.000000
(12,10),(2,14):0.000000
(12,10),(6,14):0.000000
(12,10),(6,17):0.000000
(12,10),(7,17):31.861111
(12,10),(7,8):18.500000
(12,10),(8,8):38.250000
(12,10),(8,3):33.285713
(12,10),(19,3):21.915585
(12,10),(19,2):0.000000
(12,10),(25,2):13.631222
(12,10),(25,4):17.846153
(12,10),(30,4):13.333333
(12,10),(30,1):0.000000
(12,10),(33,1):0.000000
(12,10),(33,5):8.000000
(12,10),(31,5):16.842106
(12,10),(31,6):16.421053
(12,10),(35,6):4.347826
(12,10),(35,20):0.000000
(21,10),(21,15):28.549999
(21,10),(17,15):27.875000
(21,10),(17,22):6.125000
(21,10),(18,22):0.000000
(21,10),(18,23):0.000000
(21,10),(20,23):0.000000
(21,10),(20,26):0.000000
(21,10),(5,26):0.000000
(21,10),(5,27):0.000000
(21,10),(3,27):0.000000
(21,10),(3,28):0.000000
(21,10),(1,28):0.000000
(21,10),(1,25):0.000000
(21,10),(16,25):6.875000
(21,10),(16,13):28.875000
(21,10),(15,13):18.000000
(21,10),(15,11):35.000000
(21,10),(10,11):14.409091
(21,10),(10,12):3.409091
(21,10),(11,12):0.000000
(21,10),(11,16):3.031313
(21,10),(9,16):3.509091
(21,10),(9,18):2.363636
(21,10),(4,18):0.000000
(21,10),(4,21):0.000000
(21,10),(2,21):0.000000
(21,10),(2,14):0.000000
(21,10),(6,14):0.000000
(21,10),(6,17):0.000000
(21,10),(7,17):3.659091
(21,10),(7,8):6.659091
(21,10),(8,8):6.409091
(21,10),(8,3):4.467533
(21,10),(19,3):0.000000
(21,10),(19,2):0.000000
(21,10),(25,2):0.000000
(21,10),(25,4):0.000000
(21,10),(30,4):0.000000
(21,10),(30,1):0.000000
(21,10),(33,1):0.000000
(21,10),(33,5):0.000000
(21,10),(31,5):0.000000
(21,10),(31,6):0.000000
(21,10),(35,6):0.000000
(21,10),(35,20):0.000000
(21,15),(17,15):27.250000
(21,15),(17,22):5.500000
(21,15),(18,22):0.000000
(21,15),(18,23):0.000000
(21,15),(20,23):0.000000
(21,15),(20,26):0.000000
(21,15),(5,26):0.000000
(21,15),(5,27):0.000000
(21,15),(3,27):0.000000
(21,15),(3,28):0.000000
(21,15),(1,28):0.000000
(21,15),(1,25):0.000000
(21,15),(16,25):6.250000
(21,15),(16,13):28.049999
(21,15),(15,13):17.799999
(21,15),(15,11):27.549999
(21,15),(10,11):6.750000
(21,15),(10,12):0.000000
(21,15),(11,12):0.000000
(21,15),(11,16):0.000000
(21,15),(9,16):0.000000
(21,15),(9,18):0.000000
(21,15),(4,18):0.000000
(21,15),(4,21):0.000000
(21,15),(2,21):0.000000
(21,15),(2,14):0.000000
(21,15),(6,14):0.000000
(21,15),(6,17):0.000000
(21,15),(7,17):0.000000
(21,15),(7,8):0.000000
(21,15),(8,8):0.000000
(21,15),(8,3):0.000000
(21,15),(19,3):0.000000
(21,15),(19,2):0.000000
(21,15),(25,2):0.000000
(21,15),(25,4):0.000000
(21,15),(30,4):0.000000
(21,15),(30,1):0.000000
(21,15),(33,1):0.000000
(21,15),(33,5):0.000000
(21,15),(31,5):0.000000
(21,15),(31,6):0.000000
(21,15),(35,6):0.000000
(21,15),(35,20):0.000000
(17,15),(17,22):16.549999
(17,15),(18,22):4.050000
(17,15),(18,23):4.550000
(17,15),(20,23):3.050000
(17,15),(20,26):4.716667
(17,15),(5,26):1.095455
(17,15),(5,27):0.000000
(17,15),(3,27):0.000000
(17,15),(3,28):0.000000
(17,15),(1,28):0.000000
(17,15),(1,25):1.050000
(17,15),(16,25):17.299999
(17,15),(16,13):38.250000
(17,15),(15,13):17.000000
(17,15),(15,11):26.250000
(17,15),(10,11):6.250000
(17,15),(10,12):0.000000
(17,15),(11,12):0.000000
(17,15),(11,16):0.000000
(17,15),(9,16):0.000000
(17,15),(9,18):0.000000
(17,15),(4,18):0.000000
(17,15),(4,21):0.000000
(17,15),(2,21):0.000000
(17,15),(2,14):0.000000
(17,15),(6,14):0.000000
(17,15),(6,17):0.000000
(17,15),(7,17):0.000000
(17,15),(7,8):0.000000
(17,15),(8,8):0.000000
(17,15),(8,3):0.000000
(17,15),(19,3):0.000000
(17,15),(19,2):0.000000
(17,15),(25,2):0.000000
(17,15),(25,4):0.000000
(17,15),(30,4):0.000000
(17,15),(30,1):0.000000
(17,15),(33,1):0.000000
(17,15),(33,5):0.000000
(17,15),(31,5):0.000000
(17,15),(31,6):0.000000
(17,15),(35,6):0.000000
(17,15),(35,20):0.000000
(17,22),(18,22):8.166667
(17,22),(18,23):12.666667
(17,22),(20,23):10.166667
(17,22),(20,26):12.500000
(17,22),(5,26):4.833333
(17,22),(5,27):0.000000
(17,22),(3,27):0.000000
(17,22),(3,28):0.000000
(17,22),(1,28):0.000000
(17,22),(1,25):4.166667
(17,22),(16,25):24.166666
(17,22),(16,13):17.388889
(17,22),(15,13):3.500000
(17,22),(15,11):4.500000
(17,22),(10,11):1.277778
(17,22),(10,12):0.000000
(17,22),(11,12):0.000000
(17,22),(11,16):0.000000
(17,22),(9,16):0.000000
(17,22),(9,18):0.000000
(17,22),(4,18):0.000000
(17,22),(4,21):0.000000
(17,22),(2,21):0.000000
(17,22),(2,14):0.000000
(17,22),(6,14):0.000000
(17,22),(6,17):0.000000
(17,22),(7,17):0.000000
(17,22),(7,8):0.000000
(17,22),(8,8):0.000000
(17,22),(8,3):0.000000
(17,22),(19,3):0.000000
(17,22),(19,2):0.000000
(17,22),(25,2):0.000000
(17,22),(25,4):0.000000
(17,22),(30,4):0.000000
(17,22),(30,1):0.000000
(17,22),(33,1):0.000000
(17,22),(33,5):0.000000
(17,22),(31,5):0.000000
(17,22),(31,6):0.000000
(17,22),(35,6):0.000000
(17,22),(35,20):0.000000
(18,22),(18,23):8.333333
(18,22),(20,23):6.333333
(18,22),(20,26):8.000000
(18,22),(5,26):2.515152
(18,22),(5,27):0.000000
(18,22),(3,27):0.000000
(18,22),(3,28):0.000000
(18,22),(1,28):0.000000
(18,22),(1,25):2.333333
(18,22),(16,25):8.333333
(18,22),(16,13):4.888889
(18,22),(15,13):0.000000
(18,22),(15,11):0.000000
(18,22),(10,11):0.000000
(18,22),(10,12):0.000000
(18,22),(11,12):0.000000
(18,22),(11,16):0.000000
(18,22),(9,16):0.000000
(18,22),(9,18):0.000000
(18,22),(4,18):0.000000
(18,22),(4,21):0.000000
(18,22),(2,21):0.000000
(18,22),(2,14):0.000000
(18,22),(6,14):0.000000
(18,22),(6,17):0.000000
(18,22),(7,17):0.000000
(18,22),(7,8):0.000000
(18,22),(8,8):0.000000
(18,22),(8,3):0.000000
(18,22),(19,3):0.000000
(18,22),(19,2):0.000000
(18,22),(25,2):0.000000
(18,22),(25,4):0.000000
(18,22),(30,4):0.000000
(18,22),(30,1):0.000000
(18,22),(33,1):0.000000
(18,22),(33,5):0.000000
(18,22),(31,5):0.000000
(18,22),(31,6):0.000000
(18,22),(35,6):0.000000
(18,22),(35,20):0.000000
(18,23),(20,23):12.500000
(18,23),(20,26):14.666667
(18,23),(5,26):5.227273
(18,23),(5,27):0.000000
(18,23),(3,27):0.000000
(18,23),(3,28):0.000000
(18,23),(1,28):0.000000
(18,23),(1,25):4.500000
(18,23),(16,25):15.000000
(18,23),(16,13):5.388889
(18,23),(15,13):0.000000
(18,23),(15,11):0.000000
(18,23),(10,11):0.000000
(18,23),(10,12):0.000000
(18,23),(11,12):0.000000
(18,23),(11,16):0.000000
(18,23),(9,16):0.000000
(18,23),(9,18):0.000000
(18,23),(4,18):0.000000
(18,23),(4,21):0.000000
(18,23),(2,21):0.000000
(18,23),(2,14):0.000000
(18,23),(6,14):0.000000
(18,23),(6,17):0.000000
(18,23),(7,17):0.000000
(18,23),(7,8):0.000000
(18,23),(8,8):0.000000
(18,23),(8,3):0.000000
(18,23),(19,3):0.000000
(18,23),(19,2):0.000000
(18,23),(25,2):0.000000
(18,23),(25,4):0.000000
(18,23),(30,4):0.000000
(18,23),(30,1):0.000000
(18,23),(33,1):0.000000
(18,23),(33,5):0.000000
(18,23),(31,5):0.000000
(18,23),(31,6):0.000000
(18,23),(35,6):0.000000
(18,23),(35,20):0.000000
(20,23),(20,26):13.000000
(20,23),(5,26):5.727273
(20,23),(5,27):0.000000
(20,23),(3,27):0.000000
(20,23),(3,28):0.000000
(20,23),(1,28):0.000000
(20,23),(1,25):5.000000
(20,23),(16,25):13.000000
(20,23),(16,13):3.833333
(20,23),(15,13):0.000000
(20,23),(15,11):0.000000
(20,23),(10,11):0.000000
(20,23),(10,12):0.000000
(20,23),(11,12):0.000000
(20,23),(11,16):0.000000
(20,23),(9,16):0.000000
(20,23),(9,18):0.000000
(20,23),(4,18):0.000000
(20,23),(4,21):0.000000
(20,23),(2,21):0.000000
(20,23),(2,14):0.000000
(20,23),(6,14):0.000000
(20,23),(6,17):0.000000
(20,23),(7,17):0.000000
(20,23),(7,8):0.000000
(20,23),(8,8):0.000000
(20,23),(8,3):0.000000
(20,23),(19,3):0.000000
(20,23),(19,2):0.000000
(20,23),(25,2):0.000000
(20,23),(25,4):0.000000
(20,23),(30,4):0.000000
(20,23),(30,1):0.000000
(20,23),(33,1):0.000000
(20,23),(33,5):0.000000
(20,23),(31,5):0.000000
(20,23),(31,6):0.000000
(20,23),(35,6):0.000000
(20,23),(35,20):0.000000
(20,26),(5,26):19.727272
(20,26),(5,27):4.000000
(20,26),(3,27):5.000000
(20,26),(3,28):2.000000
(20,26),(1,28):5.000000
(20,26),(1,25):19.000000
(20,26),(16,25):29.333334
(20,26),(16,13):5.555555
(20,26),(15,13):0.000000
(20,26),(15,11):0.000000
(20,26),(10,11):0.000000
(20,26),(10,12):0.000000
(20,26),(11,12):0.000000
(20,26),(11,16):0.000000
(20,26),(9,16):0.000000
(20,26),(9,18):0.000000
(20,26),(4,18):0.000000
(20,26),(4,21):0.000000
(20,26),(2,21):0.000000
(20,26),(2,14):0.000000
(20,26),(6,14):0.000000
(20,26),(6,17):0.000000
(20,26),(7,17):0.000000
(20,26),(7,8):0.000000
(20,26),(8,8):0.000000
(20,26),(8,3):0.000000
(20,26),(19,3):0.000000
(20,26),(19,2):0.000000
(20,26),(25,2):0.000000
(20,26),(25,4):0.000000
(20,26),(30,4):0.000000
(20,26),(30,1):0.000000
(20,26),(33,1):0.000000
(20,26),(33,5):0.000000
(20,26),(31,5):0.000000
(20,26),(31,6):0.000000
(20,26),(35,6):0.000000
(20,26),(35,20):0.000000
(5,26),(5,27):8.000000
(5,26),(3,27):10.000000
(5,26),(3,28):5.000000
(5,26),(1,28):9.000000
(5,26),(1,25):24.000000
(5,26),(16,25):20.454546
(5,26),(16,13):1.468889
(5,26),(15,13):0.000000
(5,26),(15,11):0.000000
(5,26),(10,11):0.000000
(5,26),(10,12):0.000000
(5,26),(11,12):0.000000
(5,26),(11,16):0.000000
(5,26),(9,16):0.000000
(5,26),(9,18):0.000000
(5,26),(4,18):0.000000
(5,26),(4,21):0.000000
(5,26),(2,21):0.000000
(5,26),(2,14):0.000000
(5,26),(6,14):0.000000
(5,26),(6,17):0.000000
(5,26),(7,17):0.000000
(5,26),(7,8):0.000000
(5,26),(8,8):0.000000
(5,26),(8,3):0.000000
(5,26),(19,3):0.000000
(5,26),(19,2):0.000000
(5,26),(25,2):0.000000
(5,26),(25,4):0.000000
(5,26),(30,4):0.000000
(5,26),(30,1):0.000000
(5,26),(33,1):0.000000
(5,26),(33,5):0.000000
(5,26),(31,5):0.000000
(5,26),(31,6):0.000000
(5,26),(35,6):0.000000
(5,26),(35,20):0.000000
(5,27),(3,27):8.000000
(5,27),(3,28):4.000000
(5,27),(1,28):7.000000
(5,27),(1,25):8.000000
(5,27),(16,25):4.727273
(5,27),(16,13):0.000000
(5,27),(15,13):0.000000
(5,27),(15,11):0.000000
(5,27),(10,11):0.000000
(5,27),(10,12):0.000000
(5,27),(11,12):0.000000
(5,27),(11,16):0.000000
(5,27),(9,16):0.000000
(5,27),(9,18):0.000000
(5,27),(4,18):0.000000
(5,27),(4,21):0.000000
(5,27),(2,21):0.000000
(5,27),(2,14):0.000000
(5,27),(6,14):0.000000
(5,27),(6,17):0.000000
(5,27),(7,17):0.000000
(5,27),(7,8):0.000000
(5,27),(8,8):0.000000
(5,27),(8,3):0.000000
(5,27),(19,3):0.000000
(5,27),(19,2):0.000000
(5,27),(25,2):0.000000
(5,27),(25,4):0.000000
(5,27),(30,4):0.000000
(5,27),(30,1):0.000000
(5,27),(33,1):0.000000
(5,27),(33,5):0.000000
(5,27),(31,5):0.000000
(5,27),(31,6):0.000000
(5,27),(35,6):0.000000
(5,27),(35,20):0.000000
(3,27),(3,28):6.000000
(3,27),(1,28):10.000000
(3,27),(1,25):11.000000
(3,27),(16,25):5.727273
(3,27),(16,13):0.000000
(3,27),(15,13):0.000000
(3,27),(15,11):0.000000
(3,27),(10,11):0.000000
(3,27),(10,12):0.000000
(3,27),(11,12):0.000000
(3,27),(11,16):0.000000
(3,27),(9,16):0.000000
(3,27),(9,18):0.000000
(3,27),(4,18):0.000000
(3,27),(4,21):0.000000
(3,27),(2,21):0.000000
(3,27),(2,14):0.000000
(3,27),(6,14):0.000000
(3,27),(6,17):0.000000
(3,27),(7,17):0.000000
(3,27),(7,8):0.000000
(3,27),(8,8):0.000000
(3,27),(8,3):0.000000
(3,27),(19,3):0.000000
(3,27),(19,2):0.000000
(3,27),(25,2):0.000000
(3,27),(25,4):0.000000
(3,27),(30,4):0.000000
(3,27),(30,1):0.000000
(3,27),(33,1):0.000000
(3,27),(33,5):0.000000
(3,27),(31,5):0.000000
(3,27),(31,6):0.000000
(3,27),(35,6):0.000000
(3,27),(35,20):0.000000
(3,28),(1,28):6.000000
(3,28),(1,25):6.000000
(3,28),(16,25):2.545455
(3,28),(16,13):0.000000
(3,28),(15,13):0.000000
(3,28),(15,11):0.000000
(3,28),(10,11):0.000000
(3,28),(10,12):0.000000
(3,28),(11,12):0.000000
(3,28),(11,16):0.000000
(3,28),(9,16):0.000000
(3,28),(9,18):0.000000
(3,28),(4,18):0.000000
(3,28),(4,21):0.000000
(3,28),(2,21):0.000000
(3,28),(2,14):0.000000
(3,28),(6,14):0.000000
(3,28),(6,17):0.000000
(3,28),(7,17):0.000000
(3,28),(7,8):0.000000
(3,28),(8,8):0.000000
(3,28),(8,3):0.000000
(3,28),(19,3):0.000000
(3,28),(19,2):0.000000
(3,28),(25,2):0.000000
(3,28),(25,4):0.000000
(3,28),(30,4):0.000000
(3,28),(30,1):0.000000
(3,28),(33,1):0.000000
(3,28),(33,5):0.000000
(3,28),(31,5):0.000000
(3,28),(31,6):0.000000
(3,28),(35,6):0.000000
(3,28),(35,20):0.000000
(1,28),(1,25):10.000000
(1,28),(16,25):5.727273
(1,28),(16,13):0.000000
(1,28),(15,13):0.000000
(1,28),(15,11):0.000000
(1,28),(10,11):0.000000
(1,28),(10,12):0.000000
(1,28),(11,12):0.000000
(1,28),(11,16):0.000000
(1,28),(9,16):0.000000
(1,28),(9,18):0.000000
(1,28),(4,18):0.000000
(1,28),(4,21):0.000000
(1,28),(2,21):0.000000
(1,28),(2,14):0.000000
(1,28),(6,14):0.000000
(1,28),(6,17):0.000000
(1,28),(7,17):0.000000
(1,28),(7,8):0.000000
(1,28),(8,8):0.000000
(1,28),(8,3):0.000000
(1,28),(19,3):0.000000
(1,28),(19,2):0.000000
(1,28),(25,2):0.000000
(1,28),(25,4):0.000000
(1,28),(30,4):0.000000
(1,28),(30,1):0.000000
(1,28),(33,1):0.000000
(1,28),(33,5):0.000000
(1,28),(31,5):0.000000
(1,28),(31,6):0.000000
(1,28),(35,6):0.000000
(1,28),(35,20):0.000000
(1,25),(16,25):19.727272
(1,25),(16,13):1.388889
(1,25),(15,13):0.000000
(1,25),(15,11):0.000000
(1,25),(10,11):0.000000
(1,25),(10,12):0.000000
(1,25),(11,12):0.000000
(1,25),(11,16):0.000000
(1,25),(9,16):0.000000
(1,25),(9,18):0.000000
(1,25),(4,18):0.000000
(1,25),(4,21):0.000000
(1,25),(2,21):0.000000
(1,25),(2,14):0.000000
(1,25),(6,14):0.000000
(1,25),(6,17):0.000000
(1,25),(7,17):0.000000
(1,25),(7,8):0.000000
(1,25),(8,8):0.000000
(1,25),(8,3):0.000000
(1,25),(19,3):0.000000
(1,25),(19,2):0.000000
(1,25),(25,2):0.000000
(1,25),(25,4):0.000000
(1,25),(30,4):0.000000
(1,25),(30,1):0.000000
(1,25),(33,1):0.000000
(1,25),(33,5):0.000000
(1,25),(31,5):0.000000
(1,25),(31,6):0.000000
(1,25),(35,6):0.000000
(1,25),(35,20):0.000000
(16,25),(16,13):18.138889
(16,25),(15,13):4.050000
(16,25),(15,11):5.250000
(16,25),(10,11):1.450000
(16,25),(10,12):0.000000
(16,25),(11,12):0.000000
(16,25),(11,16):0.000000
(16,25),(9,16):0.000000
(16,25),(9,18):0.000000
(16,25),(4,18):0.000000
(16,25),(4,21):0.000000
(16,25),(2,21):0.000000
(16,25),(2,14):0.000000
(16,25),(6,14):0.000000
(16,25),(6,17):0.000000
(16,25),(7,17):0.000000
(16,25),(7,8):0.000000
(16,25),(8,8):0.000000
(16,25),(8,3):0.000000
(16,25),(19,3):0.000000
(16,25),(19,2):0.000000
(16,25),(25,2):0.000000
(16,25),(25,4):0.000000
(16,25),(30,4):0.000000
(16,25),(30,1):0.000000
(16,25),(33,1):0.000000
(16,25),(33,5):0.000000
(16,25),(31,5):0.000000
(16,25),(31,6):0.000000
(16,25),(35,6):0.000000
(16,25),(35,20):0.000000
(16,13),(15,13):18.000000
(16,13),(15,11):27.250000
(16,13),(10,11):6.250000
(16,13),(10,12):0.000000
(16,13),(11,12):0.000000
(16,13),(11,16):0.000000
(16,13),(9,16):0.000000
(16,13),(9,18):0.000000
(16,13),(4,18):0.000000
(16,13),(4,21):0.000000
(16,13),(2,21):0.000000
(16,13),(2,14):0.000000
(16,13),(6,14):0.000000
(16,13),(6,17):0.000000
(16,13),(7,17):0.000000
(16,13),(7,8):0.000000
(16,13),(8,8):0.000000
(16,13),(8,3):0.000000
(16,13),(19,3):0.000000
(16,13),(19,2):0.000000
(16,13),(25,2):0.000000
(16,13),(25,4):0.000000
(16,13),(30,4):0.000000
(16,13),(30,1):0.000000
(16,13),(33,1):0.000000
(16,13),(33,5):0.000000
(16,13),(31,5):0.000000
(16,13),(31,6):0.000000
(16,13),(35,6):0.000000
(16,13),(35,20):0.000000
(15,13),(15,11):18.000000
(15,13),(10,11):6.000000
(15,13),(10,12):0.000000
(15,13),(11,12):0.000000
(15,13),(11,16):0.000000
(15,13),(9,16):0.000000
(15,13),(9,18):0.000000
(15,13),(4,18):0.000000
(15,13),(4,21):0.000000
(15,13),(2,21):0.000000
(15,13),(2,14):0.000000
(15,13),(6,14):0.000000
(15,13),(6,17):0.000000
(15,13),(7,17):0.000000
(15,13),(7,8):0.000000
(15,13),(8,8):0.000000
(15,13),(8,3):0.000000
(15,13),(19,3):0.000000
(15,13),(19,2):0.000000
(15,13),(25,2):0.000000
(15,13),(25,4):0.000000
(15,13),(30,4):0.000000
(15,13),(30,1):0.000000
(15,13),(33,1):0.000000
(15,13),(33,5):0.000000
(15,13),(31,5):0.000000
(15,13),(31,6):0.000000
(15,13),(35,6):0.000000
(15,13),(35,20):0.000000
(15,11),(10,11):18.166666
(15,11),(10,12):6.500000
(15,11),(11,12):0.000000
(15,11),(11,16):5.655303
(15,11),(9,16):6.760417
(15,11),(9,18):4.666667
(15,11),(4,18):0.000000
(15,11),(4,21):0.000000
(15,11),(2,21):0.000000
(15,11),(2,14):0.000000
(15,11),(6,14):0.000000
(15,11),(6,17):0.000000
(15,11),(7,17):7.095238
(15,11),(7,8):10.416667
(15,11),(8,8):10.166667
(15,11),(8,3):6.952381
(15,11),(19,3):1.273884
(15,11),(19,2):0.000000
(15,11),(25,2):0.241936
(15,11),(25,4):0.000000
(15,11),(30,4):0.000000
(15,11),(30,1):0.000000
(15,11),(33,1):0.000000
(15,11),(33,5):0.000000
(15,11),(31,5):0.000000
(15,11),(31,6):0.000000
(15,11),(35,6):0.000000
(15,11),(35,20):0.000000
(10,11),(10,12):37.750000
(10,11),(11,12):15.250000
(10,11),(11,16):24.000000
(10,11),(9,16):44.250000
(10,11),(9,18):24.850000
(10,11),(4,18):2.528571
(10,11),(4,21):0.000000
(10,11),(2,21):0.000000
(10,11),(2,14):0.189394
(10,11),(6,14):0.000000
(10,11),(6,17):1.950000
(10,11),(7,17):52.211113
(10,11),(7,8):34.849998
(10,11),(8,8):58.655556
(10,11),(8,3):47.885715
(10,11),(19,3):25.915585
(10,11),(19,2):0.000000
(10,11),(25,2):15.820616
(10,11),(25,4):21.846153
(10,11),(30,4):15.583333
(10,11),(30,1):0.000000
(10,11),(33,1):0.000000
(10,11),(33,5):11.000000
(10,11),(31,5):20.842106
(10,11),(31,6):20.421053
(10,11),(35,6):4.597826
(10,11),(35,20):0.000000
(10,12),(11,12):19.299999
(10,12),(11,16):28.000000
(10,12),(9,16):41.799999
(10,12),(9,18):24.799999
(10,12),(4,18):2.481818
(10,12),(4,21):0.000000
(10,12),(2,21):0.000000
(10,12),(2,14):0.225287
(10,12),(6,14):0.000000
(10,12),(6,17):1.925000
(10,12),(7,17):39.411110
(10,12),(7,8):30.833334
(10,12),(8,8):40.555557
(10,12),(8,3):29.277779
(10,12),(19,3):12.772727
(10,12),(19,2):0.000000
(10,12),(25,2):7.528657
(10,12),(25,4):9.384615
(10,12),(30,4):7.000000
(10,12),(30,1):0.000000
(10,12),(33,1):0.000000
(10,12),(33,5):4.000000
(10,12),(31,5):8.631579
(10,12),(31,6):8.315789
(10,12),(35,6):2.260870
(10,12),(35,20):0.000000
(11,12),(11,16):16.000000
(11,12),(9,16):19.400000
(11,12),(9,18):11.400000
(11,12),(4,18):2.100000
(11,12),(4,21):0.000000
(11,12),(2,21):0.000000
(11,12),(2,14):0.301042
(11,12),(6,14):0.000000
(11,12),(6,17):1.650000
(11,12),(7,17):18.400000
(11,12),(7,8):18.333334
(11,12),(8,8):18.055555
(11,12),(8,3):10.777778
(11,12),(19,3):0.000000
(11,12),(19,2):0.000000
(11,12),(25,2):0.000000
(11,12),(25,4):0.000000
(11,12),(30,4):0.000000
(11,12),(30,1):0.000000
(11,12),(33,1):0.000000
(11,12),(33,5):0.000000
(11,12),(31,5):0.000000
(11,12),(31,6):0.000000
(11,12),(35,6):0.000000
(11,12),(35,20):0.000000
(11,16),(9,16):28.000000
(11,16),(9,18):18.000000
(11,16),(4,18):0.000000
(11,16),(4,21):0.000000
(11,16),(2,21):0.000000
(11,16),(2,14):0.000000
(11,16),(6,14):0.000000
(11,16),(6,17):0.000000
(11,16),(7,17):26.384615
(11,16),(7,8):25.333334
(11,16),(8,8):27.000000
(11,16),(8,3):17.777779
(11,16),(19,3):4.399960
(11,16),(19,2):0.000000
(11,16),(25,2):2.819818
(11,16),(25,4):1.818881
(11,16),(30,4):1.613333
(11,16),(30,1):0.000000
(11,16),(33,1):0.000000
(11,16),(33,5):0.125000
(11,16),(31,5):1.425439
(11,16),(31,6):1.271702
(11,16),(35,6):0.745676
(11,16),(35,20):0.000000
(9,16),(9,18):26.000000
(9,16),(4,18):3.666667
(9,16),(4,21):0.000000
(9,16),(2,21):0.000000
(9,16),(2,14):0.816667
(9,16),(6,14):0.250000
(9,16),(6,17):3.000000
(9,16),(7,17):47.011112
(9,16),(7,8):32.233334
(9,16),(8,8):47.455555
(9,16),(8,3):36.177776
(9,16),(19,3):18.251068
(9,16),(19,2):0.000000
(9,16),(25,2):10.768578
(9,16),(25,4):14.471960
(9,16),(30,4):10.509195
(9,16),(30,1):0.000000
(9,16),(33,1):0.000000
(9,16),(33,5):6.800000
(9,16),(31,5):13.564686
(9,16),(31,6):13.182755
(9,16),(35,6):3.216247
(9,16),(35,20):0.000000
(9,18),(4,18):10.333333
(9,18),(4,21):4.000000
(9,18),(2,21):4.757576
(9,18),(2,14):7.333333
(9,18),(6,14):6.666667
(9,18),(6,17):9.666667
(9,18),(7,17):28.611111
(9,18),(7,8):20.000000
(9,18),(8,8):25.055555
(9,18),(8,3):15.000000
(9,18),(19,3):7.344156
(9,18),(19,2):0.000000
(9,18),(25,2):4.150453
(9,18),(25,4):4.807693
(9,18),(30,4):3.583333
(9,18),(30,1):0.000000
(9,18),(33,1):0.000000
(9,18),(33,5):2.000000
(9,18),(31,5):4.368421
(9,18),(31,6):4.184210
(9,18),(35,6):1.152174
(9,18),(35,20):0.000000
(4,18),(4,21):14.000000
(4,18),(2,21):19.000000
(4,18),(2,14):22.666666
(4,18),(6,14):19.750000
(4,18),(6,17):20.000000
(4,18),(7,17):8.333333
(4,18),(7,8):2.666667
(4,18),(8,8):2.722222
(4,18),(8,3):1.500000
(4,18),(19,3):0.000000
(4,18),(19,2):0.000000
(4,18),(25,2):0.000000
(4,18),(25,4):0.000000
(4,18),(30,4):0.000000
(4,18),(30,1):0.000000
(4,18),(33,1):0.000000
(4,18),(33,5):0.000000
(4,18),(31,5):0.000000
(4,18),(31,6):0.000000
(4,18),(35,6):0.000000
(4,18),(35,20):0.000000
(4,21),(2,21):14.000000
(4,21),(2,14):14.000000
(4,21),(6,14):11.750000
(4,21),(6,17):9.000000
(4,21),(7,17):2.666667
(4,21),(7,8):0.000000
(4,21),(8,8):0.000000
(4,21),(8,3):0.000000
(4,21),(19,3):0.000000
(4,21),(19,2):0.000000
(4,21),(25,2):0.000000
(4,21),(25,4):0.000000
(4,21),(30,4):0.000000
(4,21),(30,1):0.000000
(4,21),(33,1):0.000000
(4,21),(33,5):0.000000
(4,21),(31,5):0.000000
(4,21),(31,6):0.000000
(4,21),(35,6):0.000000
(4,21),(35,20):0.000000
(2,21),(2,14):19.000000
(2,21),(6,14):16.750000
(2,21),(6,17):14.000000
(2,21),(7,17):3.000000
(2,21),(7,8):0.000000
(2,21),(8,8):0.000000
(2,21),(8,3):0.000000
(2,21),(19,3):0.000000
(2,21),(19,2):0.000000
(2,21),(25,2):0.000000
(2,21),(25,4):0.000000
(2,21),(30,4):0.000000
(2,21),(30,1):0.000000
(2,21),(33,1):0.000000
(2,21),(33,5):0.000000
(2,21),(31,5):0.000000
(2,21),(31,6):0.000000
(2,21),(35,6):0.000000
(2,21),(35,20):0.000000
(2,14),(6,14):19.750000
(2,14),(6,17):17.666666
(2,14),(7,17):5.333333
(2,14),(7,8):0.041667
(2,14),(8,8):0.068376
(2,14),(8,3):0.000000
(2,14),(19,3):0.000000
(2,14),(19,2):0.000000
(2,14),(25,2):0.000000
(2,14),(25,4):0.000000
(2,14),(30,4):0.000000
(2,14),(30,1):0.000000
(2,14),(33,1):0.000000
(2,14),(33,5):0.000000
(2,14),(31,5):0.000000
(2,14),(31,6):0.000000
(2,14),(35,6):0.000000
(2,14),(35,20):0.000000
(6,14),(6,17):17.000000
(6,14),(7,17):4.666667
(6,14),(7,8):0.000000
(6,14),(8,8):0.000000
(6,14),(8,3):0.000000
(6,14),(19,3):0.000000
(6,14),(19,2):0.000000
(6,14),(25,2):0.000000
(6,14),(25,4):0.000000
(6,14),(30,4):0.000000
(6,14),(30,1):0.000000
(6,14),(33,1):0.000000
(6,14),(33,5):0.000000
(6,14),(31,5):0.000000
(6,14),(31,6):0.000000
(6,14),(35,6):0.000000
(6,14),(35,20):0.000000
(6,17),(7,17):7.666667
(6,17),(7,8):2.000000
(6,17),(8,8):2.055556
(6,17),(8,3):1.000000
(6,17),(19,3):0.000000
(6,17),(19,2):0.000000
(6,17),(25,2):0.000000
(6,17),(25,4):0.000000
(6,17),(30,4):0.000000
(6,17),(30,1):0.000000
(6,17),(33,1):0.000000
(6,17),(33,5):0.000000
(6,17),(31,5):0.000000
(6,17),(31,6):0.000000
(6,17),(35,6):0.000000
(6,17),(35,20):0.000000
(7,17),(7,8):32.583332
(7,17),(8,8):54.666668
(7,17),(8,3):43.586113
(7,17),(19,3):24.526695
(7,17),(19,2):0.000000
(7,17),(25,2):15.253006
(7,17),(25,4):20.457602
(7,17),(30,4):14.700734
(7,17),(30,1):0.000000
(7,17),(33,1):0.000000
(7,17),(33,5):10.111111
(7,17),(31,5):19.472057
(7,17),(31,6):19.066994
(7,17),(35,6):4.413700
(7,17),(35,20):0.000000
(7,8),(8,8):38.000000
(7,8),(8,3):26.063492
(7,8),(19,3):2.790584
(7,8),(19,2):0.000000
(7,8),(25,2):0.931222
(7,8),(25,4):0.000000
(7,8),(30,4):0.000000
(7,8),(30,1):0.000000
(7,8),(33,1):0.000000
(7,8),(33,5):0.000000
(7,8),(31,5):0.000000
(7,8),(31,6):0.000000
(7,8),(35,6):0.000000
(7,8),(35,20):0.000000
(8,8),(8,3):76.938492
(8,8),(19,3):57.690586
(8,8),(19,2):13.900000
(8,8),(25,2):45.322887
(8,8),(25,4):53.621155
(8,8),(30,4):31.333334
(8,8),(30,1):0.000000
(8,8),(33,1):0.000000
(8,8),(33,5):26.958334
(8,8),(31,5):44.792107
(8,8),(31,6):46.715008
(8,8),(35,6):6.347826
(8,8),(35,20):0.000000
(8,3),(19,3):109.696426
(8,3),(19,2):57.458332
(8,3),(25,2):62.279305
(8,3),(25,4):109.422134
(8,3),(30,4):83.736694
(8,3),(30,1):6.752941
(8,3),(33,1):12.534314
(8,3),(33,5):36.117645
(8,3),(31,5):94.959755
(8,3),(31,6):106.943748
(8,3),(35,6):46.429348
(8,3),(35,20):10.311030
(19,3),(19,2):69.910255
(19,3),(25,2):71.997086
(19,3),(25,4):118.756409
(19,3),(30,4):86.158333
(19,3),(30,1):4.983333
(19,3),(33,1):12.285714
(19,3),(33,5):33.000000
(19,3),(31,5):97.342102
(19,3),(31,6):111.997978
(19,3),(35,6):51.924747
(19,3),(35,20):10.308630
(19,2),(25,2):34.799999
(19,2),(25,4):70.556412
(19,2),(30,4):49.142105
(19,2),(30,1):4.066667
(19,2),(33,1):10.839286
(19,2),(33,5):9.750000
(19,2),(31,5):49.799999
(19,2),(31,6):64.556412
(19,2),(35,6):40.556412
(19,2),(35,20):9.989743
(25,2),(25,4):71.762817
(25,2),(30,4):56.250000
(25,2),(30,1):0.000000
(25,2),(33,1):0.000000
(25,2),(33,5):20.059525
(25,2),(31,5):61.758774
(25,2),(31,6):64.337723
(25,2),(35,6):23.347826
(25,2),(35,20):0.000000
(25,4),(30,4):92.722221
(25,4),(30,1):7.900000
(25,4),(33,1):15.500000
(25,4),(33,5):38.000000
(25,4),(31,5):103.842102
(25,4),(31,6):116.968674
(25,4),(35,6):53.895447
(25,4),(35,20):10.780952
(30,4),(30,1):16.900000
(30,4),(33,1):24.500000
(30,4),(33,5):34.000000
(30,4),(31,5):98.842102
(30,4),(31,6):97.671051
(30,4),(35,6):48.597828
(30,4),(35,20):5.550000
(30,1),(33,1):13.000000
(30,1),(33,5):12.000000
(30,1),(31,5):16.000000
(30,1),(31,6):8.900000
(30,1),(35,6):3.900000
(30,1),(35,20):0.000000
(33,1),(33,5):12.500000
(33,1),(31,5):24.500000
(33,1),(31,6):16.500000
(33,1),(35,6):9.750000
(33,1),(35,20):0.000000
(33,5),(31,5):47.000000
(33,5),(31,6):39.000000
(33,5),(35,6):0.000000
(33,5),(35,20):0.000000
(31,5),(31,6):104.421051
(31,5),(35,6):41.347828
(31,5),(35,20):0.000000
(31,6),(35,6):66.847824
(31,6),(35,20):23.727272
(35,6),(35,20):43.342659
