66
(31,32):(31,29)	(31,30)	(31,31)	(31,32)	(32,29)	(32,30)	(32,31)	(33,28)	(33,32)	
(31,31):(27,29)	(28,29)	(29,29)	(29,30)	(30,29)	(30,30)	(30,31)	(31,29)	(31,30)	(31,31)	(31,32)	(32,29)	(32,30)	(32,31)	(33,28)	(33,32)	
(30,31):(28,29)	(29,29)	(29,30)	(29,33)	(30,29)	(30,30)	(30,31)	(30,33)	(31,29)	(31,30)	(31,31)	(32,29)	(32,30)	(32,31)	(33,28)	
(30,33):(29,29)	(29,30)	(29,33)	(30,29)	(30,30)	(30,31)	(30,33)	
(29,33):(29,29)	(29,30)	(29,33)	(30,29)	(30,30)	(30,31)	(30,33)	(31,29)	
(29,30):(3,27)	(4,27)	(5,27)	(6,27)	(7,28)	(8,28)	(9,28)	(10,28)	(11,28)	(12,28)	(13,28)	(14,28)	(18,29)	(18,30)	(19,29)	(20,29)	(21,29)	(22,29)	(23,29)	(24,29)	(25,29)	(26,29)	(27,29)	(28,29)	(29,29)	(29,30)	(29,33)	(30,29)	(30,30)	(30,31)	(30,33)	(31,29)	(31,30)	(31,31)	(32,29)	(32,30)	(32,31)	(33,28)	(33,32)	
(18,30):(18,29)	(18,30)	(19,29)	(20,29)	(21,29)	(22,29)	(23,29)	(24,29)	(25,29)	(26,29)	(27,29)	(28,29)	(29,29)	(29,30)	(30,29)	(30,30)	(31,29)	(31,30)	(32,29)	(32,30)	(33,28)	
(18,29):(2,25)	(2,26)	(2,29)	(3,26)	(3,27)	(3,28)	(4,26)	(4,27)	(4,28)	(5,26)	(5,27)	(5,28)	(6,26)	(6,27)	(6,28)	(7,27)	(7,28)	(8,27)	(8,28)	(9,27)	(9,28)	(10,27)	(10,28)	(11,28)	(12,28)	(13,28)	(14,28)	(18,29)	(18,30)	(19,29)	(20,29)	(21,29)	(22,29)	(23,29)	(24,29)	(25,29)	(26,29)	(27,29)	(28,29)	(29,29)	(29,30)	(30,29)	(30,30)	(31,29)	(31,30)	(32,29)	(32,30)	(33,28)	
(2,29):(2,25)	(2,26)	(2,29)	(3,24)	(3,25)	(3,26)	(3,27)	(3,28)	(4,26)	(4,27)	(4,28)	(5,26)	(5,27)	(5,28)	(6,25)	(6,26)	(6,27)	(6,28)	(7,24)	(7,25)	(7,26)	(7,27)	(7,28)	(8,23)	(8,24)	(8,25)	(8,26)	(8,27)	(8,28)	(9,22)	(9,23)	(9,24)	(9,25)	(9,26)	(9,27)	(9,28)	(10,21)	(10,22)	(10,23)	(10,24)	(10,25)	(10,26)	(10,27)	(10,28)	(11,20)	(11,21)	(11,22)	(11,23)	(11,27)	(11,28)	(12,19)	(12,20)	(12,21)	(12,22)	(12,28)	(13,18)	(13,19)	(13,20)	(13,21)	(13,28)	(14,17)	(14,18)	(14,19)	(14,20)	(14,21)	(14,27)	(14,28)	(15,19)	(15,20)	(16,19)	(17,19)	(18,18)	(18,29)	(19,17)	(19,29)	(20,17)	(20,29)	(21,16)	(21,29)	(22,15)	(22,29)	(23,29)	(24,29)	(25,29)	(26,29)	(27,29)	(28,29)	(29,29)	(30,29)	(31,29)	(32,29)	(33,28)	
(2,26):(1,24)	(1,26)	(2,25)	(2,26)	(2,29)	(3,24)	(3,25)	(3,26)	(3,27)	(3,28)	(4,26)	(4,27)	(4,28)	(5,26)	(5,27)	(5,28)	(6,25)	(6,26)	(6,27)	(6,28)	(7,25)	(7,26)	(7,27)	(7,28)	(8,25)	(8,26)	(8,27)	(8,28)	(9,25)	(9,26)	(9,27)	(9,28)	(10,24)	(10,25)	(10,26)	(10,27)	(10,28)	(11,27)	(11,28)	(12,28)	(13,28)	(14,28)	(18,29)	(19,29)	(20,29)	
(1,26):(1,24)	(1,26)	(2,25)	(2,26)	(3,24)	(3,25)	(3,26)	(4,26)	(5,26)	(6,25)	(6,26)	(7,25)	(7,26)	(8,25)	(8,26)	(9,25)	(9,26)	(10,25)	(10,26)	
(1,24):(1,24)	(1,26)	(2,25)	(2,26)	(3,24)	(3,25)	(3,26)	(3,27)	(3,28)	(4,26)	(4,27)	(4,28)	(5,26)	(5,27)	(5,28)	(6,27)	(6,28)	(7,27)	(7,28)	(8,28)	(9,28)	
(3,24):(1,24)	(1,26)	(2,25)	(2,26)	(2,29)	(3,24)	(3,25)	(3,26)	(3,27)	(3,28)	
(3,25):(1,24)	(1,26)	(2,25)	(2,26)	(2,29)	(3,24)	(3,25)	(3,26)	(3,27)	(3,28)	(4,26)	(4,27)	(4,28)	(5,26)	(5,27)	(5,28)	(6,25)	(6,26)	(6,27)	(6,28)	(7,25)	(7,26)	(7,27)	(7,28)	(8,25)	(8,26)	(8,27)	(8,28)	(9,25)	(9,26)	(9,27)	(9,28)	(10,25)	(10,26)	(10,27)	(10,28)	(11,27)	(11,28)	(12,28)	(13,28)	(14,28)	
(6,25):(1,26)	(2,25)	(2,26)	(2,29)	(3,25)	(3,26)	(3,27)	(3,28)	(4,26)	(4,27)	(4,28)	(5,26)	(5,27)	(5,28)	(6,14)	(6,25)	(6,26)	(6,27)	(6,28)	(7,15)	(7,16)	(7,17)	(7,18)	(7,19)	(7,20)	(7,21)	(7,22)	(7,23)	(7,24)	(7,25)	(7,26)	(7,27)	(7,28)	(8,15)	(8,16)	(8,17)	(8,18)	(8,19)	(8,20)	(8,21)	(8,22)	(8,23)	(8,24)	(8,25)	(8,26)	(8,27)	(8,28)	(9,15)	(9,16)	(9,17)	(9,18)	(9,19)	(9,20)	(9,21)	(9,22)	(9,23)	(9,24)	(9,25)	(9,26)	(9,27)	(9,28)	(10,15)	(10,16)	(10,17)	(10,18)	(10,19)	(10,20)	(10,21)	(10,22)	(10,23)	(10,24)	(10,25)	(10,26)	(10,27)	(10,28)	(11,15)	(11,16)	(11,17)	(11,18)	(11,19)	(11,20)	(11,21)	(11,22)	(11,23)	(11,27)	(11,28)	(12,14)	(12,15)	(12,16)	(12,17)	(12,18)	(12,19)	(12,20)	(12,21)	(12,22)	(12,28)	(13,13)	(13,14)	(13,15)	(13,16)	(13,17)	(13,18)	(13,19)	(13,20)	(13,21)	(13,22)	(13,28)	(14,13)	(14,14)	(14,15)	(14,16)	(14,17)	(14,18)	(14,19)	(14,20)	(14,21)	(15,12)	(15,19)	(15,20)	(15,21)	(16,19)	(16,20)	(16,21)	(17,19)	(17,20)	(18,18)	(18,19)	(18,20)	(19,18)	(20,17)	(21,16)	(22,16)	
(6,14):(6,14)	(6,25)	(6,26)	(6,27)	(6,28)	(7,15)	(7,16)	(7,17)	(7,18)	(7,19)	(7,20)	(7,21)	(7,22)	(7,23)	(7,24)	(7,25)	(7,26)	(7,27)	(7,28)	(8,15)	(8,16)	(8,17)	(8,18)	(8,19)	(8,20)	(8,21)	(8,22)	(8,23)	(8,24)	(8,25)	(8,26)	(8,27)	(8,28)	(9,15)	(9,16)	(9,17)	(9,18)	(9,19)	(9,20)	(9,21)	(9,22)	(9,23)	(9,24)	(9,25)	(9,26)	(9,27)	(9,28)	(10,15)	(10,16)	(10,17)	(10,18)	(10,19)	(10,20)	(10,21)	(10,22)	(10,23)	(10,24)	(10,25)	(10,26)	(10,27)	(10,28)	(11,15)	(11,16)	(11,17)	(11,18)	(11,19)	(11,20)	(11,21)	(11,22)	(11,23)	(11,27)	(11,28)	(12,14)	(12,15)	(12,16)	(12,17)	(12,18)	(12,19)	(12,20)	(12,21)	(12,22)	(13,14)	(13,15)	(13,16)	(13,17)	(13,18)	(13,19)	(13,20)	(13,21)	(13,22)	(14,14)	(14,15)	(14,16)	(14,17)	(14,18)	(14,19)	(14,20)	(14,21)	(14,22)	(15,19)	(15,20)	(15,21)	(15,22)	(16,20)	(16,21)	(16,22)	(17,21)	(17,22)	(18,21)	(18,22)	(19,22)	(20,22)	(21,23)	
(12,14):(5,27)	(5,28)	(6,14)	(6,25)	(6,26)	(6,27)	(6,28)	(7,15)	(7,16)	(7,17)	(7,18)	(7,19)	(7,20)	(7,21)	(7,22)	(7,23)	(7,24)	(7,25)	(7,26)	(7,27)	(7,28)	(8,15)	(8,16)	(8,17)	(8,18)	(8,19)	(8,20)	(8,21)	(8,22)	(8,23)	(8,24)	(8,25)	(8,26)	(8,27)	(8,28)	(9,15)	(9,16)	(9,17)	(9,18)	(9,19)	(9,20)	(9,21)	(9,22)	(9,23)	(9,24)	(9,25)	(9,26)	(9,27)	(9,28)	(10,15)	(10,16)	(10,17)	(10,18)	(10,19)	(10,20)	(10,21)	(10,22)	(10,23)	(10,24)	(10,25)	(10,26)	(10,27)	(10,28)	(11,15)	(11,16)	(11,17)	(11,18)	(11,19)	(11,20)	(11,21)	(11,22)	(11,23)	(12,2)	(12,3)	(12,4)	(12,5)	(12,6)	(12,7)	(12,8)	(12,9)	(12,10)	(12,11)	(12,12)	(12,13)	(12,14)	(12,15)	(12,16)	(12,17)	(12,18)	(12,19)	(12,20)	(12,21)	(12,22)	(13,1)	(13,12)	(13,13)	(13,14)	(13,15)	(13,16)	(13,17)	(13,18)	(13,19)	(13,20)	(13,21)	(13,22)	(14,13)	(14,14)	(14,15)	(14,16)	(14,17)	(14,18)	(14,19)	(14,20)	(14,21)	(14,22)	(15,12)	(15,19)	(15,20)	(15,21)	(15,22)	(16,21)	(16,22)	
(12,13):(4,8)	(4,13)	(5,4)	(5,8)	(5,9)	(5,10)	(5,11)	(5,12)	(6,5)	(6,6)	(6,7)	(6,8)	(6,9)	(6,10)	(6,11)	(6,12)	(7,5)	(7,6)	(7,7)	(7,8)	(7,9)	(7,10)	(7,11)	(7,12)	(8,6)	(8,7)	(8,8)	(8,9)	(8,10)	(8,11)	(8,12)	(9,2)	(9,6)	(9,7)	(9,8)	(9,9)	(9,10)	(9,11)	(9,12)	(10,1)	(10,2)	(10,3)	(10,4)	(10,5)	(10,6)	(10,7)	(10,8)	(10,9)	(10,10)	(10,11)	(10,12)	(11,2)	(11,3)	(11,4)	(11,5)	(11,6)	(11,7)	(11,8)	(11,9)	(11,10)	(11,11)	(11,12)	(12,2)	(12,3)	(12,4)	(12,5)	(12,6)	(12,7)	(12,8)	(12,9)	(12,10)	(12,11)	(12,12)	(12,13)	(12,14)	(12,15)	(12,16)	(12,17)	(12,18)	(12,19)	(12,20)	(12,21)	(12,22)	(13,1)	(13,12)	(13,13)	(13,14)	(13,15)	(13,16)	(13,17)	(13,18)	(13,19)	(13,20)	(13,21)	(13,22)	(14,13)	(14,14)	(14,15)	(14,16)	(14,17)	(14,18)	(14,19)	(14,20)	(14,21)	(14,22)	(15,12)	(15,19)	(15,20)	(15,21)	(15,22)	(16,21)	(16,22)	
(4,13):(4,8)	(4,13)	(5,8)	(5,9)	(5,10)	(5,11)	(5,12)	(6,5)	(6,6)	(6,7)	(6,8)	(6,9)	(6,10)	(6,11)	(6,12)	(7,4)	(7,5)	(7,6)	(7,7)	(7,8)	(7,9)	(7,10)	(7,11)	(7,12)	(8,3)	(8,6)	(8,7)	(8,8)	(8,9)	(8,10)	(8,11)	(8,12)	(9,6)	(9,7)	(9,8)	(9,9)	(9,10)	(9,11)	(9,12)	(10,5)	(10,6)	(10,7)	(10,8)	(10,9)	(10,10)	(10,11)	(10,12)	(11,4)	(11,5)	(11,6)	(11,7)	(11,8)	(11,9)	(11,10)	(11,11)	(11,12)	(12,2)	(12,3)	(12,4)	(12,5)	(12,6)	(12,7)	(12,8)	(12,9)	(12,10)	(12,11)	(12,12)	(12,13)	(13,1)	(13,12)	(13,13)	(14,13)	(15,12)	
(4,8):(4,8)	(4,13)	(5,8)	(5,9)	(5,10)	(5,11)	(5,12)	(6,8)	(6,9)	(6,10)	(6,11)	(6,12)	(7,8)	(7,9)	(7,10)	(7,11)	(7,12)	(8,8)	(8,9)	(8,10)	(8,11)	(8,12)	(9,8)	(9,9)	(9,10)	(9,11)	(9,12)	(10,8)	(10,9)	(10,10)	(10,11)	(10,12)	(11,8)	(11,9)	(11,10)	(11,11)	(11,12)	(12,8)	(12,9)	(12,10)	(12,11)	(12,12)	(12,13)	(13,12)	(13,13)	(14,13)	(14,14)	
(5,8):(4,8)	(4,13)	(5,4)	(5,8)	(5,9)	(5,10)	(5,11)	(5,12)	(6,5)	(6,6)	(6,7)	(6,8)	(6,9)	(6,10)	(6,11)	(6,12)	(7,4)	(7,5)	(7,6)	(7,7)	(7,8)	(7,9)	(7,10)	(7,11)	(7,12)	(8,3)	(8,6)	(8,7)	(8,8)	(8,9)	(8,10)	(8,11)	(8,12)	(9,6)	(9,7)	(9,8)	(9,9)	(9,10)	(9,11)	(9,12)	(10,6)	(10,7)	(10,8)	(10,9)	(10,10)	(10,11)	(10,12)	(11,5)	(11,6)	(11,7)	(11,8)	(11,9)	(11,10)	(11,11)	(11,12)	(12,5)	(12,6)	(12,7)	(12,8)	(12,9)	(12,10)	(12,11)	(12,12)	(12,13)	(13,12)	(13,13)	(14,13)	(14,14)	
(5,4):(5,4)	(5,8)	(5,9)	(5,10)	(5,11)	(5,12)	(6,5)	(6,6)	(6,7)	(6,8)	(6,9)	(6,10)	(6,11)	(6,12)	(7,4)	(7,5)	(7,6)	(7,7)	(7,8)	(7,9)	(7,10)	(7,11)	(7,12)	(8,6)	(8,7)	(8,8)	(8,9)	(8,10)	(8,11)	(8,12)	(9,7)	(9,8)	(9,9)	(9,10)	(9,11)	(9,12)	(10,8)	(10,9)	(10,10)	(10,11)	(10,12)	(11,8)	(11,9)	(11,10)	(11,11)	(11,12)	(12,9)	(12,10)	(12,11)	(12,12)	(12,13)	(13,12)	(13,13)	(13,14)	(14,13)	(14,14)	(14,15)	
(7,4):(4,13)	(5,4)	(5,8)	(5,9)	(5,10)	(5,11)	(5,12)	(6,5)	(6,6)	(6,7)	(6,8)	(6,9)	(6,10)	(6,11)	(6,12)	(7,3)	(7,4)	(7,5)	(7,6)	(7,7)	(7,8)	(7,9)	(7,10)	(7,11)	(7,12)	(8,3)	(8,6)	(8,7)	(8,8)	(8,9)	(8,10)	(8,11)	(8,12)	(9,8)	(9,9)	(9,10)	(9,11)	(9,12)	(10,10)	(10,11)	(10,12)	(11,12)	
(7,3):(7,3)	(7,4)	(7,5)	(7,6)	(7,7)	(7,8)	(7,9)	(7,10)	(7,11)	(7,12)	(8,3)	(8,6)	(8,7)	(8,8)	(8,9)	(8,10)	(8,11)	(8,12)	(9,9)	(9,10)	(9,11)	(9,12)	(10,12)	
(8,3):(4,13)	(5,8)	(5,9)	(5,10)	(5,11)	(5,12)	(6,5)	(6,6)	(6,7)	(6,8)	(6,9)	(6,10)	(6,11)	(6,12)	(7,3)	(7,4)	(7,5)	(7,6)	(7,7)	(7,8)	(7,9)	(7,10)	(7,11)	(7,12)	(8,3)	(8,6)	(8,7)	(8,8)	(8,9)	(8,10)	(8,11)	(8,12)	
(8,6):(4,13)	(5,4)	(5,8)	(5,9)	(5,10)	(5,11)	(5,12)	(6,5)	(6,6)	(6,7)	(6,8)	(6,9)	(6,10)	(6,11)	(6,12)	(7,3)	(7,4)	(7,5)	(7,6)	(7,7)	(7,8)	(7,9)	(7,10)	(7,11)	(7,12)	(8,3)	(8,6)	(8,7)	(8,8)	(8,9)	(8,10)	(8,11)	(8,12)	(9,6)	(9,7)	(9,8)	(9,9)	(9,10)	(9,11)	(9,12)	(10,6)	(10,7)	(10,8)	(10,9)	(10,10)	(10,11)	(10,12)	(11,6)	(11,7)	(11,8)	(11,9)	(11,10)	(11,11)	(11,12)	(12,6)	(12,7)	(12,8)	(12,9)	(12,10)	(12,11)	(12,12)	(12,13)	(13,12)	(13,13)	(13,14)	(14,14)	(14,15)	(14,16)	
(9,6):(4,13)	(5,8)	(5,9)	(5,10)	(5,11)	(5,12)	(6,6)	(6,7)	(6,8)	(6,9)	(6,10)	(6,11)	(6,12)	(7,6)	(7,7)	(7,8)	(7,9)	(7,10)	(7,11)	(7,12)	(8,6)	(8,7)	(8,8)	(8,9)	(8,10)	(8,11)	(8,12)	(9,2)	(9,6)	(9,7)	(9,8)	(9,9)	(9,10)	(9,11)	(9,12)	(10,2)	(10,3)	(10,4)	(10,5)	(10,6)	(10,7)	(10,8)	(10,9)	(10,10)	(10,11)	(10,12)	(11,2)	(11,3)	(11,4)	(11,5)	(11,6)	(11,7)	(11,8)	(11,9)	(11,10)	(11,11)	(11,12)	(12,2)	(12,3)	(12,4)	(12,5)	(12,6)	(12,7)	(12,8)	(12,9)	(12,10)	(12,11)	(12,12)	(12,13)	(13,1)	(13,12)	(13,13)	(13,14)	(13,15)	(14,14)	(14,15)	(14,16)	(14,17)	(15,19)	(15,20)	(16,22)	
(9,2):(9,2)	(9,6)	(9,7)	(9,8)	(9,9)	(9,10)	(9,11)	(9,12)	(10,2)	(10,3)	(10,4)	(10,5)	(10,6)	(10,7)	(10,8)	(10,9)	(10,10)	(10,11)	(10,12)	(11,2)	(11,3)	(11,4)	(11,5)	(11,6)	(11,7)	(11,8)	(11,9)	(11,10)	(11,11)	(11,12)	(12,2)	(12,3)	(12,4)	(12,5)	(12,6)	(12,7)	(12,8)	(12,9)	(12,10)	(12,11)	(12,12)	(12,13)	(13,12)	(13,13)	(13,14)	(13,15)	(13,16)	(14,15)	(14,16)	(14,17)	(14,18)	(14,19)	(14,20)	(15,19)	(15,20)	(15,21)	(15,22)	(16,22)	
(10,2):(8,10)	(8,11)	(8,12)	(9,2)	(9,6)	(9,7)	(9,8)	(9,9)	(9,10)	(9,11)	(9,12)	(10,1)	(10,2)	(10,3)	(10,4)	(10,5)	(10,6)	(10,7)	(10,8)	(10,9)	(10,10)	(10,11)	(10,12)	(11,2)	(11,3)	(11,4)	(11,5)	(11,6)	(11,7)	(11,8)	(11,9)	(11,10)	(11,11)	(11,12)	(12,2)	(12,3)	(12,4)	(12,5)	(12,6)	(12,7)	(12,8)	(12,9)	(12,10)	(12,11)	(12,12)	(12,13)	(13,1)	(13,12)	(13,13)	(13,14)	(13,15)	(13,16)	(13,17)	(13,18)	(14,16)	(14,17)	(14,18)	(14,19)	(14,20)	(14,21)	(14,22)	(15,19)	(15,20)	(15,21)	(15,22)	
(10,1):(10,1)	(10,2)	(10,3)	(10,4)	(10,5)	(10,6)	(10,7)	(10,8)	(10,9)	(10,10)	(10,11)	(10,12)	(11,2)	(11,3)	(11,4)	(11,5)	(11,6)	(11,7)	(11,8)	(11,9)	(11,10)	(11,11)	(11,12)	(12,2)	(12,3)	(12,4)	(12,5)	(12,6)	(12,7)	(12,8)	(12,9)	(12,10)	(12,11)	(12,12)	(12,13)	(13,1)	(13,12)	(13,13)	(13,14)	(13,15)	(13,16)	(13,17)	(13,18)	(13,19)	(14,16)	(14,17)	(14,18)	(14,19)	(14,20)	(14,21)	(14,22)	(15,20)	(15,21)	(15,22)	
(13,1):(4,13)	(5,11)	(5,12)	(6,10)	(6,11)	(6,12)	(7,9)	(7,10)	(7,11)	(7,12)	(8,8)	(8,9)	(8,10)	(8,11)	(8,12)	(9,6)	(9,7)	(9,8)	(9,9)	(9,10)	(9,11)	(9,12)	(10,1)	(10,2)	(10,3)	(10,4)	(10,5)	(10,6)	(10,7)	(10,8)	(10,9)	(10,10)	(10,11)	(10,12)	(11,2)	(11,3)	(11,4)	(11,5)	(11,6)	(11,7)	(11,8)	(11,9)	(11,10)	(11,11)	(11,12)	(12,2)	(12,3)	(12,4)	(12,5)	(12,6)	(12,7)	(12,8)	(12,9)	(12,10)	(12,11)	(12,12)	(12,13)	(12,14)	(12,15)	(12,16)	(12,17)	(12,18)	(12,19)	(12,20)	(12,21)	(12,22)	(13,1)	(13,12)	(13,13)	(13,14)	(13,15)	(13,16)	(13,17)	(13,18)	(13,19)	(13,20)	(13,21)	(13,22)	
(13,12):(4,8)	(4,13)	(5,4)	(5,8)	(5,9)	(5,10)	(5,11)	(5,12)	(5,28)	(6,5)	(6,6)	(6,7)	(6,8)	(6,9)	(6,10)	(6,11)	(6,12)	(6,26)	(6,27)	(6,28)	(7,5)	(7,6)	(7,7)	(7,8)	(7,9)	(7,10)	(7,11)	(7,12)	(7,24)	(7,25)	(7,26)	(7,27)	(7,28)	(8,6)	(8,7)	(8,8)	(8,9)	(8,10)	(8,11)	(8,12)	(8,22)	(8,23)	(8,24)	(8,25)	(8,26)	(8,27)	(8,28)	(9,2)	(9,6)	(9,7)	(9,8)	(9,9)	(9,10)	(9,11)	(9,12)	(9,20)	(9,21)	(9,22)	(9,23)	(9,24)	(9,25)	(9,26)	(9,27)	(9,28)	(10,1)	(10,2)	(10,3)	(10,4)	(10,5)	(10,6)	(10,7)	(10,8)	(10,9)	(10,10)	(10,11)	(10,12)	(10,18)	(10,19)	(10,20)	(10,21)	(10,22)	(10,23)	(10,24)	(10,25)	(10,26)	(10,27)	(10,28)	(11,2)	(11,3)	(11,4)	(11,5)	(11,6)	(11,7)	(11,8)	(11,9)	(11,10)	(11,11)	(11,12)	(11,16)	(11,17)	(11,18)	(11,19)	(11,20)	(11,21)	(11,22)	(11,23)	(12,2)	(12,3)	(12,4)	(12,5)	(12,6)	(12,7)	(12,8)	(12,9)	(12,10)	(12,11)	(12,12)	(12,13)	(12,14)	(12,15)	(12,16)	(12,17)	(12,18)	(12,19)	(12,20)	(12,21)	(12,22)	(13,1)	(13,12)	(13,13)	(13,14)	(13,15)	(13,16)	(13,17)	(13,18)	(13,19)	(13,20)	(13,21)	(13,22)	(14,13)	(14,14)	(14,15)	(14,16)	(14,17)	(14,18)	(14,19)	(14,20)	(14,21)	(14,22)	(15,12)	(15,19)	(15,20)	(15,21)	(15,22)	
(15,12):(4,13)	(4,28)	(5,12)	(5,27)	(5,28)	(6,12)	(6,25)	(6,26)	(6,27)	(6,28)	(7,12)	(7,18)	(7,19)	(7,20)	(7,21)	(7,22)	(7,23)	(7,24)	(7,25)	(7,26)	(7,27)	(7,28)	(8,12)	(8,17)	(8,18)	(8,19)	(8,20)	(8,21)	(8,22)	(8,23)	(8,24)	(8,25)	(8,26)	(8,27)	(8,28)	(9,12)	(9,16)	(9,17)	(9,18)	(9,19)	(9,20)	(9,21)	(9,22)	(9,23)	(9,24)	(9,25)	(9,26)	(9,27)	(9,28)	(10,12)	(10,16)	(10,17)	(10,18)	(10,19)	(10,20)	(10,21)	(10,22)	(10,23)	(10,24)	(10,25)	(11,12)	(11,15)	(11,16)	(11,17)	(11,18)	(11,19)	(11,20)	(11,21)	(11,22)	(11,23)	(12,12)	(12,13)	(12,14)	(12,15)	(12,16)	(12,17)	(12,18)	(12,19)	(12,20)	(12,21)	(12,22)	(13,12)	(13,13)	(13,14)	(13,15)	(13,16)	(13,17)	(13,18)	(13,19)	(13,20)	(13,21)	(13,22)	(14,13)	(14,14)	(14,15)	(14,16)	(14,17)	(14,18)	(14,19)	(14,20)	(14,21)	(14,22)	(15,12)	(15,19)	(15,20)	(15,21)	(15,22)	
(15,19):(2,29)	(3,27)	(3,28)	(4,27)	(4,28)	(5,26)	(5,27)	(5,28)	(6,14)	(6,25)	(6,26)	(6,27)	(6,28)	(7,15)	(7,16)	(7,17)	(7,18)	(7,19)	(7,20)	(7,21)	(7,22)	(7,23)	(7,24)	(7,25)	(7,26)	(7,27)	(8,15)	(8,16)	(8,17)	(8,18)	(8,19)	(8,20)	(8,21)	(8,22)	(8,23)	(8,24)	(8,25)	(8,26)	(9,2)	(9,6)	(9,7)	(9,15)	(9,16)	(9,17)	(9,18)	(9,19)	(9,20)	(9,21)	(9,22)	(9,23)	(9,24)	(9,25)	(10,2)	(10,3)	(10,4)	(10,5)	(10,6)	(10,7)	(10,8)	(10,9)	(10,15)	(10,16)	(10,17)	(10,18)	(10,19)	(10,20)	(10,21)	(10,22)	(10,23)	(10,24)	(11,5)	(11,6)	(11,7)	(11,8)	(11,9)	(11,10)	(11,11)	(11,15)	(11,16)	(11,17)	(11,18)	(11,19)	(11,20)	(11,21)	(11,22)	(11,23)	(12,9)	(12,10)	(12,11)	(12,12)	(12,13)	(12,14)	(12,15)	(12,16)	(12,17)	(12,18)	(12,19)	(12,20)	(12,21)	(12,22)	(13,12)	(13,13)	(13,14)	(13,15)	(13,16)	(13,17)	(13,18)	(13,19)	(13,20)	(13,21)	(13,22)	(14,13)	(14,14)	(14,15)	(14,16)	(14,17)	(14,18)	(14,19)	(14,20)	(14,21)	(14,22)	(15,12)	(15,19)	(15,20)	(15,21)	(15,22)	(16,19)	(16,20)	(16,21)	(16,22)	(17,19)	(17,20)	(17,21)	(17,22)	(18,19)	(18,20)	(18,21)	(18,22)	(19,20)	(19,21)	(19,22)	(20,21)	(20,22)	(21,21)	(21,22)	(21,23)	(22,21)	(23,21)	(23,22)	
(16,19):(2,29)	(3,27)	(3,28)	(4,27)	(4,28)	(5,26)	(5,27)	(6,25)	(6,26)	(6,27)	(7,19)	(7,20)	(7,21)	(7,22)	(7,23)	(7,24)	(7,25)	(7,26)	(8,19)	(8,20)	(8,21)	(8,22)	(8,23)	(8,24)	(8,25)	(9,19)	(9,20)	(9,21)	(9,22)	(9,23)	(9,24)	(10,19)	(10,20)	(10,21)	(10,22)	(10,23)	(11,19)	(11,20)	(11,21)	(11,22)	(11,23)	(12,19)	(12,20)	(12,21)	(12,22)	(13,19)	(13,20)	(13,21)	(13,22)	(14,19)	(14,20)	(14,21)	(14,22)	(15,19)	(15,20)	(15,21)	(15,22)	(16,17)	(16,19)	(16,20)	(16,21)	(16,22)	(17,17)	(17,18)	(17,19)	(17,20)	(17,21)	(17,22)	(18,15)	(18,16)	(18,17)	(18,18)	(18,19)	(18,20)	(18,21)	(18,22)	(19,13)	(19,14)	(19,15)	(19,16)	(19,17)	(19,18)	(19,20)	(19,21)	(19,22)	(20,11)	(20,12)	(20,13)	(20,14)	(20,15)	(20,16)	(20,17)	(20,21)	(20,22)	(21,9)	(21,10)	(21,11)	(21,12)	(21,13)	(21,14)	(21,15)	(21,16)	(21,17)	(21,21)	(21,22)	(21,23)	(22,8)	(22,9)	(22,10)	(22,11)	(22,15)	(22,16)	(22,17)	(22,21)	(23,8)	(23,9)	(23,16)	(23,22)	(24,8)	(24,16)	(25,16)	(26,15)	
(16,17):(16,17)	(16,19)	(16,20)	(16,21)	(16,22)	(17,17)	(17,18)	(17,19)	(17,20)	(17,21)	(17,22)	(18,17)	(18,18)	(18,19)	(18,20)	(18,21)	(18,22)	(19,17)	(19,18)	(19,20)	(19,21)	(19,22)	(20,17)	(20,21)	(20,22)	(21,17)	(21,22)	(21,23)	(22,17)	(23,17)	(24,17)	(25,18)	
(17,17):(15,21)	(15,22)	(16,17)	(16,19)	(16,20)	(16,21)	(16,22)	(17,5)	(17,17)	(17,18)	(17,19)	(17,20)	(17,21)	(17,22)	(18,6)	(18,7)	(18,8)	(18,9)	(18,10)	(18,11)	(18,12)	(18,13)	(18,14)	(18,15)	(18,16)	(18,17)	(18,18)	(18,19)	(18,20)	(18,21)	(18,22)	(19,6)	(19,7)	(19,8)	(19,9)	(19,10)	(19,11)	(19,12)	(19,13)	(19,14)	(19,15)	(19,16)	(19,17)	(19,18)	(19,20)	(19,21)	(19,22)	(20,5)	(20,7)	(20,8)	(20,9)	(20,10)	(20,11)	(20,12)	(20,13)	(20,14)	(20,15)	(20,16)	(20,17)	(20,22)	(21,8)	(21,9)	(21,10)	(21,11)	(21,12)	(21,13)	(21,14)	(21,15)	(21,16)	(21,17)	(21,23)	(22,8)	(22,9)	(22,10)	(22,11)	(22,15)	(22,16)	(22,17)	(23,8)	(23,9)	(23,16)	(23,17)	(24,8)	(24,16)	(24,17)	(25,16)	(25,18)	(26,15)	
(17,5):(17,5)	(17,17)	(17,18)	(17,19)	(17,20)	(17,21)	(17,22)	(18,6)	(18,7)	(18,8)	(18,9)	(18,10)	(18,11)	(18,12)	(18,13)	(18,14)	(18,15)	(18,16)	(18,17)	(18,18)	(18,19)	(18,20)	(18,21)	(18,22)	(19,6)	(19,7)	(19,8)	(19,9)	(19,10)	(19,11)	(19,12)	(19,13)	(19,14)	(19,15)	(19,16)	(19,17)	(19,18)	(19,20)	(19,21)	(19,22)	(20,5)	(20,7)	(20,8)	(20,9)	(20,10)	(20,11)	(20,12)	(20,13)	(20,14)	(20,15)	(20,16)	(20,17)	(21,8)	(21,9)	(21,10)	(21,11)	(21,12)	(21,13)	(21,14)	(21,15)	(21,16)	(21,17)	(22,9)	(22,10)	(22,11)	(22,15)	(22,16)	(22,17)	(23,9)	(23,10)	(23,17)	(24,10)	
(20,5):(16,21)	(16,22)	(17,5)	(17,17)	(17,18)	(17,19)	(17,20)	(17,21)	(17,22)	(18,6)	(18,7)	(18,8)	(18,9)	(18,10)	(18,11)	(18,12)	(18,13)	(18,14)	(18,15)	(18,16)	(18,17)	(18,18)	(18,19)	(18,20)	(18,21)	(18,22)	(19,6)	(19,7)	(19,8)	(19,9)	(19,10)	(19,11)	(19,12)	(19,13)	(19,14)	(19,15)	(19,16)	(19,17)	(19,18)	(20,5)	(20,7)	(20,8)	(20,9)	(20,10)	(20,11)	(20,12)	(20,13)	(20,14)	(20,15)	(20,16)	(20,17)	
(20,7):(16,21)	(16,22)	(17,5)	(17,17)	(17,18)	(17,19)	(17,20)	(17,21)	(17,22)	(18,6)	(18,7)	(18,8)	(18,9)	(18,10)	(18,11)	(18,12)	(18,13)	(18,14)	(18,15)	(18,16)	(18,17)	(18,18)	(18,19)	(18,20)	(18,21)	(18,22)	(19,6)	(19,7)	(19,8)	(19,9)	(19,10)	(19,11)	(19,12)	(19,13)	(19,14)	(19,15)	(19,16)	(19,17)	(19,18)	(20,5)	(20,7)	(20,8)	(20,9)	(20,10)	(20,11)	(20,12)	(20,13)	(20,14)	(20,15)	(20,16)	(20,17)	(21,8)	(21,9)	(21,10)	(21,11)	(21,12)	(21,13)	(21,14)	(21,15)	(21,16)	(21,17)	(22,8)	(22,9)	(22,10)	(22,11)	(22,15)	(22,16)	(22,17)	(23,8)	(23,9)	(23,10)	(24,8)	(24,9)	(24,10)	(25,8)	(25,9)	(25,10)	(26,8)	(26,9)	(26,10)	(27,7)	(27,9)	(27,10)	(28,10)	(28,11)	
(27,7):(18,7)	(18,8)	(18,9)	(18,10)	(18,11)	(18,12)	(18,13)	(18,14)	(19,7)	(19,8)	(19,9)	(19,10)	(19,11)	(19,12)	(19,13)	(20,7)	(20,8)	(20,9)	(20,10)	(20,11)	(20,12)	(21,8)	(21,9)	(21,10)	(21,11)	(22,8)	(22,9)	(22,10)	(22,11)	(23,8)	(23,9)	(23,10)	(24,8)	(24,9)	(24,10)	(25,8)	(25,9)	(25,10)	(26,8)	(26,9)	(26,10)	(27,7)	(27,9)	(27,10)	
(27,9):(18,7)	(18,8)	(18,9)	(18,10)	(18,11)	(18,12)	(19,7)	(19,8)	(19,9)	(19,10)	(19,11)	(19,12)	(20,7)	(20,8)	(20,9)	(20,10)	(20,11)	(21,8)	(21,9)	(21,10)	(21,11)	(22,8)	(22,9)	(22,10)	(22,11)	(23,8)	(23,9)	(23,10)	(24,8)	(24,9)	(24,10)	(25,8)	(25,9)	(25,10)	(26,8)	(26,9)	(26,10)	(27,7)	(27,9)	(27,10)	(28,10)	(28,11)	(32,9)	(32,10)	
(32,9):(18,9)	(18,10)	(18,11)	(19,9)	(19,10)	(19,11)	(20,9)	(20,10)	(20,11)	(21,9)	(21,10)	(21,11)	(22,9)	(22,10)	(22,11)	(23,9)	(23,10)	(24,9)	(24,10)	(25,9)	(25,10)	(26,9)	(26,10)	(27,9)	(27,10)	(28,10)	(32,9)	(32,10)	
(32,10):(18,8)	(18,9)	(18,10)	(19,8)	(19,9)	(19,10)	(20,8)	(20,9)	(20,10)	(21,8)	(21,9)	(21,10)	(22,8)	(22,9)	(22,10)	(23,9)	(23,10)	(24,9)	(24,10)	(25,9)	(25,10)	(26,9)	(26,10)	(27,9)	(27,10)	(28,10)	(32,9)	(32,10)	
(28,10):(18,7)	(18,8)	(18,9)	(18,10)	(18,11)	(19,7)	(19,8)	(19,9)	(19,10)	(19,11)	(20,7)	(20,8)	(20,9)	(20,10)	(20,11)	(21,8)	(21,9)	(21,10)	(21,11)	(22,8)	(22,9)	(22,10)	(22,11)	(23,8)	(23,9)	(23,10)	(24,8)	(24,9)	(24,10)	(25,8)	(25,9)	(25,10)	(26,8)	(26,9)	(26,10)	(27,9)	(27,10)	(28,10)	(28,11)	(32,9)	(32,10)	
(28,11):(18,6)	(18,7)	(18,8)	(18,9)	(18,10)	(18,11)	(19,7)	(19,8)	(19,9)	(19,10)	(19,11)	(20,7)	(20,8)	(20,9)	(20,10)	(20,11)	(21,8)	(21,9)	(21,10)	(21,11)	(22,8)	(22,9)	(22,10)	(22,11)	(23,8)	(23,9)	(23,10)	(24,8)	(24,9)	(24,10)	(25,8)	(25,9)	(25,10)	(26,8)	(26,9)	(26,10)	(27,9)	(27,10)	(28,10)	(28,11)	
(22,11):(14,22)	(15,21)	(15,22)	(16,19)	(16,20)	(16,21)	(16,22)	(17,5)	(17,17)	(17,18)	(17,19)	(17,20)	(17,21)	(17,22)	(18,6)	(18,7)	(18,8)	(18,9)	(18,10)	(18,11)	(18,12)	(18,13)	(18,14)	(18,15)	(18,16)	(18,17)	(18,18)	(18,19)	(18,20)	(19,6)	(19,7)	(19,8)	(19,9)	(19,10)	(19,11)	(19,12)	(19,13)	(19,14)	(19,15)	(19,16)	(19,17)	(19,18)	(20,7)	(20,8)	(20,9)	(20,10)	(20,11)	(20,12)	(20,13)	(20,14)	(20,15)	(20,16)	(20,17)	(21,8)	(21,9)	(21,10)	(21,11)	(21,12)	(21,13)	(21,14)	(21,15)	(21,16)	(21,17)	(22,8)	(22,9)	(22,10)	(22,11)	(22,15)	(22,16)	(22,17)	(23,8)	(23,9)	(23,10)	(24,8)	(24,9)	(24,10)	(25,8)	(25,9)	(25,10)	(26,8)	(26,9)	(26,10)	(27,7)	(27,9)	(27,10)	(28,10)	(28,11)	(32,9)	
(22,15):(2,29)	(3,28)	(4,27)	(4,28)	(5,27)	(6,26)	(7,25)	(8,25)	(9,24)	(10,23)	(11,23)	(12,22)	(13,21)	(13,22)	(14,21)	(14,22)	(15,20)	(15,21)	(15,22)	(16,19)	(16,20)	(16,21)	(17,5)	(17,17)	(17,18)	(17,19)	(17,20)	(18,6)	(18,7)	(18,8)	(18,9)	(18,10)	(18,11)	(18,12)	(18,13)	(18,14)	(18,15)	(18,16)	(18,17)	(18,18)	(18,19)	(19,6)	(19,7)	(19,8)	(19,9)	(19,10)	(19,11)	(19,12)	(19,13)	(19,14)	(19,15)	(19,16)	(19,17)	(19,18)	(20,7)	(20,8)	(20,9)	(20,10)	(20,11)	(20,12)	(20,13)	(20,14)	(20,15)	(20,16)	(20,17)	(21,8)	(21,9)	(21,10)	(21,11)	(21,12)	(21,13)	(21,14)	(21,15)	(21,16)	(21,17)	(22,8)	(22,9)	(22,10)	(22,11)	(22,15)	(22,16)	(22,17)	(23,16)	(23,17)	(24,16)	(24,17)	(25,16)	(25,18)	(26,15)	(26,16)	
(26,15):(7,23)	(9,22)	(11,21)	(12,21)	(14,20)	(16,19)	(17,17)	(17,18)	(18,15)	(18,16)	(18,17)	(18,18)	(19,15)	(19,16)	(19,17)	(19,18)	(20,15)	(20,16)	(20,17)	(21,15)	(21,16)	(21,17)	(22,15)	(22,16)	(22,17)	(23,16)	(23,17)	(24,16)	(24,17)	(25,16)	(26,15)	(26,16)	
(26,16):(18,14)	(18,15)	(18,16)	(19,15)	(19,16)	(20,15)	(20,16)	(21,15)	(21,16)	(22,15)	(22,16)	(23,16)	(24,16)	(25,16)	(26,15)	(26,16)	
(25,16):(16,19)	(17,17)	(17,18)	(18,14)	(18,15)	(18,16)	(18,17)	(18,18)	(19,14)	(19,15)	(19,16)	(19,17)	(19,18)	(20,15)	(20,16)	(20,17)	(21,15)	(21,16)	(21,17)	(22,15)	(22,16)	(22,17)	(23,16)	(23,17)	(24,16)	(24,17)	(25,16)	(25,18)	(26,15)	(26,16)	
(25,18):(16,17)	(17,17)	(17,18)	(18,11)	(18,12)	(18,13)	(18,14)	(18,15)	(18,16)	(18,17)	(18,18)	(19,12)	(19,13)	(19,14)	(19,15)	(19,16)	(19,17)	(19,18)	(20,13)	(20,14)	(20,15)	(20,16)	(20,17)	(21,14)	(21,15)	(21,16)	(21,17)	(22,15)	(22,16)	(22,17)	(23,16)	(23,17)	(24,16)	(24,17)	(25,16)	(25,18)	
(19,18):(3,27)	(3,28)	(4,27)	(5,26)	(6,25)	(6,26)	(7,22)	(7,23)	(7,24)	(7,25)	(8,22)	(8,23)	(8,24)	(9,22)	(9,23)	(9,24)	(10,21)	(10,22)	(10,23)	(11,21)	(11,22)	(11,23)	(12,21)	(12,22)	(13,20)	(13,21)	(13,22)	(14,20)	(14,21)	(14,22)	(15,20)	(15,21)	(15,22)	(16,17)	(16,19)	(16,20)	(16,21)	(16,22)	(17,5)	(17,17)	(17,18)	(17,19)	(17,20)	(17,21)	(17,22)	(18,6)	(18,7)	(18,8)	(18,9)	(18,10)	(18,11)	(18,12)	(18,13)	(18,14)	(18,15)	(18,16)	(18,17)	(18,18)	(18,19)	(18,20)	(18,21)	(18,22)	(19,6)	(19,7)	(19,8)	(19,9)	(19,10)	(19,11)	(19,12)	(19,13)	(19,14)	(19,15)	(19,16)	(19,17)	(19,18)	(19,20)	(19,21)	(19,22)	(20,5)	(20,7)	(20,8)	(20,9)	(20,10)	(20,11)	(20,12)	(20,13)	(20,14)	(20,15)	(20,16)	(20,17)	(21,8)	(21,9)	(21,10)	(21,11)	(21,12)	(21,13)	(21,14)	(21,15)	(21,16)	(21,17)	(22,8)	(22,9)	(22,10)	(22,11)	(22,15)	(22,16)	(22,17)	(23,8)	(23,16)	(23,17)	(24,16)	(24,17)	(25,16)	(25,18)	(26,15)	
(19,20):(7,17)	(7,18)	(7,19)	(7,20)	(7,21)	(7,22)	(7,23)	(7,24)	(8,18)	(8,19)	(8,20)	(8,21)	(8,22)	(8,23)	(8,24)	(9,18)	(9,19)	(9,20)	(9,21)	(9,22)	(9,23)	(10,18)	(10,19)	(10,20)	(10,21)	(10,22)	(10,23)	(11,18)	(11,19)	(11,20)	(11,21)	(11,22)	(11,23)	(12,19)	(12,20)	(12,21)	(12,22)	(13,19)	(13,20)	(13,21)	(13,22)	(14,19)	(14,20)	(14,21)	(14,22)	(15,19)	(15,20)	(15,21)	(15,22)	(16,17)	(16,19)	(16,20)	(16,21)	(16,22)	(17,5)	(17,17)	(17,18)	(17,19)	(17,20)	(17,21)	(17,22)	(18,6)	(18,7)	(18,8)	(18,9)	(18,10)	(18,11)	(18,12)	(18,13)	(18,14)	(18,15)	(18,16)	(18,17)	(18,18)	(18,19)	(18,20)	(18,21)	(18,22)	(19,6)	(19,7)	(19,8)	(19,9)	(19,10)	(19,11)	(19,12)	(19,13)	(19,14)	(19,15)	(19,16)	(19,17)	(19,18)	(19,20)	(19,21)	(19,22)	(20,21)	(20,22)	(21,21)	(21,22)	(21,23)	(22,21)	(23,21)	(23,22)	(24,20)	(24,21)	
(24,20):(7,20)	(7,21)	(7,22)	(7,23)	(8,20)	(8,21)	(8,22)	(8,23)	(9,20)	(9,21)	(9,22)	(9,23)	(10,20)	(10,21)	(10,22)	(10,23)	(11,20)	(11,21)	(11,22)	(11,23)	(12,20)	(12,21)	(12,22)	(13,20)	(13,21)	(13,22)	(14,20)	(14,21)	(14,22)	(15,20)	(15,21)	(15,22)	(16,20)	(16,21)	(16,22)	(17,20)	(17,21)	(17,22)	(18,20)	(18,21)	(18,22)	(19,20)	(19,21)	(19,22)	(20,21)	(20,22)	(21,21)	(21,22)	(22,21)	(23,21)	(24,20)	(24,21)	
(24,21):(7,18)	(7,19)	(7,20)	(7,21)	(8,18)	(8,19)	(8,20)	(8,21)	(9,18)	(9,19)	(9,20)	(9,21)	(10,19)	(10,20)	(10,21)	(11,19)	(11,20)	(11,21)	(12,19)	(12,20)	(12,21)	(13,19)	(13,20)	(13,21)	(14,19)	(14,20)	(14,21)	(15,20)	(15,21)	(16,20)	(16,21)	(17,20)	(17,21)	(18,20)	(18,21)	(19,20)	(19,21)	(20,21)	(21,21)	(22,21)	(23,21)	(24,20)	(24,21)	
(23,21):(7,17)	(7,18)	(7,19)	(7,20)	(7,21)	(7,22)	(7,23)	(8,18)	(8,19)	(8,20)	(8,21)	(8,22)	(8,23)	(9,18)	(9,19)	(9,20)	(9,21)	(9,22)	(9,23)	(10,18)	(10,19)	(10,20)	(10,21)	(10,22)	(10,23)	(11,18)	(11,19)	(11,20)	(11,21)	(11,22)	(11,23)	(12,19)	(12,20)	(12,21)	(12,22)	(13,19)	(13,20)	(13,21)	(13,22)	(14,19)	(14,20)	(14,21)	(14,22)	(15,19)	(15,20)	(15,21)	(15,22)	(16,20)	(16,21)	(16,22)	(17,20)	(17,21)	(17,22)	(18,20)	(18,21)	(18,22)	(19,20)	(19,21)	(19,22)	(20,21)	(20,22)	(21,21)	(21,22)	(22,21)	(23,21)	(23,22)	(24,20)	(24,21)	
(23,22):(7,16)	(7,17)	(7,18)	(7,19)	(7,20)	(7,21)	(7,22)	(8,17)	(8,18)	(8,19)	(8,20)	(8,21)	(8,22)	(9,17)	(9,18)	(9,19)	(9,20)	(9,21)	(9,22)	(10,18)	(10,19)	(10,20)	(10,21)	(10,22)	(11,18)	(11,19)	(11,20)	(11,21)	(11,22)	(12,18)	(12,19)	(12,20)	(12,21)	(12,22)	(13,19)	(13,20)	(13,21)	(13,22)	(14,19)	(14,20)	(14,21)	(14,22)	(15,19)	(15,20)	(15,21)	(15,22)	(16,19)	(16,20)	(16,21)	(16,22)	(17,19)	(17,20)	(17,21)	(17,22)	(18,20)	(18,21)	(18,22)	(19,20)	(19,21)	(19,22)	(20,21)	(20,22)	(21,21)	(21,22)	(22,21)	(23,21)	(23,22)	
(21,22):(7,15)	(7,16)	(7,17)	(7,18)	(7,19)	(7,20)	(7,21)	(7,22)	(7,23)	(8,16)	(8,17)	(8,18)	(8,19)	(8,20)	(8,21)	(8,22)	(8,23)	(9,16)	(9,17)	(9,18)	(9,19)	(9,20)	(9,21)	(9,22)	(9,23)	(10,17)	(10,18)	(10,19)	(10,20)	(10,21)	(10,22)	(10,23)	(11,17)	(11,18)	(11,19)	(11,20)	(11,21)	(11,22)	(11,23)	(12,18)	(12,19)	(12,20)	(12,21)	(12,22)	(13,18)	(13,19)	(13,20)	(13,21)	(13,22)	(14,19)	(14,20)	(14,21)	(14,22)	(15,19)	(15,20)	(15,21)	(15,22)	(16,17)	(16,19)	(16,20)	(16,21)	(16,22)	(17,18)	(17,19)	(17,20)	(17,21)	(17,22)	(18,19)	(18,20)	(18,21)	(18,22)	(19,20)	(19,21)	(19,22)	(20,21)	(20,22)	(21,21)	(21,22)	(21,23)	(22,21)	(23,21)	(23,22)	(24,20)	
(21,23):(6,14)	(7,15)	(7,16)	(7,17)	(7,18)	(7,19)	(7,20)	(7,21)	(7,22)	(7,23)	(8,15)	(8,16)	(8,17)	(8,18)	(8,19)	(8,20)	(8,21)	(8,22)	(8,23)	(9,15)	(9,16)	(9,17)	(9,18)	(9,19)	(9,20)	(9,21)	(9,22)	(9,23)	(10,16)	(10,17)	(10,18)	(10,19)	(10,20)	(10,21)	(10,22)	(10,23)	(11,17)	(11,18)	(11,19)	(11,20)	(11,21)	(11,22)	(11,23)	(12,17)	(12,18)	(12,19)	(12,20)	(12,21)	(12,22)	(13,18)	(13,19)	(13,20)	(13,21)	(13,22)	(14,19)	(14,20)	(14,21)	(14,22)	(15,19)	(15,20)	(15,21)	(15,22)	(16,17)	(16,19)	(16,20)	(16,21)	(16,22)	(17,17)	(17,18)	(17,19)	(17,20)	(17,21)	(17,22)	(18,19)	(18,20)	(18,21)	(18,22)	(19,20)	(19,21)	(19,22)	(20,21)	(20,22)	(21,21)	(21,22)	(21,23)	
(11,23):(2,29)	(3,27)	(3,28)	(4,26)	(4,27)	(4,28)	(5,26)	(5,27)	(5,28)	(6,14)	(6,25)	(6,26)	(6,27)	(6,28)	(7,15)	(7,16)	(7,17)	(7,18)	(7,19)	(7,20)	(7,21)	(7,22)	(7,23)	(7,24)	(7,25)	(7,26)	(7,27)	(7,28)	(8,15)	(8,16)	(8,17)	(8,18)	(8,19)	(8,20)	(8,21)	(8,22)	(8,23)	(8,24)	(8,25)	(8,26)	(8,27)	(8,28)	(9,15)	(9,16)	(9,17)	(9,18)	(9,19)	(9,20)	(9,21)	(9,22)	(9,23)	(9,24)	(9,25)	(9,26)	(9,27)	(9,28)	(10,15)	(10,16)	(10,17)	(10,18)	(10,19)	(10,20)	(10,21)	(10,22)	(10,23)	(10,24)	(10,25)	(10,26)	(10,27)	(10,28)	(11,15)	(11,16)	(11,17)	(11,18)	(11,19)	(11,20)	(11,21)	(11,22)	(11,23)	(11,27)	(11,28)	(12,14)	(12,15)	(12,16)	(12,17)	(12,18)	(12,19)	(12,20)	(12,21)	(12,22)	(13,12)	(13,13)	(13,14)	(13,15)	(13,16)	(13,17)	(13,18)	(13,19)	(13,20)	(13,21)	(13,22)	(14,13)	(14,14)	(14,15)	(14,16)	(14,17)	(14,18)	(14,19)	(14,20)	(14,21)	(14,22)	(15,12)	(15,19)	(15,20)	(15,21)	(15,22)	(16,19)	(16,20)	(16,21)	(16,22)	(17,19)	(17,20)	(17,21)	(17,22)	(18,18)	(18,19)	(18,20)	(18,21)	(18,22)	(19,17)	(19,18)	(19,20)	(19,21)	(19,22)	(20,16)	(20,17)	(20,21)	(20,22)	(21,15)	(21,16)	(21,21)	(21,22)	(21,23)	(22,15)	(22,16)	(22,21)	(23,21)	(24,20)	
(11,27):(2,25)	(2,26)	(2,29)	(3,25)	(3,26)	(3,27)	(3,28)	(4,26)	(4,27)	(4,28)	(5,26)	(5,27)	(5,28)	(6,14)	(6,25)	(6,26)	(6,27)	(6,28)	(7,15)	(7,16)	(7,17)	(7,18)	(7,19)	(7,20)	(7,21)	(7,22)	(7,23)	(7,24)	(7,25)	(7,26)	(7,27)	(7,28)	(8,15)	(8,16)	(8,17)	(8,18)	(8,19)	(8,20)	(8,21)	(8,22)	(8,23)	(8,24)	(8,25)	(8,26)	(8,27)	(8,28)	(9,15)	(9,16)	(9,17)	(9,18)	(9,19)	(9,20)	(9,21)	(9,22)	(9,23)	(9,24)	(9,25)	(9,26)	(9,27)	(9,28)	(10,15)	(10,16)	(10,17)	(10,18)	(10,19)	(10,20)	(10,21)	(10,22)	(10,23)	(10,24)	(10,25)	(10,26)	(10,27)	(10,28)	(11,15)	(11,16)	(11,17)	(11,18)	(11,19)	(11,20)	(11,21)	(11,22)	(11,23)	(11,27)	(11,28)	(12,28)	(13,28)	(14,27)	(14,28)	
(14,27):(2,29)	(3,27)	(3,28)	(4,27)	(4,28)	(5,27)	(5,28)	(6,27)	(6,28)	(7,27)	(7,28)	(8,27)	(8,28)	(9,27)	(9,28)	(10,27)	(10,28)	(11,27)	(11,28)	(12,28)	(13,28)	(14,27)	(14,28)	
(14,28):(2,25)	(2,26)	(2,29)	(3,25)	(3,26)	(3,27)	(3,28)	(4,26)	(4,27)	(4,28)	(5,26)	(5,27)	(5,28)	(6,26)	(6,27)	(6,28)	(7,26)	(7,27)	(7,28)	(8,26)	(8,27)	(8,28)	(9,27)	(9,28)	(10,27)	(10,28)	(11,27)	(11,28)	(12,28)	(13,28)	(14,27)	(14,28)	(18,29)	(19,29)	(20,29)	(21,29)	(22,29)	(23,29)	(24,29)	(25,29)	(26,29)	(27,29)	(28,29)	(29,29)	(29,30)	(30,29)	(30,30)	(31,29)	(31,30)	(32,29)	(32,30)	(33,28)	
(33,28):(2,29)	(3,28)	(4,28)	(5,28)	(6,28)	(7,28)	(8,28)	(9,28)	(10,28)	(11,28)	(12,28)	(13,28)	(14,28)	(18,29)	(18,30)	(19,29)	(20,29)	(21,29)	(22,29)	(23,29)	(24,29)	(25,29)	(26,29)	(27,29)	(28,29)	(29,29)	(29,30)	(30,29)	(30,30)	(30,31)	(31,29)	(31,30)	(31,31)	(31,32)	(32,29)	(32,30)	(32,31)	(33,28)	(33,32)	
(33,32):(27,29)	(28,29)	(29,29)	(29,30)	(30,29)	(30,30)	(31,29)	(31,30)	(31,31)	(31,32)	(32,29)	(32,30)	(32,31)	(33,28)	(33,32)	
(31,32):8.000000
(31,31):18.000000
(30,31):16.000000
(30,33):5.666667
(29,33):7.250000
(29,30):50.963634
(18,30):30.000000
(18,29):65.758522
(2,29):95.357140
(2,26):52.958332
(1,26):14.500000
(1,24):20.750000
(3,24):7.000000
(3,25):45.708332
(6,25):148.132904
(6,14):125.769234
(12,14):135.163635
(12,13):120.857140
(4,13):79.304764
(4,8):48.923611
(5,8):75.964287
(5,4):59.452381
(7,4):44.250000
(7,3):18.166666
(8,3):30.166666
(8,6):75.141670
(9,6):90.888733
(9,2):60.187164
(10,2):71.720367
(10,1):54.166668
(13,1):79.323715
(13,12):165.596313
(15,12):111.993004
(15,19):153.666672
(16,19):121.866669
(16,17):28.000000
(17,17):100.604164
(17,5):77.849998
(20,5):52.538460
(20,7):99.138634
(27,7):50.000000
(27,9):52.285713
(32,9):26.500000
(32,10):25.000000
(28,10):47.770832
(28,11):43.250000
(22,11):100.709526
(22,15):93.716667
(26,15):30.103174
(26,16):12.125000
(25,16):31.604166
(25,18):37.500000
(19,18):126.600044
(19,20):107.812500
(24,20):51.634617
(24,21):34.900002
(23,21):72.208336
(23,22):61.437500
(21,22):85.750000
(21,23):87.250000
(11,23):168.616669
(11,27):99.944443
(14,27):24.000000
(14,28):70.528786
(33,28):52.500000
(33,32):17.000000
(31,32),(31,31):8.000000
(31,32),(30,31):6.000000
(31,32),(30,33):0.000000
(31,32),(29,33):0.250000
(31,32),(29,30):7.000000
(31,32),(18,30):4.000000
(31,32),(18,29):4.545455
(31,32),(2,29):2.000000
(31,32),(2,26):0.000000
(31,32),(1,26):0.000000
(31,32),(1,24):0.000000
(31,32),(3,24):0.000000
(31,32),(3,25):0.000000
(31,32),(6,25):0.000000
(31,32),(6,14):0.000000
(31,32),(12,14):0.000000
(31,32),(12,13):0.000000
(31,32),(4,13):0.000000
(31,32),(4,8):0.000000
(31,32),(5,8):0.000000
(31,32),(5,4):0.000000
(31,32),(7,4):0.000000
(31,32),(7,3):0.000000
(31,32),(8,3):0.000000
(31,32),(8,6):0.000000
(31,32),(9,6):0.000000
(31,32),(9,2):0.000000
(31,32),(10,2):0.000000
(31,32),(10,1):0.000000
(31,32),(13,1):0.000000
(31,32),(13,12):0.000000
(31,32),(15,12):0.000000
(31,32),(15,19):0.000000
(31,32),(16,19):0.000000
(31,32),(16,17):0.000000
(31,32),(17,17):0.000000
(31,32),(17,5):0.000000
(31,32),(20,5):0.000000
(31,32),(20,7):0.000000
(31,32),(27,7):0.000000
(31,32),(27,9):0.000000
(31,32),(32,9):0.000000
(31,32),(32,10):0.000000
(31,32),(28,10):0.000000
(31,32),(28,11):0.000000
(31,32),(22,11):0.000000
(31,32),(22,15):0.000000
(31,32),(26,15):0.000000
(31,32),(26,16):0.000000
(31,32),(25,16):0.000000
(31,32),(25,18):0.000000
(31,32),(19,18):0.000000
(31,32),(19,20):0.000000
(31,32),(24,20):0.000000
(31,32),(24,21):0.000000
(31,32),(23,21):0.000000
(31,32),(23,22):0.000000
(31,32),(21,22):0.000000
(31,32),(21,23):0.000000
(31,32),(11,23):0.000000
(31,32),(11,27):0.000000
(31,32),(14,27):0.000000
(31,32),(14,28):4.800000
(31,32),(33,28):8.000000
(31,32),(33,32):8.000000
(31,31),(30,31):14.000000
(31,31),(30,33):3.666667
(31,31),(29,33):5.250000
(31,31),(29,30):17.000000
(31,31),(18,30):12.000000
(31,31),(18,29):12.727273
(31,31),(2,29):7.000000
(31,31),(2,26):0.000000
(31,31),(1,26):0.000000
(31,31),(1,24):0.000000
(31,31),(3,24):0.000000
(31,31),(3,25):0.000000
(31,31),(6,25):0.000000
(31,31),(6,14):0.000000
(31,31),(12,14):0.000000
(31,31),(12,13):0.000000
(31,31),(4,13):0.000000
(31,31),(4,8):0.000000
(31,31),(5,8):0.000000
(31,31),(5,4):0.000000
(31,31),(7,4):0.000000
(31,31),(7,3):0.000000
(31,31),(8,3):0.000000
(31,31),(8,6):0.000000
(31,31),(9,6):0.000000
(31,31),(9,2):0.000000
(31,31),(10,2):0.000000
(31,31),(10,1):0.000000
(31,31),(13,1):0.000000
(31,31),(13,12):0.000000
(31,31),(15,12):0.000000
(31,31),(15,19):0.000000
(31,31),(16,19):0.000000
(31,31),(16,17):0.000000
(31,31),(17,17):0.000000
(31,31),(17,5):0.000000
(31,31),(20,5):0.000000
(31,31),(20,7):0.000000
(31,31),(27,7):0.000000
(31,31),(27,9):0.000000
(31,31),(32,9):0.000000
(31,31),(32,10):0.000000
(31,31),(28,10):0.000000
(31,31),(28,11):0.000000
(31,31),(22,11):0.000000
(31,31),(22,15):0.000000
(31,31),(26,15):0.000000
(31,31),(26,16):0.000000
(31,31),(25,16):0.000000
(31,31),(25,18):0.000000
(31,31),(19,18):0.000000
(31,31),(19,20):0.000000
(31,31),(24,20):0.000000
(31,31),(24,21):0.000000
(31,31),(23,21):0.000000
(31,31),(23,22):0.000000
(31,31),(21,22):0.000000
(31,31),(21,23):0.000000
(31,31),(11,23):0.000000
(31,31),(11,27):0.000000
(31,31),(14,27):0.000000
(31,31),(14,28):13.066667
(31,31),(33,28):18.000000
(31,31),(33,32):17.000000
(30,31),(30,33):5.666667
(30,31),(29,33):7.250000
(30,31),(29,30):16.000000
(30,31),(18,30):10.000000
(30,31),(18,29):10.727273
(30,31),(2,29):5.500000
(30,31),(2,26):0.000000
(30,31),(1,26):0.000000
(30,31),(1,24):0.000000
(30,31),(3,24):0.000000
(30,31),(3,25):0.000000
(30,31),(6,25):0.000000
(30,31),(6,14):0.000000
(30,31),(12,14):0.000000
(30,31),(12,13):0.000000
(30,31),(4,13):0.000000
(30,31),(4,8):0.000000
(30,31),(5,8):0.000000
(30,31),(5,4):0.000000
(30,31),(7,4):0.000000
(30,31),(7,3):0.000000
(30,31),(8,3):0.000000
(30,31),(8,6):0.000000
(30,31),(9,6):0.000000
(30,31),(9,2):0.000000
(30,31),(10,2):0.000000
(30,31),(10,1):0.000000
(30,31),(13,1):0.000000
(30,31),(13,12):0.000000
(30,31),(15,12):0.000000
(30,31),(15,19):0.000000
(30,31),(16,19):0.000000
(30,31),(16,17):0.000000
(30,31),(17,17):0.000000
(30,31),(17,5):0.000000
(30,31),(20,5):0.000000
(30,31),(20,7):0.000000
(30,31),(27,7):0.000000
(30,31),(27,9):0.000000
(30,31),(32,9):0.000000
(30,31),(32,10):0.000000
(30,31),(28,10):0.000000
(30,31),(28,11):0.000000
(30,31),(22,11):0.000000
(30,31),(22,15):0.000000
(30,31),(26,15):0.000000
(30,31),(26,16):0.000000
(30,31),(25,16):0.000000
(30,31),(25,18):0.000000
(30,31),(19,18):0.000000
(30,31),(19,20):0.000000
(30,31),(24,20):0.000000
(30,31),(24,21):0.000000
(30,31),(23,21):0.000000
(30,31),(23,22):0.000000
(30,31),(21,22):0.000000
(30,31),(21,23):0.000000
(30,31),(11,23):0.000000
(30,31),(11,27):0.000000
(30,31),(14,27):0.000000
(30,31),(14,28):11.066667
(30,31),(33,28):14.500000
(30,31),(33,32):13.000000
(30,33),(29,33):5.000000
(30,33),(29,30):5.666667
(30,33),(18,30):2.666667
(30,33),(18,29):2.712121
(30,33),(2,29):1.500000
(30,33),(2,26):0.000000
(30,33),(1,26):0.000000
(30,33),(1,24):0.000000
(30,33),(3,24):0.000000
(30,33),(3,25):0.000000
(30,33),(6,25):0.000000
(30,33),(6,14):0.000000
(30,33),(12,14):0.000000
(30,33),(12,13):0.000000
(30,33),(4,13):0.000000
(30,33),(4,8):0.000000
(30,33),(5,8):0.000000
(30,33),(5,4):0.000000
(30,33),(7,4):0.000000
(30,33),(7,3):0.000000
(30,33),(8,3):0.000000
(30,33),(8,6):0.000000
(30,33),(9,6):0.000000
(30,33),(9,2):0.000000
(30,33),(10,2):0.000000
(30,33),(10,1):0.000000
(30,33),(13,1):0.000000
(30,33),(13,12):0.000000
(30,33),(15,12):0.000000
(30,33),(15,19):0.000000
(30,33),(16,19):0.000000
(30,33),(16,17):0.000000
(30,33),(17,17):0.000000
(30,33),(17,5):0.000000
(30,33),(20,5):0.000000
(30,33),(20,7):0.000000
(30,33),(27,7):0.000000
(30,33),(27,9):0.000000
(30,33),(32,9):0.000000
(30,33),(32,10):0.000000
(30,33),(28,10):0.000000
(30,33),(28,11):0.000000
(30,33),(22,11):0.000000
(30,33),(22,15):0.000000
(30,33),(26,15):0.000000
(30,33),(26,16):0.000000
(30,33),(25,16):0.000000
(30,33),(25,18):0.000000
(30,33),(19,18):0.000000
(30,33),(19,20):0.000000
(30,33),(24,20):0.000000
(30,33),(24,21):0.000000
(30,33),(23,21):0.000000
(30,33),(23,22):0.000000
(30,33),(21,22):0.000000
(30,33),(21,23):0.000000
(30,33),(11,23):0.000000
(30,33),(11,27):0.000000
(30,33),(14,27):0.000000
(30,33),(14,28):2.733333
(30,33),(33,28):4.166667
(30,33),(33,32):2.916667
(29,33),(29,30):7.250000
(29,33),(18,30):4.000000
(29,33),(18,29):4.097826
(29,33),(2,29):2.250000
(29,33),(2,26):0.000000
(29,33),(1,26):0.000000
(29,33),(1,24):0.000000
(29,33),(3,24):0.000000
(29,33),(3,25):0.000000
(29,33),(6,25):0.000000
(29,33),(6,14):0.000000
(29,33),(12,14):0.000000
(29,33),(12,13):0.000000
(29,33),(4,13):0.000000
(29,33),(4,8):0.000000
(29,33),(5,8):0.000000
(29,33),(5,4):0.000000
(29,33),(7,4):0.000000
(29,33),(7,3):0.000000
(29,33),(8,3):0.000000
(29,33),(8,6):0.000000
(29,33),(9,6):0.000000
(29,33),(9,2):0.000000
(29,33),(10,2):0.000000
(29,33),(10,1):0.000000
(29,33),(13,1):0.000000
(29,33),(13,12):0.000000
(29,33),(15,12):0.000000
(29,33),(15,19):0.000000
(29,33),(16,19):0.000000
(29,33),(16,17):0.000000
(29,33),(17,17):0.000000
(29,33),(17,5):0.000000
(29,33),(20,5):0.000000
(29,33),(20,7):0.000000
(29,33),(27,7):0.000000
(29,33),(27,9):0.000000
(29,33),(32,9):0.000000
(29,33),(32,10):0.000000
(29,33),(28,10):0.000000
(29,33),(28,11):0.000000
(29,33),(22,11):0.000000
(29,33),(22,15):0.000000
(29,33),(26,15):0.000000
(29,33),(26,16):0.000000
(29,33),(25,16):0.000000
(29,33),(25,18):0.000000
(29,33),(19,18):0.000000
(29,33),(19,20):0.000000
(29,33),(24,20):0.000000
(29,33),(24,21):0.000000
(29,33),(23,21):0.000000
(29,33),(23,22):0.000000
(29,33),(21,22):0.000000
(29,33),(21,23):0.000000
(29,33),(11,23):0.000000
(29,33),(11,27):0.000000
(29,33),(14,27):0.000000
(29,33),(14,28):4.140625
(29,33),(33,28):5.750000
(29,33),(33,32):4.450000
(29,30),(18,30):30.000000
(29,30),(18,29):44.690910
(29,30),(2,29):28.963636
(29,30),(2,26):15.296969
(29,30),(1,26):0.000000
(29,30),(1,24):5.830447
(29,30),(3,24):1.124242
(29,30),(3,25):11.804545
(29,30),(6,25):10.923930
(29,30),(6,14):4.646065
(29,30),(12,14):5.173322
(29,30),(12,13):0.000000
(29,30),(4,13):0.000000
(29,30),(4,8):0.000000
(29,30),(5,8):0.000000
(29,30),(5,4):0.000000
(29,30),(7,4):0.000000
(29,30),(7,3):0.000000
(29,30),(8,3):0.000000
(29,30),(8,6):0.000000
(29,30),(9,6):0.000000
(29,30),(9,2):0.000000
(29,30),(10,2):0.000000
(29,30),(10,1):0.000000
(29,30),(13,1):0.000000
(29,30),(13,12):4.321165
(29,30),(15,12):4.526050
(29,30),(15,19):3.747516
(29,30),(16,19):3.099165
(29,30),(16,17):0.000000
(29,30),(17,17):0.000000
(29,30),(17,5):0.000000
(29,30),(20,5):0.000000
(29,30),(20,7):0.000000
(29,30),(27,7):0.000000
(29,30),(27,9):0.000000
(29,30),(32,9):0.000000
(29,30),(32,10):0.000000
(29,30),(28,10):0.000000
(29,30),(28,11):0.000000
(29,30),(22,11):0.000000
(29,30),(22,15):1.377349
(29,30),(26,15):0.000000
(29,30),(26,16):0.000000
(29,30),(25,16):0.000000
(29,30),(25,18):0.000000
(29,30),(19,18):2.027246
(29,30),(19,20):0.000000
(29,30),(24,20):0.000000
(29,30),(24,21):0.000000
(29,30),(23,21):0.000000
(29,30),(23,22):0.000000
(29,30),(21,22):0.000000
(29,30),(21,23):0.000000
(29,30),(11,23):8.553409
(29,30),(11,27):11.526136
(29,30),(14,27):9.340909
(29,30),(14,28):43.030304
(29,30),(33,28):41.000000
(29,30),(33,32):16.000000
(18,30),(18,29):30.000000
(18,30),(2,29):15.000000
(18,30),(2,26):2.666667
(18,30),(1,26):0.000000
(18,30),(1,24):0.000000
(18,30),(3,24):0.000000
(18,30),(3,25):0.000000
(18,30),(6,25):0.000000
(18,30),(6,14):0.000000
(18,30),(12,14):0.000000
(18,30),(12,13):0.000000
(18,30),(4,13):0.000000
(18,30),(4,8):0.000000
(18,30),(5,8):0.000000
(18,30),(5,4):0.000000
(18,30),(7,4):0.000000
(18,30),(7,3):0.000000
(18,30),(8,3):0.000000
(18,30),(8,6):0.000000
(18,30),(9,6):0.000000
(18,30),(9,2):0.000000
(18,30),(10,2):0.000000
(18,30),(10,1):0.000000
(18,30),(13,1):0.000000
(18,30),(13,12):0.000000
(18,30),(15,12):0.000000
(18,30),(15,19):0.000000
(18,30),(16,19):0.000000
(18,30),(16,17):0.000000
(18,30),(17,17):0.000000
(18,30),(17,5):0.000000
(18,30),(20,5):0.000000
(18,30),(20,7):0.000000
(18,30),(27,7):0.000000
(18,30),(27,9):0.000000
(18,30),(32,9):0.000000
(18,30),(32,10):0.000000
(18,30),(28,10):0.000000
(18,30),(28,11):0.000000
(18,30),(22,11):0.000000
(18,30),(22,15):0.000000
(18,30),(26,15):0.000000
(18,30),(26,16):0.000000
(18,30),(25,16):0.000000
(18,30),(25,18):0.000000
(18,30),(19,18):0.000000
(18,30),(19,20):0.000000
(18,30),(24,20):0.000000
(18,30),(24,21):0.000000
(18,30),(23,21):0.000000
(18,30),(23,22):0.000000
(18,30),(21,22):0.000000
(18,30),(21,23):0.000000
(18,30),(11,23):0.000000
(18,30),(11,27):0.000000
(18,30),(14,27):0.000000
(18,30),(14,28):28.000000
(18,30),(33,28):30.000000
(18,30),(33,32):12.000000
(18,29),(2,29):49.000000
(18,29),(2,26):36.364582
(18,29),(1,26):3.031250
(18,29),(1,24):18.531250
(18,29),(3,24):4.906250
(18,29),(3,25):32.864582
(18,29),(6,25):31.572916
(18,29),(6,14):12.630933
(18,29),(12,14):14.974988
(18,29),(12,13):0.000000
(18,29),(4,13):0.000000
(18,29),(4,8):0.000000
(18,29),(5,8):0.000000
(18,29),(5,4):0.000000
(18,29),(7,4):0.000000
(18,29),(7,3):0.000000
(18,29),(8,3):0.000000
(18,29),(8,6):0.000000
(18,29),(9,6):0.000000
(18,29),(9,2):0.000000
(18,29),(10,2):0.000000
(18,29),(10,1):0.000000
(18,29),(13,1):0.000000
(18,29),(13,12):12.422925
(18,29),(15,12):13.583342
(18,29),(15,19):11.221212
(18,29),(16,19):8.587955
(18,29),(16,17):0.000000
(18,29),(17,17):0.000000
(18,29),(17,5):0.000000
(18,29),(20,5):0.000000
(18,29),(20,7):0.000000
(18,29),(27,7):0.000000
(18,29),(27,9):0.000000
(18,29),(32,9):0.000000
(18,29),(32,10):0.000000
(18,29),(28,10):0.000000
(18,29),(28,11):0.000000
(18,29),(22,11):0.000000
(18,29),(22,15):4.305673
(18,29),(26,15):0.000000
(18,29),(26,16):0.000000
(18,29),(25,16):0.000000
(18,29),(25,18):0.000000
(18,29),(19,18):4.567090
(18,29),(19,20):0.000000
(18,29),(24,20):0.000000
(18,29),(24,21):0.000000
(18,29),(23,21):0.000000
(18,29),(23,22):0.000000
(18,29),(21,22):0.000000
(18,29),(21,23):0.000000
(18,29),(11,23):23.905769
(18,29),(11,27):32.531250
(18,29),(14,27):22.000000
(18,29),(14,28):63.758522
(18,29),(33,28):46.727272
(18,29),(33,32):12.727273
(2,29),(2,26):48.625000
(2,29),(1,26):12.500000
(2,29),(1,24):18.750000
(2,29),(3,24):5.000000
(2,29),(3,25):43.708332
(2,29),(6,25):72.166664
(2,29),(6,14):48.663170
(2,29),(12,14):49.911255
(2,29),(12,13):11.833333
(2,29),(4,13):0.000000
(2,29),(4,8):0.000000
(2,29),(5,8):0.000000
(2,29),(5,4):0.160714
(2,29),(7,4):0.000000
(2,29),(7,3):0.000000
(2,29),(8,3):0.000000
(2,29),(8,6):0.920455
(2,29),(9,6):2.695207
(2,29),(9,2):5.416972
(2,29),(10,2):6.604234
(2,29),(10,1):6.463004
(2,29),(13,1):5.273649
(2,29),(13,12):45.857273
(2,29),(15,12):46.159672
(2,29),(15,19):41.166668
(2,29),(16,19):37.557144
(2,29),(16,17):2.533333
(2,29),(17,17):5.357143
(2,29),(17,5):4.250000
(2,29),(20,5):2.705590
(2,29),(20,7):4.648701
(2,29),(27,7):0.000000
(2,29),(27,9):0.000000
(2,29),(32,9):0.000000
(2,29),(32,10):0.000000
(2,29),(28,10):0.000000
(2,29),(28,11):0.000000
(2,29),(22,11):5.190476
(2,29),(22,15):16.773809
(2,29),(26,15):7.566667
(2,29),(26,16):1.364815
(2,29),(25,16):4.484848
(2,29),(25,18):3.783333
(2,29),(19,18):27.861950
(2,29),(19,20):21.480953
(2,29),(24,20):12.600000
(2,29),(24,21):8.641026
(2,29),(23,21):17.436363
(2,29),(23,22):14.124331
(2,29),(21,22):18.633333
(2,29),(21,23):18.706947
(2,29),(11,23):66.157143
(2,29),(11,27):56.125000
(2,29),(14,27):24.000000
(2,29),(14,28):55.136364
(2,29),(33,28):31.000000
(2,29),(33,32):7.000000
(2,26),(1,26):14.500000
(2,26),(1,24):20.750000
(2,26),(3,24):7.000000
(2,26),(3,25):45.708332
(2,26),(6,25):45.125000
(2,26),(6,14):23.894230
(2,26),(12,14):25.520779
(2,26),(12,13):0.000000
(2,26),(4,13):0.000000
(2,26),(4,8):0.000000
(2,26),(5,8):0.000000
(2,26),(5,4):0.000000
(2,26),(7,4):0.000000
(2,26),(7,3):0.000000
(2,26),(8,3):0.000000
(2,26),(8,6):0.000000
(2,26),(9,6):0.000000
(2,26),(9,2):0.000000
(2,26),(10,2):0.000000
(2,26),(10,1):0.000000
(2,26),(13,1):0.000000
(2,26),(13,12):21.870131
(2,26),(15,12):22.230507
(2,26),(15,19):16.166666
(2,26),(16,19):12.336364
(2,26),(16,17):0.000000
(2,26),(17,17):0.000000
(2,26),(17,5):0.000000
(2,26),(20,5):0.000000
(2,26),(20,7):0.000000
(2,26),(27,7):0.000000
(2,26),(27,9):0.000000
(2,26),(32,9):0.000000
(2,26),(32,10):0.000000
(2,26),(28,10):0.000000
(2,26),(28,11):0.000000
(2,26),(22,11):0.000000
(2,26),(22,15):6.430953
(2,26),(26,15):0.000000
(2,26),(26,16):0.000000
(2,26),(25,16):0.000000
(2,26),(25,18):0.000000
(2,26),(19,18):6.879807
(2,26),(19,20):0.000000
(2,26),(24,20):0.000000
(2,26),(24,21):0.000000
(2,26),(23,21):0.000000
(2,26),(23,22):0.000000
(2,26),(21,22):0.000000
(2,26),(21,23):0.000000
(2,26),(11,23):35.924999
(2,26),(11,27):47.569443
(2,26),(14,27):23.500000
(2,26),(14,28):42.295456
(2,26),(33,28):17.333334
(2,26),(33,32):0.000000
(1,26),(1,24):5.000000
(1,26),(3,24):4.000000
(1,26),(3,25):12.000000
(1,26),(6,25):12.500000
(1,26),(6,14):7.500000
(1,26),(12,14):7.329545
(1,26),(12,13):0.000000
(1,26),(4,13):0.000000
(1,26),(4,8):0.000000
(1,26),(5,8):0.000000
(1,26),(5,4):0.000000
(1,26),(7,4):0.000000
(1,26),(7,3):0.000000
(1,26),(8,3):0.000000
(1,26),(8,6):0.000000
(1,26),(9,6):0.000000
(1,26),(9,2):0.000000
(1,26),(10,2):0.000000
(1,26),(10,1):0.000000
(1,26),(13,1):0.000000
(1,26),(13,12):6.498380
(1,26),(15,12):6.405869
(1,26),(15,19):4.375000
(1,26),(16,19):3.541667
(1,26),(16,17):0.000000
(1,26),(17,17):0.000000
(1,26),(17,5):0.000000
(1,26),(20,5):0.000000
(1,26),(20,7):0.000000
(1,26),(27,7):0.000000
(1,26),(27,9):0.000000
(1,26),(32,9):0.000000
(1,26),(32,10):0.000000
(1,26),(28,10):0.000000
(1,26),(28,11):0.000000
(1,26),(22,11):0.000000
(1,26),(22,15):1.867919
(1,26),(26,15):0.000000
(1,26),(26,16):0.000000
(1,26),(25,16):0.000000
(1,26),(25,18):0.000000
(1,26),(19,18):2.405042
(1,26),(19,20):0.000000
(1,26),(24,20):0.000000
(1,26),(24,21):0.000000
(1,26),(23,21):0.000000
(1,26),(23,22):0.000000
(1,26),(21,22):0.000000
(1,26),(21,23):0.000000
(1,26),(11,23):8.750000
(1,26),(11,27):12.944445
(1,26),(14,27):0.000000
(1,26),(14,28):5.962121
(1,26),(33,28):0.000000
(1,26),(33,32):0.000000
(1,24),(3,24):5.000000
(1,24),(3,25):20.750000
(1,24),(6,25):18.750000
(1,24),(6,14):6.250000
(1,24),(12,14):10.026231
(1,24),(12,13):0.000000
(1,24),(4,13):0.000000
(1,24),(4,8):0.000000
(1,24),(5,8):0.000000
(1,24),(5,4):0.000000
(1,24),(7,4):0.000000
(1,24),(7,3):0.000000
(1,24),(8,3):0.000000
(1,24),(8,6):0.000000
(1,24),(9,6):0.000000
(1,24),(9,2):0.000000
(1,24),(10,2):0.000000
(1,24),(10,1):0.000000
(1,24),(13,1):0.000000
(1,24),(13,12):8.177273
(1,24),(15,12):10.172500
(1,24),(15,19):8.223214
(1,24),(16,19):5.900350
(1,24),(16,17):0.000000
(1,24),(17,17):0.000000
(1,24),(17,5):0.000000
(1,24),(20,5):0.000000
(1,24),(20,7):0.000000
(1,24),(27,7):0.000000
(1,24),(27,9):0.000000
(1,24),(32,9):0.000000
(1,24),(32,10):0.000000
(1,24),(28,10):0.000000
(1,24),(28,11):0.000000
(1,24),(22,11):0.000000
(1,24),(22,15):2.789881
(1,24),(26,15):0.000000
(1,24),(26,16):0.000000
(1,24),(25,16):0.000000
(1,24),(25,18):0.000000
(1,24),(19,18):3.121212
(1,24),(19,20):0.000000
(1,24),(24,20):0.000000
(1,24),(24,21):0.000000
(1,24),(23,21):0.000000
(1,24),(23,22):0.000000
(1,24),(21,22):0.000000
(1,24),(21,23):0.000000
(1,24),(11,23):15.625000
(1,24),(11,27):19.194445
(1,24),(14,27):12.000000
(1,24),(14,28):19.212122
(1,24),(33,28):6.750000
(1,24),(33,32):0.000000
(3,24),(3,25):7.000000
(3,24),(6,25):5.000000
(3,24),(6,14):0.000000
(3,24),(12,14):0.000000
(3,24),(12,13):0.000000
(3,24),(4,13):0.000000
(3,24),(4,8):0.000000
(3,24),(5,8):0.000000
(3,24),(5,4):0.000000
(3,24),(7,4):0.000000
(3,24),(7,3):0.000000
(3,24),(8,3):0.000000
(3,24),(8,6):0.000000
(3,24),(9,6):0.000000
(3,24),(9,2):0.000000
(3,24),(10,2):0.000000
(3,24),(10,1):0.000000
(3,24),(13,1):0.000000
(3,24),(13,12):0.000000
(3,24),(15,12):0.000000
(3,24),(15,19):1.666667
(3,24),(16,19):1.900000
(3,24),(16,17):0.000000
(3,24),(17,17):0.000000
(3,24),(17,5):0.000000
(3,24),(20,5):0.000000
(3,24),(20,7):0.000000
(3,24),(27,7):0.000000
(3,24),(27,9):0.000000
(3,24),(32,9):0.000000
(3,24),(32,10):0.000000
(3,24),(28,10):0.000000
(3,24),(28,11):0.000000
(3,24),(22,11):0.000000
(3,24),(22,15):0.977273
(3,24),(26,15):0.000000
(3,24),(26,16):0.000000
(3,24),(25,16):0.000000
(3,24),(25,18):0.000000
(3,24),(19,18):1.427885
(3,24),(19,20):0.000000
(3,24),(24,20):0.000000
(3,24),(24,21):0.000000
(3,24),(23,21):0.000000
(3,24),(23,22):0.000000
(3,24),(21,22):0.000000
(3,24),(21,23):0.000000
(3,24),(11,23):2.600000
(3,24),(11,27):5.444445
(3,24),(14,27):2.000000
(3,24),(14,28):5.462121
(3,24),(33,28):1.000000
(3,24),(33,32):0.000000
(3,25),(6,25):42.000000
(3,25),(6,14):20.769230
(3,25),(12,14):22.585859
(3,25),(12,13):0.000000
(3,25),(4,13):0.000000
(3,25),(4,8):0.000000
(3,25),(5,8):0.000000
(3,25),(5,4):0.000000
(3,25),(7,4):0.000000
(3,25),(7,3):0.000000
(3,25),(8,3):0.000000
(3,25),(8,6):0.000000
(3,25),(9,6):0.000000
(3,25),(9,2):0.000000
(3,25),(10,2):0.000000
(3,25),(10,1):0.000000
(3,25),(13,1):0.000000
(3,25),(13,12):19.090910
(3,25),(15,12):19.720280
(3,25),(15,19):14.666667
(3,25),(16,19):11.200000
(3,25),(16,17):0.000000
(3,25),(17,17):0.000000
(3,25),(17,5):0.000000
(3,25),(20,5):0.000000
(3,25),(20,7):0.000000
(3,25),(27,7):0.000000
(3,25),(27,9):0.000000
(3,25),(32,9):0.000000
(3,25),(32,10):0.000000
(3,25),(28,10):0.000000
(3,25),(28,11):0.000000
(3,25),(22,11):0.000000
(3,25),(22,15):5.666667
(3,25),(26,15):0.000000
(3,25),(26,16):0.000000
(3,25),(25,16):0.000000
(3,25),(25,18):0.000000
(3,25),(19,18):6.204808
(3,25),(19,20):0.000000
(3,25),(24,20):0.000000
(3,25),(24,21):0.000000
(3,25),(23,21):0.000000
(3,25),(23,22):0.000000
(3,25),(21,22):0.000000
(3,25),(21,23):0.000000
(3,25),(11,23):32.799999
(3,25),(11,27):43.819443
(3,25),(14,27):22.875000
(3,25),(14,28):38.170456
(3,25),(33,28):13.833333
(3,25),(33,32):0.000000
(6,25),(6,14):111.583183
(6,25),(12,14):116.466278
(6,25),(12,13):30.109091
(6,25),(4,13):2.181818
(6,25),(4,8):4.037570
(6,25),(5,8):4.321262
(6,25),(5,4):5.857784
(6,25),(7,4):0.000000
(6,25),(7,3):0.000000
(6,25),(8,3):0.000000
(6,25),(8,6):7.526623
(6,25),(9,6):10.296041
(6,25),(9,2):13.563945
(6,25),(10,2):15.263219
(6,25),(10,1):14.969774
(6,25),(13,1):12.251587
(6,25),(13,12):76.424828
(6,25),(15,12):99.702095
(6,25),(15,19):111.775757
(6,25),(16,19):64.923813
(6,25),(16,17):7.795238
(6,25),(17,17):12.473809
(6,25),(17,5):7.823776
(6,25),(20,5):7.013963
(6,25),(20,7):9.368468
(6,25),(27,7):0.000000
(6,25),(27,9):0.000000
(6,25),(32,9):0.000000
(6,25),(32,10):0.000000
(6,25),(28,10):0.000000
(6,25),(28,11):0.000000
(6,25),(22,11):10.881849
(6,25),(22,15):23.440475
(6,25),(26,15):10.238095
(6,25),(26,16):1.809524
(6,25),(25,16):5.523809
(6,25),(25,18):4.857143
(6,25),(19,18):42.561951
(6,25),(19,20):56.712502
(6,25),(24,20):29.134615
(6,25),(24,21):28.133333
(6,25),(23,21):49.439102
(6,25),(23,22):47.296085
(6,25),(21,22):60.964287
(6,25),(21,23):66.293861
(6,25),(11,23):137.775757
(6,25),(11,27):96.944443
(6,25),(14,27):22.200001
(6,25),(14,28):35.916668
(6,25),(33,28):12.750000
(6,25),(33,32):0.000000
(6,14),(12,14):113.800003
(6,14),(12,13):31.000000
(6,14),(4,13):0.000000
(6,14),(4,8):0.612500
(6,14),(5,8):0.914286
(6,14),(5,4):3.174603
(6,14),(7,4):0.000000
(6,14),(7,3):0.000000
(6,14),(8,3):0.000000
(6,14),(8,6):5.094048
(6,14),(9,6):9.144689
(6,14),(9,2):14.523529
(6,14),(10,2):17.086275
(6,14),(10,1):16.704546
(6,14),(13,1):12.115385
(6,14),(13,12):74.012985
(6,14),(15,12):92.454544
(6,14),(15,19):107.500000
(6,14),(16,19):60.000000
(6,14),(16,17):10.277778
(6,14),(17,17):13.982098
(6,14),(17,5):5.159111
(6,14),(20,5):7.525767
(6,14),(20,7):8.135111
(6,14),(27,7):0.000000
(6,14),(27,9):0.000000
(6,14),(32,9):0.000000
(6,14),(32,10):0.000000
(6,14),(28,10):0.000000
(6,14),(28,11):0.000000
(6,14),(22,11):10.191500
(6,14),(22,15):14.301948
(6,14),(26,15):4.161210
(6,14),(26,16):0.000000
(6,14),(25,16):0.000000
(6,14),(25,18):0.000000
(6,14),(19,18):38.805557
(6,14),(19,20):64.812500
(6,14),(24,20):42.280071
(6,14),(24,21):27.843750
(6,14),(23,21):61.260963
(6,14),(23,22):50.287498
(6,14),(21,22):71.500000
(6,14),(21,23):76.250000
(6,14),(11,23):125.000000
(6,14),(11,27):75.769234
(6,14),(14,27):10.769231
(6,14),(14,28):14.935898
(6,14),(33,28):5.576923
(6,14),(33,32):0.000000
(12,14),(12,13):48.000000
(12,14),(4,13):13.771428
(12,14),(4,8):8.923611
(12,14),(5,8):12.964286
(12,14),(5,4):9.785714
(12,14),(7,4):0.000000
(12,14),(7,3):0.000000
(12,14),(8,3):0.000000
(12,14),(8,6):14.475000
(12,14),(9,6):23.263737
(12,14),(9,2):27.187166
(12,14),(10,2):30.595366
(12,14),(10,1):30.166666
(12,14),(13,1):25.115385
(12,14),(13,12):93.262985
(12,14),(15,12):102.818184
(12,14),(15,19):109.913635
(12,14),(16,19):52.735485
(12,14),(16,17):1.633333
(12,14),(17,17):5.254546
(12,14),(17,5):0.133333
(12,14),(20,5):2.123529
(12,14),(20,7):2.688889
(12,14),(27,7):0.000000
(12,14),(27,9):0.000000
(12,14),(32,9):0.000000
(12,14),(32,10):0.000000
(12,14),(28,10):0.000000
(12,14),(28,11):0.000000
(12,14),(22,11):7.027116
(12,14),(22,15):14.203156
(12,14),(26,15):4.068758
(12,14),(26,16):0.000000
(12,14),(25,16):0.000000
(12,14),(25,18):0.000000
(12,14),(19,18):32.608429
(12,14),(19,20):55.612499
(12,14),(24,20):34.384617
(12,14),(24,21):25.486364
(12,14),(23,21):53.008335
(12,14),(23,22):44.887501
(12,14),(21,22):62.299999
(12,14),(21,23):67.050003
(12,14),(11,23):126.663635
(12,14),(11,27):77.363640
(12,14),(14,27):12.161616
(12,14),(14,28):17.361805
(12,14),(33,28):6.297980
(12,14),(33,32):0.000000
(12,13),(4,13):77.328575
(12,13),(4,8):48.923611
(12,13),(5,8):74.071426
(12,13),(5,4):58.309525
(12,13),(7,4):42.107143
(12,13),(7,3):16.041666
(12,13),(8,3):28.030304
(12,13),(8,6):72.998810
(12,13),(9,6):90.888733
(12,13),(9,2):60.187164
(12,13),(10,2):71.720367
(12,13),(10,1):54.166668
(12,13),(13,1):76.208336
(12,13),(13,12):118.619049
(12,13),(15,12):41.000000
(12,13),(15,19):57.000000
(12,13),(16,19):16.000000
(12,13),(16,17):1.000000
(12,13),(17,17):4.500000
(12,13),(17,5):0.000000
(12,13),(20,5):1.500000
(12,13),(20,7):2.025000
(12,13),(27,7):0.000000
(12,13),(27,9):0.000000
(12,13),(32,9):0.000000
(12,13),(32,10):0.000000
(12,13),(28,10):0.000000
(12,13),(28,11):0.000000
(12,13),(22,11):6.389011
(12,13),(22,15):7.916667
(12,13),(26,15):1.143137
(12,13),(26,16):0.000000
(12,13),(25,16):0.000000
(12,13),(25,18):0.000000
(12,13),(19,18):13.476191
(12,13),(19,20):17.125000
(12,13),(24,20):12.750000
(12,13),(24,21):7.288889
(12,13),(23,21):17.125000
(12,13),(23,22):12.937500
(12,13),(21,22):18.250000
(12,13),(21,23):19.000000
(12,13),(11,23):39.500000
(12,13),(11,27):0.000000
(12,13),(14,27):0.000000
(12,13),(14,28):0.000000
(12,13),(33,28):0.000000
(12,13),(33,32):0.000000
(4,13),(4,8):46.111111
(4,13),(5,8):71.150002
(4,13),(5,4):52.566666
(4,13),(7,4):42.483334
(4,13),(7,3):18.000000
(4,13),(8,3):29.500000
(4,13),(8,6):66.316666
(4,13),(9,6):71.754761
(4,13),(9,2):38.485714
(4,13),(10,2):45.346428
(4,13),(10,1):31.507792
(4,13),(13,1):58.446430
(4,13),(13,12):76.804764
(4,13),(15,12):11.000000
(4,13),(15,19):18.719387
(4,13),(16,19):0.000000
(4,13),(16,17):0.000000
(4,13),(17,17):0.000000
(4,13),(17,5):0.000000
(4,13),(20,5):0.000000
(4,13),(20,7):0.000000
(4,13),(27,7):0.000000
(4,13),(27,9):0.000000
(4,13),(32,9):0.000000
(4,13),(32,10):0.000000
(4,13),(28,10):0.000000
(4,13),(28,11):0.000000
(4,13),(22,11):0.000000
(4,13),(22,15):0.000000
(4,13),(26,15):0.000000
(4,13),(26,16):0.000000
(4,13),(25,16):0.000000
(4,13),(25,18):0.000000
(4,13),(19,18):0.000000
(4,13),(19,20):0.000000
(4,13),(24,20):0.000000
(4,13),(24,21):0.000000
(4,13),(23,21):0.000000
(4,13),(23,22):0.000000
(4,13),(21,22):0.000000
(4,13),(21,23):0.000000
(4,13),(11,23):5.555555
(4,13),(11,27):0.000000
(4,13),(14,27):0.000000
(4,13),(14,28):0.000000
(4,13),(33,28):0.000000
(4,13),(33,32):0.000000
(4,8),(5,8):48.812500
(4,8),(5,4):41.479168
(4,8),(7,4):30.250000
(4,8),(7,3):12.500000
(4,8),(8,3):19.166666
(4,8),(8,6):47.079166
(4,8),(9,6):46.571430
(4,8),(9,2):21.016666
(4,8),(10,2):26.424999
(4,8),(10,1):15.746575
(4,8),(13,1):38.087502
(4,8),(13,12):48.923611
(4,8),(15,12):12.923611
(4,8),(15,19):12.887897
(4,8),(16,19):0.000000
(4,8),(16,17):0.000000
(4,8),(17,17):0.000000
(4,8),(17,5):0.000000
(4,8),(20,5):0.000000
(4,8),(20,7):0.000000
(4,8),(27,7):0.000000
(4,8),(27,9):0.000000
(4,8),(32,9):0.000000
(4,8),(32,10):0.000000
(4,8),(28,10):0.000000
(4,8),(28,11):0.000000
(4,8),(22,11):0.000000
(4,8),(22,15):0.000000
(4,8),(26,15):0.000000
(4,8),(26,16):0.000000
(4,8),(25,16):0.000000
(4,8),(25,18):0.000000
(4,8),(19,18):0.000000
(4,8),(19,20):0.000000
(4,8),(24,20):0.000000
(4,8),(24,21):0.000000
(4,8),(23,21):0.000000
(4,8),(23,22):0.000000
(4,8),(21,22):0.000000
(4,8),(21,23):0.000000
(4,8),(11,23):6.975559
(4,8),(11,27):0.000000
(4,8),(14,27):0.000000
(4,8),(14,28):0.000000
(4,8),(33,28):0.000000
(4,8),(33,32):0.000000
(5,8),(5,4):56.880951
(5,8),(7,4):44.000000
(5,8),(7,3):17.916666
(5,8),(8,3):29.916666
(5,8),(8,6):70.230949
(5,8),(9,6):66.964287
(5,8),(9,2):33.180000
(5,8),(10,2):39.043182
(5,8),(10,1):25.604839
(5,8),(13,1):51.732143
(5,8),(13,12):73.547623
(5,8),(15,12):13.214286
(5,8),(15,19):19.464285
(5,8),(16,19):0.000000
(5,8),(16,17):0.000000
(5,8),(17,17):0.000000
(5,8),(17,5):0.000000
(5,8),(20,5):0.000000
(5,8),(20,7):0.000000
(5,8),(27,7):0.000000
(5,8),(27,9):0.000000
(5,8),(32,9):0.000000
(5,8),(32,10):0.000000
(5,8),(28,10):0.000000
(5,8),(28,11):0.000000
(5,8),(22,11):0.000000
(5,8),(22,15):0.000000
(5,8),(26,15):0.000000
(5,8),(26,16):0.000000
(5,8),(25,16):0.000000
(5,8),(25,18):0.000000
(5,8),(19,18):0.000000
(5,8),(19,20):0.000000
(5,8),(24,20):0.000000
(5,8),(24,21):0.000000
(5,8),(23,21):0.000000
(5,8),(23,22):0.000000
(5,8),(21,22):0.000000
(5,8),(21,23):0.000000
(5,8),(11,23):7.765756
(5,8),(11,27):0.000000
(5,8),(14,27):0.000000
(5,8),(14,28):0.000000
(5,8),(33,28):0.000000
(5,8),(33,32):0.000000
(5,4),(7,4):39.250000
(5,4),(7,3):17.166666
(5,4),(8,3):25.000000
(5,4),(8,6):59.052380
(5,4),(9,6):52.452381
(5,4),(9,2):22.794117
(5,4),(10,2):27.995985
(5,4),(10,1):15.740000
(5,4),(13,1):38.526917
(5,4),(13,12):57.785713
(5,4),(15,12):13.785714
(5,4),(15,19):15.572479
(5,4),(16,19):0.000000
(5,4),(16,17):0.000000
(5,4),(17,17):0.000000
(5,4),(17,5):0.000000
(5,4),(20,5):0.000000
(5,4),(20,7):0.000000
(5,4),(27,7):0.000000
(5,4),(27,9):0.000000
(5,4),(32,9):0.000000
(5,4),(32,10):0.000000
(5,4),(28,10):0.000000
(5,4),(28,11):0.000000
(5,4),(22,11):0.000000
(5,4),(22,15):0.000000
(5,4),(26,15):0.000000
(5,4),(26,16):0.000000
(5,4),(25,16):0.000000
(5,4),(25,18):0.000000
(5,4),(19,18):0.000000
(5,4),(19,20):0.000000
(5,4),(24,20):0.000000
(5,4),(24,21):0.000000
(5,4),(23,21):0.000000
(5,4),(23,22):0.000000
(5,4),(21,22):0.000000
(5,4),(21,23):0.000000
(5,4),(11,23):8.363061
(5,4),(11,27):0.000000
(5,4),(14,27):0.000000
(5,4),(14,28):0.000000
(5,4),(33,28):0.000000
(5,4),(33,32):0.000000
(7,4),(7,3):18.166666
(7,4),(8,3):30.000000
(7,4),(8,6):44.250000
(7,4),(9,6):37.250000
(7,4),(9,2):6.250000
(7,4),(10,2):12.041667
(7,4),(10,1):2.250000
(7,4),(13,1):25.009615
(7,4),(13,12):41.583332
(7,4),(15,12):7.250000
(7,4),(15,19):0.000000
(7,4),(16,19):0.000000
(7,4),(16,17):0.000000
(7,4),(17,17):0.000000
(7,4),(17,5):0.000000
(7,4),(20,5):0.000000
(7,4),(20,7):0.000000
(7,4),(27,7):0.000000
(7,4),(27,9):0.000000
(7,4),(32,9):0.000000
(7,4),(32,10):0.000000
(7,4),(28,10):0.000000
(7,4),(28,11):0.000000
(7,4),(22,11):0.000000
(7,4),(22,15):0.000000
(7,4),(26,15):0.000000
(7,4),(26,16):0.000000
(7,4),(25,16):0.000000
(7,4),(25,18):0.000000
(7,4),(19,18):0.000000
(7,4),(19,20):0.000000
(7,4),(24,20):0.000000
(7,4),(24,21):0.000000
(7,4),(23,21):0.000000
(7,4),(23,22):0.000000
(7,4),(21,22):0.000000
(7,4),(21,23):0.000000
(7,4),(11,23):0.000000
(7,4),(11,27):0.000000
(7,4),(14,27):0.000000
(7,4),(14,28):0.000000
(7,4),(33,28):0.000000
(7,4),(33,32):0.000000
(7,3),(8,3):10.000000
(7,3),(8,6):18.166666
(7,3),(9,6):15.166667
(7,3),(9,2):2.666667
(7,3),(10,2):8.148809
(7,3),(10,1):0.166667
(7,3),(13,1):13.107843
(7,3),(13,12):15.766666
(7,3),(15,12):3.166667
(7,3),(15,19):0.000000
(7,3),(16,19):0.000000
(7,3),(16,17):0.000000
(7,3),(17,17):0.000000
(7,3),(17,5):0.000000
(7,3),(20,5):0.000000
(7,3),(20,7):0.000000
(7,3),(27,7):0.000000
(7,3),(27,9):0.000000
(7,3),(32,9):0.000000
(7,3),(32,10):0.000000
(7,3),(28,10):0.000000
(7,3),(28,11):0.000000
(7,3),(22,11):0.000000
(7,3),(22,15):0.000000
(7,3),(26,15):0.000000
(7,3),(26,16):0.000000
(7,3),(25,16):0.000000
(7,3),(25,18):0.000000
(7,3),(19,18):0.000000
(7,3),(19,20):0.000000
(7,3),(24,20):0.000000
(7,3),(24,21):0.000000
(7,3),(23,21):0.000000
(7,3),(23,22):0.000000
(7,3),(21,22):0.000000
(7,3),(21,23):0.000000
(7,3),(11,23):0.000000
(7,3),(11,27):0.000000
(7,3),(14,27):0.000000
(7,3),(14,28):0.000000
(7,3),(33,28):0.000000
(7,3),(33,32):0.000000
(8,3),(8,6):30.166666
(8,3),(9,6):25.166666
(8,3),(9,2):0.000000
(8,3),(10,2):1.125000
(8,3),(10,1):0.000000
(8,3),(13,1):13.000000
(8,3),(13,12):27.621212
(8,3),(15,12):4.000000
(8,3),(15,19):0.000000
(8,3),(16,19):0.000000
(8,3),(16,17):0.000000
(8,3),(17,17):0.000000
(8,3),(17,5):0.000000
(8,3),(20,5):0.000000
(8,3),(20,7):0.000000
(8,3),(27,7):0.000000
(8,3),(27,9):0.000000
(8,3),(32,9):0.000000
(8,3),(32,10):0.000000
(8,3),(28,10):0.000000
(8,3),(28,11):0.000000
(8,3),(22,11):0.000000
(8,3),(22,15):0.000000
(8,3),(26,15):0.000000
(8,3),(26,16):0.000000
(8,3),(25,16):0.000000
(8,3),(25,18):0.000000
(8,3),(19,18):0.000000
(8,3),(19,20):0.000000
(8,3),(24,20):0.000000
(8,3),(24,21):0.000000
(8,3),(23,21):0.000000
(8,3),(23,22):0.000000
(8,3),(21,22):0.000000
(8,3),(21,23):0.000000
(8,3),(11,23):0.000000
(8,3),(11,27):0.000000
(8,3),(14,27):0.000000
(8,3),(14,28):0.000000
(8,3),(33,28):0.000000
(8,3),(33,32):0.000000
(8,6),(9,6):67.541664
(8,6),(9,2):32.875000
(8,6),(10,2):37.388157
(8,6),(10,1):23.847826
(8,6),(13,1):48.250000
(8,6),(13,12):72.474998
(8,6),(15,12):16.475000
(8,6),(15,19):21.582144
(8,6),(16,19):0.000000
(8,6),(16,17):0.000000
(8,6),(17,17):0.000000
(8,6),(17,5):0.000000
(8,6),(20,5):0.000000
(8,6),(20,7):0.000000
(8,6),(27,7):0.000000
(8,6),(27,9):0.000000
(8,6),(32,9):0.000000
(8,6),(32,10):0.000000
(8,6),(28,10):0.000000
(8,6),(28,11):0.000000
(8,6),(22,11):0.000000
(8,6),(22,15):0.000000
(8,6),(26,15):0.000000
(8,6),(26,16):0.000000
(8,6),(25,16):0.000000
(8,6),(25,18):0.000000
(8,6),(19,18):0.000000
(8,6),(19,20):0.000000
(8,6),(24,20):0.000000
(8,6),(24,21):0.000000
(8,6),(23,21):0.000000
(8,6),(23,22):0.000000
(8,6),(21,22):0.000000
(8,6),(21,23):0.000000
(8,6),(11,23):10.965956
(8,6),(11,27):0.000000
(8,6),(14,27):0.000000
(8,6),(14,28):0.000000
(8,6),(33,28):0.000000
(8,6),(33,32):0.000000
(9,6),(9,2):52.394958
(9,6),(10,2):59.302082
(9,6),(10,1):41.208332
(9,6),(13,1):67.250000
(9,6),(13,12):89.553574
(9,6),(15,12):18.500000
(9,6),(15,19):32.247070
(9,6),(16,19):1.978022
(9,6),(16,17):0.680403
(9,6),(17,17):1.399121
(9,6),(17,5):0.000000
(9,6),(20,5):0.818502
(9,6),(20,7):0.970213
(9,6),(27,7):0.000000
(9,6),(27,9):0.000000
(9,6),(32,9):0.000000
(9,6),(32,10):0.000000
(9,6),(28,10):0.000000
(9,6),(28,11):0.000000
(9,6),(22,11):1.524920
(9,6),(22,15):0.761140
(9,6),(26,15):0.118203
(9,6),(26,16):0.000000
(9,6),(25,16):0.000000
(9,6),(25,18):0.000000
(9,6),(19,18):1.824847
(9,6),(19,20):2.003736
(9,6),(24,20):1.532967
(9,6),(24,21):0.848622
(9,6),(23,21):2.003736
(9,6),(23,22):1.475099
(9,6),(21,22):2.036463
(9,6),(21,23):2.063736
(9,6),(11,23):14.807854
(9,6),(11,27):0.000000
(9,6),(14,27):0.000000
(9,6),(14,28):0.000000
(9,6),(33,28):0.000000
(9,6),(33,32):0.000000
(9,2),(10,2):58.049911
(9,2),(10,1):45.863636
(9,2),(13,1):45.666668
(9,2),(13,12):59.649349
(9,2),(15,12):17.363636
(9,2),(15,19):36.901451
(9,2),(16,19):6.096257
(9,2),(16,17):0.240196
(9,2),(17,17):3.067490
(9,2),(17,5):0.000000
(9,2),(20,5):0.689383
(9,2),(20,7):1.124430
(9,2),(27,7):0.000000
(9,2),(27,9):0.000000
(9,2),(32,9):0.000000
(9,2),(32,10):0.000000
(9,2),(28,10):0.000000
(9,2),(28,11):0.000000
(9,2),(22,11):3.818277
(9,2),(22,15):2.848516
(9,2),(26,15):0.412579
(9,2),(26,16):0.000000
(9,2),(25,16):0.000000
(9,2),(25,18):0.000000
(9,2),(19,18):5.391844
(9,2),(19,20):6.345702
(9,2),(24,20):4.692513
(9,2),(24,21):2.794092
(9,2),(23,21):6.345702
(9,2),(23,22):4.840249
(9,2),(21,22):6.634534
(9,2),(21,23):6.853832
(9,2),(11,23):19.726639
(9,2),(11,27):0.000000
(9,2),(14,27):0.000000
(9,2),(14,28):0.000000
(9,2),(33,28):0.000000
(9,2),(33,32):0.000000
(10,2),(10,1):53.409092
(10,2),(13,1):55.708332
(10,2),(13,12):71.653137
(10,2),(15,12):21.867424
(10,2),(15,19):39.428699
(10,2),(16,19):8.534760
(10,2),(16,17):0.052941
(10,2),(17,17):2.982571
(10,2),(17,5):0.000000
(10,2),(20,5):0.420509
(10,2),(20,7):0.802446
(10,2),(27,7):0.000000
(10,2),(27,9):0.000000
(10,2),(32,9):0.000000
(10,2),(32,10):0.000000
(10,2),(28,10):0.000000
(10,2),(28,11):0.000000
(10,2),(22,11):4.472613
(10,2),(22,15):4.467264
(10,2),(26,15):0.614332
(10,2),(26,16):0.000000
(10,2),(25,16):0.000000
(10,2),(25,18):0.000000
(10,2),(19,18):7.356675
(10,2),(19,20):9.012033
(10,2),(24,20):6.569519
(10,2),(24,21):4.022294
(10,2),(23,21):9.012033
(10,2),(23,22):6.965991
(10,2),(21,22):9.537032
(10,2),(21,23):9.917205
(10,2),(11,23):22.129848
(10,2),(11,27):0.000000
(10,2),(14,27):0.000000
(10,2),(14,28):0.000000
(10,2),(33,28):0.000000
(10,2),(33,32):0.000000
(10,1),(13,1):39.000000
(10,1),(13,12):54.166668
(10,1),(15,12):19.333334
(10,1),(15,19):32.916668
(10,1),(16,19):8.484848
(10,1),(16,17):0.000000
(10,1),(17,17):2.588235
(10,1),(17,5):0.000000
(10,1),(20,5):0.239130
(10,1),(20,7):0.558730
(10,1),(27,7):0.000000
(10,1),(27,9):0.000000
(10,1),(32,9):0.000000
(10,1),(32,10):0.000000
(10,1),(28,10):0.000000
(10,1),(28,11):0.000000
(10,1),(22,11):4.157576
(10,1),(22,15):4.549084
(10,1),(26,15):0.623323
(10,1),(26,16):0.000000
(10,1),(25,16):0.000000
(10,1),(25,18):0.000000
(10,1),(19,18):7.245614
(10,1),(19,20):9.005479
(10,1),(24,20):6.522727
(10,1),(24,21):4.046339
(10,1),(23,21):9.005479
(10,1),(23,22):7.002820
(10,1),(21,22):9.573365
(10,1),(21,23):9.981482
(10,1),(11,23):21.700001
(10,1),(11,27):0.000000
(10,1),(14,27):0.000000
(10,1),(14,28):0.000000
(10,1),(33,28):0.000000
(10,1),(33,32):0.000000
(13,1),(13,12):79.323715
(13,1),(15,12):22.090385
(13,1),(15,19):33.852566
(13,1),(16,19):6.153846
(13,1),(16,17):0.000000
(13,1),(17,17):0.000000
(13,1),(17,5):0.000000
(13,1),(20,5):0.000000
(13,1),(20,7):0.000000
(13,1),(27,7):0.000000
(13,1),(27,9):0.000000
(13,1),(32,9):0.000000
(13,1),(32,10):0.000000
(13,1),(28,10):0.000000
(13,1),(28,11):0.000000
(13,1),(22,11):0.000000
(13,1),(22,15):2.399168
(13,1),(26,15):0.606007
(13,1),(26,16):0.000000
(13,1),(25,16):0.000000
(13,1),(25,18):0.000000
(13,1),(19,18):4.365385
(13,1),(19,20):7.058781
(13,1),(24,20):4.730769
(13,1),(24,21):3.383100
(13,1),(23,21):7.058781
(13,1),(23,22):5.837707
(13,1),(21,22):7.911681
(13,1),(21,23):8.452783
(13,1),(11,23):16.615385
(13,1),(11,27):0.000000
(13,1),(14,27):0.000000
(13,1),(14,28):0.000000
(13,1),(33,28):0.000000
(13,1),(33,32):0.000000
(13,12),(15,12):84.704544
(13,12),(15,19):87.535713
(13,12),(16,19):36.452381
(13,12),(16,17):0.035714
(13,12),(17,17):2.922078
(13,12),(17,5):0.000000
(13,12),(20,5):0.385714
(13,12),(20,7):0.758885
(13,12),(27,7):0.000000
(13,12),(27,9):0.000000
(13,12),(32,9):0.000000
(13,12),(32,10):0.000000
(13,12),(28,10):0.000000
(13,12),(28,11):0.000000
(13,12),(22,11):4.768473
(13,12),(22,15):12.655000
(13,12),(26,15):3.094260
(13,12),(26,16):0.000000
(13,12),(25,16):0.000000
(13,12),(25,18):0.000000
(13,12),(19,18):25.556070
(13,12),(19,20):34.473747
(13,12),(24,20):23.990683
(13,12),(24,21):14.306277
(13,12),(23,21):32.760460
(13,12),(23,22):24.812031
(13,12),(21,22):34.980450
(13,12),(21,23):35.848213
(13,12),(11,23):84.762985
(13,12),(11,27):38.977272
(13,12),(14,27):10.181818
(13,12),(14,28):14.420130
(13,12),(33,28):5.250000
(13,12),(33,32):0.000000
(15,12),(15,19):92.788460
(15,12),(16,19):49.038460
(15,12),(16,17):0.000000
(15,12),(17,17):1.000000
(15,12),(17,5):0.000000
(15,12),(20,5):0.000000
(15,12),(20,7):0.000000
(15,12),(27,7):0.000000
(15,12),(27,9):0.000000
(15,12),(32,9):0.000000
(15,12),(32,10):0.000000
(15,12),(28,10):0.000000
(15,12),(28,11):0.000000
(15,12),(22,11):2.666667
(15,12),(22,15):13.172032
(15,12),(26,15):3.985714
(15,12),(26,16):0.000000
(15,12),(25,16):0.000000
(15,12),(25,18):0.000000
(15,12),(19,18):28.084745
(15,12),(19,20):49.960228
(15,12),(24,20):29.884615
(15,12),(24,21):24.092308
(15,12),(23,21):47.356060
(15,12),(23,22):39.480000
(15,12),(21,22):52.250000
(15,12),(21,23):53.625000
(15,12),(11,23):103.770782
(15,12),(11,27):62.326340
(15,12),(14,27):10.517483
(15,12),(14,28):15.723019
(15,12),(33,28):5.423077
(15,12),(33,32):0.000000
(15,19),(16,19):77.500000
(15,19),(16,17):16.000000
(15,19),(17,17):19.000000
(15,19),(17,5):8.600000
(15,19),(20,5):11.076923
(15,19),(20,7):11.709091
(15,19),(27,7):0.000000
(15,19),(27,9):0.000000
(15,19),(32,9):0.000000
(15,19),(32,10):0.000000
(15,19),(28,10):0.000000
(15,19),(28,11):0.000000
(15,19),(22,11):12.857142
(15,19),(22,15):19.916666
(15,19),(26,15):4.380952
(15,19),(26,16):0.000000
(15,19),(25,16):0.000000
(15,19),(25,18):0.000000
(15,19),(19,18):47.312500
(15,19),(19,20):74.812500
(15,19),(24,20):48.634617
(15,19),(24,21):31.900000
(15,19),(23,21):69.208336
(15,19),(23,22):59.187500
(15,19),(21,22):81.000000
(15,19),(21,23):83.416664
(15,19),(11,23):134.006668
(15,19),(11,27):67.666664
(15,19),(14,27):7.666667
(15,19),(14,28):12.777778
(15,19),(33,28):3.500000
(15,19),(33,32):0.000000
(16,19),(16,17):23.500000
(16,19),(17,17):62.833332
(16,19),(17,5):41.401588
(16,19),(20,5):25.371796
(16,19),(20,7):49.225174
(16,19),(27,7):12.666667
(16,19),(27,9):11.000000
(16,19),(32,9):4.944445
(16,19),(32,10):4.582510
(16,19),(28,10):10.363636
(16,19),(28,11):10.000000
(16,19),(22,11):50.542858
(16,19),(22,15):57.049999
(16,19),(26,15):24.936508
(16,19),(26,16):9.861111
(16,19),(25,16):22.556547
(16,19),(25,18):23.333334
(16,19),(19,18):89.107735
(16,19),(19,20):74.020836
(16,19),(24,20):48.009617
(16,19),(24,21):25.000000
(16,19),(23,21):58.416668
(16,19),(23,22):43.583332
(16,19),(21,22):62.083332
(16,19),(21,23):60.333332
(16,19),(11,23):87.433334
(16,19),(11,27):38.700001
(16,19),(14,27):5.366667
(16,19),(14,28):9.865967
(16,19),(33,28):2.125000
(16,19),(33,32):0.000000
(16,17),(17,17):27.000000
(16,17),(17,5):16.850000
(16,17),(20,5):16.038462
(16,17),(20,7):18.821970
(16,17),(27,7):0.000000
(16,17),(27,9):0.000000
(16,17),(32,9):0.000000
(16,17),(32,10):0.000000
(16,17),(28,10):0.000000
(16,17),(28,11):0.000000
(16,17),(22,11):15.042857
(16,17),(22,15):13.300000
(16,17),(26,15):9.317460
(16,17),(26,16):0.000000
(16,17),(25,16):10.437500
(16,17),(25,18):9.000000
(16,17),(19,18):24.000000
(16,17),(19,20):22.000000
(16,17),(24,20):12.250000
(16,17),(24,21):4.400000
(16,17),(23,21):13.125000
(16,17),(23,22):10.250000
(16,17),(21,22):17.500000
(16,17),(21,23):19.000000
(16,17),(11,23):20.299999
(16,17),(11,27):0.000000
(16,17),(14,27):0.000000
(16,17),(14,28):0.000000
(16,17),(33,28):0.000000
(16,17),(33,32):0.000000
(17,17),(17,5):74.421425
(17,17),(20,5):52.538460
(17,17),(20,7):83.055305
(17,17),(27,7):36.666668
(17,17),(27,9):32.952381
(17,17),(32,9):14.166667
(17,17),(32,10):15.297619
(17,17),(28,10):30.407196
(17,17),(28,11):28.916666
(17,17),(22,11):80.709526
(17,17),(22,15):77.737503
(17,17),(26,15):25.780935
(17,17),(26,16):12.062500
(17,17),(25,16):31.541666
(17,17),(25,18):37.500000
(17,17),(19,18):94.261902
(17,17),(19,20):49.000000
(17,17),(24,20):15.230769
(17,17),(24,21):5.196970
(17,17),(23,21):16.361111
(17,17),(23,22):11.833333
(17,17),(21,22):20.500000
(17,17),(21,23):22.000000
(17,17),(11,23):28.600000
(17,17),(11,27):0.000000
(17,17),(14,27):0.000000
(17,17),(14,28):0.000000
(17,17),(33,28):0.000000
(17,17),(33,32):0.000000
(17,5),(20,5):48.038460
(17,5),(20,7):74.988640
(17,5),(27,7):34.000000
(17,5),(27,9):30.285715
(17,5),(32,9):17.136364
(17,5),(32,10):14.464286
(17,5),(28,10):27.770834
(17,5),(28,11):26.250000
(17,5),(22,11):68.666664
(17,5),(22,15):63.416668
(17,5),(26,15):18.023809
(17,5),(26,16):8.375000
(17,5),(25,16):22.083334
(17,5),(25,18):29.750000
(17,5),(19,18):73.101852
(17,5),(19,20):36.599998
(17,5),(24,20):6.600000
(17,5),(24,21):2.466667
(17,5),(23,21):7.062500
(17,5),(23,22):5.266667
(17,5),(21,22):8.600000
(17,5),(21,23):9.600000
(17,5),(11,23):17.028572
(17,5),(11,27):0.000000
(17,5),(14,27):0.000000
(17,5),(14,28):0.000000
(17,5),(33,28):0.000000
(17,5),(33,32):0.000000
(20,5),(20,7):52.363636
(20,5),(27,7):20.400000
(20,5),(27,9):17.485714
(20,5),(32,9):8.100000
(20,5),(32,10):8.100000
(20,5),(28,10):15.437500
(20,5),(28,11):14.250000
(20,5),(22,11):47.142857
(20,5),(22,15):42.000000
(20,5),(26,15):10.340000
(20,5),(26,16):5.625000
(20,5),(25,16):13.545455
(20,5),(25,18):19.625000
(20,5),(19,18):52.538460
(20,5),(19,20):39.538460
(20,5),(24,20):8.567307
(20,5),(24,21):3.400599
(20,5),(23,21):9.454111
(20,5),(23,22):7.213319
(20,5),(21,22):11.581319
(20,5),(21,23):12.676393
(20,5),(11,23):16.000961
(20,5),(11,27):0.000000
(20,5),(14,27):0.000000
(20,5),(14,28):0.000000
(20,5),(33,28):0.000000
(20,5),(33,32):0.000000
(20,7),(27,7):50.000000
(20,7),(27,9):49.035713
(20,7),(32,9):23.250000
(20,7),(32,10):21.750000
(20,7),(28,10):44.520832
(20,7),(28,11):43.107143
(20,7),(22,11):92.463913
(20,7),(22,15):65.553574
(20,7),(26,15):17.575819
(20,7),(26,16):8.250000
(20,7),(25,16):21.421297
(20,7),(25,18):28.775000
(20,7),(19,18):79.817207
(20,7),(19,20):40.263638
(20,7),(24,20):9.095454
(20,7),(24,21):3.612877
(20,7),(23,21):10.069321
(20,7),(23,22):7.674901
(20,7),(21,22):12.314919
(20,7),(21,23):13.423636
(20,7),(11,23):20.303751
(20,7),(11,27):0.000000
(20,7),(14,27):0.000000
(20,7),(14,28):0.000000
(20,7),(33,28):0.000000
(20,7),(33,32):0.000000
(27,7),(27,9):45.000000
(27,7),(32,9):21.375000
(27,7),(32,10):20.000000
(27,7),(28,10):40.083332
(27,7),(28,11):39.000000
(27,7),(22,11):50.000000
(27,7),(22,15):30.000000
(27,7),(26,15):0.000000
(27,7),(26,16):0.744048
(27,7),(25,16):1.225490
(27,7),(25,18):6.944445
(27,7),(19,18):33.428570
(27,7),(19,20):14.400000
(27,7),(24,20):0.000000
(27,7),(24,21):0.000000
(27,7),(23,21):0.000000
(27,7),(23,22):0.000000
(27,7),(21,22):0.000000
(27,7),(21,23):0.000000
(27,7),(11,23):0.000000
(27,7),(11,27):0.000000
(27,7),(14,27):0.000000
(27,7),(14,28):0.000000
(27,7),(33,28):0.000000
(27,7),(33,32):0.000000
(27,9),(32,9):26.500000
(27,9),(32,10):25.000000
(27,9),(28,10):47.369049
(27,9),(28,11):42.285713
(27,9),(22,11):50.952381
(27,9),(22,15):26.285715
(27,9),(26,15):0.000000
(27,9),(26,16):0.000000
(27,9),(25,16):0.000000
(27,9),(25,18):3.214286
(27,9),(19,18):29.714285
(27,9),(19,20):12.342857
(27,9),(24,20):0.000000
(27,9),(24,21):0.000000
(27,9),(23,21):0.000000
(27,9),(23,22):0.000000
(27,9),(21,22):0.000000
(27,9),(21,23):0.000000
(27,9),(11,23):0.000000
(27,9),(11,27):0.000000
(27,9),(14,27):0.000000
(27,9),(14,28):0.000000
(27,9),(33,28):0.000000
(27,9),(33,32):0.000000
(32,9),(32,10):15.000000
(32,9),(28,10):26.083334
(32,9),(28,11):20.000000
(32,9),(22,11):25.166666
(32,9),(22,15):12.500000
(32,9),(26,15):0.000000
(32,9),(26,16):0.000000
(32,9),(25,16):0.000000
(32,9),(25,18):1.666667
(32,9),(19,18):13.357142
(32,9),(19,20):5.600000
(32,9),(24,20):0.000000
(32,9),(24,21):0.000000
(32,9),(23,21):0.000000
(32,9),(23,22):0.000000
(32,9),(21,22):0.000000
(32,9),(21,23):0.000000
(32,9),(11,23):0.000000
(32,9),(11,27):0.000000
(32,9),(14,27):0.000000
(32,9),(14,28):0.000000
(32,9),(33,28):0.000000
(32,9),(33,32):0.000000
(32,10),(28,10):25.000000
(32,10),(28,11):21.000000
(32,10),(22,11):23.666666
(32,10),(22,15):12.500000
(32,10),(26,15):0.000000
(32,10),(26,16):0.000000
(32,10),(25,16):0.000000
(32,10),(25,18):0.000000
(32,10),(19,18):14.062030
(32,10),(19,20):5.600000
(32,10),(24,20):0.000000
(32,10),(24,21):0.000000
(32,10),(23,21):0.000000
(32,10),(23,22):0.000000
(32,10),(21,22):0.000000
(32,10),(21,23):0.000000
(32,10),(11,23):0.000000
(32,10),(11,27):0.000000
(32,10),(14,27):0.000000
(32,10),(14,28):0.000000
(32,10),(33,28):0.000000
(32,10),(33,32):0.000000
(28,10),(28,11):41.687500
(28,10),(22,11):46.437500
(28,10),(22,15):23.770834
(28,10),(26,15):0.000000
(28,10),(26,16):0.000000
(28,10),(25,16):0.000000
(28,10),(25,18):1.440476
(28,10),(19,18):27.199406
(28,10),(19,20):10.833333
(28,10),(24,20):0.000000
(28,10),(24,21):0.000000
(28,10),(23,21):0.000000
(28,10),(23,22):0.000000
(28,10),(21,22):0.000000
(28,10),(21,23):0.000000
(28,10),(11,23):0.000000
(28,10),(11,27):0.000000
(28,10),(14,27):0.000000
(28,10),(14,28):0.000000
(28,10),(33,28):0.000000
(28,10),(33,32):0.000000
(28,11),(22,11):43.250000
(28,11),(22,15):22.250000
(28,11),(26,15):0.000000
(28,11),(26,16):0.000000
(28,11),(25,16):0.000000
(28,11),(25,18):0.500000
(28,11),(19,18):25.678572
(28,11),(19,20):10.000000
(28,11),(24,20):0.000000
(28,11),(24,21):0.000000
(28,11),(23,21):0.000000
(28,11),(23,22):0.000000
(28,11),(21,22):0.000000
(28,11),(21,23):0.000000
(28,11),(11,23):0.000000
(28,11),(11,27):0.000000
(28,11),(14,27):0.000000
(28,11),(14,28):0.000000
(28,11),(33,28):0.000000
(28,11),(33,32):0.000000
(22,11),(22,15):68.900002
(22,11),(26,15):17.373684
(22,11),(26,16):8.125000
(22,11),(25,16):21.066668
(22,11),(25,18):27.916666
(22,11),(19,18):79.471428
(22,11),(19,20):42.042858
(22,11),(24,20):10.125000
(22,11),(24,21):4.208728
(22,11),(23,21):11.522314
(22,11),(23,22):8.902311
(22,11),(21,22):14.415585
(22,11),(21,23):15.564596
(22,11),(11,23):21.230356
(22,11),(11,27):0.000000
(22,11),(14,27):0.000000
(22,11),(14,28):0.000000
(22,11),(33,28):0.000000
(22,11),(33,32):0.000000
(22,15),(26,15):25.900000
(22,15),(26,16):12.125000
(22,15),(25,16):31.466667
(22,15),(25,18):37.299999
(22,15),(19,18):89.612503
(22,15),(19,20):41.728573
(22,15),(24,20):9.926471
(22,15),(24,21):3.974359
(22,15),(23,21):11.302020
(22,15),(23,22):8.333333
(22,15),(21,22):14.001680
(22,15),(21,23):15.100000
(22,15),(11,23):29.016666
(22,15),(11,27):8.250000
(22,15),(14,27):2.916667
(22,15),(14,28):4.903968
(22,15),(33,28):1.354167
(22,15),(33,32):0.000000
(26,15),(26,16):9.000000
(26,15),(25,16):25.388889
(26,15),(25,18):22.888889
(26,15),(19,18):29.936508
(26,15),(19,20):13.103174
(26,15),(24,20):3.630952
(26,15),(24,21):1.448485
(26,15),(23,21):4.238577
(26,15),(23,22):2.987180
(26,15),(21,22):6.086320
(26,15),(21,23):6.759259
(26,15),(11,23):12.414286
(26,15),(11,27):2.500000
(26,15),(14,27):0.000000
(26,15),(14,28):0.000000
(26,15),(33,28):0.000000
(26,15),(33,32):0.000000
(26,16),(25,16):12.125000
(26,16),(25,18):11.125000
(26,16),(19,18):11.958333
(26,16),(19,20):4.000000
(26,16),(24,20):0.000000
(26,16),(24,21):0.000000
(26,16),(23,21):0.000000
(26,16),(23,22):0.000000
(26,16),(21,22):0.000000
(26,16),(21,23):0.000000
(26,16),(11,23):2.720238
(26,16),(11,27):0.000000
(26,16),(14,27):0.000000
(26,16),(14,28):0.000000
(26,16),(33,28):0.000000
(26,16),(33,32):0.000000
(25,16),(25,18):29.104166
(25,16),(19,18):31.437500
(25,16),(19,20):11.104167
(25,16),(24,20):0.000000
(25,16),(24,21):0.000000
(25,16),(23,21):0.000000
(25,16),(23,22):0.150000
(25,16),(21,22):1.493056
(25,16),(21,23):2.528409
(25,16),(11,23):7.817647
(25,16),(11,27):0.000000
(25,16),(14,27):0.000000
(25,16),(14,28):0.000000
(25,16),(33,28):0.000000
(25,16),(33,32):0.000000
(25,18),(19,18):37.500000
(25,18),(19,20):15.000000
(25,18),(24,20):0.000000
(25,18),(24,21):0.000000
(25,18),(23,21):0.000000
(25,18),(23,22):0.000000
(25,18),(21,22):0.500000
(25,18),(21,23):1.333333
(25,18),(11,23):7.047222
(25,18),(11,27):0.000000
(25,18),(14,27):0.000000
(25,18),(14,28):0.000000
(25,18),(33,28):0.000000
(25,18),(33,32):0.000000
(19,18),(19,20):70.020836
(19,18),(24,20):33.717949
(19,18),(24,21):9.750000
(19,18),(23,21):35.488094
(19,18),(23,22):21.750000
(19,18),(21,22):38.083332
(19,18),(21,23):38.333332
(19,18),(11,23):57.938141
(19,18),(11,27):20.504808
(19,18),(14,27):2.090522
(19,18),(14,28):5.455575
(19,18),(33,28):0.312500
(19,18),(33,32):0.000000
(19,20),(24,20):51.634617
(19,20),(24,21):34.900002
(19,20),(23,21):72.208336
(19,20),(23,22):56.375000
(19,20),(21,22):75.625000
(19,20),(21,23):71.125000
(19,20),(11,23):81.129166
(19,20),(11,27):32.812500
(19,20),(14,27):0.000000
(19,20),(14,28):0.000000
(19,20),(33,28):0.000000
(19,20),(33,32):0.000000
(24,20),(24,21):18.000000
(24,20),(23,21):50.583332
(24,20),(23,22):33.500000
(24,20),(21,22):49.750000
(24,20),(21,23):44.250000
(24,20),(11,23):51.495728
(24,20),(11,27):17.884615
(24,20),(14,27):0.000000
(24,20),(14,28):0.000000
(24,20),(33,28):0.000000
(24,20),(33,32):0.000000
(24,21),(23,21):34.900002
(24,21),(23,22):33.900002
(24,21),(21,22):34.650002
(24,21),(21,23):31.900000
(24,21),(11,23):34.816666
(24,21),(11,27):15.500000
(24,21),(14,27):0.000000
(24,21),(14,28):0.000000
(24,21),(33,28):0.000000
(24,21),(33,32):0.000000
(23,21),(23,22):55.125000
(23,21),(21,22):71.125000
(23,21),(21,23):65.125000
(23,21),(11,23):71.925003
(23,21),(11,27):30.208334
(23,21),(14,27):0.000000
(23,21),(14,28):0.000000
(23,21),(33,28):0.000000
(23,21),(33,32):0.000000
(23,22),(21,22):61.437500
(23,22),(21,23):57.437500
(23,22),(11,23):61.141346
(23,22),(11,27):27.187500
(23,22),(14,27):0.000000
(23,22),(14,28):0.000000
(23,22),(33,28):0.000000
(23,22),(33,32):0.000000
(21,22),(21,23):79.750000
(21,22),(11,23):84.438889
(21,22),(11,27):37.500000
(21,22),(14,27):0.000000
(21,22),(14,28):0.000000
(21,22),(33,28):0.000000
(21,22),(33,32):0.000000
(21,23),(11,23):85.336960
(21,23),(11,27):40.916668
(21,23),(14,27):0.000000
(21,23),(14,28):0.000000
(21,23),(33,28):0.000000
(21,23),(33,32):0.000000
(11,23),(11,27):87.800003
(11,23),(14,27):18.000000
(11,23),(14,28):26.890909
(11,23),(33,28):9.000000
(11,23),(33,32):0.000000
(11,27),(14,27):24.000000
(11,27),(14,28):38.916668
(11,27),(33,28):13.500000
(11,27),(33,32):0.000000
(14,27),(14,28):24.000000
(14,27),(33,28):12.000000
(14,27),(33,32):0.000000
(14,28),(33,28):45.066666
(14,28),(33,32):13.066667
(33,28),(33,32):17.000000
