38
(18,11):(9,15)	(10,15)	(11,14)	(12,14)	(13,13)	(14,10)	(14,11)	(14,12)	(14,13)	(15,10)	(15,11)	(15,12)	(16,11)	(16,12)	(17,2)	(17,10)	(17,11)	(18,3)	(18,4)	(18,5)	(18,6)	(18,7)	(18,8)	(18,9)	(18,10)	(18,11)	(18,12)	(19,2)	(19,11)	
(18,12):(7,5)	(9,6)	(10,7)	(12,8)	(13,9)	(14,10)	(14,11)	(14,12)	(15,10)	(15,11)	(15,12)	(16,11)	(16,12)	(17,2)	(17,10)	(17,11)	(18,3)	(18,4)	(18,5)	(18,6)	(18,7)	(18,8)	(18,9)	(18,10)	(18,11)	(18,12)	
(16,12):(7,15)	(8,3)	(8,4)	(9,4)	(9,5)	(9,15)	(9,18)	(10,5)	(10,6)	(10,14)	(10,15)	(10,16)	(10,17)	(10,18)	(11,6)	(11,7)	(11,14)	(11,15)	(11,16)	(11,17)	(12,7)	(12,8)	(12,14)	(12,15)	(12,16)	(13,7)	(13,8)	(13,9)	(13,13)	(13,14)	(13,15)	(14,8)	(14,9)	(14,10)	(14,11)	(14,12)	(14,13)	(14,14)	(14,15)	(15,10)	(15,11)	(15,12)	(15,13)	(15,14)	(15,15)	(16,11)	(16,12)	(16,16)	(17,10)	(17,11)	(18,8)	(18,9)	(18,10)	(18,11)	(18,12)	
(16,16):(3,13)	(7,14)	(8,14)	(9,14)	(9,15)	(10,14)	(10,15)	(10,16)	(11,14)	(11,15)	(11,16)	(12,14)	(12,15)	(12,16)	(13,7)	(13,8)	(13,9)	(13,13)	(13,14)	(13,15)	(14,6)	(14,7)	(14,8)	(14,9)	(14,10)	(14,11)	(14,12)	(14,13)	(14,14)	(14,15)	(15,10)	(15,11)	(15,12)	(15,13)	(15,14)	(15,15)	(16,11)	(16,12)	(16,16)	
(12,16):(7,14)	(8,14)	(9,14)	(9,15)	(9,18)	(10,14)	(10,15)	(10,16)	(10,17)	(10,18)	(11,14)	(11,15)	(11,16)	(11,17)	(11,18)	(12,14)	(12,15)	(12,16)	(12,19)	(13,13)	(13,14)	(13,15)	(14,10)	(14,11)	(14,12)	(14,13)	(14,14)	(14,15)	(15,10)	(15,11)	(15,12)	(15,13)	(15,14)	(15,15)	(16,11)	(16,12)	(16,16)	(17,10)	(17,11)	(18,9)	(18,10)	
(12,19):(4,18)	(4,19)	(9,14)	(9,15)	(9,18)	(10,14)	(10,15)	(10,16)	(10,17)	(10,18)	(11,14)	(11,15)	(11,16)	(11,17)	(11,18)	(12,14)	(12,15)	(12,16)	(12,19)	
(4,19):(4,18)	(4,19)	(9,18)	(10,18)	(11,18)	(12,19)	
(4,18):(4,18)	(4,19)	(9,18)	(10,18)	(11,18)	(12,19)	
(9,18):(4,18)	(4,19)	(9,14)	(9,15)	(9,18)	(10,14)	(10,15)	(10,16)	(10,17)	(10,18)	(11,14)	(11,15)	(11,16)	(11,17)	(11,18)	(12,14)	(12,15)	(12,16)	(12,19)	(13,13)	(13,14)	(13,15)	(14,12)	(14,13)	(14,14)	(15,11)	(15,12)	(15,13)	(15,14)	(16,11)	(16,12)	(17,10)	(17,11)	(18,9)	(18,10)	
(9,15):(7,14)	(7,15)	(8,14)	(9,14)	(9,15)	(9,18)	(10,14)	(10,15)	(10,16)	(10,17)	(10,18)	(11,14)	(11,15)	(11,16)	(11,17)	(11,18)	(12,14)	(12,15)	(12,16)	(12,19)	(13,13)	(13,14)	(13,15)	(14,13)	(14,14)	(14,15)	(15,12)	(15,13)	(15,14)	(15,15)	(16,12)	(16,16)	(17,11)	(18,11)	
(7,15):(7,14)	(7,15)	(8,14)	(9,14)	(9,15)	(10,14)	(10,15)	(11,14)	(11,15)	(12,14)	(12,15)	(13,13)	(13,14)	(13,15)	(14,13)	(14,14)	(14,15)	(15,13)	(15,14)	(15,15)	(16,12)	
(7,14):(3,13)	(4,14)	(5,14)	(7,14)	(7,15)	(8,14)	(9,14)	(9,15)	(10,14)	(10,15)	(11,14)	(11,15)	(11,16)	(12,14)	(12,15)	(12,16)	(13,13)	(13,14)	(13,15)	(14,13)	(14,14)	(14,15)	(15,13)	(15,14)	(15,15)	(16,16)	
(5,14):(3,13)	(3,17)	(4,14)	(4,15)	(4,16)	(5,14)	(5,17)	(7,14)	(8,14)	(9,14)	(10,14)	(11,14)	(12,14)	(13,13)	(13,14)	(14,13)	(14,14)	(15,13)	(15,14)	
(5,17):(3,13)	(3,17)	(4,14)	(4,15)	(4,16)	(5,14)	(5,17)	
(3,17):(3,13)	(3,17)	(4,14)	(4,15)	(4,16)	(5,14)	(5,17)	
(3,13):(3,13)	(3,17)	(4,14)	(4,15)	(4,16)	(5,14)	(5,17)	(7,14)	(8,14)	(9,14)	(10,14)	(11,14)	(11,15)	(12,14)	(12,15)	(13,13)	(13,14)	(13,15)	(14,13)	(14,14)	(14,15)	(15,13)	(15,14)	(15,15)	(16,16)	
(13,13):(3,13)	(4,14)	(5,14)	(7,14)	(7,15)	(8,14)	(9,14)	(9,15)	(9,18)	(10,14)	(10,15)	(10,16)	(10,17)	(10,18)	(11,14)	(11,15)	(11,16)	(11,17)	(11,18)	(12,14)	(12,15)	(12,16)	(13,7)	(13,8)	(13,9)	(13,13)	(13,14)	(13,15)	(14,6)	(14,7)	(14,8)	(14,9)	(14,10)	(14,11)	(14,12)	(14,13)	(14,14)	(14,15)	(15,1)	(15,10)	(15,11)	(15,12)	(15,13)	(15,14)	(15,15)	(16,11)	(16,12)	(16,16)	(17,10)	(17,11)	(18,10)	(18,11)	
(13,9):(7,5)	(8,3)	(8,4)	(8,5)	(9,4)	(9,5)	(9,6)	(10,5)	(10,6)	(10,7)	(10,9)	(11,6)	(11,7)	(11,8)	(12,7)	(12,8)	(13,7)	(13,8)	(13,9)	(13,13)	(13,14)	(13,15)	(14,6)	(14,7)	(14,8)	(14,9)	(14,10)	(14,11)	(14,12)	(14,13)	(14,14)	(14,15)	(15,10)	(15,11)	(15,12)	(15,13)	(15,14)	(15,15)	(16,11)	(16,12)	(16,16)	(17,11)	(18,12)	
(10,9):(10,4)	(10,5)	(10,6)	(10,7)	(10,9)	(11,3)	(11,6)	(11,7)	(11,8)	(12,7)	(12,8)	(13,7)	(13,8)	(13,9)	(14,6)	(14,7)	(14,8)	(14,9)	
(10,7):(6,5)	(6,7)	(7,5)	(7,6)	(8,3)	(8,4)	(8,5)	(8,6)	(9,4)	(9,5)	(9,6)	(10,4)	(10,5)	(10,6)	(10,7)	(10,9)	(11,3)	(11,6)	(11,7)	(11,8)	(12,7)	(12,8)	(13,7)	(13,8)	(13,9)	(14,6)	(14,7)	(14,8)	(14,9)	(15,10)	(16,11)	(18,12)	
(6,7):(6,5)	(6,7)	(7,5)	(7,6)	(8,4)	(8,5)	(8,6)	(9,4)	(9,5)	(9,6)	(10,4)	(10,5)	(10,6)	(10,7)	(11,3)	(11,6)	(11,7)	(12,7)	(13,7)	(14,6)	(14,7)	
(6,5):(1,4)	(2,5)	(6,5)	(6,7)	(7,5)	(7,6)	(8,4)	(8,5)	(8,6)	(9,4)	(9,5)	(9,6)	(10,4)	(10,5)	(10,6)	(10,7)	(11,3)	(11,6)	(11,7)	(12,7)	(12,8)	(13,7)	(13,8)	(14,7)	(14,8)	(14,9)	
(2,5):(1,4)	(1,8)	(2,5)	(2,8)	(6,5)	(7,5)	(8,4)	(8,5)	(9,4)	(9,5)	(10,4)	(10,5)	
(2,8):(1,4)	(1,8)	(2,5)	(2,8)	
(1,8):(1,4)	(1,8)	(2,5)	(2,8)	
(1,4):(1,4)	(1,8)	(2,5)	(2,8)	(6,5)	(7,5)	(8,4)	(8,5)	(9,4)	(9,5)	(10,4)	(10,5)	(11,6)	
(8,4):(1,4)	(2,5)	(6,5)	(6,7)	(7,5)	(7,6)	(8,3)	(8,4)	(8,5)	(8,6)	(9,4)	(9,5)	(9,6)	(10,4)	(10,5)	(10,6)	(10,7)	(11,3)	(11,6)	(11,7)	(11,8)	(12,7)	(12,8)	(13,8)	(13,9)	(14,8)	(14,9)	(14,10)	(15,10)	(15,11)	(16,11)	(16,12)	
(8,3):(8,3)	(8,4)	(8,5)	(8,6)	(9,4)	(9,5)	(9,6)	(10,4)	(10,5)	(10,6)	(10,7)	(11,3)	(11,6)	(11,7)	(11,8)	(12,7)	(12,8)	(13,8)	(13,9)	(14,9)	(14,10)	(15,10)	(15,11)	(16,11)	(16,12)	
(11,3):(6,5)	(6,7)	(7,5)	(7,6)	(8,3)	(8,4)	(8,5)	(8,6)	(9,4)	(9,5)	(9,6)	(10,4)	(10,5)	(10,6)	(10,7)	(10,9)	(11,3)	(11,6)	(11,7)	(11,8)	
(11,6):(1,4)	(6,5)	(6,7)	(7,5)	(7,6)	(8,3)	(8,4)	(8,5)	(8,6)	(9,4)	(9,5)	(9,6)	(10,4)	(10,5)	(10,6)	(10,7)	(10,9)	(11,3)	(11,6)	(11,7)	(11,8)	(12,7)	(12,8)	(13,7)	(13,8)	(13,9)	(14,6)	(14,7)	(14,8)	(14,9)	(14,10)	(15,10)	(15,11)	(15,12)	(16,11)	(16,12)	
(14,6):(6,7)	(7,6)	(8,6)	(9,6)	(10,6)	(10,7)	(10,9)	(11,6)	(11,7)	(11,8)	(12,7)	(12,8)	(13,7)	(13,8)	(13,9)	(13,13)	(13,14)	(13,15)	(14,1)	(14,6)	(14,7)	(14,8)	(14,9)	(14,10)	(14,11)	(14,12)	(14,13)	(14,14)	(14,15)	(15,1)	(15,10)	(15,11)	(15,12)	(15,13)	(15,14)	(15,15)	(16,16)	
(14,1):(14,1)	(14,6)	(14,7)	(14,8)	(14,9)	(14,10)	(14,11)	(14,12)	(14,13)	(14,14)	(14,15)	(15,1)	(15,10)	(15,11)	(15,12)	(15,13)	(15,14)	(15,15)	
(15,1):(13,13)	(13,14)	(13,15)	(14,1)	(14,6)	(14,7)	(14,8)	(14,9)	(14,10)	(14,11)	(14,12)	(14,13)	(14,14)	(14,15)	(15,1)	(15,10)	(15,11)	(15,12)	(15,13)	(15,14)	(15,15)	
(15,10):(7,5)	(8,3)	(8,4)	(8,5)	(9,4)	(9,5)	(9,6)	(10,5)	(10,6)	(10,7)	(10,18)	(11,6)	(11,7)	(11,8)	(11,16)	(11,17)	(11,18)	(12,7)	(12,8)	(12,15)	(12,16)	(13,7)	(13,8)	(13,9)	(13,13)	(13,14)	(13,15)	(14,1)	(14,6)	(14,7)	(14,8)	(14,9)	(14,10)	(14,11)	(14,12)	(14,13)	(14,14)	(14,15)	(15,1)	(15,10)	(15,11)	(15,12)	(15,13)	(15,14)	(15,15)	(16,11)	(16,12)	(16,16)	(17,10)	(17,11)	(18,10)	(18,11)	(18,12)	(19,11)	
(17,10):(9,18)	(10,16)	(10,17)	(10,18)	(11,15)	(11,16)	(11,17)	(12,14)	(12,15)	(12,16)	(13,13)	(13,14)	(13,15)	(14,10)	(14,11)	(14,12)	(14,13)	(14,14)	(14,15)	(15,10)	(15,11)	(15,12)	(15,13)	(15,14)	(16,11)	(16,12)	(17,2)	(17,10)	(17,11)	(18,3)	(18,4)	(18,5)	(18,6)	(18,7)	(18,8)	(18,9)	(18,10)	(18,11)	(18,12)	(19,2)	(19,11)	
(17,2):(17,2)	(17,10)	(17,11)	(18,3)	(18,4)	(18,5)	(18,6)	(18,7)	(18,8)	(18,9)	(18,10)	(18,11)	(18,12)	(19,2)	(19,11)	
(19,2):(17,2)	(17,10)	(17,11)	(18,3)	(18,4)	(18,5)	(18,6)	(18,7)	(18,8)	(18,9)	(18,10)	(18,11)	(19,2)	(19,11)	
(19,11):(14,10)	(14,11)	(15,10)	(15,11)	(16,11)	(17,2)	(17,10)	(17,11)	(18,3)	(18,4)	(18,5)	(18,6)	(18,7)	(18,8)	(18,9)	(18,10)	(18,11)	(19,2)	(19,11)	
(18,11):32.916668
(18,12):22.500000
(16,12):53.583332
(16,16):44.865078
(12,16):48.233334
(12,19):24.500000
(4,19):8.900000
(4,18):8.000000
(9,18):39.209522
(9,15):38.920635
(7,15):19.500000
(7,14):29.000000
(5,14):19.562500
(5,17):8.000000
(3,17):8.333333
(3,13):29.000000
(13,13):62.997620
(13,9):47.000000
(10,9):18.375000
(10,7):35.674999
(6,7):21.729166
(6,5):30.650000
(2,5):13.750000
(2,8):4.000000
(1,8):4.166667
(1,4):15.500000
(8,4):34.250000
(8,3):21.400000
(11,3):19.500000
(11,6):40.250000
(14,6):42.642857
(14,1):17.000000
(15,1):23.250000
(15,10):57.500000
(17,10):46.750000
(17,2):19.000000
(19,2):19.444445
(19,11):22.500000
(18,11),(18,12):18.666666
(18,11),(16,12):20.666666
(18,11),(16,16):11.864035
(18,11),(12,16):13.709091
(18,11),(12,19):2.296154
(18,11),(4,19):0.000000
(18,11),(4,18):0.000000
(18,11),(9,18):11.592857
(18,11),(9,15):6.170635
(18,11),(7,15):3.500000
(18,11),(7,14):3.250000
(18,11),(5,14):1.333333
(18,11),(5,17):0.000000
(18,11),(3,17):0.000000
(18,11),(3,13):2.391026
(18,11),(13,13):17.549999
(18,11),(13,9):10.666667
(18,11),(10,9):0.000000
(18,11),(10,7):1.383333
(18,11),(6,7):0.000000
(18,11),(6,5):0.000000
(18,11),(2,5):0.000000
(18,11),(2,8):0.000000
(18,11),(1,8):0.000000
(18,11),(1,4):0.000000
(18,11),(8,4):2.583333
(18,11),(8,3):3.024887
(18,11),(11,3):0.000000
(18,11),(11,6):3.901786
(18,11),(14,6):7.380342
(18,11),(14,1):3.245614
(18,11),(15,1):6.428977
(18,11),(15,10):14.041667
(18,11),(17,10):29.750000
(18,11),(17,2):19.000000
(18,11),(19,2):19.444445
(18,11),(19,11):22.500000
(18,12),(16,12):12.500000
(18,12),(16,16):7.366667
(18,12),(12,16):7.539394
(18,12),(12,19):0.000000
(18,12),(4,19):0.000000
(18,12),(4,18):0.000000
(18,12),(9,18):5.585714
(18,12),(9,15):1.392857
(18,12),(7,15):0.000000
(18,12),(7,14):0.000000
(18,12),(5,14):0.000000
(18,12),(5,17):0.000000
(18,12),(3,17):0.000000
(18,12),(3,13):0.000000
(18,12),(13,13):11.041667
(18,12),(13,9):11.800000
(18,12),(10,9):1.383333
(18,12),(10,7):5.050000
(18,12),(6,7):1.750000
(18,12),(6,5):2.200000
(18,12),(2,5):0.750000
(18,12),(2,8):0.000000
(18,12),(1,8):0.000000
(18,12),(1,4):0.977311
(18,12),(8,4):6.311111
(18,12),(8,3):5.619048
(18,12),(11,3):1.958937
(18,12),(11,6):7.500000
(18,12),(14,6):7.600000
(18,12),(14,1):2.555556
(18,12),(15,1):4.852941
(18,12),(15,10):14.500000
(18,12),(17,10):18.000000
(18,12),(17,2):10.000000
(18,12),(19,2):10.444445
(18,12),(19,11):13.500000
(16,12),(16,16):33.728573
(16,12),(12,16):35.750000
(16,12),(12,19):11.716666
(16,12),(4,19):1.208333
(16,12),(4,18):1.083333
(16,12),(9,18):27.626190
(16,12),(9,15):27.392857
(16,12),(7,15):13.500000
(16,12),(7,14):18.916666
(16,12),(5,14):5.062500
(16,12),(5,17):0.000000
(16,12),(3,17):0.000000
(16,12),(3,13):13.857142
(16,12),(13,13):42.483334
(16,12),(13,9):31.500000
(16,12),(10,9):7.350000
(16,12),(10,7):12.300000
(16,12),(6,7):5.675926
(16,12),(6,5):8.535948
(16,12),(2,5):1.380081
(16,12),(2,8):0.000000
(16,12),(1,8):0.000000
(16,12),(1,4):2.208333
(16,12),(8,4):11.583333
(16,12),(8,3):10.150000
(16,12),(11,3):3.750000
(16,12),(11,6):15.500000
(16,12),(14,6):25.142857
(16,12),(14,1):9.000000
(16,12),(15,1):14.964286
(16,12),(15,10):38.250000
(16,12),(17,10):33.750000
(16,12),(17,2):6.750000
(16,12),(19,2):7.194445
(16,12),(19,11):10.250000
(16,16),(12,16):34.083332
(16,16),(12,19):10.500000
(16,16),(4,19):0.000000
(16,16),(4,18):0.000000
(16,16),(9,18):21.066668
(16,16),(9,15):27.964285
(16,16),(7,15):19.214285
(16,16),(7,14):26.686508
(16,16),(5,14):11.784722
(16,16),(5,17):0.666667
(16,16),(3,17):0.942652
(16,16),(3,13):21.222221
(16,16),(13,13):42.782661
(16,16),(13,9):26.456348
(16,16),(10,9):6.715609
(16,16),(10,7):8.308572
(16,16),(6,7):2.494898
(16,16),(6,5):5.456162
(16,16),(2,5):0.000000
(16,16),(2,8):0.000000
(16,16),(1,8):0.000000
(16,16),(1,4):0.000000
(16,16),(8,4):5.738095
(16,16),(8,3):4.275000
(16,16),(11,3):0.000000
(16,16),(11,6):11.845238
(16,16),(14,6):25.571428
(16,16),(14,1):11.000000
(16,16),(15,1):17.250000
(16,16),(15,10):29.928572
(16,16),(17,10):20.000000
(16,16),(17,2):0.000000
(16,16),(19,2):0.000000
(16,16),(19,11):3.500000
(12,16),(12,19):20.250000
(12,16),(4,19):4.650000
(12,16),(4,18):3.750000
(12,16),(9,18):34.316666
(12,16),(9,15):36.833332
(12,16),(7,15):18.833334
(12,16),(7,14):25.583334
(12,16),(5,14):10.812500
(12,16),(5,17):0.050000
(12,16),(3,17):0.214912
(12,16),(3,13):20.250000
(12,16),(13,13):45.483334
(12,16),(13,9):18.500000
(12,16),(10,9):0.666667
(12,16),(10,7):2.194318
(12,16),(6,7):0.000000
(12,16),(6,5):0.892857
(12,16),(2,5):0.000000
(12,16),(2,8):0.000000
(12,16),(1,8):0.000000
(12,16),(1,4):0.000000
(12,16),(8,4):3.044289
(12,16),(8,3):2.929762
(12,16),(11,3):0.000000
(12,16),(11,6):5.277778
(12,16),(14,6):16.642857
(12,16),(14,1):9.500000
(12,16),(15,1):12.750000
(12,16),(15,10):26.750000
(12,16),(17,10):28.150000
(12,16),(17,2):2.400000
(12,16),(19,2):2.566667
(12,16),(19,11):5.682051
(12,19),(4,19):8.900000
(12,19),(4,18):8.000000
(12,19),(9,18):23.000000
(12,19),(9,15):19.500000
(12,19),(7,15):7.500000
(12,19),(7,14):9.750000
(12,19),(5,14):4.125000
(12,19),(5,17):0.000000
(12,19),(3,17):0.000000
(12,19),(3,13):7.009615
(12,19),(13,13):18.400000
(12,19),(13,9):0.000000
(12,19),(10,9):0.000000
(12,19),(10,7):0.000000
(12,19),(6,7):0.000000
(12,19),(6,5):0.000000
(12,19),(2,5):0.000000
(12,19),(2,8):0.000000
(12,19),(1,8):0.000000
(12,19),(1,4):0.000000
(12,19),(8,4):0.000000
(12,19),(8,3):0.000000
(12,19),(11,3):0.000000
(12,19),(11,6):0.000000
(12,19),(14,6):0.000000
(12,19),(14,1):0.000000
(12,19),(15,1):0.000000
(12,19),(15,10):4.500000
(12,19),(17,10):9.125000
(12,19),(17,2):0.000000
(12,19),(19,2):0.000000
(12,19),(19,11):0.000000
(4,19),(4,18):8.000000
(4,19),(9,18):8.900000
(4,19),(9,15):3.900000
(4,19),(7,15):0.000000
(4,19),(7,14):0.000000
(4,19),(5,14):0.000000
(4,19),(5,17):0.000000
(4,19),(3,17):0.000000
(4,19),(3,13):0.000000
(4,19),(13,13):3.150000
(4,19),(13,9):0.000000
(4,19),(10,9):0.000000
(4,19),(10,7):0.000000
(4,19),(6,7):0.000000
(4,19),(6,5):0.000000
(4,19),(2,5):0.000000
(4,19),(2,8):0.000000
(4,19),(1,8):0.000000
(4,19),(1,4):0.000000
(4,19),(8,4):0.000000
(4,19),(8,3):0.000000
(4,19),(11,3):0.000000
(4,19),(11,6):0.000000
(4,19),(14,6):0.000000
(4,19),(14,1):0.000000
(4,19),(15,1):0.000000
(4,19),(15,10):1.809829
(4,19),(17,10):1.630000
(4,19),(17,2):0.000000
(4,19),(19,2):0.000000
(4,19),(19,11):0.000000
(4,18),(9,18):8.000000
(4,18),(9,15):3.000000
(4,18),(7,15):0.000000
(4,18),(7,14):0.000000
(4,18),(5,14):0.000000
(4,18),(5,17):0.000000
(4,18),(3,17):0.000000
(4,18),(3,13):0.000000
(4,18),(13,13):2.566667
(4,18),(13,9):0.000000
(4,18),(10,9):0.000000
(4,18),(10,7):0.000000
(4,18),(6,7):0.000000
(4,18),(6,5):0.000000
(4,18),(2,5):0.000000
(4,18),(2,8):0.000000
(4,18),(1,8):0.000000
(4,18),(1,4):0.000000
(4,18),(8,4):0.000000
(4,18),(8,3):0.000000
(4,18),(11,3):0.000000
(4,18),(11,6):0.000000
(4,18),(14,6):0.000000
(4,18),(14,1):0.000000
(4,18),(15,1):0.000000
(4,18),(15,10):1.416667
(4,18),(17,10):1.416667
(4,18),(17,2):0.000000
(4,18),(19,2):0.000000
(4,18),(19,11):0.000000
(9,18),(9,15):27.266666
(9,18),(7,15):13.416667
(9,18),(7,14):15.666667
(9,18),(5,14):7.229167
(9,18),(5,17):0.000000
(9,18),(3,17):0.000000
(9,18),(3,13):11.984848
(9,18),(13,13):32.609524
(9,18),(13,9):10.007519
(9,18),(10,9):0.000000
(9,18),(10,7):0.650769
(9,18),(6,7):0.000000
(9,18),(6,5):0.000000
(9,18),(2,5):0.000000
(9,18),(2,8):0.000000
(9,18),(1,8):0.000000
(9,18),(1,4):0.000000
(9,18),(8,4):1.448614
(9,18),(8,3):1.878981
(9,18),(11,3):0.000000
(9,18),(11,6):2.866356
(9,18),(14,6):7.953634
(9,18),(14,1):4.023725
(9,18),(15,1):6.343750
(9,18),(15,10):18.150000
(9,18),(17,10):24.292856
(9,18),(17,2):2.571429
(9,18),(19,2):2.779221
(9,18),(19,11):4.559524
(9,15),(7,15):19.500000
(9,15),(7,14):26.000000
(9,15),(5,14):10.562500
(9,15),(5,17):0.000000
(9,15),(3,17):0.083333
(9,15),(3,13):20.000000
(9,15),(13,13):37.420635
(9,15),(13,9):11.961538
(9,15),(10,9):0.000000
(9,15),(10,7):0.235217
(9,15),(6,7):0.000000
(9,15),(6,5):0.000000
(9,15),(2,5):0.000000
(9,15),(2,8):0.000000
(9,15),(1,8):0.000000
(9,15),(1,4):0.000000
(9,15),(8,4):0.439014
(9,15),(8,3):0.622549
(9,15),(11,3):0.000000
(9,15),(11,6):1.266667
(9,15),(14,6):11.198413
(9,15),(14,1):5.539474
(9,15),(15,1):7.750000
(9,15),(15,10):19.670635
(9,15),(17,10):20.170635
(9,15),(17,2):1.134921
(9,15),(19,2):1.336587
(9,15),(19,11):0.777778
(7,15),(7,14):18.750000
(7,15),(5,14):9.562500
(7,15),(5,17):0.000000
(7,15),(3,17):0.000000
(7,15),(3,13):16.000000
(7,15),(13,13):19.500000
(7,15),(13,9):7.500000
(7,15),(10,9):0.000000
(7,15),(10,7):0.000000
(7,15),(6,7):0.000000
(7,15),(6,5):0.000000
(7,15),(2,5):0.000000
(7,15),(2,8):0.000000
(7,15),(1,8):0.000000
(7,15),(1,4):0.000000
(7,15),(8,4):0.000000
(7,15),(8,3):0.117391
(7,15),(11,3):0.000000
(7,15),(11,6):0.613636
(7,15),(14,6):7.324176
(7,15),(14,1):3.597222
(7,15),(15,1):5.000000
(7,15),(15,10):8.833333
(7,15),(17,10):7.916667
(7,15),(17,2):0.000000
(7,15),(19,2):0.000000
(7,15),(19,11):0.000000
(7,14),(5,14):13.562500
(7,14),(5,17):2.000000
(7,14),(3,17):2.333333
(7,14),(3,13):23.000000
(7,14),(13,13):28.964285
(7,14),(13,9):9.750000
(7,14),(10,9):0.000000
(7,14),(10,7):0.000000
(7,14),(6,7):0.000000
(7,14),(6,5):0.000000
(7,14),(2,5):0.000000
(7,14),(2,8):0.000000
(7,14),(1,8):0.000000
(7,14),(1,4):0.000000
(7,14),(8,4):0.000000
(7,14),(8,3):0.003659
(7,14),(11,3):0.000000
(7,14),(11,6):0.300000
(7,14),(14,6):10.122857
(7,14),(14,1):4.862121
(7,14),(15,1):7.083333
(7,14),(15,10):12.950000
(7,14),(17,10):11.394652
(7,14),(17,2):0.000000
(7,14),(19,2):0.000000
(7,14),(19,11):0.000000
(5,14),(5,17):8.000000
(5,14),(3,17):8.333333
(5,14),(3,13):19.000000
(5,14),(13,13):13.812500
(5,14),(13,9):3.562500
(5,14),(10,9):0.000000
(5,14),(10,7):0.000000
(5,14),(6,7):0.000000
(5,14),(6,5):0.000000
(5,14),(2,5):0.000000
(5,14),(2,8):0.000000
(5,14),(1,8):0.000000
(5,14),(1,4):0.000000
(5,14),(8,4):0.000000
(5,14),(8,3):0.000000
(5,14),(11,3):0.000000
(5,14),(11,6):0.235577
(5,14),(14,6):3.404762
(5,14),(14,1):1.662005
(5,14),(15,1):2.333333
(5,14),(15,10):3.895833
(5,14),(17,10):3.333333
(5,14),(17,2):0.000000
(5,14),(19,2):0.000000
(5,14),(19,11):0.000000
(5,17),(3,17):8.000000
(5,17),(3,13):8.000000
(5,17),(13,13):2.250000
(5,17),(13,9):0.000000
(5,17),(10,9):0.000000
(5,17),(10,7):0.000000
(5,17),(6,7):0.000000
(5,17),(6,5):0.000000
(5,17),(2,5):0.000000
(5,17),(2,8):0.000000
(5,17),(1,8):0.000000
(5,17),(1,4):0.000000
(5,17),(8,4):0.000000
(5,17),(8,3):0.000000
(5,17),(11,3):0.000000
(5,17),(11,6):0.000000
(5,17),(14,6):0.000000
(5,17),(14,1):0.000000
(5,17),(15,1):0.000000
(5,17),(15,10):0.000000
(5,17),(17,10):0.000000
(5,17),(17,2):0.000000
(5,17),(19,2):0.000000
(5,17),(19,11):0.000000
(3,17),(3,13):8.333333
(3,17),(13,13):2.583333
(3,17),(13,9):0.000000
(3,17),(10,9):0.000000
(3,17),(10,7):0.000000
(3,17),(6,7):0.000000
(3,17),(6,5):0.000000
(3,17),(2,5):0.000000
(3,17),(2,8):0.000000
(3,17),(1,8):0.000000
(3,17),(1,4):0.000000
(3,17),(8,4):0.000000
(3,17),(8,3):0.000000
(3,17),(11,3):0.000000
(3,17),(11,6):0.000000
(3,17),(14,6):0.000000
(3,17),(14,1):0.000000
(3,17),(15,1):0.000000
(3,17),(15,10):0.000000
(3,17),(17,10):0.000000
(3,17),(17,2):0.000000
(3,17),(19,2):0.000000
(3,17),(19,11):0.000000
(3,13),(13,13):23.250000
(3,13),(13,9):8.500000
(3,13),(10,9):0.000000
(3,13),(10,7):0.000000
(3,13),(6,7):0.000000
(3,13),(6,5):0.000000
(3,13),(2,5):0.000000
(3,13),(2,8):0.000000
(3,13),(1,8):0.000000
(3,13),(1,4):0.000000
(3,13),(8,4):0.000000
(3,13),(8,3):0.000000
(3,13),(11,3):0.000000
(3,13),(11,6):0.083333
(3,13),(14,6):8.806034
(3,13),(14,1):4.375000
(3,13),(15,1):6.000000
(3,13),(15,10):10.285714
(3,13),(17,10):7.986111
(3,13),(17,2):0.000000
(3,13),(19,2):0.000000
(3,13),(19,11):0.000000
(13,13),(13,9):28.600000
(13,13),(10,9):6.375000
(13,13),(10,7):8.375000
(13,13),(6,7):2.062500
(13,13),(6,5):4.800000
(13,13),(2,5):0.000000
(13,13),(2,8):0.000000
(13,13),(1,8):0.000000
(13,13),(1,4):0.000000
(13,13),(8,4):5.620000
(13,13),(8,3):4.275000
(13,13),(11,3):0.000000
(13,13),(11,6):11.625000
(13,13),(14,6):27.857143
(13,13),(14,1):15.214286
(13,13),(15,1):21.464285
(13,13),(15,10):40.097618
(13,13),(17,10):31.283333
(13,13),(17,2):3.800000
(13,13),(19,2):4.172378
(13,13),(19,11):7.800000
(13,9),(10,9):16.125000
(13,9),(10,7):26.424999
(13,9),(6,7):13.395833
(13,9),(6,5):17.587500
(13,9),(2,5):3.958333
(13,9),(2,8):0.000000
(13,9),(1,8):0.000000
(13,9),(1,4):5.773809
(13,9),(8,4):20.916666
(13,9),(8,3):17.066668
(13,9),(11,3):11.055555
(13,9),(11,6):29.500000
(13,9),(14,6):35.250000
(13,9),(14,1):13.500000
(13,9),(15,1):19.000000
(13,9),(15,10):43.250000
(13,9),(17,10):15.750000
(13,9),(17,2):0.750000
(13,9),(19,2):1.096491
(13,9),(19,11):3.500000
(10,9),(10,7):18.125000
(10,9),(6,7):8.062500
(10,9),(6,5):12.400000
(10,9),(2,5):1.416667
(10,9),(2,8):0.000000
(10,9),(1,8):0.000000
(10,9),(1,4):1.900000
(10,9),(8,4):11.333333
(10,9),(8,3):9.500000
(10,9),(11,3):6.000000
(10,9),(11,6):18.000000
(10,9),(14,6):15.375000
(10,9),(14,1):3.375000
(10,9),(15,1):4.275000
(10,9),(15,10):13.625000
(10,9),(17,10):0.000000
(10,9),(17,2):0.000000
(10,9),(19,2):0.000000
(10,9),(19,11):0.000000
(10,7),(6,7):21.729166
(10,7),(6,5):26.650000
(10,7),(2,5):6.750000
(10,7),(2,8):0.000000
(10,7),(1,8):0.000000
(10,7),(1,4):8.500000
(10,7),(8,4):27.958334
(10,7),(8,3):18.500000
(10,7),(11,3):19.400000
(10,7),(11,6):34.500000
(10,7),(14,6):20.475000
(10,7),(14,1):4.131667
(10,7),(15,1):5.311275
(10,7),(15,10):23.424999
(10,7),(17,10):1.300000
(10,7),(17,2):0.416667
(10,7),(19,2):0.535542
(10,7),(19,11):0.633333
(6,7),(6,5):19.400000
(6,7),(2,5):5.750000
(6,7),(2,8):0.000000
(6,7),(1,8):0.000000
(6,7),(1,4):7.500000
(6,7),(8,4):18.416666
(6,7),(8,3):12.166667
(6,7),(11,3):17.000000
(6,7),(11,6):21.666666
(6,7),(14,6):9.062500
(6,7),(14,1):1.062500
(6,7),(15,1):1.162500
(6,7),(15,10):12.562500
(6,7),(17,10):0.000000
(6,7),(17,2):0.000000
(6,7),(19,2):0.000000
(6,7),(19,11):0.000000
(6,5),(2,5):10.750000
(6,5),(2,8):1.000000
(6,5),(1,8):1.166667
(6,5),(1,4):12.500000
(6,5),(8,4):26.916666
(6,5),(8,3):13.500000
(6,5),(11,3):16.750000
(6,5),(11,6):28.150000
(6,5),(14,6):13.650000
(6,5),(14,1):2.550000
(6,5),(15,1):3.333566
(6,5),(15,10):17.316668
(6,5),(17,10):0.000000
(6,5),(17,2):0.000000
(6,5),(19,2):0.000000
(6,5),(19,11):0.000000
(2,5),(2,8):4.000000
(2,5),(1,8):4.166667
(2,5),(1,4):13.000000
(2,5),(8,4):10.833333
(2,5),(8,3):3.750000
(2,5),(11,3):5.250000
(2,5),(11,6):8.250000
(2,5),(14,6):0.000000
(2,5),(14,1):0.000000
(2,5),(15,1):0.000000
(2,5),(15,10):3.738095
(2,5),(17,10):0.000000
(2,5),(17,2):0.000000
(2,5),(19,2):0.000000
(2,5),(19,11):0.000000
(2,8),(1,8):4.000000
(2,8),(1,4):4.000000
(2,8),(8,4):1.083333
(2,8),(8,3):0.000000
(2,8),(11,3):0.000000
(2,8),(11,6):0.100000
(2,8),(14,6):0.000000
(2,8),(14,1):0.000000
(2,8),(15,1):0.000000
(2,8),(15,10):0.000000
(2,8),(17,10):0.000000
(2,8),(17,2):0.000000
(2,8),(19,2):0.000000
(2,8),(19,11):0.000000
(1,8),(1,4):4.166667
(1,8),(8,4):1.250000
(1,8),(8,3):0.000000
(1,8),(11,3):0.000000
(1,8),(11,6):0.166667
(1,8),(14,6):0.000000
(1,8),(14,1):0.000000
(1,8),(15,1):0.000000
(1,8),(15,10):0.000000
(1,8),(17,10):0.000000
(1,8),(17,2):0.000000
(1,8),(19,2):0.000000
(1,8),(19,11):0.000000
(1,4),(8,4):12.583333
(1,4),(8,3):5.100000
(1,4),(11,3):7.000000
(1,4),(11,6):10.000000
(1,4),(14,6):0.000000
(1,4),(14,1):0.000000
(1,4),(15,1):0.000000
(1,4),(15,10):5.600000
(1,4),(17,10):0.000000
(1,4),(17,2):0.000000
(1,4),(19,2):0.000000
(1,4),(19,11):0.000000
(8,4),(8,3):20.166666
(8,4),(11,3):18.250000
(8,4),(11,6):31.333334
(8,4),(14,6):14.500000
(8,4),(14,1):2.229167
(8,4),(15,1):3.147059
(8,4),(15,10):19.125000
(8,4),(17,10):2.333333
(8,4),(17,2):0.047619
(8,4),(19,2):0.245098
(8,4),(19,11):1.250000
(8,3),(11,3):13.000000
(8,3),(11,6):21.400000
(8,3),(14,6):10.750000
(8,3),(14,1):1.425641
(8,3),(15,1):1.972581
(8,3),(15,10):14.366667
(8,3),(17,10):2.760417
(8,3),(17,2):0.000000
(8,3),(19,2):0.100000
(8,3),(19,11):1.464912
(11,3),(11,6):19.437500
(11,3),(14,6):7.000000
(11,3),(14,1):0.000000
(11,3),(15,1):0.000000
(11,3),(15,10):8.785714
(11,3),(17,10):0.000000
(11,3),(17,2):0.000000
(11,3),(19,2):0.000000
(11,3),(19,11):0.000000
(11,6),(14,6):22.799999
(11,6),(14,1):5.516667
(11,6),(15,1):6.807693
(11,6),(15,10):26.500000
(11,6),(17,10):3.761905
(11,6),(17,2):0.000000
(11,6),(19,2):0.100000
(11,6),(19,11):1.766667
(14,6),(14,1):17.000000
(14,6),(15,1):23.142857
(14,6),(15,10):37.226189
(14,6),(17,10):12.976191
(14,6),(17,2):0.000000
(14,6),(19,2):0.000000
(14,6),(19,11):2.625000
(14,1),(15,1):15.000000
(14,1),(15,10):17.000000
(14,1),(17,10):5.727273
(14,1),(17,2):0.000000
(14,1),(19,2):0.000000
(14,1),(19,11):1.180556
(15,1),(15,10):23.250000
(15,1),(17,10):11.650000
(15,1),(17,2):0.000000
(15,1),(19,2):0.000000
(15,1),(19,11):2.285714
(15,10),(17,10):24.250000
(15,10),(17,2):3.000000
(15,10),(19,2):3.444444
(15,10),(19,11):6.500000
(17,10),(17,2):19.000000
(17,10),(19,2):19.444445
(17,10),(19,11):22.000000
(17,2),(19,2):18.944445
(17,2),(19,11):18.000000
(19,2),(19,11):18.125000
