48
(23,21):(23,21)	(23,23)	(24,21)	(24,24)	
(24,21):(23,21)	(23,23)	(24,21)	(24,24)	
(24,24):(21,24)	(22,23)	(23,21)	(23,23)	(24,21)	(24,24)	
(21,24):(21,12)	(21,13)	(21,14)	(21,15)	(21,16)	(21,17)	(21,18)	(21,19)	(21,20)	(21,21)	(21,22)	(21,24)	(22,11)	(22,23)	(23,23)	(24,24)	
(21,22):(19,12)	(19,13)	(19,14)	(19,19)	(19,22)	(20,12)	(20,13)	(20,14)	(20,15)	(20,16)	(20,17)	(20,18)	(20,19)	(20,20)	(20,21)	(21,12)	(21,13)	(21,14)	(21,15)	(21,16)	(21,17)	(21,18)	(21,19)	(21,20)	(21,21)	(21,22)	(21,24)	(22,11)	(22,23)	
(19,22):(19,19)	(19,22)	(20,19)	(20,20)	(20,21)	(21,16)	(21,17)	(21,18)	(21,19)	(21,20)	(21,21)	(21,22)	
(19,19):(19,19)	(19,22)	(20,19)	(20,20)	(20,21)	(21,19)	(21,20)	(21,21)	(21,22)	(22,23)	
(20,19):(19,19)	(19,22)	(20,12)	(20,13)	(20,14)	(20,15)	(20,16)	(20,17)	(20,18)	(20,19)	(20,20)	(20,21)	(21,12)	(21,13)	(21,14)	(21,15)	(21,16)	(21,17)	(21,18)	(21,19)	(21,20)	(21,21)	(21,22)	(22,11)	(22,23)	
(20,18):(1,16)	(2,17)	(3,17)	(3,18)	(4,17)	(4,18)	(5,17)	(5,18)	(6,17)	(6,18)	(7,17)	(7,18)	(8,17)	(9,17)	(10,17)	(11,15)	(11,16)	(11,17)	(12,16)	(12,17)	(13,16)	(13,17)	(14,16)	(14,17)	(15,4)	(15,16)	(15,17)	(16,6)	(16,7)	(16,15)	(16,16)	(16,17)	(17,9)	(17,10)	(17,11)	(17,12)	(17,13)	(17,14)	(17,15)	(17,16)	(17,17)	(18,11)	(18,12)	(18,13)	(18,14)	(18,15)	(18,16)	(18,17)	(19,12)	(19,13)	(19,14)	(19,15)	(19,16)	(19,17)	(20,12)	(20,13)	(20,14)	(20,15)	(20,16)	(20,17)	(20,18)	(20,19)	(20,20)	(20,21)	(21,12)	(21,13)	(21,14)	(21,15)	(21,16)	(21,17)	(21,18)	(21,19)	(21,20)	(21,21)	(21,22)	(22,11)	(22,23)	
(7,18):(1,16)	(2,17)	(2,20)	(3,17)	(3,18)	(3,19)	(4,17)	(4,18)	(4,19)	(5,17)	(5,18)	(5,19)	(6,17)	(6,18)	(6,19)	(7,17)	(7,18)	(7,20)	(8,17)	(9,17)	(10,17)	(11,16)	(11,17)	(12,16)	(12,17)	(13,16)	(13,17)	(14,16)	(14,17)	(15,16)	(15,17)	(16,15)	(16,16)	(16,17)	(17,15)	(17,16)	(17,17)	(18,15)	(18,16)	(18,17)	(19,14)	(19,15)	(19,16)	(19,17)	(20,14)	(20,15)	(20,16)	(20,17)	(20,18)	(21,14)	(21,15)	(21,16)	(21,17)	(21,18)	
(7,20):(1,16)	(2,17)	(2,20)	(3,17)	(3,18)	(3,19)	(4,17)	(4,18)	(4,19)	(5,17)	(5,18)	(5,19)	(6,17)	(6,18)	(6,19)	(7,17)	(7,18)	(7,20)	
(2,20):(2,17)	(2,20)	(3,17)	(3,18)	(3,19)	(4,17)	(4,18)	(4,19)	(5,17)	(5,18)	(5,19)	(6,17)	(6,18)	(6,19)	(7,17)	(7,18)	(7,20)	(8,17)	(9,17)	(11,16)	(12,16)	
(2,17):(1,16)	(1,17)	(2,17)	(2,20)	(3,17)	(3,18)	(3,19)	(4,17)	(4,18)	(4,19)	(5,17)	(5,18)	(5,19)	(6,17)	(6,18)	(6,19)	(7,17)	(7,18)	(7,20)	(8,17)	(9,17)	(10,17)	(11,16)	(11,17)	(12,16)	(12,17)	(13,16)	(13,17)	(14,16)	(14,17)	(15,16)	(15,17)	(16,16)	(16,17)	(17,16)	(17,17)	(18,16)	(18,17)	(19,16)	(19,17)	(20,15)	(20,16)	(20,17)	(20,18)	(21,15)	(21,16)	(21,17)	(21,18)	
(1,17):(1,16)	(1,17)	(2,17)	(3,17)	(4,17)	(5,17)	(6,17)	(7,17)	(8,17)	(9,17)	(10,17)	(11,16)	(11,17)	(12,16)	(12,17)	(13,16)	(13,17)	(14,16)	(14,17)	(15,16)	(15,17)	(16,16)	(16,17)	(17,16)	(17,17)	(18,16)	(18,17)	(19,16)	(19,17)	(20,16)	(20,17)	(21,15)	(21,16)	(21,17)	
(1,16):(1,16)	(1,17)	(2,17)	(3,17)	(3,18)	(4,17)	(4,18)	(4,19)	(5,17)	(5,18)	(5,19)	(6,17)	(6,18)	(6,19)	(7,17)	(7,18)	(7,20)	(8,17)	(9,17)	(10,17)	(11,16)	(11,17)	(12,16)	(12,17)	(13,16)	(13,17)	(14,16)	(14,17)	(15,16)	(15,17)	(16,16)	(16,17)	(17,16)	(17,17)	(18,16)	(18,17)	(19,16)	(19,17)	(20,16)	(20,17)	(20,18)	(21,16)	(21,17)	(21,18)	
(11,16):(1,16)	(1,17)	(2,17)	(2,20)	(3,17)	(3,18)	(3,19)	(4,17)	(4,18)	(4,19)	(5,17)	(5,18)	(5,19)	(6,17)	(6,18)	(7,17)	(7,18)	(8,17)	(9,17)	(10,17)	(11,15)	(11,16)	(11,17)	(12,16)	(12,17)	(13,16)	(13,17)	(14,16)	(14,17)	(15,16)	(15,17)	(16,15)	(16,16)	(16,17)	(17,15)	(17,16)	(17,17)	(18,15)	(18,16)	(18,17)	(19,15)	(19,16)	(19,17)	(20,15)	(20,16)	(20,17)	(20,18)	(21,14)	(21,15)	(21,16)	(21,17)	(21,18)	
(11,15):(11,15)	(11,16)	(11,17)	(12,16)	(12,17)	(13,16)	(13,17)	(14,16)	(14,17)	(15,16)	(15,17)	(16,15)	(16,16)	(16,17)	(17,15)	(17,16)	(17,17)	(18,15)	(18,16)	(18,17)	(19,15)	(19,16)	(19,17)	(20,15)	(20,16)	(20,17)	(20,18)	(21,15)	(21,16)	(21,17)	(21,18)	
(16,15):(3,18)	(3,19)	(4,18)	(4,19)	(5,18)	(6,17)	(6,18)	(7,17)	(7,18)	(8,17)	(9,17)	(10,17)	(11,15)	(11,16)	(11,17)	(12,16)	(12,17)	(13,16)	(13,17)	(14,16)	(14,17)	(15,16)	(15,17)	(16,3)	(16,4)	(16,5)	(16,6)	(16,7)	(16,15)	(16,16)	(16,17)	(17,2)	(17,9)	(17,10)	(17,11)	(17,12)	(17,13)	(17,14)	(17,15)	(17,16)	(17,17)	(18,9)	(18,11)	(18,12)	(18,13)	(18,14)	(18,15)	(18,16)	(18,17)	(19,12)	(19,13)	(19,14)	(19,15)	(19,16)	(19,17)	(20,12)	(20,13)	(20,14)	(20,15)	(20,16)	(20,17)	(20,18)	(21,12)	(21,13)	(21,14)	(21,15)	(21,16)	(21,17)	(21,18)	(22,11)	
(16,7):(10,5)	(11,6)	(11,7)	(12,6)	(12,7)	(13,6)	(13,7)	(14,4)	(14,5)	(14,6)	(15,2)	(15,4)	(15,5)	(15,6)	(16,3)	(16,4)	(16,5)	(16,6)	(16,7)	(16,15)	(16,16)	(16,17)	(17,2)	(17,9)	(17,10)	(17,11)	(17,12)	(17,13)	(17,14)	(17,15)	(17,16)	(17,17)	(18,11)	(18,12)	(18,13)	(18,14)	(18,15)	(18,16)	(18,17)	(19,13)	(19,14)	(19,15)	(19,16)	(19,17)	(20,15)	(20,16)	(20,17)	(20,18)	(21,17)	(21,18)	(21,19)	(21,20)	(22,23)	
(13,7):(8,14)	(9,11)	(9,12)	(9,13)	(10,5)	(10,10)	(10,11)	(10,12)	(10,13)	(11,6)	(11,7)	(11,8)	(11,9)	(11,10)	(11,11)	(11,12)	(11,13)	(12,6)	(12,7)	(12,8)	(12,9)	(12,10)	(12,11)	(12,12)	(12,13)	(13,6)	(13,7)	(13,13)	(14,5)	(14,6)	(15,4)	(15,5)	(15,6)	(16,3)	(16,4)	(16,5)	(16,6)	(16,7)	(17,2)	
(13,13):(9,10)	(9,11)	(9,12)	(9,13)	(10,5)	(10,10)	(10,11)	(10,12)	(10,13)	(11,6)	(11,7)	(11,8)	(11,9)	(11,10)	(11,11)	(11,12)	(11,13)	(12,6)	(12,7)	(12,8)	(12,9)	(12,10)	(12,11)	(12,12)	(12,13)	(13,6)	(13,7)	(13,13)	
(12,13):(8,14)	(9,10)	(9,11)	(9,12)	(9,13)	(10,5)	(10,10)	(10,11)	(10,12)	(10,13)	(11,6)	(11,7)	(11,8)	(11,9)	(11,10)	(11,11)	(11,12)	(11,13)	(12,6)	(12,7)	(12,8)	(12,9)	(12,10)	(12,11)	(12,12)	(12,13)	(12,14)	(13,6)	(13,7)	(13,13)	
(12,14):(8,14)	(9,10)	(9,11)	(9,12)	(9,13)	(10,5)	(10,10)	(10,11)	(10,12)	(10,13)	(11,6)	(11,7)	(11,8)	(11,9)	(11,10)	(11,11)	(11,12)	(11,13)	(12,6)	(12,7)	(12,8)	(12,9)	(12,10)	(12,11)	(12,12)	(12,13)	(12,14)	
(8,14):(8,2)	(8,3)	(8,14)	(9,1)	(9,10)	(9,11)	(9,12)	(9,13)	(10,10)	(10,11)	(10,12)	(10,13)	(11,8)	(11,9)	(11,10)	(11,11)	(11,12)	(11,13)	(12,6)	(12,7)	(12,8)	(12,9)	(12,10)	(12,11)	(12,12)	(12,13)	(12,14)	(13,6)	(13,7)	(14,5)	(15,4)	
(8,3):(4,1)	(5,2)	(5,3)	(6,2)	(6,3)	(7,2)	(8,2)	(8,3)	(8,14)	(9,1)	(9,10)	(9,11)	(9,12)	(9,13)	
(6,3):(3,12)	(4,1)	(4,6)	(4,7)	(4,8)	(4,9)	(4,10)	(4,11)	(5,2)	(5,3)	(5,4)	(5,5)	(5,6)	(5,7)	(5,8)	(6,2)	(6,3)	(6,8)	(7,2)	(8,2)	(8,3)	(9,1)	
(6,8):(3,6)	(4,1)	(4,6)	(4,7)	(4,8)	(5,2)	(5,3)	(5,4)	(5,5)	(5,6)	(5,7)	(5,8)	(6,2)	(6,3)	(6,8)	
(5,8):(3,6)	(3,12)	(4,1)	(4,6)	(4,7)	(4,8)	(4,9)	(4,10)	(4,11)	(5,2)	(5,3)	(5,4)	(5,5)	(5,6)	(5,7)	(5,8)	(5,12)	(6,2)	(6,3)	(6,8)	
(5,12):(3,6)	(3,12)	(4,1)	(4,6)	(4,7)	(4,8)	(4,9)	(4,10)	(4,11)	(5,2)	(5,3)	(5,4)	(5,5)	(5,6)	(5,7)	(5,8)	(5,12)	
(3,12):(3,6)	(3,12)	(4,6)	(4,7)	(4,8)	(4,9)	(4,10)	(4,11)	(5,2)	(5,3)	(5,4)	(5,5)	(5,6)	(5,7)	(5,8)	(5,12)	(6,2)	(6,3)	
(3,6):(3,6)	(3,12)	(4,6)	(4,7)	(4,8)	(4,9)	(4,10)	(4,11)	(5,6)	(5,7)	(5,8)	(5,12)	(6,8)	
(4,6):(3,6)	(3,12)	(4,1)	(4,6)	(4,7)	(4,8)	(4,9)	(4,10)	(4,11)	(5,2)	(5,3)	(5,4)	(5,5)	(5,6)	(5,7)	(5,8)	(5,12)	(6,2)	(6,3)	(6,8)	
(4,1):(4,1)	(4,6)	(4,7)	(4,8)	(4,9)	(4,10)	(4,11)	(5,2)	(5,3)	(5,4)	(5,5)	(5,6)	(5,7)	(5,8)	(5,12)	(6,2)	(6,3)	(6,8)	(7,2)	(8,2)	(8,3)	(9,1)	
(9,1):(4,1)	(5,2)	(5,3)	(6,2)	(6,3)	(7,2)	(8,2)	(8,3)	(8,14)	(9,1)	(9,10)	(9,11)	(9,12)	(9,13)	
(9,10):(8,2)	(8,3)	(8,14)	(9,1)	(9,10)	(9,11)	(9,12)	(9,13)	(10,10)	(10,11)	(10,12)	(10,13)	(11,10)	(11,11)	(11,12)	(11,13)	(12,10)	(12,11)	(12,12)	(12,13)	(12,14)	(13,13)	
(10,10):(8,14)	(9,10)	(9,11)	(9,12)	(9,13)	(10,5)	(10,10)	(10,11)	(10,12)	(10,13)	(11,6)	(11,7)	(11,8)	(11,9)	(11,10)	(11,11)	(11,12)	(11,13)	(12,6)	(12,7)	(12,8)	(12,9)	(12,10)	(12,11)	(12,12)	(12,13)	(12,14)	(13,6)	(13,7)	(13,13)	(14,5)	(14,6)	(15,4)	(15,5)	(16,3)	(16,4)	(17,2)	
(10,5):(10,5)	(10,10)	(10,11)	(10,12)	(10,13)	(11,6)	(11,7)	(11,8)	(11,9)	(11,10)	(11,11)	(11,12)	(11,13)	(12,6)	(12,7)	(12,8)	(12,9)	(12,10)	(12,11)	(12,12)	(12,13)	(12,14)	(13,6)	(13,7)	(13,13)	(14,5)	(14,6)	(15,5)	(15,6)	(16,5)	(16,6)	(16,7)	
(14,5):(8,14)	(9,12)	(9,13)	(10,5)	(10,10)	(10,11)	(10,12)	(10,13)	(11,6)	(11,7)	(11,8)	(11,9)	(11,10)	(11,11)	(12,6)	(12,7)	(12,8)	(12,9)	(13,6)	(13,7)	(14,4)	(14,5)	(14,6)	(15,4)	(15,5)	(15,6)	(16,3)	(16,4)	(16,5)	(16,6)	(16,7)	(17,2)	
(14,4):(14,4)	(14,5)	(14,6)	(15,4)	(15,5)	(15,6)	(16,4)	(16,5)	(16,6)	(16,7)	
(15,4):(8,14)	(9,12)	(9,13)	(10,10)	(10,11)	(11,8)	(11,9)	(11,10)	(12,7)	(12,8)	(13,6)	(13,7)	(14,4)	(14,5)	(14,6)	(15,2)	(15,4)	(15,5)	(15,6)	(16,3)	(16,4)	(16,5)	(16,6)	(16,7)	(17,2)	(17,9)	(17,10)	(18,12)	(18,13)	(19,14)	(19,15)	(19,16)	(20,17)	(20,18)	(21,19)	(21,20)	(22,23)	
(15,2):(15,2)	(15,4)	(15,5)	(15,6)	(16,3)	(16,4)	(16,5)	(16,6)	(16,7)	(17,2)	(17,9)	(17,10)	(17,11)	(17,12)	(18,13)	(18,14)	(18,15)	(18,16)	(18,17)	(19,16)	(19,17)	
(17,2):(9,12)	(10,10)	(11,8)	(11,9)	(12,7)	(12,8)	(13,6)	(13,7)	(14,5)	(14,6)	(15,2)	(15,4)	(15,5)	(15,6)	(16,3)	(16,4)	(16,5)	(16,6)	(16,7)	(16,15)	(16,16)	(16,17)	(17,2)	(17,9)	(17,10)	(17,11)	(17,12)	(17,13)	(17,14)	(17,15)	(17,16)	(17,17)	
(17,9):(15,2)	(15,4)	(15,5)	(16,3)	(16,4)	(16,5)	(16,6)	(16,7)	(16,15)	(16,16)	(16,17)	(17,2)	(17,9)	(17,10)	(17,11)	(17,12)	(17,13)	(17,14)	(17,15)	(17,16)	(17,17)	(18,9)	(18,11)	(18,12)	(18,13)	(18,14)	(18,15)	(18,16)	(18,17)	(19,13)	(19,14)	(19,15)	(19,16)	(19,17)	(20,15)	(20,16)	(20,17)	(20,18)	(21,17)	(21,18)	(21,19)	(21,20)	(21,21)	(22,23)	
(18,9):(16,15)	(16,16)	(16,17)	(17,9)	(17,10)	(17,11)	(17,12)	(17,13)	(17,14)	(17,15)	(17,16)	(17,17)	(18,9)	(18,11)	(18,12)	(18,13)	(18,14)	(18,15)	(18,16)	(18,17)	
(18,11):(15,17)	(16,7)	(16,15)	(16,16)	(16,17)	(17,9)	(17,10)	(17,11)	(17,12)	(17,13)	(17,14)	(17,15)	(17,16)	(17,17)	(18,9)	(18,11)	(18,12)	(18,13)	(18,14)	(18,15)	(18,16)	(18,17)	(19,12)	(19,13)	(19,14)	(19,15)	(19,16)	(19,17)	(20,12)	(20,13)	(20,14)	(20,15)	(20,16)	(20,17)	(20,18)	(21,12)	(21,13)	(21,14)	(21,15)	(21,16)	(21,17)	(21,18)	(21,19)	(21,20)	(21,21)	(22,11)	(22,23)	
(22,11):(13,17)	(14,17)	(15,16)	(15,17)	(16,15)	(16,16)	(16,17)	(17,11)	(17,12)	(17,13)	(17,14)	(17,15)	(17,16)	(17,17)	(18,11)	(18,12)	(18,13)	(18,14)	(18,15)	(18,16)	(18,17)	(19,12)	(19,13)	(19,14)	(19,15)	(19,16)	(19,17)	(20,12)	(20,13)	(20,14)	(20,15)	(20,16)	(20,17)	(20,18)	(20,19)	(20,20)	(20,21)	(21,12)	(21,13)	(21,14)	(21,15)	(21,16)	(21,17)	(21,18)	(21,19)	(21,20)	(21,21)	(21,22)	(21,24)	(22,11)	(22,23)	
(22,23):(15,4)	(16,7)	(17,9)	(17,10)	(18,11)	(18,12)	(18,13)	(19,12)	(19,13)	(19,14)	(19,15)	(19,19)	(20,12)	(20,13)	(20,14)	(20,15)	(20,16)	(20,17)	(20,18)	(20,19)	(20,20)	(20,21)	(21,12)	(21,13)	(21,14)	(21,15)	(21,16)	(21,17)	(21,18)	(21,19)	(21,20)	(21,21)	(21,22)	(21,24)	(22,11)	(22,23)	(23,23)	(24,24)	
(23,23):(21,24)	(22,23)	(23,21)	(23,23)	(24,21)	(24,24)	
(23,21):3.000000
(24,21):3.250000
(24,24):5.250000
(21,24):15.250000
(21,22):33.625000
(19,22):15.000000
(19,19):10.041667
(20,19):26.583334
(20,18):91.737160
(7,18):66.900002
(7,20):20.700001
(2,20):26.125000
(2,17):57.833332
(1,17):27.049999
(1,16):46.710526
(11,16):62.044445
(11,15):33.666668
(16,15):83.566666
(16,7):57.642044
(13,7):45.333332
(13,13):30.375000
(12,13):34.833332
(12,14):26.666666
(8,14):38.820236
(8,3):22.142857
(6,3):27.650000
(6,8):16.000000
(5,8):24.400000
(5,12):17.000000
(3,12):21.583334
(3,6):14.000000
(4,6):25.333334
(4,1):24.250000
(9,1):22.333334
(9,10):28.285715
(10,10):38.933334
(10,5):34.166668
(14,5):33.750000
(14,4):9.750000
(15,4):33.605640
(15,2):20.471428
(17,2):31.185440
(17,9):48.178570
(18,9):19.500000
(18,11):56.273811
(22,11):59.875000
(22,23):40.620834
(23,23):5.000000
(23,21),(24,21):3.000000
(23,21),(24,24):3.000000
(23,21),(21,24):1.250000
(23,21),(21,22):0.000000
(23,21),(19,22):0.000000
(23,21),(19,19):0.000000
(23,21),(20,19):0.000000
(23,21),(20,18):0.000000
(23,21),(7,18):0.000000
(23,21),(7,20):0.000000
(23,21),(2,20):0.000000
(23,21),(2,17):0.000000
(23,21),(1,17):0.000000
(23,21),(1,16):0.000000
(23,21),(11,16):0.000000
(23,21),(11,15):0.000000
(23,21),(16,15):0.000000
(23,21),(16,7):0.000000
(23,21),(13,7):0.000000
(23,21),(13,13):0.000000
(23,21),(12,13):0.000000
(23,21),(12,14):0.000000
(23,21),(8,14):0.000000
(23,21),(8,3):0.000000
(23,21),(6,3):0.000000
(23,21),(6,8):0.000000
(23,21),(5,8):0.000000
(23,21),(5,12):0.000000
(23,21),(3,12):0.000000
(23,21),(3,6):0.000000
(23,21),(4,6):0.000000
(23,21),(4,1):0.000000
(23,21),(9,1):0.000000
(23,21),(9,10):0.000000
(23,21),(10,10):0.000000
(23,21),(10,5):0.000000
(23,21),(14,5):0.000000
(23,21),(14,4):0.000000
(23,21),(15,4):0.000000
(23,21),(15,2):0.000000
(23,21),(17,2):0.000000
(23,21),(17,9):0.000000
(23,21),(18,9):0.000000
(23,21),(18,11):0.000000
(23,21),(22,11):0.000000
(23,21),(22,23):1.000000
(23,21),(23,23):3.000000
(24,21),(24,24):3.250000
(24,21),(21,24):1.500000
(24,21),(21,22):0.083333
(24,21),(19,22):0.000000
(24,21),(19,19):0.025000
(24,21),(20,19):0.000000
(24,21),(20,18):0.000000
(24,21),(7,18):0.000000
(24,21),(7,20):0.000000
(24,21),(2,20):0.000000
(24,21),(2,17):0.000000
(24,21),(1,17):0.000000
(24,21),(1,16):0.000000
(24,21),(11,16):0.000000
(24,21),(11,15):0.000000
(24,21),(16,15):0.000000
(24,21),(16,7):0.000000
(24,21),(13,7):0.000000
(24,21),(13,13):0.000000
(24,21),(12,13):0.000000
(24,21),(12,14):0.000000
(24,21),(8,14):0.000000
(24,21),(8,3):0.000000
(24,21),(6,3):0.000000
(24,21),(6,8):0.000000
(24,21),(5,8):0.000000
(24,21),(5,12):0.000000
(24,21),(3,12):0.000000
(24,21),(3,6):0.000000
(24,21),(4,6):0.000000
(24,21),(4,1):0.000000
(24,21),(9,1):0.000000
(24,21),(9,10):0.000000
(24,21),(10,10):0.000000
(24,21),(10,5):0.000000
(24,21),(14,5):0.000000
(24,21),(14,4):0.000000
(24,21),(15,4):0.000000
(24,21),(15,2):0.000000
(24,21),(17,2):0.000000
(24,21),(17,9):0.000000
(24,21),(18,9):0.000000
(24,21),(18,11):0.000000
(24,21),(22,11):0.000000
(24,21),(22,23):1.250000
(24,21),(23,23):3.250000
(24,24),(21,24):3.500000
(24,24),(21,22):1.750000
(24,24),(19,22):0.000000
(24,24),(19,19):0.416667
(24,24),(20,19):0.883333
(24,24),(20,18):0.985714
(24,24),(7,18):0.000000
(24,24),(7,20):0.000000
(24,24),(2,20):0.000000
(24,24),(2,17):0.000000
(24,24),(1,17):0.000000
(24,24),(1,16):0.000000
(24,24),(11,16):0.000000
(24,24),(11,15):0.000000
(24,24),(16,15):0.000000
(24,24),(16,7):0.197601
(24,24),(13,7):0.000000
(24,24),(13,13):0.000000
(24,24),(12,13):0.000000
(24,24),(12,14):0.000000
(24,24),(8,14):0.000000
(24,24),(8,3):0.000000
(24,24),(6,3):0.000000
(24,24),(6,8):0.000000
(24,24),(5,8):0.000000
(24,24),(5,12):0.000000
(24,24),(3,12):0.000000
(24,24),(3,6):0.000000
(24,24),(4,6):0.000000
(24,24),(4,1):0.000000
(24,24),(9,1):0.000000
(24,24),(9,10):0.000000
(24,24),(10,10):0.000000
(24,24),(10,5):0.000000
(24,24),(14,5):0.000000
(24,24),(14,4):0.000000
(24,24),(15,4):0.233900
(24,24),(15,2):0.000000
(24,24),(17,2):0.000000
(24,24),(17,9):0.378571
(24,24),(18,9):0.000000
(24,24),(18,11):0.690476
(24,24),(22,11):1.250000
(24,24),(22,23):3.250000
(24,24),(23,23):5.000000
(21,24),(21,22):13.500000
(21,24),(19,22):7.500000
(21,24),(19,19):4.041667
(21,24),(20,19):12.583333
(21,24),(20,18):12.700000
(21,24),(7,18):4.833333
(21,24),(7,20):0.000000
(21,24),(2,20):0.000000
(21,24),(2,17):3.250000
(21,24),(1,17):2.050000
(21,24),(1,16):2.157895
(21,24),(11,16):4.433333
(21,24),(11,15):3.500000
(21,24),(16,15):8.125000
(21,24),(16,7):4.267045
(21,24),(13,7):0.000000
(21,24),(13,13):0.000000
(21,24),(12,13):0.000000
(21,24),(12,14):0.000000
(21,24),(8,14):0.000000
(21,24),(8,3):0.000000
(21,24),(6,3):0.000000
(21,24),(6,8):0.000000
(21,24),(5,8):0.000000
(21,24),(5,12):0.000000
(21,24),(3,12):0.000000
(21,24),(3,6):0.000000
(21,24),(4,6):0.000000
(21,24),(4,1):0.000000
(21,24),(9,1):0.000000
(21,24),(9,10):0.000000
(21,24),(10,10):0.000000
(21,24),(10,5):0.000000
(21,24),(14,5):0.000000
(21,24),(14,4):0.000000
(21,24),(15,4):2.105639
(21,24),(15,2):0.000000
(21,24),(17,2):0.000000
(21,24),(17,9):4.678571
(21,24),(18,9):0.000000
(21,24),(18,11):12.273809
(21,24),(22,11):13.000000
(21,24),(22,23):15.000000
(21,24),(23,23):3.250000
(21,22),(19,22):15.000000
(21,22),(19,19):10.041667
(21,22),(20,19):26.583334
(21,22),(20,18):29.825001
(21,22),(7,18):11.500000
(21,22),(7,20):0.000000
(21,22),(2,20):0.000000
(21,22),(2,17):7.427928
(21,22),(1,17):4.900610
(21,22),(1,16):4.710526
(21,22),(11,16):10.163492
(21,22),(11,15):7.791667
(21,22),(16,15):21.625000
(21,22),(16,7):9.892045
(21,22),(13,7):0.000000
(21,22),(13,13):0.000000
(21,22),(12,13):0.000000
(21,22),(12,14):0.000000
(21,22),(8,14):0.000000
(21,22),(8,3):0.000000
(21,22),(6,3):0.000000
(21,22),(6,8):0.000000
(21,22),(5,8):0.000000
(21,22),(5,12):0.000000
(21,22),(3,12):0.000000
(21,22),(3,6):0.000000
(21,22),(4,6):0.000000
(21,22),(4,1):0.000000
(21,22),(9,1):0.000000
(21,22),(9,10):0.000000
(21,22),(10,10):0.000000
(21,22),(10,5):0.000000
(21,22),(14,5):0.000000
(21,22),(14,4):0.000000
(21,22),(15,4):4.505639
(21,22),(15,2):0.000000
(21,22),(17,2):0.000000
(21,22),(17,9):10.428572
(21,22),(18,9):0.000000
(21,22),(18,11):27.148809
(21,22),(22,11):31.250000
(21,22),(22,23):31.625000
(21,22),(23,23):1.500000
(19,22),(19,19):9.000000
(19,22),(20,19):15.000000
(19,22),(20,18):12.000000
(19,22),(7,18):4.166667
(19,22),(7,20):0.000000
(19,22),(2,20):0.000000
(19,22),(2,17):3.727739
(19,22),(1,17):2.044253
(19,22),(1,16):2.871543
(19,22),(11,16):4.485331
(19,22),(11,15):4.150000
(19,22),(16,15):5.633333
(19,22),(16,7):5.577866
(19,22),(13,7):0.000000
(19,22),(13,13):0.000000
(19,22),(12,13):0.000000
(19,22),(12,14):0.000000
(19,22),(8,14):0.000000
(19,22),(8,3):0.000000
(19,22),(6,3):0.000000
(19,22),(6,8):0.000000
(19,22),(5,8):0.000000
(19,22),(5,12):0.000000
(19,22),(3,12):0.000000
(19,22),(3,6):0.000000
(19,22),(4,6):0.000000
(19,22),(4,1):0.000000
(19,22),(9,1):0.000000
(19,22),(9,10):0.000000
(19,22),(10,10):0.000000
(19,22),(10,5):0.000000
(19,22),(14,5):0.000000
(19,22),(14,4):0.000000
(19,22),(15,4):2.660882
(19,22),(15,2):0.000000
(19,22),(17,2):0.000000
(19,22),(17,9):5.816667
(19,22),(18,9):0.000000
(19,22),(18,11):9.791209
(19,22),(22,11):13.125000
(19,22),(22,23):13.000000
(19,22),(23,23):0.000000
(19,19),(20,19):9.916667
(19,19),(20,18):6.866667
(19,19),(7,18):0.000000
(19,19),(7,20):0.000000
(19,19),(2,20):0.000000
(19,19),(2,17):0.000000
(19,19),(1,17):0.000000
(19,19),(1,16):0.000000
(19,19),(11,16):0.000000
(19,19),(11,15):0.000000
(19,19),(16,15):0.166667
(19,19),(16,7):3.785985
(19,19),(13,7):0.000000
(19,19),(13,13):0.000000
(19,19),(12,13):0.000000
(19,19),(12,14):0.000000
(19,19),(8,14):0.000000
(19,19),(8,3):0.000000
(19,19),(6,3):0.000000
(19,19),(6,8):0.000000
(19,19),(5,8):0.000000
(19,19),(5,12):0.000000
(19,19),(3,12):0.000000
(19,19),(3,6):0.000000
(19,19),(4,6):0.000000
(19,19),(4,1):0.000000
(19,19),(9,1):0.000000
(19,19),(9,10):0.000000
(19,19),(10,10):0.000000
(19,19),(10,5):0.000000
(19,19),(14,5):0.000000
(19,19),(14,4):0.000000
(19,19),(15,4):2.625602
(19,19),(15,2):0.000000
(19,19),(17,2):0.000000
(19,19),(17,9):4.178571
(19,19),(18,9):0.000000
(19,19),(18,11):4.663691
(19,19),(22,11):7.875000
(19,19),(22,23):8.041667
(19,19),(23,23):0.375000
(20,19),(20,18):23.533333
(20,19),(7,18):9.333333
(20,19),(7,20):0.000000
(20,19),(2,20):0.000000
(20,19),(2,17):6.333333
(20,19),(1,17):4.000000
(20,19),(1,16):4.210526
(20,19),(11,16):8.444445
(20,19),(11,15):6.666667
(20,19),(16,15):15.500000
(20,19),(16,7):7.642045
(20,19),(13,7):0.000000
(20,19),(13,13):0.000000
(20,19),(12,13):0.000000
(20,19),(12,14):0.000000
(20,19),(8,14):0.000000
(20,19),(8,3):0.000000
(20,19),(6,3):0.000000
(20,19),(6,8):0.000000
(20,19),(5,8):0.000000
(20,19),(5,12):0.000000
(20,19),(3,12):0.000000
(20,19),(3,6):0.000000
(20,19),(4,6):0.000000
(20,19),(4,1):0.000000
(20,19),(9,1):0.000000
(20,19),(9,10):0.000000
(20,19),(10,10):0.000000
(20,19),(10,5):0.000000
(20,19),(14,5):0.000000
(20,19),(14,4):0.000000
(20,19),(15,4):3.755639
(20,19),(15,2):0.000000
(20,19),(17,2):0.000000
(20,19),(17,9):8.178572
(20,19),(18,9):0.000000
(20,19),(18,11):21.023809
(20,19),(22,11):24.458334
(20,19),(22,23):24.583334
(20,19),(23,23):0.750000
(20,18),(7,18):56.900002
(20,18),(7,20):10.700000
(20,18),(2,20):16.125000
(20,18),(2,17):47.805557
(20,18),(1,17):27.022223
(20,18),(1,16):40.682747
(20,18),(11,16):56.016666
(20,18),(11,15):33.666668
(20,18),(16,15):73.328575
(20,18),(16,7):37.278408
(20,18),(13,7):1.191919
(20,18),(13,13):0.000000
(20,18),(12,13):0.000000
(20,18),(12,14):0.000000
(20,18),(8,14):0.061796
(20,18),(8,3):0.000000
(20,18),(6,3):0.000000
(20,18),(6,8):0.000000
(20,18),(5,8):0.000000
(20,18),(5,12):0.000000
(20,18),(3,12):0.000000
(20,18),(3,6):0.000000
(20,18),(4,6):0.000000
(20,18),(4,1):0.000000
(20,18),(9,1):0.000000
(20,18),(9,10):0.000000
(20,18),(10,10):0.317316
(20,18),(10,5):0.748106
(20,18),(14,5):1.261364
(20,18),(14,4):1.303030
(20,18),(15,4):10.975336
(20,18),(15,2):11.096429
(20,18),(17,2):11.979487
(20,18),(17,9):38.993507
(20,18),(18,9):18.928572
(20,18),(18,11):55.702381
(20,18),(22,11):58.250000
(20,18),(22,23):36.769695
(20,18),(23,23):0.825000
(7,18),(7,20):20.700001
(7,18),(2,20):26.125000
(7,18),(2,17):57.622223
(7,18),(1,17):26.950001
(7,18),(1,16):46.400002
(7,18),(11,16):60.500000
(7,18),(11,15):32.000000
(7,18),(16,15):52.066666
(7,18),(16,7):16.535715
(7,18),(13,7):0.000000
(7,18),(13,13):0.000000
(7,18),(12,13):0.000000
(7,18),(12,14):0.000000
(7,18),(8,14):0.000000
(7,18),(8,3):0.000000
(7,18),(6,3):0.000000
(7,18),(6,8):0.000000
(7,18),(5,8):0.000000
(7,18),(5,12):0.000000
(7,18),(3,12):0.000000
(7,18),(3,6):0.000000
(7,18),(4,6):0.000000
(7,18),(4,1):0.000000
(7,18),(9,1):0.000000
(7,18),(9,10):0.000000
(7,18),(10,10):0.000000
(7,18),(10,5):0.000000
(7,18),(14,5):0.000000
(7,18),(14,4):0.000000
(7,18),(15,4):3.133333
(7,18),(15,2):4.449689
(7,18),(17,2):3.512820
(7,18),(17,9):17.285715
(7,18),(18,9):8.166667
(7,18),(18,11):26.250000
(7,18),(22,11):30.750000
(7,18),(22,23):12.647058
(7,18),(23,23):0.000000
(7,20),(2,20):20.000000
(7,20),(2,17):20.700001
(7,20),(1,17):5.700000
(7,20),(1,16):16.200001
(7,20),(11,16):16.700001
(7,20),(11,15):0.000000
(7,20),(16,15):7.666667
(7,20),(16,7):0.000000
(7,20),(13,7):0.000000
(7,20),(13,13):0.000000
(7,20),(12,13):0.000000
(7,20),(12,14):0.000000
(7,20),(8,14):0.000000
(7,20),(8,3):0.000000
(7,20),(6,3):0.000000
(7,20),(6,8):0.000000
(7,20),(5,8):0.000000
(7,20),(5,12):0.000000
(7,20),(3,12):0.000000
(7,20),(3,6):0.000000
(7,20),(4,6):0.000000
(7,20),(4,1):0.000000
(7,20),(9,1):0.000000
(7,20),(9,10):0.000000
(7,20),(10,10):0.000000
(7,20),(10,5):0.000000
(7,20),(14,5):0.000000
(7,20),(14,4):0.000000
(7,20),(15,4):0.000000
(7,20),(15,2):0.000000
(7,20),(17,2):0.000000
(7,20),(17,9):0.000000
(7,20),(18,9):0.000000
(7,20),(18,11):0.000000
(7,20),(22,11):0.000000
(7,20),(22,23):0.000000
(7,20),(23,23):0.000000
(2,20),(2,17):25.076923
(2,20),(1,17):8.816667
(2,20),(1,16):20.500000
(2,20),(11,16):22.125000
(2,20),(11,15):1.325000
(2,20),(16,15):12.191667
(2,20),(16,7):0.000000
(2,20),(13,7):0.000000
(2,20),(13,13):0.000000
(2,20),(12,13):0.000000
(2,20),(12,14):0.000000
(2,20),(8,14):0.000000
(2,20),(8,3):0.000000
(2,20),(6,3):0.000000
(2,20),(6,8):0.000000
(2,20),(5,8):0.000000
(2,20),(5,12):0.000000
(2,20),(3,12):0.000000
(2,20),(3,6):0.000000
(2,20),(4,6):0.000000
(2,20),(4,1):0.000000
(2,20),(9,1):0.000000
(2,20),(9,10):0.000000
(2,20),(10,10):0.000000
(2,20),(10,5):0.000000
(2,20),(14,5):0.000000
(2,20),(14,4):0.000000
(2,20),(15,4):0.000000
(2,20),(15,2):0.000000
(2,20),(17,2):0.000000
(2,20),(17,9):0.000000
(2,20),(18,9):0.000000
(2,20),(18,11):0.000000
(2,20),(22,11):0.000000
(2,20),(22,23):0.000000
(2,20),(23,23):0.000000
(2,17),(1,17):27.049999
(2,17),(1,16):46.611111
(2,17),(11,16):53.833332
(2,17),(11,15):28.611111
(2,17),(16,15):42.900002
(2,17),(16,7):13.425397
(2,17),(13,7):0.000000
(2,17),(13,13):0.000000
(2,17),(12,13):0.000000
(2,17),(12,14):0.000000
(2,17),(8,14):0.000000
(2,17),(8,3):0.000000
(2,17),(6,3):0.000000
(2,17),(6,8):0.000000
(2,17),(5,8):0.000000
(2,17),(5,12):0.000000
(2,17),(3,12):0.000000
(2,17),(3,6):0.000000
(2,17),(4,6):0.000000
(2,17),(4,1):0.000000
(2,17),(9,1):0.000000
(2,17),(9,10):0.000000
(2,17),(10,10):0.000000
(2,17),(10,5):0.000000
(2,17),(14,5):0.000000
(2,17),(14,4):0.000000
(2,17),(15,4):2.434138
(2,17),(15,2):3.504539
(2,17),(17,2):2.949602
(2,17),(17,9):14.158626
(2,17),(18,9):6.799145
(2,17),(18,11):19.642157
(2,17),(22,11):24.016666
(2,17),(22,23):8.056738
(2,17),(23,23):0.000000
(1,17),(1,16):21.000000
(1,17),(11,16):27.049999
(1,17),(11,15):17.000000
(1,17),(16,15):19.549999
(1,17),(16,7):7.797619
(1,17),(13,7):0.000000
(1,17),(13,13):0.000000
(1,17),(12,13):0.000000
(1,17),(12,14):0.000000
(1,17),(8,14):0.000000
(1,17),(8,3):0.000000
(1,17),(6,3):0.000000
(1,17),(6,8):0.000000
(1,17),(5,8):0.000000
(1,17),(5,12):0.000000
(1,17),(3,12):0.000000
(1,17),(3,6):0.000000
(1,17),(4,6):0.000000
(1,17),(4,1):0.000000
(1,17),(9,1):0.000000
(1,17),(9,10):0.000000
(1,17),(10,10):0.000000
(1,17),(10,5):0.000000
(1,17),(14,5):0.000000
(1,17),(14,4):0.000000
(1,17),(15,4):1.459636
(1,17),(15,2):2.087301
(1,17),(17,2):1.694156
(1,17),(17,9):8.109766
(1,17),(18,9):3.823563
(1,17),(18,11):11.734211
(1,17),(22,11):13.579412
(1,17),(22,23):5.417308
(1,17),(23,23):0.000000
(1,16),(11,16):43.377193
(1,16),(11,15):22.210526
(1,16),(16,15):33.877193
(1,16),(16,7):10.125000
(1,16),(13,7):0.000000
(1,16),(13,13):0.000000
(1,16),(12,13):0.000000
(1,16),(12,14):0.000000
(1,16),(8,14):0.000000
(1,16),(8,3):0.000000
(1,16),(6,3):0.000000
(1,16),(6,8):0.000000
(1,16),(5,8):0.000000
(1,16),(5,12):0.000000
(1,16),(3,12):0.000000
(1,16),(3,6):0.000000
(1,16),(4,6):0.000000
(1,16),(4,1):0.000000
(1,16),(9,1):0.000000
(1,16),(9,10):0.000000
(1,16),(10,10):0.000000
(1,16),(10,5):0.000000
(1,16),(14,5):0.000000
(1,16),(14,4):0.000000
(1,16),(15,4):1.753114
(1,16),(15,2):2.571429
(1,16),(17,2):2.307692
(1,16),(17,9):10.791667
(1,16),(18,9):5.333333
(1,16),(18,11):14.210526
(1,16),(22,11):18.210526
(1,16),(22,23):5.010526
(1,16),(23,23):0.000000
(11,16),(11,15):33.444443
(11,16),(16,15):51.111111
(11,16),(16,7):15.985795
(11,16),(13,7):0.000000
(11,16),(13,13):0.000000
(11,16),(12,13):0.000000
(11,16),(12,14):0.000000
(11,16),(8,14):0.000000
(11,16),(8,3):0.000000
(11,16),(6,3):0.000000
(11,16),(6,8):0.000000
(11,16),(5,8):0.000000
(11,16),(5,12):0.000000
(11,16),(3,12):0.000000
(11,16),(3,6):0.000000
(11,16),(4,6):0.000000
(11,16),(4,1):0.000000
(11,16),(9,1):0.000000
(11,16),(9,10):0.000000
(11,16),(10,10):0.000000
(11,16),(10,5):0.000000
(11,16),(14,5):0.000000
(11,16),(14,4):0.000000
(11,16),(15,4):2.947606
(11,16),(15,2):4.179329
(11,16),(17,2):3.446154
(11,16),(17,9):16.735796
(11,16),(18,9):7.900000
(11,16),(18,11):24.294445
(11,16),(22,11):28.794445
(11,16),(22,23):11.118519
(11,16),(23,23):0.000000
(11,15),(16,15):33.666668
(11,15),(16,7):14.700000
(11,15),(13,7):0.000000
(11,15),(13,13):0.000000
(11,15),(12,13):0.000000
(11,15),(12,14):0.000000
(11,15),(8,14):0.000000
(11,15),(8,3):0.000000
(11,15),(6,3):0.000000
(11,15),(6,8):0.000000
(11,15),(5,8):0.000000
(11,15),(5,12):0.000000
(11,15),(3,12):0.000000
(11,15),(3,6):0.000000
(11,15),(4,6):0.000000
(11,15),(4,1):0.000000
(11,15),(9,1):0.000000
(11,15),(9,10):0.000000
(11,15),(10,10):0.000000
(11,15),(10,5):0.000000
(11,15),(14,5):0.000000
(11,15),(14,4):0.000000
(11,15),(15,4):2.569231
(11,15),(15,2):3.728571
(11,15),(17,2):3.346154
(11,15),(17,9):15.450000
(11,15),(18,9):7.500000
(11,15),(18,11):20.916666
(11,15),(22,11):25.416666
(11,15),(22,23):8.466666
(11,15),(23,23):0.000000
(16,15),(16,7):37.500000
(16,15),(13,7):4.916667
(16,15),(13,13):0.000000
(16,15),(12,13):0.000000
(16,15),(12,14):0.000000
(16,15),(8,14):0.114286
(16,15),(8,3):0.000000
(16,15),(6,3):0.000000
(16,15),(6,8):0.000000
(16,15),(5,8):0.000000
(16,15),(5,12):0.000000
(16,15),(3,12):0.000000
(16,15),(3,6):0.000000
(16,15),(4,6):0.000000
(16,15),(4,1):0.000000
(16,15),(9,1):0.000000
(16,15),(9,10):0.000000
(16,15),(10,10):1.233333
(16,15),(10,5):2.166667
(16,15),(14,5):5.000000
(16,15),(14,4):3.750000
(16,15),(15,4):12.226191
(16,15),(15,2):15.471429
(16,15),(17,2):16.346153
(16,15),(17,9):39.250000
(16,15),(18,9):19.500000
(16,15),(18,11):50.750000
(16,15),(22,11):50.250000
(16,15),(22,23):28.233334
(16,15),(23,23):0.000000
(16,7),(13,7):19.416666
(16,7),(13,13):6.000000
(16,7),(12,13):6.333333
(16,7),(12,14):4.000000
(16,7),(8,14):4.195238
(16,7),(8,3):0.000000
(16,7),(6,3):0.000000
(16,7),(6,8):0.000000
(16,7),(5,8):0.000000
(16,7),(5,12):0.000000
(16,7),(3,12):0.000000
(16,7),(3,6):0.000000
(16,7),(4,6):0.000000
(16,7),(4,1):0.000000
(16,7),(9,1):0.000000
(16,7),(9,10):0.000000
(16,7),(10,10):10.933333
(16,7),(10,5):14.166667
(16,7),(14,5):19.500000
(16,7),(14,4):9.750000
(16,7),(15,4):25.222090
(16,7),(15,2):20.471428
(16,7),(17,2):25.500000
(16,7),(17,9):45.883118
(16,7),(18,9):17.000000
(16,7),(18,11):35.621212
(16,7),(22,11):31.500000
(16,7),(22,23):16.929546
(16,7),(23,23):0.187500
(13,7),(13,13):28.000000
(13,7),(12,13):32.250000
(13,7),(12,14):23.916666
(13,7),(8,14):27.736904
(13,7),(8,3):3.580357
(13,7),(6,3):0.000000
(13,7),(6,8):0.000000
(13,7),(5,8):0.000000
(13,7),(5,12):0.000000
(13,7),(3,12):0.000000
(13,7),(3,6):0.000000
(13,7),(4,6):0.000000
(13,7),(4,1):0.000000
(13,7),(9,1):2.500000
(13,7),(9,10):16.916666
(13,7),(10,10):36.849998
(13,7),(10,5):33.916668
(13,7),(14,5):33.000000
(13,7),(14,4):8.750000
(13,7),(15,4):21.683332
(13,7),(15,2):8.666667
(13,7),(17,2):18.505953
(13,7),(17,9):7.916667
(13,7),(18,9):0.000000
(13,7),(18,11):0.000000
(13,7),(22,11):0.000000
(13,7),(22,23):0.959925
(13,7),(23,23):0.000000
(13,13),(12,13):30.375000
(13,13),(12,14):22.375000
(13,13),(8,14):24.000000
(13,13),(8,3):4.017857
(13,13),(6,3):0.000000
(13,13),(6,8):0.000000
(13,13),(5,8):0.000000
(13,13),(5,12):0.000000
(13,13),(3,12):0.000000
(13,13),(3,6):0.000000
(13,13),(4,6):0.000000
(13,13),(4,1):0.000000
(13,13),(9,1):3.375000
(13,13),(9,10):15.375000
(13,13),(10,10):30.000000
(13,13),(10,5):24.000000
(13,13),(14,5):18.500000
(13,13),(14,4):0.000000
(13,13),(15,4):8.100000
(13,13),(15,2):0.000000
(13,13),(17,2):5.814286
(13,13),(17,9):0.000000
(13,13),(18,9):0.000000
(13,13),(18,11):0.000000
(13,13),(22,11):0.000000
(13,13),(22,23):0.000000
(13,13),(23,23):0.000000
(12,13),(12,14):26.500000
(12,13),(8,14):28.458334
(12,13),(8,3):5.642857
(12,13),(6,3):0.000000
(12,13),(6,8):0.000000
(12,13),(5,8):0.000000
(12,13),(5,12):0.000000
(12,13),(3,12):0.000000
(12,13),(3,6):0.000000
(12,13),(4,6):0.000000
(12,13),(4,1):0.000000
(12,13),(9,1):4.500000
(12,13),(9,10):19.500000
(12,13),(10,10):34.333332
(12,13),(10,5):26.333334
(12,13),(14,5):20.583334
(12,13),(14,4):0.000000
(12,13),(15,4):8.866667
(12,13),(15,2):0.000000
(12,13),(17,2):5.939286
(12,13),(17,9):0.000000
(12,13),(18,9):0.000000
(12,13),(18,11):0.000000
(12,13),(22,11):0.000000
(12,13),(22,23):0.000000
(12,13),(23,23):0.000000
(12,14),(8,14):20.666666
(12,14),(8,3):5.809524
(12,14),(6,3):0.000000
(12,14),(6,8):0.000000
(12,14),(5,8):0.000000
(12,14),(5,12):0.000000
(12,14),(3,12):0.000000
(12,14),(3,6):0.000000
(12,14),(4,6):0.000000
(12,14),(4,1):0.000000
(12,14),(9,1):4.666667
(12,14),(9,10):16.666666
(12,14),(10,10):26.000000
(12,14),(10,5):18.000000
(12,14),(14,5):17.250000
(12,14),(14,4):0.000000
(12,14),(15,4):7.516667
(12,14),(15,2):0.000000
(12,14),(17,2):4.714286
(12,14),(17,9):0.000000
(12,14),(18,9):0.000000
(12,14),(18,11):0.000000
(12,14),(22,11):0.000000
(12,14),(22,23):0.000000
(12,14),(23,23):0.000000
(8,14),(8,3):14.142858
(8,14),(6,3):2.000000
(8,14),(6,8):0.000000
(8,14),(5,8):0.000000
(8,14),(5,12):0.000000
(8,14),(3,12):0.000000
(8,14),(3,6):0.000000
(8,14),(4,6):0.000000
(8,14),(4,1):2.250000
(8,14),(9,1):13.000000
(8,14),(9,10):27.875000
(8,14),(10,10):29.525000
(8,14),(10,5):21.053572
(8,14),(14,5):15.916667
(8,14),(14,4):0.580952
(8,14),(15,4):9.961905
(8,14),(15,2):0.328571
(8,14),(17,2):6.867857
(8,14),(17,9):0.472549
(8,14),(18,9):0.000000
(8,14),(18,11):0.000000
(8,14),(22,11):0.000000
(8,14),(22,23):0.052270
(8,14),(23,23):0.000000
(8,3),(6,3):10.000000
(8,3),(6,8):4.000000
(8,3),(5,8):4.400000
(8,3),(5,12):2.000000
(8,3),(3,12):3.333333
(8,3),(3,6):0.000000
(8,3),(4,6):5.333333
(8,3),(4,1):10.250000
(8,3),(9,1):21.000000
(8,3),(9,10):14.428572
(8,3),(10,10):5.142857
(8,3),(10,5):0.000000
(8,3),(14,5):3.169192
(8,3),(14,4):0.000000
(8,3),(15,4):2.308274
(8,3),(15,2):0.000000
(8,3),(17,2):1.072938
(8,3),(17,9):0.000000
(8,3),(18,9):0.000000
(8,3),(18,11):0.000000
(8,3),(22,11):0.000000
(8,3),(22,23):0.000000
(8,3),(23,23):0.000000
(6,3),(6,8):15.250000
(6,3),(5,8):22.049999
(6,3),(5,12):14.650000
(6,3),(3,12):19.233334
(6,3),(3,6):11.650000
(6,3),(4,6):22.983334
(6,3),(4,1):22.400000
(6,3),(9,1):11.333333
(6,3),(9,10):2.285714
(6,3),(10,10):0.000000
(6,3),(10,5):0.000000
(6,3),(14,5):0.000000
(6,3),(14,4):0.000000
(6,3),(15,4):0.000000
(6,3),(15,2):0.000000
(6,3),(17,2):0.000000
(6,3),(17,9):0.000000
(6,3),(18,9):0.000000
(6,3),(18,11):0.000000
(6,3),(22,11):0.000000
(6,3),(22,23):0.000000
(6,3),(23,23):0.000000
(6,8),(5,8):16.000000
(6,8),(5,12):9.000000
(6,8),(3,12):12.916667
(6,8),(3,6):6.000000
(6,8),(4,6):16.000000
(6,8),(4,1):14.000000
(6,8),(9,1):5.333333
(6,8),(9,10):0.000000
(6,8),(10,10):0.000000
(6,8),(10,5):0.000000
(6,8),(14,5):0.000000
(6,8),(14,4):0.000000
(6,8),(15,4):0.000000
(6,8),(15,2):0.000000
(6,8),(17,2):0.000000
(6,8),(17,9):0.000000
(6,8),(18,9):0.000000
(6,8),(18,11):0.000000
(6,8),(22,11):0.000000
(6,8),(22,23):0.000000
(6,8),(23,23):0.000000
(5,8),(5,12):17.000000
(5,8),(3,12):21.316668
(5,8),(3,6):14.000000
(5,8),(4,6):24.400000
(5,8),(4,1):18.400000
(5,8),(9,1):5.733333
(5,8),(9,10):0.000000
(5,8),(10,10):0.000000
(5,8),(10,5):0.000000
(5,8),(14,5):0.000000
(5,8),(14,4):0.000000
(5,8),(15,4):0.000000
(5,8),(15,2):0.000000
(5,8),(17,2):0.000000
(5,8),(17,9):0.000000
(5,8),(18,9):0.000000
(5,8),(18,11):0.000000
(5,8),(22,11):0.000000
(5,8),(22,23):0.000000
(5,8),(23,23):0.000000
(5,12),(3,12):14.916667
(5,12),(3,6):12.000000
(5,12),(4,6):17.000000
(5,12),(4,1):11.000000
(5,12),(9,1):3.000000
(5,12),(9,10):0.000000
(5,12),(10,10):0.000000
(5,12),(10,5):0.000000
(5,12),(14,5):0.000000
(5,12),(14,4):0.000000
(5,12),(15,4):0.000000
(5,12),(15,2):0.000000
(5,12),(17,2):0.000000
(5,12),(17,9):0.000000
(5,12),(18,9):0.000000
(5,12),(18,11):0.000000
(5,12),(22,11):0.000000
(5,12),(22,23):0.000000
(5,12),(23,23):0.000000
(3,12),(3,6):13.000000
(3,12),(4,6):21.583334
(3,12),(4,1):15.583333
(3,12),(9,1):4.177083
(3,12),(9,10):0.000000
(3,12),(10,10):0.000000
(3,12),(10,5):0.000000
(3,12),(14,5):0.000000
(3,12),(14,4):0.000000
(3,12),(15,4):0.000000
(3,12),(15,2):0.000000
(3,12),(17,2):0.000000
(3,12),(17,9):0.000000
(3,12),(18,9):0.000000
(3,12),(18,11):0.000000
(3,12),(22,11):0.000000
(3,12),(22,23):0.000000
(3,12),(23,23):0.000000
(3,6),(4,6):14.000000
(3,6),(4,1):8.000000
(3,6),(9,1):0.000000
(3,6),(9,10):0.000000
(3,6),(10,10):0.000000
(3,6),(10,5):0.000000
(3,6),(14,5):0.000000
(3,6),(14,4):0.000000
(3,6),(15,4):0.000000
(3,6),(15,2):0.000000
(3,6),(17,2):0.000000
(3,6),(17,9):0.000000
(3,6),(18,9):0.000000
(3,6),(18,11):0.000000
(3,6),(22,11):0.000000
(3,6),(22,23):0.000000
(3,6),(23,23):0.000000
(4,6),(4,1):19.333334
(4,6),(9,1):6.666667
(4,6),(9,10):0.000000
(4,6),(10,10):0.000000
(4,6),(10,5):0.000000
(4,6),(14,5):0.000000
(4,6),(14,4):0.000000
(4,6),(15,4):0.000000
(4,6),(15,2):0.000000
(4,6),(17,2):0.000000
(4,6),(17,9):0.000000
(4,6),(18,9):0.000000
(4,6),(18,11):0.000000
(4,6),(22,11):0.000000
(4,6),(22,23):0.000000
(4,6),(23,23):0.000000
(4,1),(9,1):11.583333
(4,1),(9,10):2.535714
(4,1),(10,10):0.000000
(4,1),(10,5):0.000000
(4,1),(14,5):0.000000
(4,1),(14,4):0.000000
(4,1),(15,4):0.000000
(4,1),(15,2):0.000000
(4,1),(17,2):0.000000
(4,1),(17,9):0.000000
(4,1),(18,9):0.000000
(4,1),(18,11):0.000000
(4,1),(22,11):0.000000
(4,1),(22,23):0.000000
(4,1),(23,23):0.000000
(9,1),(9,10):13.285714
(9,1),(10,10):4.000000
(9,1),(10,5):0.000000
(9,1),(14,5):2.125000
(9,1),(14,4):0.000000
(9,1),(15,4):1.866667
(9,1),(15,2):0.000000
(9,1),(17,2):0.910714
(9,1),(17,9):0.000000
(9,1),(18,9):0.000000
(9,1),(18,11):0.000000
(9,1),(22,11):0.000000
(9,1),(22,23):0.000000
(9,1),(23,23):0.000000
(9,10),(10,10):19.000000
(9,10),(10,5):11.000000
(9,10),(14,5):7.500000
(9,10),(14,4):0.000000
(9,10),(15,4):4.266667
(9,10),(15,2):0.000000
(9,10),(17,2):1.939286
(9,10),(17,9):0.000000
(9,10),(18,9):0.000000
(9,10),(18,11):0.000000
(9,10),(22,11):0.000000
(9,10),(22,23):0.000000
(9,10),(23,23):0.000000
(10,10),(10,5):28.000000
(10,10),(14,5):24.850000
(10,10),(14,4):1.600000
(10,10),(15,4):13.200000
(10,10),(15,2):2.333333
(10,10),(17,2):10.172619
(10,10),(17,9):2.548718
(10,10),(18,9):0.000000
(10,10),(18,11):0.000000
(10,10),(22,11):0.000000
(10,10),(22,23):0.252069
(10,10),(23,23):0.000000
(10,5),(14,5):23.166666
(10,5),(14,4):6.166667
(10,5),(15,4):12.916667
(10,5),(15,2):4.166667
(10,5),(17,2):11.791667
(10,5),(17,9):3.166667
(10,5),(18,9):0.000000
(10,5),(18,11):0.000000
(10,5),(22,11):0.000000
(10,5),(22,23):0.622587
(10,5),(23,23):0.000000
(14,5),(14,4):9.500000
(14,5),(15,4):21.666666
(14,5),(15,2):8.500000
(14,5),(17,2):18.125000
(14,5),(17,9):7.750000
(14,5),(18,9):0.000000
(14,5),(18,11):0.000000
(14,5),(22,11):0.000000
(14,5),(22,23):1.017909
(14,5),(23,23):0.000000
(14,4),(15,4):9.750000
(14,4),(15,2):6.750000
(14,4),(17,2):9.250000
(14,4),(17,9):6.000000
(14,4),(18,9):0.000000
(14,4),(18,11):0.000000
(14,4),(22,11):0.000000
(14,4),(22,23):1.069368
(14,4),(23,23):0.000000
(15,4),(15,2):12.500000
(15,4),(17,2):21.225000
(15,4),(17,9):19.583334
(15,4),(18,9):1.416667
(15,4),(18,11):9.321428
(15,4),(22,11):8.050000
(15,4),(22,23):9.793139
(15,4),(23,23):0.219925
(15,2),(17,2):12.500000
(15,2),(17,9):19.471428
(15,2),(18,9):4.650000
(15,2),(18,11):9.471429
(15,2),(22,11):7.500000
(15,2),(22,23):3.441667
(15,2),(23,23):0.000000
(17,2),(17,9):20.512821
(17,2),(18,9):9.346154
(17,2),(18,11):10.346154
(17,2),(22,11):7.346154
(17,2),(22,23):2.531818
(17,2),(23,23):0.000000
(17,9),(18,9):18.750000
(17,9),(18,11):37.916668
(17,9),(22,11):32.750000
(17,9),(22,23):17.799404
(17,9),(23,23):0.345238
(18,9),(18,11):19.500000
(18,9),(22,11):15.500000
(18,9),(22,23):2.533333
(18,9),(23,23):0.000000
(18,11),(22,11):51.107143
(18,11),(22,23):33.357143
(18,11),(23,23):0.595238
(22,11),(22,23):33.700001
(22,11),(23,23):1.000000
(22,23),(23,23):3.000000
