76
(37,30):(37,30)	(37,31)	(37,32)	(37,33)	(37,34)	(37,35)	(37,36)	(37,37)	(38,30)	(38,38)	
(38,30):(35,36)	(35,38)	(36,34)	(36,35)	(36,36)	(36,37)	(37,30)	(37,31)	(37,32)	(37,33)	(37,34)	(37,35)	(37,36)	(37,37)	(38,30)	(38,38)	
(38,38):(32,34)	(33,34)	(34,34)	(34,35)	(35,35)	(35,36)	(35,38)	(36,31)	(36,34)	(36,35)	(36,36)	(36,37)	(37,30)	(37,31)	(37,32)	(37,33)	(37,34)	(37,35)	(37,36)	(37,37)	(38,30)	(38,38)	
(35,38):(35,35)	(35,36)	(35,38)	(36,34)	(36,35)	(36,36)	(36,37)	(37,31)	(37,32)	(37,33)	(37,34)	(37,35)	(37,36)	(37,37)	(38,30)	(38,38)	
(35,36):(29,33)	(31,34)	(32,34)	(33,34)	(33,35)	(33,36)	(34,34)	(34,35)	(35,35)	(35,36)	(35,38)	(36,34)	(36,35)	(36,36)	(36,37)	(37,32)	(37,33)	(37,34)	(37,35)	(37,36)	(37,37)	(38,30)	(38,38)	
(33,36):(33,34)	(33,35)	(33,36)	(34,33)	(34,34)	(34,35)	(35,35)	(35,36)	(36,34)	(36,35)	(36,36)	(37,34)	(37,35)	(37,36)	
(33,35):(23,32)	(23,33)	(23,34)	(23,35)	(24,32)	(24,33)	(24,34)	(24,35)	(25,33)	(25,34)	(25,35)	(26,33)	(26,34)	(26,35)	(27,33)	(27,34)	(27,35)	(28,33)	(28,34)	(28,35)	(29,33)	(29,34)	(29,35)	(30,34)	(30,35)	(31,34)	(32,34)	(33,34)	(33,35)	(33,36)	(34,33)	(34,34)	(34,35)	(35,35)	(35,36)	(36,34)	(36,35)	(36,36)	(37,34)	(37,35)	(37,36)	(37,37)	
(30,35):(22,37)	(23,32)	(23,33)	(23,34)	(23,35)	(23,36)	(24,32)	(24,33)	(24,34)	(24,35)	(24,36)	(25,33)	(25,34)	(25,35)	(25,36)	(26,33)	(26,34)	(26,35)	(26,36)	(27,33)	(27,34)	(27,35)	(27,36)	(28,33)	(28,34)	(28,35)	(28,36)	(29,33)	(29,34)	(29,35)	(29,36)	(30,34)	(30,35)	(30,37)	(31,34)	(32,34)	(33,34)	(33,35)	(34,33)	(34,34)	(34,35)	(35,35)	(36,34)	(36,35)	(37,34)	(37,35)	
(30,37):(22,37)	(23,32)	(23,33)	(23,34)	(23,35)	(23,36)	(24,32)	(24,33)	(24,34)	(24,35)	(24,36)	(25,33)	(25,34)	(25,35)	(25,36)	(26,33)	(26,34)	(26,35)	(26,36)	(27,33)	(27,34)	(27,35)	(27,36)	(28,33)	(28,34)	(28,35)	(28,36)	(29,33)	(29,34)	(29,35)	(29,36)	(30,34)	(30,35)	(30,37)	
(22,37):(22,28)	(22,29)	(22,37)	(23,28)	(23,29)	(23,30)	(23,31)	(23,32)	(23,33)	(23,34)	(23,35)	(23,36)	(24,27)	(24,32)	(24,33)	(24,34)	(24,35)	(24,36)	(25,33)	(25,34)	(25,35)	(25,36)	(26,33)	(26,34)	(26,35)	(26,36)	(27,33)	(27,34)	(27,35)	(27,36)	(28,33)	(28,34)	(28,35)	(28,36)	(29,32)	(29,33)	(29,34)	(29,35)	(29,36)	(30,34)	(30,35)	(30,37)	(31,34)	(32,34)	(33,34)	(34,33)	(34,34)	
(22,29):(10,29)	(11,28)	(12,28)	(18,27)	(18,28)	(19,28)	(20,28)	(21,28)	(22,28)	(22,29)	(22,37)	(23,28)	(23,29)	(23,30)	(23,31)	(23,32)	(23,33)	(23,34)	(23,35)	(23,36)	(24,27)	(24,32)	(24,33)	(24,34)	(24,35)	(24,36)	(25,34)	(25,35)	(25,36)	(26,35)	(26,36)	
(10,29):(10,13)	(10,14)	(10,15)	(10,16)	(10,17)	(10,29)	(11,13)	(11,14)	(11,15)	(11,16)	(11,17)	(11,18)	(11,19)	(11,24)	(11,25)	(11,26)	(11,27)	(11,28)	(12,25)	(12,28)	(18,28)	(19,28)	(20,28)	(21,28)	(22,28)	(22,29)	(23,28)	(23,29)	
(10,17):(8,12)	(9,13)	(9,14)	(9,15)	(9,16)	(9,17)	(10,13)	(10,14)	(10,15)	(10,16)	(10,17)	(10,29)	(11,13)	(11,14)	(11,15)	(11,16)	(11,17)	(11,18)	(11,19)	(11,24)	(11,25)	(11,26)	(11,27)	(11,28)	(12,13)	(12,14)	(12,15)	(12,16)	(12,17)	(12,18)	(13,13)	(13,14)	(13,15)	(13,16)	(13,17)	(13,18)	(14,13)	(14,14)	(14,15)	(14,16)	(14,17)	(14,18)	(15,13)	(15,14)	(15,15)	(15,16)	(15,17)	(15,18)	(16,13)	(16,14)	(16,15)	(16,16)	(16,17)	(16,18)	(17,13)	(17,14)	(17,15)	(17,16)	(17,17)	(17,18)	(18,13)	(18,14)	(18,15)	(18,16)	(18,17)	(18,18)	(19,13)	(19,14)	(19,15)	(19,16)	(19,17)	(19,18)	(20,13)	(20,14)	(20,15)	(20,16)	(20,17)	(20,18)	(21,13)	(21,14)	(21,15)	(21,16)	(21,17)	(21,18)	(22,13)	(22,14)	(22,15)	(22,16)	(22,17)	(22,18)	(23,13)	(23,14)	(23,15)	(23,16)	(23,17)	(23,18)	(24,13)	(24,14)	(24,15)	(24,16)	(24,17)	(24,18)	(25,13)	(25,14)	(25,15)	(25,16)	(25,17)	(25,18)	(26,12)	(26,13)	(26,14)	(26,15)	(26,16)	(26,17)	(26,18)	(27,14)	(27,15)	(27,16)	(27,17)	(27,18)	(27,19)	(28,14)	(28,15)	(28,16)	(28,17)	(29,14)	(29,15)	(29,16)	(29,17)	(30,14)	(30,15)	(30,16)	(30,17)	(31,13)	(31,14)	(31,15)	(31,16)	(31,17)	(32,14)	(32,18)	
(9,17):(8,12)	(8,23)	(8,24)	(8,25)	(9,13)	(9,14)	(9,15)	(9,16)	(9,17)	(9,26)	(10,13)	(10,14)	(10,15)	(10,16)	(10,17)	(11,13)	(11,14)	(11,15)	(11,16)	(11,17)	(12,13)	(12,14)	(12,15)	(12,16)	(12,17)	(13,13)	(13,14)	(13,15)	(13,16)	(13,17)	(14,13)	(14,14)	(14,15)	(14,16)	(14,17)	(15,13)	(15,14)	(15,15)	(15,16)	(15,17)	(16,13)	(16,14)	(16,15)	(16,16)	(16,17)	(17,13)	(17,14)	(17,15)	(17,16)	(17,17)	(18,13)	(18,14)	(18,15)	(18,16)	(18,17)	(19,13)	(19,14)	(19,15)	(19,16)	(19,17)	(20,13)	(20,14)	(20,15)	(20,16)	(20,17)	(21,13)	(21,14)	(21,15)	(21,16)	(21,17)	(22,13)	(22,14)	(22,15)	(22,16)	(22,17)	(23,13)	(23,14)	(23,15)	(23,16)	(23,17)	(24,13)	(24,14)	(24,15)	(24,16)	(24,17)	(25,13)	(25,14)	(25,15)	(25,16)	(25,17)	(26,12)	(26,13)	(26,14)	(26,15)	(26,16)	(26,17)	(27,14)	(27,15)	(27,16)	(27,17)	(28,14)	(28,15)	(28,16)	(28,17)	(29,14)	(29,15)	(29,16)	(29,17)	(30,14)	(30,15)	(30,16)	(30,17)	(31,13)	(31,14)	(31,15)	(31,16)	(31,17)	(32,14)	
(9,26):(1,15)	(2,16)	(2,17)	(2,18)	(2,19)	(2,20)	(2,21)	(2,22)	(2,26)	(3,17)	(3,18)	(3,19)	(3,20)	(3,21)	(3,22)	(3,23)	(3,24)	(3,25)	(4,19)	(4,20)	(4,21)	(4,22)	(4,23)	(4,24)	(4,25)	(5,20)	(5,21)	(5,22)	(5,23)	(5,24)	(5,25)	(6,22)	(6,23)	(6,24)	(6,25)	(7,23)	(7,24)	(7,25)	(8,12)	(8,23)	(8,24)	(8,25)	(9,13)	(9,14)	(9,15)	(9,16)	(9,17)	(9,26)	
(2,26):(2,16)	(2,17)	(2,18)	(2,19)	(2,20)	(2,21)	(2,22)	(2,26)	(3,15)	(3,16)	(3,17)	(3,18)	(3,19)	(3,20)	(3,21)	(3,22)	(3,23)	(3,24)	(3,25)	(4,10)	(4,11)	(4,12)	(4,13)	(4,14)	(4,15)	(4,16)	(4,17)	(4,18)	(4,19)	(4,20)	(4,21)	(4,22)	(4,23)	(4,24)	(4,25)	(5,10)	(5,11)	(5,16)	(5,17)	(5,18)	(5,19)	(5,20)	(5,21)	(5,22)	(5,23)	(5,24)	(5,25)	(6,16)	(6,20)	(6,21)	(6,22)	(6,23)	(6,24)	(6,25)	(7,20)	(7,23)	(7,24)	(7,25)	(8,23)	(8,24)	(8,25)	(9,26)	
(2,22):(1,15)	(1,22)	(2,16)	(2,17)	(2,18)	(2,19)	(2,20)	(2,21)	(2,22)	(2,26)	(3,15)	(3,16)	(3,17)	(3,18)	(3,19)	(3,20)	(3,21)	(3,22)	(3,23)	(3,24)	(3,25)	(4,10)	(4,11)	(4,12)	(4,13)	(4,14)	(4,15)	(4,16)	(4,17)	(4,18)	(4,19)	(4,20)	(4,21)	(4,22)	(4,23)	(4,24)	(4,25)	(5,10)	(5,11)	(5,16)	(5,17)	(5,18)	(5,19)	(5,20)	(5,21)	(5,22)	(5,23)	(5,24)	(5,25)	(6,16)	(6,20)	(6,21)	(6,22)	(6,23)	(6,24)	(6,25)	(7,20)	(7,23)	(7,24)	(7,25)	(8,24)	(8,25)	(9,26)	
(1,22):(1,15)	(1,22)	(2,16)	(2,17)	(2,18)	(2,19)	(2,20)	(2,21)	(2,22)	(3,15)	(3,16)	(3,17)	(3,18)	(3,19)	(3,20)	(3,21)	(3,22)	(4,12)	(4,13)	(4,14)	(4,15)	(4,16)	(4,17)	(4,18)	(4,19)	(4,20)	(4,21)	(4,22)	(5,10)	(5,11)	(5,16)	(5,17)	(5,18)	(5,19)	(5,20)	(5,21)	(5,22)	(6,16)	(6,20)	(6,21)	(6,22)	(7,20)	
(1,15):(1,15)	(1,22)	(2,16)	(2,17)	(2,18)	(2,19)	(2,20)	(2,21)	(2,22)	(3,15)	(3,16)	(3,17)	(3,18)	(3,19)	(3,20)	(3,21)	(3,22)	(3,23)	(3,24)	(3,25)	(4,15)	(4,16)	(4,17)	(4,18)	(4,19)	(4,20)	(4,21)	(4,22)	(4,23)	(4,24)	(4,25)	(5,16)	(5,17)	(5,18)	(5,19)	(5,20)	(5,21)	(5,22)	(5,23)	(5,24)	(5,25)	(6,20)	(6,21)	(6,22)	(6,23)	(6,24)	(6,25)	(7,23)	(7,24)	(7,25)	(8,25)	(9,26)	
(3,15):(1,15)	(1,22)	(2,16)	(2,17)	(2,18)	(2,19)	(2,20)	(2,21)	(2,22)	(2,26)	(3,9)	(3,15)	(3,16)	(3,17)	(3,18)	(3,19)	(3,20)	(3,21)	(3,22)	(3,23)	(3,24)	(3,25)	(4,10)	(4,11)	(4,12)	(4,13)	(4,14)	(4,15)	(4,16)	(4,17)	(4,18)	(4,19)	(4,20)	(4,21)	(4,22)	(4,23)	(4,24)	(4,25)	(5,10)	(5,11)	(5,16)	(5,17)	(5,18)	(5,19)	(5,20)	(5,21)	(5,22)	(5,23)	(5,24)	(5,25)	(6,20)	(6,21)	(6,22)	(6,23)	(6,24)	(6,25)	(7,23)	(7,24)	(7,25)	(8,25)	
(3,9):(3,9)	(3,15)	(3,16)	(3,17)	(3,18)	(3,19)	(3,20)	(3,21)	(3,22)	(3,23)	(3,24)	(3,25)	(4,10)	(4,11)	(4,12)	(4,13)	(4,14)	(4,15)	(4,16)	(4,17)	(4,18)	(4,19)	(4,20)	(4,21)	(4,22)	(4,23)	(4,24)	(4,25)	(5,10)	(5,11)	(5,16)	(5,17)	(5,18)	(5,19)	(5,20)	(5,21)	(5,22)	(5,23)	(5,24)	(5,25)	(6,10)	(6,20)	(6,21)	(6,22)	(6,23)	(6,24)	(6,25)	(7,10)	(7,24)	(7,25)	(8,10)	(9,10)	(10,10)	(11,10)	(12,10)	(13,10)	(14,10)	(15,9)	(15,10)	(20,11)	
(15,9):(3,9)	(4,10)	(4,11)	(5,10)	(5,11)	(6,10)	(7,10)	(8,10)	(9,10)	(10,10)	(11,10)	(12,10)	(13,10)	(14,10)	(15,9)	(15,10)	
(15,10):(3,9)	(4,10)	(4,11)	(5,10)	(5,11)	(6,10)	(7,10)	(8,10)	(9,10)	(10,10)	(11,10)	(12,10)	(13,10)	(14,10)	(15,9)	(15,10)	(19,10)	(20,11)	
(19,10):(4,10)	(4,11)	(5,10)	(5,11)	(6,10)	(7,10)	(8,10)	(9,10)	(10,10)	(11,10)	(12,10)	(13,10)	(14,10)	(15,10)	(19,6)	(19,10)	(20,7)	(20,8)	(20,11)	
(19,6):(19,6)	(19,10)	(20,7)	(20,8)	(20,11)	(21,7)	(22,7)	(23,7)	(23,8)	(25,6)	(26,6)	(27,6)	(28,7)	
(25,6):(19,6)	(20,7)	(20,8)	(21,7)	(22,7)	(23,7)	(25,4)	(25,5)	(25,6)	(26,4)	(26,5)	(26,6)	(27,4)	(27,5)	(27,6)	(28,3)	(28,7)	
(25,5):(4,4)	(4,5)	(13,2)	(13,4)	(14,3)	(14,4)	(15,3)	(15,4)	(16,3)	(16,4)	(17,1)	(17,2)	(17,3)	(17,4)	(18,2)	(18,3)	(18,4)	(19,2)	(19,3)	(19,4)	(20,3)	(20,4)	(21,3)	(21,4)	(22,4)	(23,4)	(24,4)	(25,4)	(25,5)	(25,6)	(26,4)	(26,5)	(26,6)	(27,4)	(27,5)	(27,6)	(28,3)	(28,7)	
(4,5):(4,4)	(4,5)	(13,4)	(14,4)	(15,4)	(16,4)	(17,4)	(18,4)	(19,4)	(20,4)	(21,4)	(22,4)	(23,4)	(24,4)	(25,4)	(25,5)	(26,4)	(26,5)	(27,4)	(27,5)	(28,3)	
(4,4):(4,4)	(4,5)	(13,4)	(14,4)	(15,4)	(16,4)	(17,4)	(18,4)	(19,4)	(20,4)	(21,4)	(22,4)	(23,4)	(24,4)	(25,4)	(25,5)	(26,4)	(26,5)	(27,4)	(27,5)	
(13,4):(4,4)	(4,5)	(13,2)	(13,4)	(14,3)	(14,4)	(15,3)	(15,4)	(16,3)	(16,4)	(17,2)	(17,3)	(17,4)	(18,2)	(18,3)	(18,4)	(19,2)	(19,3)	(19,4)	(20,2)	(20,3)	(20,4)	(21,1)	(21,3)	(21,4)	(22,4)	(23,4)	(24,4)	(25,4)	(25,5)	(26,4)	(26,5)	(27,4)	(27,5)	(28,3)	
(13,2):(13,2)	(13,4)	(14,3)	(14,4)	(15,3)	(15,4)	(16,3)	(16,4)	(17,2)	(17,3)	(17,4)	(18,2)	(18,3)	(18,4)	(19,2)	(19,3)	(19,4)	(20,2)	(20,3)	(20,4)	(21,3)	(21,4)	(22,4)	(23,4)	(24,4)	(25,4)	(25,5)	(26,4)	(26,5)	(27,4)	(27,5)	
(17,2):(13,2)	(13,4)	(14,3)	(14,4)	(15,3)	(15,4)	(16,3)	(16,4)	(17,1)	(17,2)	(17,3)	(17,4)	(18,2)	(18,3)	(18,4)	(19,2)	(19,3)	(19,4)	(20,2)	(20,3)	(20,4)	(21,1)	(21,3)	(21,4)	(22,4)	(23,4)	(24,4)	(25,4)	(25,5)	(26,5)	(27,5)	
(17,1):(17,1)	(17,2)	(17,3)	(17,4)	(18,2)	(18,3)	(18,4)	(19,2)	(19,3)	(19,4)	(20,2)	(20,3)	(20,4)	(21,1)	(21,3)	(21,4)	(22,4)	(23,4)	(25,5)	
(21,1):(13,4)	(14,3)	(14,4)	(15,3)	(15,4)	(16,3)	(16,4)	(17,1)	(17,2)	(17,3)	(17,4)	(18,2)	(18,3)	(18,4)	(19,2)	(19,3)	(19,4)	(20,2)	(20,3)	(20,4)	(21,1)	(21,3)	(21,4)	
(21,3):(13,2)	(13,4)	(14,3)	(14,4)	(15,3)	(15,4)	(16,3)	(16,4)	(17,1)	(17,2)	(17,3)	(17,4)	(18,2)	(18,3)	(18,4)	(19,2)	(19,3)	(19,4)	(20,2)	(20,3)	(20,4)	(21,1)	(21,3)	(21,4)	(22,4)	(23,4)	(24,4)	(25,4)	(25,5)	(26,4)	(26,5)	(27,4)	(27,5)	(27,6)	(28,3)	
(28,3):(4,5)	(13,4)	(14,3)	(14,4)	(15,3)	(15,4)	(16,3)	(16,4)	(17,3)	(17,4)	(18,3)	(18,4)	(19,3)	(19,4)	(20,3)	(20,4)	(21,3)	(21,4)	(22,4)	(23,4)	(24,4)	(25,4)	(25,5)	(25,6)	(26,4)	(26,5)	(26,6)	(27,4)	(27,5)	(27,6)	(28,3)	(28,7)	
(28,7):(19,6)	(20,7)	(21,7)	(22,7)	(23,7)	(24,4)	(25,4)	(25,5)	(25,6)	(26,4)	(26,5)	(26,6)	(27,4)	(27,5)	(27,6)	(28,3)	(28,7)	
(23,7):(19,6)	(20,7)	(20,8)	(21,7)	(22,7)	(23,7)	(23,8)	(25,6)	(26,6)	(27,5)	(27,6)	(28,7)	
(23,8):(19,6)	(20,7)	(20,8)	(21,7)	(22,7)	(23,7)	(23,8)	
(20,8):(19,6)	(19,10)	(20,7)	(20,8)	(20,11)	(21,7)	(22,7)	(23,7)	(23,8)	(25,6)	(26,6)	
(20,11):(3,9)	(4,10)	(4,11)	(5,10)	(5,11)	(6,10)	(7,10)	(8,10)	(9,10)	(10,10)	(11,10)	(12,10)	(13,10)	(14,10)	(15,10)	(19,6)	(19,10)	(20,7)	(20,8)	(20,11)	
(5,11):(1,22)	(2,17)	(2,18)	(2,19)	(2,20)	(2,21)	(2,22)	(2,26)	(3,9)	(3,15)	(3,16)	(3,17)	(3,18)	(3,19)	(3,20)	(3,21)	(3,22)	(3,23)	(3,24)	(3,25)	(4,10)	(4,11)	(4,12)	(4,13)	(4,14)	(4,15)	(4,16)	(4,17)	(4,18)	(4,19)	(4,20)	(4,21)	(4,22)	(4,23)	(4,24)	(4,25)	(5,10)	(5,11)	(5,16)	(5,17)	(5,18)	(5,19)	(5,20)	(5,21)	(5,22)	(5,23)	(5,24)	(5,25)	(6,10)	(7,10)	(8,10)	(9,10)	(10,10)	(11,10)	(12,10)	(13,10)	(14,10)	(15,9)	(15,10)	(19,10)	(20,11)	
(5,16):(1,15)	(1,22)	(2,16)	(2,17)	(2,18)	(2,19)	(2,20)	(2,21)	(2,22)	(2,26)	(3,9)	(3,15)	(3,16)	(3,17)	(3,18)	(3,19)	(3,20)	(3,21)	(3,22)	(3,23)	(3,24)	(3,25)	(4,10)	(4,11)	(4,12)	(4,13)	(4,14)	(4,15)	(4,16)	(4,17)	(4,18)	(4,19)	(4,20)	(4,21)	(4,22)	(4,23)	(4,24)	(4,25)	(5,10)	(5,11)	(5,16)	(5,17)	(5,18)	(5,19)	(5,20)	(5,21)	(5,22)	(5,23)	(5,24)	(5,25)	(6,16)	(6,20)	(6,21)	(6,22)	(6,23)	(6,24)	(6,25)	(7,24)	(7,25)	
(6,16):(1,22)	(2,16)	(2,17)	(2,18)	(2,19)	(2,20)	(2,21)	(2,22)	(2,26)	(3,16)	(3,17)	(3,18)	(3,19)	(3,20)	(3,21)	(3,22)	(3,23)	(3,24)	(3,25)	(4,16)	(4,17)	(4,18)	(4,19)	(4,20)	(4,21)	(4,22)	(4,23)	(4,24)	(4,25)	(5,16)	(5,17)	(5,18)	(5,19)	(5,20)	(5,21)	(5,22)	(5,23)	(5,24)	(5,25)	(6,16)	(6,20)	(6,21)	(6,22)	(6,23)	(6,24)	(6,25)	
(6,20):(1,15)	(1,22)	(2,16)	(2,17)	(2,18)	(2,19)	(2,20)	(2,21)	(2,22)	(2,26)	(3,9)	(3,15)	(3,16)	(3,17)	(3,18)	(3,19)	(3,20)	(3,21)	(3,22)	(3,23)	(3,24)	(3,25)	(4,12)	(4,13)	(4,14)	(4,15)	(4,16)	(4,17)	(4,18)	(4,19)	(4,20)	(4,21)	(4,22)	(4,23)	(4,24)	(4,25)	(5,16)	(5,17)	(5,18)	(5,19)	(5,20)	(5,21)	(5,22)	(5,23)	(5,24)	(5,25)	(6,16)	(6,20)	(6,21)	(6,22)	(6,23)	(6,24)	(6,25)	(7,20)	(7,23)	(7,24)	(7,25)	
(7,20):(1,22)	(2,20)	(2,21)	(2,22)	(2,26)	(3,20)	(3,21)	(3,22)	(3,23)	(3,24)	(3,25)	(4,20)	(4,21)	(4,22)	(4,23)	(4,24)	(4,25)	(5,20)	(5,21)	(5,22)	(5,23)	(5,24)	(5,25)	(6,20)	(6,21)	(6,22)	(6,23)	(6,24)	(6,25)	(7,20)	(7,23)	(7,24)	(7,25)	
(7,23):(1,15)	(2,16)	(2,17)	(2,18)	(2,19)	(2,20)	(2,21)	(2,22)	(2,26)	(3,15)	(3,16)	(3,17)	(3,18)	(3,19)	(3,20)	(3,21)	(3,22)	(3,23)	(3,24)	(3,25)	(4,14)	(4,15)	(4,16)	(4,17)	(4,18)	(4,19)	(4,20)	(4,21)	(4,22)	(4,23)	(4,24)	(4,25)	(5,17)	(5,18)	(5,19)	(5,20)	(5,21)	(5,22)	(5,23)	(5,24)	(5,25)	(6,20)	(6,21)	(6,22)	(6,23)	(6,24)	(6,25)	(7,20)	(7,23)	(7,24)	(7,25)	(8,23)	(8,24)	(8,25)	(9,26)	
(8,23):(2,26)	(3,23)	(3,24)	(3,25)	(4,23)	(4,24)	(4,25)	(5,23)	(5,24)	(5,25)	(6,23)	(6,24)	(6,25)	(7,23)	(7,24)	(7,25)	(8,12)	(8,23)	(8,24)	(8,25)	(9,13)	(9,14)	(9,15)	(9,16)	(9,17)	(9,26)	
(8,12):(8,12)	(8,23)	(8,24)	(8,25)	(9,13)	(9,14)	(9,15)	(9,16)	(9,17)	(9,26)	(10,13)	(10,14)	(10,15)	(10,16)	(10,17)	(11,13)	(11,14)	(11,15)	(11,16)	(11,17)	(11,18)	(11,19)	(12,13)	(12,14)	(12,15)	(12,16)	(12,17)	(12,18)	(13,13)	(13,14)	(13,15)	(13,16)	(13,17)	(13,18)	(14,13)	(14,14)	(14,15)	(14,16)	(14,17)	(14,18)	(15,13)	(15,14)	(15,15)	(15,16)	(15,17)	(15,18)	(16,13)	(16,14)	(16,15)	(16,16)	(16,17)	(16,18)	(17,13)	(17,14)	(17,15)	(17,16)	(17,17)	(17,18)	(18,13)	(18,14)	(18,15)	(18,16)	(18,17)	(18,18)	(19,13)	(19,14)	(19,15)	(19,16)	(19,17)	(19,18)	(20,13)	(20,14)	(20,15)	(20,16)	(20,17)	(20,18)	(21,13)	(21,14)	(21,15)	(21,16)	(21,17)	(21,18)	(22,13)	(22,14)	(22,15)	(22,16)	(22,17)	(22,18)	(23,13)	(23,14)	(23,15)	(23,16)	(23,17)	(23,18)	(24,13)	(24,14)	(24,15)	(24,16)	(24,17)	(24,18)	(25,13)	(25,14)	(25,15)	(25,16)	(25,17)	(25,18)	(26,12)	(26,13)	(26,14)	(26,15)	(26,16)	(26,17)	(26,18)	(27,14)	(27,15)	(27,16)	(27,17)	(27,18)	(27,19)	(28,14)	(28,15)	(28,16)	(28,17)	(29,14)	(29,15)	(29,16)	(29,17)	(30,14)	(30,15)	(30,16)	(30,17)	(31,14)	(31,15)	(31,16)	(31,17)	(32,18)	
(26,12):(8,12)	(9,13)	(9,14)	(9,15)	(9,16)	(9,17)	(10,13)	(10,14)	(10,15)	(10,16)	(10,17)	(11,13)	(11,14)	(11,15)	(11,16)	(11,17)	(11,18)	(11,19)	(12,13)	(12,14)	(12,15)	(12,16)	(12,17)	(12,18)	(13,13)	(13,14)	(13,15)	(13,16)	(13,17)	(13,18)	(14,13)	(14,14)	(14,15)	(14,16)	(14,17)	(14,18)	(15,13)	(15,14)	(15,15)	(15,16)	(15,17)	(15,18)	(16,13)	(16,14)	(16,15)	(16,16)	(16,17)	(16,18)	(17,13)	(17,14)	(17,15)	(17,16)	(17,17)	(17,18)	(18,13)	(18,14)	(18,15)	(18,16)	(18,17)	(18,18)	(19,13)	(19,14)	(19,15)	(19,16)	(19,17)	(19,18)	(20,13)	(20,14)	(20,15)	(20,16)	(20,17)	(20,18)	(21,13)	(21,14)	(21,15)	(21,16)	(21,17)	(21,18)	(22,13)	(22,14)	(22,15)	(22,16)	(22,17)	(22,18)	(23,13)	(23,14)	(23,15)	(23,16)	(23,17)	(23,18)	(24,13)	(24,14)	(24,15)	(24,16)	(24,17)	(24,18)	(25,13)	(25,14)	(25,15)	(25,16)	(25,17)	(25,18)	(26,12)	(26,13)	(26,14)	(26,15)	(26,16)	(26,17)	(26,18)	
(26,13):(8,12)	(9,13)	(9,14)	(9,15)	(9,16)	(9,17)	(10,13)	(10,14)	(10,15)	(10,16)	(10,17)	(11,13)	(11,14)	(11,15)	(11,16)	(11,17)	(11,18)	(11,19)	(12,13)	(12,14)	(12,15)	(12,16)	(12,17)	(12,18)	(13,13)	(13,14)	(13,15)	(13,16)	(13,17)	(13,18)	(14,13)	(14,14)	(14,15)	(14,16)	(14,17)	(14,18)	(15,13)	(15,14)	(15,15)	(15,16)	(15,17)	(15,18)	(16,13)	(16,14)	(16,15)	(16,16)	(16,17)	(16,18)	(17,13)	(17,14)	(17,15)	(17,16)	(17,17)	(17,18)	(18,13)	(18,14)	(18,15)	(18,16)	(18,17)	(18,18)	(19,13)	(19,14)	(19,15)	(19,16)	(19,17)	(19,18)	(20,13)	(20,14)	(20,15)	(20,16)	(20,17)	(20,18)	(21,13)	(21,14)	(21,15)	(21,16)	(21,17)	(21,18)	(22,13)	(22,14)	(22,15)	(22,16)	(22,17)	(22,18)	(23,13)	(23,14)	(23,15)	(23,16)	(23,17)	(23,18)	(24,13)	(24,14)	(24,15)	(24,16)	(24,17)	(24,18)	(25,13)	(25,14)	(25,15)	(25,16)	(25,17)	(25,18)	(26,12)	(26,13)	(26,14)	(26,15)	(26,16)	(26,17)	(26,18)	(27,14)	(27,15)	(27,16)	(27,17)	(27,18)	(27,19)	(28,14)	(28,15)	(28,16)	(28,17)	(29,14)	(29,15)	(29,16)	(29,17)	(30,14)	(30,15)	(30,16)	(30,17)	(31,13)	(31,14)	(31,15)	(31,16)	(31,17)	(32,18)	
(31,13):(9,13)	(9,14)	(9,15)	(9,16)	(9,17)	(10,13)	(10,14)	(10,15)	(10,16)	(10,17)	(11,13)	(11,14)	(11,15)	(11,16)	(11,17)	(11,18)	(11,19)	(12,13)	(12,14)	(12,15)	(12,16)	(12,17)	(12,18)	(13,13)	(13,14)	(13,15)	(13,16)	(13,17)	(13,18)	(14,13)	(14,14)	(14,15)	(14,16)	(14,17)	(14,18)	(15,13)	(15,14)	(15,15)	(15,16)	(15,17)	(15,18)	(16,13)	(16,14)	(16,15)	(16,16)	(16,17)	(16,18)	(17,13)	(17,14)	(17,15)	(17,16)	(17,17)	(17,18)	(18,13)	(18,14)	(18,15)	(18,16)	(18,17)	(18,18)	(19,13)	(19,14)	(19,15)	(19,16)	(19,17)	(19,18)	(20,13)	(20,14)	(20,15)	(20,16)	(20,17)	(20,18)	(21,13)	(21,14)	(21,15)	(21,16)	(21,17)	(21,18)	(22,13)	(22,14)	(22,15)	(22,16)	(22,17)	(22,18)	(23,13)	(23,14)	(23,15)	(23,16)	(23,17)	(23,18)	(24,13)	(24,14)	(24,15)	(24,16)	(24,17)	(24,18)	(25,13)	(25,14)	(25,15)	(25,16)	(25,17)	(25,18)	(26,13)	(26,14)	(26,15)	(26,16)	(26,17)	(26,18)	(27,14)	(27,15)	(27,16)	(27,17)	(27,18)	(28,14)	(28,15)	(28,16)	(28,17)	(29,14)	(29,15)	(29,16)	(29,17)	(30,14)	(30,15)	(30,16)	(30,17)	(31,13)	(31,14)	(31,15)	(31,16)	(31,17)	
(31,14):(8,12)	(9,13)	(9,14)	(9,15)	(9,16)	(9,17)	(10,13)	(10,14)	(10,15)	(10,16)	(10,17)	(11,13)	(11,14)	(11,15)	(11,16)	(11,17)	(11,18)	(11,19)	(12,13)	(12,14)	(12,15)	(12,16)	(12,17)	(12,18)	(13,13)	(13,14)	(13,15)	(13,16)	(13,17)	(13,18)	(14,13)	(14,14)	(14,15)	(14,16)	(14,17)	(14,18)	(15,13)	(15,14)	(15,15)	(15,16)	(15,17)	(15,18)	(16,13)	(16,14)	(16,15)	(16,16)	(16,17)	(16,18)	(17,13)	(17,14)	(17,15)	(17,16)	(17,17)	(17,18)	(18,13)	(18,14)	(18,15)	(18,16)	(18,17)	(18,18)	(19,13)	(19,14)	(19,15)	(19,16)	(19,17)	(19,18)	(20,13)	(20,14)	(20,15)	(20,16)	(20,17)	(20,18)	(21,13)	(21,14)	(21,15)	(21,16)	(21,17)	(21,18)	(22,13)	(22,14)	(22,15)	(22,16)	(22,17)	(22,18)	(23,13)	(23,14)	(23,15)	(23,16)	(23,17)	(23,18)	(24,13)	(24,14)	(24,15)	(24,16)	(24,17)	(24,18)	(25,13)	(25,14)	(25,15)	(25,16)	(25,17)	(25,18)	(26,13)	(26,14)	(26,15)	(26,16)	(26,17)	(26,18)	(27,14)	(27,15)	(27,16)	(27,17)	(27,18)	(28,14)	(28,15)	(28,16)	(28,17)	(29,14)	(29,15)	(29,16)	(29,17)	(30,14)	(30,15)	(30,16)	(30,17)	(31,13)	(31,14)	(31,15)	(31,16)	(31,17)	(32,14)	(32,18)	
(32,14):(9,14)	(9,15)	(9,16)	(9,17)	(10,14)	(10,15)	(10,16)	(10,17)	(11,14)	(11,15)	(11,16)	(11,17)	(11,18)	(11,19)	(12,14)	(12,15)	(12,16)	(12,17)	(12,18)	(13,14)	(13,15)	(13,16)	(13,17)	(13,18)	(14,14)	(14,15)	(14,16)	(14,17)	(14,18)	(15,14)	(15,15)	(15,16)	(15,17)	(15,18)	(16,14)	(16,15)	(16,16)	(16,17)	(16,18)	(17,14)	(17,15)	(17,16)	(17,17)	(17,18)	(18,14)	(18,15)	(18,16)	(18,17)	(18,18)	(19,14)	(19,15)	(19,16)	(19,17)	(19,18)	(20,14)	(20,15)	(20,16)	(20,17)	(20,18)	(21,14)	(21,15)	(21,16)	(21,17)	(21,18)	(22,14)	(22,15)	(22,16)	(22,17)	(22,18)	(23,14)	(23,15)	(23,16)	(23,17)	(23,18)	(24,14)	(24,15)	(24,16)	(24,17)	(24,18)	(25,14)	(25,15)	(25,16)	(25,17)	(25,18)	(26,14)	(26,15)	(26,16)	(26,17)	(26,18)	(27,14)	(27,15)	(27,16)	(27,17)	(27,18)	(28,14)	(28,15)	(28,16)	(28,17)	(29,14)	(29,15)	(29,16)	(29,17)	(30,14)	(30,15)	(30,16)	(30,17)	(31,14)	(31,15)	(31,16)	(31,17)	(32,14)	(32,18)	
(32,18):(8,12)	(9,13)	(9,14)	(9,15)	(9,16)	(10,13)	(10,14)	(10,15)	(10,16)	(10,17)	(11,13)	(11,14)	(11,15)	(11,16)	(11,17)	(11,18)	(12,13)	(12,14)	(12,15)	(12,16)	(12,17)	(12,18)	(13,13)	(13,14)	(13,15)	(13,16)	(13,17)	(13,18)	(14,13)	(14,14)	(14,15)	(14,16)	(14,17)	(14,18)	(15,13)	(15,14)	(15,15)	(15,16)	(15,17)	(15,18)	(16,13)	(16,14)	(16,15)	(16,16)	(16,17)	(16,18)	(17,13)	(17,14)	(17,15)	(17,16)	(17,17)	(17,18)	(18,13)	(18,14)	(18,15)	(18,16)	(18,17)	(18,18)	(19,13)	(19,14)	(19,15)	(19,16)	(19,17)	(19,18)	(20,13)	(20,14)	(20,15)	(20,16)	(20,17)	(20,18)	(21,13)	(21,14)	(21,15)	(21,16)	(21,17)	(21,18)	(22,13)	(22,14)	(22,15)	(22,16)	(22,17)	(22,18)	(23,13)	(23,14)	(23,15)	(23,16)	(23,17)	(23,18)	(24,13)	(24,14)	(24,15)	(24,16)	(24,17)	(24,18)	(25,13)	(25,14)	(25,15)	(25,16)	(25,17)	(25,18)	(26,13)	(26,14)	(26,15)	(26,16)	(26,17)	(26,18)	(27,14)	(27,15)	(27,16)	(27,17)	(27,18)	(28,14)	(28,15)	(28,16)	(28,17)	(29,14)	(29,15)	(29,16)	(29,17)	(30,14)	(30,15)	(30,16)	(30,17)	(31,14)	(31,15)	(31,16)	(31,17)	(32,14)	(32,18)	
(27,18):(8,12)	(9,13)	(9,14)	(9,15)	(9,16)	(10,13)	(10,14)	(10,15)	(10,16)	(10,17)	(11,13)	(11,14)	(11,15)	(11,16)	(11,17)	(11,18)	(11,19)	(12,13)	(12,14)	(12,15)	(12,16)	(12,17)	(12,18)	(13,13)	(13,14)	(13,15)	(13,16)	(13,17)	(13,18)	(14,13)	(14,14)	(14,15)	(14,16)	(14,17)	(14,18)	(15,13)	(15,14)	(15,15)	(15,16)	(15,17)	(15,18)	(16,13)	(16,14)	(16,15)	(16,16)	(16,17)	(16,18)	(17,13)	(17,14)	(17,15)	(17,16)	(17,17)	(17,18)	(18,13)	(18,14)	(18,15)	(18,16)	(18,17)	(18,18)	(19,13)	(19,14)	(19,15)	(19,16)	(19,17)	(19,18)	(20,13)	(20,14)	(20,15)	(20,16)	(20,17)	(20,18)	(21,13)	(21,14)	(21,15)	(21,16)	(21,17)	(21,18)	(22,13)	(22,14)	(22,15)	(22,16)	(22,17)	(22,18)	(23,13)	(23,14)	(23,15)	(23,16)	(23,17)	(23,18)	(24,13)	(24,14)	(24,15)	(24,16)	(24,17)	(24,18)	(25,13)	(25,14)	(25,15)	(25,16)	(25,17)	(25,18)	(26,13)	(26,14)	(26,15)	(26,16)	(26,17)	(26,18)	(27,14)	(27,15)	(27,16)	(27,17)	(27,18)	(27,19)	(28,14)	(28,15)	(28,16)	(28,17)	(29,14)	(29,15)	(29,16)	(29,17)	(30,14)	(30,15)	(30,16)	(30,17)	(31,13)	(31,14)	(31,15)	(31,16)	(31,17)	(32,14)	(32,18)	
(27,19):(8,12)	(9,13)	(9,14)	(9,15)	(9,16)	(10,13)	(10,14)	(10,15)	(10,16)	(10,17)	(11,13)	(11,14)	(11,15)	(11,16)	(11,17)	(11,18)	(11,19)	(12,13)	(12,14)	(12,15)	(12,16)	(12,17)	(12,18)	(13,13)	(13,14)	(13,15)	(13,16)	(13,17)	(13,18)	(14,13)	(14,14)	(14,15)	(14,16)	(14,17)	(14,18)	(15,13)	(15,14)	(15,15)	(15,16)	(15,17)	(15,18)	(16,13)	(16,14)	(16,15)	(16,16)	(16,17)	(16,18)	(17,13)	(17,14)	(17,15)	(17,16)	(17,17)	(17,18)	(18,13)	(18,14)	(18,15)	(18,16)	(18,17)	(18,18)	(19,13)	(19,14)	(19,15)	(19,16)	(19,17)	(19,18)	(20,13)	(20,14)	(20,15)	(20,16)	(20,17)	(20,18)	(21,13)	(21,14)	(21,15)	(21,16)	(21,17)	(21,18)	(22,13)	(22,14)	(22,15)	(22,16)	(22,17)	(22,18)	(23,13)	(23,14)	(23,15)	(23,16)	(23,17)	(23,18)	(24,13)	(24,14)	(24,15)	(24,16)	(24,17)	(24,18)	(25,13)	(25,14)	(25,15)	(25,16)	(25,17)	(25,18)	(26,13)	(26,14)	(26,15)	(26,16)	(26,17)	(26,18)	(27,14)	(27,15)	(27,16)	(27,17)	(27,18)	(27,19)	
(11,19):(8,12)	(9,13)	(9,14)	(9,15)	(10,13)	(10,14)	(10,15)	(10,16)	(10,17)	(10,29)	(11,13)	(11,14)	(11,15)	(11,16)	(11,17)	(11,18)	(11,19)	(11,24)	(11,25)	(11,26)	(11,27)	(11,28)	(12,13)	(12,14)	(12,15)	(12,16)	(12,17)	(12,18)	(13,13)	(13,14)	(13,15)	(13,16)	(13,17)	(13,18)	(14,13)	(14,14)	(14,15)	(14,16)	(14,17)	(14,18)	(15,13)	(15,14)	(15,15)	(15,16)	(15,17)	(15,18)	(16,13)	(16,14)	(16,15)	(16,16)	(16,17)	(16,18)	(17,13)	(17,14)	(17,15)	(17,16)	(17,17)	(17,18)	(18,13)	(18,14)	(18,15)	(18,16)	(18,17)	(18,18)	(19,13)	(19,14)	(19,15)	(19,16)	(19,17)	(19,18)	(20,13)	(20,14)	(20,15)	(20,16)	(20,17)	(20,18)	(21,13)	(21,14)	(21,15)	(21,16)	(21,17)	(21,18)	(22,13)	(22,14)	(22,15)	(22,16)	(22,17)	(22,18)	(23,13)	(23,14)	(23,15)	(23,16)	(23,17)	(23,18)	(24,13)	(24,14)	(24,15)	(24,16)	(24,17)	(24,18)	(25,13)	(25,14)	(25,15)	(25,16)	(25,17)	(25,18)	(26,12)	(26,13)	(26,14)	(26,15)	(26,16)	(26,17)	(26,18)	(27,14)	(27,15)	(27,16)	(27,17)	(27,18)	(27,19)	(28,14)	(28,15)	(28,16)	(28,17)	(29,14)	(29,15)	(29,16)	(29,17)	(30,14)	(30,15)	(30,16)	(30,17)	(31,13)	(31,14)	(31,15)	(31,16)	(31,17)	(32,14)	
(11,24):(10,13)	(10,14)	(10,15)	(10,16)	(10,17)	(10,29)	(11,13)	(11,14)	(11,15)	(11,16)	(11,17)	(11,18)	(11,19)	(11,24)	(11,25)	(11,26)	(11,27)	(11,28)	(12,25)	(12,28)	(14,24)	(15,24)	(16,25)	
(14,24):(11,24)	(11,25)	(12,25)	(14,21)	(14,24)	(15,22)	(15,23)	(15,24)	(16,21)	(16,25)	
(14,21):(14,21)	(14,24)	(15,22)	(15,23)	(15,24)	(16,21)	(16,25)	
(16,21):(14,21)	(14,24)	(15,22)	(15,23)	(15,24)	(16,21)	(16,25)	
(16,25):(11,24)	(11,25)	(12,25)	(14,21)	(14,24)	(15,22)	(15,23)	(15,24)	(16,21)	(16,25)	
(12,25):(10,29)	(11,24)	(11,25)	(11,26)	(11,27)	(11,28)	(12,25)	(12,28)	(14,24)	(15,24)	(16,25)	
(12,28):(10,29)	(11,24)	(11,25)	(11,26)	(11,27)	(11,28)	(12,25)	(12,28)	(18,28)	(19,28)	(20,28)	(21,28)	(22,28)	(22,29)	(23,28)	(23,29)	
(18,28):(10,29)	(11,28)	(12,28)	(18,27)	(18,28)	(19,28)	(20,28)	(21,28)	(22,28)	(22,29)	(23,28)	(23,29)	(24,27)	
(18,27):(18,27)	(18,28)	(19,28)	(20,28)	(21,28)	(22,28)	(22,29)	(23,28)	(23,29)	(24,27)	
(24,27):(18,27)	(18,28)	(19,28)	(20,28)	(21,28)	(22,28)	(22,29)	(22,37)	(23,28)	(23,29)	(23,30)	(23,31)	(23,32)	(23,33)	(23,34)	(23,35)	(23,36)	(24,27)	(24,32)	(24,33)	(24,34)	(24,35)	(24,36)	
(24,32):(22,28)	(22,29)	(22,37)	(23,28)	(23,29)	(23,30)	(23,31)	(23,32)	(23,33)	(23,34)	(23,35)	(23,36)	(24,27)	(24,32)	(24,33)	(24,34)	(24,35)	(24,36)	(25,33)	(25,34)	(25,35)	(25,36)	(26,33)	(26,34)	(26,35)	(26,36)	(27,33)	(27,34)	(27,35)	(27,36)	(28,33)	(28,34)	(28,35)	(28,36)	(29,32)	(29,33)	(29,34)	(29,35)	(29,36)	(30,34)	(30,35)	(30,37)	(31,34)	(32,34)	(33,34)	(33,35)	(34,34)	(34,35)	(35,35)	(36,35)	(36,36)	(37,35)	(37,36)	
(29,32):(22,37)	(23,32)	(23,33)	(23,34)	(23,35)	(23,36)	(24,32)	(24,33)	(24,34)	(24,35)	(24,36)	(25,33)	(25,34)	(25,35)	(25,36)	(26,33)	(26,34)	(26,35)	(26,36)	(27,33)	(27,34)	(27,35)	(27,36)	(28,33)	(28,34)	(28,35)	(28,36)	(29,32)	(29,33)	(29,34)	(29,35)	(29,36)	
(29,33):(22,37)	(23,32)	(23,33)	(23,34)	(23,35)	(23,36)	(24,32)	(24,33)	(24,34)	(24,35)	(24,36)	(25,33)	(25,34)	(25,35)	(25,36)	(26,33)	(26,34)	(26,35)	(26,36)	(27,33)	(27,34)	(27,35)	(27,36)	(28,33)	(28,34)	(28,35)	(28,36)	(29,32)	(29,33)	(29,34)	(29,35)	(29,36)	(30,34)	(30,35)	(30,37)	(31,34)	(32,34)	(33,34)	(33,35)	(34,33)	(34,34)	(34,35)	(35,35)	(35,36)	(36,35)	(36,36)	(37,35)	(37,36)	(37,37)	
(34,33):(22,37)	(23,33)	(23,34)	(23,35)	(23,36)	(24,33)	(24,34)	(24,35)	(24,36)	(25,33)	(25,34)	(25,35)	(25,36)	(26,33)	(26,34)	(26,35)	(26,36)	(27,33)	(27,34)	(27,35)	(27,36)	(28,33)	(28,34)	(28,35)	(28,36)	(29,33)	(29,34)	(29,35)	(30,34)	(30,35)	(31,34)	(32,34)	(33,34)	(33,35)	(33,36)	(34,33)	(34,34)	(34,35)	
(34,34):(22,37)	(23,32)	(23,33)	(23,34)	(23,35)	(23,36)	(24,32)	(24,33)	(24,34)	(24,35)	(24,36)	(25,33)	(25,34)	(25,35)	(25,36)	(26,33)	(26,34)	(26,35)	(26,36)	(27,33)	(27,34)	(27,35)	(28,33)	(28,34)	(28,35)	(29,33)	(29,34)	(29,35)	(30,34)	(30,35)	(31,34)	(32,34)	(33,34)	(33,35)	(33,36)	(34,33)	(34,34)	(34,35)	(35,35)	(35,36)	(36,34)	(36,35)	(36,36)	(36,37)	(37,34)	(37,35)	(37,36)	(37,37)	(38,38)	
(36,34):(23,34)	(23,35)	(23,36)	(24,34)	(24,35)	(24,36)	(25,34)	(25,35)	(26,34)	(26,35)	(27,34)	(27,35)	(28,34)	(28,35)	(29,34)	(29,35)	(30,34)	(30,35)	(31,34)	(32,34)	(33,34)	(33,35)	(33,36)	(34,34)	(34,35)	(35,35)	(35,36)	(35,38)	(36,31)	(36,34)	(36,35)	(36,36)	(36,37)	(37,31)	(37,32)	(37,33)	(37,34)	(37,35)	(37,36)	(37,37)	(38,30)	(38,38)	
(36,31):(36,31)	(36,34)	(36,35)	(36,36)	(36,37)	(37,31)	(37,32)	(37,33)	(37,34)	(37,35)	(37,36)	(37,37)	(38,38)	
(37,31):(35,38)	(36,31)	(36,34)	(36,35)	(36,36)	(36,37)	(37,30)	(37,31)	(37,32)	(37,33)	(37,34)	(37,35)	(37,36)	(37,37)	(38,30)	(38,38)	
(37,30):8.000000
(38,30):17.500000
(38,38):24.250000
(35,38):17.732143
(35,36):24.750000
(33,36):12.333333
(33,35):42.583332
(30,35):52.083332
(30,37):40.541668
(22,37):55.000000
(22,29):44.533333
(10,29):38.950001
(10,17):163.785721
(9,17):122.750000
(9,26):57.380951
(2,26):66.013634
(2,22):71.574028
(1,22):43.584415
(1,15):57.565475
(3,15):70.166664
(3,9):71.117424
(15,9):24.400000
(15,10):29.200001
(19,10):22.142857
(19,6):16.000000
(25,6):21.200001
(25,5):53.000000
(4,5):34.500000
(4,4):24.214285
(13,4):50.375000
(13,2):36.062500
(17,2):38.562500
(17,1):20.000000
(21,1):27.333334
(21,3):48.250000
(28,3):42.799999
(28,7):21.000000
(23,7):15.416667
(23,8):8.000000
(20,8):13.883333
(20,11):30.500000
(5,11):73.035713
(5,16):66.500000
(6,16):46.000000
(6,20):63.375000
(7,20):32.000000
(7,23):61.400002
(8,23):34.083332
(8,12):159.512070
(26,12):122.380394
(26,13):152.217651
(31,13):129.840912
(31,14):149.193176
(32,14):110.559265
(32,18):134.184097
(27,18):151.813599
(27,19):127.681374
(11,19):157.218750
(11,24):27.910715
(14,24):13.000000
(14,21):8.000000
(16,21):8.333333
(16,25):12.100000
(12,25):15.500000
(12,28):24.200001
(18,28):20.500000
(18,27):13.000000
(24,27):31.000000
(24,32):62.400002
(29,32):35.000000
(29,33):56.049999
(34,33):37.000000
(34,34):50.900002
(36,34):39.166668
(36,31):14.000000
(37,31):17.500000
(37,30),(38,30):8.000000
(37,30),(38,38):8.000000
(37,30),(35,38):7.857143
(37,30),(35,36):7.000000
(37,30),(33,36):3.000000
(37,30),(33,35):3.750000
(37,30),(30,35):1.250000
(37,30),(30,37):0.000000
(37,30),(22,37):0.000000
(37,30),(22,29):0.000000
(37,30),(10,29):0.000000
(37,30),(10,17):0.000000
(37,30),(9,17):0.000000
(37,30),(9,26):0.000000
(37,30),(2,26):0.000000
(37,30),(2,22):0.000000
(37,30),(1,22):0.000000
(37,30),(1,15):0.000000
(37,30),(3,15):0.000000
(37,30),(3,9):0.000000
(37,30),(15,9):0.000000
(37,30),(15,10):0.000000
(37,30),(19,10):0.000000
(37,30),(19,6):0.000000
(37,30),(25,6):0.000000
(37,30),(25,5):0.000000
(37,30),(4,5):0.000000
(37,30),(4,4):0.000000
(37,30),(13,4):0.000000
(37,30),(13,2):0.000000
(37,30),(17,2):0.000000
(37,30),(17,1):0.000000
(37,30),(21,1):0.000000
(37,30),(21,3):0.000000
(37,30),(28,3):0.000000
(37,30),(28,7):0.000000
(37,30),(23,7):0.000000
(37,30),(23,8):0.000000
(37,30),(20,8):0.000000
(37,30),(20,11):0.000000
(37,30),(5,11):0.000000
(37,30),(5,16):0.000000
(37,30),(6,16):0.000000
(37,30),(6,20):0.000000
(37,30),(7,20):0.000000
(37,30),(7,23):0.000000
(37,30),(8,23):0.000000
(37,30),(8,12):0.000000
(37,30),(26,12):0.000000
(37,30),(26,13):0.000000
(37,30),(31,13):0.000000
(37,30),(31,14):0.000000
(37,30),(32,14):0.000000
(37,30),(32,18):0.000000
(37,30),(27,18):0.000000
(37,30),(27,19):0.000000
(37,30),(11,19):0.000000
(37,30),(11,24):0.000000
(37,30),(14,24):0.000000
(37,30),(14,21):0.000000
(37,30),(16,21):0.000000
(37,30),(16,25):0.000000
(37,30),(12,25):0.000000
(37,30),(12,28):0.000000
(37,30),(18,28):0.000000
(37,30),(18,27):0.000000
(37,30),(24,27):0.000000
(37,30),(24,32):1.800000
(37,30),(29,32):0.000000
(37,30),(29,33):2.550000
(37,30),(34,33):0.000000
(37,30),(34,34):4.000000
(37,30),(36,34):7.833333
(37,30),(36,31):7.000000
(37,30),(37,31):8.000000
(38,30),(38,38):17.500000
(38,30),(35,38):16.690475
(38,30),(35,36):15.000000
(38,30),(33,36):6.333333
(38,30),(33,35):7.916667
(38,30),(30,35):2.583333
(38,30),(30,37):0.000000
(38,30),(22,37):0.000000
(38,30),(22,29):0.000000
(38,30),(10,29):0.000000
(38,30),(10,17):0.000000
(38,30),(9,17):0.000000
(38,30),(9,26):0.000000
(38,30),(2,26):0.000000
(38,30),(2,22):0.000000
(38,30),(1,22):0.000000
(38,30),(1,15):0.000000
(38,30),(3,15):0.000000
(38,30),(3,9):0.000000
(38,30),(15,9):0.000000
(38,30),(15,10):0.000000
(38,30),(19,10):0.000000
(38,30),(19,6):0.000000
(38,30),(25,6):0.000000
(38,30),(25,5):0.000000
(38,30),(4,5):0.000000
(38,30),(4,4):0.000000
(38,30),(13,4):0.000000
(38,30),(13,2):0.000000
(38,30),(17,2):0.000000
(38,30),(17,1):0.000000
(38,30),(21,1):0.000000
(38,30),(21,3):0.000000
(38,30),(28,3):0.000000
(38,30),(28,7):0.000000
(38,30),(23,7):0.000000
(38,30),(23,8):0.000000
(38,30),(20,8):0.000000
(38,30),(20,11):0.000000
(38,30),(5,11):0.000000
(38,30),(5,16):0.000000
(38,30),(6,16):0.000000
(38,30),(6,20):0.000000
(38,30),(7,20):0.000000
(38,30),(7,23):0.000000
(38,30),(8,23):0.000000
(38,30),(8,12):0.000000
(38,30),(26,12):0.000000
(38,30),(26,13):0.000000
(38,30),(31,13):0.000000
(38,30),(31,14):0.000000
(38,30),(32,14):0.000000
(38,30),(32,18):0.000000
(38,30),(27,18):0.000000
(38,30),(27,19):0.000000
(38,30),(11,19):0.000000
(38,30),(11,24):0.000000
(38,30),(14,24):0.000000
(38,30),(14,21):0.000000
(38,30),(16,21):0.000000
(38,30),(16,25):0.000000
(38,30),(12,25):0.000000
(38,30),(12,28):0.000000
(38,30),(18,28):0.000000
(38,30),(18,27):0.000000
(38,30),(24,27):0.000000
(38,30),(24,32):4.287446
(38,30),(29,32):0.000000
(38,30),(29,33):6.013637
(38,30),(34,33):0.000000
(38,30),(34,34):10.000000
(38,30),(36,34):17.333334
(38,30),(36,31):13.500000
(38,30),(37,31):17.000000
(38,38),(35,38):17.732143
(38,38),(35,36):21.250000
(38,38),(33,36):10.500000
(38,38),(33,35):14.166667
(38,38),(30,35):7.833333
(38,38),(30,37):0.000000
(38,38),(22,37):2.613636
(38,38),(22,29):0.000000
(38,38),(10,29):0.000000
(38,38),(10,17):0.000000
(38,38),(9,17):0.000000
(38,38),(9,26):0.000000
(38,38),(2,26):0.000000
(38,38),(2,22):0.000000
(38,38),(1,22):0.000000
(38,38),(1,15):0.000000
(38,38),(3,15):0.000000
(38,38),(3,9):0.000000
(38,38),(15,9):0.000000
(38,38),(15,10):0.000000
(38,38),(19,10):0.000000
(38,38),(19,6):0.000000
(38,38),(25,6):0.000000
(38,38),(25,5):0.000000
(38,38),(4,5):0.000000
(38,38),(4,4):0.000000
(38,38),(13,4):0.000000
(38,38),(13,2):0.000000
(38,38),(17,2):0.000000
(38,38),(17,1):0.000000
(38,38),(21,1):0.000000
(38,38),(21,3):0.000000
(38,38),(28,3):0.000000
(38,38),(28,7):0.000000
(38,38),(23,7):0.000000
(38,38),(23,8):0.000000
(38,38),(20,8):0.000000
(38,38),(20,11):0.000000
(38,38),(5,11):0.000000
(38,38),(5,16):0.000000
(38,38),(6,16):0.000000
(38,38),(6,20):0.000000
(38,38),(7,20):0.000000
(38,38),(7,23):0.000000
(38,38),(8,23):0.000000
(38,38),(8,12):0.000000
(38,38),(26,12):0.000000
(38,38),(26,13):0.000000
(38,38),(31,13):0.000000
(38,38),(31,14):0.000000
(38,38),(32,14):0.000000
(38,38),(32,18):0.000000
(38,38),(27,18):0.000000
(38,38),(27,19):0.000000
(38,38),(11,19):0.000000
(38,38),(11,24):0.000000
(38,38),(14,24):0.000000
(38,38),(14,21):0.000000
(38,38),(16,21):0.000000
(38,38),(16,25):0.000000
(38,38),(12,25):0.000000
(38,38),(12,28):0.000000
(38,38),(18,28):0.000000
(38,38),(18,27):0.000000
(38,38),(24,27):0.000000
(38,38),(24,32):8.304762
(38,38),(29,32):0.000000
(38,38),(29,33):11.900000
(38,38),(34,33):3.583333
(38,38),(34,34):16.250000
(38,38),(36,34):21.833334
(38,38),(36,31):14.000000
(38,38),(37,31):17.500000
(35,38),(35,36):16.000000
(35,38),(33,36):7.333333
(35,38),(33,35):8.916667
(35,38),(30,35):3.333333
(35,38),(30,37):0.000000
(35,38),(22,37):0.000000
(35,38),(22,29):0.000000
(35,38),(10,29):0.000000
(35,38),(10,17):0.000000
(35,38),(9,17):0.000000
(35,38),(9,26):0.000000
(35,38),(2,26):0.000000
(35,38),(2,22):0.000000
(35,38),(1,22):0.000000
(35,38),(1,15):0.000000
(35,38),(3,15):0.000000
(35,38),(3,9):0.000000
(35,38),(15,9):0.000000
(35,38),(15,10):0.000000
(35,38),(19,10):0.000000
(35,38),(19,6):0.000000
(35,38),(25,6):0.000000
(35,38),(25,5):0.000000
(35,38),(4,5):0.000000
(35,38),(4,4):0.000000
(35,38),(13,4):0.000000
(35,38),(13,2):0.000000
(35,38),(17,2):0.000000
(35,38),(17,1):0.000000
(35,38),(21,1):0.000000
(35,38),(21,3):0.000000
(35,38),(28,3):0.000000
(35,38),(28,7):0.000000
(35,38),(23,7):0.000000
(35,38),(23,8):0.000000
(35,38),(20,8):0.000000
(35,38),(20,11):0.000000
(35,38),(5,11):0.000000
(35,38),(5,16):0.000000
(35,38),(6,16):0.000000
(35,38),(6,20):0.000000
(35,38),(7,20):0.000000
(35,38),(7,23):0.000000
(35,38),(8,23):0.000000
(35,38),(8,12):0.000000
(35,38),(26,12):0.000000
(35,38),(26,13):0.000000
(35,38),(31,13):0.000000
(35,38),(31,14):0.000000
(35,38),(32,14):0.000000
(35,38),(32,18):0.000000
(35,38),(27,18):0.000000
(35,38),(27,19):0.000000
(35,38),(11,19):0.000000
(35,38),(11,24):0.000000
(35,38),(14,24):0.000000
(35,38),(14,21):0.000000
(35,38),(16,21):0.000000
(35,38),(16,25):0.000000
(35,38),(12,25):0.000000
(35,38),(12,28):0.000000
(35,38),(18,28):0.000000
(35,38),(18,27):0.000000
(35,38),(24,27):0.000000
(35,38),(24,32):5.000000
(35,38),(29,32):0.000000
(35,38),(29,33):6.750000
(35,38),(34,33):0.000000
(35,38),(34,34):11.000000
(35,38),(36,34):17.708334
(35,38),(36,31):12.875000
(35,38),(37,31):16.232143
(35,36),(33,36):12.083333
(35,36),(33,35):17.666666
(35,36),(30,35):10.083333
(35,36),(30,37):0.250000
(35,36),(22,37):4.500000
(35,36),(22,29):0.000000
(35,36),(10,29):0.000000
(35,36),(10,17):0.000000
(35,36),(9,17):0.000000
(35,36),(9,26):0.000000
(35,36),(2,26):0.000000
(35,36),(2,22):0.000000
(35,36),(1,22):0.000000
(35,36),(1,15):0.000000
(35,36),(3,15):0.000000
(35,36),(3,9):0.000000
(35,36),(15,9):0.000000
(35,36),(15,10):0.000000
(35,36),(19,10):0.000000
(35,36),(19,6):0.000000
(35,36),(25,6):0.000000
(35,36),(25,5):0.000000
(35,36),(4,5):0.000000
(35,36),(4,4):0.000000
(35,36),(13,4):0.000000
(35,36),(13,2):0.000000
(35,36),(17,2):0.000000
(35,36),(17,1):0.000000
(35,36),(21,1):0.000000
(35,36),(21,3):0.000000
(35,36),(28,3):0.000000
(35,36),(28,7):0.000000
(35,36),(23,7):0.000000
(35,36),(23,8):0.000000
(35,36),(20,8):0.000000
(35,36),(20,11):0.000000
(35,36),(5,11):0.000000
(35,36),(5,16):0.000000
(35,36),(6,16):0.000000
(35,36),(6,20):0.000000
(35,36),(7,20):0.000000
(35,36),(7,23):0.000000
(35,36),(8,23):0.000000
(35,36),(8,12):0.000000
(35,36),(26,12):0.000000
(35,36),(26,13):0.000000
(35,36),(31,13):0.000000
(35,36),(31,14):0.000000
(35,36),(32,14):0.000000
(35,36),(32,18):0.000000
(35,36),(27,18):0.000000
(35,36),(27,19):0.000000
(35,36),(11,19):0.000000
(35,36),(11,24):0.000000
(35,36),(14,24):0.000000
(35,36),(14,21):0.000000
(35,36),(16,21):0.000000
(35,36),(16,25):0.000000
(35,36),(12,25):0.000000
(35,36),(12,28):0.000000
(35,36),(18,28):0.000000
(35,36),(18,27):0.000000
(35,36),(24,27):0.000000
(35,36),(24,32):10.066667
(35,36),(29,32):0.000000
(35,36),(29,33):14.400000
(35,36),(34,33):6.750000
(35,36),(34,34):19.750000
(35,36),(36,34):21.000000
(35,36),(36,31):11.750000
(35,36),(37,31):14.500000
(33,36),(33,35):11.666667
(33,36),(30,35):6.333333
(33,36),(30,37):0.000000
(33,36),(22,37):1.125000
(33,36),(22,29):0.000000
(33,36),(10,29):0.000000
(33,36),(10,17):0.000000
(33,36),(9,17):0.000000
(33,36),(9,26):0.000000
(33,36),(2,26):0.000000
(33,36),(2,22):0.000000
(33,36),(1,22):0.000000
(33,36),(1,15):0.000000
(33,36),(3,15):0.000000
(33,36),(3,9):0.000000
(33,36),(15,9):0.000000
(33,36),(15,10):0.000000
(33,36),(19,10):0.000000
(33,36),(19,6):0.000000
(33,36),(25,6):0.000000
(33,36),(25,5):0.000000
(33,36),(4,5):0.000000
(33,36),(4,4):0.000000
(33,36),(13,4):0.000000
(33,36),(13,2):0.000000
(33,36),(17,2):0.000000
(33,36),(17,1):0.000000
(33,36),(21,1):0.000000
(33,36),(21,3):0.000000
(33,36),(28,3):0.000000
(33,36),(28,7):0.000000
(33,36),(23,7):0.000000
(33,36),(23,8):0.000000
(33,36),(20,8):0.000000
(33,36),(20,11):0.000000
(33,36),(5,11):0.000000
(33,36),(5,16):0.000000
(33,36),(6,16):0.000000
(33,36),(6,20):0.000000
(33,36),(7,20):0.000000
(33,36),(7,23):0.000000
(33,36),(8,23):0.000000
(33,36),(8,12):0.000000
(33,36),(26,12):0.000000
(33,36),(26,13):0.000000
(33,36),(31,13):0.000000
(33,36),(31,14):0.000000
(33,36),(32,14):0.000000
(33,36),(32,18):0.000000
(33,36),(27,18):0.000000
(33,36),(27,19):0.000000
(33,36),(11,19):0.000000
(33,36),(11,24):0.000000
(33,36),(14,24):0.000000
(33,36),(14,21):0.000000
(33,36),(16,21):0.000000
(33,36),(16,25):0.000000
(33,36),(12,25):0.000000
(33,36),(12,28):0.000000
(33,36),(18,28):0.000000
(33,36),(18,27):0.000000
(33,36),(24,27):0.000000
(33,36),(24,32):7.000000
(33,36),(29,32):0.000000
(33,36),(29,33):8.400000
(33,36),(34,33):3.000000
(33,36),(34,34):11.000000
(33,36),(36,34):11.333333
(33,36),(36,31):5.333333
(33,36),(37,31):6.000000
(33,35),(30,35):35.000000
(33,35),(30,37):22.666666
(33,35),(22,37):28.666666
(33,35),(22,29):9.666667
(33,35),(10,29):0.000000
(33,35),(10,17):0.000000
(33,35),(9,17):0.000000
(33,35),(9,26):0.000000
(33,35),(2,26):0.000000
(33,35),(2,22):0.000000
(33,35),(1,22):0.000000
(33,35),(1,15):0.000000
(33,35),(3,15):0.000000
(33,35),(3,9):0.000000
(33,35),(15,9):0.000000
(33,35),(15,10):0.000000
(33,35),(19,10):0.000000
(33,35),(19,6):0.000000
(33,35),(25,6):0.000000
(33,35),(25,5):0.000000
(33,35),(4,5):0.000000
(33,35),(4,4):0.000000
(33,35),(13,4):0.000000
(33,35),(13,2):0.000000
(33,35),(17,2):0.000000
(33,35),(17,1):0.000000
(33,35),(21,1):0.000000
(33,35),(21,3):0.000000
(33,35),(28,3):0.000000
(33,35),(28,7):0.000000
(33,35),(23,7):0.000000
(33,35),(23,8):0.000000
(33,35),(20,8):0.000000
(33,35),(20,11):0.000000
(33,35),(5,11):0.000000
(33,35),(5,16):0.000000
(33,35),(6,16):0.000000
(33,35),(6,20):0.000000
(33,35),(7,20):0.000000
(33,35),(7,23):0.000000
(33,35),(8,23):0.000000
(33,35),(8,12):0.000000
(33,35),(26,12):0.000000
(33,35),(26,13):0.000000
(33,35),(31,13):0.000000
(33,35),(31,14):0.000000
(33,35),(32,14):0.000000
(33,35),(32,18):0.000000
(33,35),(27,18):0.000000
(33,35),(27,19):0.000000
(33,35),(11,19):0.000000
(33,35),(11,24):0.000000
(33,35),(14,24):0.000000
(33,35),(14,21):0.000000
(33,35),(16,21):0.000000
(33,35),(16,25):0.000000
(33,35),(12,25):0.000000
(33,35),(12,28):0.000000
(33,35),(18,28):0.000000
(33,35),(18,27):0.000000
(33,35),(24,27):6.666667
(33,35),(24,32):34.733334
(33,35),(29,32):20.000000
(33,35),(29,33):39.049999
(33,35),(34,33):25.000000
(33,35),(34,34):40.150002
(33,35),(36,34):23.916666
(33,35),(36,31):6.666667
(33,35),(37,31):7.559524
(30,35),(30,37):39.750000
(30,35),(22,37):45.750000
(30,35),(22,29):19.333334
(30,35),(10,29):0.000000
(30,35),(10,17):0.000000
(30,35),(9,17):0.000000
(30,35),(9,26):0.000000
(30,35),(2,26):0.000000
(30,35),(2,22):0.000000
(30,35),(1,22):0.000000
(30,35),(1,15):0.000000
(30,35),(3,15):0.000000
(30,35),(3,9):0.000000
(30,35),(15,9):0.000000
(30,35),(15,10):0.000000
(30,35),(19,10):0.000000
(30,35),(19,6):0.000000
(30,35),(25,6):0.000000
(30,35),(25,5):0.000000
(30,35),(4,5):0.000000
(30,35),(4,4):0.000000
(30,35),(13,4):0.000000
(30,35),(13,2):0.000000
(30,35),(17,2):0.000000
(30,35),(17,1):0.000000
(30,35),(21,1):0.000000
(30,35),(21,3):0.000000
(30,35),(28,3):0.000000
(30,35),(28,7):0.000000
(30,35),(23,7):0.000000
(30,35),(23,8):0.000000
(30,35),(20,8):0.000000
(30,35),(20,11):0.000000
(30,35),(5,11):0.000000
(30,35),(5,16):0.000000
(30,35),(6,16):0.000000
(30,35),(6,20):0.000000
(30,35),(7,20):0.000000
(30,35),(7,23):0.000000
(30,35),(8,23):0.000000
(30,35),(8,12):0.000000
(30,35),(26,12):0.000000
(30,35),(26,13):0.000000
(30,35),(31,13):0.000000
(30,35),(31,14):0.000000
(30,35),(32,14):0.000000
(30,35),(32,18):0.000000
(30,35),(27,18):0.000000
(30,35),(27,19):0.000000
(30,35),(11,19):0.000000
(30,35),(11,24):0.000000
(30,35),(14,24):0.000000
(30,35),(14,21):0.000000
(30,35),(16,21):0.000000
(30,35),(16,25):0.000000
(30,35),(12,25):0.000000
(30,35),(12,28):0.000000
(30,35),(18,28):0.000000
(30,35),(18,27):0.000000
(30,35),(24,27):11.000000
(30,35),(24,32):47.650002
(30,35),(29,32):34.750000
(30,35),(29,33):49.549999
(30,35),(34,33):36.000000
(30,35),(34,34):40.900002
(30,35),(36,34):21.666666
(30,35),(36,31):2.333333
(30,35),(37,31):2.500000
(30,37),(22,37):40.541668
(30,37),(22,29):20.000000
(30,37),(10,29):0.000000
(30,37),(10,17):0.000000
(30,37),(9,17):0.000000
(30,37),(9,26):0.000000
(30,37),(2,26):0.000000
(30,37),(2,22):0.000000
(30,37),(1,22):0.000000
(30,37),(1,15):0.000000
(30,37),(3,15):0.000000
(30,37),(3,9):0.000000
(30,37),(15,9):0.000000
(30,37),(15,10):0.000000
(30,37),(19,10):0.000000
(30,37),(19,6):0.000000
(30,37),(25,6):0.000000
(30,37),(25,5):0.000000
(30,37),(4,5):0.000000
(30,37),(4,4):0.000000
(30,37),(13,4):0.000000
(30,37),(13,2):0.000000
(30,37),(17,2):0.000000
(30,37),(17,1):0.000000
(30,37),(21,1):0.000000
(30,37),(21,3):0.000000
(30,37),(28,3):0.000000
(30,37),(28,7):0.000000
(30,37),(23,7):0.000000
(30,37),(23,8):0.000000
(30,37),(20,8):0.000000
(30,37),(20,11):0.000000
(30,37),(5,11):0.000000
(30,37),(5,16):0.000000
(30,37),(6,16):0.000000
(30,37),(6,20):0.000000
(30,37),(7,20):0.000000
(30,37),(7,23):0.000000
(30,37),(8,23):0.000000
(30,37),(8,12):0.000000
(30,37),(26,12):0.000000
(30,37),(26,13):0.000000
(30,37),(31,13):0.000000
(30,37),(31,14):0.000000
(30,37),(32,14):0.000000
(30,37),(32,18):0.000000
(30,37),(27,18):0.000000
(30,37),(27,19):0.000000
(30,37),(11,19):0.000000
(30,37),(11,24):0.000000
(30,37),(14,24):0.000000
(30,37),(14,21):0.000000
(30,37),(16,21):0.000000
(30,37),(16,25):0.000000
(30,37),(12,25):0.000000
(30,37),(12,28):0.000000
(30,37),(18,28):0.000000
(30,37),(18,27):0.000000
(30,37),(24,27):11.666667
(30,37),(24,32):40.441666
(30,37),(29,32):34.875000
(30,37),(29,33):39.275002
(30,37),(34,33):28.000000
(30,37),(34,34):28.900000
(30,37),(36,34):13.333333
(30,37),(36,31):0.000000
(30,37),(37,31):0.000000
(22,37),(22,29):28.333334
(22,37),(10,29):3.250000
(22,37),(10,17):0.000000
(22,37),(9,17):0.000000
(22,37),(9,26):0.000000
(22,37),(2,26):0.000000
(22,37),(2,22):0.000000
(22,37),(1,22):0.000000
(22,37),(1,15):0.000000
(22,37),(3,15):0.000000
(22,37),(3,9):0.000000
(22,37),(15,9):0.000000
(22,37),(15,10):0.000000
(22,37),(19,10):0.000000
(22,37),(19,6):0.000000
(22,37),(25,6):0.000000
(22,37),(25,5):0.000000
(22,37),(4,5):0.000000
(22,37),(4,4):0.000000
(22,37),(13,4):0.000000
(22,37),(13,2):0.000000
(22,37),(17,2):0.000000
(22,37),(17,1):0.000000
(22,37),(21,1):0.000000
(22,37),(21,3):0.000000
(22,37),(28,3):0.000000
(22,37),(28,7):0.000000
(22,37),(23,7):0.000000
(22,37),(23,8):0.000000
(22,37),(20,8):0.000000
(22,37),(20,11):0.000000
(22,37),(5,11):0.000000
(22,37),(5,16):0.000000
(22,37),(6,16):0.000000
(22,37),(6,20):0.000000
(22,37),(7,20):0.000000
(22,37),(7,23):0.000000
(22,37),(8,23):0.000000
(22,37),(8,12):0.000000
(22,37),(26,12):0.000000
(22,37),(26,13):0.000000
(22,37),(31,13):0.000000
(22,37),(31,14):0.000000
(22,37),(32,14):0.000000
(22,37),(32,18):0.000000
(22,37),(27,18):0.000000
(22,37),(27,19):0.000000
(22,37),(11,19):0.000000
(22,37),(11,24):0.000000
(22,37),(14,24):0.000000
(22,37),(14,21):0.000000
(22,37),(16,21):0.000000
(22,37),(16,25):0.000000
(22,37),(12,25):0.000000
(22,37),(12,28):2.200000
(22,37),(18,28):4.500000
(22,37),(18,27):5.000000
(22,37),(24,27):20.000000
(22,37),(24,32):52.500000
(22,37),(29,32):35.000000
(22,37),(29,33):45.400002
(22,37),(34,33):34.000000
(22,37),(34,34):34.900002
(22,37),(36,34):15.333333
(22,37),(36,31):0.000000
(22,37),(37,31):0.000000
(22,29),(10,29):16.450001
(22,29),(10,17):1.833540
(22,29),(9,17):0.000000
(22,29),(9,26):0.000000
(22,29),(2,26):0.000000
(22,29),(2,22):0.000000
(22,29),(1,22):0.000000
(22,29),(1,15):0.000000
(22,29),(3,15):0.000000
(22,29),(3,9):0.000000
(22,29),(15,9):0.000000
(22,29),(15,10):0.000000
(22,29),(19,10):0.000000
(22,29),(19,6):0.000000
(22,29),(25,6):0.000000
(22,29),(25,5):0.000000
(22,29),(4,5):0.000000
(22,29),(4,4):0.000000
(22,29),(13,4):0.000000
(22,29),(13,2):0.000000
(22,29),(17,2):0.000000
(22,29),(17,1):0.000000
(22,29),(21,1):0.000000
(22,29),(21,3):0.000000
(22,29),(28,3):0.000000
(22,29),(28,7):0.000000
(22,29),(23,7):0.000000
(22,29),(23,8):0.000000
(22,29),(20,8):0.000000
(22,29),(20,11):0.000000
(22,29),(5,11):0.000000
(22,29),(5,16):0.000000
(22,29),(6,16):0.000000
(22,29),(6,20):0.000000
(22,29),(7,20):0.000000
(22,29),(7,23):0.000000
(22,29),(8,23):0.000000
(22,29),(8,12):0.000000
(22,29),(26,12):0.000000
(22,29),(26,13):0.000000
(22,29),(31,13):0.000000
(22,29),(31,14):0.000000
(22,29),(32,14):0.000000
(22,29),(32,18):0.000000
(22,29),(27,18):0.000000
(22,29),(27,19):0.000000
(22,29),(11,19):1.150000
(22,29),(11,24):2.325000
(22,29),(14,24):0.000000
(22,29),(14,21):0.000000
(22,29),(16,21):0.000000
(22,29),(16,25):0.000000
(22,29),(12,25):2.200000
(22,29),(12,28):14.400000
(22,29),(18,28):20.500000
(22,29),(18,27):13.000000
(22,29),(24,27):31.000000
(22,29),(24,32):29.666666
(22,29),(29,32):18.333334
(22,29),(29,33):18.733334
(22,29),(34,33):15.666667
(22,29),(34,34):15.685715
(22,29),(36,34):7.800000
(22,29),(36,31):0.000000
(22,29),(37,31):0.000000
(10,29),(10,17):21.235714
(10,29),(9,17):7.250000
(10,29),(9,26):0.000000
(10,29),(2,26):0.000000
(10,29),(2,22):0.000000
(10,29),(1,22):0.000000
(10,29),(1,15):0.000000
(10,29),(3,15):0.000000
(10,29),(3,9):0.000000
(10,29),(15,9):0.000000
(10,29),(15,10):0.000000
(10,29),(19,10):0.000000
(10,29),(19,6):0.000000
(10,29),(25,6):0.000000
(10,29),(25,5):0.000000
(10,29),(4,5):0.000000
(10,29),(4,4):0.000000
(10,29),(13,4):0.000000
(10,29),(13,2):0.000000
(10,29),(17,2):0.000000
(10,29),(17,1):0.000000
(10,29),(21,1):0.000000
(10,29),(21,3):0.000000
(10,29),(28,3):0.000000
(10,29),(28,7):0.000000
(10,29),(23,7):0.000000
(10,29),(23,8):0.000000
(10,29),(20,8):0.000000
(10,29),(20,11):0.000000
(10,29),(5,11):0.000000
(10,29),(5,16):0.000000
(10,29),(6,16):0.000000
(10,29),(6,20):0.000000
(10,29),(7,20):0.000000
(10,29),(7,23):0.000000
(10,29),(8,23):0.000000
(10,29),(8,12):8.700000
(10,29),(26,12):9.683333
(10,29),(26,13):9.650000
(10,29),(31,13):7.950000
(10,29),(31,14):9.575000
(10,29),(32,14):6.369048
(10,29),(32,18):8.400000
(10,29),(27,18):9.481250
(10,29),(27,19):9.450000
(10,29),(11,19):19.450001
(10,29),(11,24):22.375000
(10,29),(14,24):3.250000
(10,29),(14,21):0.000000
(10,29),(16,21):0.000000
(10,29),(16,25):2.350000
(10,29),(12,25):10.750000
(10,29),(12,28):24.000000
(10,29),(18,28):16.250000
(10,29),(18,27):8.250000
(10,29),(24,27):11.250000
(10,29),(24,32):3.942308
(10,29),(29,32):0.000000
(10,29),(29,33):0.000000
(10,29),(34,33):0.000000
(10,29),(34,34):0.000000
(10,29),(36,34):0.000000
(10,29),(36,31):0.000000
(10,29),(37,31):0.000000
(10,17),(9,17):113.000000
(10,17),(9,26):5.000000
(10,17),(2,26):0.000000
(10,17),(2,22):0.000000
(10,17),(1,22):0.000000
(10,17),(1,15):0.000000
(10,17),(3,15):0.000000
(10,17),(3,9):0.000000
(10,17),(15,9):0.000000
(10,17),(15,10):0.000000
(10,17),(19,10):0.000000
(10,17),(19,6):0.000000
(10,17),(25,6):0.000000
(10,17),(25,5):0.000000
(10,17),(4,5):0.000000
(10,17),(4,4):0.000000
(10,17),(13,4):0.000000
(10,17),(13,2):0.000000
(10,17),(17,2):0.000000
(10,17),(17,1):0.000000
(10,17),(21,1):0.000000
(10,17),(21,3):0.000000
(10,17),(28,3):0.000000
(10,17),(28,7):0.000000
(10,17),(23,7):0.000000
(10,17),(23,8):0.000000
(10,17),(20,8):0.000000
(10,17),(20,11):0.000000
(10,17),(5,11):0.000000
(10,17),(5,16):0.000000
(10,17),(6,16):0.000000
(10,17),(6,20):0.000000
(10,17),(7,20):0.000000
(10,17),(7,23):0.000000
(10,17),(8,23):7.083333
(10,17),(8,12):150.512070
(10,17),(26,12):122.233330
(10,17),(26,13):152.100006
(10,17),(31,13):129.750000
(10,17),(31,14):149.125000
(10,17),(32,14):110.494049
(10,17),(32,18):134.184097
(10,17),(27,18):151.813599
(10,17),(27,19):127.681374
(10,17),(11,19):157.218750
(10,17),(11,24):20.571428
(10,17),(14,24):1.900000
(10,17),(14,21):0.000000
(10,17),(16,21):0.000000
(10,17),(16,25):1.171429
(10,17),(12,25):7.285714
(10,17),(12,28):8.785714
(10,17),(18,28):1.642857
(10,17),(18,27):0.000000
(10,17),(24,27):0.000000
(10,17),(24,32):0.000000
(10,17),(29,32):0.000000
(10,17),(29,33):0.000000
(10,17),(34,33):0.000000
(10,17),(34,34):0.000000
(10,17),(36,34):0.000000
(10,17),(36,31):0.000000
(10,17),(37,31):0.000000
(9,17),(9,26):14.750000
(9,17),(2,26):4.000000
(9,17),(2,22):3.446774
(9,17),(1,22):0.000000
(9,17),(1,15):1.628788
(9,17),(3,15):0.750000
(9,17),(3,9):0.021160
(9,17),(15,9):0.000000
(9,17),(15,10):0.000000
(9,17),(19,10):0.000000
(9,17),(19,6):0.000000
(9,17),(25,6):0.000000
(9,17),(25,5):0.000000
(9,17),(4,5):0.000000
(9,17),(4,4):0.000000
(9,17),(13,4):0.000000
(9,17),(13,2):0.000000
(9,17),(17,2):0.000000
(9,17),(17,1):0.000000
(9,17),(21,1):0.000000
(9,17),(21,3):0.000000
(9,17),(28,3):0.000000
(9,17),(28,7):0.000000
(9,17),(23,7):0.000000
(9,17),(23,8):0.000000
(9,17),(20,8):0.000000
(9,17),(20,11):0.000000
(9,17),(5,11):0.000000
(9,17),(5,16):0.000000
(9,17),(6,16):0.000000
(9,17),(6,20):0.250000
(9,17),(7,20):0.000000
(9,17),(7,23):3.750000
(9,17),(8,23):16.833334
(9,17),(8,12):121.262077
(9,17),(26,12):90.147057
(9,17),(26,13):113.017647
(9,17),(31,13):92.090912
(9,17),(31,14):110.568184
(9,17),(32,14):72.065216
(9,17),(32,18):112.184090
(9,17),(27,18):112.782356
(9,17),(27,19):93.681374
(9,17),(11,19):109.000000
(9,17),(11,24):6.785714
(9,17),(14,24):0.000000
(9,17),(14,21):0.000000
(9,17),(16,21):0.000000
(9,17),(16,25):0.000000
(9,17),(12,25):0.000000
(9,17),(12,28):0.000000
(9,17),(18,28):0.000000
(9,17),(18,27):0.000000
(9,17),(24,27):0.000000
(9,17),(24,32):0.000000
(9,17),(29,32):0.000000
(9,17),(29,33):0.000000
(9,17),(34,33):0.000000
(9,17),(34,34):0.000000
(9,17),(36,34):0.000000
(9,17),(36,31):0.000000
(9,17),(37,31):0.000000
(9,26),(2,26):40.000000
(9,26),(2,22):45.980953
(9,26),(1,22):20.714285
(9,26),(1,15):42.571430
(9,26),(3,15):42.630951
(9,26),(3,9):24.639860
(9,26),(15,9):0.000000
(9,26),(15,10):0.000000
(9,26),(19,10):0.000000
(9,26),(19,6):0.000000
(9,26),(25,6):0.000000
(9,26),(25,5):0.000000
(9,26),(4,5):0.000000
(9,26),(4,4):0.000000
(9,26),(13,4):0.000000
(9,26),(13,2):0.000000
(9,26),(17,2):0.000000
(9,26),(17,1):0.000000
(9,26),(21,1):0.000000
(9,26),(21,3):0.000000
(9,26),(28,3):0.000000
(9,26),(28,7):0.000000
(9,26),(23,7):0.000000
(9,26),(23,8):0.000000
(9,26),(20,8):0.000000
(9,26),(20,11):0.000000
(9,26),(5,11):28.142857
(9,26),(5,16):40.680954
(9,26),(6,16):35.630951
(9,26),(6,20):41.880951
(9,26),(7,20):28.714285
(9,26),(7,23):46.380951
(9,26),(8,23):32.000000
(9,26),(8,12):14.000000
(9,26),(26,12):5.147059
(9,26),(26,13):5.117647
(9,26),(31,13):4.090909
(9,26),(31,14):5.068182
(9,26),(32,14):3.065217
(9,26),(32,18):4.931818
(9,26),(27,18):4.911765
(9,26),(27,19):4.823529
(9,26),(11,19):2.000000
(9,26),(11,24):0.000000
(9,26),(14,24):0.000000
(9,26),(14,21):0.000000
(9,26),(16,21):0.000000
(9,26),(16,25):0.000000
(9,26),(12,25):0.000000
(9,26),(12,28):0.000000
(9,26),(18,28):0.000000
(9,26),(18,27):0.000000
(9,26),(24,27):0.000000
(9,26),(24,32):0.000000
(9,26),(29,32):0.000000
(9,26),(29,33):0.000000
(9,26),(34,33):0.000000
(9,26),(34,34):0.000000
(9,26),(36,34):0.000000
(9,26),(36,31):0.000000
(9,26),(37,31):0.000000
(2,26),(2,22):64.428574
(2,26),(1,22):36.257141
(2,26),(1,15):50.565475
(2,26),(3,15):60.930302
(2,26),(3,9):45.922726
(2,26),(15,9):3.763636
(2,26),(15,10):3.626022
(2,26),(19,10):1.787166
(2,26),(19,6):0.000000
(2,26),(25,6):0.000000
(2,26),(25,5):0.000000
(2,26),(4,5):0.000000
(2,26),(4,4):0.000000
(2,26),(13,4):0.000000
(2,26),(13,2):0.000000
(2,26),(17,2):0.000000
(2,26),(17,1):0.000000
(2,26),(21,1):0.000000
(2,26),(21,3):0.000000
(2,26),(28,3):0.000000
(2,26),(28,7):0.000000
(2,26),(23,7):0.000000
(2,26),(23,8):0.000000
(2,26),(20,8):0.000000
(2,26),(20,11):3.490909
(2,26),(5,11):42.763638
(2,26),(5,16):57.863636
(2,26),(6,16):40.000000
(2,26),(6,20):54.866665
(2,26),(7,20):30.000000
(2,26),(7,23):53.928570
(2,26),(8,23):21.250000
(2,26),(8,12):3.250000
(2,26),(26,12):0.000000
(2,26),(26,13):0.000000
(2,26),(31,13):0.000000
(2,26),(31,14):0.000000
(2,26),(32,14):0.000000
(2,26),(32,18):0.000000
(2,26),(27,18):0.000000
(2,26),(27,19):0.000000
(2,26),(11,19):0.000000
(2,26),(11,24):0.000000
(2,26),(14,24):0.000000
(2,26),(14,21):0.000000
(2,26),(16,21):0.000000
(2,26),(16,25):0.000000
(2,26),(12,25):0.000000
(2,26),(12,28):0.000000
(2,26),(18,28):0.000000
(2,26),(18,27):0.000000
(2,26),(24,27):0.000000
(2,26),(24,32):0.000000
(2,26),(29,32):0.000000
(2,26),(29,33):0.000000
(2,26),(34,33):0.000000
(2,26),(34,34):0.000000
(2,26),(36,34):0.000000
(2,26),(36,31):0.000000
(2,26),(37,31):0.000000
(2,22),(1,22):43.402596
(2,22),(1,15):57.565475
(2,22),(3,15):67.140694
(2,22),(3,9):45.133118
(2,22),(15,9):3.326967
(2,22),(15,10):3.220403
(2,22),(19,10):1.567144
(2,22),(19,6):0.000000
(2,22),(25,6):0.000000
(2,22),(25,5):0.000000
(2,22),(4,5):0.000000
(2,22),(4,4):0.000000
(2,22),(13,4):0.000000
(2,22),(13,2):0.000000
(2,22),(17,2):0.000000
(2,22),(17,1):0.000000
(2,22),(21,1):0.000000
(2,22),(21,3):0.000000
(2,22),(28,3):0.000000
(2,22),(28,7):0.000000
(2,22),(23,7):0.000000
(2,22),(23,8):0.000000
(2,22),(20,8):0.000000
(2,22),(20,11):3.116883
(2,22),(5,11):45.974026
(2,22),(5,16):63.928570
(2,22),(6,16):46.000000
(2,22),(6,20):61.272728
(2,22),(7,20):32.000000
(2,22),(7,23):60.200001
(2,22),(8,23):20.600000
(2,22),(8,12):2.700000
(2,22),(26,12):0.000000
(2,22),(26,13):0.000000
(2,22),(31,13):0.000000
(2,22),(31,14):0.000000
(2,22),(32,14):0.000000
(2,22),(32,18):0.000000
(2,22),(27,18):0.000000
(2,22),(27,19):0.000000
(2,22),(11,19):0.000000
(2,22),(11,24):0.000000
(2,22),(14,24):0.000000
(2,22),(14,21):0.000000
(2,22),(16,21):0.000000
(2,22),(16,25):0.000000
(2,22),(12,25):0.000000
(2,22),(12,28):0.000000
(2,22),(18,28):0.000000
(2,22),(18,27):0.000000
(2,22),(24,27):0.000000
(2,22),(24,32):0.000000
(2,22),(29,32):0.000000
(2,22),(29,33):0.000000
(2,22),(34,33):0.000000
(2,22),(34,34):0.000000
(2,22),(36,34):0.000000
(2,22),(36,31):0.000000
(2,22),(37,31):0.000000
(1,22),(1,15):35.375000
(1,22),(3,15):42.501083
(1,22),(3,9):26.379869
(1,22),(15,9):1.948052
(1,22),(15,10):1.907945
(1,22),(19,10):0.922890
(1,22),(19,6):0.000000
(1,22),(25,6):0.000000
(1,22),(25,5):0.000000
(1,22),(4,5):0.000000
(1,22),(4,4):0.000000
(1,22),(13,4):0.000000
(1,22),(13,2):0.000000
(1,22),(17,2):0.000000
(1,22),(17,1):0.000000
(1,22),(21,1):0.000000
(1,22),(21,3):0.000000
(1,22),(28,3):0.000000
(1,22),(28,7):0.000000
(1,22),(23,7):0.000000
(1,22),(23,8):0.000000
(1,22),(20,8):0.000000
(1,22),(20,11):1.870130
(1,22),(5,11):31.584415
(1,22),(5,16):41.357143
(1,22),(6,16):30.000000
(1,22),(6,20):38.733334
(1,22),(7,20):12.000000
(1,22),(7,23):34.169231
(1,22),(8,23):0.000000
(1,22),(8,12):0.000000
(1,22),(26,12):0.000000
(1,22),(26,13):0.000000
(1,22),(31,13):0.000000
(1,22),(31,14):0.000000
(1,22),(32,14):0.000000
(1,22),(32,18):0.000000
(1,22),(27,18):0.000000
(1,22),(27,19):0.000000
(1,22),(11,19):0.000000
(1,22),(11,24):0.000000
(1,22),(14,24):0.000000
(1,22),(14,21):0.000000
(1,22),(16,21):0.000000
(1,22),(16,25):0.000000
(1,22),(12,25):0.000000
(1,22),(12,28):0.000000
(1,22),(18,28):0.000000
(1,22),(18,27):0.000000
(1,22),(24,27):0.000000
(1,22),(24,32):0.000000
(1,22),(29,32):0.000000
(1,22),(29,33):0.000000
(1,22),(34,33):0.000000
(1,22),(34,34):0.000000
(1,22),(36,34):0.000000
(1,22),(36,31):0.000000
(1,22),(37,31):0.000000
(1,15),(3,15):56.023811
(1,15),(3,9):35.159092
(1,15),(15,9):0.000000
(1,15),(15,10):0.000000
(1,15),(19,10):0.000000
(1,15),(19,6):0.000000
(1,15),(25,6):0.000000
(1,15),(25,5):0.000000
(1,15),(4,5):0.000000
(1,15),(4,4):0.000000
(1,15),(13,4):0.000000
(1,15),(13,2):0.000000
(1,15),(17,2):0.000000
(1,15),(17,1):0.000000
(1,15),(21,1):0.000000
(1,15),(21,3):0.000000
(1,15),(28,3):0.000000
(1,15),(28,7):0.000000
(1,15),(23,7):0.000000
(1,15),(23,8):0.000000
(1,15),(20,8):0.000000
(1,15),(20,11):0.000000
(1,15),(5,11):34.857143
(1,15),(5,16):53.232143
(1,15),(6,16):44.732143
(1,15),(6,20):55.607143
(1,15),(7,20):30.357143
(1,15),(7,23):54.423809
(1,15),(8,23):17.261906
(1,15),(8,12):1.000000
(1,15),(26,12):0.000000
(1,15),(26,13):0.000000
(1,15),(31,13):0.000000
(1,15),(31,14):0.000000
(1,15),(32,14):0.000000
(1,15),(32,18):0.000000
(1,15),(27,18):0.000000
(1,15),(27,19):0.000000
(1,15),(11,19):0.000000
(1,15),(11,24):0.000000
(1,15),(14,24):0.000000
(1,15),(14,21):0.000000
(1,15),(16,21):0.000000
(1,15),(16,25):0.000000
(1,15),(12,25):0.000000
(1,15),(12,28):0.000000
(1,15),(18,28):0.000000
(1,15),(18,27):0.000000
(1,15),(24,27):0.000000
(1,15),(24,32):0.000000
(1,15),(29,32):0.000000
(1,15),(29,33):0.000000
(1,15),(34,33):0.000000
(1,15),(34,34):0.000000
(1,15),(36,34):0.000000
(1,15),(36,31):0.000000
(1,15),(37,31):0.000000
(3,15),(3,9):48.159092
(3,15),(15,9):5.400000
(3,15),(15,10):5.200000
(3,15),(19,10):2.392857
(3,15),(19,6):0.000000
(3,15),(25,6):0.000000
(3,15),(25,5):0.000000
(3,15),(4,5):0.000000
(3,15),(4,4):0.000000
(3,15),(13,4):0.000000
(3,15),(13,2):0.000000
(3,15),(17,2):0.000000
(3,15),(17,1):0.000000
(3,15),(21,1):0.000000
(3,15),(21,3):0.000000
(3,15),(28,3):0.000000
(3,15),(28,7):0.000000
(3,15),(23,7):0.000000
(3,15),(23,8):0.000000
(3,15),(20,8):0.000000
(3,15),(20,11):5.000000
(3,15),(5,11):49.000000
(3,15),(5,16):66.250000
(3,15),(6,16):45.750000
(3,15),(6,20):62.291668
(3,15),(7,20):31.166666
(3,15),(7,23):56.816666
(3,15),(8,23):17.250000
(3,15),(8,12):0.250000
(3,15),(26,12):0.000000
(3,15),(26,13):0.000000
(3,15),(31,13):0.000000
(3,15),(31,14):0.000000
(3,15),(32,14):0.000000
(3,15),(32,18):0.000000
(3,15),(27,18):0.000000
(3,15),(27,19):0.000000
(3,15),(11,19):0.000000
(3,15),(11,24):0.000000
(3,15),(14,24):0.000000
(3,15),(14,21):0.000000
(3,15),(16,21):0.000000
(3,15),(16,25):0.000000
(3,15),(12,25):0.000000
(3,15),(12,28):0.000000
(3,15),(18,28):0.000000
(3,15),(18,27):0.000000
(3,15),(24,27):0.000000
(3,15),(24,32):0.000000
(3,15),(29,32):0.000000
(3,15),(29,33):0.000000
(3,15),(34,33):0.000000
(3,15),(34,34):0.000000
(3,15),(36,34):0.000000
(3,15),(36,31):0.000000
(3,15),(37,31):0.000000
(3,9),(15,9):24.400000
(3,9),(15,10):28.158333
(3,9),(19,10):16.101191
(3,9),(19,6):0.625000
(3,9),(25,6):0.000000
(3,9),(25,5):0.000000
(3,9),(4,5):0.000000
(3,9),(4,4):0.000000
(3,9),(13,4):0.000000
(3,9),(13,2):0.000000
(3,9),(17,2):0.000000
(3,9),(17,1):0.000000
(3,9),(21,1):0.000000
(3,9),(21,3):0.000000
(3,9),(28,3):0.000000
(3,9),(28,7):0.000000
(3,9),(23,7):0.000000
(3,9),(23,8):0.000000
(3,9),(20,8):0.848333
(3,9),(20,11):25.458334
(3,9),(5,11):57.958332
(3,9),(5,16):46.750000
(3,9),(6,16):28.250000
(3,9),(6,20):41.034092
(3,9),(7,20):22.166666
(3,9),(7,23):36.409092
(3,9),(8,23):12.681818
(3,9),(8,12):0.000000
(3,9),(26,12):0.000000
(3,9),(26,13):0.000000
(3,9),(31,13):0.000000
(3,9),(31,14):0.000000
(3,9),(32,14):0.000000
(3,9),(32,18):0.000000
(3,9),(27,18):0.000000
(3,9),(27,19):0.000000
(3,9),(11,19):0.000000
(3,9),(11,24):0.000000
(3,9),(14,24):0.000000
(3,9),(14,21):0.000000
(3,9),(16,21):0.000000
(3,9),(16,25):0.000000
(3,9),(12,25):0.000000
(3,9),(12,28):0.000000
(3,9),(18,28):0.000000
(3,9),(18,27):0.000000
(3,9),(24,27):0.000000
(3,9),(24,32):0.000000
(3,9),(29,32):0.000000
(3,9),(29,33):0.000000
(3,9),(34,33):0.000000
(3,9),(34,34):0.000000
(3,9),(36,34):0.000000
(3,9),(36,31):0.000000
(3,9),(37,31):0.000000
(15,9),(15,10):24.200001
(15,9),(19,10):12.142858
(15,9),(19,6):0.000000
(15,9),(25,6):0.000000
(15,9),(25,5):0.000000
(15,9),(4,5):0.000000
(15,9),(4,4):0.000000
(15,9),(13,4):0.000000
(15,9),(13,2):0.000000
(15,9),(17,2):0.000000
(15,9),(17,1):0.000000
(15,9),(21,1):0.000000
(15,9),(21,3):0.000000
(15,9),(28,3):0.000000
(15,9),(28,7):0.000000
(15,9),(23,7):0.000000
(15,9),(23,8):0.000000
(15,9),(20,8):0.000000
(15,9),(20,11):21.500000
(15,9),(5,11):24.400000
(15,9),(5,16):4.400000
(15,9),(6,16):0.000000
(15,9),(6,20):1.251190
(15,9),(7,20):0.000000
(15,9),(7,23):0.025000
(15,9),(8,23):0.000000
(15,9),(8,12):0.000000
(15,9),(26,12):0.000000
(15,9),(26,13):0.000000
(15,9),(31,13):0.000000
(15,9),(31,14):0.000000
(15,9),(32,14):0.000000
(15,9),(32,18):0.000000
(15,9),(27,18):0.000000
(15,9),(27,19):0.000000
(15,9),(11,19):0.000000
(15,9),(11,24):0.000000
(15,9),(14,24):0.000000
(15,9),(14,21):0.000000
(15,9),(16,21):0.000000
(15,9),(16,25):0.000000
(15,9),(12,25):0.000000
(15,9),(12,28):0.000000
(15,9),(18,28):0.000000
(15,9),(18,27):0.000000
(15,9),(24,27):0.000000
(15,9),(24,32):0.000000
(15,9),(29,32):0.000000
(15,9),(29,33):0.000000
(15,9),(34,33):0.000000
(15,9),(34,34):0.000000
(15,9),(36,34):0.000000
(15,9),(36,31):0.000000
(15,9),(37,31):0.000000
(15,10),(19,10):17.142857
(15,10),(19,6):1.000000
(15,10),(25,6):0.000000
(15,10),(25,5):0.000000
(15,10),(4,5):0.000000
(15,10),(4,4):0.000000
(15,10),(13,4):0.000000
(15,10),(13,2):0.000000
(15,10),(17,2):0.000000
(15,10),(17,1):0.000000
(15,10),(21,1):0.000000
(15,10),(21,3):0.000000
(15,10),(28,3):0.000000
(15,10),(28,7):0.000000
(15,10),(23,7):0.000000
(15,10),(23,8):0.000000
(15,10),(20,8):1.250000
(15,10),(20,11):26.500000
(15,10),(5,11):29.200001
(15,10),(5,16):4.200000
(15,10),(6,16):0.000000
(15,10),(6,20):1.123780
(15,10),(7,20):0.000000
(15,10),(7,23):0.006452
(15,10),(8,23):0.000000
(15,10),(8,12):0.000000
(15,10),(26,12):0.000000
(15,10),(26,13):0.000000
(15,10),(31,13):0.000000
(15,10),(31,14):0.000000
(15,10),(32,14):0.000000
(15,10),(32,18):0.000000
(15,10),(27,18):0.000000
(15,10),(27,19):0.000000
(15,10),(11,19):0.000000
(15,10),(11,24):0.000000
(15,10),(14,24):0.000000
(15,10),(14,21):0.000000
(15,10),(16,21):0.000000
(15,10),(16,25):0.000000
(15,10),(12,25):0.000000
(15,10),(12,28):0.000000
(15,10),(18,28):0.000000
(15,10),(18,27):0.000000
(15,10),(24,27):0.000000
(15,10),(24,32):0.000000
(15,10),(29,32):0.000000
(15,10),(29,33):0.000000
(15,10),(34,33):0.000000
(15,10),(34,34):0.000000
(15,10),(36,34):0.000000
(15,10),(36,31):0.000000
(15,10),(37,31):0.000000
(19,10),(19,6):6.000000
(19,10),(25,6):3.200000
(19,10),(25,5):0.000000
(19,10),(4,5):0.000000
(19,10),(4,4):0.000000
(19,10),(13,4):0.000000
(19,10),(13,2):0.000000
(19,10),(17,2):0.000000
(19,10),(17,1):0.000000
(19,10),(21,1):0.000000
(19,10),(21,3):0.000000
(19,10),(28,3):0.000000
(19,10),(28,7):1.750000
(19,10),(23,7):3.166667
(19,10),(23,8):3.000000
(19,10),(20,8):6.250000
(19,10),(20,11):21.000000
(19,10),(5,11):17.178572
(19,10),(5,16):2.142857
(19,10),(6,16):0.000000
(19,10),(6,20):0.713033
(19,10),(7,20):0.000000
(19,10),(7,23):0.003322
(19,10),(8,23):0.000000
(19,10),(8,12):0.000000
(19,10),(26,12):0.000000
(19,10),(26,13):0.000000
(19,10),(31,13):0.000000
(19,10),(31,14):0.000000
(19,10),(32,14):0.000000
(19,10),(32,18):0.000000
(19,10),(27,18):0.000000
(19,10),(27,19):0.000000
(19,10),(11,19):0.000000
(19,10),(11,24):0.000000
(19,10),(14,24):0.000000
(19,10),(14,21):0.000000
(19,10),(16,21):0.000000
(19,10),(16,25):0.000000
(19,10),(12,25):0.000000
(19,10),(12,28):0.000000
(19,10),(18,28):0.000000
(19,10),(18,27):0.000000
(19,10),(24,27):0.000000
(19,10),(24,32):0.000000
(19,10),(29,32):0.000000
(19,10),(29,33):0.000000
(19,10),(34,33):0.000000
(19,10),(34,34):0.000000
(19,10),(36,34):0.000000
(19,10),(36,31):0.000000
(19,10),(37,31):0.000000
(19,6),(25,6):12.200000
(19,6),(25,5):3.000000
(19,6),(4,5):0.000000
(19,6),(4,4):0.000000
(19,6),(13,4):0.000000
(19,6),(13,2):0.000000
(19,6),(17,2):0.020833
(19,6),(17,1):0.000000
(19,6),(21,1):0.000000
(19,6),(21,3):0.250000
(19,6),(28,3):3.500000
(19,6),(28,7):9.000000
(19,6),(23,7):13.166667
(19,6),(23,8):8.000000
(19,6),(20,8):12.500000
(19,6),(20,11):5.000000
(19,6),(5,11):1.035714
(19,6),(5,16):0.000000
(19,6),(6,16):0.000000
(19,6),(6,20):0.000000
(19,6),(7,20):0.000000
(19,6),(7,23):0.000000
(19,6),(8,23):0.000000
(19,6),(8,12):0.000000
(19,6),(26,12):0.000000
(19,6),(26,13):0.000000
(19,6),(31,13):0.000000
(19,6),(31,14):0.000000
(19,6),(32,14):0.000000
(19,6),(32,18):0.000000
(19,6),(27,18):0.000000
(19,6),(27,19):0.000000
(19,6),(11,19):0.000000
(19,6),(11,24):0.000000
(19,6),(14,24):0.000000
(19,6),(14,21):0.000000
(19,6),(16,21):0.000000
(19,6),(16,25):0.000000
(19,6),(12,25):0.000000
(19,6),(12,28):0.000000
(19,6),(18,28):0.000000
(19,6),(18,27):0.000000
(19,6),(24,27):0.000000
(19,6),(24,32):0.000000
(19,6),(29,32):0.000000
(19,6),(29,33):0.000000
(19,6),(34,33):0.000000
(19,6),(34,34):0.000000
(19,6),(36,34):0.000000
(19,6),(36,31):0.000000
(19,6),(37,31):0.000000
(25,6),(25,5):12.000000
(25,6),(4,5):6.000000
(25,6),(4,4):3.214286
(25,6),(13,4):6.375000
(25,6),(13,2):5.062500
(25,6),(17,2):3.562500
(25,6),(17,1):0.000000
(25,6),(21,1):0.000000
(25,6),(21,3):8.250000
(25,6),(28,3):12.500000
(25,6),(28,7):18.000000
(25,6),(23,7):14.416667
(25,6),(23,8):7.000000
(25,6),(20,8):9.833333
(25,6),(20,11):2.200000
(25,6),(5,11):0.000000
(25,6),(5,16):0.000000
(25,6),(6,16):0.000000
(25,6),(6,20):0.000000
(25,6),(7,20):0.000000
(25,6),(7,23):0.000000
(25,6),(8,23):0.000000
(25,6),(8,12):0.000000
(25,6),(26,12):0.000000
(25,6),(26,13):0.000000
(25,6),(31,13):0.000000
(25,6),(31,14):0.000000
(25,6),(32,14):0.000000
(25,6),(32,18):0.000000
(25,6),(27,18):0.000000
(25,6),(27,19):0.000000
(25,6),(11,19):0.000000
(25,6),(11,24):0.000000
(25,6),(14,24):0.000000
(25,6),(14,21):0.000000
(25,6),(16,21):0.000000
(25,6),(16,25):0.000000
(25,6),(12,25):0.000000
(25,6),(12,28):0.000000
(25,6),(18,28):0.000000
(25,6),(18,27):0.000000
(25,6),(24,27):0.000000
(25,6),(24,32):0.000000
(25,6),(29,32):0.000000
(25,6),(29,33):0.000000
(25,6),(34,33):0.000000
(25,6),(34,34):0.000000
(25,6),(36,34):0.000000
(25,6),(36,31):0.000000
(25,6),(37,31):0.000000
(25,5),(4,5):34.500000
(25,5),(4,4):24.214285
(25,5),(13,4):46.875000
(25,5),(13,2):35.062500
(25,5),(17,2):34.562500
(25,5),(17,1):16.000000
(25,5),(21,1):23.333334
(25,5),(21,3):44.250000
(25,5),(28,3):42.299999
(25,5),(28,7):15.000000
(25,5),(23,7):5.250000
(25,5),(23,8):0.000000
(25,5),(20,8):1.300000
(25,5),(20,11):0.000000
(25,5),(5,11):0.000000
(25,5),(5,16):0.000000
(25,5),(6,16):0.000000
(25,5),(6,20):0.000000
(25,5),(7,20):0.000000
(25,5),(7,23):0.000000
(25,5),(8,23):0.000000
(25,5),(8,12):0.000000
(25,5),(26,12):0.000000
(25,5),(26,13):0.000000
(25,5),(31,13):0.000000
(25,5),(31,14):0.000000
(25,5),(32,14):0.000000
(25,5),(32,18):0.000000
(25,5),(27,18):0.000000
(25,5),(27,19):0.000000
(25,5),(11,19):0.000000
(25,5),(11,24):0.000000
(25,5),(14,24):0.000000
(25,5),(14,21):0.000000
(25,5),(16,21):0.000000
(25,5),(16,25):0.000000
(25,5),(12,25):0.000000
(25,5),(12,28):0.000000
(25,5),(18,28):0.000000
(25,5),(18,27):0.000000
(25,5),(24,27):0.000000
(25,5),(24,32):0.000000
(25,5),(29,32):0.000000
(25,5),(29,33):0.000000
(25,5),(34,33):0.000000
(25,5),(34,34):0.000000
(25,5),(36,34):0.000000
(25,5),(36,31):0.000000
(25,5),(37,31):0.000000
(4,5),(4,4):24.000000
(4,5),(13,4):34.500000
(4,5),(13,2):22.466911
(4,5),(17,2):20.413462
(4,5),(17,1):10.656566
(4,5),(21,1):12.888889
(4,5),(21,3):29.500000
(4,5),(28,3):31.799999
(4,5),(28,7):9.000000
(4,5),(23,7):0.250000
(4,5),(23,8):0.000000
(4,5),(20,8):0.050000
(4,5),(20,11):0.000000
(4,5),(5,11):0.000000
(4,5),(5,16):0.000000
(4,5),(6,16):0.000000
(4,5),(6,20):0.000000
(4,5),(7,20):0.000000
(4,5),(7,23):0.000000
(4,5),(8,23):0.000000
(4,5),(8,12):0.000000
(4,5),(26,12):0.000000
(4,5),(26,13):0.000000
(4,5),(31,13):0.000000
(4,5),(31,14):0.000000
(4,5),(32,14):0.000000
(4,5),(32,18):0.000000
(4,5),(27,18):0.000000
(4,5),(27,19):0.000000
(4,5),(11,19):0.000000
(4,5),(11,24):0.000000
(4,5),(14,24):0.000000
(4,5),(14,21):0.000000
(4,5),(16,21):0.000000
(4,5),(16,25):0.000000
(4,5),(12,25):0.000000
(4,5),(12,28):0.000000
(4,5),(18,28):0.000000
(4,5),(18,27):0.000000
(4,5),(24,27):0.000000
(4,5),(24,32):0.000000
(4,5),(29,32):0.000000
(4,5),(29,33):0.000000
(4,5),(34,33):0.000000
(4,5),(34,34):0.000000
(4,5),(36,34):0.000000
(4,5),(36,31):0.000000
(4,5),(37,31):0.000000
(4,4),(13,4):24.214285
(4,4),(13,2):15.214286
(4,4),(17,2):15.089286
(4,4),(17,1):7.000000
(4,4),(21,1):9.333333
(4,4),(21,3):19.214285
(4,4),(28,3):21.514286
(4,4),(28,7):3.964286
(4,4),(23,7):0.377329
(4,4),(23,8):0.000000
(4,4),(20,8):0.131307
(4,4),(20,11):0.000000
(4,4),(5,11):0.000000
(4,4),(5,16):0.000000
(4,4),(6,16):0.000000
(4,4),(6,20):0.000000
(4,4),(7,20):0.000000
(4,4),(7,23):0.000000
(4,4),(8,23):0.000000
(4,4),(8,12):0.000000
(4,4),(26,12):0.000000
(4,4),(26,13):0.000000
(4,4),(31,13):0.000000
(4,4),(31,14):0.000000
(4,4),(32,14):0.000000
(4,4),(32,18):0.000000
(4,4),(27,18):0.000000
(4,4),(27,19):0.000000
(4,4),(11,19):0.000000
(4,4),(11,24):0.000000
(4,4),(14,24):0.000000
(4,4),(14,21):0.000000
(4,4),(16,21):0.000000
(4,4),(16,25):0.000000
(4,4),(12,25):0.000000
(4,4),(12,28):0.000000
(4,4),(18,28):0.000000
(4,4),(18,27):0.000000
(4,4),(24,27):0.000000
(4,4),(24,32):0.000000
(4,4),(29,32):0.000000
(4,4),(29,33):0.000000
(4,4),(34,33):0.000000
(4,4),(34,34):0.000000
(4,4),(36,34):0.000000
(4,4),(36,31):0.000000
(4,4),(37,31):0.000000
(13,4),(13,2):35.312500
(13,4),(17,2):36.250000
(13,4),(17,1):19.000000
(13,4),(21,1):26.333334
(13,4),(21,3):45.375000
(13,4),(28,3):36.674999
(13,4),(28,7):9.375000
(13,4),(23,7):0.482143
(13,4),(23,8):0.000000
(13,4),(20,8):0.209483
(13,4),(20,11):0.000000
(13,4),(5,11):0.000000
(13,4),(5,16):0.000000
(13,4),(6,16):0.000000
(13,4),(6,20):0.000000
(13,4),(7,20):0.000000
(13,4),(7,23):0.000000
(13,4),(8,23):0.000000
(13,4),(8,12):0.000000
(13,4),(26,12):0.000000
(13,4),(26,13):0.000000
(13,4),(31,13):0.000000
(13,4),(31,14):0.000000
(13,4),(32,14):0.000000
(13,4),(32,18):0.000000
(13,4),(27,18):0.000000
(13,4),(27,19):0.000000
(13,4),(11,19):0.000000
(13,4),(11,24):0.000000
(13,4),(14,24):0.000000
(13,4),(14,21):0.000000
(13,4),(16,21):0.000000
(13,4),(16,25):0.000000
(13,4),(12,25):0.000000
(13,4),(12,28):0.000000
(13,4),(18,28):0.000000
(13,4),(18,27):0.000000
(13,4),(24,27):0.000000
(13,4),(24,32):0.000000
(13,4),(29,32):0.000000
(13,4),(29,33):0.000000
(13,4),(34,33):0.000000
(13,4),(34,34):0.000000
(13,4),(36,34):0.000000
(13,4),(36,31):0.000000
(13,4),(37,31):0.000000
(13,2),(17,2):33.000000
(13,2),(17,1):16.000000
(13,2),(21,1):22.000000
(13,2),(21,3):36.062500
(13,2),(28,3):28.062500
(13,2),(28,7):7.139423
(13,2),(23,7):1.041667
(13,2),(23,8):0.000000
(13,2),(20,8):0.545421
(13,2),(20,11):0.000000
(13,2),(5,11):0.000000
(13,2),(5,16):0.000000
(13,2),(6,16):0.000000
(13,2),(6,20):0.000000
(13,2),(7,20):0.000000
(13,2),(7,23):0.000000
(13,2),(8,23):0.000000
(13,2),(8,12):0.000000
(13,2),(26,12):0.000000
(13,2),(26,13):0.000000
(13,2),(31,13):0.000000
(13,2),(31,14):0.000000
(13,2),(32,14):0.000000
(13,2),(32,18):0.000000
(13,2),(27,18):0.000000
(13,2),(27,19):0.000000
(13,2),(11,19):0.000000
(13,2),(11,24):0.000000
(13,2),(14,24):0.000000
(13,2),(14,21):0.000000
(13,2),(16,21):0.000000
(13,2),(16,25):0.000000
(13,2),(12,25):0.000000
(13,2),(12,28):0.000000
(13,2),(18,28):0.000000
(13,2),(18,27):0.000000
(13,2),(24,27):0.000000
(13,2),(24,32):0.000000
(13,2),(29,32):0.000000
(13,2),(29,33):0.000000
(13,2),(34,33):0.000000
(13,2),(34,34):0.000000
(13,2),(36,34):0.000000
(13,2),(36,31):0.000000
(13,2),(37,31):0.000000
(17,2),(17,1):20.000000
(17,2),(21,1):27.000000
(17,2),(21,3):38.562500
(17,2),(28,3):26.562500
(17,2),(28,7):4.762500
(17,2),(23,7):1.467262
(17,2),(23,8):0.000000
(17,2),(20,8):0.690259
(17,2),(20,11):0.000000
(17,2),(5,11):0.000000
(17,2),(5,16):0.000000
(17,2),(6,16):0.000000
(17,2),(6,20):0.000000
(17,2),(7,20):0.000000
(17,2),(7,23):0.000000
(17,2),(8,23):0.000000
(17,2),(8,12):0.000000
(17,2),(26,12):0.000000
(17,2),(26,13):0.000000
(17,2),(31,13):0.000000
(17,2),(31,14):0.000000
(17,2),(32,14):0.000000
(17,2),(32,18):0.000000
(17,2),(27,18):0.000000
(17,2),(27,19):0.000000
(17,2),(11,19):0.000000
(17,2),(11,24):0.000000
(17,2),(14,24):0.000000
(17,2),(14,21):0.000000
(17,2),(16,21):0.000000
(17,2),(16,25):0.000000
(17,2),(12,25):0.000000
(17,2),(12,28):0.000000
(17,2),(18,28):0.000000
(17,2),(18,27):0.000000
(17,2),(24,27):0.000000
(17,2),(24,32):0.000000
(17,2),(29,32):0.000000
(17,2),(29,33):0.000000
(17,2),(34,33):0.000000
(17,2),(34,34):0.000000
(17,2),(36,34):0.000000
(17,2),(36,31):0.000000
(17,2),(37,31):0.000000
(17,1),(21,1):16.000000
(17,1),(21,3):20.000000
(17,1),(28,3):12.000000
(17,1),(28,7):0.000000
(17,1),(23,7):0.000000
(17,1),(23,8):0.000000
(17,1),(20,8):0.000000
(17,1),(20,11):0.000000
(17,1),(5,11):0.000000
(17,1),(5,16):0.000000
(17,1),(6,16):0.000000
(17,1),(6,20):0.000000
(17,1),(7,20):0.000000
(17,1),(7,23):0.000000
(17,1),(8,23):0.000000
(17,1),(8,12):0.000000
(17,1),(26,12):0.000000
(17,1),(26,13):0.000000
(17,1),(31,13):0.000000
(17,1),(31,14):0.000000
(17,1),(32,14):0.000000
(17,1),(32,18):0.000000
(17,1),(27,18):0.000000
(17,1),(27,19):0.000000
(17,1),(11,19):0.000000
(17,1),(11,24):0.000000
(17,1),(14,24):0.000000
(17,1),(14,21):0.000000
(17,1),(16,21):0.000000
(17,1),(16,25):0.000000
(17,1),(12,25):0.000000
(17,1),(12,28):0.000000
(17,1),(18,28):0.000000
(17,1),(18,27):0.000000
(17,1),(24,27):0.000000
(17,1),(24,32):0.000000
(17,1),(29,32):0.000000
(17,1),(29,33):0.000000
(17,1),(34,33):0.000000
(17,1),(34,34):0.000000
(17,1),(36,34):0.000000
(17,1),(36,31):0.000000
(17,1),(37,31):0.000000
(21,1),(21,3):27.333334
(21,1),(28,3):17.333334
(21,1),(28,7):0.000000
(21,1),(23,7):0.000000
(21,1),(23,8):0.000000
(21,1),(20,8):0.000000
(21,1),(20,11):0.000000
(21,1),(5,11):0.000000
(21,1),(5,16):0.000000
(21,1),(6,16):0.000000
(21,1),(6,20):0.000000
(21,1),(7,20):0.000000
(21,1),(7,23):0.000000
(21,1),(8,23):0.000000
(21,1),(8,12):0.000000
(21,1),(26,12):0.000000
(21,1),(26,13):0.000000
(21,1),(31,13):0.000000
(21,1),(31,14):0.000000
(21,1),(32,14):0.000000
(21,1),(32,18):0.000000
(21,1),(27,18):0.000000
(21,1),(27,19):0.000000
(21,1),(11,19):0.000000
(21,1),(11,24):0.000000
(21,1),(14,24):0.000000
(21,1),(14,21):0.000000
(21,1),(16,21):0.000000
(21,1),(16,25):0.000000
(21,1),(12,25):0.000000
(21,1),(12,28):0.000000
(21,1),(18,28):0.000000
(21,1),(18,27):0.000000
(21,1),(24,27):0.000000
(21,1),(24,32):0.000000
(21,1),(29,32):0.000000
(21,1),(29,33):0.000000
(21,1),(34,33):0.000000
(21,1),(34,34):0.000000
(21,1),(36,34):0.000000
(21,1),(36,31):0.000000
(21,1),(37,31):0.000000
(21,3),(28,3):36.250000
(21,3),(28,7):11.250000
(21,3),(23,7):2.000000
(21,3),(23,8):0.000000
(21,3),(20,8):0.788889
(21,3),(20,11):0.000000
(21,3),(5,11):0.000000
(21,3),(5,16):0.000000
(21,3),(6,16):0.000000
(21,3),(6,20):0.000000
(21,3),(7,20):0.000000
(21,3),(7,23):0.000000
(21,3),(8,23):0.000000
(21,3),(8,12):0.000000
(21,3),(26,12):0.000000
(21,3),(26,13):0.000000
(21,3),(31,13):0.000000
(21,3),(31,14):0.000000
(21,3),(32,14):0.000000
(21,3),(32,18):0.000000
(21,3),(27,18):0.000000
(21,3),(27,19):0.000000
(21,3),(11,19):0.000000
(21,3),(11,24):0.000000
(21,3),(14,24):0.000000
(21,3),(14,21):0.000000
(21,3),(16,21):0.000000
(21,3),(16,25):0.000000
(21,3),(12,25):0.000000
(21,3),(12,28):0.000000
(21,3),(18,28):0.000000
(21,3),(18,27):0.000000
(21,3),(24,27):0.000000
(21,3),(24,32):0.000000
(21,3),(29,32):0.000000
(21,3),(29,33):0.000000
(21,3),(34,33):0.000000
(21,3),(34,34):0.000000
(21,3),(36,34):0.000000
(21,3),(36,31):0.000000
(21,3),(37,31):0.000000
(28,3),(28,7):15.500000
(28,3),(23,7):5.750000
(28,3),(23,8):0.000000
(28,3),(20,8):1.383333
(28,3),(20,11):0.000000
(28,3),(5,11):0.000000
(28,3),(5,16):0.000000
(28,3),(6,16):0.000000
(28,3),(6,20):0.000000
(28,3),(7,20):0.000000
(28,3),(7,23):0.000000
(28,3),(8,23):0.000000
(28,3),(8,12):0.000000
(28,3),(26,12):0.000000
(28,3),(26,13):0.000000
(28,3),(31,13):0.000000
(28,3),(31,14):0.000000
(28,3),(32,14):0.000000
(28,3),(32,18):0.000000
(28,3),(27,18):0.000000
(28,3),(27,19):0.000000
(28,3),(11,19):0.000000
(28,3),(11,24):0.000000
(28,3),(14,24):0.000000
(28,3),(14,21):0.000000
(28,3),(16,21):0.000000
(28,3),(16,25):0.000000
(28,3),(12,25):0.000000
(28,3),(12,28):0.000000
(28,3),(18,28):0.000000
(28,3),(18,27):0.000000
(28,3),(24,27):0.000000
(28,3),(24,32):0.000000
(28,3),(29,32):0.000000
(28,3),(29,33):0.000000
(28,3),(34,33):0.000000
(28,3),(34,34):0.000000
(28,3),(36,34):0.000000
(28,3),(36,31):0.000000
(28,3),(37,31):0.000000
(28,7),(23,7):11.250000
(28,7),(23,8):4.000000
(28,7),(20,8):6.633333
(28,7),(20,11):1.000000
(28,7),(5,11):0.000000
(28,7),(5,16):0.000000
(28,7),(6,16):0.000000
(28,7),(6,20):0.000000
(28,7),(7,20):0.000000
(28,7),(7,23):0.000000
(28,7),(8,23):0.000000
(28,7),(8,12):0.000000
(28,7),(26,12):0.000000
(28,7),(26,13):0.000000
(28,7),(31,13):0.000000
(28,7),(31,14):0.000000
(28,7),(32,14):0.000000
(28,7),(32,18):0.000000
(28,7),(27,18):0.000000
(28,7),(27,19):0.000000
(28,7),(11,19):0.000000
(28,7),(11,24):0.000000
(28,7),(14,24):0.000000
(28,7),(14,21):0.000000
(28,7),(16,21):0.000000
(28,7),(16,25):0.000000
(28,7),(12,25):0.000000
(28,7),(12,28):0.000000
(28,7),(18,28):0.000000
(28,7),(18,27):0.000000
(28,7),(24,27):0.000000
(28,7),(24,32):0.000000
(28,7),(29,32):0.000000
(28,7),(29,33):0.000000
(28,7),(34,33):0.000000
(28,7),(34,34):0.000000
(28,7),(36,34):0.000000
(28,7),(36,31):0.000000
(28,7),(37,31):0.000000
(23,7),(23,8):8.000000
(23,7),(20,8):10.800000
(23,7),(20,11):2.166667
(23,7),(5,11):0.000000
(23,7),(5,16):0.000000
(23,7),(6,16):0.000000
(23,7),(6,20):0.000000
(23,7),(7,20):0.000000
(23,7),(7,23):0.000000
(23,7),(8,23):0.000000
(23,7),(8,12):0.000000
(23,7),(26,12):0.000000
(23,7),(26,13):0.000000
(23,7),(31,13):0.000000
(23,7),(31,14):0.000000
(23,7),(32,14):0.000000
(23,7),(32,18):0.000000
(23,7),(27,18):0.000000
(23,7),(27,19):0.000000
(23,7),(11,19):0.000000
(23,7),(11,24):0.000000
(23,7),(14,24):0.000000
(23,7),(14,21):0.000000
(23,7),(16,21):0.000000
(23,7),(16,25):0.000000
(23,7),(12,25):0.000000
(23,7),(12,28):0.000000
(23,7),(18,28):0.000000
(23,7),(18,27):0.000000
(23,7),(24,27):0.000000
(23,7),(24,32):0.000000
(23,7),(29,32):0.000000
(23,7),(29,33):0.000000
(23,7),(34,33):0.000000
(23,7),(34,34):0.000000
(23,7),(36,34):0.000000
(23,7),(36,31):0.000000
(23,7),(37,31):0.000000
(23,8),(20,8):8.000000
(23,8),(20,11):2.000000
(23,8),(5,11):0.000000
(23,8),(5,16):0.000000
(23,8),(6,16):0.000000
(23,8),(6,20):0.000000
(23,8),(7,20):0.000000
(23,8),(7,23):0.000000
(23,8),(8,23):0.000000
(23,8),(8,12):0.000000
(23,8),(26,12):0.000000
(23,8),(26,13):0.000000
(23,8),(31,13):0.000000
(23,8),(31,14):0.000000
(23,8),(32,14):0.000000
(23,8),(32,18):0.000000
(23,8),(27,18):0.000000
(23,8),(27,19):0.000000
(23,8),(11,19):0.000000
(23,8),(11,24):0.000000
(23,8),(14,24):0.000000
(23,8),(14,21):0.000000
(23,8),(16,21):0.000000
(23,8),(16,25):0.000000
(23,8),(12,25):0.000000
(23,8),(12,28):0.000000
(23,8),(18,28):0.000000
(23,8),(18,27):0.000000
(23,8),(24,27):0.000000
(23,8),(24,32):0.000000
(23,8),(29,32):0.000000
(23,8),(29,33):0.000000
(23,8),(34,33):0.000000
(23,8),(34,34):0.000000
(23,8),(36,34):0.000000
(23,8),(36,31):0.000000
(23,8),(37,31):0.000000
(20,8),(20,11):5.250000
(20,8),(5,11):1.285714
(20,8),(5,16):0.000000
(20,8),(6,16):0.000000
(20,8),(6,20):0.000000
(20,8),(7,20):0.000000
(20,8),(7,23):0.000000
(20,8),(8,23):0.000000
(20,8),(8,12):0.000000
(20,8),(26,12):0.000000
(20,8),(26,13):0.000000
(20,8),(31,13):0.000000
(20,8),(31,14):0.000000
(20,8),(32,14):0.000000
(20,8),(32,18):0.000000
(20,8),(27,18):0.000000
(20,8),(27,19):0.000000
(20,8),(11,19):0.000000
(20,8),(11,24):0.000000
(20,8),(14,24):0.000000
(20,8),(14,21):0.000000
(20,8),(16,21):0.000000
(20,8),(16,25):0.000000
(20,8),(12,25):0.000000
(20,8),(12,28):0.000000
(20,8),(18,28):0.000000
(20,8),(18,27):0.000000
(20,8),(24,27):0.000000
(20,8),(24,32):0.000000
(20,8),(29,32):0.000000
(20,8),(29,33):0.000000
(20,8),(34,33):0.000000
(20,8),(34,34):0.000000
(20,8),(36,34):0.000000
(20,8),(36,31):0.000000
(20,8),(37,31):0.000000
(20,11),(5,11):26.535715
(20,11),(5,16):4.000000
(20,11),(6,16):0.000000
(20,11),(6,20):1.000000
(20,11),(7,20):0.000000
(20,11),(7,23):0.000000
(20,11),(8,23):0.000000
(20,11),(8,12):0.000000
(20,11),(26,12):0.000000
(20,11),(26,13):0.000000
(20,11),(31,13):0.000000
(20,11),(31,14):0.000000
(20,11),(32,14):0.000000
(20,11),(32,18):0.000000
(20,11),(27,18):0.000000
(20,11),(27,19):0.000000
(20,11),(11,19):0.000000
(20,11),(11,24):0.000000
(20,11),(14,24):0.000000
(20,11),(14,21):0.000000
(20,11),(16,21):0.000000
(20,11),(16,25):0.000000
(20,11),(12,25):0.000000
(20,11),(12,28):0.000000
(20,11),(18,28):0.000000
(20,11),(18,27):0.000000
(20,11),(24,27):0.000000
(20,11),(24,32):0.000000
(20,11),(29,32):0.000000
(20,11),(29,33):0.000000
(20,11),(34,33):0.000000
(20,11),(34,34):0.000000
(20,11),(36,34):0.000000
(20,11),(36,31):0.000000
(20,11),(37,31):0.000000
(5,11),(5,16):48.000000
(5,11),(6,16):33.750000
(5,11),(6,20):41.875000
(5,11),(7,20):20.000000
(5,11),(7,23):37.900002
(5,11),(8,23):9.000000
(5,11),(8,12):0.000000
(5,11),(26,12):0.000000
(5,11),(26,13):0.000000
(5,11),(31,13):0.000000
(5,11),(31,14):0.000000
(5,11),(32,14):0.000000
(5,11),(32,18):0.000000
(5,11),(27,18):0.000000
(5,11),(27,19):0.000000
(5,11),(11,19):0.000000
(5,11),(11,24):0.000000
(5,11),(14,24):0.000000
(5,11),(14,21):0.000000
(5,11),(16,21):0.000000
(5,11),(16,25):0.000000
(5,11),(12,25):0.000000
(5,11),(12,28):0.000000
(5,11),(18,28):0.000000
(5,11),(18,27):0.000000
(5,11),(24,27):0.000000
(5,11),(24,32):0.000000
(5,11),(29,32):0.000000
(5,11),(29,33):0.000000
(5,11),(34,33):0.000000
(5,11),(34,34):0.000000
(5,11),(36,34):0.000000
(5,11),(36,31):0.000000
(5,11),(37,31):0.000000
(5,16),(6,16):46.000000
(5,16),(6,20):60.375000
(5,16),(7,20):30.000000
(5,16),(7,23):53.900002
(5,16),(8,23):15.375000
(5,16),(8,12):0.000000
(5,16),(26,12):0.000000
(5,16),(26,13):0.000000
(5,16),(31,13):0.000000
(5,16),(31,14):0.000000
(5,16),(32,14):0.000000
(5,16),(32,18):0.000000
(5,16),(27,18):0.000000
(5,16),(27,19):0.000000
(5,16),(11,19):0.000000
(5,16),(11,24):0.000000
(5,16),(14,24):0.000000
(5,16),(14,21):0.000000
(5,16),(16,21):0.000000
(5,16),(16,25):0.000000
(5,16),(12,25):0.000000
(5,16),(12,28):0.000000
(5,16),(18,28):0.000000
(5,16),(18,27):0.000000
(5,16),(24,27):0.000000
(5,16),(24,32):0.000000
(5,16),(29,32):0.000000
(5,16),(29,33):0.000000
(5,16),(34,33):0.000000
(5,16),(34,34):0.000000
(5,16),(36,34):0.000000
(5,16),(36,31):0.000000
(5,16),(37,31):0.000000
(6,16),(6,20):46.000000
(6,16),(7,20):26.000000
(6,16),(7,23):43.233334
(6,16),(8,23):12.000000
(6,16),(8,12):0.000000
(6,16),(26,12):0.000000
(6,16),(26,13):0.000000
(6,16),(31,13):0.000000
(6,16),(31,14):0.000000
(6,16),(32,14):0.000000
(6,16),(32,18):0.000000
(6,16),(27,18):0.000000
(6,16),(27,19):0.000000
(6,16),(11,19):0.000000
(6,16),(11,24):0.000000
(6,16),(14,24):0.000000
(6,16),(14,21):0.000000
(6,16),(16,21):0.000000
(6,16),(16,25):0.000000
(6,16),(12,25):0.000000
(6,16),(12,28):0.000000
(6,16),(18,28):0.000000
(6,16),(18,27):0.000000
(6,16),(24,27):0.000000
(6,16),(24,32):0.000000
(6,16),(29,32):0.000000
(6,16),(29,33):0.000000
(6,16),(34,33):0.000000
(6,16),(34,34):0.000000
(6,16),(36,34):0.000000
(6,16),(36,31):0.000000
(6,16),(37,31):0.000000
(6,20),(7,20):32.000000
(6,20),(7,23):56.900002
(6,20),(8,23):16.500000
(6,20),(8,12):0.000000
(6,20),(26,12):0.000000
(6,20),(26,13):0.000000
(6,20),(31,13):0.000000
(6,20),(31,14):0.000000
(6,20),(32,14):0.000000
(6,20),(32,18):0.000000
(6,20),(27,18):0.000000
(6,20),(27,19):0.000000
(6,20),(11,19):0.000000
(6,20),(11,24):0.000000
(6,20),(14,24):0.000000
(6,20),(14,21):0.000000
(6,20),(16,21):0.000000
(6,20),(16,25):0.000000
(6,20),(12,25):0.000000
(6,20),(12,28):0.000000
(6,20),(18,28):0.000000
(6,20),(18,27):0.000000
(6,20),(24,27):0.000000
(6,20),(24,32):0.000000
(6,20),(29,32):0.000000
(6,20),(29,33):0.000000
(6,20),(34,33):0.000000
(6,20),(34,34):0.000000
(6,20),(36,34):0.000000
(6,20),(36,31):0.000000
(6,20),(37,31):0.000000
(7,20),(7,23):31.900000
(7,20),(8,23):15.000000
(7,20),(8,12):0.000000
(7,20),(26,12):0.000000
(7,20),(26,13):0.000000
(7,20),(31,13):0.000000
(7,20),(31,14):0.000000
(7,20),(32,14):0.000000
(7,20),(32,18):0.000000
(7,20),(27,18):0.000000
(7,20),(27,19):0.000000
(7,20),(11,19):0.000000
(7,20),(11,24):0.000000
(7,20),(14,24):0.000000
(7,20),(14,21):0.000000
(7,20),(16,21):0.000000
(7,20),(16,25):0.000000
(7,20),(12,25):0.000000
(7,20),(12,28):0.000000
(7,20),(18,28):0.000000
(7,20),(18,27):0.000000
(7,20),(24,27):0.000000
(7,20),(24,32):0.000000
(7,20),(29,32):0.000000
(7,20),(29,33):0.000000
(7,20),(34,33):0.000000
(7,20),(34,34):0.000000
(7,20),(36,34):0.000000
(7,20),(36,31):0.000000
(7,20),(37,31):0.000000
(7,23),(8,23):21.000000
(7,23),(8,12):3.000000
(7,23),(26,12):0.000000
(7,23),(26,13):0.000000
(7,23),(31,13):0.000000
(7,23),(31,14):0.000000
(7,23),(32,14):0.000000
(7,23),(32,18):0.000000
(7,23),(27,18):0.000000
(7,23),(27,19):0.000000
(7,23),(11,19):0.000000
(7,23),(11,24):0.000000
(7,23),(14,24):0.000000
(7,23),(14,21):0.000000
(7,23),(16,21):0.000000
(7,23),(16,25):0.000000
(7,23),(12,25):0.000000
(7,23),(12,28):0.000000
(7,23),(18,28):0.000000
(7,23),(18,27):0.000000
(7,23),(24,27):0.000000
(7,23),(24,32):0.000000
(7,23),(29,32):0.000000
(7,23),(29,33):0.000000
(7,23),(34,33):0.000000
(7,23),(34,34):0.000000
(7,23),(36,34):0.000000
(7,23),(36,31):0.000000
(7,23),(37,31):0.000000
(8,23),(8,12):16.083334
(8,23),(26,12):7.230392
(8,23),(26,13):7.200980
(8,23),(31,13):5.424242
(8,23),(31,14):7.151515
(8,23),(32,14):3.815217
(8,23),(32,18):7.014981
(8,23),(27,18):6.994812
(8,23),(27,19):6.905732
(8,23),(11,19):3.833333
(8,23),(11,24):0.484432
(8,23),(14,24):0.000000
(8,23),(14,21):0.000000
(8,23),(16,21):0.000000
(8,23),(16,25):0.000000
(8,23),(12,25):0.000000
(8,23),(12,28):0.000000
(8,23),(18,28):0.000000
(8,23),(18,27):0.000000
(8,23),(24,27):0.000000
(8,23),(24,32):0.000000
(8,23),(29,32):0.000000
(8,23),(29,33):0.000000
(8,23),(34,33):0.000000
(8,23),(34,34):0.000000
(8,23),(36,34):0.000000
(8,23),(36,31):0.000000
(8,23),(37,31):0.000000
(8,12),(26,12):121.354927
(8,12),(26,13):150.530106
(8,12),(31,13):128.201828
(8,12),(31,14):147.534805
(8,12),(32,14):109.601089
(8,12),(32,18):133.305054
(8,12),(27,18):150.245651
(8,12),(27,19):126.853592
(8,12),(11,19):145.730820
(8,12),(11,24):8.035714
(8,12),(14,24):0.000000
(8,12),(14,21):0.000000
(8,12),(16,21):0.000000
(8,12),(16,25):0.000000
(8,12),(12,25):0.000000
(8,12),(12,28):0.000000
(8,12),(18,28):0.000000
(8,12),(18,27):0.000000
(8,12),(24,27):0.000000
(8,12),(24,32):0.000000
(8,12),(29,32):0.000000
(8,12),(29,33):0.000000
(8,12),(34,33):0.000000
(8,12),(34,34):0.000000
(8,12),(36,34):0.000000
(8,12),(36,31):0.000000
(8,12),(37,31):0.000000
(26,12),(26,13):122.317650
(26,12),(31,13):104.240906
(26,12),(31,14):119.693184
(26,12),(32,14):86.159264
(26,12),(32,18):105.309090
(26,12),(27,18):121.813606
(26,12),(27,19):121.681374
(26,12),(11,19):118.233330
(26,12),(11,24):9.019048
(26,12),(14,24):0.000000
(26,12),(14,21):0.000000
(26,12),(16,21):0.000000
(26,12),(16,25):0.000000
(26,12),(12,25):0.000000
(26,12),(12,28):0.000000
(26,12),(18,28):0.000000
(26,12),(18,27):0.000000
(26,12),(24,27):0.000000
(26,12),(24,32):0.000000
(26,12),(29,32):0.000000
(26,12),(29,33):0.000000
(26,12),(34,33):0.000000
(26,12),(34,34):0.000000
(26,12),(36,34):0.000000
(26,12),(36,31):0.000000
(26,12),(37,31):0.000000
(26,13),(31,13):129.840912
(26,13),(31,14):149.093185
(26,13),(32,14):110.459267
(26,13),(32,18):134.084091
(26,13),(27,18):151.713608
(26,13),(27,19):127.681374
(26,13),(11,19):147.318756
(26,13),(11,24):8.985714
(26,13),(14,24):0.000000
(26,13),(14,21):0.000000
(26,13),(16,21):0.000000
(26,13),(16,25):0.000000
(26,13),(12,25):0.000000
(26,13),(12,28):0.000000
(26,13),(18,28):0.000000
(26,13),(18,27):0.000000
(26,13),(24,27):0.000000
(26,13),(24,32):0.000000
(26,13),(29,32):0.000000
(26,13),(29,33):0.000000
(26,13),(34,33):0.000000
(26,13),(34,34):0.000000
(26,13),(36,34):0.000000
(26,13),(36,31):0.000000
(26,13),(37,31):0.000000
(31,13),(31,14):129.693176
(31,13),(32,14):106.559265
(31,13),(32,18):112.784088
(31,13),(27,18):129.513596
(31,13),(27,19):109.364708
(31,13),(11,19):125.250000
(31,13),(11,24):7.292857
(31,13),(14,24):0.000000
(31,13),(14,21):0.000000
(31,13),(16,21):0.000000
(31,13),(16,25):0.000000
(31,13),(12,25):0.000000
(31,13),(12,28):0.000000
(31,13),(18,28):0.000000
(31,13),(18,27):0.000000
(31,13),(24,27):0.000000
(31,13),(24,32):0.000000
(31,13),(29,32):0.000000
(31,13),(29,33):0.000000
(31,13),(34,33):0.000000
(31,13),(34,34):0.000000
(31,13),(36,34):0.000000
(31,13),(36,31):0.000000
(31,13),(37,31):0.000000
(31,14),(32,14):110.559265
(31,14),(32,18):132.284088
(31,14),(27,18):148.913605
(31,14),(27,19):124.764709
(31,14),(11,19):144.343750
(31,14),(11,24):8.910714
(31,14),(14,24):0.000000
(31,14),(14,21):0.000000
(31,14),(16,21):0.000000
(31,14),(16,25):0.000000
(31,14),(12,25):0.000000
(31,14),(12,28):0.000000
(31,14),(18,28):0.000000
(31,14),(18,27):0.000000
(31,14),(24,27):0.000000
(31,14),(24,32):0.000000
(31,14),(29,32):0.000000
(31,14),(29,33):0.000000
(31,14),(34,33):0.000000
(31,14),(34,34):0.000000
(31,14),(36,34):0.000000
(31,14),(36,31):0.000000
(31,14),(37,31):0.000000
(32,14),(32,18):93.909088
(32,14),(27,18):110.288605
(32,14),(27,19):90.139709
(32,14),(11,19):105.962799
(32,14),(11,24):5.761905
(32,14),(14,24):0.000000
(32,14),(14,21):0.000000
(32,14),(16,21):0.000000
(32,14),(16,25):0.000000
(32,14),(12,25):0.000000
(32,14),(12,28):0.000000
(32,14),(18,28):0.000000
(32,14),(18,27):0.000000
(32,14),(24,27):0.000000
(32,14),(24,32):0.000000
(32,14),(29,32):0.000000
(32,14),(29,33):0.000000
(32,14),(34,33):0.000000
(32,14),(34,34):0.000000
(32,14),(36,34):0.000000
(32,14),(36,31):0.000000
(32,14),(37,31):0.000000
(32,18),(27,18):134.157349
(32,18),(27,19):110.164703
(32,18),(11,19):129.493744
(32,18),(11,24):7.785714
(32,18),(14,24):0.000000
(32,18),(14,21):0.000000
(32,18),(16,21):0.000000
(32,18),(16,25):0.000000
(32,18),(12,25):0.000000
(32,18),(12,28):0.000000
(32,18),(18,28):0.000000
(32,18),(18,27):0.000000
(32,18),(24,27):0.000000
(32,18),(24,32):0.000000
(32,18),(29,32):0.000000
(32,18),(29,33):0.000000
(32,18),(34,33):0.000000
(32,18),(34,34):0.000000
(32,18),(36,34):0.000000
(32,18),(36,31):0.000000
(32,18),(37,31):0.000000
(27,18),(27,19):127.664703
(27,18),(11,19):147.149994
(27,18),(11,24):8.816964
(27,18),(14,24):0.000000
(27,18),(14,21):0.000000
(27,18),(16,21):0.000000
(27,18),(16,25):0.000000
(27,18),(12,25):0.000000
(27,18),(12,28):0.000000
(27,18),(18,28):0.000000
(27,18),(18,27):0.000000
(27,18),(24,27):0.000000
(27,18),(24,32):0.000000
(27,18),(29,32):0.000000
(27,18),(29,33):0.000000
(27,18),(34,33):0.000000
(27,18),(34,34):0.000000
(27,18),(36,34):0.000000
(27,18),(36,31):0.000000
(27,18),(37,31):0.000000
(27,19),(11,19):123.916664
(27,19),(11,24):8.785714
(27,19),(14,24):0.000000
(27,19),(14,21):0.000000
(27,19),(16,21):0.000000
(27,19),(16,25):0.000000
(27,19),(12,25):0.000000
(27,19),(12,28):0.000000
(27,19),(18,28):0.000000
(27,19),(18,27):0.000000
(27,19),(24,27):0.000000
(27,19),(24,32):0.000000
(27,19),(29,32):0.000000
(27,19),(29,33):0.000000
(27,19),(34,33):0.000000
(27,19),(34,34):0.000000
(27,19),(36,34):0.000000
(27,19),(36,31):0.000000
(27,19),(37,31):0.000000
(11,19),(11,24):18.785715
(11,19),(14,24):1.750000
(11,19),(14,21):0.000000
(11,19),(16,21):0.000000
(11,19),(16,25):1.100000
(11,19),(12,25):5.500000
(11,19),(12,28):7.000000
(11,19),(18,28):1.000000
(11,19),(18,27):0.000000
(11,19),(24,27):0.000000
(11,19),(24,32):0.000000
(11,19),(29,32):0.000000
(11,19),(29,33):0.000000
(11,19),(34,33):0.000000
(11,19),(34,34):0.000000
(11,19),(36,34):0.000000
(11,19),(36,31):0.000000
(11,19),(37,31):0.000000
(11,24),(14,24):7.000000
(11,24),(14,21):2.000000
(11,24),(16,21):2.333333
(11,24),(16,25):6.100000
(11,24),(12,25):14.500000
(11,24),(12,28):12.125000
(11,24),(18,28):2.125000
(11,24),(18,27):0.000000
(11,24),(24,27):0.005000
(11,24),(24,32):0.000000
(11,24),(29,32):0.000000
(11,24),(29,33):0.000000
(11,24),(34,33):0.000000
(11,24),(34,34):0.000000
(11,24),(36,34):0.000000
(11,24),(36,31):0.000000
(11,24),(37,31):0.000000
(14,24),(14,21):8.000000
(14,24),(16,21):8.333333
(14,24),(16,25):12.000000
(14,24),(12,25):8.000000
(14,24),(12,28):3.000000
(14,24),(18,28):0.000000
(14,24),(18,27):0.000000
(14,24),(24,27):0.000000
(14,24),(24,32):0.000000
(14,24),(29,32):0.000000
(14,24),(29,33):0.000000
(14,24),(34,33):0.000000
(14,24),(34,34):0.000000
(14,24),(36,34):0.000000
(14,24),(36,31):0.000000
(14,24),(37,31):0.000000
(14,21),(16,21):8.000000
(14,21),(16,25):8.000000
(14,21),(12,25):3.000000
(14,21),(12,28):0.000000
(14,21),(18,28):0.000000
(14,21),(18,27):0.000000
(14,21),(24,27):0.000000
(14,21),(24,32):0.000000
(14,21),(29,32):0.000000
(14,21),(29,33):0.000000
(14,21),(34,33):0.000000
(14,21),(34,34):0.000000
(14,21),(36,34):0.000000
(14,21),(36,31):0.000000
(14,21),(37,31):0.000000
(16,21),(16,25):8.333333
(16,21),(12,25):3.333333
(16,21),(12,28):0.000000
(16,21),(18,28):0.000000
(16,21),(18,27):0.000000
(16,21),(24,27):0.000000
(16,21),(24,32):0.000000
(16,21),(29,32):0.000000
(16,21),(29,33):0.000000
(16,21),(34,33):0.000000
(16,21),(34,34):0.000000
(16,21),(36,34):0.000000
(16,21),(36,31):0.000000
(16,21),(37,31):0.000000
(16,25),(12,25):7.100000
(16,25),(12,28):2.100000
(16,25),(18,28):0.000000
(16,25),(18,27):0.000000
(16,25),(24,27):0.000000
(16,25),(24,32):0.000000
(16,25),(29,32):0.000000
(16,25),(29,33):0.000000
(16,25),(34,33):0.000000
(16,25),(34,34):0.000000
(16,25),(36,34):0.000000
(16,25),(36,31):0.000000
(16,25),(37,31):0.000000
(12,25),(12,28):10.500000
(12,25),(18,28):2.000000
(12,25),(18,27):0.000000
(12,25),(24,27):0.000000
(12,25),(24,32):0.000000
(12,25),(29,32):0.000000
(12,25),(29,33):0.000000
(12,25),(34,33):0.000000
(12,25),(34,34):0.000000
(12,25),(36,34):0.000000
(12,25),(36,31):0.000000
(12,25),(37,31):0.000000
(12,28),(18,28):14.200000
(12,28),(18,27):6.200000
(12,28),(24,27):9.200000
(12,28),(24,32):2.533333
(12,28),(29,32):0.000000
(12,28),(29,33):0.000000
(12,28),(34,33):0.000000
(12,28),(34,34):0.000000
(12,28),(36,34):0.000000
(12,28),(36,31):0.000000
(12,28),(37,31):0.000000
(18,28),(18,27):12.500000
(18,28),(24,27):15.500000
(18,28),(24,32):5.833333
(18,28),(29,32):0.000000
(18,28),(29,33):0.000000
(18,28),(34,33):0.000000
(18,28),(34,34):0.000000
(18,28),(36,34):0.000000
(18,28),(36,31):0.000000
(18,28),(37,31):0.000000
(18,27),(24,27):13.000000
(18,27),(24,32):6.333333
(18,27),(29,32):0.000000
(18,27),(29,33):0.000000
(18,27),(34,33):0.000000
(18,27),(34,34):0.000000
(18,27),(36,34):0.000000
(18,27),(36,31):0.000000
(18,27),(37,31):0.000000
(24,27),(24,32):21.333334
(24,27),(29,32):10.000000
(24,27),(29,33):10.400000
(24,27),(34,33):8.000000
(24,27),(34,34):9.900000
(24,27),(36,34):4.333333
(24,27),(36,31):0.000000
(24,27),(37,31):0.000000
(24,32),(29,32):35.000000
(24,32),(29,33):51.466667
(24,32),(34,33):33.666668
(24,32),(34,34):40.966667
(24,32),(36,34):23.900000
(24,32),(36,31):3.466667
(24,32),(37,31):4.041667
(29,32),(29,33):35.000000
(29,32),(34,33):25.750000
(29,32),(34,34):26.375000
(29,32),(36,34):12.250000
(29,32),(36,31):0.000000
(29,32),(37,31):0.000000
(29,33),(34,33):36.250000
(29,33),(34,34):45.549999
(29,33),(36,34):25.983334
(29,33),(36,31):4.800000
(29,33),(37,31):5.667857
(34,33),(34,34):33.000000
(34,33),(36,34):18.333334
(34,33),(36,31):0.000000
(34,33),(37,31):0.000000
(34,34),(36,34):31.333334
(34,34),(36,31):8.000000
(34,34),(37,31):9.600000
(36,34),(36,31):14.000000
(36,34),(37,31):17.333334
(36,31),(37,31):14.000000
