46
(16,15):(16,15)	(16,16)	(21,16)	(22,15)	
(22,15):(16,15)	(16,16)	(21,16)	(21,21)	(22,15)	(22,22)	
(22,22):(13,21)	(13,22)	(14,21)	(14,22)	(15,21)	(15,22)	(16,22)	(17,22)	(18,22)	(19,22)	(20,22)	(21,16)	(21,21)	(22,15)	(22,22)	
(20,22):(12,23)	(13,21)	(13,22)	(14,21)	(14,22)	(15,21)	(15,22)	(16,22)	(17,22)	(18,22)	(19,22)	(20,22)	(20,23)	(21,21)	(22,22)	
(20,23):(5,17)	(7,18)	(10,19)	(12,20)	(12,23)	(13,21)	(13,22)	(14,21)	(14,22)	(15,21)	(15,22)	(16,22)	(17,22)	(18,22)	(19,22)	(20,22)	(20,23)	
(12,23):(12,18)	(12,19)	(12,20)	(12,23)	(13,18)	(13,19)	(13,20)	(13,21)	(13,22)	(14,17)	(14,18)	(14,19)	(14,20)	(14,21)	(14,22)	(15,18)	(15,21)	(15,22)	(16,22)	(17,22)	(18,22)	(19,22)	(20,22)	(20,23)	(21,21)	
(12,20):(5,17)	(5,18)	(6,17)	(6,18)	(7,18)	(8,18)	(8,19)	(8,20)	(9,18)	(9,19)	(10,18)	(10,19)	(11,18)	(11,19)	(12,18)	(12,19)	(12,20)	(12,23)	(13,18)	(13,19)	(13,20)	(13,21)	(13,22)	(14,17)	(14,18)	(14,19)	(14,20)	(14,21)	(14,22)	(15,18)	(15,21)	(15,22)	(16,22)	(17,22)	(18,22)	(20,23)	
(8,20):(8,18)	(8,19)	(8,20)	(9,18)	(9,19)	(10,18)	(10,19)	(11,18)	(11,19)	(12,18)	(12,19)	(12,20)	(13,18)	(13,19)	(13,20)	(14,17)	(14,18)	(14,19)	(14,20)	(15,18)	
(8,19):(4,19)	(5,16)	(5,17)	(5,18)	(6,17)	(6,18)	(7,18)	(8,18)	(8,19)	(8,20)	(9,18)	(9,19)	(10,18)	(10,19)	(11,18)	(11,19)	(12,18)	(12,19)	(12,20)	(13,18)	(13,19)	(13,20)	(14,17)	(14,18)	(14,19)	(14,20)	(15,18)	
(4,19):(4,10)	(4,11)	(4,12)	(4,13)	(4,19)	(5,9)	(5,10)	(5,11)	(5,12)	(5,13)	(5,14)	(5,15)	(5,16)	(5,17)	(5,18)	(6,5)	(6,17)	(6,18)	(7,18)	(8,18)	(8,19)	(9,18)	(9,19)	(10,18)	(10,19)	(11,18)	(11,19)	(12,18)	(12,19)	(13,18)	(13,19)	(14,17)	(14,18)	(14,19)	(15,18)	
(4,13):(1,9)	(2,10)	(2,11)	(2,12)	(3,10)	(3,11)	(3,12)	(3,13)	(4,10)	(4,11)	(4,12)	(4,13)	(4,19)	(5,9)	(5,10)	(5,11)	(5,12)	(5,13)	(5,14)	(5,15)	(5,16)	(5,17)	(5,18)	(6,5)	(6,17)	(6,18)	
(3,13):(1,9)	(2,10)	(2,11)	(2,12)	(2,14)	(3,10)	(3,11)	(3,12)	(3,13)	(3,14)	(4,10)	(4,11)	(4,12)	(4,13)	(5,9)	(5,10)	(5,11)	(5,12)	(5,13)	
(3,14):(1,9)	(2,10)	(2,11)	(2,12)	(2,14)	(3,10)	(3,11)	(3,12)	(3,13)	(3,14)	
(2,14):(2,10)	(2,11)	(2,12)	(2,14)	(3,10)	(3,11)	(3,12)	(3,13)	(3,14)	(4,10)	(4,11)	(4,12)	(5,9)	(5,10)	(5,11)	
(2,12):(1,9)	(1,12)	(2,10)	(2,11)	(2,12)	(2,14)	(3,10)	(3,11)	(3,12)	(3,13)	(3,14)	(4,10)	(4,11)	(4,12)	(4,13)	(5,9)	(5,10)	(5,11)	(5,12)	(5,13)	
(1,12):(1,9)	(1,12)	(2,10)	(2,11)	(2,12)	(3,10)	(3,11)	(3,12)	(4,10)	(4,11)	(4,12)	(5,9)	(5,10)	(5,11)	(5,12)	
(1,9):(1,9)	(1,12)	(2,10)	(2,11)	(2,12)	(3,10)	(3,11)	(3,12)	(3,13)	(3,14)	(4,10)	(4,11)	(4,12)	(4,13)	(5,9)	(5,10)	(5,11)	(5,12)	(5,13)	(5,14)	
(5,9):(1,9)	(1,12)	(2,10)	(2,11)	(2,12)	(2,14)	(3,10)	(3,11)	(3,12)	(3,13)	(4,10)	(4,11)	(4,12)	(4,13)	(4,19)	(5,4)	(5,9)	(5,10)	(5,11)	(5,12)	(5,13)	(5,14)	(5,15)	(5,16)	(5,17)	(5,18)	(6,5)	(6,17)	(6,18)	
(5,4):(5,4)	(5,9)	(5,10)	(5,11)	(5,12)	(5,13)	(5,14)	(5,15)	(5,16)	(5,17)	(5,18)	(6,5)	(6,17)	(6,18)	(7,4)	(8,4)	(9,4)	(10,4)	(10,5)	
(7,4):(5,4)	(6,5)	(7,1)	(7,4)	(8,2)	(8,3)	(8,4)	(9,1)	(9,3)	(9,4)	(10,4)	(10,5)	(11,3)	
(7,1):(7,1)	(7,4)	(8,2)	(8,3)	(8,4)	(9,1)	(9,3)	(9,4)	(10,4)	(10,5)	(11,6)	(13,9)	(14,10)	
(9,1):(7,1)	(7,4)	(8,2)	(8,3)	(8,4)	(9,1)	(9,3)	(9,4)	
(9,3):(6,5)	(7,1)	(7,4)	(8,2)	(8,3)	(8,4)	(9,1)	(9,3)	(9,4)	(10,4)	(10,5)	(11,3)	(11,6)	(11,7)	(12,8)	(12,9)	(13,9)	(13,10)	
(11,3):(6,5)	(7,4)	(8,3)	(8,4)	(9,3)	(9,4)	(10,4)	(10,5)	(10,11)	(11,3)	(11,6)	(11,7)	(11,8)	(11,9)	(11,10)	
(11,6):(7,1)	(8,2)	(8,3)	(9,3)	(9,4)	(10,4)	(10,5)	(10,11)	(11,3)	(11,6)	(11,7)	(11,8)	(11,9)	(11,10)	(12,7)	(12,8)	(12,9)	(12,10)	(13,6)	(13,7)	(13,8)	(13,9)	(13,10)	(14,8)	(14,9)	(14,10)	(15,8)	(15,9)	(15,10)	(16,9)	(16,10)	(17,9)	(17,10)	(18,10)	(18,11)	
(13,6):(10,11)	(11,6)	(11,7)	(11,8)	(11,9)	(11,10)	(12,7)	(12,8)	(12,9)	(12,10)	(13,6)	(13,7)	(13,8)	(13,9)	(13,10)	
(13,7):(10,11)	(11,6)	(11,7)	(11,8)	(11,9)	(11,10)	(12,7)	(12,8)	(12,9)	(12,10)	(13,6)	(13,7)	(13,8)	(13,9)	(13,10)	(14,8)	(14,9)	(14,10)	(15,8)	(15,9)	(15,10)	(16,8)	(16,9)	(16,10)	(17,7)	(17,8)	(17,9)	(17,10)	(18,9)	(18,10)	(18,11)	(19,9)	(20,9)	(21,9)	(23,10)	
(17,7):(10,11)	(11,7)	(11,8)	(11,9)	(11,10)	(12,7)	(12,8)	(12,9)	(12,10)	(13,7)	(13,8)	(13,9)	(13,10)	(14,8)	(14,9)	(14,10)	(15,8)	(15,9)	(15,10)	(16,8)	(16,9)	(16,10)	(17,7)	(17,8)	(17,9)	(17,10)	
(17,8):(10,11)	(11,7)	(11,8)	(11,9)	(11,10)	(12,7)	(12,8)	(12,9)	(12,10)	(13,7)	(13,8)	(13,9)	(13,10)	(14,8)	(14,9)	(14,10)	(15,8)	(15,9)	(15,10)	(16,8)	(16,9)	(16,10)	(17,7)	(17,8)	(17,9)	(17,10)	(18,9)	(18,10)	(18,11)	(19,8)	(19,9)	(20,8)	(20,9)	(21,8)	(21,9)	(22,8)	(22,9)	(23,10)	
(19,8):(10,11)	(11,8)	(11,9)	(11,10)	(12,8)	(12,9)	(12,10)	(13,8)	(13,9)	(13,10)	(14,8)	(14,9)	(14,10)	(15,8)	(15,9)	(15,10)	(16,8)	(16,9)	(16,10)	(17,8)	(17,9)	(17,10)	(18,9)	(18,10)	(19,2)	(19,8)	(19,9)	(20,3)	(20,4)	(20,5)	(20,6)	(20,7)	(20,8)	(20,9)	(21,3)	(21,4)	(21,5)	(21,6)	(21,7)	(21,8)	(21,9)	(22,3)	(22,4)	(22,5)	(22,6)	(22,7)	(22,8)	(22,9)	(23,2)	(23,10)	
(19,2):(19,2)	(19,8)	(19,9)	(20,3)	(20,4)	(20,5)	(20,6)	(20,7)	(20,8)	(20,9)	(21,3)	(21,4)	(21,5)	(21,6)	(21,7)	(21,8)	(21,9)	(22,3)	(22,4)	(22,5)	(22,6)	(22,7)	(22,8)	(22,9)	(23,2)	(23,10)	
(23,2):(18,10)	(19,2)	(19,8)	(19,9)	(20,3)	(20,4)	(20,5)	(20,6)	(20,7)	(20,8)	(20,9)	(21,3)	(21,4)	(21,5)	(21,6)	(21,7)	(21,8)	(21,9)	(22,3)	(22,4)	(22,5)	(22,6)	(22,7)	(22,8)	(22,9)	(23,2)	(23,10)	
(23,10):(11,7)	(11,8)	(11,9)	(11,10)	(12,7)	(12,8)	(12,9)	(12,10)	(13,7)	(13,8)	(13,9)	(13,10)	(14,8)	(14,9)	(14,10)	(15,8)	(15,9)	(15,10)	(16,8)	(16,9)	(16,10)	(17,8)	(17,9)	(17,10)	(18,9)	(18,10)	(19,2)	(19,8)	(19,9)	(20,3)	(20,4)	(20,5)	(20,6)	(20,7)	(20,8)	(20,9)	(21,3)	(21,4)	(21,5)	(21,6)	(21,7)	(21,8)	(21,9)	(22,3)	(22,4)	(22,5)	(22,6)	(22,7)	(22,8)	(22,9)	(23,2)	(23,10)	
(18,10):(10,11)	(11,6)	(11,7)	(11,8)	(11,9)	(11,10)	(12,7)	(12,8)	(12,9)	(12,10)	(13,7)	(13,8)	(13,9)	(13,10)	(14,8)	(14,9)	(14,10)	(15,8)	(15,9)	(15,10)	(16,8)	(16,9)	(16,10)	(17,8)	(17,9)	(17,10)	(18,9)	(18,10)	(18,11)	(19,8)	(19,9)	(20,6)	(20,7)	(20,8)	(20,9)	(21,4)	(21,5)	(21,6)	(21,7)	(21,8)	(21,9)	(22,3)	(22,4)	(22,5)	(22,6)	(22,7)	(22,8)	(22,9)	(23,2)	(23,10)	
(18,11):(10,11)	(11,6)	(11,7)	(11,8)	(11,9)	(11,10)	(12,7)	(12,8)	(12,9)	(12,10)	(13,7)	(13,8)	(13,9)	(13,10)	(14,8)	(14,9)	(14,10)	(15,8)	(15,9)	(15,10)	(16,8)	(16,9)	(16,10)	(17,8)	(17,9)	(17,10)	(18,9)	(18,10)	(18,11)	
(10,11):(10,4)	(10,5)	(10,11)	(11,3)	(11,6)	(11,7)	(11,8)	(11,9)	(11,10)	(12,7)	(12,8)	(12,9)	(12,10)	(13,6)	(13,7)	(13,8)	(13,9)	(13,10)	(14,8)	(14,9)	(14,10)	(15,8)	(15,9)	(15,10)	(16,8)	(16,9)	(16,10)	(17,7)	(17,8)	(17,9)	(17,10)	(18,9)	(18,10)	(18,11)	(19,8)	(19,9)	(20,8)	(20,9)	(21,8)	(21,9)	(22,7)	(22,8)	(22,9)	
(10,5):(5,4)	(6,5)	(7,1)	(7,4)	(8,2)	(8,3)	(8,4)	(9,3)	(9,4)	(10,4)	(10,5)	(10,11)	(11,3)	(11,6)	(11,7)	(11,8)	(11,9)	(11,10)	(12,7)	(12,8)	(12,9)	(12,10)	(13,8)	(13,9)	(13,10)	(14,9)	(14,10)	(15,10)	
(6,5):(4,13)	(4,19)	(5,4)	(5,9)	(5,10)	(5,11)	(5,12)	(5,13)	(5,14)	(5,15)	(5,16)	(5,17)	(5,18)	(6,5)	(6,17)	(6,18)	(7,4)	(8,3)	(8,4)	(9,3)	(9,4)	(10,4)	(10,5)	(11,3)	
(6,17):(3,10)	(3,11)	(4,10)	(4,11)	(4,12)	(4,13)	(4,19)	(5,4)	(5,9)	(5,10)	(5,11)	(5,12)	(5,13)	(5,14)	(5,15)	(5,16)	(5,17)	(5,18)	(6,5)	(6,17)	(6,18)	(7,18)	(8,18)	(8,19)	(9,18)	(9,19)	(10,18)	(10,19)	(11,18)	(11,19)	(12,18)	(12,19)	(12,20)	(13,18)	(13,19)	(13,20)	(14,17)	(14,18)	(14,19)	(14,20)	(14,21)	(15,21)	(16,22)	(17,22)	
(14,17):(4,19)	(5,17)	(5,18)	(6,17)	(6,18)	(7,18)	(8,18)	(8,19)	(8,20)	(9,18)	(9,19)	(10,18)	(10,19)	(11,18)	(11,19)	(12,18)	(12,19)	(12,20)	(12,23)	(13,18)	(13,19)	(13,20)	(13,21)	(13,22)	(14,17)	(14,18)	(14,19)	(14,20)	(14,21)	(14,22)	
(14,18):(4,19)	(5,17)	(5,18)	(6,17)	(6,18)	(7,18)	(8,18)	(8,19)	(8,20)	(9,18)	(9,19)	(10,18)	(10,19)	(11,18)	(11,19)	(12,18)	(12,19)	(12,20)	(12,23)	(13,18)	(13,19)	(13,20)	(13,21)	(13,22)	(14,17)	(14,18)	(14,19)	(14,20)	(14,21)	(14,22)	(15,18)	(15,21)	(15,22)	
(15,18):(4,19)	(5,18)	(6,18)	(7,18)	(8,18)	(8,19)	(8,20)	(9,18)	(9,19)	(10,18)	(10,19)	(11,18)	(11,19)	(12,18)	(12,19)	(12,20)	(12,23)	(13,18)	(13,19)	(13,20)	(13,21)	(13,22)	(14,18)	(14,19)	(14,20)	(14,21)	(14,22)	(15,18)	(15,21)	(15,22)	
(15,21):(5,17)	(6,17)	(6,18)	(7,18)	(8,18)	(9,18)	(9,19)	(10,18)	(10,19)	(11,18)	(11,19)	(12,18)	(12,19)	(12,20)	(12,23)	(13,18)	(13,19)	(13,20)	(13,21)	(13,22)	(14,18)	(14,19)	(14,20)	(14,21)	(14,22)	(15,18)	(15,21)	(15,22)	(16,22)	(17,22)	(18,22)	(19,22)	(20,22)	(20,23)	(21,21)	(22,22)	
(21,21):(12,23)	(13,21)	(13,22)	(14,21)	(14,22)	(15,21)	(15,22)	(16,22)	(17,22)	(18,22)	(19,22)	(20,22)	(21,16)	(21,21)	(22,15)	(22,22)	
(21,16):(16,15)	(16,16)	(21,16)	(21,21)	(22,15)	(22,22)	
(16,16):(16,15)	(16,16)	(21,16)	(22,15)	
(16,15):6.100000
(22,15):12.083333
(22,22):16.726191
(20,22):19.400000
(20,23):20.200001
(12,23):28.861111
(12,20):41.833332
(8,20):20.000000
(8,19):31.125000
(4,19):40.821430
(4,13):33.750000
(3,13):20.500000
(3,14):7.000000
(2,14):13.333333
(2,12):21.500000
(1,12):15.375000
(1,9):22.000000
(5,9):37.125000
(5,4):20.253845
(7,4):14.666667
(7,1):12.500000
(9,1):8.333333
(9,3):18.666666
(11,3):15.700000
(11,6):36.166668
(13,6):15.000000
(13,7):39.750000
(17,7):28.000000
(17,8):42.125000
(19,8):57.750000
(19,2):32.000000
(23,2):33.687500
(23,10):56.849998
(18,10):58.202381
(18,11):33.565475
(10,11):48.104168
(10,5):31.500000
(6,5):32.000000
(6,17):56.937500
(14,17):32.000000
(14,18):37.916668
(15,18):27.000000
(15,21):43.055557
(21,21):23.500000
(21,16):12.000000
(16,16):6.000000
(16,15),(22,15):6.100000
(16,15),(22,22):1.183333
(16,15),(20,22):0.000000
(16,15),(20,23):0.000000
(16,15),(12,23):0.000000
(16,15),(12,20):0.000000
(16,15),(8,20):0.000000
(16,15),(8,19):0.000000
(16,15),(4,19):0.000000
(16,15),(4,13):0.000000
(16,15),(3,13):0.000000
(16,15),(3,14):0.000000
(16,15),(2,14):0.000000
(16,15),(2,12):0.000000
(16,15),(1,12):0.000000
(16,15),(1,9):0.000000
(16,15),(5,9):0.000000
(16,15),(5,4):0.000000
(16,15),(7,4):0.000000
(16,15),(7,1):0.000000
(16,15),(9,1):0.000000
(16,15),(9,3):0.000000
(16,15),(11,3):0.000000
(16,15),(11,6):0.000000
(16,15),(13,6):0.000000
(16,15),(13,7):0.000000
(16,15),(17,7):0.000000
(16,15),(17,8):0.000000
(16,15),(19,8):0.000000
(16,15),(19,2):0.000000
(16,15),(23,2):0.000000
(16,15),(23,10):0.000000
(16,15),(18,10):0.000000
(16,15),(18,11):0.000000
(16,15),(10,11):0.000000
(16,15),(10,5):0.000000
(16,15),(6,5):0.000000
(16,15),(6,17):0.000000
(16,15),(14,17):0.000000
(16,15),(14,18):0.000000
(16,15),(15,18):0.000000
(16,15),(15,21):0.000000
(16,15),(21,21):1.100000
(16,15),(21,16):6.100000
(16,15),(16,16):6.000000
(22,15),(22,22):7.166667
(22,15),(20,22):1.583333
(22,15),(20,23):0.000000
(22,15),(12,23):0.988771
(22,15),(12,20):0.000000
(22,15),(8,20):0.000000
(22,15),(8,19):0.000000
(22,15),(4,19):0.000000
(22,15),(4,13):0.000000
(22,15),(3,13):0.000000
(22,15),(3,14):0.000000
(22,15),(2,14):0.000000
(22,15),(2,12):0.000000
(22,15),(1,12):0.000000
(22,15),(1,9):0.000000
(22,15),(5,9):0.000000
(22,15),(5,4):0.000000
(22,15),(7,4):0.000000
(22,15),(7,1):0.000000
(22,15),(9,1):0.000000
(22,15),(9,3):0.000000
(22,15),(11,3):0.000000
(22,15),(11,6):0.000000
(22,15),(13,6):0.000000
(22,15),(13,7):0.000000
(22,15),(17,7):0.000000
(22,15),(17,8):0.000000
(22,15),(19,8):0.000000
(22,15),(19,2):0.000000
(22,15),(23,2):0.000000
(22,15),(23,10):0.000000
(22,15),(18,10):0.000000
(22,15),(18,11):0.000000
(22,15),(10,11):0.000000
(22,15),(10,5):0.000000
(22,15),(6,5):0.000000
(22,15),(6,17):0.000000
(22,15),(14,17):0.000000
(22,15),(14,18):0.000000
(22,15),(15,18):0.000000
(22,15),(15,21):1.083333
(22,15),(21,21):7.083333
(22,15),(21,16):12.000000
(22,15),(16,16):6.000000
(22,22),(20,22):11.142858
(22,22),(20,23):8.642858
(22,22),(12,23):10.503968
(22,22),(12,20):5.142857
(22,22),(8,20):0.000000
(22,22),(8,19):0.000000
(22,22),(4,19):0.000000
(22,22),(4,13):0.000000
(22,22),(3,13):0.000000
(22,22),(3,14):0.000000
(22,22),(2,14):0.000000
(22,22),(2,12):0.000000
(22,22),(1,12):0.000000
(22,22),(1,9):0.000000
(22,22),(5,9):0.000000
(22,22),(5,4):0.000000
(22,22),(7,4):0.000000
(22,22),(7,1):0.000000
(22,22),(9,1):0.000000
(22,22),(9,3):0.000000
(22,22),(11,3):0.000000
(22,22),(11,6):0.000000
(22,22),(13,6):0.000000
(22,22),(13,7):0.000000
(22,22),(17,7):0.000000
(22,22),(17,8):0.000000
(22,22),(19,8):0.000000
(22,22),(19,2):0.000000
(22,22),(23,2):0.000000
(22,22),(23,10):0.000000
(22,22),(18,10):0.000000
(22,22),(18,11):0.000000
(22,22),(10,11):0.000000
(22,22),(10,5):0.000000
(22,22),(6,5):0.000000
(22,22),(6,17):1.225000
(22,22),(14,17):2.571429
(22,22),(14,18):3.809524
(22,22),(15,18):3.642857
(22,22),(15,21):10.642858
(22,22),(21,21):16.000000
(22,22),(21,16):7.083333
(22,22),(16,16):1.083333
(20,22),(20,23):16.900000
(20,22),(12,23):18.761110
(20,22),(12,20):12.733334
(20,22),(8,20):0.000000
(20,22),(8,19):0.000000
(20,22),(4,19):0.000000
(20,22),(4,13):0.000000
(20,22),(3,13):0.000000
(20,22),(3,14):0.000000
(20,22),(2,14):0.000000
(20,22),(2,12):0.000000
(20,22),(1,12):0.000000
(20,22),(1,9):0.000000
(20,22),(5,9):0.000000
(20,22),(5,4):0.000000
(20,22),(7,4):0.000000
(20,22),(7,1):0.000000
(20,22),(9,1):0.000000
(20,22),(9,3):0.000000
(20,22),(11,3):0.000000
(20,22),(11,6):0.000000
(20,22),(13,6):0.000000
(20,22),(13,7):0.000000
(20,22),(17,7):0.000000
(20,22),(17,8):0.000000
(20,22),(19,8):0.000000
(20,22),(19,2):0.000000
(20,22),(23,2):0.000000
(20,22),(23,10):0.000000
(20,22),(18,10):0.000000
(20,22),(18,11):0.000000
(20,22),(10,11):0.000000
(20,22),(10,5):0.000000
(20,22),(6,5):0.000000
(20,22),(6,17):2.666667
(20,22),(14,17):4.800000
(20,22),(14,18):7.566667
(20,22),(15,18):6.900000
(20,22),(15,21):18.900000
(20,22),(21,21):18.000000
(20,22),(21,16):1.500000
(20,22),(16,16):0.000000
(20,23),(12,23):17.799999
(20,23),(12,20):16.033333
(20,23),(8,20):1.050000
(20,23),(8,19):2.533333
(20,23),(4,19):1.866667
(20,23),(4,13):0.873077
(20,23),(3,13):0.000000
(20,23),(3,14):0.000000
(20,23),(2,14):0.000000
(20,23),(2,12):0.000000
(20,23),(1,12):0.000000
(20,23),(1,9):0.000000
(20,23),(5,9):0.776359
(20,23),(5,4):0.378428
(20,23),(7,4):0.000000
(20,23),(7,1):0.000000
(20,23),(9,1):0.000000
(20,23),(9,3):0.000000
(20,23),(11,3):0.000000
(20,23),(11,6):0.000000
(20,23),(13,6):0.000000
(20,23),(13,7):0.000000
(20,23),(17,7):0.000000
(20,23),(17,8):0.000000
(20,23),(19,8):0.000000
(20,23),(19,2):0.000000
(20,23),(23,2):0.000000
(20,23),(23,10):0.000000
(20,23),(18,10):0.000000
(20,23),(18,11):0.000000
(20,23),(10,11):0.000000
(20,23),(10,5):0.000000
(20,23),(6,5):0.750000
(20,23),(6,17):5.700000
(20,23),(14,17):7.800000
(20,23),(14,18):10.825758
(20,23),(15,18):9.083333
(20,23),(15,21):20.200001
(20,23),(21,21):15.500000
(20,23),(21,16):0.000000
(20,23),(16,16):0.000000
(12,23),(12,20):22.833334
(12,23),(8,20):8.000000
(12,23),(8,19):9.125000
(12,23),(4,19):5.000000
(12,23),(4,13):0.000000
(12,23),(3,13):0.000000
(12,23),(3,14):0.000000
(12,23),(2,14):0.000000
(12,23),(2,12):0.000000
(12,23),(1,12):0.000000
(12,23),(1,9):0.000000
(12,23),(5,9):0.000000
(12,23),(5,4):0.000000
(12,23),(7,4):0.000000
(12,23),(7,1):0.000000
(12,23),(9,1):0.000000
(12,23),(9,3):0.000000
(12,23),(11,3):0.000000
(12,23),(11,6):0.000000
(12,23),(13,6):0.000000
(12,23),(13,7):0.000000
(12,23),(17,7):0.000000
(12,23),(17,8):0.000000
(12,23),(19,8):0.000000
(12,23),(19,2):0.000000
(12,23),(23,2):0.000000
(12,23),(23,10):0.000000
(12,23),(18,10):0.000000
(12,23),(18,11):0.000000
(12,23),(10,11):0.000000
(12,23),(10,5):0.000000
(12,23),(6,5):0.000000
(12,23),(6,17):12.437500
(12,23),(14,17):12.000000
(12,23),(14,18):17.666666
(12,23),(15,18):15.000000
(12,23),(15,21):28.583334
(12,23),(21,21):17.361111
(12,23),(21,16):0.923611
(12,23),(16,16):0.000000
(12,20),(8,20):20.000000
(12,20),(8,19):28.125000
(12,20),(4,19):20.000000
(12,20),(4,13):4.142857
(12,20),(3,13):0.000000
(12,20),(3,14):0.000000
(12,20),(2,14):0.000000
(12,20),(2,12):0.000000
(12,20),(1,12):0.000000
(12,20),(1,9):0.000000
(12,20),(5,9):3.645161
(12,20),(5,4):1.713235
(12,20),(7,4):0.000000
(12,20),(7,1):0.000000
(12,20),(9,1):0.000000
(12,20),(9,3):0.000000
(12,20),(11,3):0.000000
(12,20),(11,6):0.000000
(12,20),(13,6):0.000000
(12,20),(13,7):0.000000
(12,20),(17,7):0.000000
(12,20),(17,8):0.000000
(12,20),(19,8):0.000000
(12,20),(19,2):0.000000
(12,20),(23,2):0.000000
(12,20),(23,10):0.000000
(12,20),(18,10):0.000000
(12,20),(18,11):0.000000
(12,20),(10,11):0.000000
(12,20),(10,5):0.000000
(12,20),(6,5):3.500000
(12,20),(6,17):30.937500
(12,20),(14,17):30.000000
(12,20),(14,18):35.916668
(12,20),(15,18):25.000000
(12,20),(15,21):36.888889
(12,20),(21,21):11.500000
(12,20),(21,16):0.000000
(12,20),(16,16):0.000000
(8,20),(8,19):20.000000
(8,20),(4,19):13.000000
(8,20),(4,13):0.000000
(8,20),(3,13):0.000000
(8,20),(3,14):0.000000
(8,20),(2,14):0.000000
(8,20),(2,12):0.000000
(8,20),(1,12):0.000000
(8,20),(1,9):0.000000
(8,20),(5,9):0.000000
(8,20),(5,4):0.000000
(8,20),(7,4):0.000000
(8,20),(7,1):0.000000
(8,20),(9,1):0.000000
(8,20),(9,3):0.000000
(8,20),(11,3):0.000000
(8,20),(11,6):0.000000
(8,20),(13,6):0.000000
(8,20),(13,7):0.000000
(8,20),(17,7):0.000000
(8,20),(17,8):0.000000
(8,20),(19,8):0.000000
(8,20),(19,2):0.000000
(8,20),(23,2):0.000000
(8,20),(23,10):0.000000
(8,20),(18,10):0.000000
(8,20),(18,11):0.000000
(8,20),(10,11):0.000000
(8,20),(10,5):0.000000
(8,20),(6,5):0.000000
(8,20),(6,17):19.437500
(8,20),(14,17):18.000000
(8,20),(14,18):20.000000
(8,20),(15,18):14.000000
(8,20),(15,21):17.166666
(8,20),(21,21):0.000000
(8,20),(21,16):0.000000
(8,20),(16,16):0.000000
(8,19),(4,19):23.000000
(8,19),(4,13):7.000000
(8,19),(3,13):0.000000
(8,19),(3,14):0.000000
(8,19),(2,14):0.000000
(8,19),(2,12):0.000000
(8,19),(1,12):0.000000
(8,19),(1,9):0.000000
(8,19),(5,9):6.250000
(8,19),(5,4):2.653846
(8,19),(7,4):0.000000
(8,19),(7,1):0.000000
(8,19),(9,1):0.000000
(8,19),(9,3):0.000000
(8,19),(11,3):0.000000
(8,19),(11,6):0.000000
(8,19),(13,6):0.000000
(8,19),(13,7):0.000000
(8,19),(17,7):0.000000
(8,19),(17,8):0.000000
(8,19),(19,8):0.000000
(8,19),(19,2):0.000000
(8,19),(23,2):0.000000
(8,19),(23,10):0.000000
(8,19),(18,10):0.000000
(8,19),(18,11):0.000000
(8,19),(10,11):0.000000
(8,19),(10,5):0.000000
(8,19),(6,5):6.000000
(8,19),(6,17):30.562500
(8,19),(14,17):26.500000
(8,19),(14,18):29.375000
(8,19),(15,18):19.125000
(8,19),(15,21):23.180555
(8,19),(21,21):0.000000
(8,19),(21,16):0.000000
(8,19),(16,16):0.000000
(4,19),(4,13):23.000000
(4,19),(3,13):9.000000
(4,19),(3,14):0.000000
(4,19),(2,14):4.833333
(4,19),(2,12):9.500000
(4,19),(1,12):6.375000
(4,19),(1,9):10.666667
(4,19),(5,9):24.071428
(4,19),(5,4):13.975275
(4,19),(7,4):0.821429
(4,19),(7,1):0.000000
(4,19),(9,1):0.000000
(4,19),(9,3):0.355697
(4,19),(11,3):0.503205
(4,19),(11,6):0.000000
(4,19),(13,6):0.000000
(4,19),(13,7):0.000000
(4,19),(17,7):0.000000
(4,19),(17,8):0.000000
(4,19),(19,8):0.000000
(4,19),(19,2):0.000000
(4,19),(23,2):0.000000
(4,19),(23,10):0.000000
(4,19),(18,10):0.000000
(4,19),(18,11):0.000000
(4,19),(10,11):0.000000
(4,19),(10,5):0.621429
(4,19),(6,5):21.821428
(4,19),(6,17):40.687500
(4,19),(14,17):20.000000
(4,19),(14,18):21.250000
(4,19),(15,18):11.000000
(4,19),(15,21):17.555555
(4,19),(21,21):0.000000
(4,19),(21,16):0.000000
(4,19),(16,16):0.000000
(4,13),(3,13):19.500000
(4,13),(3,14):6.000000
(4,13),(2,14):12.333333
(4,13),(2,12):20.250000
(4,13),(1,12):15.125000
(4,13),(1,9):21.250000
(4,13),(5,9):33.000000
(4,13),(5,4):12.153846
(4,13),(7,4):0.000000
(4,13),(7,1):0.000000
(4,13),(9,1):0.000000
(4,13),(9,3):0.000000
(4,13),(11,3):0.000000
(4,13),(11,6):0.000000
(4,13),(13,6):0.000000
(4,13),(13,7):0.000000
(4,13),(17,7):0.000000
(4,13),(17,8):0.000000
(4,13),(19,8):0.000000
(4,13),(19,2):0.000000
(4,13),(23,2):0.000000
(4,13),(23,10):0.000000
(4,13),(18,10):0.000000
(4,13),(18,11):0.000000
(4,13),(10,11):0.000000
(4,13),(10,5):0.000000
(4,13),(6,5):20.000000
(4,13),(6,17):27.000000
(4,13),(14,17):5.000000
(4,13),(14,18):5.250000
(4,13),(15,18):2.750000
(4,13),(15,21):2.522222
(4,13),(21,21):0.000000
(4,13),(21,16):0.000000
(4,13),(16,16):0.000000
(3,13),(3,14):7.000000
(3,13),(2,14):13.333333
(3,13),(2,12):20.000000
(3,13),(1,12):14.875000
(3,13),(1,9):18.833334
(3,13),(5,9):20.250000
(3,13),(5,4):5.000000
(3,13),(7,4):0.000000
(3,13),(7,1):0.000000
(3,13),(9,1):0.000000
(3,13),(9,3):0.000000
(3,13),(11,3):0.000000
(3,13),(11,6):0.000000
(3,13),(13,6):0.000000
(3,13),(13,7):0.000000
(3,13),(17,7):0.000000
(3,13),(17,8):0.000000
(3,13),(19,8):0.000000
(3,13),(19,2):0.000000
(3,13),(23,2):0.000000
(3,13),(23,10):0.000000
(3,13),(18,10):0.000000
(3,13),(18,11):0.000000
(3,13),(10,11):0.000000
(3,13),(10,5):0.000000
(3,13),(6,5):7.000000
(3,13),(6,17):13.000000
(3,13),(14,17):0.000000
(3,13),(14,18):0.000000
(3,13),(15,18):0.000000
(3,13),(15,21):0.000000
(3,13),(21,21):0.000000
(3,13),(21,16):0.000000
(3,13),(16,16):0.000000
(3,14),(2,14):5.000000
(3,14),(2,12):7.000000
(3,14),(1,12):5.000000
(3,14),(1,9):6.333333
(3,14),(5,9):6.750000
(3,14),(5,4):0.000000
(3,14),(7,4):0.000000
(3,14),(7,1):0.000000
(3,14),(9,1):0.000000
(3,14),(9,3):0.000000
(3,14),(11,3):0.000000
(3,14),(11,6):0.000000
(3,14),(13,6):0.000000
(3,14),(13,7):0.000000
(3,14),(17,7):0.000000
(3,14),(17,8):0.000000
(3,14),(19,8):0.000000
(3,14),(19,2):0.000000
(3,14),(23,2):0.000000
(3,14),(23,10):0.000000
(3,14),(18,10):0.000000
(3,14),(18,11):0.000000
(3,14),(10,11):0.000000
(3,14),(10,5):0.000000
(3,14),(6,5):0.000000
(3,14),(6,17):1.000000
(3,14),(14,17):0.000000
(3,14),(14,18):0.000000
(3,14),(15,18):0.000000
(3,14),(15,21):0.000000
(3,14),(21,21):0.000000
(3,14),(21,16):0.000000
(3,14),(16,16):0.000000
(2,14),(2,12):13.000000
(2,14),(1,12):10.375000
(2,14),(1,9):11.833333
(2,14),(5,9):13.083333
(2,14),(5,4):2.333333
(2,14),(7,4):0.000000
(2,14),(7,1):0.000000
(2,14),(9,1):0.000000
(2,14),(9,3):0.000000
(2,14),(11,3):0.000000
(2,14),(11,6):0.000000
(2,14),(13,6):0.000000
(2,14),(13,7):0.000000
(2,14),(17,7):0.000000
(2,14),(17,8):0.000000
(2,14),(19,8):0.000000
(2,14),(19,2):0.000000
(2,14),(23,2):0.000000
(2,14),(23,10):0.000000
(2,14),(18,10):0.000000
(2,14),(18,11):0.000000
(2,14),(10,11):0.000000
(2,14),(10,5):0.000000
(2,14),(6,5):3.000000
(2,14),(6,17):8.666667
(2,14),(14,17):0.000000
(2,14),(14,18):0.000000
(2,14),(15,18):0.000000
(2,14),(15,21):0.000000
(2,14),(21,21):0.000000
(2,14),(21,16):0.000000
(2,14),(16,16):0.000000
(2,12),(1,12):15.375000
(2,12),(1,9):20.333334
(2,12),(5,9):21.250000
(2,12),(5,4):5.250000
(2,12),(7,4):0.000000
(2,12),(7,1):0.000000
(2,12),(9,1):0.000000
(2,12),(9,3):0.000000
(2,12),(11,3):0.000000
(2,12),(11,6):0.000000
(2,12),(13,6):0.000000
(2,12),(13,7):0.000000
(2,12),(17,7):0.000000
(2,12),(17,8):0.000000
(2,12),(19,8):0.000000
(2,12),(19,2):0.000000
(2,12),(23,2):0.000000
(2,12),(23,10):0.000000
(2,12),(18,10):0.000000
(2,12),(18,11):0.000000
(2,12),(10,11):0.000000
(2,12),(10,5):0.000000
(2,12),(6,5):7.500000
(2,12),(6,17):13.500000
(2,12),(14,17):0.000000
(2,12),(14,18):0.000000
(2,12),(15,18):0.000000
(2,12),(15,21):0.000000
(2,12),(21,21):0.000000
(2,12),(21,16):0.000000
(2,12),(16,16):0.000000
(1,12),(1,9):15.000000
(1,12),(5,9):15.375000
(1,12),(5,4):3.375000
(1,12),(7,4):0.000000
(1,12),(7,1):0.000000
(1,12),(9,1):0.000000
(1,12),(9,3):0.000000
(1,12),(11,3):0.000000
(1,12),(11,6):0.000000
(1,12),(13,6):0.000000
(1,12),(13,7):0.000000
(1,12),(17,7):0.000000
(1,12),(17,8):0.000000
(1,12),(19,8):0.000000
(1,12),(19,2):0.000000
(1,12),(23,2):0.000000
(1,12),(23,10):0.000000
(1,12),(18,10):0.000000
(1,12),(18,11):0.000000
(1,12),(10,11):0.000000
(1,12),(10,5):0.000000
(1,12),(6,5):4.500000
(1,12),(6,17):10.125000
(1,12),(14,17):0.000000
(1,12),(14,18):0.000000
(1,12),(15,18):0.000000
(1,12),(15,21):0.000000
(1,12),(21,21):0.000000
(1,12),(21,16):0.000000
(1,12),(16,16):0.000000
(1,9),(5,9):21.766666
(1,9),(5,4):6.000000
(1,9),(7,4):0.000000
(1,9),(7,1):0.000000
(1,9),(9,1):0.000000
(1,9),(9,3):0.000000
(1,9),(11,3):0.000000
(1,9),(11,6):0.000000
(1,9),(13,6):0.000000
(1,9),(13,7):0.000000
(1,9),(17,7):0.000000
(1,9),(17,8):0.000000
(1,9),(19,8):0.000000
(1,9),(19,2):0.000000
(1,9),(23,2):0.000000
(1,9),(23,10):0.000000
(1,9),(18,10):0.000000
(1,9),(18,11):0.000000
(1,9),(10,11):0.000000
(1,9),(10,5):0.000000
(1,9),(6,5):8.666667
(1,9),(6,17):14.666667
(1,9),(14,17):0.000000
(1,9),(14,18):0.000000
(1,9),(15,18):0.000000
(1,9),(15,21):0.000000
(1,9),(21,21):0.000000
(1,9),(21,16):0.000000
(1,9),(16,16):0.000000
(5,9),(5,4):15.278846
(5,9),(7,4):1.625000
(5,9),(7,1):0.000000
(5,9),(9,1):0.000000
(5,9),(9,3):0.619048
(5,9),(11,3):0.900000
(5,9),(11,6):0.000000
(5,9),(13,6):0.000000
(5,9),(13,7):0.000000
(5,9),(17,7):0.000000
(5,9),(17,8):0.000000
(5,9),(19,8):0.000000
(5,9),(19,2):0.000000
(5,9),(23,2):0.000000
(5,9),(23,10):0.000000
(5,9),(18,10):0.000000
(5,9),(18,11):0.000000
(5,9),(10,11):0.000000
(5,9),(10,5):1.125000
(5,9),(6,5):23.125000
(5,9),(6,17):29.250000
(5,9),(14,17):4.250000
(5,9),(14,18):4.500000
(5,9),(15,18):2.187500
(5,9),(15,21):2.287440
(5,9),(21,21):0.000000
(5,9),(21,16):0.000000
(5,9),(16,16):0.000000
(5,4),(7,4):6.600000
(5,4),(7,1):3.600000
(5,4),(9,1):2.333333
(5,4),(9,3):5.433333
(5,4),(11,3):5.800000
(5,4),(11,6):1.600000
(5,4),(13,6):0.000000
(5,4),(13,7):0.000000
(5,4),(17,7):0.000000
(5,4),(17,8):0.000000
(5,4),(19,8):0.000000
(5,4),(19,2):0.000000
(5,4),(23,2):0.000000
(5,4),(23,10):0.000000
(5,4),(18,10):0.000000
(5,4),(18,11):0.000000
(5,4),(10,11):1.100000
(5,4),(10,5):6.100000
(5,4),(6,5):20.000000
(5,4),(6,17):15.153846
(5,4),(14,17):2.153846
(5,4),(14,18):2.216346
(5,4),(15,18):1.115385
(5,4),(15,21):1.095029
(5,4),(21,21):0.000000
(5,4),(21,16):0.000000
(5,4),(16,16):0.000000
(7,4),(7,1):10.166667
(7,4),(9,1):8.333333
(7,4),(9,3):13.500000
(7,4),(11,3):9.866667
(7,4),(11,6):6.333333
(7,4),(13,6):0.000000
(7,4),(13,7):0.000000
(7,4),(17,7):0.000000
(7,4),(17,8):0.000000
(7,4),(19,8):0.000000
(7,4),(19,2):0.000000
(7,4),(23,2):0.000000
(7,4),(23,10):0.000000
(7,4),(18,10):0.000000
(7,4),(18,11):0.000000
(7,4),(10,11):2.166667
(7,4),(10,5):13.166667
(7,4),(6,5):10.500000
(7,4),(6,17):1.500000
(7,4),(14,17):0.000000
(7,4),(14,18):0.000000
(7,4),(15,18):0.000000
(7,4),(15,21):0.000000
(7,4),(21,21):0.000000
(7,4),(21,16):0.000000
(7,4),(16,16):0.000000
(7,1),(9,1):8.000000
(7,1),(9,3):11.000000
(7,1),(11,3):6.666667
(7,1),(11,6):6.666667
(7,1),(13,6):0.875000
(7,1),(13,7):1.900000
(7,1),(17,7):1.600000
(7,1),(17,8):1.721154
(7,1),(19,8):1.275000
(7,1),(19,2):0.000000
(7,1),(23,2):0.000000
(7,1),(23,10):1.276273
(7,1),(18,10):1.906250
(7,1),(18,11):1.923077
(7,1),(10,11):3.000000
(7,1),(10,5):11.500000
(7,1),(6,5):6.000000
(7,1),(6,17):0.000000
(7,1),(14,17):0.000000
(7,1),(14,18):0.000000
(7,1),(15,18):0.000000
(7,1),(15,21):0.000000
(7,1),(21,21):0.000000
(7,1),(21,16):0.000000
(7,1),(16,16):0.000000
(9,1),(9,3):8.333333
(9,1),(11,3):4.333333
(9,1),(11,6):2.666667
(9,1),(13,6):0.000000
(9,1),(13,7):0.000000
(9,1),(17,7):0.000000
(9,1),(17,8):0.000000
(9,1),(19,8):0.000000
(9,1),(19,2):0.000000
(9,1),(23,2):0.000000
(9,1),(23,10):0.000000
(9,1),(18,10):0.000000
(9,1),(18,11):0.000000
(9,1),(10,11):0.000000
(9,1),(10,5):7.333333
(9,1),(6,5):4.333333
(9,1),(6,17):0.000000
(9,1),(14,17):0.000000
(9,1),(14,18):0.000000
(9,1),(15,18):0.000000
(9,1),(15,21):0.000000
(9,1),(21,21):0.000000
(9,1),(21,16):0.000000
(9,1),(16,16):0.000000
(9,3),(11,3):10.200000
(9,3),(11,6):11.500000
(9,3),(13,6):3.250000
(9,3),(13,7):4.666667
(9,3),(17,7):4.000000
(9,3),(17,8):4.304762
(9,3),(19,8):3.250000
(9,3),(19,2):0.000000
(9,3),(23,2):0.000000
(9,3),(23,10):3.122549
(9,3),(18,10):4.683333
(9,3),(18,11):4.722222
(9,3),(10,11):7.333333
(9,3),(10,5):17.333334
(9,3),(6,5):9.333333
(9,3),(6,17):0.583333
(9,3),(14,17):0.000000
(9,3),(14,18):0.000000
(9,3),(15,18):0.000000
(9,3),(15,21):0.000000
(9,3),(21,21):0.000000
(9,3),(21,16):0.000000
(9,3),(16,16):0.000000
(11,3),(11,6):10.000000
(11,3),(13,6):5.000000
(11,3),(13,7):5.250000
(11,3),(17,7):4.000000
(11,3),(17,8):4.625000
(11,3),(19,8):3.000000
(11,3),(19,2):0.000000
(11,3),(23,2):0.000000
(11,3),(23,10):3.750000
(11,3),(18,10):5.285714
(11,3),(18,11):5.357143
(11,3),(10,11):8.000000
(11,3),(10,5):15.500000
(11,3),(6,5):9.200000
(11,3),(6,17):0.825000
(11,3),(14,17):0.000000
(11,3),(14,18):0.000000
(11,3),(15,18):0.000000
(11,3),(15,21):0.000000
(11,3),(21,21):0.000000
(11,3),(21,16):0.000000
(11,3),(16,16):0.000000
(11,6),(13,6):15.000000
(11,6),(13,7):29.250000
(11,6),(17,7):24.000000
(11,6),(17,8):27.125000
(11,6),(19,8):21.750000
(11,6),(19,2):0.000000
(11,6),(23,2):0.687500
(11,6),(23,10):19.350000
(11,6),(18,10):28.452381
(11,6),(18,11):28.482143
(11,6),(10,11):31.950001
(11,6),(10,5):24.666666
(11,6),(6,5):4.300000
(11,6),(6,17):0.000000
(11,6),(14,17):0.000000
(11,6),(14,18):0.000000
(11,6),(15,18):0.000000
(11,6),(15,21):0.000000
(11,6),(21,21):0.000000
(11,6),(21,16):0.000000
(11,6),(16,16):0.000000
(13,6),(13,7):15.000000
(13,6),(17,7):12.000000
(13,6),(17,8):13.125000
(13,6),(19,8):9.000000
(13,6),(19,2):0.000000
(13,6),(23,2):0.000000
(13,6),(23,10):10.350000
(13,6),(18,10):14.166667
(13,6),(18,11):14.375000
(13,6),(10,11):15.000000
(13,6),(10,5):13.000000
(13,6),(6,5):0.000000
(13,6),(6,17):0.000000
(13,6),(14,17):0.000000
(13,6),(14,18):0.000000
(13,6),(15,18):0.000000
(13,6),(15,21):0.000000
(13,6),(21,21):0.000000
(13,6),(21,16):0.000000
(13,6),(16,16):0.000000
(13,7),(17,7):28.000000
(13,7),(17,8):37.625000
(13,7),(19,8):29.250000
(13,7),(19,2):4.000000
(13,7),(23,2):5.616071
(13,7),(23,10):28.350000
(13,7),(18,10):38.666668
(13,7),(18,11):33.333332
(13,7),(10,11):38.208332
(13,7),(10,5):17.750000
(13,7),(6,5):0.000000
(13,7),(6,17):0.000000
(13,7),(14,17):0.000000
(13,7),(14,18):0.000000
(13,7),(15,18):0.000000
(13,7),(15,21):0.000000
(13,7),(21,21):0.000000
(13,7),(21,16):0.000000
(13,7),(16,16):0.000000
(17,7),(17,8):28.000000
(17,7),(19,8):21.000000
(17,7),(19,2):0.000000
(17,7),(23,2):0.000000
(17,7),(23,10):19.500000
(17,7),(18,10):27.750000
(17,7),(18,11):27.833334
(17,7),(10,11):28.000000
(17,7),(10,5):16.000000
(17,7),(6,5):0.000000
(17,7),(6,17):0.000000
(17,7),(14,17):0.000000
(17,7),(14,18):0.000000
(17,7),(15,18):0.000000
(17,7),(15,21):0.000000
(17,7),(21,21):0.000000
(17,7),(21,16):0.000000
(17,7),(16,16):0.000000
(17,8),(19,8):33.750000
(17,8),(19,2):8.000000
(17,8),(23,2):9.687500
(17,8),(23,10):32.625000
(17,8),(18,10):41.875000
(17,8),(18,11):31.958334
(17,8),(10,11):40.562500
(17,8),(10,5):16.958334
(17,8),(6,5):0.000000
(17,8),(6,17):0.000000
(17,8),(14,17):0.000000
(17,8),(14,18):0.000000
(17,8),(15,18):0.000000
(17,8),(15,21):0.000000
(17,8),(21,21):0.000000
(17,8),(21,16):0.000000
(17,8),(16,16):0.000000
(19,8),(19,2):32.000000
(19,8),(23,2):33.687500
(19,8),(23,10):50.000000
(19,8),(18,10):48.750000
(19,8),(18,11):23.750000
(19,8),(10,11):34.854168
(19,8),(10,5):13.500000
(19,8),(6,5):0.000000
(19,8),(6,17):0.000000
(19,8),(14,17):0.000000
(19,8),(14,18):0.000000
(19,8),(15,18):0.000000
(19,8),(15,21):0.000000
(19,8),(21,21):0.000000
(19,8),(21,16):0.000000
(19,8),(16,16):0.000000
(19,2),(23,2):32.000000
(19,2),(23,10):32.000000
(19,2),(18,10):23.000000
(19,2),(18,11):0.000000
(19,2),(10,11):9.166667
(19,2),(10,5):0.000000
(19,2),(6,5):0.000000
(19,2),(6,17):0.000000
(19,2),(14,17):0.000000
(19,2),(14,18):0.000000
(19,2),(15,18):0.000000
(19,2),(15,21):0.000000
(19,2),(21,21):0.000000
(19,2),(21,16):0.000000
(19,2),(16,16):0.000000
(23,2),(23,10):33.333332
(23,2),(18,10):24.687500
(23,2),(18,11):0.437500
(23,2),(10,11):10.791667
(23,2),(10,5):0.000000
(23,2),(6,5):0.000000
(23,2),(6,17):0.000000
(23,2),(14,17):0.000000
(23,2),(14,18):0.000000
(23,2),(15,18):0.000000
(23,2),(15,21):0.000000
(23,2),(21,21):0.000000
(23,2),(21,16):0.000000
(23,2),(16,16):0.000000
(23,10),(18,10):47.849998
(23,10),(18,11):22.850000
(23,10),(10,11):33.954166
(23,10),(10,5):11.635715
(23,10),(6,5):0.000000
(23,10),(6,17):0.000000
(23,10),(14,17):0.000000
(23,10),(14,18):0.000000
(23,10),(15,18):0.000000
(23,10),(15,21):0.000000
(23,10),(21,21):0.000000
(23,10),(21,16):0.000000
(23,10),(16,16):0.000000
(18,10),(18,11):33.202381
(18,10),(10,11):44.306549
(18,10),(10,5):17.785715
(18,10),(6,5):0.000000
(18,10),(6,17):0.000000
(18,10),(14,17):0.000000
(18,10),(14,18):0.000000
(18,10),(15,18):0.000000
(18,10),(15,21):0.000000
(18,10),(21,21):0.000000
(18,10),(21,16):0.000000
(18,10),(16,16):0.000000
(18,11),(10,11):33.565475
(18,11),(10,5):17.857143
(18,11),(6,5):0.000000
(18,11),(6,17):0.000000
(18,11),(14,17):0.000000
(18,11),(14,18):0.000000
(18,11),(15,18):0.000000
(18,11),(15,21):0.000000
(18,11),(21,21):0.000000
(18,11),(21,16):0.000000
(18,11),(16,16):0.000000
(10,11),(10,5):20.500000
(10,11),(6,5):2.000000
(10,11),(6,17):0.000000
(10,11),(14,17):0.000000
(10,11),(14,18):0.000000
(10,11),(15,18):0.000000
(10,11),(15,21):0.000000
(10,11),(21,21):0.000000
(10,11),(21,16):0.000000
(10,11),(16,16):0.000000
(10,5),(6,5):9.833333
(10,5),(6,17):1.000000
(10,5),(14,17):0.000000
(10,5),(14,18):0.000000
(10,5),(15,18):0.000000
(10,5),(15,21):0.000000
(10,5),(21,21):0.000000
(10,5),(21,16):0.000000
(10,5),(16,16):0.000000
(6,5),(6,17):23.000000
(6,5),(14,17):4.000000
(6,5),(14,18):4.250000
(6,5),(15,18):2.000000
(6,5),(15,21):2.222222
(6,5),(21,21):0.000000
(6,5),(21,16):0.000000
(6,5),(16,16):0.000000
(6,17),(14,17):26.500000
(6,17),(14,18):29.987499
(6,17),(15,18):19.687500
(6,17),(15,21):26.493055
(6,17),(21,21):2.461539
(6,17),(21,16):0.000000
(6,17),(16,16):0.000000
(14,17),(14,18):32.000000
(14,17),(15,18):22.000000
(14,17),(15,21):25.166666
(14,17),(21,21):4.000000
(14,17),(21,16):0.000000
(14,17),(16,16):0.000000
(14,18),(15,18):27.000000
(14,18),(15,21):31.083334
(14,18),(21,21):6.666667
(14,18),(21,16):0.000000
(14,18),(16,16):0.000000
(15,18),(15,21):21.000000
(15,18),(21,21):6.000000
(15,18),(21,16):0.000000
(15,18),(16,16):0.000000
(15,21),(21,21):17.500000
(15,21),(21,16):1.000000
(15,21),(16,16):0.000000
(21,21),(21,16):7.000000
(21,21),(16,16):1.000000
(21,16),(16,16):6.000000
