68
(19,29):(16,34)	(17,27)	(17,28)	(17,29)	(17,30)	(17,31)	(17,32)	(17,33)	(18,28)	(18,29)	(18,30)	(18,31)	(18,32)	(18,33)	(19,29)	(19,30)	(19,31)	(19,32)	(19,33)	(20,28)	(21,27)	(21,28)	(22,26)	(22,27)	(22,28)	(23,26)	(23,27)	(23,28)	(24,25)	(24,26)	(24,27)	(24,28)	(25,27)	(25,28)	(26,27)	(26,28)	(27,26)	(27,27)	(27,28)	(28,28)	(29,28)	(30,28)	(31,28)	(32,28)	(33,28)	(34,27)	(34,29)	
(19,30):(16,34)	(17,26)	(17,27)	(17,28)	(17,29)	(17,30)	(17,31)	(17,32)	(17,33)	(18,28)	(18,29)	(18,30)	(18,31)	(18,32)	(18,33)	(19,29)	(19,30)	(19,31)	(19,32)	(19,33)	(20,31)	(20,32)	(20,33)	(21,31)	(21,32)	(21,33)	(22,31)	(22,32)	(22,33)	(23,31)	(23,32)	(23,33)	(24,31)	(24,32)	(24,33)	(25,31)	(25,32)	(25,33)	(26,31)	(26,32)	(26,33)	(27,33)	(28,33)	(29,33)	(29,34)	(33,30)	(33,31)	
(33,30):(17,30)	(17,31)	(17,32)	(18,30)	(18,31)	(18,32)	(19,30)	(19,31)	(19,32)	(20,31)	(21,31)	(22,31)	(23,31)	(24,31)	(25,31)	(26,31)	(33,30)	(33,31)	
(33,31):(17,30)	(17,31)	(18,30)	(18,31)	(19,30)	(19,31)	(20,31)	(21,31)	(22,31)	(23,31)	(24,31)	(25,31)	(26,31)	(33,30)	(33,31)	
(26,31):(16,34)	(17,30)	(17,31)	(17,32)	(17,33)	(18,30)	(18,31)	(18,32)	(18,33)	(19,30)	(19,31)	(19,32)	(19,33)	(20,31)	(20,32)	(20,33)	(21,31)	(21,32)	(21,33)	(22,31)	(22,32)	(22,33)	(23,31)	(23,32)	(23,33)	(24,31)	(24,32)	(24,33)	(25,31)	(25,32)	(25,33)	(26,31)	(26,32)	(26,33)	(33,30)	(33,31)	
(26,32):(16,34)	(17,30)	(17,31)	(17,32)	(17,33)	(18,30)	(18,31)	(18,32)	(18,33)	(19,30)	(19,31)	(19,32)	(19,33)	(20,31)	(20,32)	(20,33)	(21,31)	(21,32)	(21,33)	(22,31)	(22,32)	(22,33)	(23,31)	(23,32)	(23,33)	(24,31)	(24,32)	(24,33)	(25,31)	(25,32)	(25,33)	(26,31)	(26,32)	(26,33)	(27,33)	(28,33)	(29,33)	(29,34)	(32,32)	(32,33)	
(32,32):(16,34)	(17,32)	(17,33)	(18,32)	(18,33)	(19,32)	(19,33)	(20,32)	(20,33)	(21,32)	(21,33)	(22,32)	(22,33)	(23,32)	(23,33)	(24,32)	(24,33)	(25,32)	(25,33)	(26,32)	(26,33)	(27,33)	(28,33)	(29,33)	(32,32)	(32,33)	
(32,33):(17,31)	(17,32)	(17,33)	(18,31)	(18,32)	(18,33)	(19,31)	(19,32)	(19,33)	(20,31)	(20,32)	(20,33)	(21,32)	(21,33)	(22,32)	(22,33)	(23,32)	(23,33)	(24,32)	(24,33)	(25,32)	(25,33)	(26,32)	(26,33)	(27,33)	(28,33)	(29,33)	(32,32)	(32,33)	
(29,33):(16,34)	(17,30)	(17,31)	(17,32)	(17,33)	(18,30)	(18,31)	(18,32)	(18,33)	(19,30)	(19,31)	(19,32)	(19,33)	(20,31)	(20,32)	(20,33)	(21,31)	(21,32)	(21,33)	(22,31)	(22,32)	(22,33)	(23,31)	(23,32)	(23,33)	(24,32)	(24,33)	(25,32)	(25,33)	(26,32)	(26,33)	(27,33)	(28,33)	(29,33)	(29,34)	(32,32)	(32,33)	
(29,34):(16,34)	(17,30)	(17,31)	(17,32)	(17,33)	(18,30)	(18,31)	(18,32)	(18,33)	(19,30)	(19,31)	(19,32)	(19,33)	(20,31)	(20,32)	(20,33)	(21,31)	(21,32)	(21,33)	(22,31)	(22,32)	(22,33)	(23,31)	(23,32)	(23,33)	(24,31)	(24,32)	(24,33)	(25,32)	(25,33)	(26,32)	(26,33)	(27,33)	(28,33)	(29,33)	(29,34)	
(16,34):(16,23)	(16,34)	(17,23)	(17,24)	(17,25)	(17,26)	(17,27)	(17,28)	(17,29)	(17,30)	(17,31)	(17,32)	(17,33)	(18,14)	(18,28)	(18,29)	(18,30)	(18,31)	(18,32)	(18,33)	(19,29)	(19,30)	(19,31)	(19,32)	(19,33)	(20,31)	(20,32)	(20,33)	(21,31)	(21,32)	(21,33)	(22,31)	(22,32)	(22,33)	(23,31)	(23,32)	(23,33)	(24,31)	(24,32)	(24,33)	(25,31)	(25,32)	(25,33)	(26,31)	(26,32)	(26,33)	(27,33)	(28,33)	(29,33)	(29,34)	(32,32)	
(16,23):(16,23)	(16,34)	(17,23)	(17,24)	(17,25)	(17,26)	(17,27)	(17,28)	(17,29)	(17,30)	(17,31)	(17,32)	(17,33)	(18,28)	(18,29)	(18,30)	(18,31)	(18,32)	(18,33)	(19,31)	(19,32)	(19,33)	(20,33)	
(17,23):(16,23)	(16,34)	(17,15)	(17,23)	(17,24)	(17,25)	(17,26)	(17,27)	(17,28)	(17,29)	(17,30)	(17,31)	(17,32)	(17,33)	(18,14)	(18,28)	(18,29)	(18,30)	(18,31)	(18,32)	(18,33)	(19,33)	
(17,15):(13,15)	(14,14)	(17,15)	(17,23)	(17,24)	(17,25)	(17,26)	(17,27)	(17,28)	(17,29)	(17,30)	(17,31)	(17,32)	(17,33)	(18,14)	(18,28)	(18,29)	(18,30)	(18,31)	(18,32)	(18,33)	
(13,15):(13,6)	(13,7)	(13,8)	(13,9)	(13,15)	(14,6)	(14,7)	(14,8)	(14,9)	(14,10)	(14,14)	(15,5)	(17,15)	(18,14)	
(13,9):(6,4)	(7,5)	(9,6)	(10,7)	(11,5)	(11,6)	(11,7)	(11,8)	(11,9)	(12,6)	(12,7)	(12,8)	(12,9)	(13,6)	(13,7)	(13,8)	(13,9)	(13,15)	(14,6)	(14,7)	(14,8)	(14,9)	(14,10)	(14,14)	(15,5)	(15,10)	
(12,9):(9,6)	(10,7)	(10,12)	(11,5)	(11,6)	(11,7)	(11,8)	(11,9)	(11,10)	(11,11)	(12,6)	(12,7)	(12,8)	(12,9)	(12,12)	(13,6)	(13,7)	(13,8)	(13,9)	(14,6)	(14,7)	(14,8)	(14,9)	(15,5)	
(12,12):(10,7)	(10,12)	(11,5)	(11,6)	(11,7)	(11,8)	(11,9)	(11,10)	(11,11)	(12,6)	(12,7)	(12,8)	(12,9)	(12,12)	
(10,12):(10,7)	(10,12)	(11,6)	(11,7)	(11,8)	(11,9)	(11,10)	(11,11)	(12,6)	(12,7)	(12,8)	(12,9)	(12,12)	(13,6)	(13,7)	(14,6)	
(10,7):(1,3)	(2,4)	(3,4)	(3,5)	(3,6)	(3,7)	(4,4)	(4,5)	(4,6)	(4,7)	(5,4)	(5,5)	(5,6)	(5,7)	(6,3)	(6,4)	(6,5)	(6,6)	(6,7)	(7,4)	(7,5)	(7,6)	(7,7)	(8,5)	(8,6)	(8,7)	(9,6)	(10,7)	(10,12)	(11,6)	(11,7)	(11,8)	(11,9)	(11,10)	(11,11)	(12,6)	(12,7)	(12,8)	(12,9)	(12,12)	(13,6)	(13,7)	(13,8)	(13,9)	(14,6)	(14,7)	(14,8)	(14,9)	(15,5)	(15,10)	
(8,7):(1,3)	(2,4)	(3,4)	(3,5)	(3,6)	(3,7)	(3,8)	(4,4)	(4,5)	(4,6)	(4,7)	(4,8)	(5,4)	(5,5)	(5,6)	(5,7)	(6,1)	(6,3)	(6,4)	(6,5)	(6,6)	(6,7)	(7,2)	(7,3)	(7,4)	(7,5)	(7,6)	(7,7)	(8,3)	(8,4)	(8,5)	(8,6)	(8,7)	(8,8)	(9,2)	(9,6)	(10,7)	(11,6)	(11,7)	(12,6)	(12,7)	(13,6)	(13,7)	(14,6)	(14,7)	(15,5)	
(8,8):(1,3)	(2,4)	(3,4)	(3,5)	(3,6)	(3,7)	(3,8)	(4,4)	(4,5)	(4,6)	(4,7)	(4,8)	(5,4)	(5,5)	(5,6)	(5,7)	(6,1)	(6,3)	(6,4)	(6,5)	(6,6)	(6,7)	(7,2)	(7,3)	(7,4)	(7,5)	(7,6)	(7,7)	(8,3)	(8,4)	(8,5)	(8,6)	(8,7)	(8,8)	
(4,8):(2,4)	(2,11)	(3,4)	(3,5)	(3,6)	(3,7)	(3,8)	(3,9)	(3,10)	(3,11)	(3,17)	(4,4)	(4,5)	(4,6)	(4,7)	(4,8)	(4,16)	(5,4)	(5,5)	(5,6)	(5,7)	(6,3)	(6,4)	(6,5)	(6,6)	(6,7)	(7,1)	(7,2)	(7,3)	(7,4)	(7,5)	(7,6)	(7,7)	(8,3)	(8,4)	(8,5)	(8,6)	(8,7)	(8,8)	(9,2)	(9,6)	(11,6)	(12,6)	(15,5)	
(4,16):(2,4)	(3,4)	(3,5)	(3,6)	(3,7)	(3,8)	(3,9)	(3,10)	(3,11)	(3,17)	(4,4)	(4,5)	(4,6)	(4,7)	(4,8)	(4,16)	(5,16)	(5,17)	
(5,16):(3,17)	(4,16)	(5,16)	(5,17)	
(5,17):(3,17)	(4,16)	(5,16)	(5,17)	
(3,17):(3,4)	(3,5)	(3,6)	(3,7)	(3,8)	(3,9)	(3,10)	(3,11)	(3,17)	(4,4)	(4,5)	(4,6)	(4,7)	(4,8)	(4,16)	(5,16)	(5,17)	
(3,11):(2,4)	(2,11)	(3,4)	(3,5)	(3,6)	(3,7)	(3,8)	(3,9)	(3,10)	(3,11)	(3,17)	(4,4)	(4,5)	(4,6)	(4,7)	(4,8)	(4,16)	(5,4)	(5,5)	
(2,11):(2,4)	(2,11)	(3,4)	(3,5)	(3,6)	(3,7)	(3,8)	(3,9)	(3,10)	(3,11)	(4,4)	(4,5)	(4,6)	(4,7)	(4,8)	(5,4)	(5,5)	(5,6)	(6,3)	(6,4)	(6,5)	(7,1)	(7,2)	(7,3)	
(2,4):(1,3)	(1,4)	(2,4)	(2,11)	(3,4)	(3,5)	(3,6)	(3,7)	(3,8)	(3,9)	(3,10)	(3,11)	(4,4)	(4,5)	(4,6)	(4,7)	(4,8)	(4,16)	(5,4)	(5,5)	(5,6)	(5,7)	(6,3)	(6,4)	(6,5)	(6,6)	(6,7)	(7,3)	(7,4)	(7,5)	(7,6)	(7,7)	(8,3)	(8,4)	(8,5)	(8,6)	(8,7)	(8,8)	(9,6)	(10,7)	(11,7)	(12,7)	(13,8)	(14,8)	
(1,4):(1,3)	(1,4)	(2,4)	(3,4)	(4,4)	(5,4)	(6,3)	(6,4)	(7,3)	(7,4)	(8,3)	(8,4)	
(1,3):(1,3)	(1,4)	(2,4)	(3,4)	(3,5)	(4,4)	(4,5)	(4,6)	(5,4)	(5,5)	(5,6)	(5,7)	(6,3)	(6,4)	(6,5)	(6,6)	(6,7)	(7,3)	(7,4)	(7,5)	(7,6)	(7,7)	(8,3)	(8,4)	(8,5)	(8,6)	(8,7)	(8,8)	(9,6)	(10,7)	(11,7)	(13,8)	(14,8)	
(6,3):(1,3)	(1,4)	(2,4)	(2,11)	(3,4)	(3,5)	(3,6)	(3,7)	(3,8)	(3,9)	(3,10)	(4,4)	(4,5)	(4,6)	(4,7)	(4,8)	(5,4)	(5,5)	(5,6)	(5,7)	(6,1)	(6,3)	(6,4)	(6,5)	(6,6)	(6,7)	(7,1)	(7,2)	(7,3)	(7,4)	(7,5)	(7,6)	(7,7)	(8,3)	(8,4)	(8,5)	(8,6)	(8,7)	(8,8)	(9,2)	(9,6)	(10,7)	
(6,1):(6,1)	(6,3)	(6,4)	(6,5)	(6,6)	(6,7)	(7,1)	(7,2)	(7,3)	(7,4)	(7,5)	(7,6)	(7,7)	(8,3)	(8,4)	(8,5)	(8,6)	(8,7)	(8,8)	(9,6)	
(7,1):(2,11)	(3,9)	(3,10)	(4,7)	(4,8)	(5,5)	(5,6)	(5,7)	(6,1)	(6,3)	(6,4)	(6,5)	(6,6)	(6,7)	(7,1)	(7,2)	(7,3)	(7,4)	(7,5)	(7,6)	(7,7)	
(7,2):(2,11)	(3,6)	(3,7)	(3,8)	(3,9)	(3,10)	(4,5)	(4,6)	(4,7)	(4,8)	(5,4)	(5,5)	(5,6)	(5,7)	(6,1)	(6,3)	(6,4)	(6,5)	(6,6)	(6,7)	(7,1)	(7,2)	(7,3)	(7,4)	(7,5)	(7,6)	(7,7)	(8,3)	(8,4)	(8,5)	(8,6)	(8,7)	(8,8)	(9,2)	(9,6)	
(9,2):(3,4)	(3,5)	(3,6)	(3,7)	(3,8)	(3,9)	(4,4)	(4,5)	(4,6)	(4,7)	(4,8)	(5,4)	(5,5)	(5,6)	(5,7)	(6,3)	(6,4)	(6,5)	(6,6)	(6,7)	(7,2)	(7,3)	(7,4)	(7,5)	(7,6)	(7,7)	(8,3)	(8,4)	(8,5)	(8,6)	(8,7)	(9,2)	(9,6)	
(9,6):(1,3)	(2,4)	(3,4)	(3,5)	(3,6)	(3,7)	(3,8)	(4,4)	(4,5)	(4,6)	(4,7)	(4,8)	(5,4)	(5,5)	(5,6)	(5,7)	(6,1)	(6,3)	(6,4)	(6,5)	(6,6)	(6,7)	(7,2)	(7,3)	(7,4)	(7,5)	(7,6)	(7,7)	(8,3)	(8,4)	(8,5)	(8,6)	(8,7)	(9,2)	(9,6)	(10,7)	(11,6)	(11,7)	(11,8)	(12,6)	(12,7)	(12,8)	(12,9)	(13,6)	(13,7)	(13,8)	(13,9)	(14,6)	(14,7)	(14,8)	(14,9)	(15,10)	
(11,6):(3,6)	(3,7)	(3,8)	(4,6)	(4,7)	(4,8)	(5,6)	(5,7)	(6,6)	(6,7)	(7,6)	(7,7)	(8,6)	(8,7)	(9,6)	(10,7)	(10,12)	(11,5)	(11,6)	(11,7)	(11,8)	(11,9)	(11,10)	(11,11)	(12,6)	(12,7)	(12,8)	(12,9)	(12,12)	(13,6)	(13,7)	(13,8)	(13,9)	(14,6)	(14,7)	(14,8)	(14,9)	(14,10)	(15,5)	(15,10)	
(11,5):(11,5)	(11,6)	(11,7)	(11,8)	(11,9)	(11,10)	(11,11)	(12,6)	(12,7)	(12,8)	(12,9)	(12,12)	(13,6)	(13,7)	(13,8)	(13,9)	(14,6)	(14,7)	(14,8)	(14,9)	(14,10)	(15,5)	(15,10)	
(15,5):(3,8)	(4,8)	(7,7)	(8,7)	(10,7)	(11,5)	(11,6)	(11,7)	(11,8)	(11,9)	(11,10)	(12,6)	(12,7)	(12,8)	(12,9)	(13,6)	(13,7)	(13,8)	(13,9)	(13,15)	(14,6)	(14,7)	(14,8)	(14,9)	(14,10)	(15,5)	(15,10)	
(15,10):(5,4)	(6,4)	(7,5)	(9,6)	(10,7)	(11,5)	(11,6)	(11,7)	(11,8)	(12,6)	(12,7)	(12,8)	(13,6)	(13,7)	(13,8)	(13,9)	(14,6)	(14,7)	(14,8)	(14,9)	(14,10)	(15,5)	(15,10)	
(14,10):(11,5)	(11,6)	(11,7)	(12,6)	(12,7)	(12,8)	(13,6)	(13,7)	(13,8)	(13,9)	(13,15)	(14,6)	(14,7)	(14,8)	(14,9)	(14,10)	(14,14)	(15,5)	(15,10)	
(14,14):(13,6)	(13,7)	(13,8)	(13,9)	(13,15)	(14,6)	(14,7)	(14,8)	(14,9)	(14,10)	(14,14)	(17,15)	(18,14)	
(18,14):(13,15)	(14,14)	(16,34)	(17,15)	(17,23)	(17,24)	(17,25)	(17,26)	(17,27)	(17,28)	(17,29)	(17,30)	(17,31)	(17,32)	(17,33)	(18,14)	(18,28)	(18,29)	(18,30)	(18,31)	(18,32)	(18,33)	
(18,28):(16,23)	(16,34)	(17,15)	(17,23)	(17,24)	(17,25)	(17,26)	(17,27)	(17,28)	(17,29)	(17,30)	(17,31)	(17,32)	(17,33)	(18,14)	(18,28)	(18,29)	(18,30)	(18,31)	(18,32)	(18,33)	(19,29)	(19,30)	(19,31)	(19,32)	(19,33)	(20,28)	(20,32)	(20,33)	(21,28)	(22,28)	(23,28)	(24,28)	(25,28)	(26,28)	(27,28)	(28,28)	(29,28)	(30,28)	(31,28)	(32,28)	(33,28)	(34,29)	
(20,28):(17,28)	(17,29)	(17,30)	(17,31)	(18,28)	(18,29)	(18,30)	(19,29)	(20,13)	(20,28)	(21,13)	(21,22)	(21,23)	(21,24)	(21,25)	(21,26)	(21,27)	(21,28)	(22,23)	(22,24)	(22,25)	(22,26)	(22,27)	(22,28)	(23,22)	(23,26)	(23,27)	(23,28)	(24,25)	(24,26)	(24,27)	(24,28)	(25,27)	(25,28)	(26,27)	(26,28)	(27,26)	(27,27)	(27,28)	(28,28)	(29,28)	(30,28)	(31,28)	(32,28)	(33,28)	(34,27)	(34,29)	
(20,13):(20,13)	(20,28)	(21,13)	(21,22)	(21,23)	(21,24)	(21,25)	(21,26)	(21,27)	(21,28)	
(21,13):(20,13)	(20,28)	(21,13)	(21,22)	(21,23)	(21,24)	(21,25)	(21,26)	(21,27)	(21,28)	
(21,22):(20,13)	(20,28)	(21,13)	(21,22)	(21,23)	(21,24)	(21,25)	(21,26)	(21,27)	(21,28)	(22,23)	(22,24)	(22,25)	(22,26)	(22,27)	(22,28)	(23,22)	(23,23)	(23,28)	(24,22)	(24,23)	(25,22)	(25,23)	(26,22)	(26,23)	(27,22)	(27,23)	(28,24)	
(23,22):(20,28)	(21,22)	(21,23)	(21,24)	(21,25)	(21,26)	(22,23)	(22,24)	(23,18)	(23,22)	(23,23)	(24,19)	(24,20)	(24,21)	(24,22)	(24,23)	(25,18)	(25,19)	(25,20)	(25,21)	(25,22)	(25,23)	(26,20)	(26,21)	(26,22)	(26,23)	(27,20)	(27,21)	(27,22)	(27,23)	(28,20)	(28,21)	(28,24)	(29,20)	(30,19)	(30,20)	(31,20)	
(23,18):(23,18)	(23,22)	(23,23)	(24,19)	(24,20)	(24,21)	(24,22)	(24,23)	(25,18)	(25,19)	(25,20)	(25,21)	(25,22)	(25,23)	(26,20)	(26,21)	(26,22)	(26,23)	(27,20)	(27,21)	(27,22)	(27,23)	(28,21)	(28,24)	
(25,18):(22,24)	(23,18)	(23,22)	(23,23)	(24,19)	(24,20)	(24,21)	(24,22)	(24,23)	(25,18)	(25,19)	(25,20)	(25,21)	(25,22)	(25,23)	
(25,19):(21,25)	(22,24)	(23,18)	(23,22)	(23,23)	(24,19)	(24,20)	(24,21)	(24,22)	(24,23)	(25,18)	(25,19)	(25,20)	(25,21)	(25,22)	(25,23)	(26,20)	(26,21)	(26,22)	(26,23)	(27,20)	(27,21)	(27,22)	(27,23)	(28,20)	(28,21)	(28,24)	(29,20)	(30,19)	(30,20)	(31,21)	
(30,19):(21,23)	(21,24)	(22,23)	(22,24)	(23,22)	(23,23)	(24,19)	(24,20)	(24,21)	(24,22)	(24,23)	(25,19)	(25,20)	(25,21)	(25,22)	(25,23)	(26,20)	(26,21)	(26,22)	(26,23)	(27,20)	(27,21)	(27,22)	(28,20)	(28,21)	(29,20)	(30,19)	(30,20)	
(30,20):(21,23)	(21,24)	(22,23)	(22,24)	(23,22)	(23,23)	(24,19)	(24,20)	(24,21)	(24,22)	(24,23)	(25,19)	(25,20)	(25,21)	(25,22)	(26,20)	(26,21)	(26,22)	(27,20)	(27,21)	(28,20)	(28,21)	(29,20)	(30,19)	(30,20)	(31,20)	(31,21)	
(31,20):(21,23)	(22,23)	(23,22)	(24,20)	(24,21)	(24,22)	(25,20)	(25,21)	(25,22)	(26,20)	(26,21)	(27,20)	(27,21)	(28,20)	(28,21)	(29,20)	(30,20)	(31,20)	(31,21)	
(31,21):(24,19)	(24,20)	(24,21)	(25,19)	(25,20)	(25,21)	(26,20)	(26,21)	(27,20)	(27,21)	(28,20)	(28,21)	(29,20)	(30,20)	(31,20)	(31,21)	
(28,21):(21,23)	(21,24)	(22,23)	(22,24)	(23,18)	(23,22)	(23,23)	(24,19)	(24,20)	(24,21)	(24,22)	(24,23)	(25,19)	(25,20)	(25,21)	(25,22)	(25,23)	(26,20)	(26,21)	(26,22)	(26,23)	(27,20)	(27,21)	(27,22)	(27,23)	(28,20)	(28,21)	(28,24)	(29,20)	(30,19)	(30,20)	(31,20)	(31,21)	
(28,24):(21,22)	(21,23)	(21,24)	(22,23)	(22,24)	(23,18)	(23,22)	(23,23)	(24,19)	(24,20)	(24,21)	(24,22)	(24,23)	(25,19)	(25,20)	(25,21)	(25,22)	(25,23)	(26,20)	(26,21)	(26,22)	(26,23)	(27,20)	(27,21)	(27,22)	(27,23)	(28,20)	(28,21)	(28,24)	
(22,24):(20,28)	(21,22)	(21,23)	(21,24)	(21,25)	(21,26)	(21,27)	(21,28)	(22,23)	(22,24)	(22,25)	(22,26)	(22,27)	(22,28)	(23,22)	(23,23)	(24,20)	(24,21)	(24,22)	(24,23)	(25,18)	(25,19)	(25,20)	(25,21)	(25,22)	(25,23)	(26,20)	(26,21)	(26,22)	(26,23)	(27,20)	(27,21)	(27,22)	(27,23)	(28,20)	(28,21)	(28,24)	(29,20)	(30,19)	(30,20)	
(22,25):(20,28)	(21,22)	(21,23)	(21,24)	(21,25)	(21,26)	(21,27)	(21,28)	(22,23)	(22,24)	(22,25)	(22,26)	(22,27)	(22,28)	(23,26)	(23,27)	(23,28)	(24,25)	(24,26)	(24,27)	(24,28)	(25,27)	(25,28)	(26,27)	(26,28)	(27,28)	(28,28)	
(24,25):(19,29)	(20,28)	(21,25)	(21,26)	(21,27)	(21,28)	(22,25)	(22,26)	(22,27)	(22,28)	(23,26)	(23,27)	(23,28)	(24,25)	(24,26)	(24,27)	(24,28)	
(24,26):(17,30)	(18,29)	(19,29)	(20,28)	(21,25)	(21,26)	(21,27)	(21,28)	(22,25)	(22,26)	(22,27)	(22,28)	(23,26)	(23,27)	(23,28)	(24,25)	(24,26)	(24,27)	(24,28)	(25,27)	(25,28)	(26,27)	(26,28)	(27,26)	(27,27)	(27,28)	(28,28)	(29,28)	(30,28)	
(27,26):(17,29)	(18,29)	(19,29)	(20,28)	(21,26)	(21,27)	(21,28)	(22,26)	(22,27)	(22,28)	(23,26)	(23,27)	(23,28)	(24,26)	(24,27)	(24,28)	(25,27)	(25,28)	(26,27)	(26,28)	(27,26)	(27,27)	(27,28)	
(27,27):(17,29)	(18,29)	(19,29)	(20,28)	(21,25)	(21,26)	(21,27)	(21,28)	(22,26)	(22,27)	(22,28)	(23,26)	(23,27)	(23,28)	(24,26)	(24,27)	(24,28)	(25,27)	(25,28)	(26,27)	(26,28)	(27,26)	(27,27)	(27,28)	(28,28)	(29,28)	(30,28)	(31,28)	(32,28)	(33,28)	(34,27)	(34,29)	
(34,27):(17,29)	(18,29)	(19,29)	(20,28)	(21,27)	(21,28)	(22,27)	(22,28)	(23,27)	(23,28)	(24,27)	(24,28)	(25,27)	(25,28)	(26,27)	(26,28)	(27,27)	(27,28)	(28,28)	(29,28)	(30,28)	(31,28)	(32,28)	(33,28)	(34,27)	(34,29)	
(34,29):(17,28)	(17,29)	(18,28)	(18,29)	(19,29)	(20,28)	(21,26)	(21,27)	(21,28)	(22,26)	(22,27)	(22,28)	(23,26)	(23,27)	(23,28)	(24,27)	(24,28)	(25,27)	(25,28)	(26,27)	(26,28)	(27,27)	(27,28)	(28,28)	(29,28)	(30,28)	(31,28)	(32,28)	(33,28)	(34,27)	(34,29)	
(19,29):55.500000
(19,30):61.750000
(33,30):24.142857
(33,31):17.321428
(26,31):47.642857
(26,32):50.285713
(32,32):27.500000
(32,33):24.333334
(29,33):44.349998
(29,34):44.799999
(16,34):71.938698
(16,23):29.200001
(17,23):34.599998
(17,15):25.551283
(13,15):16.500000
(13,9):29.100000
(12,9):25.500000
(12,12):13.200000
(10,12):18.250000
(10,7):51.062500
(8,7):47.650002
(8,8):33.583332
(4,8):51.575001
(4,16):20.583334
(5,16):2.000000
(5,17):2.500000
(3,17):16.388889
(3,11):26.338095
(2,11):26.000000
(2,4):51.181549
(1,4):8.900000
(1,3):31.805555
(6,3):43.700001
(6,1):16.299999
(7,1):15.071428
(7,2):34.000000
(9,2):36.633335
(9,6):54.240475
(11,6):39.821430
(11,5):21.000000
(15,5):28.837122
(15,10):22.333334
(14,10):21.500000
(14,14):15.766666
(18,14):30.500000
(18,28):56.038460
(20,28):63.500000
(20,13):18.722221
(21,13):16.033333
(21,22):37.750000
(23,22):41.099998
(23,18):25.000000
(25,18):13.000000
(25,19):34.483334
(30,19):29.821428
(30,20):27.114286
(31,20):14.541667
(31,21):15.166667
(28,21):37.349998
(28,24):32.842857
(22,24):43.250000
(22,25):32.833332
(24,25):17.600000
(24,26):34.700001
(27,26):24.401785
(27,27):41.648811
(34,27):32.028572
(34,29):39.125000
(19,29),(19,30):20.000000
(19,29),(33,30):6.642857
(19,29),(33,31):3.321429
(19,29),(26,31):12.642858
(19,29),(26,32):13.285714
(19,29),(32,32):6.000000
(19,29),(32,33):7.250000
(19,29),(29,33):13.350000
(19,29),(29,34):13.800000
(19,29),(16,34):20.299999
(19,29),(16,23):18.750000
(19,29),(17,23):17.500000
(19,29),(17,15):7.884615
(19,29),(13,15):0.000000
(19,29),(13,9):0.000000
(19,29),(12,9):0.000000
(19,29),(12,12):0.000000
(19,29),(10,12):0.000000
(19,29),(10,7):0.000000
(19,29),(8,7):0.000000
(19,29),(8,8):0.000000
(19,29),(4,8):0.000000
(19,29),(4,16):0.000000
(19,29),(5,16):0.000000
(19,29),(5,17):0.000000
(19,29),(3,17):0.000000
(19,29),(3,11):0.000000
(19,29),(2,11):0.000000
(19,29),(2,4):0.000000
(19,29),(1,4):0.000000
(19,29),(1,3):0.000000
(19,29),(6,3):0.000000
(19,29),(6,1):0.000000
(19,29),(7,1):0.000000
(19,29),(7,2):0.000000
(19,29),(9,2):0.000000
(19,29),(9,6):0.000000
(19,29),(11,6):0.000000
(19,29),(11,5):0.000000
(19,29),(15,5):0.000000
(19,29),(15,10):0.000000
(19,29),(14,10):0.000000
(19,29),(14,14):0.000000
(19,29),(18,14):12.200000
(19,29),(18,28):35.000000
(19,29),(20,28):43.000000
(19,29),(20,13):2.972222
(19,29),(21,13):1.533333
(19,29),(21,22):6.625000
(19,29),(23,22):0.000000
(19,29),(23,18):0.000000
(19,29),(25,18):0.000000
(19,29),(25,19):0.000000
(19,29),(30,19):0.000000
(19,29),(30,20):0.000000
(19,29),(31,20):0.000000
(19,29),(31,21):0.000000
(19,29),(28,21):0.000000
(19,29),(28,24):0.000000
(19,29),(22,24):4.250000
(19,29),(22,25):20.833334
(19,29),(24,25):13.100000
(19,29),(24,26):29.200001
(19,29),(27,26):22.401785
(19,29),(27,27):37.482143
(19,29),(34,27):31.528572
(19,29),(34,29):35.625000
(19,30),(33,30):24.142857
(19,30),(33,31):17.321428
(19,30),(26,31):47.642857
(19,30),(26,32):46.035713
(19,30),(32,32):23.250000
(19,30),(32,33):20.083334
(19,30),(29,33):40.099998
(19,30),(29,34):43.514286
(19,30),(16,34):56.409092
(19,30),(16,23):23.200001
(19,30),(17,23):19.600000
(19,30),(17,15):8.384615
(19,30),(13,15):0.000000
(19,30),(13,9):0.000000
(19,30),(12,9):0.000000
(19,30),(12,12):0.000000
(19,30),(10,12):0.000000
(19,30),(10,7):0.000000
(19,30),(8,7):0.000000
(19,30),(8,8):0.000000
(19,30),(4,8):0.000000
(19,30),(4,16):0.000000
(19,30),(5,16):0.000000
(19,30),(5,17):0.000000
(19,30),(3,17):0.000000
(19,30),(3,11):0.000000
(19,30),(2,11):0.000000
(19,30),(2,4):0.000000
(19,30),(1,4):0.000000
(19,30),(1,3):0.000000
(19,30),(6,3):0.000000
(19,30),(6,1):0.000000
(19,30),(7,1):0.000000
(19,30),(7,2):0.000000
(19,30),(9,2):0.000000
(19,30),(9,6):0.000000
(19,30),(11,6):0.000000
(19,30),(11,5):0.000000
(19,30),(15,5):0.000000
(19,30),(15,10):0.000000
(19,30),(14,10):0.000000
(19,30),(14,14):0.000000
(19,30),(18,14):13.090909
(19,30),(18,28):26.000000
(19,30),(20,28):7.500000
(19,30),(20,13):0.000000
(19,30),(21,13):0.000000
(19,30),(21,22):0.000000
(19,30),(23,22):0.000000
(19,30),(23,18):0.000000
(19,30),(25,18):0.000000
(19,30),(25,19):0.000000
(19,30),(30,19):0.000000
(19,30),(30,20):0.000000
(19,30),(31,20):0.000000
(19,30),(31,21):0.000000
(19,30),(28,21):0.000000
(19,30),(28,24):0.000000
(19,30),(22,24):0.000000
(19,30),(22,25):0.000000
(19,30),(24,25):0.975000
(19,30),(24,26):1.950000
(19,30),(27,26):2.544643
(19,30),(27,27):3.053571
(19,30),(34,27):3.064286
(19,30),(34,29):3.125000
(33,30),(33,31):17.000000
(33,30),(26,31):24.142857
(33,30),(26,32):17.142857
(33,30),(32,32):0.642857
(33,30),(32,33):7.091575
(33,30),(29,33):12.192857
(33,30),(29,34):14.760504
(33,30),(16,34):18.809525
(33,30),(16,23):7.018533
(33,30),(17,23):5.840079
(33,30),(17,15):2.713390
(33,30),(13,15):0.000000
(33,30),(13,9):0.000000
(33,30),(12,9):0.000000
(33,30),(12,12):0.000000
(33,30),(10,12):0.000000
(33,30),(10,7):0.000000
(33,30),(8,7):0.000000
(33,30),(8,8):0.000000
(33,30),(4,8):0.000000
(33,30),(4,16):0.000000
(33,30),(5,16):0.000000
(33,30),(5,17):0.000000
(33,30),(3,17):0.000000
(33,30),(3,11):0.000000
(33,30),(2,11):0.000000
(33,30),(2,4):0.000000
(33,30),(1,4):0.000000
(33,30),(1,3):0.000000
(33,30),(6,3):0.000000
(33,30),(6,1):0.000000
(33,30),(7,1):0.000000
(33,30),(7,2):0.000000
(33,30),(9,2):0.000000
(33,30),(9,6):0.000000
(33,30),(11,6):0.000000
(33,30),(11,5):0.000000
(33,30),(15,5):0.000000
(33,30),(15,10):0.000000
(33,30),(14,10):0.000000
(33,30),(14,14):0.000000
(33,30),(18,14):4.349206
(33,30),(18,28):7.576190
(33,30),(20,28):2.000000
(33,30),(20,13):0.000000
(33,30),(21,13):0.000000
(33,30),(21,22):0.000000
(33,30),(23,22):0.000000
(33,30),(23,18):0.000000
(33,30),(25,18):0.000000
(33,30),(25,19):0.000000
(33,30),(30,19):0.000000
(33,30),(30,20):0.000000
(33,30),(31,20):0.000000
(33,30),(31,21):0.000000
(33,30),(28,21):0.000000
(33,30),(28,24):0.000000
(33,30),(22,24):0.000000
(33,30),(22,25):0.000000
(33,30),(24,25):0.558333
(33,30),(24,26):0.533333
(33,30),(27,26):0.020833
(33,30),(27,27):0.000000
(33,30),(34,27):0.000000
(33,30),(34,29):0.000000
(33,31),(26,31):17.321428
(33,31),(26,32):10.321428
(33,31),(32,32):0.000000
(33,31),(32,33):1.333333
(33,31),(29,33):5.821429
(33,31),(29,34):8.071428
(33,31),(16,34):11.988095
(33,31),(16,23):3.319958
(33,31),(17,23):2.808385
(33,31),(17,15):1.309453
(33,31),(13,15):0.000000
(33,31),(13,9):0.000000
(33,31),(12,9):0.000000
(33,31),(12,12):0.000000
(33,31),(10,12):0.000000
(33,31),(10,7):0.000000
(33,31),(8,7):0.000000
(33,31),(8,8):0.000000
(33,31),(4,8):0.000000
(33,31),(4,16):0.000000
(33,31),(5,16):0.000000
(33,31),(5,17):0.000000
(33,31),(3,17):0.000000
(33,31),(3,11):0.000000
(33,31),(2,11):0.000000
(33,31),(2,4):0.000000
(33,31),(1,4):0.000000
(33,31),(1,3):0.000000
(33,31),(6,3):0.000000
(33,31),(6,1):0.000000
(33,31),(7,1):0.000000
(33,31),(7,2):0.000000
(33,31),(9,2):0.000000
(33,31),(9,6):0.000000
(33,31),(11,6):0.000000
(33,31),(11,5):0.000000
(33,31),(15,5):0.000000
(33,31),(15,10):0.000000
(33,31),(14,10):0.000000
(33,31),(14,14):0.000000
(33,31),(18,14):2.071022
(33,31),(18,28):3.571429
(33,31),(20,28):1.788095
(33,31),(20,13):0.000000
(33,31),(21,13):0.000000
(33,31),(21,22):0.000000
(33,31),(23,22):0.000000
(33,31),(23,18):0.000000
(33,31),(25,18):0.000000
(33,31),(25,19):0.000000
(33,31),(30,19):0.000000
(33,31),(30,20):0.000000
(33,31),(31,20):0.000000
(33,31),(31,21):0.000000
(33,31),(28,21):0.000000
(33,31),(28,24):0.000000
(33,31),(22,24):0.000000
(33,31),(22,25):0.000000
(33,31),(24,25):0.497684
(33,31),(24,26):0.725931
(33,31),(27,26):0.128929
(33,31),(27,27):0.000000
(33,31),(34,27):0.000000
(33,31),(34,29):0.000000
(26,31),(26,32):40.642857
(26,31),(32,32):20.000000
(26,31),(32,33):18.333334
(26,31),(29,33):34.642857
(26,31),(29,34):37.642857
(26,31),(16,34):42.309525
(26,31),(16,23):15.039826
(26,31),(17,23):11.816386
(26,31),(17,15):5.464774
(26,31),(13,15):0.000000
(26,31),(13,9):0.000000
(26,31),(12,9):0.000000
(26,31),(12,12):0.000000
(26,31),(10,12):0.000000
(26,31),(10,7):0.000000
(26,31),(8,7):0.000000
(26,31),(8,8):0.000000
(26,31),(4,8):0.000000
(26,31),(4,16):0.000000
(26,31),(5,16):0.000000
(26,31),(5,17):0.000000
(26,31),(3,17):0.000000
(26,31),(3,11):0.000000
(26,31),(2,11):0.000000
(26,31),(2,4):0.000000
(26,31),(1,4):0.000000
(26,31),(1,3):0.000000
(26,31),(6,3):0.000000
(26,31),(6,1):0.000000
(26,31),(7,1):0.000000
(26,31),(7,2):0.000000
(26,31),(9,2):0.000000
(26,31),(9,6):0.000000
(26,31),(11,6):0.000000
(26,31),(11,5):0.000000
(26,31),(15,5):0.000000
(26,31),(15,10):0.000000
(26,31),(14,10):0.000000
(26,31),(14,14):0.000000
(26,31),(18,14):8.248884
(26,31),(18,28):16.642857
(26,31),(20,28):2.580357
(26,31),(20,13):0.000000
(26,31),(21,13):0.000000
(26,31),(21,22):0.000000
(26,31),(23,22):0.000000
(26,31),(23,18):0.000000
(26,31),(25,18):0.000000
(26,31),(25,19):0.000000
(26,31),(30,19):0.000000
(26,31),(30,20):0.000000
(26,31),(31,20):0.000000
(26,31),(31,21):0.000000
(26,31),(28,21):0.000000
(26,31),(28,24):0.000000
(26,31),(22,24):0.000000
(26,31),(22,25):0.000000
(26,31),(24,25):0.630303
(26,31),(24,26):0.873077
(26,31),(27,26):0.295874
(26,31),(27,27):0.040584
(26,31),(34,27):0.000000
(26,31),(34,29):0.000000
(26,32),(32,32):27.500000
(26,32),(32,33):24.333334
(26,32),(29,33):44.285713
(26,32),(29,34):44.285713
(26,32),(16,34):49.939560
(26,32),(16,23):15.679263
(26,32),(17,23):12.431169
(26,32),(17,15):5.697617
(26,32),(13,15):0.000000
(26,32),(13,9):0.000000
(26,32),(12,9):0.000000
(26,32),(12,12):0.000000
(26,32),(10,12):0.000000
(26,32),(10,7):0.000000
(26,32),(8,7):0.000000
(26,32),(8,8):0.000000
(26,32),(4,8):0.000000
(26,32),(4,16):0.000000
(26,32),(5,16):0.000000
(26,32),(5,17):0.000000
(26,32),(3,17):0.000000
(26,32),(3,11):0.000000
(26,32),(2,11):0.000000
(26,32),(2,4):0.000000
(26,32),(1,4):0.000000
(26,32),(1,3):0.000000
(26,32),(6,3):0.000000
(26,32),(6,1):0.000000
(26,32),(7,1):0.000000
(26,32),(7,2):0.000000
(26,32),(9,2):0.000000
(26,32),(9,6):0.000000
(26,32),(11,6):0.000000
(26,32),(11,5):0.000000
(26,32),(15,5):0.000000
(26,32),(15,10):0.000000
(26,32),(14,10):0.000000
(26,32),(14,14):0.000000
(26,32),(18,14):8.703297
(26,32),(18,28):17.285715
(26,32),(20,28):3.174603
(26,32),(20,13):0.000000
(26,32),(21,13):0.000000
(26,32),(21,22):0.000000
(26,32),(23,22):0.000000
(26,32),(23,18):0.000000
(26,32),(25,18):0.000000
(26,32),(25,19):0.000000
(26,32),(30,19):0.000000
(26,32),(30,20):0.000000
(26,32),(31,20):0.000000
(26,32),(31,21):0.000000
(26,32),(28,21):0.000000
(26,32),(28,24):0.000000
(26,32),(22,24):0.000000
(26,32),(22,25):0.000000
(26,32),(24,25):0.681216
(26,32),(24,26):1.082698
(26,32),(27,26):0.729971
(26,32),(27,27):0.344048
(26,32),(34,27):0.078896
(26,32),(34,29):0.000000
(32,32),(32,33):16.000000
(32,32),(29,33):27.500000
(32,32),(29,34):24.500000
(32,32),(16,34):27.153847
(32,32),(16,23):8.000000
(32,32),(17,23):6.000000
(32,32),(17,15):2.769231
(32,32),(13,15):0.000000
(32,32),(13,9):0.000000
(32,32),(12,9):0.000000
(32,32),(12,12):0.000000
(32,32),(10,12):0.000000
(32,32),(10,7):0.000000
(32,32),(8,7):0.000000
(32,32),(8,8):0.000000
(32,32),(4,8):0.000000
(32,32),(4,16):0.000000
(32,32),(5,16):0.000000
(32,32),(5,17):0.000000
(32,32),(3,17):0.000000
(32,32),(3,11):0.000000
(32,32),(2,11):0.000000
(32,32),(2,4):0.000000
(32,32),(1,4):0.000000
(32,32),(1,3):0.000000
(32,32),(6,3):0.000000
(32,32),(6,1):0.000000
(32,32),(7,1):0.000000
(32,32),(7,2):0.000000
(32,32),(9,2):0.000000
(32,32),(9,6):0.000000
(32,32),(11,6):0.000000
(32,32),(11,5):0.000000
(32,32),(15,5):0.000000
(32,32),(15,10):0.000000
(32,32),(14,10):0.000000
(32,32),(14,14):0.000000
(32,32),(18,14):4.000000
(32,32),(18,28):9.000000
(32,32),(20,28):0.000000
(32,32),(20,13):0.000000
(32,32),(21,13):0.000000
(32,32),(21,22):0.000000
(32,32),(23,22):0.000000
(32,32),(23,18):0.000000
(32,32),(25,18):0.000000
(32,32),(25,19):0.000000
(32,32),(30,19):0.000000
(32,32),(30,20):0.000000
(32,32),(31,20):0.000000
(32,32),(31,21):0.000000
(32,32),(28,21):0.000000
(32,32),(28,24):0.000000
(32,32),(22,24):0.000000
(32,32),(22,25):0.000000
(32,32),(24,25):0.000000
(32,32),(24,26):0.000000
(32,32),(27,26):0.000000
(32,32),(27,27):0.000000
(32,32),(34,27):0.000000
(32,32),(34,29):0.000000
(32,33),(29,33):24.333334
(32,33),(29,34):21.333334
(32,33),(16,34):23.987179
(32,33),(16,23):8.476191
(32,33),(17,23):6.764368
(32,33),(17,15):3.101149
(32,33),(13,15):0.000000
(32,33),(13,9):0.000000
(32,33),(12,9):0.000000
(32,33),(12,12):0.000000
(32,33),(10,12):0.000000
(32,33),(10,7):0.000000
(32,33),(8,7):0.000000
(32,33),(8,8):0.000000
(32,33),(4,8):0.000000
(32,33),(4,16):0.000000
(32,33),(5,16):0.000000
(32,33),(5,17):0.000000
(32,33),(3,17):0.000000
(32,33),(3,11):0.000000
(32,33),(2,11):0.000000
(32,33),(2,4):0.000000
(32,33),(1,4):0.000000
(32,33),(1,3):0.000000
(32,33),(6,3):0.000000
(32,33),(6,1):0.000000
(32,33),(7,1):0.000000
(32,33),(7,2):0.000000
(32,33),(9,2):0.000000
(32,33),(9,6):0.000000
(32,33),(11,6):0.000000
(32,33),(11,5):0.000000
(32,33),(15,5):0.000000
(32,33),(15,10):0.000000
(32,33),(14,10):0.000000
(32,33),(14,14):0.000000
(32,33),(18,14):4.848485
(32,33),(18,28):9.310606
(32,33),(20,28):1.190476
(32,33),(20,13):0.000000
(32,33),(21,13):0.000000
(32,33),(21,22):0.000000
(32,33),(23,22):0.000000
(32,33),(23,18):0.000000
(32,33),(25,18):0.000000
(32,33),(25,19):0.000000
(32,33),(30,19):0.000000
(32,33),(30,20):0.000000
(32,33),(31,20):0.000000
(32,33),(31,21):0.000000
(32,33),(28,21):0.000000
(32,33),(28,24):0.000000
(32,33),(22,24):0.000000
(32,33),(22,25):0.000000
(32,33),(24,25):0.346081
(32,33),(24,26):0.142029
(32,33),(27,26):0.000000
(32,33),(27,27):0.000000
(32,33),(34,27):0.000000
(32,33),(34,29):0.000000
(29,33),(29,34):41.349998
(29,33),(16,34):44.003845
(29,33),(16,23):15.743182
(29,33),(17,23):12.492553
(29,33),(17,15):5.720836
(29,33),(13,15):0.000000
(29,33),(13,9):0.000000
(29,33),(12,9):0.000000
(29,33),(12,12):0.000000
(29,33),(10,12):0.000000
(29,33),(10,7):0.000000
(29,33),(8,7):0.000000
(29,33),(8,8):0.000000
(29,33),(4,8):0.000000
(29,33),(4,16):0.000000
(29,33),(5,16):0.000000
(29,33),(5,17):0.000000
(29,33),(3,17):0.000000
(29,33),(3,11):0.000000
(29,33),(2,11):0.000000
(29,33),(2,4):0.000000
(29,33),(1,4):0.000000
(29,33),(1,3):0.000000
(29,33),(6,3):0.000000
(29,33),(6,1):0.000000
(29,33),(7,1):0.000000
(29,33),(7,2):0.000000
(29,33),(9,2):0.000000
(29,33),(9,6):0.000000
(29,33),(11,6):0.000000
(29,33),(11,5):0.000000
(29,33),(15,5):0.000000
(29,33),(15,10):0.000000
(29,33),(14,10):0.000000
(29,33),(14,14):0.000000
(29,33),(18,14):8.747849
(29,33),(18,28):17.350000
(29,33),(20,28):3.234615
(29,33),(20,13):0.000000
(29,33),(21,13):0.000000
(29,33),(21,22):0.000000
(29,33),(23,22):0.000000
(29,33),(23,18):0.000000
(29,33),(25,18):0.000000
(29,33),(25,19):0.000000
(29,33),(30,19):0.000000
(29,33),(30,20):0.000000
(29,33),(31,20):0.000000
(29,33),(31,21):0.000000
(29,33),(28,21):0.000000
(29,33),(28,24):0.000000
(29,33),(22,24):0.000000
(29,33),(22,25):0.000000
(29,33),(24,25):0.685498
(29,33),(24,26):1.099306
(29,33),(27,26):0.776673
(29,33),(27,27):0.384091
(29,33),(34,27):0.103846
(29,33),(34,29):0.000000
(29,34),(16,34):44.799999
(29,34),(16,23):16.190475
(29,34),(17,23):12.921740
(29,34),(17,15):5.883028
(29,34),(13,15):0.000000
(29,34),(13,9):0.000000
(29,34),(12,9):0.000000
(29,34),(12,12):0.000000
(29,34),(10,12):0.000000
(29,34),(10,7):0.000000
(29,34),(8,7):0.000000
(29,34),(8,8):0.000000
(29,34),(4,8):0.000000
(29,34),(4,16):0.000000
(29,34),(5,16):0.000000
(29,34),(5,17):0.000000
(29,34),(3,17):0.000000
(29,34),(3,11):0.000000
(29,34),(2,11):0.000000
(29,34),(2,4):0.000000
(29,34),(1,4):0.000000
(29,34),(1,3):0.000000
(29,34),(6,3):0.000000
(29,34),(6,1):0.000000
(29,34),(7,1):0.000000
(29,34),(7,2):0.000000
(29,34),(9,2):0.000000
(29,34),(9,6):0.000000
(29,34),(11,6):0.000000
(29,34),(11,5):0.000000
(29,34),(15,5):0.000000
(29,34),(15,10):0.000000
(29,34),(14,10):0.000000
(29,34),(14,14):0.000000
(29,34),(18,14):9.055319
(29,34),(18,28):17.799999
(29,34),(20,28):3.657143
(29,34),(20,13):0.000000
(29,34),(21,13):0.000000
(29,34),(21,22):0.000000
(29,34),(23,22):0.000000
(29,34),(23,18):0.000000
(29,34),(25,18):0.000000
(29,34),(25,19):0.000000
(29,34),(30,19):0.000000
(29,34),(30,20):0.000000
(29,34),(31,20):0.000000
(29,34),(31,21):0.000000
(29,34),(28,21):0.000000
(29,34),(28,24):0.000000
(29,34),(22,24):0.000000
(29,34),(22,25):0.000000
(29,34),(24,25):0.712319
(29,34),(24,26):1.200000
(29,34),(27,26):1.046947
(29,34),(27,27):0.694231
(29,34),(34,27):0.337500
(29,34),(34,29):0.050000
(16,34),(16,23):29.200001
(16,34),(17,23):30.918182
(16,34),(17,15):17.702797
(16,34),(13,15):0.227273
(16,34),(13,9):0.000000
(16,34),(12,9):0.000000
(16,34),(12,12):0.000000
(16,34),(10,12):0.000000
(16,34),(10,7):0.000000
(16,34),(8,7):0.000000
(16,34),(8,8):0.000000
(16,34),(4,8):0.000000
(16,34),(4,16):0.000000
(16,34),(5,16):0.000000
(16,34),(5,17):0.000000
(16,34),(3,17):0.000000
(16,34),(3,11):0.000000
(16,34),(2,11):0.000000
(16,34),(2,4):0.000000
(16,34),(1,4):0.000000
(16,34),(1,3):0.000000
(16,34),(6,3):0.000000
(16,34),(6,1):0.000000
(16,34),(7,1):0.000000
(16,34),(7,2):0.000000
(16,34),(9,2):0.000000
(16,34),(9,6):0.000000
(16,34),(11,6):0.000000
(16,34),(11,5):0.000000
(16,34),(15,5):0.000000
(16,34),(15,10):0.000000
(16,34),(14,10):0.000000
(16,34),(14,14):0.308378
(16,34),(18,14):22.818182
(16,34),(18,28):37.618183
(16,34),(20,28):7.800000
(16,34),(20,13):0.000000
(16,34),(21,13):0.000000
(16,34),(21,22):0.000000
(16,34),(23,22):0.000000
(16,34),(23,18):0.000000
(16,34),(25,18):0.000000
(16,34),(25,19):0.000000
(16,34),(30,19):0.000000
(16,34),(30,20):0.000000
(16,34),(31,20):0.000000
(16,34),(31,21):0.000000
(16,34),(28,21):0.000000
(16,34),(28,24):0.000000
(16,34),(22,24):0.000000
(16,34),(22,25):0.000000
(16,34),(24,25):1.009091
(16,34),(24,26):2.057143
(16,34),(27,26):2.729372
(16,34),(27,27):3.294643
(16,34),(34,27):3.334542
(16,34),(34,29):3.425000
(16,23),(17,23):25.600000
(16,23),(17,15):12.384615
(16,23),(13,15):0.000000
(16,23),(13,9):0.000000
(16,23),(12,9):0.000000
(16,23),(12,12):0.000000
(16,23),(10,12):0.000000
(16,23),(10,7):0.000000
(16,23),(8,7):0.000000
(16,23),(8,8):0.000000
(16,23),(4,8):0.000000
(16,23),(4,16):0.000000
(16,23),(5,16):0.000000
(16,23),(5,17):0.000000
(16,23),(3,17):0.000000
(16,23),(3,11):0.000000
(16,23),(2,11):0.000000
(16,23),(2,4):0.000000
(16,23),(1,4):0.000000
(16,23),(1,3):0.000000
(16,23),(6,3):0.000000
(16,23),(6,1):0.000000
(16,23),(7,1):0.000000
(16,23),(7,2):0.000000
(16,23),(9,2):0.000000
(16,23),(9,6):0.000000
(16,23),(11,6):0.000000
(16,23),(11,5):0.000000
(16,23),(15,5):0.000000
(16,23),(15,10):0.000000
(16,23),(14,10):0.000000
(16,23),(14,14):0.000000
(16,23),(18,14):17.500000
(16,23),(18,28):29.200001
(16,23),(20,28):6.571429
(16,23),(20,13):0.000000
(16,23),(21,13):0.000000
(16,23),(21,22):0.000000
(16,23),(23,22):0.000000
(16,23),(23,18):0.000000
(16,23),(25,18):0.000000
(16,23),(25,19):0.000000
(16,23),(30,19):0.000000
(16,23),(30,20):0.000000
(16,23),(31,20):0.000000
(16,23),(31,21):0.000000
(16,23),(28,21):0.000000
(16,23),(28,24):0.000000
(16,23),(22,24):0.000000
(16,23),(22,25):0.000000
(16,23),(24,25):0.844755
(16,23),(24,26):1.646237
(16,23),(27,26):2.055911
(16,23),(27,27):2.411504
(16,23),(34,27):2.344676
(16,23),(34,29):2.325000
(17,23),(17,15):21.384615
(17,23),(13,15):1.000000
(17,23),(13,9):0.000000
(17,23),(12,9):0.000000
(17,23),(12,12):0.000000
(17,23),(10,12):0.000000
(17,23),(10,7):0.000000
(17,23),(8,7):0.000000
(17,23),(8,8):0.000000
(17,23),(4,8):0.000000
(17,23),(4,16):0.000000
(17,23),(5,16):0.000000
(17,23),(5,17):0.000000
(17,23),(3,17):0.000000
(17,23),(3,11):0.000000
(17,23),(2,11):0.000000
(17,23),(2,4):0.000000
(17,23),(1,4):0.000000
(17,23),(1,3):0.000000
(17,23),(6,3):0.000000
(17,23),(6,1):0.000000
(17,23),(7,1):0.000000
(17,23),(7,2):0.000000
(17,23),(9,2):0.000000
(17,23),(9,6):0.000000
(17,23),(11,6):0.000000
(17,23),(11,5):0.000000
(17,23),(15,5):0.000000
(17,23),(15,10):0.000000
(17,23),(14,10):0.000000
(17,23),(14,14):1.166667
(17,23),(18,14):26.500000
(17,23),(18,28):34.599998
(17,23),(20,28):6.333333
(17,23),(20,13):0.000000
(17,23),(21,13):0.000000
(17,23),(21,22):0.000000
(17,23),(23,22):0.000000
(17,23),(23,18):0.000000
(17,23),(25,18):0.000000
(17,23),(25,19):0.000000
(17,23),(30,19):0.000000
(17,23),(30,20):0.000000
(17,23),(31,20):0.000000
(17,23),(31,21):0.000000
(17,23),(28,21):0.000000
(17,23),(28,24):0.000000
(17,23),(22,24):0.000000
(17,23),(22,25):0.000000
(17,23),(24,25):0.783658
(17,23),(24,26):1.537662
(17,23),(27,26):1.930698
(17,23),(27,27):2.283730
(17,23),(34,27):2.227858
(17,23),(34,29):2.225000
(17,15),(13,15):5.166667
(17,15),(13,9):1.266667
(17,15),(12,9):0.000000
(17,15),(12,12):0.000000
(17,15),(10,12):0.000000
(17,15),(10,7):0.000000
(17,15),(8,7):0.000000
(17,15),(8,8):0.000000
(17,15),(4,8):0.000000
(17,15),(4,16):0.000000
(17,15),(5,16):0.000000
(17,15),(5,17):0.000000
(17,15),(3,17):0.000000
(17,15),(3,11):0.000000
(17,15),(2,11):0.000000
(17,15),(2,4):0.000000
(17,15),(1,4):0.000000
(17,15),(1,3):0.000000
(17,15),(6,3):0.000000
(17,15),(6,1):0.000000
(17,15),(7,1):0.000000
(17,15),(7,2):0.000000
(17,15),(9,2):0.000000
(17,15),(9,6):0.000000
(17,15),(11,6):0.000000
(17,15),(11,5):0.000000
(17,15),(15,5):0.166667
(17,15),(15,10):0.000000
(17,15),(14,10):1.166667
(17,15),(14,14):5.333333
(17,15),(18,14):24.000000
(17,15),(18,28):21.423077
(17,15),(20,28):2.642857
(17,15),(20,13):0.000000
(17,15),(21,13):0.000000
(17,15),(21,22):0.000000
(17,15),(23,22):0.000000
(17,15),(23,18):0.000000
(17,15),(25,18):0.000000
(17,15),(25,19):0.000000
(17,15),(30,19):0.000000
(17,15),(30,20):0.000000
(17,15),(31,20):0.000000
(17,15),(31,21):0.000000
(17,15),(28,21):0.000000
(17,15),(28,24):0.000000
(17,15),(22,24):0.000000
(17,15),(22,25):0.000000
(17,15),(24,25):0.360573
(17,15),(24,26):0.707081
(17,15),(27,26):0.906603
(17,15),(27,27):1.073714
(17,15),(34,27):1.069548
(17,15),(34,29):1.069712
(13,15),(13,9):12.600000
(13,15),(12,9):6.400000
(13,15),(12,12):0.000000
(13,15),(10,12):2.083333
(13,15),(10,7):6.823529
(13,15),(8,7):3.433333
(13,15),(8,8):0.000000
(13,15),(4,8):0.671992
(13,15),(4,16):0.000000
(13,15),(5,16):0.000000
(13,15),(5,17):0.000000
(13,15),(3,17):0.000000
(13,15),(3,11):0.000000
(13,15),(2,11):0.000000
(13,15),(2,4):1.442966
(13,15),(1,4):0.000000
(13,15),(1,3):1.150926
(13,15),(6,3):0.000000
(13,15),(6,1):0.000000
(13,15),(7,1):0.000000
(13,15),(7,2):0.000000
(13,15),(9,2):0.000000
(13,15),(9,6):4.969565
(13,15),(11,6):7.250000
(13,15),(11,5):7.500000
(13,15),(15,5):10.000000
(13,15),(15,10):7.500000
(13,15),(14,10):12.500000
(13,15),(14,14):14.000000
(13,15),(18,14):5.000000
(13,15),(18,28):1.038462
(13,15),(20,28):0.000000
(13,15),(20,13):0.000000
(13,15),(21,13):0.000000
(13,15),(21,22):0.000000
(13,15),(23,22):0.000000
(13,15),(23,18):0.000000
(13,15),(25,18):0.000000
(13,15),(25,19):0.000000
(13,15),(30,19):0.000000
(13,15),(30,20):0.000000
(13,15),(31,20):0.000000
(13,15),(31,21):0.000000
(13,15),(28,21):0.000000
(13,15),(28,24):0.000000
(13,15),(22,24):0.000000
(13,15),(22,25):0.000000
(13,15),(24,25):0.000000
(13,15),(24,26):0.000000
(13,15),(27,26):0.000000
(13,15),(27,27):0.000000
(13,15),(34,27):0.000000
(13,15),(34,29):0.000000
(13,9),(12,9):19.500000
(13,9),(12,12):7.200000
(13,9),(10,12):12.250000
(13,9),(10,7):22.750000
(13,9),(8,7):10.500000
(13,9),(8,8):1.958333
(13,9),(4,8):4.488636
(13,9),(4,16):0.000000
(13,9),(5,16):0.000000
(13,9),(5,17):0.000000
(13,9),(3,17):0.095785
(13,9),(3,11):0.624242
(13,9),(2,11):1.202991
(13,9),(2,4):7.544643
(13,9),(1,4):0.916667
(13,9),(1,3):6.805555
(13,9),(6,3):2.500000
(13,9),(6,1):1.430556
(13,9),(7,1):0.772727
(13,9),(7,2):1.789286
(13,9),(9,2):2.004273
(13,9),(9,6):17.333334
(13,9),(11,6):21.500000
(13,9),(11,5):18.000000
(13,9),(15,5):23.681818
(13,9),(15,10):21.000000
(13,9),(14,10):21.500000
(13,9),(14,14):11.700000
(13,9),(18,14):1.100000
(13,9),(18,28):0.000000
(13,9),(20,28):0.000000
(13,9),(20,13):0.000000
(13,9),(21,13):0.000000
(13,9),(21,22):0.000000
(13,9),(23,22):0.000000
(13,9),(23,18):0.000000
(13,9),(25,18):0.000000
(13,9),(25,19):0.000000
(13,9),(30,19):0.000000
(13,9),(30,20):0.000000
(13,9),(31,20):0.000000
(13,9),(31,21):0.000000
(13,9),(28,21):0.000000
(13,9),(28,24):0.000000
(13,9),(22,24):0.000000
(13,9),(22,25):0.000000
(13,9),(24,25):0.000000
(13,9),(24,26):0.000000
(13,9),(27,26):0.000000
(13,9),(27,27):0.000000
(13,9),(34,27):0.000000
(13,9),(34,29):0.000000
(12,9),(12,12):13.200000
(12,9),(10,12):18.250000
(12,9),(10,7):25.000000
(12,9),(8,7):8.000000
(12,9),(8,8):0.000000
(12,9),(4,8):2.025000
(12,9),(4,16):0.000000
(12,9),(5,16):0.000000
(12,9),(5,17):0.000000
(12,9),(3,17):0.000000
(12,9),(3,11):0.000000
(12,9),(2,11):0.000000
(12,9),(2,4):5.044643
(12,9),(1,4):0.000000
(12,9),(1,3):4.250000
(12,9),(6,3):0.000000
(12,9),(6,1):0.000000
(12,9),(7,1):0.000000
(12,9),(7,2):0.000000
(12,9),(9,2):0.000000
(12,9),(9,6):13.500000
(12,9),(11,6):25.500000
(12,9),(11,5):19.000000
(12,9),(15,5):21.766666
(12,9),(15,10):17.250000
(12,9),(14,10):14.500000
(12,9),(14,14):5.600000
(12,9),(18,14):0.000000
(12,9),(18,28):0.000000
(12,9),(20,28):0.000000
(12,9),(20,13):0.000000
(12,9),(21,13):0.000000
(12,9),(21,22):0.000000
(12,9),(23,22):0.000000
(12,9),(23,18):0.000000
(12,9),(25,18):0.000000
(12,9),(25,19):0.000000
(12,9),(30,19):0.000000
(12,9),(30,20):0.000000
(12,9),(31,20):0.000000
(12,9),(31,21):0.000000
(12,9),(28,21):0.000000
(12,9),(28,24):0.000000
(12,9),(22,24):0.000000
(12,9),(22,25):0.000000
(12,9),(24,25):0.000000
(12,9),(24,26):0.000000
(12,9),(27,26):0.000000
(12,9),(27,27):0.000000
(12,9),(34,27):0.000000
(12,9),(34,29):0.000000
(12,12),(10,12):12.916667
(12,12),(10,7):12.700000
(12,12),(8,7):2.366667
(12,12),(8,8):0.000000
(12,12),(4,8):0.797403
(12,12),(4,16):0.000000
(12,12),(5,16):0.000000
(12,12),(5,17):0.000000
(12,12),(3,17):0.000000
(12,12),(3,11):0.000000
(12,12),(2,11):0.000000
(12,12),(2,4):1.722350
(12,12),(1,4):0.000000
(12,12),(1,3):1.480801
(12,12),(6,3):0.000000
(12,12),(6,1):0.000000
(12,12),(7,1):0.000000
(12,12),(7,2):0.000000
(12,12),(9,2):0.000000
(12,12),(9,6):4.200000
(12,12),(11,6):13.200000
(12,12),(11,5):7.000000
(12,12),(15,5):9.643939
(12,12),(15,10):5.200000
(12,12),(14,10):3.000000
(12,12),(14,14):0.000000
(12,12),(18,14):0.000000
(12,12),(18,28):0.000000
(12,12),(20,28):0.000000
(12,12),(20,13):0.000000
(12,12),(21,13):0.000000
(12,12),(21,22):0.000000
(12,12),(23,22):0.000000
(12,12),(23,18):0.000000
(12,12),(25,18):0.000000
(12,12),(25,19):0.000000
(12,12),(30,19):0.000000
(12,12),(30,20):0.000000
(12,12),(31,20):0.000000
(12,12),(31,21):0.000000
(12,12),(28,21):0.000000
(12,12),(28,24):0.000000
(12,12),(22,24):0.000000
(12,12),(22,25):0.000000
(12,12),(24,25):0.000000
(12,12),(24,26):0.000000
(12,12),(27,26):0.000000
(12,12),(27,27):0.000000
(12,12),(34,27):0.000000
(12,12),(34,29):0.000000
(10,12),(10,7):17.833334
(10,12),(8,7):5.500000
(10,12),(8,8):0.000000
(10,12),(4,8):1.483333
(10,12),(4,16):0.000000
(10,12),(5,16):0.000000
(10,12),(5,17):0.000000
(10,12),(3,17):0.000000
(10,12),(3,11):0.000000
(10,12),(2,11):0.000000
(10,12),(2,4):2.476191
(10,12),(1,4):0.000000
(10,12),(1,3):2.008929
(10,12),(6,3):0.000000
(10,12),(6,1):0.000000
(10,12),(7,1):0.000000
(10,12),(7,2):0.000000
(10,12),(9,2):0.000000
(10,12),(9,6):7.000000
(10,12),(11,6):18.250000
(10,12),(11,5):12.250000
(10,12),(15,5):14.791667
(10,12),(15,10):10.187500
(10,12),(14,10):8.050000
(10,12),(14,14):3.176923
(10,12),(18,14):0.000000
(10,12),(18,28):0.000000
(10,12),(20,28):0.000000
(10,12),(20,13):0.000000
(10,12),(21,13):0.000000
(10,12),(21,22):0.000000
(10,12),(23,22):0.000000
(10,12),(23,18):0.000000
(10,12),(25,18):0.000000
(10,12),(25,19):0.000000
(10,12),(30,19):0.000000
(10,12),(30,20):0.000000
(10,12),(31,20):0.000000
(10,12),(31,21):0.000000
(10,12),(28,21):0.000000
(10,12),(28,24):0.000000
(10,12),(22,24):0.000000
(10,12),(22,25):0.000000
(10,12),(24,25):0.000000
(10,12),(24,26):0.000000
(10,12),(27,26):0.000000
(10,12),(27,27):0.000000
(10,12),(34,27):0.000000
(10,12),(34,29):0.000000
(10,7),(8,7):32.750000
(10,7),(8,8):22.666666
(10,7),(4,8):25.875000
(10,7),(4,16):7.983333
(10,7),(5,16):0.000000
(10,7),(5,17):0.000000
(10,7),(3,17):5.333333
(10,7),(3,11):12.071428
(10,7),(2,11):15.466666
(10,7),(2,4):29.857143
(10,7),(1,4):5.312500
(10,7),(1,3):24.618055
(10,7),(6,3):24.812500
(10,7),(6,1):7.800000
(10,7),(7,1):7.500000
(10,7),(7,2):15.750000
(10,7),(9,2):20.833334
(10,7),(9,6):39.562500
(10,7),(11,6):33.750000
(10,7),(11,5):19.750000
(10,7),(15,5):23.416666
(10,7),(15,10):21.083334
(10,7),(14,10):15.250000
(10,7),(14,14):5.933333
(10,7),(18,14):0.000000
(10,7),(18,28):0.000000
(10,7),(20,28):0.000000
(10,7),(20,13):0.000000
(10,7),(21,13):0.000000
(10,7),(21,22):0.000000
(10,7),(23,22):0.000000
(10,7),(23,18):0.000000
(10,7),(25,18):0.000000
(10,7),(25,19):0.000000
(10,7),(30,19):0.000000
(10,7),(30,20):0.000000
(10,7),(31,20):0.000000
(10,7),(31,21):0.000000
(10,7),(28,21):0.000000
(10,7),(28,24):0.000000
(10,7),(22,24):0.000000
(10,7),(22,25):0.000000
(10,7),(24,25):0.000000
(10,7),(24,26):0.000000
(10,7),(27,26):0.000000
(10,7),(27,27):0.000000
(10,7),(34,27):0.000000
(10,7),(34,29):0.000000
(8,7),(8,8):33.566666
(8,7),(4,8):39.974998
(8,7),(4,16):9.988095
(8,7),(5,16):0.000000
(8,7),(5,17):0.000000
(8,7),(3,17):6.513889
(8,7),(3,11):14.738095
(8,7),(2,11):20.428572
(8,7),(2,4):38.125000
(8,7),(1,4):8.650000
(8,7),(1,3):28.083334
(8,7),(6,3):39.650002
(8,7),(6,1):16.200001
(8,7),(7,1):13.185715
(8,7),(7,2):30.650000
(8,7),(9,2):34.733334
(8,7),(9,6):44.500000
(8,7),(11,6):20.500000
(8,7),(11,5):6.500000
(8,7),(15,5):10.125000
(8,7),(15,10):11.083333
(8,7),(14,10):7.000000
(8,7),(14,14):2.693750
(8,7),(18,14):0.000000
(8,7),(18,28):0.000000
(8,7),(20,28):0.000000
(8,7),(20,13):0.000000
(8,7),(21,13):0.000000
(8,7),(21,22):0.000000
(8,7),(23,22):0.000000
(8,7),(23,18):0.000000
(8,7),(25,18):0.000000
(8,7),(25,19):0.000000
(8,7),(30,19):0.000000
(8,7),(30,20):0.000000
(8,7),(31,20):0.000000
(8,7),(31,21):0.000000
(8,7),(28,21):0.000000
(8,7),(28,24):0.000000
(8,7),(22,24):0.000000
(8,7),(22,25):0.000000
(8,7),(24,25):0.000000
(8,7),(24,26):0.000000
(8,7),(27,26):0.000000
(8,7),(27,27):0.000000
(8,7),(34,27):0.000000
(8,7),(34,29):0.000000
(8,8),(4,8):32.366665
(8,8),(4,16):9.683333
(8,8),(5,16):0.000000
(8,8),(5,17):0.000000
(8,8),(3,17):6.388889
(8,8),(3,11):14.238095
(8,8),(2,11):19.937500
(8,8),(2,4):31.166666
(8,8),(1,4):7.066667
(8,8),(1,3):22.666666
(8,8),(6,3):33.583332
(8,8),(6,1):12.416667
(8,8),(7,1):13.166667
(8,8),(7,2):24.916666
(8,8),(9,2):29.233334
(8,8),(9,6):32.916668
(8,8),(11,6):10.500000
(8,8),(11,5):0.000000
(8,8),(15,5):1.375000
(8,8),(15,10):2.450000
(8,8),(14,10):0.000000
(8,8),(14,14):0.000000
(8,8),(18,14):0.000000
(8,8),(18,28):0.000000
(8,8),(20,28):0.000000
(8,8),(20,13):0.000000
(8,8),(21,13):0.000000
(8,8),(21,22):0.000000
(8,8),(23,22):0.000000
(8,8),(23,18):0.000000
(8,8),(25,18):0.000000
(8,8),(25,19):0.000000
(8,8),(30,19):0.000000
(8,8),(30,20):0.000000
(8,8),(31,20):0.000000
(8,8),(31,21):0.000000
(8,8),(28,21):0.000000
(8,8),(28,24):0.000000
(8,8),(22,24):0.000000
(8,8),(22,25):0.000000
(8,8),(24,25):0.000000
(8,8),(24,26):0.000000
(8,8),(27,26):0.000000
(8,8),(27,27):0.000000
(8,8),(34,27):0.000000
(8,8),(34,29):0.000000
(4,8),(4,16):19.583334
(4,8),(5,16):1.000000
(4,8),(5,17):1.500000
(4,8),(3,17):15.388889
(4,8),(3,11):26.238094
(4,8),(2,11):26.000000
(4,8),(2,4):45.203571
(4,8),(1,4):8.150000
(4,8),(1,3):26.575001
(4,8),(6,3):41.750000
(4,8),(6,1):15.221739
(4,8),(7,1):14.271428
(4,8),(7,2):32.950001
(4,8),(9,2):36.308334
(4,8),(9,6):38.549999
(4,8),(11,6):14.196428
(4,8),(11,5):1.250000
(4,8),(15,5):3.795455
(4,8),(15,10):5.061275
(4,8),(14,10):1.525000
(4,8),(14,14):0.539897
(4,8),(18,14):0.000000
(4,8),(18,28):0.000000
(4,8),(20,28):0.000000
(4,8),(20,13):0.000000
(4,8),(21,13):0.000000
(4,8),(21,22):0.000000
(4,8),(23,22):0.000000
(4,8),(23,18):0.000000
(4,8),(25,18):0.000000
(4,8),(25,19):0.000000
(4,8),(30,19):0.000000
(4,8),(30,20):0.000000
(4,8),(31,20):0.000000
(4,8),(31,21):0.000000
(4,8),(28,21):0.000000
(4,8),(28,24):0.000000
(4,8),(22,24):0.000000
(4,8),(22,25):0.000000
(4,8),(24,25):0.000000
(4,8),(24,26):0.000000
(4,8),(27,26):0.000000
(4,8),(27,27):0.000000
(4,8),(34,27):0.000000
(4,8),(34,29):0.000000
(4,16),(5,16):2.000000
(4,16),(5,17):2.500000
(4,16),(3,17):15.000000
(4,16),(3,11):19.671429
(4,16),(2,11):13.500000
(4,16),(2,4):17.095238
(4,16),(1,4):2.083333
(4,16),(1,3):4.083333
(4,16),(6,3):11.816667
(4,16),(6,1):0.000000
(4,16),(7,1):1.422078
(4,16),(7,2):5.511905
(4,16),(9,2):8.838710
(4,16),(9,6):10.157408
(4,16),(11,6):3.945946
(4,16),(11,5):0.000000
(4,16),(15,5):0.413177
(4,16),(15,10):0.133333
(4,16),(14,10):0.000000
(4,16),(14,14):0.000000
(4,16),(18,14):0.000000
(4,16),(18,28):0.000000
(4,16),(20,28):0.000000
(4,16),(20,13):0.000000
(4,16),(21,13):0.000000
(4,16),(21,22):0.000000
(4,16),(23,22):0.000000
(4,16),(23,18):0.000000
(4,16),(25,18):0.000000
(4,16),(25,19):0.000000
(4,16),(30,19):0.000000
(4,16),(30,20):0.000000
(4,16),(31,20):0.000000
(4,16),(31,21):0.000000
(4,16),(28,21):0.000000
(4,16),(28,24):0.000000
(4,16),(22,24):0.000000
(4,16),(22,25):0.000000
(4,16),(24,25):0.000000
(4,16),(24,26):0.000000
(4,16),(27,26):0.000000
(4,16),(27,27):0.000000
(4,16),(34,27):0.000000
(4,16),(34,29):0.000000
(5,16),(5,17):2.000000
(5,16),(3,17):2.000000
(5,16),(3,11):1.100000
(5,16),(2,11):0.000000
(5,16),(2,4):0.297619
(5,16),(1,4):0.000000
(5,16),(1,3):0.000000
(5,16),(6,3):0.000000
(5,16),(6,1):0.000000
(5,16),(7,1):0.000000
(5,16),(7,2):0.000000
(5,16),(9,2):0.000000
(5,16),(9,6):0.000000
(5,16),(11,6):0.000000
(5,16),(11,5):0.000000
(5,16),(15,5):0.000000
(5,16),(15,10):0.000000
(5,16),(14,10):0.000000
(5,16),(14,14):0.000000
(5,16),(18,14):0.000000
(5,16),(18,28):0.000000
(5,16),(20,28):0.000000
(5,16),(20,13):0.000000
(5,16),(21,13):0.000000
(5,16),(21,22):0.000000
(5,16),(23,22):0.000000
(5,16),(23,18):0.000000
(5,16),(25,18):0.000000
(5,16),(25,19):0.000000
(5,16),(30,19):0.000000
(5,16),(30,20):0.000000
(5,16),(31,20):0.000000
(5,16),(31,21):0.000000
(5,16),(28,21):0.000000
(5,16),(28,24):0.000000
(5,16),(22,24):0.000000
(5,16),(22,25):0.000000
(5,16),(24,25):0.000000
(5,16),(24,26):0.000000
(5,16),(27,26):0.000000
(5,16),(27,27):0.000000
(5,16),(34,27):0.000000
(5,16),(34,29):0.000000
(5,17),(3,17):2.500000
(5,17),(3,11):1.600000
(5,17),(2,11):0.000000
(5,17),(2,4):0.345238
(5,17),(1,4):0.000000
(5,17),(1,3):0.000000
(5,17),(6,3):0.000000
(5,17),(6,1):0.000000
(5,17),(7,1):0.000000
(5,17),(7,2):0.000000
(5,17),(9,2):0.000000
(5,17),(9,6):0.000000
(5,17),(11,6):0.000000
(5,17),(11,5):0.000000
(5,17),(15,5):0.000000
(5,17),(15,10):0.000000
(5,17),(14,10):0.000000
(5,17),(14,14):0.000000
(5,17),(18,14):0.000000
(5,17),(18,28):0.000000
(5,17),(20,28):0.000000
(5,17),(20,13):0.000000
(5,17),(21,13):0.000000
(5,17),(21,22):0.000000
(5,17),(23,22):0.000000
(5,17),(23,18):0.000000
(5,17),(25,18):0.000000
(5,17),(25,19):0.000000
(5,17),(30,19):0.000000
(5,17),(30,20):0.000000
(5,17),(31,20):0.000000
(5,17),(31,21):0.000000
(5,17),(28,21):0.000000
(5,17),(28,24):0.000000
(5,17),(22,24):0.000000
(5,17),(22,25):0.000000
(5,17),(24,25):0.000000
(5,17),(24,26):0.000000
(5,17),(27,26):0.000000
(5,17),(27,27):0.000000
(5,17),(34,27):0.000000
(5,17),(34,29):0.000000
(3,17),(3,11):15.488889
(3,17),(2,11):9.388889
(3,17),(2,4):12.900794
(3,17),(1,4):1.500000
(3,17),(1,3):3.688889
(3,17),(6,3):7.638889
(3,17),(6,1):0.000000
(3,17),(7,1):1.238095
(3,17),(7,2):4.062500
(3,17),(9,2):5.850000
(3,17),(9,6):6.588889
(3,17),(11,6):2.365079
(3,17),(11,5):0.000000
(3,17),(15,5):0.264935
(3,17),(15,10):0.419181
(3,17),(14,10):0.000000
(3,17),(14,14):0.000000
(3,17),(18,14):0.000000
(3,17),(18,28):0.000000
(3,17),(20,28):0.000000
(3,17),(20,13):0.000000
(3,17),(21,13):0.000000
(3,17),(21,22):0.000000
(3,17),(23,22):0.000000
(3,17),(23,18):0.000000
(3,17),(25,18):0.000000
(3,17),(25,19):0.000000
(3,17),(30,19):0.000000
(3,17),(30,20):0.000000
(3,17),(31,20):0.000000
(3,17),(31,21):0.000000
(3,17),(28,21):0.000000
(3,17),(28,24):0.000000
(3,17),(22,24):0.000000
(3,17),(22,25):0.000000
(3,17),(24,25):0.000000
(3,17),(24,26):0.000000
(3,17),(27,26):0.000000
(3,17),(27,27):0.000000
(3,17),(34,27):0.000000
(3,17),(34,29):0.000000
(3,11),(2,11):20.166666
(3,11),(2,4):23.750000
(3,11),(1,4):3.571429
(3,11),(1,3):7.738095
(3,11),(6,3):18.438095
(3,11),(6,1):0.000000
(3,11),(7,1):2.571429
(3,11),(7,2):10.000000
(3,11),(9,2):13.920834
(3,11),(9,6):15.038095
(3,11),(11,6):5.238095
(3,11),(11,5):0.000000
(3,11),(15,5):0.556818
(3,11),(15,10):0.989899
(3,11),(14,10):0.000000
(3,11),(14,14):0.000000
(3,11),(18,14):0.000000
(3,11),(18,28):0.000000
(3,11),(20,28):0.000000
(3,11),(20,13):0.000000
(3,11),(21,13):0.000000
(3,11),(21,22):0.000000
(3,11),(23,22):0.000000
(3,11),(23,18):0.000000
(3,11),(25,18):0.000000
(3,11),(25,19):0.000000
(3,11),(30,19):0.000000
(3,11),(30,20):0.000000
(3,11),(31,20):0.000000
(3,11),(31,21):0.000000
(3,11),(28,21):0.000000
(3,11),(28,24):0.000000
(3,11),(22,24):0.000000
(3,11),(22,25):0.000000
(3,11),(24,25):0.000000
(3,11),(24,26):0.000000
(3,11),(27,26):0.000000
(3,11),(27,27):0.000000
(3,11),(34,27):0.000000
(3,11),(34,29):0.000000
(2,11),(2,4):24.600000
(2,11),(1,4):5.205128
(2,11),(1,3):11.533334
(2,11),(6,3):24.200001
(2,11),(6,1):2.700000
(2,11),(7,1):7.321429
(2,11),(7,2):15.750000
(2,11),(9,2):19.483334
(2,11),(9,6):20.674999
(2,11),(11,6):5.904762
(2,11),(11,5):0.000000
(2,11),(15,5):0.570455
(2,11),(15,10):1.576007
(2,11),(14,10):0.000000
(2,11),(14,14):0.000000
(2,11),(18,14):0.000000
(2,11),(18,28):0.000000
(2,11),(20,28):0.000000
(2,11),(20,13):0.000000
(2,11),(21,13):0.000000
(2,11),(21,22):0.000000
(2,11),(23,22):0.000000
(2,11),(23,18):0.000000
(2,11),(25,18):0.000000
(2,11),(25,19):0.000000
(2,11),(30,19):0.000000
(2,11),(30,20):0.000000
(2,11),(31,20):0.000000
(2,11),(31,21):0.000000
(2,11),(28,21):0.000000
(2,11),(28,24):0.000000
(2,11),(22,24):0.000000
(2,11),(22,25):0.000000
(2,11),(24,25):0.000000
(2,11),(24,26):0.000000
(2,11),(27,26):0.000000
(2,11),(27,27):0.000000
(2,11),(34,27):0.000000
(2,11),(34,29):0.000000
(2,4),(1,4):8.900000
(2,4),(1,3):30.937500
(2,4),(6,3):40.825001
(2,4),(6,1):14.200000
(2,4),(7,1):13.196428
(2,4),(7,2):31.125000
(2,4),(9,2):34.758335
(2,4),(9,6):41.826786
(2,4),(11,6):17.616072
(2,4),(11,5):3.928571
(2,4),(15,5):7.481764
(2,4),(15,10):8.127976
(2,4),(14,10):3.944643
(2,4),(14,14):1.309816
(2,4),(18,14):0.000000
(2,4),(18,28):0.000000
(2,4),(20,28):0.000000
(2,4),(20,13):0.000000
(2,4),(21,13):0.000000
(2,4),(21,22):0.000000
(2,4),(23,22):0.000000
(2,4),(23,18):0.000000
(2,4),(25,18):0.000000
(2,4),(25,19):0.000000
(2,4),(30,19):0.000000
(2,4),(30,20):0.000000
(2,4),(31,20):0.000000
(2,4),(31,21):0.000000
(2,4),(28,21):0.000000
(2,4),(28,24):0.000000
(2,4),(22,24):0.000000
(2,4),(22,25):0.000000
(2,4),(24,25):0.000000
(2,4),(24,26):0.000000
(2,4),(27,26):0.000000
(2,4),(27,27):0.000000
(2,4),(34,27):0.000000
(2,4),(34,29):0.000000
(1,4),(1,3):8.000000
(1,4),(6,3):8.900000
(1,4),(6,1):2.833333
(1,4),(7,1):1.350000
(1,4),(7,2):4.400000
(1,4),(9,2):5.400000
(1,4),(9,6):8.757143
(1,4),(11,6):0.000000
(1,4),(11,5):0.000000
(1,4),(15,5):0.000000
(1,4),(15,10):1.083333
(1,4),(14,10):0.000000
(1,4),(14,14):0.000000
(1,4),(18,14):0.000000
(1,4),(18,28):0.000000
(1,4),(20,28):0.000000
(1,4),(20,13):0.000000
(1,4),(21,13):0.000000
(1,4),(21,22):0.000000
(1,4),(23,22):0.000000
(1,4),(23,18):0.000000
(1,4),(25,18):0.000000
(1,4),(25,19):0.000000
(1,4),(30,19):0.000000
(1,4),(30,20):0.000000
(1,4),(31,20):0.000000
(1,4),(31,21):0.000000
(1,4),(28,21):0.000000
(1,4),(28,24):0.000000
(1,4),(22,24):0.000000
(1,4),(22,25):0.000000
(1,4),(24,25):0.000000
(1,4),(24,26):0.000000
(1,4),(27,26):0.000000
(1,4),(27,27):0.000000
(1,4),(34,27):0.000000
(1,4),(34,29):0.000000
(1,3),(6,3):27.500000
(1,3),(6,1):13.800000
(1,3),(7,1):9.166667
(1,3),(7,2):20.500000
(1,3),(9,2):23.275000
(1,3),(9,6):31.162699
(1,3),(11,6):10.430555
(1,3),(11,5):3.333333
(1,3),(15,5):5.705555
(1,3),(15,10):7.388889
(1,3),(14,10):3.205555
(1,3),(14,14):1.062518
(1,3),(18,14):0.000000
(1,3),(18,28):0.000000
(1,3),(20,28):0.000000
(1,3),(20,13):0.000000
(1,3),(21,13):0.000000
(1,3),(21,22):0.000000
(1,3),(23,22):0.000000
(1,3),(23,18):0.000000
(1,3),(25,18):0.000000
(1,3),(25,19):0.000000
(1,3),(30,19):0.000000
(1,3),(30,20):0.000000
(1,3),(31,20):0.000000
(1,3),(31,21):0.000000
(1,3),(28,21):0.000000
(1,3),(28,24):0.000000
(1,3),(22,24):0.000000
(1,3),(22,25):0.000000
(1,3),(24,25):0.000000
(1,3),(24,26):0.000000
(1,3),(27,26):0.000000
(1,3),(27,27):0.000000
(1,3),(34,27):0.000000
(1,3),(34,29):0.000000
(6,3),(6,1):16.299999
(6,3),(7,1):15.071428
(6,3),(7,2):34.000000
(6,3),(9,2):36.633335
(6,3),(9,6):39.407143
(6,3),(11,6):12.571428
(6,3),(11,5):0.000000
(6,3),(15,5):2.570455
(6,3),(15,10):3.083333
(6,3),(14,10):0.000000
(6,3),(14,14):0.000000
(6,3),(18,14):0.000000
(6,3),(18,28):0.000000
(6,3),(20,28):0.000000
(6,3),(20,13):0.000000
(6,3),(21,13):0.000000
(6,3),(21,22):0.000000
(6,3),(23,22):0.000000
(6,3),(23,18):0.000000
(6,3),(25,18):0.000000
(6,3),(25,19):0.000000
(6,3),(30,19):0.000000
(6,3),(30,20):0.000000
(6,3),(31,20):0.000000
(6,3),(31,21):0.000000
(6,3),(28,21):0.000000
(6,3),(28,24):0.000000
(6,3),(22,24):0.000000
(6,3),(22,25):0.000000
(6,3),(24,25):0.000000
(6,3),(24,26):0.000000
(6,3),(27,26):0.000000
(6,3),(27,27):0.000000
(6,3),(34,27):0.000000
(6,3),(34,29):0.000000
(6,1),(7,1):7.000000
(6,1),(7,2):16.250000
(6,1),(9,2):14.900000
(6,1),(9,6):15.550000
(6,1),(11,6):3.966667
(6,1),(11,5):0.000000
(6,1),(15,5):1.181211
(6,1),(15,10):1.575000
(6,1),(14,10):0.000000
(6,1),(14,14):0.000000
(6,1),(18,14):0.000000
(6,1),(18,28):0.000000
(6,1),(20,28):0.000000
(6,1),(20,13):0.000000
(6,1),(21,13):0.000000
(6,1),(21,22):0.000000
(6,1),(23,22):0.000000
(6,1),(23,18):0.000000
(6,1),(25,18):0.000000
(6,1),(25,19):0.000000
(6,1),(30,19):0.000000
(6,1),(30,20):0.000000
(6,1),(31,20):0.000000
(6,1),(31,21):0.000000
(6,1),(28,21):0.000000
(6,1),(28,24):0.000000
(6,1),(22,24):0.000000
(6,1),(22,25):0.000000
(6,1),(24,25):0.000000
(6,1),(24,26):0.000000
(6,1),(27,26):0.000000
(6,1),(27,27):0.000000
(6,1),(34,27):0.000000
(6,1),(34,29):0.000000
(7,1),(7,2):14.750000
(7,1),(9,2):12.625000
(7,1),(9,6):13.062500
(7,1),(11,6):5.375000
(7,1),(11,5):0.000000
(7,1),(15,5):1.110902
(7,1),(15,10):0.871474
(7,1),(14,10):0.000000
(7,1),(14,14):0.000000
(7,1),(18,14):0.000000
(7,1),(18,28):0.000000
(7,1),(20,28):0.000000
(7,1),(20,13):0.000000
(7,1),(21,13):0.000000
(7,1),(21,22):0.000000
(7,1),(23,22):0.000000
(7,1),(23,18):0.000000
(7,1),(25,18):0.000000
(7,1),(25,19):0.000000
(7,1),(30,19):0.000000
(7,1),(30,20):0.000000
(7,1),(31,20):0.000000
(7,1),(31,21):0.000000
(7,1),(28,21):0.000000
(7,1),(28,24):0.000000
(7,1),(22,24):0.000000
(7,1),(22,25):0.000000
(7,1),(24,25):0.000000
(7,1),(24,26):0.000000
(7,1),(27,26):0.000000
(7,1),(27,27):0.000000
(7,1),(34,27):0.000000
(7,1),(34,29):0.000000
(7,2),(9,2):31.299999
(7,2),(9,6):30.299999
(7,2),(11,6):11.821428
(7,2),(11,5):0.000000
(7,2),(15,5):2.364899
(7,2),(15,10):2.057143
(7,2),(14,10):0.000000
(7,2),(14,14):0.000000
(7,2),(18,14):0.000000
(7,2),(18,28):0.000000
(7,2),(20,28):0.000000
(7,2),(20,13):0.000000
(7,2),(21,13):0.000000
(7,2),(21,22):0.000000
(7,2),(23,22):0.000000
(7,2),(23,18):0.000000
(7,2),(25,18):0.000000
(7,2),(25,19):0.000000
(7,2),(30,19):0.000000
(7,2),(30,20):0.000000
(7,2),(31,20):0.000000
(7,2),(31,21):0.000000
(7,2),(28,21):0.000000
(7,2),(28,24):0.000000
(7,2),(22,24):0.000000
(7,2),(22,25):0.000000
(7,2),(24,25):0.000000
(7,2),(24,26):0.000000
(7,2),(27,26):0.000000
(7,2),(27,27):0.000000
(7,2),(34,27):0.000000
(7,2),(34,29):0.000000
(9,2),(9,6):34.633335
(9,2),(11,6):12.071428
(9,2),(11,5):0.000000
(9,2),(15,5):2.170455
(9,2),(15,10):2.371428
(9,2),(14,10):0.000000
(9,2),(14,14):0.000000
(9,2),(18,14):0.000000
(9,2),(18,28):0.000000
(9,2),(20,28):0.000000
(9,2),(20,13):0.000000
(9,2),(21,13):0.000000
(9,2),(21,22):0.000000
(9,2),(23,22):0.000000
(9,2),(23,18):0.000000
(9,2),(25,18):0.000000
(9,2),(25,19):0.000000
(9,2),(30,19):0.000000
(9,2),(30,20):0.000000
(9,2),(31,20):0.000000
(9,2),(31,21):0.000000
(9,2),(28,21):0.000000
(9,2),(28,24):0.000000
(9,2),(22,24):0.000000
(9,2),(22,25):0.000000
(9,2),(24,25):0.000000
(9,2),(24,26):0.000000
(9,2),(27,26):0.000000
(9,2),(27,27):0.000000
(9,2),(34,27):0.000000
(9,2),(34,29):0.000000
(9,6),(11,6):27.404762
(9,6),(11,5):12.833333
(9,6),(15,5):17.003788
(9,6),(15,10):17.416666
(9,6),(14,10):11.833333
(9,6),(14,14):4.275000
(9,6),(18,14):0.000000
(9,6),(18,28):0.000000
(9,6),(20,28):0.000000
(9,6),(20,13):0.000000
(9,6),(21,13):0.000000
(9,6),(21,22):0.000000
(9,6),(23,22):0.000000
(9,6),(23,18):0.000000
(9,6),(25,18):0.000000
(9,6),(25,19):0.000000
(9,6),(30,19):0.000000
(9,6),(30,20):0.000000
(9,6),(31,20):0.000000
(9,6),(31,21):0.000000
(9,6),(28,21):0.000000
(9,6),(28,24):0.000000
(9,6),(22,24):0.000000
(9,6),(22,25):0.000000
(9,6),(24,25):0.000000
(9,6),(24,26):0.000000
(9,6),(27,26):0.000000
(9,6),(27,27):0.000000
(9,6),(34,27):0.000000
(9,6),(34,29):0.000000
(11,6),(11,5):20.750000
(11,6),(15,5):26.067890
(11,6),(15,10):19.250000
(11,6),(14,10):16.250000
(11,6),(14,14):6.350000
(11,6),(18,14):0.000000
(11,6),(18,28):0.000000
(11,6),(20,28):0.000000
(11,6),(20,13):0.000000
(11,6),(21,13):0.000000
(11,6),(21,22):0.000000
(11,6),(23,22):0.000000
(11,6),(23,18):0.000000
(11,6),(25,18):0.000000
(11,6),(25,19):0.000000
(11,6),(30,19):0.000000
(11,6),(30,20):0.000000
(11,6),(31,20):0.000000
(11,6),(31,21):0.000000
(11,6),(28,21):0.000000
(11,6),(28,24):0.000000
(11,6),(22,24):0.000000
(11,6),(22,25):0.000000
(11,6),(24,25):0.000000
(11,6),(24,26):0.000000
(11,6),(27,26):0.000000
(11,6),(27,27):0.000000
(11,6),(34,27):0.000000
(11,6),(34,29):0.000000
(11,5),(15,5):18.595238
(11,5),(15,10):16.750000
(11,5),(14,10):16.000000
(11,5),(14,14):6.600000
(11,5),(18,14):0.000000
(11,5),(18,28):0.000000
(11,5),(20,28):0.000000
(11,5),(20,13):0.000000
(11,5),(21,13):0.000000
(11,5),(21,22):0.000000
(11,5),(23,22):0.000000
(11,5),(23,18):0.000000
(11,5),(25,18):0.000000
(11,5),(25,19):0.000000
(11,5),(30,19):0.000000
(11,5),(30,20):0.000000
(11,5),(31,20):0.000000
(11,5),(31,21):0.000000
(11,5),(28,21):0.000000
(11,5),(28,24):0.000000
(11,5),(22,24):0.000000
(11,5),(22,25):0.000000
(11,5),(24,25):0.000000
(11,5),(24,26):0.000000
(11,5),(27,26):0.000000
(11,5),(27,27):0.000000
(11,5),(34,27):0.000000
(11,5),(34,29):0.000000
(15,5),(15,10):18.955883
(15,5),(14,10):18.900000
(15,5),(14,14):9.100000
(15,5),(18,14):0.100000
(15,5),(18,28):0.000000
(15,5),(20,28):0.000000
(15,5),(20,13):0.000000
(15,5),(21,13):0.000000
(15,5),(21,22):0.000000
(15,5),(23,22):0.000000
(15,5),(23,18):0.000000
(15,5),(25,18):0.000000
(15,5),(25,19):0.000000
(15,5),(30,19):0.000000
(15,5),(30,20):0.000000
(15,5),(31,20):0.000000
(15,5),(31,21):0.000000
(15,5),(28,21):0.000000
(15,5),(28,24):0.000000
(15,5),(22,24):0.000000
(15,5),(22,25):0.000000
(15,5),(24,25):0.000000
(15,5),(24,26):0.000000
(15,5),(27,26):0.000000
(15,5),(27,27):0.000000
(15,5),(34,27):0.000000
(15,5),(34,29):0.000000
(15,10),(14,10):16.500000
(15,10),(14,14):6.600000
(15,10),(18,14):0.000000
(15,10),(18,28):0.000000
(15,10),(20,28):0.000000
(15,10),(20,13):0.000000
(15,10),(21,13):0.000000
(15,10),(21,22):0.000000
(15,10),(23,22):0.000000
(15,10),(23,18):0.000000
(15,10),(25,18):0.000000
(15,10),(25,19):0.000000
(15,10),(30,19):0.000000
(15,10),(30,20):0.000000
(15,10),(31,20):0.000000
(15,10),(31,21):0.000000
(15,10),(28,21):0.000000
(15,10),(28,24):0.000000
(15,10),(22,24):0.000000
(15,10),(22,25):0.000000
(15,10),(24,25):0.000000
(15,10),(24,26):0.000000
(15,10),(27,26):0.000000
(15,10),(27,27):0.000000
(15,10),(34,27):0.000000
(15,10),(34,29):0.000000
(14,10),(14,14):11.600000
(14,10),(18,14):1.000000
(14,10),(18,28):0.000000
(14,10),(20,28):0.000000
(14,10),(20,13):0.000000
(14,10),(21,13):0.000000
(14,10),(21,22):0.000000
(14,10),(23,22):0.000000
(14,10),(23,18):0.000000
(14,10),(25,18):0.000000
(14,10),(25,19):0.000000
(14,10),(30,19):0.000000
(14,10),(30,20):0.000000
(14,10),(31,20):0.000000
(14,10),(31,21):0.000000
(14,10),(28,21):0.000000
(14,10),(28,24):0.000000
(14,10),(22,24):0.000000
(14,10),(22,25):0.000000
(14,10),(24,25):0.000000
(14,10),(24,26):0.000000
(14,10),(27,26):0.000000
(14,10),(27,27):0.000000
(14,10),(34,27):0.000000
(14,10),(34,29):0.000000
(14,14),(18,14):5.166667
(14,14),(18,28):1.205128
(14,14),(20,28):0.000000
(14,14),(20,13):0.000000
(14,14),(21,13):0.000000
(14,14),(21,22):0.000000
(14,14),(23,22):0.000000
(14,14),(23,18):0.000000
(14,14),(25,18):0.000000
(14,14),(25,19):0.000000
(14,14),(30,19):0.000000
(14,14),(30,20):0.000000
(14,14),(31,20):0.000000
(14,14),(31,21):0.000000
(14,14),(28,21):0.000000
(14,14),(28,24):0.000000
(14,14),(22,24):0.000000
(14,14),(22,25):0.000000
(14,14),(24,25):0.000000
(14,14),(24,26):0.000000
(14,14),(27,26):0.000000
(14,14),(27,27):0.000000
(14,14),(34,27):0.000000
(14,14),(34,29):0.000000
(18,14),(18,28):26.538462
(18,14),(20,28):5.111111
(18,14),(20,13):0.000000
(18,14),(21,13):0.000000
(18,14),(21,22):0.000000
(18,14),(23,22):0.000000
(18,14),(23,18):0.000000
(18,14),(25,18):0.000000
(18,14),(25,19):0.000000
(18,14),(30,19):0.000000
(18,14),(30,20):0.000000
(18,14),(31,20):0.000000
(18,14),(31,21):0.000000
(18,14),(28,21):0.000000
(18,14),(28,24):0.000000
(18,14),(22,24):0.000000
(18,14),(22,25):0.000000
(18,14),(24,25):0.661345
(18,14),(24,26):1.250420
(18,14),(27,26):1.521135
(18,14),(27,27):1.768548
(18,14),(34,27):1.713393
(18,14),(34,29):1.686207
(18,28),(20,28):22.500000
(18,28),(20,13):1.722222
(18,28),(21,13):1.033333
(18,28),(21,22):3.250000
(18,28),(23,22):0.000000
(18,28),(23,18):0.000000
(18,28),(25,18):0.000000
(18,28),(25,19):0.000000
(18,28),(30,19):0.000000
(18,28),(30,20):0.000000
(18,28),(31,20):0.000000
(18,28),(31,21):0.000000
(18,28),(28,21):0.000000
(18,28),(28,24):0.000000
(18,28),(22,24):2.250000
(18,28),(22,25):9.333333
(18,28),(24,25):5.600000
(18,28),(24,26):14.200000
(18,28),(27,26):10.401786
(18,28),(27,27):17.982143
(18,28),(34,27):18.028572
(18,28),(34,29):18.125000
(20,28),(20,13):18.722221
(20,28),(21,13):16.033333
(20,28),(21,22):26.750000
(20,28),(23,22):9.000000
(20,28),(23,18):0.000000
(20,28),(25,18):0.000000
(20,28),(25,19):1.583333
(20,28),(30,19):4.321429
(20,28),(30,20):4.714286
(20,28),(31,20):2.241667
(20,28),(31,21):0.000000
(20,28),(28,21):5.100000
(20,28),(28,24):5.142857
(20,28),(22,24):16.250000
(20,28),(22,25):32.833332
(20,28),(24,25):17.600000
(20,28),(24,26):34.700001
(20,28),(27,26):24.401785
(20,28),(27,27):41.648811
(20,28),(34,27):32.028572
(20,28),(34,29):39.000000
(20,13),(21,13):16.000000
(20,13),(21,22):18.722221
(20,13),(23,22):5.727273
(20,13),(23,18):0.000000
(20,13),(25,18):0.000000
(20,13),(25,19):0.951637
(20,13),(30,19):2.185065
(20,13),(30,20):2.347079
(20,13),(31,20):0.956725
(20,13),(31,21):0.000000
(20,13),(28,21):2.570252
(20,13),(28,24):2.365079
(20,13),(22,24):10.722222
(20,13),(22,25):11.222222
(20,13),(24,25):6.222222
(20,13),(24,26):7.104575
(20,13),(27,26):4.833333
(20,13),(27,27):6.369658
(20,13),(34,27):3.333333
(20,13),(34,29):5.959927
(21,13),(21,22):16.033333
(21,13),(23,22):5.000000
(21,13),(23,18):0.000000
(21,13),(25,18):0.000000
(21,13),(25,19):0.750000
(21,13),(30,19):1.866071
(21,13),(30,20):2.035714
(21,13),(31,20):0.875000
(21,13),(31,21):0.000000
(21,13),(28,21):2.250000
(21,13),(28,24):2.142857
(21,13),(22,24):8.033334
(21,13),(22,25):8.533334
(21,13),(24,25):4.033333
(21,13),(24,26):4.783333
(21,13),(27,26):3.033333
(21,13),(27,27):4.200000
(21,13),(34,27):2.033333
(21,13),(34,29):3.890476
(21,22),(23,22):20.000000
(21,22),(23,18):10.000000
(21,22),(25,18):5.000000
(21,22),(25,19):12.583333
(21,22),(30,19):11.321428
(21,22),(30,20):7.714286
(21,22),(31,20):3.041667
(21,22),(31,21):0.000000
(21,22),(28,21):16.100000
(21,22),(28,24):16.142857
(21,22),(22,24):27.083334
(21,22),(22,25):18.250000
(21,22),(24,25):10.750000
(21,22),(24,26):11.750000
(21,22),(27,26):8.583333
(21,22),(27,27):10.729167
(21,22),(34,27):6.083333
(21,22),(34,29):10.118421
(23,22),(23,18):24.928572
(23,22),(25,18):13.000000
(23,22),(25,19):33.583332
(23,22),(30,19):29.421429
(23,22),(30,20):26.214285
(23,22),(31,20):13.641666
(23,22),(31,21):14.266666
(23,22),(28,21):36.450001
(23,22),(28,24):32.700001
(23,22),(22,24):36.000000
(23,22),(22,25):8.000000
(23,22),(24,25):2.250000
(23,22),(24,26):3.200000
(23,22),(27,26):1.000000
(23,22),(27,27):2.380952
(23,22),(34,27):0.250000
(23,22),(34,29):1.968750
(23,18),(25,18):12.000000
(23,18),(25,19):25.000000
(23,18),(30,19):18.500000
(23,18),(30,20):14.650000
(23,18),(31,20):9.166667
(23,18),(31,21):8.666667
(23,18),(28,21):24.250000
(23,18),(28,24):24.450001
(23,18),(22,24):20.875000
(23,18),(22,25):0.000000
(23,18),(24,25):0.000000
(23,18),(24,26):0.000000
(23,18),(27,26):0.000000
(23,18),(27,27):0.000000
(23,18),(34,27):0.000000
(23,18),(34,29):0.000000
(25,18),(25,19):13.000000
(25,18),(30,19):11.000000
(25,18),(30,20):9.150000
(25,18),(31,20):4.800000
(25,18),(31,21):4.666667
(25,18),(28,21):12.250000
(25,18),(28,24):12.700000
(25,18),(22,24):9.000000
(25,18),(22,25):0.000000
(25,18),(24,25):0.000000
(25,18),(24,26):0.000000
(25,18),(27,26):0.000000
(25,18),(27,27):0.000000
(25,18),(34,27):0.000000
(25,18),(34,29):0.000000
(25,19),(30,19):25.892857
(25,19),(30,20):22.674999
(25,19),(31,20):12.257143
(25,19),(31,21):15.066667
(25,19),(28,21):32.525002
(25,19),(28,24):28.033333
(25,19),(22,24):28.583334
(25,19),(22,25):1.333333
(25,19),(24,25):0.883333
(25,19),(24,26):1.001603
(25,19),(27,26):0.450000
(25,19),(27,27):0.861111
(25,19),(34,27):0.033333
(25,19),(34,29):0.764309
(30,19),(30,20):25.071428
(30,19),(31,20):12.738095
(30,19),(31,21):13.500000
(30,19),(28,21):29.571428
(30,19),(28,24):24.571428
(30,19),(22,24):26.571428
(30,19),(22,25):3.535714
(30,19),(24,25):0.050000
(30,19),(24,26):0.694444
(30,19),(27,26):0.000000
(30,19),(27,27):0.177536
(30,19),(34,27):0.000000
(30,19),(34,29):0.034314
(30,20),(31,20):14.380953
(30,20),(31,21):14.900000
(30,20),(28,21):27.114286
(30,20),(28,24):21.114286
(30,20),(22,24):22.487013
(30,20),(22,25):3.857143
(30,20),(24,25):0.000000
(30,20),(24,26):0.500000
(30,20),(27,26):0.000000
(30,20),(27,27):0.066667
(30,20),(34,27):0.000000
(30,20),(34,29):0.000000
(31,20),(31,21):8.000000
(31,20),(28,21):14.541667
(31,20),(28,24):11.541667
(31,20),(22,24):11.541667
(31,20),(22,25):1.666667
(31,20),(24,25):0.000000
(31,20),(24,26):0.000000
(31,20),(27,26):0.000000
(31,20),(27,27):0.000000
(31,20),(34,27):0.000000
(31,20),(34,29):0.000000
(31,21),(28,21):15.166667
(31,21),(28,24):10.666667
(31,21),(22,24):10.535714
(31,21),(22,25):0.000000
(31,21),(24,25):0.000000
(31,21),(24,26):0.000000
(31,21),(27,26):0.000000
(31,21),(27,27):0.000000
(31,21),(34,27):0.000000
(31,21),(34,29):0.000000
(28,21),(28,24):31.350000
(28,21),(22,24):31.912500
(28,21),(22,25):4.200000
(28,21),(24,25):0.000000
(28,21),(24,26):0.500000
(28,21),(27,26):0.000000
(28,21),(27,27):0.066667
(28,21),(34,27):0.000000
(28,21),(34,29):0.000000
(28,24),(22,24):29.006493
(28,24),(22,25):4.142857
(28,24),(24,25):0.000000
(28,24),(24,26):0.000000
(28,24),(27,26):0.000000
(28,24),(27,27):0.000000
(28,24),(34,27):0.000000
(28,24),(34,29):0.000000
(22,24),(22,25):15.250000
(22,24),(24,25):8.250000
(22,24),(24,26):9.250000
(22,24),(27,26):6.250000
(22,24),(27,27):8.250000
(22,24),(34,27):4.250000
(22,24),(34,29):7.678571
(22,25),(24,25):16.333334
(22,25),(24,26):26.333334
(22,25),(27,26):19.083334
(22,25),(27,27):24.000000
(22,25),(34,27):16.333334
(22,25),(34,29):23.000000
(24,25),(24,26):16.833334
(24,25),(27,26):12.708333
(24,25),(27,27):15.187500
(24,25),(34,27):8.675675
(24,25),(34,29):14.380953
(24,26),(27,26):22.687500
(24,26),(27,27):30.916666
(24,26),(34,27):21.090910
(24,26),(34,29):28.000000
(27,26),(27,27):23.839285
(27,26),(34,27):16.314285
(27,26),(34,29):21.000000
(27,27),(34,27):31.457144
(27,27),(34,29):37.857143
(34,27),(34,29):31.428572
