66
(32,33):(32,32)	(32,33)	(33,31)	(33,33)	
(32,32):(23,29)	(24,29)	(25,29)	(26,29)	(26,30)	(26,32)	(27,29)	(27,30)	(27,31)	(28,28)	(28,29)	(28,30)	(28,31)	(29,29)	(29,30)	(29,31)	(30,30)	(30,31)	(31,31)	(32,32)	(32,33)	(33,31)	(33,33)	
(26,32):(26,29)	(26,30)	(26,32)	(27,29)	(27,30)	(27,31)	(28,28)	(28,29)	(28,30)	(28,31)	(29,26)	(29,27)	(29,28)	(29,29)	(29,30)	(29,31)	(30,24)	(30,25)	(30,26)	(30,27)	(30,28)	(30,29)	(30,30)	(30,31)	(31,31)	(32,32)	(33,31)	
(26,30):(6,28)	(7,28)	(8,28)	(8,29)	(8,30)	(9,28)	(9,29)	(10,29)	(11,29)	(12,29)	(13,29)	(14,29)	(15,29)	(16,29)	(17,29)	(18,29)	(19,29)	(20,29)	(21,29)	(22,29)	(23,29)	(24,29)	(25,29)	(26,29)	(26,30)	(26,32)	(27,29)	(27,30)	(27,31)	(28,28)	(28,29)	(28,30)	(28,31)	(29,27)	(29,28)	(29,29)	(29,30)	(29,31)	(30,26)	(30,27)	(30,28)	(30,29)	(30,30)	(30,31)	(31,31)	(32,32)	
(8,30):(8,28)	(8,29)	(8,30)	(9,27)	(9,28)	(9,29)	(10,29)	(11,29)	(12,29)	(13,29)	(14,29)	(15,29)	(16,29)	(17,29)	(18,29)	(19,29)	(20,29)	(21,29)	(22,29)	(23,29)	(24,29)	(25,29)	(26,29)	(26,30)	(27,29)	(27,30)	(28,28)	(28,29)	(28,30)	(29,28)	(29,29)	(29,30)	(30,28)	(30,29)	(30,30)	
(8,29):(5,29)	(6,27)	(6,28)	(7,28)	(8,28)	(8,29)	(8,30)	(9,27)	(9,28)	(9,29)	(10,29)	(11,29)	(12,29)	(13,29)	(14,29)	(15,29)	(16,29)	(17,29)	(18,29)	(19,29)	(20,29)	(21,29)	(22,29)	(23,29)	(24,29)	(25,29)	(26,29)	(26,30)	(27,29)	(27,30)	(28,28)	(28,29)	(28,30)	(29,28)	(29,29)	(29,30)	(30,28)	(30,29)	(30,30)	
(5,29):(5,15)	(5,16)	(5,17)	(5,18)	(5,19)	(5,20)	(5,21)	(5,22)	(5,23)	(5,24)	(5,29)	(6,15)	(6,16)	(6,17)	(6,18)	(6,19)	(6,20)	(6,21)	(6,27)	(6,28)	(7,28)	(8,28)	(8,29)	(9,27)	(9,28)	(9,29)	(10,29)	(11,29)	(12,29)	(13,29)	(14,29)	(15,29)	(16,29)	(17,29)	(18,29)	(19,29)	(20,29)	(21,29)	(22,29)	(23,29)	(24,29)	(25,29)	(26,29)	(27,29)	(28,28)	(28,29)	(29,28)	(29,29)	(30,28)	(30,29)	
(5,24):(1,24)	(2,23)	(3,23)	(4,14)	(4,23)	(5,15)	(5,16)	(5,17)	(5,18)	(5,19)	(5,20)	(5,21)	(5,22)	(5,23)	(5,24)	(5,29)	(6,15)	(6,16)	(6,17)	(6,18)	(6,19)	(6,20)	(6,21)	(6,27)	(6,28)	(7,14)	
(1,24):(1,9)	(1,24)	(2,9)	(2,20)	(2,21)	(2,22)	(2,23)	(3,20)	(3,23)	(4,23)	(5,23)	(5,24)	
(1,9):(1,9)	(1,24)	(2,9)	(2,20)	(2,21)	(2,22)	(2,23)	
(2,9):(1,9)	(1,24)	(2,9)	(2,20)	(2,21)	(2,22)	(2,23)	
(2,20):(1,9)	(1,24)	(2,9)	(2,20)	(2,21)	(2,22)	(2,23)	(3,20)	(3,23)	
(3,20):(1,24)	(2,20)	(2,21)	(2,22)	(2,23)	(3,20)	(3,23)	
(3,23):(1,24)	(2,20)	(2,21)	(2,22)	(2,23)	(3,20)	(3,23)	(4,23)	(5,23)	(5,24)	
(4,23):(1,24)	(2,23)	(3,23)	(4,14)	(4,23)	(5,15)	(5,16)	(5,17)	(5,18)	(5,19)	(5,20)	(5,21)	(5,22)	(5,23)	(5,24)	(6,15)	(6,16)	(6,17)	(6,18)	(6,19)	(6,20)	(6,21)	(7,14)	(7,19)	(7,20)	
(4,14):(4,14)	(4,23)	(5,15)	(5,16)	(5,17)	(5,18)	(5,19)	(5,20)	(5,21)	(5,22)	(5,23)	(5,24)	(6,15)	(6,16)	(6,17)	(6,18)	(6,19)	(6,20)	(6,21)	(6,27)	(6,28)	(7,14)	(7,19)	(7,20)	
(7,14):(4,14)	(4,23)	(5,15)	(5,16)	(5,17)	(5,18)	(5,19)	(5,20)	(5,21)	(5,22)	(5,23)	(5,24)	(6,15)	(6,16)	(6,17)	(6,18)	(6,19)	(6,20)	(6,21)	(7,14)	(7,19)	(7,20)	
(7,19):(4,14)	(4,23)	(5,15)	(5,16)	(5,17)	(5,18)	(5,19)	(5,20)	(5,21)	(5,22)	(5,23)	(6,15)	(6,16)	(6,17)	(6,18)	(6,19)	(6,20)	(6,21)	(7,14)	(7,19)	(7,20)	(8,20)	(9,20)	(10,20)	(11,20)	(12,20)	(13,20)	(14,19)	(14,20)	(15,19)	(15,20)	(16,19)	(16,20)	(16,21)	
(14,19):(5,19)	(5,20)	(5,21)	(6,19)	(6,20)	(6,21)	(7,19)	(7,20)	(8,20)	(9,20)	(10,20)	(11,20)	(12,20)	(13,20)	(14,2)	(14,3)	(14,4)	(14,5)	(14,6)	(14,7)	(14,8)	(14,19)	(14,20)	(15,1)	(15,12)	(15,13)	(15,14)	(15,15)	(15,16)	(15,17)	(15,18)	(15,19)	(15,20)	(16,13)	(16,14)	(16,15)	(16,16)	(16,17)	(16,18)	(16,19)	(16,20)	(16,21)	(17,13)	(17,14)	(17,15)	(17,16)	(18,12)	(18,13)	(18,14)	(18,15)	(19,11)	
(14,8):(10,5)	(10,8)	(11,2)	(11,5)	(11,6)	(11,7)	(12,1)	(12,2)	(12,3)	(12,4)	(12,5)	(12,6)	(12,7)	(13,2)	(13,3)	(13,4)	(13,5)	(13,6)	(13,7)	(14,2)	(14,3)	(14,4)	(14,5)	(14,6)	(14,7)	(14,8)	(14,19)	(14,20)	(15,1)	(15,12)	(15,13)	(15,14)	(15,15)	(15,16)	(15,17)	(15,18)	(15,19)	(15,20)	(16,16)	(16,17)	(16,18)	(16,19)	(16,20)	(16,21)	(17,26)	
(10,8):(10,5)	(10,8)	(11,5)	(11,6)	(11,7)	(12,2)	(12,3)	(12,4)	(12,5)	(12,6)	(12,7)	(13,2)	(13,3)	(13,4)	(13,5)	(13,6)	(13,7)	(14,2)	(14,3)	(14,4)	(14,5)	(14,6)	(14,7)	(14,8)	(15,1)	
(10,5):(10,5)	(10,8)	(11,5)	(11,6)	(11,7)	(12,5)	(12,6)	(12,7)	(13,5)	(13,6)	(13,7)	(14,5)	(14,6)	(14,7)	(14,8)	
(11,5):(10,5)	(10,8)	(11,2)	(11,5)	(11,6)	(11,7)	(12,2)	(12,3)	(12,4)	(12,5)	(12,6)	(12,7)	(13,2)	(13,3)	(13,4)	(13,5)	(13,6)	(13,7)	(14,2)	(14,3)	(14,4)	(14,5)	(14,6)	(14,7)	(14,8)	(15,1)	
(11,2):(11,2)	(11,5)	(11,6)	(11,7)	(12,2)	(12,3)	(12,4)	(12,5)	(12,6)	(12,7)	(13,2)	(13,3)	(13,4)	(13,5)	(13,6)	(13,7)	(14,2)	(14,3)	(14,4)	(14,5)	(14,6)	(14,7)	(14,8)	
(12,2):(10,8)	(11,2)	(11,5)	(11,6)	(11,7)	(12,1)	(12,2)	(12,3)	(12,4)	(12,5)	(12,6)	(12,7)	(13,2)	(13,3)	(13,4)	(13,5)	(13,6)	(13,7)	(14,2)	(14,3)	(14,4)	(14,5)	(14,6)	(14,7)	(14,8)	(15,1)	
(12,1):(12,1)	(12,2)	(12,3)	(12,4)	(12,5)	(12,6)	(12,7)	(13,2)	(13,3)	(13,4)	(13,5)	(13,6)	(13,7)	(14,2)	(14,3)	(14,4)	(14,5)	(14,6)	(14,7)	(14,8)	(15,1)	
(15,1):(10,8)	(11,5)	(11,6)	(11,7)	(12,1)	(12,2)	(12,3)	(12,4)	(12,5)	(12,6)	(12,7)	(13,2)	(13,3)	(13,4)	(13,5)	(13,6)	(13,7)	(14,2)	(14,3)	(14,4)	(14,5)	(14,6)	(14,7)	(14,8)	(14,19)	(14,20)	(15,1)	(15,12)	(15,13)	(15,14)	(15,15)	(15,16)	(15,17)	(15,18)	(15,19)	(15,20)	
(15,12):(13,2)	(13,3)	(13,4)	(14,2)	(14,3)	(14,4)	(14,5)	(14,6)	(14,7)	(14,8)	(14,19)	(14,20)	(15,1)	(15,12)	(15,13)	(15,14)	(15,15)	(15,16)	(15,17)	(15,18)	(15,19)	(15,20)	(16,13)	(16,14)	(16,15)	(16,16)	(16,17)	(16,18)	(16,19)	(16,20)	(16,21)	(17,13)	(17,14)	(17,15)	(17,16)	(17,26)	(18,12)	(18,13)	(18,14)	(18,15)	(19,15)	(20,16)	
(18,12):(14,19)	(14,20)	(15,12)	(15,13)	(15,14)	(15,15)	(15,16)	(15,17)	(15,18)	(15,19)	(15,20)	(16,13)	(16,14)	(16,15)	(16,16)	(16,17)	(16,18)	(16,19)	(16,20)	(17,13)	(17,14)	(17,15)	(17,16)	(18,11)	(18,12)	(18,13)	(18,14)	(18,15)	(19,11)	(19,15)	
(18,11):(18,11)	(18,12)	(18,13)	(18,14)	(18,15)	(19,11)	(19,15)	
(19,11):(14,19)	(14,20)	(15,15)	(15,16)	(15,17)	(15,18)	(15,19)	(15,20)	(16,14)	(16,15)	(16,16)	(16,17)	(16,18)	(17,13)	(17,14)	(17,15)	(17,16)	(18,11)	(18,12)	(18,13)	(18,14)	(18,15)	(19,11)	(19,15)	
(19,15):(15,12)	(15,13)	(15,14)	(15,15)	(15,16)	(15,17)	(16,13)	(16,14)	(16,15)	(16,16)	(17,13)	(17,14)	(17,15)	(17,16)	(18,11)	(18,12)	(18,13)	(18,14)	(18,15)	(19,11)	(19,15)	(20,16)	(21,15)	(21,16)	(21,17)	(22,15)	(22,16)	(22,17)	(23,15)	(23,16)	(23,17)	(24,18)	
(21,15):(15,15)	(15,16)	(16,15)	(16,16)	(17,15)	(17,16)	(18,15)	(19,15)	(20,16)	(20,18)	(21,3)	(21,15)	(21,16)	(21,17)	(22,4)	(22,5)	(22,6)	(22,7)	(22,10)	(22,11)	(22,12)	(22,13)	(22,14)	(22,15)	(22,16)	(22,17)	(23,11)	(23,12)	(23,13)	(23,14)	(23,15)	(23,16)	(23,17)	(24,10)	(24,18)	
(21,3):(21,3)	(21,15)	(21,16)	(21,17)	(22,4)	(22,5)	(22,6)	(22,7)	(22,10)	(22,11)	(22,12)	(22,13)	(22,14)	(22,15)	(22,16)	(22,17)	(23,3)	(23,7)	(23,17)	
(23,3):(21,3)	(22,4)	(22,5)	(22,6)	(22,7)	(23,3)	(23,7)	
(23,7):(21,3)	(22,4)	(22,5)	(22,6)	(22,7)	(23,3)	(23,7)	
(22,7):(21,3)	(21,15)	(21,16)	(21,17)	(22,4)	(22,5)	(22,6)	(22,7)	(22,10)	(22,11)	(22,12)	(22,13)	(22,14)	(22,15)	(22,16)	(22,17)	(23,3)	(23,7)	
(22,10):(21,3)	(21,15)	(21,16)	(21,17)	(22,4)	(22,5)	(22,6)	(22,7)	(22,10)	(22,11)	(22,12)	(22,13)	(22,14)	(22,15)	(22,16)	(22,17)	(23,11)	(23,12)	(23,13)	(23,14)	(23,15)	(23,16)	(23,17)	(24,10)	(24,18)	
(24,10):(20,18)	(21,15)	(21,16)	(21,17)	(22,10)	(22,11)	(22,12)	(22,13)	(22,14)	(22,15)	(22,16)	(22,17)	(23,11)	(23,12)	(23,13)	(23,14)	(23,15)	(23,16)	(23,17)	(24,10)	(24,18)	
(24,18):(15,13)	(16,14)	(17,14)	(18,15)	(19,15)	(20,16)	(20,18)	(21,15)	(21,16)	(21,17)	(22,10)	(22,11)	(22,12)	(22,13)	(22,14)	(22,15)	(22,16)	(22,17)	(23,11)	(23,12)	(23,13)	(23,14)	(23,15)	(23,16)	(23,17)	(24,10)	(24,18)	
(20,18):(20,16)	(20,18)	(21,15)	(21,16)	(21,17)	(22,12)	(22,13)	(22,14)	(22,15)	(22,16)	(22,17)	(23,11)	(23,12)	(23,13)	(23,14)	(23,15)	(23,16)	(23,17)	(24,10)	(24,18)	
(20,16):(15,12)	(15,13)	(15,14)	(15,15)	(15,16)	(16,13)	(16,14)	(16,15)	(16,16)	(17,13)	(17,14)	(17,15)	(17,16)	(18,14)	(18,15)	(19,15)	(20,16)	(20,18)	(21,15)	(21,16)	(21,17)	(22,14)	(22,15)	(22,16)	(22,17)	(23,13)	(23,14)	(23,15)	(23,16)	(23,17)	(24,18)	
(17,16):(13,20)	(14,19)	(14,20)	(15,12)	(15,13)	(15,14)	(15,15)	(15,16)	(15,17)	(15,18)	(15,19)	(15,20)	(16,13)	(16,14)	(16,15)	(16,16)	(16,17)	(16,18)	(16,19)	(16,20)	(16,21)	(16,25)	(17,13)	(17,14)	(17,15)	(17,16)	(17,26)	(18,12)	(18,13)	(18,14)	(18,15)	(19,11)	(19,15)	(20,16)	(21,15)	(21,16)	(22,15)	(22,16)	(23,15)	(23,16)	
(17,26):(13,2)	(13,25)	(13,26)	(14,5)	(14,6)	(14,7)	(14,8)	(15,12)	(15,13)	(15,14)	(15,15)	(15,16)	(16,13)	(16,14)	(16,15)	(16,16)	(16,17)	(16,18)	(16,19)	(16,20)	(16,21)	(16,25)	(17,13)	(17,14)	(17,15)	(17,16)	(17,26)	
(13,26):(13,25)	(13,26)	(16,25)	(17,26)	
(13,25):(13,25)	(13,26)	(16,25)	(17,26)	
(16,25):(13,25)	(13,26)	(16,13)	(16,14)	(16,15)	(16,16)	(16,17)	(16,18)	(16,19)	(16,20)	(16,21)	(16,25)	(17,13)	(17,14)	(17,15)	(17,16)	(17,26)	
(16,21):(5,19)	(5,20)	(5,21)	(6,19)	(6,20)	(6,21)	(7,19)	(7,20)	(8,20)	(9,20)	(10,20)	(11,20)	(12,20)	(13,20)	(14,3)	(14,4)	(14,5)	(14,6)	(14,7)	(14,8)	(14,19)	(14,20)	(15,12)	(15,13)	(15,14)	(15,15)	(15,16)	(15,17)	(15,18)	(15,19)	(15,20)	(16,13)	(16,14)	(16,15)	(16,16)	(16,17)	(16,18)	(16,19)	(16,20)	(16,21)	(16,25)	(17,13)	(17,14)	(17,15)	(17,16)	(17,26)	
(6,21):(4,14)	(4,23)	(5,15)	(5,16)	(5,17)	(5,18)	(5,19)	(5,20)	(5,21)	(5,22)	(5,23)	(5,24)	(5,29)	(6,15)	(6,16)	(6,17)	(6,18)	(6,19)	(6,20)	(6,21)	(6,27)	(6,28)	(7,14)	(7,19)	(7,20)	(8,20)	(9,20)	(10,20)	(11,20)	(12,20)	(13,20)	(14,19)	(14,20)	(15,19)	(15,20)	(16,19)	(16,20)	(16,21)	
(6,27):(4,14)	(5,15)	(5,16)	(5,17)	(5,18)	(5,19)	(5,20)	(5,21)	(5,22)	(5,23)	(5,24)	(5,29)	(6,15)	(6,16)	(6,17)	(6,18)	(6,19)	(6,20)	(6,21)	(6,27)	(6,28)	(7,28)	(8,28)	(8,29)	(9,27)	(9,28)	(9,29)	(10,29)	(11,29)	(12,29)	
(9,27):(5,29)	(6,27)	(6,28)	(7,28)	(8,28)	(8,29)	(8,30)	(9,27)	(9,28)	(9,29)	
(9,28):(5,29)	(6,27)	(6,28)	(7,28)	(8,28)	(8,29)	(8,30)	(9,27)	(9,28)	(9,29)	(10,29)	(11,29)	(12,29)	(13,29)	(14,29)	(15,29)	(16,29)	(17,29)	(18,29)	(19,29)	(20,29)	(21,29)	(22,29)	(23,29)	(24,29)	(25,29)	(26,29)	(26,30)	(27,29)	(27,30)	(28,28)	(28,29)	(28,30)	(29,28)	(29,29)	(29,30)	(30,28)	(30,29)	(30,30)	
(28,28):(5,29)	(6,28)	(7,28)	(8,28)	(8,29)	(8,30)	(9,28)	(9,29)	(10,29)	(11,29)	(12,29)	(13,29)	(14,29)	(15,29)	(16,29)	(17,29)	(18,29)	(19,29)	(20,29)	(21,29)	(22,29)	(23,29)	(24,29)	(25,29)	(26,29)	(26,30)	(26,32)	(27,29)	(27,30)	(27,31)	(28,22)	(28,28)	(28,29)	(28,30)	(28,31)	(29,23)	(29,24)	(29,25)	(29,26)	(29,27)	(29,28)	(29,29)	(29,30)	(29,31)	(30,22)	(30,23)	(30,24)	(30,25)	(30,26)	(30,27)	(30,28)	(30,29)	(30,30)	(30,31)	(31,31)	(32,32)	
(28,22):(28,22)	(28,28)	(28,29)	(28,30)	(28,31)	(29,23)	(29,24)	(29,25)	(29,26)	(29,27)	(29,28)	(29,29)	(29,30)	(29,31)	(30,22)	(30,23)	(30,24)	(30,25)	(30,26)	(30,27)	(30,28)	(30,29)	(30,30)	(30,31)	(31,31)	
(30,22):(27,31)	(28,22)	(28,28)	(28,29)	(28,30)	(28,31)	(29,23)	(29,24)	(29,25)	(29,26)	(29,27)	(29,28)	(29,29)	(29,30)	(29,31)	(30,5)	(30,6)	(30,7)	(30,8)	(30,9)	(30,10)	(30,11)	(30,12)	(30,13)	(30,22)	(30,23)	(30,24)	(30,25)	(30,26)	(30,27)	(30,28)	(30,29)	(30,30)	(30,31)	(31,4)	(31,31)	
(30,13):(27,5)	(27,6)	(28,5)	(28,6)	(28,7)	(28,8)	(28,9)	(28,10)	(28,11)	(28,12)	(28,13)	(29,5)	(29,6)	(29,7)	(29,8)	(29,9)	(29,10)	(29,11)	(29,12)	(29,13)	(30,5)	(30,6)	(30,7)	(30,8)	(30,9)	(30,10)	(30,11)	(30,12)	(30,13)	(30,22)	(30,23)	(30,24)	(30,25)	(30,26)	(30,27)	(30,28)	(30,29)	(30,30)	(30,31)	(31,4)	(31,31)	
(29,13):(27,5)	(27,6)	(27,17)	(28,5)	(28,6)	(28,7)	(28,8)	(28,9)	(28,10)	(28,11)	(28,12)	(28,13)	(28,14)	(28,15)	(28,16)	(29,5)	(29,6)	(29,7)	(29,8)	(29,9)	(29,10)	(29,11)	(29,12)	(29,13)	(29,17)	(30,5)	(30,6)	(30,7)	(30,8)	(30,9)	(30,10)	(30,11)	(30,12)	(30,13)	(31,4)	
(29,17):(27,5)	(27,6)	(27,17)	(28,5)	(28,6)	(28,7)	(28,8)	(28,9)	(28,10)	(28,11)	(28,12)	(28,13)	(28,14)	(28,15)	(28,16)	(29,5)	(29,6)	(29,7)	(29,8)	(29,9)	(29,10)	(29,11)	(29,12)	(29,13)	(29,17)	
(27,17):(27,5)	(27,6)	(27,17)	(28,5)	(28,6)	(28,7)	(28,8)	(28,9)	(28,10)	(28,11)	(28,12)	(28,13)	(28,14)	(28,15)	(28,16)	(29,5)	(29,6)	(29,7)	(29,8)	(29,9)	(29,10)	(29,11)	(29,12)	(29,13)	(29,17)	(30,5)	(30,6)	(30,7)	(30,8)	(30,9)	(30,10)	(30,11)	(31,4)	
(27,6):(25,4)	(25,6)	(26,5)	(27,5)	(27,6)	(27,17)	(28,5)	(28,6)	(28,7)	(28,8)	(28,9)	(28,10)	(28,11)	(28,12)	(28,13)	(28,14)	(28,15)	(28,16)	(29,5)	(29,6)	(29,7)	(29,8)	(29,9)	(29,10)	(29,11)	(29,12)	(29,13)	(29,17)	(30,5)	(30,6)	(30,7)	(30,8)	(30,9)	(30,10)	(30,11)	(30,12)	(30,13)	(31,4)	
(25,6):(25,4)	(25,6)	(26,5)	(27,5)	(27,6)	(28,5)	(28,6)	(29,5)	(29,6)	(30,5)	(30,6)	(31,4)	
(25,4):(25,4)	(25,6)	(26,5)	(27,5)	(27,6)	(28,5)	(28,6)	(28,7)	(29,5)	(29,6)	(29,7)	(29,8)	(30,5)	(30,6)	(30,7)	(30,8)	(30,9)	(31,4)	
(31,4):(25,4)	(25,6)	(26,5)	(27,5)	(27,6)	(27,17)	(28,5)	(28,6)	(28,7)	(28,8)	(28,9)	(28,10)	(28,11)	(28,12)	(28,13)	(28,14)	(28,15)	(28,16)	(29,5)	(29,6)	(29,7)	(29,8)	(29,9)	(29,10)	(29,11)	(29,12)	(29,13)	(30,5)	(30,6)	(30,7)	(30,8)	(30,9)	(30,10)	(30,11)	(30,12)	(30,13)	(30,22)	(30,23)	(30,24)	(30,25)	(30,26)	(30,27)	(30,28)	(30,29)	(30,30)	(30,31)	(31,4)	(31,31)	
(31,31):(21,29)	(22,29)	(23,29)	(24,29)	(25,29)	(26,29)	(26,30)	(26,32)	(27,29)	(27,30)	(27,31)	(28,22)	(28,28)	(28,29)	(28,30)	(28,31)	(29,23)	(29,24)	(29,25)	(29,26)	(29,27)	(29,28)	(29,29)	(29,30)	(29,31)	(30,5)	(30,6)	(30,7)	(30,8)	(30,9)	(30,10)	(30,11)	(30,12)	(30,13)	(30,22)	(30,23)	(30,24)	(30,25)	(30,26)	(30,27)	(30,28)	(30,29)	(30,30)	(30,31)	(31,4)	(31,31)	(32,32)	(33,31)	(33,33)	
(33,31):(26,32)	(27,31)	(28,31)	(29,31)	(30,31)	(31,31)	(32,32)	(32,33)	(33,31)	(33,33)	
(33,33):(31,31)	(32,32)	(32,33)	(33,31)	(33,33)	
(32,33):2.000000
(32,32):24.500000
(26,32):31.000000
(26,30):65.957840
(8,30):47.450001
(8,29):54.419445
(5,29):46.258152
(5,24):35.166668
(1,24):22.666666
(1,9):15.727273
(2,9):15.000000
(2,20):19.166666
(3,20):8.000000
(3,23):12.750000
(4,23):30.500000
(4,14):32.257690
(7,14):27.666666
(7,19):45.236111
(14,19):65.714287
(14,8):56.076923
(10,8):28.333334
(10,5):15.375000
(11,5):30.333334
(11,2):25.000000
(12,2):30.000000
(12,1):22.750000
(15,1):42.444443
(15,12):57.521824
(18,12):34.184525
(18,11):5.125000
(19,11):24.250000
(19,15):34.625000
(21,15):42.125000
(21,3):23.571428
(23,3):10.000000
(23,7):8.000000
(22,7):19.562500
(22,10):31.900000
(24,10):26.166666
(24,18):33.500000
(20,18):22.833334
(20,16):33.400002
(17,16):50.055557
(17,26):31.440475
(13,26):4.166667
(13,25):4.000000
(16,25):17.888889
(16,21):62.647007
(6,21):53.625000
(6,27):36.000000
(9,27):9.000000
(9,28):54.637257
(28,28):79.000000
(28,22):30.166666
(30,22):50.722221
(30,13):55.884922
(29,13):44.571430
(29,17):26.363636
(27,17):40.000000
(27,6):49.166668
(25,6):12.000000
(25,4):20.000000
(31,4):68.000000
(31,31):70.750000
(33,31):8.000000
(33,33):2.500000
(32,33),(32,32):2.000000
(32,33),(26,32):1.000000
(32,33),(26,30):0.866667
(32,33),(8,30):0.000000
(32,33),(8,29):0.000000
(32,33),(5,29):0.000000
(32,33),(5,24):0.000000
(32,33),(1,24):0.000000
(32,33),(1,9):0.000000
(32,33),(2,9):0.000000
(32,33),(2,20):0.000000
(32,33),(3,20):0.000000
(32,33),(3,23):0.000000
(32,33),(4,23):0.000000
(32,33),(4,14):0.000000
(32,33),(7,14):0.000000
(32,33),(7,19):0.000000
(32,33),(14,19):0.000000
(32,33),(14,8):0.000000
(32,33),(10,8):0.000000
(32,33),(10,5):0.000000
(32,33),(11,5):0.000000
(32,33),(11,2):0.000000
(32,33),(12,2):0.000000
(32,33),(12,1):0.000000
(32,33),(15,1):0.000000
(32,33),(15,12):0.000000
(32,33),(18,12):0.000000
(32,33),(18,11):0.000000
(32,33),(19,11):0.000000
(32,33),(19,15):0.000000
(32,33),(21,15):0.000000
(32,33),(21,3):0.000000
(32,33),(23,3):0.000000
(32,33),(23,7):0.000000
(32,33),(22,7):0.000000
(32,33),(22,10):0.000000
(32,33),(24,10):0.000000
(32,33),(24,18):0.000000
(32,33),(20,18):0.000000
(32,33),(20,16):0.000000
(32,33),(17,16):0.000000
(32,33),(17,26):0.000000
(32,33),(13,26):0.000000
(32,33),(13,25):0.000000
(32,33),(16,25):0.000000
(32,33),(16,21):0.000000
(32,33),(6,21):0.000000
(32,33),(6,27):0.000000
(32,33),(9,27):0.000000
(32,33),(9,28):0.000000
(32,33),(28,28):0.000000
(32,33),(28,22):0.000000
(32,33),(30,22):0.000000
(32,33),(30,13):0.000000
(32,33),(29,13):0.000000
(32,33),(29,17):0.000000
(32,33),(27,17):0.000000
(32,33),(27,6):0.000000
(32,33),(25,6):0.000000
(32,33),(25,4):0.000000
(32,33),(31,4):0.000000
(32,33),(31,31):1.500000
(32,33),(33,31):2.000000
(32,33),(33,33):2.000000
(32,32),(26,32):17.500000
(32,32),(26,30):23.266666
(32,32),(8,30):12.000000
(32,32),(8,29):12.470589
(32,32),(5,29):7.000000
(32,32),(5,24):0.000000
(32,32),(1,24):0.000000
(32,32),(1,9):0.000000
(32,32),(2,9):0.000000
(32,32),(2,20):0.000000
(32,32),(3,20):0.000000
(32,32),(3,23):0.000000
(32,32),(4,23):0.000000
(32,32),(4,14):0.000000
(32,32),(7,14):0.000000
(32,32),(7,19):0.000000
(32,32),(14,19):0.000000
(32,32),(14,8):0.000000
(32,32),(10,8):0.000000
(32,32),(10,5):0.000000
(32,32),(11,5):0.000000
(32,32),(11,2):0.000000
(32,32),(12,2):0.000000
(32,32),(12,1):0.000000
(32,32),(15,1):0.000000
(32,32),(15,12):0.000000
(32,32),(18,12):0.000000
(32,32),(18,11):0.000000
(32,32),(19,11):0.000000
(32,32),(19,15):0.000000
(32,32),(21,15):0.000000
(32,32),(21,3):0.000000
(32,32),(23,3):0.000000
(32,32),(23,7):0.000000
(32,32),(22,7):0.000000
(32,32),(22,10):0.000000
(32,32),(24,10):0.000000
(32,32),(24,18):0.000000
(32,32),(20,18):0.000000
(32,32),(20,16):0.000000
(32,32),(17,16):0.000000
(32,32),(17,26):0.000000
(32,32),(13,26):0.000000
(32,32),(13,25):0.000000
(32,32),(16,25):0.000000
(32,32),(16,21):0.000000
(32,32),(6,21):0.000000
(32,32),(6,27):0.000000
(32,32),(9,27):0.000000
(32,32),(9,28):13.066667
(32,32),(28,28):22.000000
(32,32),(28,22):7.666667
(32,32),(30,22):10.222222
(32,32),(30,13):1.527778
(32,32),(29,13):0.000000
(32,32),(29,17):0.000000
(32,32),(27,17):0.000000
(32,32),(27,6):0.000000
(32,32),(25,6):0.000000
(32,32),(25,4):0.000000
(32,32),(31,4):2.593567
(32,32),(31,31):24.000000
(32,32),(33,31):8.000000
(32,32),(33,33):2.500000
(26,32),(26,30):26.100000
(26,32),(8,30):10.450000
(26,32),(8,29):10.919444
(26,32),(5,29):5.195652
(26,32),(5,24):0.000000
(26,32),(1,24):0.000000
(26,32),(1,9):0.000000
(26,32),(2,9):0.000000
(26,32),(2,20):0.000000
(26,32),(3,20):0.000000
(26,32),(3,23):0.000000
(26,32),(4,23):0.000000
(26,32),(4,14):0.000000
(26,32),(7,14):0.000000
(26,32),(7,19):0.000000
(26,32),(14,19):0.000000
(26,32),(14,8):0.000000
(26,32),(10,8):0.000000
(26,32),(10,5):0.000000
(26,32),(11,5):0.000000
(26,32),(11,2):0.000000
(26,32),(12,2):0.000000
(26,32),(12,1):0.000000
(26,32),(15,1):0.000000
(26,32),(15,12):0.000000
(26,32),(18,12):0.000000
(26,32),(18,11):0.000000
(26,32),(19,11):0.000000
(26,32),(19,15):0.000000
(26,32),(21,15):0.000000
(26,32),(21,3):0.000000
(26,32),(23,3):0.000000
(26,32),(23,7):0.000000
(26,32),(22,7):0.000000
(26,32),(22,10):0.000000
(26,32),(24,10):0.000000
(26,32),(24,18):0.000000
(26,32),(20,18):0.000000
(26,32),(20,16):0.000000
(26,32),(17,16):0.000000
(26,32),(17,26):0.000000
(26,32),(13,26):0.000000
(26,32),(13,25):0.000000
(26,32),(16,25):0.000000
(26,32),(16,21):0.000000
(26,32),(6,21):0.000000
(26,32),(6,27):0.000000
(26,32),(9,27):0.000000
(26,32),(9,28):11.470589
(26,32),(28,28):29.500000
(26,32),(28,22):21.166666
(26,32),(30,22):23.722221
(26,32),(30,13):9.027778
(26,32),(29,13):0.000000
(26,32),(29,17):0.000000
(26,32),(27,17):0.000000
(26,32),(27,6):0.000000
(26,32),(25,6):0.000000
(26,32),(25,4):0.000000
(26,32),(31,4):11.652778
(26,32),(31,31):31.000000
(26,32),(33,31):7.000000
(26,32),(33,33):1.500000
(26,30),(8,30):46.508823
(26,30),(8,29):50.610622
(26,30),(5,29):26.886829
(26,30),(5,24):1.806117
(26,30),(1,24):0.000000
(26,30),(1,9):0.000000
(26,30),(2,9):0.000000
(26,30),(2,20):0.000000
(26,30),(3,20):0.000000
(26,30),(3,23):0.000000
(26,30),(4,23):0.000000
(26,30),(4,14):0.972567
(26,30),(7,14):0.015557
(26,30),(7,19):0.000000
(26,30),(14,19):0.000000
(26,30),(14,8):0.000000
(26,30),(10,8):0.000000
(26,30),(10,5):0.000000
(26,30),(11,5):0.000000
(26,30),(11,2):0.000000
(26,30),(12,2):0.000000
(26,30),(12,1):0.000000
(26,30),(15,1):0.000000
(26,30),(15,12):0.000000
(26,30),(18,12):0.000000
(26,30),(18,11):0.000000
(26,30),(19,11):0.000000
(26,30),(19,15):0.000000
(26,30),(21,15):0.000000
(26,30),(21,3):0.000000
(26,30),(23,3):0.000000
(26,30),(23,7):0.000000
(26,30),(22,7):0.000000
(26,30),(22,10):0.000000
(26,30),(24,10):0.000000
(26,30),(24,18):0.000000
(26,30),(20,18):0.000000
(26,30),(20,16):0.000000
(26,30),(17,16):0.000000
(26,30),(17,26):0.000000
(26,30),(13,26):0.000000
(26,30),(13,25):0.000000
(26,30),(16,25):0.000000
(26,30),(16,21):0.000000
(26,30),(6,21):1.272876
(26,30),(6,27):11.191176
(26,30),(9,27):5.691176
(26,30),(9,28):51.161766
(26,30),(28,28):63.750000
(26,30),(28,22):16.666666
(26,30),(30,22):19.222221
(26,30),(30,13):6.527778
(26,30),(29,13):0.000000
(26,30),(29,17):0.000000
(26,30),(27,17):0.000000
(26,30),(27,6):0.000000
(26,30),(25,6):0.000000
(26,30),(25,4):0.000000
(26,30),(31,4):8.807190
(26,30),(31,31):36.266666
(26,30),(33,31):6.766667
(26,30),(33,33):1.266667
(8,30),(8,29):47.224998
(8,30),(5,29):24.195652
(8,30),(5,24):0.000000
(8,30),(1,24):0.000000
(8,30),(1,9):0.000000
(8,30),(2,9):0.000000
(8,30),(2,20):0.000000
(8,30),(3,20):0.000000
(8,30),(3,23):0.000000
(8,30),(4,23):0.000000
(8,30),(4,14):0.000000
(8,30),(7,14):0.000000
(8,30),(7,19):0.000000
(8,30),(14,19):0.000000
(8,30),(14,8):0.000000
(8,30),(10,8):0.000000
(8,30),(10,5):0.000000
(8,30),(11,5):0.000000
(8,30),(11,2):0.000000
(8,30),(12,2):0.000000
(8,30),(12,1):0.000000
(8,30),(15,1):0.000000
(8,30),(15,12):0.000000
(8,30),(18,12):0.000000
(8,30),(18,11):0.000000
(8,30),(19,11):0.000000
(8,30),(19,15):0.000000
(8,30),(21,15):0.000000
(8,30),(21,3):0.000000
(8,30),(23,3):0.000000
(8,30),(23,7):0.000000
(8,30),(22,7):0.000000
(8,30),(22,10):0.000000
(8,30),(24,10):0.000000
(8,30),(24,18):0.000000
(8,30),(20,18):0.000000
(8,30),(20,16):0.000000
(8,30),(17,16):0.000000
(8,30),(17,26):0.000000
(8,30),(13,26):0.000000
(8,30),(13,25):0.000000
(8,30),(16,25):0.000000
(8,30),(16,21):0.000000
(8,30),(6,21):0.000000
(8,30),(6,27):8.500000
(8,30),(9,27):3.000000
(8,30),(9,28):47.000000
(8,30),(28,28):46.450001
(8,30),(28,22):6.450000
(8,30),(30,22):7.116667
(8,30),(30,13):2.250000
(8,30),(29,13):0.000000
(8,30),(29,17):0.000000
(8,30),(27,17):0.000000
(8,30),(27,6):0.000000
(8,30),(25,6):0.000000
(8,30),(25,4):0.000000
(8,30),(31,4):3.088113
(8,30),(31,31):20.450001
(8,30),(33,31):0.000000
(8,30),(33,33):0.000000
(8,29),(5,29):30.695652
(8,29),(5,24):3.166667
(8,29),(1,24):0.000000
(8,29),(1,9):0.000000
(8,29),(2,9):0.000000
(8,29),(2,20):0.000000
(8,29),(3,20):0.000000
(8,29),(3,23):0.000000
(8,29),(4,23):0.000000
(8,29),(4,14):1.779914
(8,29),(7,14):0.250000
(8,29),(7,19):0.000000
(8,29),(14,19):0.000000
(8,29),(14,8):0.000000
(8,29),(10,8):0.000000
(8,29),(10,5):0.000000
(8,29),(11,5):0.000000
(8,29),(11,2):0.000000
(8,29),(12,2):0.000000
(8,29),(12,1):0.000000
(8,29),(15,1):0.000000
(8,29),(15,12):0.000000
(8,29),(18,12):0.000000
(8,29),(18,11):0.000000
(8,29),(19,11):0.000000
(8,29),(19,15):0.000000
(8,29),(21,15):0.000000
(8,29),(21,3):0.000000
(8,29),(23,3):0.000000
(8,29),(23,7):0.000000
(8,29),(22,7):0.000000
(8,29),(22,10):0.000000
(8,29),(24,10):0.000000
(8,29),(24,18):0.000000
(8,29),(20,18):0.000000
(8,29),(20,16):0.000000
(8,29),(17,16):0.000000
(8,29),(17,26):0.000000
(8,29),(13,26):0.000000
(8,29),(13,25):0.000000
(8,29),(16,25):0.000000
(8,29),(16,21):0.000000
(8,29),(6,21):2.500000
(8,29),(6,27):15.000000
(8,29),(9,27):9.000000
(8,29),(9,28):53.861111
(8,29),(28,28):49.919445
(8,29),(28,22):6.808333
(8,29),(30,22):7.537626
(8,29),(30,13):2.375000
(8,29),(29,13):0.000000
(8,29),(29,17):0.000000
(8,29),(27,17):0.000000
(8,29),(27,6):0.000000
(8,29),(25,6):0.000000
(8,29),(25,4):0.000000
(8,29),(31,4):3.277499
(8,29),(31,31):20.919445
(8,29),(33,31):0.000000
(8,29),(33,33):0.000000
(5,29),(5,24):18.729166
(5,29),(1,24):1.500000
(5,29),(1,9):0.000000
(5,29),(2,9):0.000000
(5,29),(2,20):0.000000
(5,29),(3,20):0.000000
(5,29),(3,23):1.250000
(5,29),(4,23):13.562500
(5,29),(4,14):17.120192
(5,29),(7,14):13.562500
(5,29),(7,19):11.062500
(5,29),(14,19):2.375000
(5,29),(14,8):0.000000
(5,29),(10,8):0.000000
(5,29),(10,5):0.000000
(5,29),(11,5):0.000000
(5,29),(11,2):0.000000
(5,29),(12,2):0.000000
(5,29),(12,1):0.000000
(5,29),(15,1):0.000000
(5,29),(15,12):0.000000
(5,29),(18,12):0.000000
(5,29),(18,11):0.000000
(5,29),(19,11):0.000000
(5,29),(19,15):0.000000
(5,29),(21,15):0.000000
(5,29),(21,3):0.000000
(5,29),(23,3):0.000000
(5,29),(23,7):0.000000
(5,29),(22,7):0.000000
(5,29),(22,10):0.000000
(5,29),(24,10):0.000000
(5,29),(24,18):0.000000
(5,29),(20,18):0.000000
(5,29),(20,16):0.000000
(5,29),(17,16):0.000000
(5,29),(17,26):0.000000
(5,29),(13,26):0.000000
(5,29),(13,25):0.000000
(5,29),(16,25):0.000000
(5,29),(16,21):2.633634
(5,29),(6,21):18.062500
(5,29),(6,27):22.500000
(5,29),(9,27):8.000000
(5,29),(9,28):30.166666
(5,29),(28,28):26.195652
(5,29),(28,22):3.195652
(5,29),(30,22):3.362319
(5,29),(30,13):1.108696
(5,29),(29,13):0.000000
(5,29),(29,17):0.000000
(5,29),(27,17):0.000000
(5,29),(27,6):0.000000
(5,29),(25,6):0.000000
(5,29),(25,4):0.000000
(5,29),(31,4):1.496231
(5,29),(31,31):12.695652
(5,29),(33,31):0.000000
(5,29),(33,33):0.000000
(5,24),(1,24):6.666667
(5,24),(1,9):2.179654
(5,24),(2,9):1.750000
(5,24),(2,20):3.166667
(5,24),(3,20):3.000000
(5,24),(3,23):6.250000
(5,24),(4,23):29.000000
(5,24),(4,14):29.557692
(5,24),(7,14):26.166666
(5,24),(7,19):23.625000
(5,24),(14,19):5.166667
(5,24),(14,8):0.000000
(5,24),(10,8):0.000000
(5,24),(10,5):0.000000
(5,24),(11,5):0.000000
(5,24),(11,2):0.000000
(5,24),(12,2):0.000000
(5,24),(12,1):0.000000
(5,24),(15,1):0.000000
(5,24),(15,12):0.000000
(5,24),(18,12):0.000000
(5,24),(18,11):0.000000
(5,24),(19,11):0.000000
(5,24),(19,15):0.000000
(5,24),(21,15):0.000000
(5,24),(21,3):0.000000
(5,24),(23,3):0.000000
(5,24),(23,7):0.000000
(5,24),(22,7):0.000000
(5,24),(22,10):0.000000
(5,24),(24,10):0.000000
(5,24),(24,18):0.000000
(5,24),(20,18):0.000000
(5,24),(20,16):0.000000
(5,24),(17,16):0.000000
(5,24),(17,26):0.000000
(5,24),(13,26):0.000000
(5,24),(13,25):0.000000
(5,24),(16,25):0.000000
(5,24),(16,21):5.655172
(5,24),(6,21):31.000000
(5,24),(6,27):24.166666
(5,24),(9,27):2.666667
(5,24),(9,28):2.833333
(5,24),(28,28):1.500000
(5,24),(28,22):0.000000
(5,24),(30,22):0.000000
(5,24),(30,13):0.000000
(5,24),(29,13):0.000000
(5,24),(29,17):0.000000
(5,24),(27,17):0.000000
(5,24),(27,6):0.000000
(5,24),(25,6):0.000000
(5,24),(25,4):0.000000
(5,24),(31,4):0.000000
(5,24),(31,31):0.000000
(5,24),(33,31):0.000000
(5,24),(33,33):0.000000
(1,24),(1,9):15.727273
(1,24),(2,9):15.000000
(1,24),(2,20):19.166666
(1,24),(3,20):8.000000
(1,24),(3,23):12.500000
(1,24),(4,23):5.666667
(1,24),(4,14):2.666667
(1,24),(7,14):2.323810
(1,24),(7,19):1.325000
(1,24),(14,19):0.000000
(1,24),(14,8):0.000000
(1,24),(10,8):0.000000
(1,24),(10,5):0.000000
(1,24),(11,5):0.000000
(1,24),(11,2):0.000000
(1,24),(12,2):0.000000
(1,24),(12,1):0.000000
(1,24),(15,1):0.000000
(1,24),(15,12):0.000000
(1,24),(18,12):0.000000
(1,24),(18,11):0.000000
(1,24),(19,11):0.000000
(1,24),(19,15):0.000000
(1,24),(21,15):0.000000
(1,24),(21,3):0.000000
(1,24),(23,3):0.000000
(1,24),(23,7):0.000000
(1,24),(22,7):0.000000
(1,24),(22,10):0.000000
(1,24),(24,10):0.000000
(1,24),(24,18):0.000000
(1,24),(20,18):0.000000
(1,24),(20,16):0.000000
(1,24),(17,16):0.000000
(1,24),(17,26):0.000000
(1,24),(13,26):0.000000
(1,24),(13,25):0.000000
(1,24),(16,25):0.000000
(1,24),(16,21):0.000000
(1,24),(6,21):3.166667
(1,24),(6,27):1.766667
(1,24),(9,27):0.000000
(1,24),(9,28):0.000000
(1,24),(28,28):0.000000
(1,24),(28,22):0.000000
(1,24),(30,22):0.000000
(1,24),(30,13):0.000000
(1,24),(29,13):0.000000
(1,24),(29,17):0.000000
(1,24),(27,17):0.000000
(1,24),(27,6):0.000000
(1,24),(25,6):0.000000
(1,24),(25,4):0.000000
(1,24),(31,4):0.000000
(1,24),(31,31):0.000000
(1,24),(33,31):0.000000
(1,24),(33,33):0.000000
(1,9),(2,9):15.000000
(1,9),(2,20):15.727273
(1,9),(3,20):4.727273
(1,9),(3,23):6.227273
(1,9),(4,23):1.318182
(1,9),(4,14):0.000000
(1,9),(7,14):0.000000
(1,9),(7,19):0.000000
(1,9),(14,19):0.000000
(1,9),(14,8):0.000000
(1,9),(10,8):0.000000
(1,9),(10,5):0.000000
(1,9),(11,5):0.000000
(1,9),(11,2):0.000000
(1,9),(12,2):0.000000
(1,9),(12,1):0.000000
(1,9),(15,1):0.000000
(1,9),(15,12):0.000000
(1,9),(18,12):0.000000
(1,9),(18,11):0.000000
(1,9),(19,11):0.000000
(1,9),(19,15):0.000000
(1,9),(21,15):0.000000
(1,9),(21,3):0.000000
(1,9),(23,3):0.000000
(1,9),(23,7):0.000000
(1,9),(22,7):0.000000
(1,9),(22,10):0.000000
(1,9),(24,10):0.000000
(1,9),(24,18):0.000000
(1,9),(20,18):0.000000
(1,9),(20,16):0.000000
(1,9),(17,16):0.000000
(1,9),(17,26):0.000000
(1,9),(13,26):0.000000
(1,9),(13,25):0.000000
(1,9),(16,25):0.000000
(1,9),(16,21):0.000000
(1,9),(6,21):0.000000
(1,9),(6,27):0.000000
(1,9),(9,27):0.000000
(1,9),(9,28):0.000000
(1,9),(28,28):0.000000
(1,9),(28,22):0.000000
(1,9),(30,22):0.000000
(1,9),(30,13):0.000000
(1,9),(29,13):0.000000
(1,9),(29,17):0.000000
(1,9),(27,17):0.000000
(1,9),(27,6):0.000000
(1,9),(25,6):0.000000
(1,9),(25,4):0.000000
(1,9),(31,4):0.000000
(1,9),(31,31):0.000000
(1,9),(33,31):0.000000
(1,9),(33,33):0.000000
(2,9),(2,20):15.000000
(2,9),(3,20):4.000000
(2,9),(3,23):5.500000
(2,9),(4,23):1.000000
(2,9),(4,14):0.000000
(2,9),(7,14):0.000000
(2,9),(7,19):0.000000
(2,9),(14,19):0.000000
(2,9),(14,8):0.000000
(2,9),(10,8):0.000000
(2,9),(10,5):0.000000
(2,9),(11,5):0.000000
(2,9),(11,2):0.000000
(2,9),(12,2):0.000000
(2,9),(12,1):0.000000
(2,9),(15,1):0.000000
(2,9),(15,12):0.000000
(2,9),(18,12):0.000000
(2,9),(18,11):0.000000
(2,9),(19,11):0.000000
(2,9),(19,15):0.000000
(2,9),(21,15):0.000000
(2,9),(21,3):0.000000
(2,9),(23,3):0.000000
(2,9),(23,7):0.000000
(2,9),(22,7):0.000000
(2,9),(22,10):0.000000
(2,9),(24,10):0.000000
(2,9),(24,18):0.000000
(2,9),(20,18):0.000000
(2,9),(20,16):0.000000
(2,9),(17,16):0.000000
(2,9),(17,26):0.000000
(2,9),(13,26):0.000000
(2,9),(13,25):0.000000
(2,9),(16,25):0.000000
(2,9),(16,21):0.000000
(2,9),(6,21):0.000000
(2,9),(6,27):0.000000
(2,9),(9,27):0.000000
(2,9),(9,28):0.000000
(2,9),(28,28):0.000000
(2,9),(28,22):0.000000
(2,9),(30,22):0.000000
(2,9),(30,13):0.000000
(2,9),(29,13):0.000000
(2,9),(29,17):0.000000
(2,9),(27,17):0.000000
(2,9),(27,6):0.000000
(2,9),(25,6):0.000000
(2,9),(25,4):0.000000
(2,9),(31,4):0.000000
(2,9),(31,31):0.000000
(2,9),(33,31):0.000000
(2,9),(33,33):0.000000
(2,20),(3,20):8.000000
(2,20),(3,23):9.666667
(2,20),(4,23):2.166667
(2,20),(4,14):0.000000
(2,20),(7,14):0.000000
(2,20),(7,19):0.003205
(2,20),(14,19):0.000000
(2,20),(14,8):0.000000
(2,20),(10,8):0.000000
(2,20),(10,5):0.000000
(2,20),(11,5):0.000000
(2,20),(11,2):0.000000
(2,20),(12,2):0.000000
(2,20),(12,1):0.000000
(2,20),(15,1):0.000000
(2,20),(15,12):0.000000
(2,20),(18,12):0.000000
(2,20),(18,11):0.000000
(2,20),(19,11):0.000000
(2,20),(19,15):0.000000
(2,20),(21,15):0.000000
(2,20),(21,3):0.000000
(2,20),(23,3):0.000000
(2,20),(23,7):0.000000
(2,20),(22,7):0.000000
(2,20),(22,10):0.000000
(2,20),(24,10):0.000000
(2,20),(24,18):0.000000
(2,20),(20,18):0.000000
(2,20),(20,16):0.000000
(2,20),(17,16):0.000000
(2,20),(17,26):0.000000
(2,20),(13,26):0.000000
(2,20),(13,25):0.000000
(2,20),(16,25):0.000000
(2,20),(16,21):0.000000
(2,20),(6,21):0.041667
(2,20),(6,27):0.000000
(2,20),(9,27):0.000000
(2,20),(9,28):0.000000
(2,20),(28,28):0.000000
(2,20),(28,22):0.000000
(2,20),(30,22):0.000000
(2,20),(30,13):0.000000
(2,20),(29,13):0.000000
(2,20),(29,17):0.000000
(2,20),(27,17):0.000000
(2,20),(27,6):0.000000
(2,20),(25,6):0.000000
(2,20),(25,4):0.000000
(2,20),(31,4):0.000000
(2,20),(31,31):0.000000
(2,20),(33,31):0.000000
(2,20),(33,33):0.000000
(3,20),(3,23):8.000000
(3,20),(4,23):2.000000
(3,20),(4,14):0.000000
(3,20),(7,14):0.000000
(3,20),(7,19):0.000000
(3,20),(14,19):0.000000
(3,20),(14,8):0.000000
(3,20),(10,8):0.000000
(3,20),(10,5):0.000000
(3,20),(11,5):0.000000
(3,20),(11,2):0.000000
(3,20),(12,2):0.000000
(3,20),(12,1):0.000000
(3,20),(15,1):0.000000
(3,20),(15,12):0.000000
(3,20),(18,12):0.000000
(3,20),(18,11):0.000000
(3,20),(19,11):0.000000
(3,20),(19,15):0.000000
(3,20),(21,15):0.000000
(3,20),(21,3):0.000000
(3,20),(23,3):0.000000
(3,20),(23,7):0.000000
(3,20),(22,7):0.000000
(3,20),(22,10):0.000000
(3,20),(24,10):0.000000
(3,20),(24,18):0.000000
(3,20),(20,18):0.000000
(3,20),(20,16):0.000000
(3,20),(17,16):0.000000
(3,20),(17,26):0.000000
(3,20),(13,26):0.000000
(3,20),(13,25):0.000000
(3,20),(16,25):0.000000
(3,20),(16,21):0.000000
(3,20),(6,21):0.000000
(3,20),(6,27):0.000000
(3,20),(9,27):0.000000
(3,20),(9,28):0.000000
(3,20),(28,28):0.000000
(3,20),(28,22):0.000000
(3,20),(30,22):0.000000
(3,20),(30,13):0.000000
(3,20),(29,13):0.000000
(3,20),(29,17):0.000000
(3,20),(27,17):0.000000
(3,20),(27,6):0.000000
(3,20),(25,6):0.000000
(3,20),(25,4):0.000000
(3,20),(31,4):0.000000
(3,20),(31,31):0.000000
(3,20),(33,31):0.000000
(3,20),(33,33):0.000000
(3,23),(4,23):5.250000
(3,23),(4,14):2.250000
(3,23),(7,14):1.885714
(3,23),(7,19):1.125000
(3,23),(14,19):0.000000
(3,23),(14,8):0.000000
(3,23),(10,8):0.000000
(3,23),(10,5):0.000000
(3,23),(11,5):0.000000
(3,23),(11,2):0.000000
(3,23),(12,2):0.000000
(3,23),(12,1):0.000000
(3,23),(15,1):0.000000
(3,23),(15,12):0.000000
(3,23),(18,12):0.000000
(3,23),(18,11):0.000000
(3,23),(19,11):0.000000
(3,23),(19,15):0.000000
(3,23),(21,15):0.000000
(3,23),(21,3):0.000000
(3,23),(23,3):0.000000
(3,23),(23,7):0.000000
(3,23),(22,7):0.000000
(3,23),(22,10):0.000000
(3,23),(24,10):0.000000
(3,23),(24,18):0.000000
(3,23),(20,18):0.000000
(3,23),(20,16):0.000000
(3,23),(17,16):0.000000
(3,23),(17,26):0.000000
(3,23),(13,26):0.000000
(3,23),(13,25):0.000000
(3,23),(16,25):0.000000
(3,23),(16,21):0.000000
(3,23),(6,21):2.750000
(3,23),(6,27):1.416667
(3,23),(9,27):0.000000
(3,23),(9,28):0.000000
(3,23),(28,28):0.000000
(3,23),(28,22):0.000000
(3,23),(30,22):0.000000
(3,23),(30,13):0.000000
(3,23),(29,13):0.000000
(3,23),(29,17):0.000000
(3,23),(27,17):0.000000
(3,23),(27,6):0.000000
(3,23),(25,6):0.000000
(3,23),(25,4):0.000000
(3,23),(31,4):0.000000
(3,23),(31,31):0.000000
(3,23),(33,31):0.000000
(3,23),(33,33):0.000000
(4,23),(4,14):27.187500
(4,23),(7,14):26.166666
(4,23),(7,19):25.125000
(4,23),(14,19):6.500000
(4,23),(14,8):0.000000
(4,23),(10,8):0.000000
(4,23),(10,5):0.000000
(4,23),(11,5):0.000000
(4,23),(11,2):0.000000
(4,23),(12,2):0.000000
(4,23),(12,1):0.000000
(4,23),(15,1):0.000000
(4,23),(15,12):0.000000
(4,23),(18,12):0.000000
(4,23),(18,11):0.000000
(4,23),(19,11):0.000000
(4,23),(19,15):0.000000
(4,23),(21,15):0.000000
(4,23),(21,3):0.000000
(4,23),(23,3):0.000000
(4,23),(23,7):0.000000
(4,23),(22,7):0.000000
(4,23),(22,10):0.000000
(4,23),(24,10):0.000000
(4,23),(24,18):0.000000
(4,23),(20,18):0.000000
(4,23),(20,16):0.000000
(4,23),(17,16):0.000000
(4,23),(17,26):0.000000
(4,23),(13,26):0.000000
(4,23),(13,25):0.000000
(4,23),(16,25):0.000000
(4,23),(16,21):7.000000
(4,23),(6,21):28.000000
(4,23),(6,27):19.000000
(4,23),(9,27):0.000000
(4,23),(9,28):0.000000
(4,23),(28,28):0.000000
(4,23),(28,22):0.000000
(4,23),(30,22):0.000000
(4,23),(30,13):0.000000
(4,23),(29,13):0.000000
(4,23),(29,17):0.000000
(4,23),(27,17):0.000000
(4,23),(27,6):0.000000
(4,23),(25,6):0.000000
(4,23),(25,4):0.000000
(4,23),(31,4):0.000000
(4,23),(31,31):0.000000
(4,23),(33,31):0.000000
(4,23),(33,33):0.000000
(4,14),(7,14):27.029411
(4,14),(7,19):25.950001
(4,14),(14,19):7.700000
(4,14),(14,8):0.000000
(4,14),(10,8):0.000000
(4,14),(10,5):0.000000
(4,14),(11,5):0.000000
(4,14),(11,2):0.000000
(4,14),(12,2):0.000000
(4,14),(12,1):0.000000
(4,14),(15,1):0.000000
(4,14),(15,12):0.000000
(4,14),(18,12):0.000000
(4,14),(18,11):0.000000
(4,14),(19,11):0.000000
(4,14),(19,15):0.000000
(4,14),(21,15):0.000000
(4,14),(21,3):0.000000
(4,14),(23,3):0.000000
(4,14),(23,7):0.000000
(4,14),(22,7):0.000000
(4,14),(22,10):0.000000
(4,14),(24,10):0.000000
(4,14),(24,18):0.000000
(4,14),(20,18):0.000000
(4,14),(20,16):0.000000
(4,14),(17,16):0.000000
(4,14),(17,26):0.000000
(4,14),(13,26):0.000000
(4,14),(13,25):0.000000
(4,14),(16,25):0.000000
(4,14),(16,21):8.200000
(4,14),(6,21):31.950001
(4,14),(6,27):22.557692
(4,14),(9,27):1.507692
(4,14),(9,28):1.592175
(4,14),(28,28):0.780769
(4,14),(28,22):0.000000
(4,14),(30,22):0.000000
(4,14),(30,13):0.000000
(4,14),(29,13):0.000000
(4,14),(29,17):0.000000
(4,14),(27,17):0.000000
(4,14),(27,6):0.000000
(4,14),(25,6):0.000000
(4,14),(25,4):0.000000
(4,14),(31,4):0.000000
(4,14),(31,31):0.000000
(4,14),(33,31):0.000000
(4,14),(33,33):0.000000
(7,14),(7,19):24.916666
(7,14),(14,19):6.500000
(7,14),(14,8):0.000000
(7,14),(10,8):0.000000
(7,14),(10,5):0.000000
(7,14),(11,5):0.000000
(7,14),(11,2):0.000000
(7,14),(12,2):0.000000
(7,14),(12,1):0.000000
(7,14),(15,1):0.000000
(7,14),(15,12):0.000000
(7,14),(18,12):0.000000
(7,14),(18,11):0.000000
(7,14),(19,11):0.000000
(7,14),(19,15):0.000000
(7,14),(21,15):0.000000
(7,14),(21,3):0.000000
(7,14),(23,3):0.000000
(7,14),(23,7):0.000000
(7,14),(22,7):0.000000
(7,14),(22,10):0.000000
(7,14),(24,10):0.000000
(7,14),(24,18):0.000000
(7,14),(20,18):0.000000
(7,14),(20,16):0.000000
(7,14),(17,16):0.000000
(7,14),(17,26):0.000000
(7,14),(13,26):0.000000
(7,14),(13,25):0.000000
(7,14),(16,25):0.000000
(7,14),(16,21):7.000000
(7,14),(6,21):27.666666
(7,14),(6,27):19.000000
(7,14),(9,27):0.071429
(7,14),(9,28):0.121212
(7,14),(28,28):0.000000
(7,14),(28,22):0.000000
(7,14),(30,22):0.000000
(7,14),(30,13):0.000000
(7,14),(29,13):0.000000
(7,14),(29,17):0.000000
(7,14),(27,17):0.000000
(7,14),(27,6):0.000000
(7,14),(25,6):0.000000
(7,14),(25,4):0.000000
(7,14),(31,4):0.000000
(7,14),(31,31):0.000000
(7,14),(33,31):0.000000
(7,14),(33,33):0.000000
(7,19),(14,19):26.611111
(7,19),(14,8):5.986111
(7,19),(10,8):0.000000
(7,19),(10,5):0.000000
(7,19),(11,5):0.000000
(7,19),(11,2):0.000000
(7,19),(12,2):0.000000
(7,19),(12,1):0.000000
(7,19),(15,1):2.111111
(7,19),(15,12):6.396825
(7,19),(18,12):5.142857
(7,19),(18,11):0.000000
(7,19),(19,11):4.050000
(7,19),(19,15):0.000000
(7,19),(21,15):0.000000
(7,19),(21,3):0.000000
(7,19),(23,3):0.000000
(7,19),(23,7):0.000000
(7,19),(22,7):0.000000
(7,19),(22,10):0.000000
(7,19),(24,10):0.000000
(7,19),(24,18):0.000000
(7,19),(20,18):0.000000
(7,19),(20,16):0.000000
(7,19),(17,16):8.111111
(7,19),(17,26):2.511111
(7,19),(13,26):0.000000
(7,19),(13,25):0.000000
(7,19),(16,25):2.111111
(7,19),(16,21):27.111111
(7,19),(6,21):45.125000
(7,19),(6,27):16.400000
(7,19),(9,27):0.000000
(7,19),(9,28):0.000000
(7,19),(28,28):0.000000
(7,19),(28,22):0.000000
(7,19),(30,22):0.000000
(7,19),(30,13):0.000000
(7,19),(29,13):0.000000
(7,19),(29,17):0.000000
(7,19),(27,17):0.000000
(7,19),(27,6):0.000000
(7,19),(25,6):0.000000
(7,19),(25,4):0.000000
(7,19),(31,4):0.000000
(7,19),(31,31):0.000000
(7,19),(33,31):0.000000
(7,19),(33,33):0.000000
(14,19),(14,8):30.500000
(14,19),(10,8):7.000000
(14,19),(10,5):3.375000
(14,19),(11,5):7.500000
(14,19),(11,2):7.000000
(14,19),(12,2):8.500000
(14,19),(12,1):8.750000
(14,19),(15,1):20.111111
(14,19),(15,12):44.785713
(14,19),(18,12):31.732143
(14,19),(18,11):3.214286
(14,19),(19,11):21.964285
(14,19),(19,15):21.339285
(14,19),(21,15):4.625000
(14,19),(21,3):0.000000
(14,19),(23,3):0.000000
(14,19),(23,7):0.000000
(14,19),(22,7):0.000000
(14,19),(22,10):0.000000
(14,19),(24,10):0.000000
(14,19),(24,18):3.312500
(14,19),(20,18):0.000000
(14,19),(20,16):14.150000
(14,19),(17,16):37.214287
(14,19),(17,26):21.000000
(14,19),(13,26):0.000000
(14,19),(13,25):0.000000
(14,19),(16,25):10.388889
(14,19),(16,21):53.599998
(14,19),(6,21):27.625000
(14,19),(6,27):4.461538
(14,19),(9,27):0.000000
(14,19),(9,28):0.000000
(14,19),(28,28):0.000000
(14,19),(28,22):0.000000
(14,19),(30,22):0.000000
(14,19),(30,13):0.000000
(14,19),(29,13):0.000000
(14,19),(29,17):0.000000
(14,19),(27,17):0.000000
(14,19),(27,6):0.000000
(14,19),(25,6):0.000000
(14,19),(25,4):0.000000
(14,19),(31,4):0.000000
(14,19),(31,31):0.000000
(14,19),(33,31):0.000000
(14,19),(33,33):0.000000
(14,8),(10,8):28.333334
(14,8),(10,5):15.375000
(14,8),(11,5):30.333334
(14,8),(11,2):25.000000
(14,8),(12,2):30.000000
(14,8),(12,1):22.750000
(14,8),(15,1):42.333332
(14,8),(15,12):39.201923
(14,8),(18,12):16.875000
(14,8),(18,11):0.000000
(14,8),(19,11):10.830770
(14,8),(19,15):8.402778
(14,8),(21,15):2.882353
(14,8),(21,3):0.000000
(14,8),(23,3):0.000000
(14,8),(23,7):0.000000
(14,8),(22,7):0.000000
(14,8),(22,10):0.000000
(14,8),(24,10):0.000000
(14,8),(24,18):1.218487
(14,8),(20,18):0.000000
(14,8),(20,16):6.400000
(14,8),(17,16):23.076923
(14,8),(17,26):18.517399
(14,8),(13,26):0.414321
(14,8),(13,25):0.307692
(14,8),(16,25):6.076923
(14,8),(16,21):30.123932
(14,8),(6,21):6.764706
(14,8),(6,27):0.000000
(14,8),(9,27):0.000000
(14,8),(9,28):0.000000
(14,8),(28,28):0.000000
(14,8),(28,22):0.000000
(14,8),(30,22):0.000000
(14,8),(30,13):0.000000
(14,8),(29,13):0.000000
(14,8),(29,17):0.000000
(14,8),(27,17):0.000000
(14,8),(27,6):0.000000
(14,8),(25,6):0.000000
(14,8),(25,4):0.000000
(14,8),(31,4):0.000000
(14,8),(31,31):0.000000
(14,8),(33,31):0.000000
(14,8),(33,33):0.000000
(10,8),(10,5):15.000000
(10,8),(11,5):28.333334
(10,8),(11,2):22.500000
(10,8),(12,2):26.833334
(10,8),(12,1):20.833334
(10,8),(15,1):27.833334
(10,8),(15,12):13.119047
(10,8),(18,12):0.000000
(10,8),(18,11):0.000000
(10,8),(19,11):0.000000
(10,8),(19,15):0.000000
(10,8),(21,15):0.000000
(10,8),(21,3):0.000000
(10,8),(23,3):0.000000
(10,8),(23,7):0.000000
(10,8),(22,7):0.000000
(10,8),(22,10):0.000000
(10,8),(24,10):0.000000
(10,8),(24,18):0.000000
(10,8),(20,18):0.000000
(10,8),(20,16):0.000000
(10,8),(17,16):0.000000
(10,8),(17,26):3.583333
(10,8),(13,26):0.000000
(10,8),(13,25):0.000000
(10,8),(16,25):0.000000
(10,8),(16,21):4.935897
(10,8),(6,21):0.000000
(10,8),(6,27):0.000000
(10,8),(9,27):0.000000
(10,8),(9,28):0.000000
(10,8),(28,28):0.000000
(10,8),(28,22):0.000000
(10,8),(30,22):0.000000
(10,8),(30,13):0.000000
(10,8),(29,13):0.000000
(10,8),(29,17):0.000000
(10,8),(27,17):0.000000
(10,8),(27,6):0.000000
(10,8),(25,6):0.000000
(10,8),(25,4):0.000000
(10,8),(31,4):0.000000
(10,8),(31,31):0.000000
(10,8),(33,31):0.000000
(10,8),(33,33):0.000000
(10,5),(11,5):15.375000
(10,5),(11,2):12.375000
(10,5),(12,2):13.875000
(10,5),(12,1):9.375000
(10,5),(15,1):14.875000
(10,5),(15,12):4.500000
(10,5),(18,12):0.000000
(10,5),(18,11):0.000000
(10,5),(19,11):0.000000
(10,5),(19,15):0.000000
(10,5),(21,15):0.000000
(10,5),(21,3):0.000000
(10,5),(23,3):0.000000
(10,5),(23,7):0.000000
(10,5),(22,7):0.000000
(10,5),(22,10):0.000000
(10,5),(24,10):0.000000
(10,5),(24,18):0.000000
(10,5),(20,18):0.000000
(10,5),(20,16):0.000000
(10,5),(17,16):0.000000
(10,5),(17,26):1.470000
(10,5),(13,26):0.000000
(10,5),(13,25):0.000000
(10,5),(16,25):0.000000
(10,5),(16,21):1.985237
(10,5),(6,21):0.000000
(10,5),(6,27):0.000000
(10,5),(9,27):0.000000
(10,5),(9,28):0.000000
(10,5),(28,28):0.000000
(10,5),(28,22):0.000000
(10,5),(30,22):0.000000
(10,5),(30,13):0.000000
(10,5),(29,13):0.000000
(10,5),(29,17):0.000000
(10,5),(27,17):0.000000
(10,5),(27,6):0.000000
(10,5),(25,6):0.000000
(10,5),(25,4):0.000000
(10,5),(31,4):0.000000
(10,5),(31,31):0.000000
(10,5),(33,31):0.000000
(10,5),(33,33):0.000000
(11,5),(11,2):24.500000
(11,5),(12,2):28.833334
(11,5),(12,1):21.333334
(11,5),(15,1):29.666666
(11,5),(15,12):13.619047
(11,5),(18,12):0.000000
(11,5),(18,11):0.000000
(11,5),(19,11):0.000000
(11,5),(19,15):0.000000
(11,5),(21,15):0.000000
(11,5),(21,3):0.000000
(11,5),(23,3):0.000000
(11,5),(23,7):0.000000
(11,5),(22,7):0.000000
(11,5),(22,10):0.000000
(11,5),(24,10):0.000000
(11,5),(24,18):0.000000
(11,5),(20,18):0.000000
(11,5),(20,16):0.000000
(11,5),(17,16):0.000000
(11,5),(17,26):3.690476
(11,5),(13,26):0.000000
(11,5),(13,25):0.000000
(11,5),(16,25):0.000000
(11,5),(16,21):5.109509
(11,5),(6,21):0.000000
(11,5),(6,27):0.000000
(11,5),(9,27):0.000000
(11,5),(9,28):0.000000
(11,5),(28,28):0.000000
(11,5),(28,22):0.000000
(11,5),(30,22):0.000000
(11,5),(30,13):0.000000
(11,5),(29,13):0.000000
(11,5),(29,17):0.000000
(11,5),(27,17):0.000000
(11,5),(27,6):0.000000
(11,5),(25,6):0.000000
(11,5),(25,4):0.000000
(11,5),(31,4):0.000000
(11,5),(31,31):0.000000
(11,5),(33,31):0.000000
(11,5),(33,33):0.000000
(11,2),(12,2):25.000000
(11,2),(12,1):19.000000
(11,2),(15,1):24.833334
(11,2),(15,12):11.500000
(11,2),(18,12):0.000000
(11,2),(18,11):0.000000
(11,2),(19,11):0.000000
(11,2),(19,15):0.000000
(11,2),(21,15):0.000000
(11,2),(21,3):0.000000
(11,2),(23,3):0.000000
(11,2),(23,7):0.000000
(11,2),(22,7):0.000000
(11,2),(22,10):0.000000
(11,2),(24,10):0.000000
(11,2),(24,18):0.000000
(11,2),(20,18):0.000000
(11,2),(20,16):0.000000
(11,2),(17,16):0.000000
(11,2),(17,26):3.257143
(11,2),(13,26):0.000000
(11,2),(13,25):0.000000
(11,2),(16,25):0.000000
(11,2),(16,21):4.499390
(11,2),(6,21):0.000000
(11,2),(6,27):0.000000
(11,2),(9,27):0.000000
(11,2),(9,28):0.000000
(11,2),(28,28):0.000000
(11,2),(28,22):0.000000
(11,2),(30,22):0.000000
(11,2),(30,13):0.000000
(11,2),(29,13):0.000000
(11,2),(29,17):0.000000
(11,2),(27,17):0.000000
(11,2),(27,6):0.000000
(11,2),(25,6):0.000000
(11,2),(25,4):0.000000
(11,2),(31,4):0.000000
(11,2),(31,31):0.000000
(11,2),(33,31):0.000000
(11,2),(33,33):0.000000
(12,2),(12,1):22.500000
(12,2),(15,1):29.833334
(12,2),(15,12):14.625000
(12,2),(18,12):0.000000
(12,2),(18,11):0.000000
(12,2),(19,11):0.000000
(12,2),(19,15):0.000000
(12,2),(21,15):0.000000
(12,2),(21,3):0.000000
(12,2),(23,3):0.000000
(12,2),(23,7):0.000000
(12,2),(22,7):0.000000
(12,2),(22,10):0.000000
(12,2),(24,10):0.000000
(12,2),(24,18):0.000000
(12,2),(20,18):0.000000
(12,2),(20,16):0.000000
(12,2),(17,16):0.000000
(12,2),(17,26):4.065476
(12,2),(13,26):0.000000
(12,2),(13,25):0.000000
(12,2),(16,25):0.000000
(12,2),(16,21):5.630342
(12,2),(6,21):0.000000
(12,2),(6,27):0.000000
(12,2),(9,27):0.000000
(12,2),(9,28):0.000000
(12,2),(28,28):0.000000
(12,2),(28,22):0.000000
(12,2),(30,22):0.000000
(12,2),(30,13):0.000000
(12,2),(29,13):0.000000
(12,2),(29,17):0.000000
(12,2),(27,17):0.000000
(12,2),(27,6):0.000000
(12,2),(25,6):0.000000
(12,2),(25,4):0.000000
(12,2),(31,4):0.000000
(12,2),(31,31):0.000000
(12,2),(33,31):0.000000
(12,2),(33,33):0.000000
(12,1),(15,1):22.750000
(12,1),(15,12):14.875000
(12,1),(18,12):0.000000
(12,1),(18,11):0.000000
(12,1),(19,11):0.000000
(12,1),(19,15):0.000000
(12,1),(21,15):0.000000
(12,1),(21,3):0.000000
(12,1),(23,3):0.000000
(12,1),(23,7):0.000000
(12,1),(22,7):0.000000
(12,1),(22,10):0.000000
(12,1),(24,10):0.000000
(12,1),(24,18):0.000000
(12,1),(20,18):0.000000
(12,1),(20,16):0.000000
(12,1),(17,16):0.000000
(12,1),(17,26):4.226191
(12,1),(13,26):0.000000
(12,1),(13,25):0.000000
(12,1),(16,25):0.000000
(12,1),(16,21):5.819736
(12,1),(6,21):0.000000
(12,1),(6,27):0.000000
(12,1),(9,27):0.000000
(12,1),(9,28):0.000000
(12,1),(28,28):0.000000
(12,1),(28,22):0.000000
(12,1),(30,22):0.000000
(12,1),(30,13):0.000000
(12,1),(29,13):0.000000
(12,1),(29,17):0.000000
(12,1),(27,17):0.000000
(12,1),(27,6):0.000000
(12,1),(25,6):0.000000
(12,1),(25,4):0.000000
(12,1),(31,4):0.000000
(12,1),(31,31):0.000000
(12,1),(33,31):0.000000
(12,1),(33,33):0.000000
(15,1),(15,12):26.236111
(15,1),(18,12):9.111111
(15,1),(18,11):0.000000
(15,1),(19,11):5.611111
(15,1),(19,15):5.625000
(15,1),(21,15):1.625000
(15,1),(21,3):0.000000
(15,1),(23,3):0.000000
(15,1),(23,7):0.000000
(15,1),(22,7):0.000000
(15,1),(22,10):0.000000
(15,1),(24,10):0.000000
(15,1),(24,18):0.950000
(15,1),(20,18):0.000000
(15,1),(20,16):4.400000
(15,1),(17,16):10.111111
(15,1),(17,26):7.940476
(15,1),(13,26):0.000000
(15,1),(13,25):0.000000
(15,1),(16,25):0.000000
(15,1),(16,21):17.158119
(15,1),(6,21):2.236111
(15,1),(6,27):0.000000
(15,1),(9,27):0.000000
(15,1),(9,28):0.000000
(15,1),(28,28):0.000000
(15,1),(28,22):0.000000
(15,1),(30,22):0.000000
(15,1),(30,13):0.000000
(15,1),(29,13):0.000000
(15,1),(29,17):0.000000
(15,1),(27,17):0.000000
(15,1),(27,6):0.000000
(15,1),(25,6):0.000000
(15,1),(25,4):0.000000
(15,1),(31,4):0.000000
(15,1),(31,31):0.000000
(15,1),(33,31):0.000000
(15,1),(33,33):0.000000
(15,12),(18,12):32.327381
(15,12),(18,11):4.125000
(15,12),(19,11):22.285715
(15,12),(19,15):24.125000
(15,12),(21,15):7.625000
(15,12),(21,3):0.600000
(15,12),(23,3):0.000000
(15,12),(23,7):0.000000
(15,12),(22,7):0.380519
(15,12),(22,10):0.683658
(15,12),(24,10):0.791240
(15,12),(24,18):5.000000
(15,12),(20,18):0.875000
(15,12),(20,16):17.400000
(15,12),(17,16):40.563492
(15,12),(17,26):27.051588
(15,12),(13,26):0.634921
(15,12),(13,25):0.500000
(15,12),(16,25):13.500000
(15,12),(16,21):40.543835
(15,12),(6,21):7.410714
(15,12),(6,27):0.000000
(15,12),(9,27):0.000000
(15,12),(9,28):0.000000
(15,12),(28,28):0.000000
(15,12),(28,22):0.000000
(15,12),(30,22):0.000000
(15,12),(30,13):0.000000
(15,12),(29,13):0.000000
(15,12),(29,17):0.000000
(15,12),(27,17):0.000000
(15,12),(27,6):0.000000
(15,12),(25,6):0.000000
(15,12),(25,4):0.000000
(15,12),(31,4):0.000000
(15,12),(31,31):0.000000
(15,12),(33,31):0.000000
(15,12),(33,33):0.000000
(18,12),(18,11):5.125000
(18,12),(19,11):24.142857
(18,12),(19,15):23.416666
(18,12),(21,15):6.291667
(18,12),(21,3):0.000000
(18,12),(23,3):0.000000
(18,12),(23,7):0.000000
(18,12),(22,7):0.000000
(18,12),(22,10):0.000000
(18,12),(24,10):0.000000
(18,12),(24,18):3.800000
(18,12),(20,18):0.000000
(18,12),(20,16):15.666667
(18,12),(17,16):34.059525
(18,12),(17,26):14.044444
(18,12),(13,26):0.000000
(18,12),(13,25):0.000000
(18,12),(16,25):6.888889
(18,12),(16,21):26.617857
(18,12),(6,21):5.817857
(18,12),(6,27):0.000000
(18,12),(9,27):0.000000
(18,12),(9,28):0.000000
(18,12),(28,28):0.000000
(18,12),(28,22):0.000000
(18,12),(30,22):0.000000
(18,12),(30,13):0.000000
(18,12),(29,13):0.000000
(18,12),(29,17):0.000000
(18,12),(27,17):0.000000
(18,12),(27,6):0.000000
(18,12),(25,6):0.000000
(18,12),(25,4):0.000000
(18,12),(31,4):0.000000
(18,12),(31,31):0.000000
(18,12),(33,31):0.000000
(18,12),(33,33):0.000000
(18,11),(19,11):5.000000
(18,11),(19,15):5.125000
(18,11),(21,15):1.125000
(18,11),(21,3):0.000000
(18,11),(23,3):0.000000
(18,11),(23,7):0.000000
(18,11),(22,7):0.000000
(18,11),(22,10):0.000000
(18,11),(24,10):0.000000
(18,11),(24,18):0.585714
(18,11),(20,18):0.000000
(18,11),(20,16):1.625000
(18,11),(17,16):5.000000
(18,11),(17,26):0.000000
(18,11),(13,26):0.000000
(18,11),(13,25):0.000000
(18,11),(16,25):0.000000
(18,11),(16,21):0.000000
(18,11),(6,21):0.000000
(18,11),(6,27):0.000000
(18,11),(9,27):0.000000
(18,11),(9,28):0.000000
(18,11),(28,28):0.000000
(18,11),(28,22):0.000000
(18,11),(30,22):0.000000
(18,11),(30,13):0.000000
(18,11),(29,13):0.000000
(18,11),(29,17):0.000000
(18,11),(27,17):0.000000
(18,11),(27,6):0.000000
(18,11),(25,6):0.000000
(18,11),(25,4):0.000000
(18,11),(31,4):0.000000
(18,11),(31,31):0.000000
(18,11),(33,31):0.000000
(18,11),(33,33):0.000000
(19,11),(19,15):15.250000
(19,11),(21,15):5.625000
(19,11),(21,3):0.000000
(19,11),(23,3):0.000000
(19,11),(23,7):0.000000
(19,11),(22,7):0.000000
(19,11),(22,10):0.000000
(19,11),(24,10):0.000000
(19,11),(24,18):1.750000
(19,11),(20,18):0.000000
(19,11),(20,16):8.500000
(19,11),(17,16):24.125000
(19,11),(17,26):7.416667
(19,11),(13,26):0.000000
(19,11),(13,25):0.000000
(19,11),(16,25):4.312500
(19,11),(16,21):16.875000
(19,11),(6,21):4.500000
(19,11),(6,27):0.000000
(19,11),(9,27):0.000000
(19,11),(9,28):0.000000
(19,11),(28,28):0.000000
(19,11),(28,22):0.000000
(19,11),(30,22):0.000000
(19,11),(30,13):0.000000
(19,11),(29,13):0.000000
(19,11),(29,17):0.000000
(19,11),(27,17):0.000000
(19,11),(27,6):0.000000
(19,11),(25,6):0.000000
(19,11),(25,4):0.000000
(19,11),(31,4):0.000000
(19,11),(31,31):0.000000
(19,11),(33,31):0.000000
(19,11),(33,33):0.000000
(19,15),(21,15):17.125000
(19,15),(21,3):5.285714
(19,15),(23,3):0.000000
(19,15),(23,7):0.000000
(19,15),(22,7):2.722222
(19,15),(22,10):8.833333
(19,15),(24,10):9.250000
(19,15),(24,18):14.500000
(19,15),(20,18):10.000000
(19,15),(20,16):26.875000
(19,15),(17,16):28.500000
(19,15),(17,26):10.791444
(19,15),(13,26):0.000000
(19,15),(13,25):0.000000
(19,15),(16,25):5.138889
(19,15),(16,21):16.225000
(19,15),(6,21):0.000000
(19,15),(6,27):0.000000
(19,15),(9,27):0.000000
(19,15),(9,28):0.000000
(19,15),(28,28):0.000000
(19,15),(28,22):0.000000
(19,15),(30,22):0.000000
(19,15),(30,13):0.000000
(19,15),(29,13):0.000000
(19,15),(29,17):0.000000
(19,15),(27,17):0.000000
(19,15),(27,6):0.000000
(19,15),(25,6):0.000000
(19,15),(25,4):0.000000
(19,15),(31,4):0.000000
(19,15),(31,31):0.000000
(19,15),(33,31):0.000000
(19,15),(33,33):0.000000
(21,15),(21,3):20.571428
(21,15),(23,3):7.000000
(21,15),(23,7):5.000000
(21,15),(22,7):16.562500
(21,15),(22,10):31.900000
(21,15),(24,10):26.166666
(21,15),(24,18):30.000000
(21,15),(20,18):22.833334
(21,15),(20,16):22.500000
(21,15),(17,16):12.250000
(21,15),(17,26):2.576190
(21,15),(13,26):0.000000
(21,15),(13,25):0.000000
(21,15),(16,25):1.180556
(21,15),(16,21):4.225000
(21,15),(6,21):0.000000
(21,15),(6,27):0.000000
(21,15),(9,27):0.000000
(21,15),(9,28):0.000000
(21,15),(28,28):0.000000
(21,15),(28,22):0.000000
(21,15),(30,22):0.000000
(21,15),(30,13):0.000000
(21,15),(29,13):0.000000
(21,15),(29,17):0.000000
(21,15),(27,17):0.000000
(21,15),(27,6):0.000000
(21,15),(25,6):0.000000
(21,15),(25,4):0.000000
(21,15),(31,4):0.000000
(21,15),(31,31):0.000000
(21,15),(33,31):0.000000
(21,15),(33,33):0.000000
(21,3),(23,3):10.000000
(21,3),(23,7):8.000000
(21,3),(22,7):19.000000
(21,3),(22,10):19.571428
(21,3),(24,10):12.571428
(21,3),(24,18):14.571428
(21,3),(20,18):8.871428
(21,3),(20,16):7.071429
(21,3),(17,16):2.140394
(21,3),(17,26):0.000000
(21,3),(13,26):0.000000
(21,3),(13,25):0.000000
(21,3),(16,25):0.000000
(21,3),(16,21):0.000000
(21,3),(6,21):0.000000
(21,3),(6,27):0.000000
(21,3),(9,27):0.000000
(21,3),(9,28):0.000000
(21,3),(28,28):0.000000
(21,3),(28,22):0.000000
(21,3),(30,22):0.000000
(21,3),(30,13):0.000000
(21,3),(29,13):0.000000
(21,3),(29,17):0.000000
(21,3),(27,17):0.000000
(21,3),(27,6):0.000000
(21,3),(25,6):0.000000
(21,3),(25,4):0.000000
(21,3),(31,4):0.000000
(21,3),(31,31):0.000000
(21,3),(33,31):0.000000
(21,3),(33,33):0.000000
(23,3),(23,7):8.000000
(23,3),(22,7):10.000000
(23,3),(22,10):6.000000
(23,3),(24,10):0.125000
(23,3),(24,18):1.562500
(23,3),(20,18):0.000000
(23,3),(20,16):0.000000
(23,3),(17,16):0.000000
(23,3),(17,26):0.000000
(23,3),(13,26):0.000000
(23,3),(13,25):0.000000
(23,3),(16,25):0.000000
(23,3),(16,21):0.000000
(23,3),(6,21):0.000000
(23,3),(6,27):0.000000
(23,3),(9,27):0.000000
(23,3),(9,28):0.000000
(23,3),(28,28):0.000000
(23,3),(28,22):0.000000
(23,3),(30,22):0.000000
(23,3),(30,13):0.000000
(23,3),(29,13):0.000000
(23,3),(29,17):0.000000
(23,3),(27,17):0.000000
(23,3),(27,6):0.000000
(23,3),(25,6):0.000000
(23,3),(25,4):0.000000
(23,3),(31,4):0.000000
(23,3),(31,31):0.000000
(23,3),(33,31):0.000000
(23,3),(33,33):0.000000
(23,7),(22,7):8.000000
(23,7),(22,10):4.000000
(23,7),(24,10):0.000000
(23,7),(24,18):0.125000
(23,7),(20,18):0.000000
(23,7),(20,16):0.000000
(23,7),(17,16):0.000000
(23,7),(17,26):0.000000
(23,7),(13,26):0.000000
(23,7),(13,25):0.000000
(23,7),(16,25):0.000000
(23,7),(16,21):0.000000
(23,7),(6,21):0.000000
(23,7),(6,27):0.000000
(23,7),(9,27):0.000000
(23,7),(9,28):0.000000
(23,7),(28,28):0.000000
(23,7),(28,22):0.000000
(23,7),(30,22):0.000000
(23,7),(30,13):0.000000
(23,7),(29,13):0.000000
(23,7),(29,17):0.000000
(23,7),(27,17):0.000000
(23,7),(27,6):0.000000
(23,7),(25,6):0.000000
(23,7),(25,4):0.000000
(23,7),(31,4):0.000000
(23,7),(31,31):0.000000
(23,7),(33,31):0.000000
(23,7),(33,33):0.000000
(22,7),(22,10):15.562500
(22,7),(24,10):8.562500
(22,7),(24,18):10.562500
(22,7),(20,18):5.062500
(22,7),(20,16):4.062500
(22,7),(17,16):1.187500
(22,7),(17,26):0.000000
(22,7),(13,26):0.000000
(22,7),(13,25):0.000000
(22,7),(16,25):0.000000
(22,7),(16,21):0.000000
(22,7),(6,21):0.000000
(22,7),(6,27):0.000000
(22,7),(9,27):0.000000
(22,7),(9,28):0.000000
(22,7),(28,28):0.000000
(22,7),(28,22):0.000000
(22,7),(30,22):0.000000
(22,7),(30,13):0.000000
(22,7),(29,13):0.000000
(22,7),(29,17):0.000000
(22,7),(27,17):0.000000
(22,7),(27,6):0.000000
(22,7),(25,6):0.000000
(22,7),(25,4):0.000000
(22,7),(31,4):0.000000
(22,7),(31,31):0.000000
(22,7),(33,31):0.000000
(22,7),(33,33):0.000000
(22,10),(24,10):24.900000
(22,10),(24,18):26.900000
(22,10),(20,18):20.733334
(22,10),(20,16):14.400000
(22,10),(17,16):4.225000
(22,10),(17,26):0.000000
(22,10),(13,26):0.000000
(22,10),(13,25):0.000000
(22,10),(16,25):0.000000
(22,10),(16,21):0.000000
(22,10),(6,21):0.000000
(22,10),(6,27):0.000000
(22,10),(9,27):0.000000
(22,10),(9,28):0.000000
(22,10),(28,28):0.000000
(22,10),(28,22):0.000000
(22,10),(30,22):0.000000
(22,10),(30,13):0.000000
(22,10),(29,13):0.000000
(22,10),(29,17):0.000000
(22,10),(27,17):0.000000
(22,10),(27,6):0.000000
(22,10),(25,6):0.000000
(22,10),(25,4):0.000000
(22,10),(31,4):0.000000
(22,10),(31,31):0.000000
(22,10),(33,31):0.000000
(22,10),(33,33):0.000000
(24,10),(24,18):26.166666
(24,10),(20,18):22.000000
(24,10),(20,16):15.666667
(24,10),(17,16):4.425000
(24,10),(17,26):0.000000
(24,10),(13,26):0.000000
(24,10),(13,25):0.000000
(24,10),(16,25):0.000000
(24,10),(16,21):0.000000
(24,10),(6,21):0.000000
(24,10),(6,27):0.000000
(24,10),(9,27):0.000000
(24,10),(9,28):0.000000
(24,10),(28,28):0.000000
(24,10),(28,22):0.000000
(24,10),(30,22):0.000000
(24,10),(30,13):0.000000
(24,10),(29,13):0.000000
(24,10),(29,17):0.000000
(24,10),(27,17):0.000000
(24,10),(27,6):0.000000
(24,10),(25,6):0.000000
(24,10),(25,4):0.000000
(24,10),(31,4):0.000000
(24,10),(31,31):0.000000
(24,10),(33,31):0.000000
(24,10),(33,33):0.000000
(24,18),(20,18):22.833334
(24,18),(20,16):21.000000
(24,18),(17,16):9.625000
(24,18),(17,26):2.219192
(24,18),(13,26):0.000000
(24,18),(13,25):0.000000
(24,18),(16,25):0.883662
(24,18),(16,21):2.777597
(24,18),(6,21):0.000000
(24,18),(6,27):0.000000
(24,18),(9,27):0.000000
(24,18),(9,28):0.000000
(24,18),(28,28):0.000000
(24,18),(28,22):0.000000
(24,18),(30,22):0.000000
(24,18),(30,13):0.000000
(24,18),(29,13):0.000000
(24,18),(29,17):0.000000
(24,18),(27,17):0.000000
(24,18),(27,6):0.000000
(24,18),(25,6):0.000000
(24,18),(25,4):0.000000
(24,18),(31,4):0.000000
(24,18),(31,31):0.000000
(24,18),(33,31):0.000000
(24,18),(33,33):0.000000
(20,18),(20,16):16.500000
(20,18),(17,16):5.125000
(20,18),(17,26):0.000000
(20,18),(13,26):0.000000
(20,18),(13,25):0.000000
(20,18),(16,25):0.000000
(20,18),(16,21):0.000000
(20,18),(6,21):0.000000
(20,18),(6,27):0.000000
(20,18),(9,27):0.000000
(20,18),(9,28):0.000000
(20,18),(28,28):0.000000
(20,18),(28,22):0.000000
(20,18),(30,22):0.000000
(20,18),(30,13):0.000000
(20,18),(29,13):0.000000
(20,18),(29,17):0.000000
(20,18),(27,17):0.000000
(20,18),(27,6):0.000000
(20,18),(25,6):0.000000
(20,18),(25,4):0.000000
(20,18),(31,4):0.000000
(20,18),(31,31):0.000000
(20,18),(33,31):0.000000
(20,18),(33,33):0.000000
(20,16),(17,16):22.025000
(20,16),(17,26):9.404762
(20,16),(13,26):0.000000
(20,16),(13,25):0.000000
(20,16),(16,25):3.950000
(20,16),(16,21):12.650000
(20,16),(6,21):0.000000
(20,16),(6,27):0.000000
(20,16),(9,27):0.000000
(20,16),(9,28):0.000000
(20,16),(28,28):0.000000
(20,16),(28,22):0.000000
(20,16),(30,22):0.000000
(20,16),(30,13):0.000000
(20,16),(29,13):0.000000
(20,16),(29,17):0.000000
(20,16),(27,17):0.000000
(20,16),(27,6):0.000000
(20,16),(25,6):0.000000
(20,16),(25,4):0.000000
(20,16),(31,4):0.000000
(20,16),(31,31):0.000000
(20,16),(33,31):0.000000
(20,16),(33,33):0.000000
(17,16),(17,26):23.055555
(17,16),(13,26):1.222222
(17,16),(13,25):1.055556
(17,16),(16,25):14.944445
(17,16),(16,21):36.599998
(17,16),(6,21):9.125000
(17,16),(6,27):0.000000
(17,16),(9,27):0.000000
(17,16),(9,28):0.000000
(17,16),(28,28):0.000000
(17,16),(28,22):0.000000
(17,16),(30,22):0.000000
(17,16),(30,13):0.000000
(17,16),(29,13):0.000000
(17,16),(29,17):0.000000
(17,16),(27,17):0.000000
(17,16),(27,6):0.000000
(17,16),(25,6):0.000000
(17,16),(25,4):0.000000
(17,16),(31,4):0.000000
(17,16),(31,31):0.000000
(17,16),(33,31):0.000000
(17,16),(33,33):0.000000
(17,26),(13,26):4.166667
(17,26),(13,25):4.000000
(17,26),(16,25):17.000000
(17,26),(16,21):28.126373
(17,26),(6,21):3.220238
(17,26),(6,27):0.000000
(17,26),(9,27):0.000000
(17,26),(9,28):0.000000
(17,26),(28,28):0.000000
(17,26),(28,22):0.000000
(17,26),(30,22):0.000000
(17,26),(30,13):0.000000
(17,26),(29,13):0.000000
(17,26),(29,17):0.000000
(17,26),(27,17):0.000000
(17,26),(27,6):0.000000
(17,26),(25,6):0.000000
(17,26),(25,4):0.000000
(17,26),(31,4):0.000000
(17,26),(31,31):0.000000
(17,26),(33,31):0.000000
(17,26),(33,33):0.000000
(13,26),(13,25):4.000000
(13,26),(16,25):4.166667
(13,26),(16,21):1.166667
(13,26),(6,21):0.000000
(13,26),(6,27):0.000000
(13,26),(9,27):0.000000
(13,26),(9,28):0.000000
(13,26),(28,28):0.000000
(13,26),(28,22):0.000000
(13,26),(30,22):0.000000
(13,26),(30,13):0.000000
(13,26),(29,13):0.000000
(13,26),(29,17):0.000000
(13,26),(27,17):0.000000
(13,26),(27,6):0.000000
(13,26),(25,6):0.000000
(13,26),(25,4):0.000000
(13,26),(31,4):0.000000
(13,26),(31,31):0.000000
(13,26),(33,31):0.000000
(13,26),(33,33):0.000000
(13,25),(16,25):4.000000
(13,25),(16,21):1.000000
(13,25),(6,21):0.000000
(13,25),(6,27):0.000000
(13,25),(9,27):0.000000
(13,25),(9,28):0.000000
(13,25),(28,28):0.000000
(13,25),(28,22):0.000000
(13,25),(30,22):0.000000
(13,25),(30,13):0.000000
(13,25),(29,13):0.000000
(13,25),(29,17):0.000000
(13,25),(27,17):0.000000
(13,25),(27,6):0.000000
(13,25),(25,6):0.000000
(13,25),(25,4):0.000000
(13,25),(31,4):0.000000
(13,25),(31,31):0.000000
(13,25),(33,31):0.000000
(13,25),(33,33):0.000000
(16,25),(16,21):14.888889
(16,25),(6,21):2.625000
(16,25),(6,27):0.000000
(16,25),(9,27):0.000000
(16,25),(9,28):0.000000
(16,25),(28,28):0.000000
(16,25),(28,22):0.000000
(16,25),(30,22):0.000000
(16,25),(30,13):0.000000
(16,25),(29,13):0.000000
(16,25),(29,17):0.000000
(16,25),(27,17):0.000000
(16,25),(27,6):0.000000
(16,25),(25,6):0.000000
(16,25),(25,4):0.000000
(16,25),(31,4):0.000000
(16,25),(31,31):0.000000
(16,25),(33,31):0.000000
(16,25),(33,33):0.000000
(16,21),(6,21):28.125000
(16,21),(6,27):4.888889
(16,21),(9,27):0.000000
(16,21),(9,28):0.000000
(16,21),(28,28):0.000000
(16,21),(28,22):0.000000
(16,21),(30,22):0.000000
(16,21),(30,13):0.000000
(16,21),(29,13):0.000000
(16,21),(29,17):0.000000
(16,21),(27,17):0.000000
(16,21),(27,6):0.000000
(16,21),(25,6):0.000000
(16,21),(25,4):0.000000
(16,21),(31,4):0.000000
(16,21),(31,31):0.000000
(16,21),(33,31):0.000000
(16,21),(33,33):0.000000
(6,21),(6,27):23.500000
(6,21),(9,27):2.000000
(6,21),(9,28):2.166667
(6,21),(28,28):1.000000
(6,21),(28,22):0.000000
(6,21),(30,22):0.000000
(6,21),(30,13):0.000000
(6,21),(29,13):0.000000
(6,21),(29,17):0.000000
(6,21),(27,17):0.000000
(6,21),(27,6):0.000000
(6,21),(25,6):0.000000
(6,21),(25,4):0.000000
(6,21),(31,4):0.000000
(6,21),(31,31):0.000000
(6,21),(33,31):0.000000
(6,21),(33,33):0.000000
(6,27),(9,27):8.500000
(6,27),(9,28):14.666667
(6,27),(28,28):10.500000
(6,27),(28,22):0.000000
(6,27),(30,22):0.000000
(6,27),(30,13):0.000000
(6,27),(29,13):0.000000
(6,27),(29,17):0.000000
(6,27),(27,17):0.000000
(6,27),(27,6):0.000000
(6,27),(25,6):0.000000
(6,27),(25,4):0.000000
(6,27),(31,4):0.000000
(6,27),(31,31):0.000000
(6,27),(33,31):0.000000
(6,27),(33,33):0.000000
(9,27),(9,28):9.000000
(9,27),(28,28):5.000000
(9,27),(28,22):0.000000
(9,27),(30,22):0.000000
(9,27),(30,13):0.000000
(9,27),(29,13):0.000000
(9,27),(29,17):0.000000
(9,27),(27,17):0.000000
(9,27),(27,6):0.000000
(9,27),(25,6):0.000000
(9,27),(25,4):0.000000
(9,27),(31,4):0.000000
(9,27),(31,31):0.000000
(9,27),(33,31):0.000000
(9,27),(33,33):0.000000
(9,28),(28,28):50.470589
(9,28),(28,22):7.235294
(9,28),(30,22):8.036626
(9,28),(30,13):2.529412
(9,28),(29,13):0.000000
(9,28),(29,17):0.000000
(9,28),(27,17):0.000000
(9,28),(27,6):0.000000
(9,28),(25,6):0.000000
(9,28),(25,4):0.000000
(9,28),(31,4):3.509549
(9,28),(31,31):21.470589
(9,28),(33,31):0.000000
(9,28),(33,33):0.000000
(28,28),(28,22):30.166666
(28,28),(30,22):34.222221
(28,28),(30,13):11.527778
(28,28),(29,13):0.000000
(28,28),(29,17):0.000000
(28,28),(27,17):0.000000
(28,28),(27,6):0.000000
(28,28),(25,6):0.000000
(28,28),(25,4):0.000000
(28,28),(31,4):14.277778
(28,28),(31,31):50.000000
(28,28),(33,31):5.500000
(28,28),(33,33):0.000000
(28,22),(30,22):30.055555
(28,22),(30,13):10.027778
(28,22),(29,13):0.000000
(28,22),(29,17):0.000000
(28,22),(27,17):0.000000
(28,22),(27,6):0.000000
(28,22),(25,6):0.000000
(28,22),(25,4):0.000000
(28,22),(31,4):12.777778
(28,22),(31,31):30.166666
(28,22),(33,31):3.166667
(28,22),(33,33):0.000000
(30,22),(30,13):28.027779
(30,22),(29,13):9.000000
(30,22),(29,17):0.000000
(30,22),(27,17):6.000000
(30,22),(27,6):10.166667
(30,22),(25,6):2.000000
(30,22),(25,4):5.500000
(30,22),(31,4):30.777779
(30,22),(31,31):50.722221
(30,22),(33,31):4.222222
(30,22),(33,33):0.000000
(30,13),(29,13):36.571430
(30,13),(29,17):18.363636
(30,13),(27,17):32.000000
(30,13),(27,6):38.023811
(30,13),(25,6):8.857142
(30,13),(25,4):16.857143
(30,13),(31,4):55.857143
(30,13),(31,31):30.277779
(30,13),(33,31):1.027778
(30,13),(33,33):0.000000
(29,13),(29,17):26.363636
(29,13),(27,17):40.000000
(29,13),(27,6):44.571430
(29,13),(25,6):8.571428
(29,13),(25,4):16.571428
(29,13),(31,4):42.793652
(29,13),(31,31):11.250000
(29,13),(33,31):0.000000
(29,13),(33,33):0.000000
(29,17),(27,17):26.000000
(29,17),(27,6):26.363636
(29,17),(25,6):4.363636
(29,17),(25,4):6.363636
(29,17),(31,4):24.585859
(29,17),(31,31):0.000000
(29,17),(33,31):0.000000
(29,17),(33,33):0.000000
(27,17),(27,6):40.000000
(27,17),(25,6):8.000000
(27,17),(25,4):15.833333
(27,17),(31,4):38.222221
(27,17),(31,31):8.150000
(27,17),(33,31):0.000000
(27,17),(33,33):0.000000
(27,6),(25,6):12.000000
(27,6),(25,4):20.000000
(27,6),(31,4):47.388889
(27,6),(31,31):12.416667
(27,6),(33,31):0.000000
(27,6),(33,33):0.000000
(25,6),(25,4):12.000000
(25,6),(31,4):12.000000
(25,6),(31,31):2.888889
(25,6),(33,31):0.000000
(25,6),(33,33):0.000000
(25,4),(31,4):20.000000
(25,4),(31,31):7.279412
(25,4),(33,31):0.000000
(25,4),(33,33):0.000000
(31,4),(31,31):33.027779
(31,4),(33,31):1.527778
(31,4),(33,33):0.000000
(31,31),(33,31):7.500000
(31,31),(33,33):2.000000
(33,31),(33,33):2.500000
