52
(23,14):(9,16)	(10,13)	(10,14)	(10,15)	(11,14)	(11,15)	(12,14)	(12,15)	(13,14)	(13,15)	(14,14)	(14,15)	(15,14)	(15,15)	(16,14)	(16,15)	(17,14)	(18,14)	(19,14)	(20,14)	(21,12)	(21,13)	(21,14)	(22,13)	(22,14)	(23,13)	(23,14)	(23,15)	(24,13)	(25,13)	(26,12)	(26,14)	
(23,15):(10,13)	(10,14)	(10,15)	(11,14)	(11,15)	(12,14)	(12,15)	(13,14)	(13,15)	(14,14)	(14,15)	(15,14)	(15,15)	(16,14)	(16,15)	(17,14)	(18,14)	(19,14)	(20,14)	(21,12)	(21,13)	(21,14)	(22,13)	(22,14)	(23,13)	(23,14)	(23,15)	
(16,15):(9,16)	(10,13)	(10,14)	(10,15)	(11,14)	(11,15)	(12,14)	(12,15)	(13,14)	(13,15)	(14,14)	(14,15)	(15,14)	(15,15)	(16,14)	(16,15)	(16,16)	(17,14)	(18,14)	(19,14)	(20,14)	(21,13)	(21,14)	(22,13)	(22,14)	(23,13)	(23,14)	(23,15)	(24,13)	(25,13)	(26,12)	
(16,16):(9,16)	(10,13)	(10,14)	(10,15)	(11,14)	(11,15)	(12,14)	(12,15)	(13,14)	(13,15)	(14,14)	(14,15)	(15,14)	(15,15)	(16,14)	(16,15)	(16,16)	
(9,16):(9,3)	(9,4)	(9,5)	(9,6)	(9,7)	(9,8)	(9,16)	(10,3)	(10,4)	(10,5)	(10,6)	(10,7)	(10,8)	(10,9)	(10,10)	(10,13)	(10,14)	(10,15)	(11,3)	(11,4)	(11,14)	(11,15)	(12,14)	(12,15)	(13,14)	(13,15)	(14,14)	(14,15)	(15,14)	(15,15)	(16,14)	(16,15)	(16,16)	(17,14)	(18,14)	(19,14)	(20,14)	(21,13)	(21,14)	(22,13)	(22,14)	(23,13)	(23,14)	(24,13)	(25,13)	(26,12)	
(9,8):(4,3)	(5,3)	(5,4)	(6,3)	(6,4)	(6,5)	(6,6)	(6,7)	(6,8)	(7,3)	(7,4)	(7,5)	(7,6)	(7,7)	(7,8)	(8,3)	(8,4)	(8,5)	(8,6)	(8,7)	(8,8)	(9,3)	(9,4)	(9,5)	(9,6)	(9,7)	(9,8)	(9,16)	(10,3)	(10,4)	(10,5)	(10,6)	(10,7)	(10,8)	(10,9)	(10,10)	(10,13)	(10,14)	(10,15)	(11,3)	(11,4)	(11,5)	(11,6)	(11,7)	(11,8)	(11,9)	(12,3)	(12,4)	(12,5)	(12,6)	(12,7)	(12,8)	(12,9)	(13,3)	(13,7)	(13,8)	(13,9)	(14,8)	(14,9)	(15,8)	(15,9)	(16,8)	(16,9)	(17,8)	(17,9)	(17,10)	(18,7)	(18,8)	(19,7)	(19,8)	(20,7)	(20,8)	(21,7)	(21,8)	(22,7)	(22,8)	(23,7)	(23,8)	(24,7)	(24,8)	(25,9)	
(8,8):(5,3)	(5,4)	(5,17)	(6,3)	(6,4)	(6,5)	(6,6)	(6,7)	(6,8)	(6,9)	(6,10)	(6,11)	(6,12)	(6,13)	(6,14)	(7,3)	(7,4)	(7,5)	(7,6)	(7,7)	(7,8)	(7,9)	(7,10)	(7,11)	(8,3)	(8,4)	(8,5)	(8,6)	(8,7)	(8,8)	(8,11)	(9,3)	(9,4)	(9,5)	(9,6)	(9,7)	(9,8)	(10,3)	(10,4)	(10,5)	(10,6)	(10,7)	(10,8)	(11,3)	(11,4)	(11,5)	(11,6)	(11,7)	(11,8)	(12,3)	(12,4)	(12,5)	(12,6)	(12,7)	(12,8)	(13,3)	(13,7)	(13,8)	(14,8)	(15,8)	(16,8)	(17,8)	(18,7)	(18,8)	(19,7)	(19,8)	(20,7)	(20,8)	(21,7)	(21,8)	(22,7)	(22,8)	(23,7)	(23,8)	(24,7)	(24,8)	
(8,11):(5,3)	(5,4)	(6,3)	(6,4)	(6,5)	(6,6)	(6,7)	(6,8)	(6,9)	(6,10)	(6,11)	(7,3)	(7,4)	(7,5)	(7,6)	(7,7)	(7,8)	(7,9)	(7,10)	(7,11)	(8,3)	(8,4)	(8,5)	(8,6)	(8,7)	(8,8)	(8,11)	
(7,11):(4,20)	(5,3)	(5,4)	(5,17)	(5,18)	(5,19)	(5,20)	(6,3)	(6,4)	(6,5)	(6,6)	(6,7)	(6,8)	(6,9)	(6,10)	(6,11)	(6,12)	(6,13)	(6,14)	(6,15)	(6,16)	(6,17)	(6,18)	(6,19)	(6,20)	(6,21)	(6,22)	(7,3)	(7,4)	(7,5)	(7,6)	(7,7)	(7,8)	(7,9)	(7,10)	(7,11)	(7,20)	(7,21)	(8,3)	(8,4)	(8,5)	(8,6)	(8,7)	(8,8)	(8,11)	(9,3)	(9,4)	(9,5)	
(7,20):(2,18)	(3,19)	(3,21)	(4,17)	(4,18)	(4,19)	(4,20)	(5,3)	(5,4)	(5,17)	(5,18)	(5,19)	(5,20)	(6,3)	(6,4)	(6,5)	(6,6)	(6,7)	(6,8)	(6,9)	(6,10)	(6,11)	(6,12)	(6,13)	(6,14)	(6,15)	(6,16)	(6,17)	(6,18)	(6,19)	(6,20)	(6,21)	(6,22)	(7,3)	(7,4)	(7,5)	(7,6)	(7,7)	(7,8)	(7,9)	(7,10)	(7,11)	(7,20)	(7,21)	(8,21)	(9,21)	(10,21)	(11,21)	(12,21)	(13,21)	(14,21)	(14,22)	(15,21)	(15,22)	(16,21)	(16,22)	(17,21)	(17,22)	(18,21)	(18,22)	(18,23)	(19,20)	
(19,20):(3,21)	(4,20)	(5,20)	(6,20)	(6,21)	(6,22)	(7,20)	(7,21)	(8,21)	(9,21)	(10,21)	(11,21)	(11,25)	(12,21)	(12,25)	(12,26)	(13,21)	(13,24)	(13,25)	(14,21)	(14,22)	(14,23)	(14,24)	(14,25)	(15,21)	(15,22)	(15,23)	(15,24)	(15,25)	(16,21)	(16,22)	(16,23)	(16,24)	(16,25)	(17,21)	(17,22)	(17,23)	(17,24)	(17,25)	(18,21)	(18,22)	(18,23)	(18,24)	(18,25)	(19,20)	(19,24)	(19,25)	
(19,24):(11,23)	(11,25)	(12,21)	(12,24)	(12,25)	(12,26)	(13,21)	(13,24)	(13,25)	(14,21)	(14,22)	(14,23)	(14,24)	(14,25)	(15,21)	(15,22)	(15,23)	(15,24)	(15,25)	(16,21)	(16,22)	(16,23)	(16,24)	(16,25)	(17,21)	(17,22)	(17,23)	(17,24)	(17,25)	(18,21)	(18,22)	(18,23)	(18,24)	(18,25)	(19,20)	(19,24)	(19,25)	(20,24)	(20,26)	
(20,24):(11,25)	(12,24)	(12,25)	(12,26)	(13,24)	(13,25)	(14,24)	(14,25)	(15,24)	(15,25)	(16,24)	(16,25)	(17,24)	(17,25)	(18,24)	(18,25)	(19,24)	(19,25)	(20,24)	(20,26)	
(20,26):(11,23)	(12,24)	(12,25)	(12,26)	(13,21)	(13,24)	(13,25)	(14,21)	(14,22)	(14,23)	(14,24)	(14,25)	(15,21)	(15,22)	(15,23)	(15,24)	(15,25)	(16,21)	(16,22)	(16,23)	(16,24)	(16,25)	(17,21)	(17,22)	(17,23)	(17,24)	(17,25)	(18,22)	(18,23)	(18,24)	(18,25)	(19,24)	(19,25)	(20,24)	(20,26)	
(12,26):(12,24)	(12,25)	(12,26)	(13,24)	(13,25)	(14,23)	(14,24)	(14,25)	(15,22)	(15,23)	(15,24)	(15,25)	(16,21)	(16,22)	(16,23)	(16,24)	(16,25)	(17,21)	(17,22)	(17,23)	(17,24)	(17,25)	(18,21)	(18,22)	(18,23)	(18,24)	(18,25)	(19,20)	(19,24)	(19,25)	(20,24)	(20,26)	
(12,25):(11,23)	(11,25)	(12,24)	(12,25)	(12,26)	(13,24)	(13,25)	(14,23)	(14,24)	(14,25)	(15,22)	(15,23)	(15,24)	(15,25)	(16,21)	(16,22)	(16,23)	(16,24)	(16,25)	(17,21)	(17,22)	(17,23)	(17,24)	(17,25)	(18,21)	(18,22)	(18,23)	(18,24)	(18,25)	(19,20)	(19,24)	(19,25)	(20,24)	(20,26)	
(11,25):(11,23)	(11,25)	(12,24)	(12,25)	(13,24)	(13,25)	(14,23)	(14,24)	(14,25)	(15,23)	(15,24)	(15,25)	(16,22)	(16,23)	(16,24)	(16,25)	(17,21)	(17,22)	(17,23)	(17,24)	(17,25)	(18,21)	(18,22)	(18,23)	(18,24)	(18,25)	(19,20)	(19,24)	(19,25)	(20,24)	
(11,23):(11,23)	(11,25)	(12,24)	(12,25)	(13,24)	(13,25)	(14,23)	(14,24)	(14,25)	(15,23)	(15,24)	(15,25)	(16,23)	(16,24)	(16,25)	(17,23)	(17,24)	(17,25)	(18,23)	(18,24)	(18,25)	(19,24)	(19,25)	(20,26)	
(14,23):(11,23)	(11,25)	(12,24)	(12,25)	(12,26)	(13,24)	(13,25)	(14,21)	(14,22)	(14,23)	(14,24)	(14,25)	(15,21)	(15,22)	(15,23)	(15,24)	(15,25)	(16,21)	(16,22)	(16,23)	(16,24)	(16,25)	(17,21)	(17,22)	(17,23)	(17,24)	(17,25)	(18,21)	(18,22)	(18,23)	(18,24)	(18,25)	(19,20)	(19,24)	(19,25)	(20,26)	
(14,22):(3,19)	(4,20)	(5,20)	(6,20)	(6,21)	(6,22)	(7,20)	(7,21)	(8,21)	(9,21)	(10,21)	(11,21)	(12,21)	(13,21)	(14,21)	(14,22)	(14,23)	(14,24)	(14,25)	(15,21)	(15,22)	(15,23)	(15,24)	(15,25)	(16,21)	(16,22)	(16,23)	(16,24)	(16,25)	(17,21)	(17,22)	(17,23)	(17,24)	(17,25)	(18,21)	(18,22)	(18,23)	(18,24)	(18,25)	(19,20)	(19,24)	(19,25)	(20,26)	
(6,22):(6,3)	(6,4)	(6,5)	(6,6)	(6,7)	(6,8)	(6,9)	(6,10)	(6,11)	(6,12)	(6,13)	(6,14)	(6,15)	(6,16)	(6,17)	(6,18)	(6,19)	(6,20)	(6,21)	(6,22)	(7,3)	(7,4)	(7,5)	(7,6)	(7,7)	(7,8)	(7,9)	(7,10)	(7,11)	(7,20)	(7,21)	(8,21)	(9,21)	(10,21)	(11,21)	(12,21)	(13,21)	(14,21)	(14,22)	(15,21)	(15,22)	(16,21)	(16,22)	(17,21)	(17,22)	(18,21)	(18,22)	(19,20)	
(6,21):(2,18)	(3,19)	(3,21)	(4,17)	(4,18)	(4,19)	(4,20)	(5,3)	(5,4)	(5,17)	(5,18)	(5,19)	(5,20)	(6,3)	(6,4)	(6,5)	(6,6)	(6,7)	(6,8)	(6,9)	(6,10)	(6,11)	(6,12)	(6,13)	(6,14)	(6,15)	(6,16)	(6,17)	(6,18)	(6,19)	(6,20)	(6,21)	(6,22)	(7,3)	(7,4)	(7,5)	(7,6)	(7,7)	(7,8)	(7,9)	(7,10)	(7,11)	(7,20)	(7,21)	(8,21)	(9,21)	(10,21)	(11,21)	(12,21)	(13,21)	(14,21)	(14,22)	(15,21)	(15,22)	(16,21)	(16,22)	(17,21)	(17,22)	(18,21)	(18,22)	(19,20)	
(3,21):(3,19)	(3,21)	(4,18)	(4,19)	(4,20)	(5,17)	(5,18)	(5,19)	(5,20)	(6,15)	(6,16)	(6,17)	(6,18)	(6,19)	(6,20)	(6,21)	(7,20)	(7,21)	(8,21)	(9,21)	(10,21)	(11,21)	(12,21)	(13,21)	(14,21)	(15,21)	(16,21)	(17,21)	(18,21)	(19,20)	
(3,19):(2,18)	(2,19)	(3,19)	(3,21)	(4,18)	(4,19)	(4,20)	(5,17)	(5,18)	(5,19)	(5,20)	(6,16)	(6,17)	(6,18)	(6,19)	(6,20)	(6,21)	(7,20)	(7,21)	(8,21)	(9,21)	(10,21)	(11,21)	(14,22)	(15,22)	(18,23)	
(2,19):(2,18)	(2,19)	(3,19)	(4,18)	(4,19)	(5,18)	(5,19)	(6,17)	(6,18)	(6,19)	
(2,18):(2,18)	(2,19)	(3,19)	(4,18)	(4,19)	(4,20)	(5,18)	(5,19)	(5,20)	(6,18)	(6,19)	(6,20)	(6,21)	(7,20)	(7,21)	(8,21)	(9,21)	
(4,18):(2,18)	(2,19)	(3,19)	(3,21)	(4,17)	(4,18)	(4,19)	(4,20)	(5,17)	(5,18)	(5,19)	(5,20)	(6,16)	(6,17)	(6,18)	(6,19)	(6,20)	(6,21)	(7,20)	(7,21)	(8,21)	
(4,17):(4,17)	(4,18)	(4,19)	(4,20)	(5,17)	(5,18)	(5,19)	(5,20)	(6,17)	(6,18)	(6,19)	(6,20)	(6,21)	(7,20)	(7,21)	(8,21)	
(5,17):(3,19)	(3,21)	(4,17)	(4,18)	(4,19)	(4,20)	(5,3)	(5,4)	(5,17)	(5,18)	(5,19)	(5,20)	(6,3)	(6,4)	(6,5)	(6,6)	(6,7)	(6,8)	(6,9)	(6,10)	(6,11)	(6,12)	(6,13)	(6,14)	(6,15)	(6,16)	(6,17)	(6,18)	(6,19)	(6,20)	(6,21)	(7,3)	(7,4)	(7,5)	(7,6)	(7,7)	(7,8)	(7,9)	(7,10)	(7,11)	(7,20)	(7,21)	(8,3)	(8,4)	(8,5)	(8,6)	(8,7)	(8,8)	(9,3)	(9,4)	(9,5)	
(5,4):(1,2)	(1,4)	(2,3)	(3,3)	(4,3)	(5,3)	(5,4)	(5,17)	(5,18)	(5,19)	(5,20)	(6,3)	(6,4)	(6,5)	(6,6)	(6,7)	(6,8)	(6,9)	(6,10)	(6,11)	(6,12)	(6,13)	(6,14)	(6,15)	(6,16)	(6,17)	(6,18)	(6,19)	(6,20)	(6,21)	(7,3)	(7,4)	(7,5)	(7,6)	(7,7)	(7,8)	(7,9)	(7,10)	(7,11)	(7,20)	(7,21)	(8,3)	(8,4)	(8,5)	(8,6)	(8,7)	(8,8)	(8,11)	(9,3)	(9,4)	(9,5)	(9,6)	(9,7)	(9,8)	(10,3)	(10,4)	(10,5)	(10,6)	(10,7)	(10,8)	(10,9)	(11,3)	(11,4)	(11,5)	(11,6)	(11,7)	(11,8)	(11,9)	(12,3)	(12,4)	(12,5)	(12,6)	(12,7)	(12,8)	(12,9)	(13,3)	(13,7)	(13,8)	(13,9)	(14,8)	(14,9)	(15,2)	(15,8)	(15,9)	(16,9)	(17,9)	(17,10)	
(1,4):(1,2)	(1,4)	(2,3)	(3,3)	(4,3)	(5,3)	(5,4)	(6,3)	(6,4)	(7,3)	(7,4)	(8,3)	(8,4)	(9,3)	(9,4)	(10,3)	(10,4)	(11,3)	(11,4)	(12,3)	(12,4)	(13,3)	(15,2)	
(1,2):(1,2)	(1,4)	(2,3)	(3,3)	(4,3)	(5,3)	(5,4)	(6,3)	(6,4)	(7,3)	(7,4)	(7,5)	(8,3)	(8,4)	(8,5)	(9,3)	(9,4)	(9,5)	(9,6)	(10,3)	(10,4)	(10,5)	(10,6)	(11,3)	(11,4)	(11,5)	(11,6)	(11,7)	(12,3)	(12,4)	(12,5)	(12,6)	(12,7)	(13,3)	(13,7)	(13,8)	(14,8)	(15,2)	(15,3)	(15,8)	(15,9)	(16,9)	(17,9)	(17,10)	
(15,2):(1,2)	(1,4)	(2,3)	(3,3)	(4,3)	(5,3)	(5,4)	(6,3)	(6,4)	(6,5)	(6,6)	(7,3)	(7,4)	(7,5)	(7,6)	(8,3)	(8,4)	(8,5)	(9,3)	(9,4)	(9,5)	(10,3)	(10,4)	(11,3)	(11,4)	(12,3)	(13,3)	(15,2)	(15,3)	
(15,3):(1,2)	(2,3)	(3,3)	(4,3)	(5,3)	(6,3)	(7,3)	(8,3)	(9,3)	(10,3)	(11,3)	(12,3)	(13,3)	(15,2)	(15,3)	
(13,3):(1,2)	(1,4)	(2,3)	(3,3)	(4,3)	(5,3)	(5,4)	(6,3)	(6,4)	(6,5)	(6,6)	(6,7)	(6,8)	(6,9)	(6,10)	(7,3)	(7,4)	(7,5)	(7,6)	(7,7)	(7,8)	(7,9)	(8,3)	(8,4)	(8,5)	(8,6)	(8,7)	(8,8)	(9,3)	(9,4)	(9,5)	(9,6)	(9,7)	(9,8)	(10,3)	(10,4)	(10,5)	(10,6)	(10,7)	(10,8)	(10,9)	(10,10)	(11,3)	(11,4)	(11,5)	(11,6)	(11,7)	(11,8)	(11,9)	(12,3)	(12,4)	(12,5)	(12,6)	(12,7)	(12,8)	(12,9)	(13,3)	(13,7)	(13,8)	(13,9)	(15,2)	(15,3)	
(13,7):(1,2)	(3,3)	(4,3)	(5,3)	(5,4)	(6,3)	(6,4)	(6,5)	(6,6)	(6,7)	(6,8)	(7,3)	(7,4)	(7,5)	(7,6)	(7,7)	(7,8)	(8,3)	(8,4)	(8,5)	(8,6)	(8,7)	(8,8)	(9,3)	(9,4)	(9,5)	(9,6)	(9,7)	(9,8)	(10,3)	(10,4)	(10,5)	(10,6)	(10,7)	(10,8)	(10,9)	(10,10)	(11,3)	(11,4)	(11,5)	(11,6)	(11,7)	(11,8)	(11,9)	(12,3)	(12,4)	(12,5)	(12,6)	(12,7)	(12,8)	(12,9)	(13,3)	(13,7)	(13,8)	(13,9)	(14,8)	(14,9)	(15,8)	(15,9)	(16,8)	(16,9)	(17,8)	(17,9)	(17,10)	(18,7)	(18,8)	(19,7)	(19,8)	(20,7)	(20,8)	(21,7)	(21,8)	(22,7)	(22,8)	(23,7)	(23,8)	(24,7)	(24,8)	(25,9)	
(18,7):(6,7)	(6,8)	(7,7)	(7,8)	(8,7)	(8,8)	(9,7)	(9,8)	(10,7)	(10,8)	(10,9)	(10,10)	(11,7)	(11,8)	(11,9)	(12,7)	(12,8)	(12,9)	(13,7)	(13,8)	(13,9)	(14,8)	(14,9)	(15,8)	(15,9)	(16,8)	(16,9)	(17,8)	(17,9)	(18,6)	(18,7)	(18,8)	(19,7)	(19,8)	(20,7)	(20,8)	(21,7)	(21,8)	(22,6)	(22,7)	(22,8)	(23,6)	(23,7)	(23,8)	(24,6)	(24,7)	(24,8)	(25,9)	
(18,6):(18,6)	(18,7)	(18,8)	(19,7)	(19,8)	(20,7)	(20,8)	(21,7)	(21,8)	(22,6)	(22,7)	(22,8)	(23,6)	(23,7)	(23,8)	(24,6)	(24,7)	(24,8)	(25,9)	
(22,6):(10,9)	(10,10)	(11,9)	(12,9)	(13,9)	(14,8)	(14,9)	(15,8)	(15,9)	(16,8)	(16,9)	(17,8)	(17,9)	(18,6)	(18,7)	(18,8)	(19,7)	(19,8)	(20,7)	(20,8)	(21,7)	(21,8)	(22,1)	(22,6)	(22,7)	(22,8)	(23,2)	(23,3)	(23,4)	(23,5)	(23,6)	(23,7)	(23,8)	(24,1)	(24,5)	(24,6)	(24,7)	(24,8)	(25,5)	(25,9)	
(22,1):(22,1)	(22,6)	(22,7)	(22,8)	(23,2)	(23,3)	(23,4)	(23,5)	(23,6)	(23,7)	(23,8)	(24,1)	(24,5)	(24,6)	(24,7)	(24,8)	(25,9)	
(24,1):(22,1)	(22,6)	(22,7)	(22,8)	(23,2)	(23,3)	(23,4)	(23,5)	(23,6)	(23,7)	(23,8)	(24,1)	(24,5)	(24,6)	(24,7)	(24,8)	
(24,5):(16,9)	(17,9)	(18,8)	(19,8)	(20,7)	(20,8)	(21,7)	(21,8)	(22,1)	(22,6)	(22,7)	(22,8)	(23,2)	(23,3)	(23,4)	(23,5)	(23,6)	(23,7)	(23,8)	(24,1)	(24,5)	(24,6)	(24,7)	(24,8)	(25,5)	(25,9)	
(25,5):(10,10)	(13,9)	(14,9)	(15,9)	(16,8)	(16,9)	(17,8)	(17,9)	(18,8)	(19,7)	(19,8)	(20,7)	(20,8)	(21,7)	(21,8)	(22,6)	(22,7)	(22,8)	(23,5)	(23,6)	(23,7)	(23,8)	(24,5)	(24,6)	(24,7)	(24,8)	(25,5)	(25,9)	
(25,9):(6,6)	(6,7)	(7,6)	(7,7)	(8,7)	(9,7)	(9,8)	(10,7)	(10,8)	(10,9)	(11,7)	(11,8)	(11,9)	(12,7)	(12,8)	(12,9)	(13,7)	(13,8)	(13,9)	(14,8)	(14,9)	(15,8)	(15,9)	(16,8)	(16,9)	(17,8)	(17,9)	(18,6)	(18,7)	(18,8)	(19,7)	(19,8)	(20,7)	(20,8)	(21,7)	(21,8)	(22,1)	(22,6)	(22,7)	(22,8)	(23,2)	(23,3)	(23,4)	(23,5)	(23,6)	(23,7)	(23,8)	(24,5)	(24,6)	(24,7)	(24,8)	(25,5)	(25,9)	
(17,9):(1,2)	(3,3)	(4,3)	(5,3)	(5,4)	(6,4)	(6,5)	(6,6)	(6,7)	(7,4)	(7,5)	(7,6)	(7,7)	(8,5)	(8,6)	(8,7)	(9,5)	(9,6)	(9,7)	(9,8)	(10,6)	(10,7)	(10,8)	(10,9)	(10,10)	(11,6)	(11,7)	(11,8)	(11,9)	(12,7)	(12,8)	(12,9)	(13,7)	(13,8)	(13,9)	(14,8)	(14,9)	(15,8)	(15,9)	(16,8)	(16,9)	(17,8)	(17,9)	(17,10)	(18,7)	(18,8)	(19,7)	(19,8)	(20,7)	(20,8)	(21,7)	(21,8)	(22,6)	(22,7)	(22,8)	(23,6)	(23,7)	(23,8)	(24,5)	(24,6)	(24,7)	(24,8)	(25,5)	(25,9)	
(17,10):(1,2)	(3,3)	(4,3)	(5,3)	(5,4)	(6,3)	(6,4)	(6,5)	(6,6)	(6,7)	(7,3)	(7,4)	(7,5)	(7,6)	(7,7)	(8,4)	(8,5)	(8,6)	(8,7)	(9,4)	(9,5)	(9,6)	(9,7)	(9,8)	(10,5)	(10,6)	(10,7)	(10,8)	(10,9)	(10,10)	(11,6)	(11,7)	(11,8)	(11,9)	(12,7)	(12,8)	(12,9)	(13,7)	(13,8)	(13,9)	(14,8)	(14,9)	(15,8)	(15,9)	(16,8)	(16,9)	(17,8)	(17,9)	(17,10)	
(10,10):(7,3)	(7,4)	(8,3)	(8,4)	(8,5)	(8,6)	(9,3)	(9,4)	(9,5)	(9,6)	(9,7)	(9,8)	(9,16)	(10,3)	(10,4)	(10,5)	(10,6)	(10,7)	(10,8)	(10,9)	(10,10)	(10,13)	(10,14)	(10,15)	(11,3)	(11,4)	(11,5)	(11,6)	(11,7)	(11,8)	(11,9)	(12,3)	(12,4)	(12,5)	(12,6)	(12,7)	(12,8)	(12,9)	(13,3)	(13,7)	(13,8)	(13,9)	(14,8)	(14,9)	(15,8)	(15,9)	(16,8)	(16,9)	(17,8)	(17,9)	(17,10)	(18,7)	(18,8)	(19,7)	(19,8)	(20,7)	(20,8)	(21,7)	(21,8)	(22,6)	(22,7)	(22,8)	(23,6)	(23,7)	(23,8)	(24,6)	(24,7)	(24,8)	(25,5)	
(10,13):(8,3)	(9,3)	(9,4)	(9,5)	(9,6)	(9,7)	(9,8)	(9,16)	(10,3)	(10,4)	(10,5)	(10,6)	(10,7)	(10,8)	(10,9)	(10,10)	(10,13)	(10,14)	(10,15)	(11,14)	(11,15)	(12,14)	(12,15)	(13,14)	(13,15)	(14,14)	(14,15)	(15,14)	(15,15)	(16,14)	(16,15)	(16,16)	(17,14)	(18,14)	(19,14)	(20,14)	(21,13)	(21,14)	(22,13)	(22,14)	(23,13)	(23,14)	(23,15)	(24,13)	(25,13)	(26,14)	
(21,13):(9,16)	(10,13)	(10,14)	(10,15)	(11,14)	(11,15)	(12,14)	(12,15)	(13,14)	(13,15)	(14,14)	(14,15)	(15,14)	(15,15)	(16,14)	(16,15)	(17,14)	(18,14)	(19,14)	(20,14)	(21,12)	(21,13)	(21,14)	(22,13)	(22,14)	(23,13)	(23,14)	(23,15)	(24,13)	(25,13)	(26,12)	(26,14)	
(21,12):(21,12)	(21,13)	(21,14)	(22,13)	(22,14)	(23,13)	(23,14)	(23,15)	(24,13)	(25,13)	(26,12)	(26,14)	
(26,12):(9,16)	(11,15)	(12,15)	(13,15)	(14,15)	(15,15)	(16,14)	(16,15)	(17,14)	(18,14)	(19,14)	(20,14)	(21,12)	(21,13)	(21,14)	(22,13)	(22,14)	(23,13)	(23,14)	(24,13)	(25,13)	(26,12)	(26,14)	
(26,14):(10,13)	(10,14)	(11,14)	(12,14)	(13,14)	(14,14)	(15,14)	(16,14)	(17,14)	(18,14)	(19,14)	(20,14)	(21,12)	(21,13)	(21,14)	(22,13)	(22,14)	(23,13)	(23,14)	(24,13)	(25,13)	(26,12)	(26,14)	
(23,14):39.538460
(23,15):30.076923
(16,15):41.273811
(16,16):21.250000
(9,16):53.190475
(9,8):96.022224
(8,8):79.449997
(8,11):27.857143
(7,11):57.238094
(7,20):74.696426
(19,20):54.299999
(19,24):45.000000
(20,24):17.000000
(20,26):38.937500
(12,26):35.000000
(12,25):35.500000
(11,25):25.250000
(11,23):24.687500
(14,23):39.900002
(14,22):52.672565
(6,22):47.681820
(6,21):76.396812
(3,21):30.833334
(3,19):27.159090
(2,19):7.250000
(2,18):16.333334
(4,18):21.666666
(4,17):14.750000
(5,17):60.208332
(5,4):103.303925
(1,4):25.833334
(1,2):46.799999
(15,2):34.000000
(15,3):14.000000
(13,3):71.666664
(13,7):90.400002
(18,7):52.512501
(18,6):21.000000
(22,6):47.208332
(22,1):19.000000
(24,1):17.799999
(24,5):30.125000
(25,5):30.000000
(25,9):56.833332
(17,9):71.688095
(17,10):53.333332
(10,10):77.809525
(10,13):52.599998
(21,13):41.750000
(21,12):12.000000
(26,12):26.183332
(26,14):22.031250
(23,14),(23,15):30.038462
(23,14),(16,15):37.645603
(23,14),(16,16):17.538462
(23,14),(9,16):33.395603
(23,14),(9,8):3.760684
(23,14),(8,8):0.000000
(23,14),(8,11):0.000000
(23,14),(7,11):0.000000
(23,14),(7,20):0.000000
(23,14),(19,20):0.000000
(23,14),(19,24):0.000000
(23,14),(20,24):0.000000
(23,14),(20,26):0.000000
(23,14),(12,26):0.000000
(23,14),(12,25):0.000000
(23,14),(11,25):0.000000
(23,14),(11,23):0.000000
(23,14),(14,23):0.000000
(23,14),(14,22):0.000000
(23,14),(6,22):0.000000
(23,14),(6,21):0.000000
(23,14),(3,21):0.000000
(23,14),(3,19):0.000000
(23,14),(2,19):0.000000
(23,14),(2,18):0.000000
(23,14),(4,18):0.000000
(23,14),(4,17):0.000000
(23,14),(5,17):0.000000
(23,14),(5,4):0.000000
(23,14),(1,4):0.000000
(23,14),(1,2):0.000000
(23,14),(15,2):0.000000
(23,14),(15,3):0.000000
(23,14),(13,3):0.000000
(23,14),(13,7):0.000000
(23,14),(18,7):0.000000
(23,14),(18,6):0.000000
(23,14),(22,6):0.000000
(23,14),(22,1):0.000000
(23,14),(24,1):0.000000
(23,14),(24,5):0.000000
(23,14),(25,5):0.000000
(23,14),(25,9):0.000000
(23,14),(17,9):0.000000
(23,14),(17,10):0.000000
(23,14),(10,10):2.967033
(23,14),(10,13):34.538460
(23,14),(21,13):39.500000
(23,14),(21,12):12.000000
(23,14),(26,12):24.350000
(23,14),(26,14):22.031250
(23,15),(16,15):28.876923
(23,15),(16,16):14.076923
(23,15),(9,16):25.076923
(23,15),(9,8):2.476923
(23,15),(8,8):0.000000
(23,15),(8,11):0.000000
(23,15),(7,11):0.000000
(23,15),(7,20):0.000000
(23,15),(19,20):0.000000
(23,15),(19,24):0.000000
(23,15),(20,24):0.000000
(23,15),(20,26):0.000000
(23,15),(12,26):0.000000
(23,15),(12,25):0.000000
(23,15),(11,25):0.000000
(23,15),(11,23):0.000000
(23,15),(14,23):0.000000
(23,15),(14,22):0.000000
(23,15),(6,22):0.000000
(23,15),(6,21):0.000000
(23,15),(3,21):0.000000
(23,15),(3,19):0.000000
(23,15),(2,19):0.000000
(23,15),(2,18):0.000000
(23,15),(4,18):0.000000
(23,15),(4,17):0.000000
(23,15),(5,17):0.000000
(23,15),(5,4):0.000000
(23,15),(1,4):0.000000
(23,15),(1,2):0.000000
(23,15),(15,2):0.000000
(23,15),(15,3):0.000000
(23,15),(13,3):0.000000
(23,15),(13,7):0.000000
(23,15),(18,7):0.000000
(23,15),(18,6):0.000000
(23,15),(22,6):0.000000
(23,15),(22,1):0.000000
(23,15),(24,1):0.000000
(23,15),(24,5):0.000000
(23,15),(25,5):0.000000
(23,15),(25,9):0.000000
(23,15),(17,9):0.000000
(23,15),(17,10):0.000000
(23,15),(10,10):2.076923
(23,15),(10,13):28.076923
(23,15),(21,13):30.000000
(23,15),(21,12):6.000000
(23,15),(26,12):15.250000
(23,15),(26,14):16.031250
(16,15),(16,16):21.166666
(16,15),(9,16):37.023811
(16,15),(9,8):4.066667
(16,15),(8,8):0.000000
(16,15),(8,11):0.000000
(16,15),(7,11):0.000000
(16,15),(7,20):0.000000
(16,15),(19,20):0.000000
(16,15),(19,24):0.000000
(16,15),(20,24):0.000000
(16,15),(20,26):0.000000
(16,15),(12,26):0.000000
(16,15),(12,25):0.000000
(16,15),(11,25):0.000000
(16,15),(11,23):0.000000
(16,15),(14,23):0.000000
(16,15),(14,22):0.000000
(16,15),(6,22):0.000000
(16,15),(6,21):0.000000
(16,15),(3,21):0.000000
(16,15),(3,19):0.000000
(16,15),(2,19):0.000000
(16,15),(2,18):0.000000
(16,15),(4,18):0.000000
(16,15),(4,17):0.000000
(16,15),(5,17):0.000000
(16,15),(5,4):0.000000
(16,15),(1,4):0.000000
(16,15),(1,2):0.000000
(16,15),(15,2):0.000000
(16,15),(15,3):0.000000
(16,15),(13,3):0.000000
(16,15),(13,7):0.000000
(16,15),(18,7):0.000000
(16,15),(18,6):0.000000
(16,15),(22,6):0.000000
(16,15),(22,1):0.000000
(16,15),(24,1):0.000000
(16,15),(24,5):0.000000
(16,15),(25,5):0.000000
(16,15),(25,9):0.000000
(16,15),(17,9):0.000000
(16,15),(17,10):0.000000
(16,15),(10,10):3.166667
(16,15),(10,13):37.523811
(16,15),(21,13):39.857143
(16,15),(21,12):10.107142
(16,15),(26,12):24.290476
(16,15),(26,14):20.138393
(16,16),(9,16):21.250000
(16,16),(9,8):4.150000
(16,16),(8,8):0.000000
(16,16),(8,11):0.000000
(16,16),(7,11):0.000000
(16,16),(7,20):0.000000
(16,16),(19,20):0.000000
(16,16),(19,24):0.000000
(16,16),(20,24):0.000000
(16,16),(20,26):0.000000
(16,16),(12,26):0.000000
(16,16),(12,25):0.000000
(16,16),(11,25):0.000000
(16,16),(11,23):0.000000
(16,16),(14,23):0.000000
(16,16),(14,22):0.000000
(16,16),(6,22):0.000000
(16,16),(6,21):0.000000
(16,16),(3,21):0.000000
(16,16),(3,19):0.000000
(16,16),(2,19):0.000000
(16,16),(2,18):0.000000
(16,16),(4,18):0.000000
(16,16),(4,17):0.000000
(16,16),(5,17):0.000000
(16,16),(5,4):0.000000
(16,16),(1,4):0.000000
(16,16),(1,2):0.000000
(16,16),(15,2):0.000000
(16,16),(15,3):0.000000
(16,16),(13,3):0.000000
(16,16),(13,7):0.000000
(16,16),(18,7):0.000000
(16,16),(18,6):0.000000
(16,16),(22,6):0.000000
(16,16),(22,1):0.000000
(16,16),(24,1):0.000000
(16,16),(24,5):0.000000
(16,16),(25,5):0.000000
(16,16),(25,9):0.000000
(16,16),(17,9):0.000000
(16,16),(17,10):0.000000
(16,16),(10,10):3.250000
(16,16),(10,13):21.250000
(16,16),(21,13):19.750000
(16,16),(21,12):0.000000
(16,16),(26,12):7.433333
(16,16),(26,14):7.031250
(9,16),(9,8):20.233334
(9,16),(8,8):11.000000
(9,16),(8,11):0.000000
(9,16),(7,11):1.500000
(9,16),(7,20):0.000000
(9,16),(19,20):0.000000
(9,16),(19,24):0.000000
(9,16),(20,24):0.000000
(9,16),(20,26):0.000000
(9,16),(12,26):0.000000
(9,16),(12,25):0.000000
(9,16),(11,25):0.000000
(9,16),(11,23):0.000000
(9,16),(14,23):0.000000
(9,16),(14,22):0.000000
(9,16),(6,22):0.000000
(9,16),(6,21):0.000000
(9,16),(3,21):0.000000
(9,16),(3,19):0.000000
(9,16),(2,19):0.000000
(9,16),(2,18):0.000000
(9,16),(4,18):0.000000
(9,16),(4,17):0.000000
(9,16),(5,17):1.500000
(9,16),(5,4):11.761905
(9,16),(1,4):4.333333
(9,16),(1,2):8.641026
(9,16),(15,2):5.333333
(9,16),(15,3):2.250000
(9,16),(13,3):14.500000
(9,16),(13,7):13.833333
(9,16),(18,7):3.937500
(9,16),(18,6):0.000000
(9,16),(22,6):1.128623
(9,16),(22,1):0.000000
(9,16),(24,1):0.000000
(9,16),(24,5):0.000000
(9,16),(25,5):0.000000
(9,16),(25,9):3.493243
(9,16),(17,9):6.379121
(9,16),(17,10):7.666667
(9,16),(10,10):19.333334
(9,16),(10,13):44.857143
(9,16),(21,13):35.607143
(9,16),(21,12):7.642857
(9,16),(26,12):20.790476
(9,16),(26,14):19.388393
(9,8),(8,8):64.349998
(9,8),(8,11):18.857143
(9,8),(7,11):24.571428
(9,8),(7,20):12.250000
(9,8),(19,20):0.000000
(9,8),(19,24):0.000000
(9,8),(20,24):0.000000
(9,8),(20,26):0.000000
(9,8),(12,26):0.000000
(9,8),(12,25):0.000000
(9,8),(11,25):0.000000
(9,8),(11,23):0.000000
(9,8),(14,23):0.000000
(9,8),(14,22):0.000000
(9,8),(6,22):9.272727
(9,8),(6,21):15.717647
(9,8),(3,21):0.000000
(9,8),(3,19):0.000000
(9,8),(2,19):0.000000
(9,8),(2,18):0.000000
(9,8),(4,18):0.000000
(9,8),(4,17):0.000000
(9,8),(5,17):24.000000
(9,8),(5,4):65.733330
(9,8),(1,4):18.400000
(9,8),(1,2):39.200001
(9,8),(15,2):26.400000
(9,8),(15,3):9.900000
(9,8),(13,3):59.566666
(9,8),(13,7):86.500000
(9,8),(18,7):46.659721
(9,8),(18,6):16.722221
(9,8),(22,6):31.930555
(9,8),(22,1):7.690059
(9,8),(24,1):6.846512
(9,8),(24,5):17.561508
(9,8),(25,5):25.138889
(9,8),(25,9):43.555557
(9,8),(17,9):62.793652
(9,8),(17,10):51.333332
(9,8),(10,10):73.365082
(9,8),(10,13):18.500000
(9,8),(21,13):3.900000
(9,8),(21,12):0.000000
(9,8),(26,12):1.134615
(9,8),(26,14):1.131250
(8,8),(8,11):27.857143
(8,8),(7,11):39.571430
(8,8),(7,20):24.250000
(8,8),(19,20):0.000000
(8,8),(19,24):0.000000
(8,8),(20,24):0.000000
(8,8),(20,26):0.000000
(8,8),(12,26):0.000000
(8,8),(12,25):0.000000
(8,8),(11,25):0.000000
(8,8),(11,23):0.000000
(8,8),(14,23):0.000000
(8,8),(14,22):0.000000
(8,8),(6,22):14.181818
(8,8),(6,21):28.167646
(8,8),(3,21):0.000000
(8,8),(3,19):0.000000
(8,8),(2,19):0.000000
(8,8),(2,18):0.000000
(8,8),(4,18):0.000000
(8,8),(4,17):0.000000
(8,8),(5,17):37.500000
(8,8),(5,4):66.333336
(8,8),(1,4):18.000000
(8,8),(1,2):35.200001
(8,8),(15,2):26.000000
(8,8),(15,3):9.625000
(8,8),(13,3):54.500000
(8,8),(13,7):62.400002
(8,8),(18,7):22.900000
(8,8),(18,6):9.450000
(8,8),(22,6):11.450000
(8,8),(22,1):4.533333
(8,8),(24,1):3.725000
(8,8),(24,5):8.200000
(8,8),(25,5):9.878572
(8,8),(25,9):27.283333
(8,8),(17,9):38.049999
(8,8),(17,10):34.833332
(8,8),(10,10):47.592857
(8,8),(10,13):9.600000
(8,8),(21,13):0.000000
(8,8),(21,12):0.000000
(8,8),(26,12):0.000000
(8,8),(26,14):0.000000
(8,11),(7,11):27.571428
(8,11),(7,20):18.250000
(8,11),(19,20):0.000000
(8,11),(19,24):0.000000
(8,11),(20,24):0.000000
(8,11),(20,26):0.000000
(8,11),(12,26):0.000000
(8,11),(12,25):0.000000
(8,11),(11,25):0.000000
(8,11),(11,23):0.000000
(8,11),(14,23):0.000000
(8,11),(14,22):0.000000
(8,11),(6,22):12.681818
(8,11),(6,21):22.167646
(8,11),(3,21):0.000000
(8,11),(3,19):0.000000
(8,11),(2,19):0.000000
(8,11),(2,18):0.000000
(8,11),(4,18):0.000000
(8,11),(4,17):0.000000
(8,11),(5,17):25.500000
(8,11),(5,4):27.857143
(8,11),(1,4):6.857143
(8,11),(1,2):9.107142
(8,11),(15,2):13.607142
(8,11),(15,3):3.642857
(8,11),(13,3):23.357143
(8,11),(13,7):19.757143
(8,11),(18,7):3.450000
(8,11),(18,6):0.000000
(8,11),(22,6):0.000000
(8,11),(22,1):0.000000
(8,11),(24,1):0.000000
(8,11),(24,5):0.000000
(8,11),(25,5):0.000000
(8,11),(25,9):5.781250
(8,11),(17,9):12.085227
(8,11),(17,10):15.940476
(8,11),(10,10):4.000000
(8,11),(10,13):0.100000
(8,11),(21,13):0.000000
(8,11),(21,12):0.000000
(8,11),(26,12):0.000000
(8,11),(26,14):0.000000
(7,11),(7,20):41.916668
(7,11),(19,20):4.166667
(7,11),(19,24):0.000000
(7,11),(20,24):0.000000
(7,11),(20,26):0.000000
(7,11),(12,26):0.000000
(7,11),(12,25):0.000000
(7,11),(11,25):0.000000
(7,11),(11,23):0.000000
(7,11),(14,23):0.000000
(7,11),(14,22):5.013913
(7,11),(6,22):23.681818
(7,11),(6,21):45.834312
(7,11),(3,21):14.666667
(7,11),(3,19):13.000000
(7,11),(2,19):4.616667
(7,11),(2,18):8.208333
(7,11),(4,18):13.333333
(7,11),(4,17):11.250000
(7,11),(5,17):55.041668
(7,11),(5,4):54.542015
(7,11),(1,4):9.904762
(7,11),(1,2):13.928572
(7,11),(15,2):18.071428
(7,11),(15,3):5.261905
(7,11),(13,3):29.071428
(7,11),(13,7):25.471428
(7,11),(18,7):3.616667
(7,11),(18,6):0.000000
(7,11),(22,6):0.000000
(7,11),(22,1):0.000000
(7,11),(24,1):0.000000
(7,11),(24,5):0.000000
(7,11),(25,5):0.000000
(7,11),(25,9):6.311314
(7,11),(17,9):13.726666
(7,11),(17,10):18.653481
(7,11),(10,10):9.600000
(7,11),(10,13):4.537500
(7,11),(21,13):0.000000
(7,11),(21,12):0.000000
(7,11),(26,12):0.000000
(7,11),(26,14):0.000000
(7,20),(19,20):32.571430
(7,20),(19,24):18.571428
(7,20),(20,24):0.000000
(7,20),(20,26):12.666667
(7,20),(12,26):10.851429
(7,20),(12,25):9.460318
(7,20),(11,25):7.346428
(7,20),(11,23):0.321429
(7,20),(14,23):13.571428
(7,20),(14,22):34.443993
(7,20),(6,22):44.000000
(7,20),(6,21):72.346817
(7,20),(3,21):30.833334
(7,20),(3,19):27.034090
(7,20),(2,19):7.125000
(7,20),(2,18):16.208334
(7,20),(4,18):21.541666
(7,20),(4,17):14.750000
(7,20),(5,17):46.708332
(7,20),(5,4):39.470589
(7,20),(1,4):4.250000
(7,20),(1,2):5.250000
(7,20),(15,2):9.250000
(7,20),(15,3):2.187500
(7,20),(13,3):16.250000
(7,20),(13,7):13.050000
(7,20),(18,7):2.400000
(7,20),(18,6):0.000000
(7,20),(22,6):0.000000
(7,20),(22,1):0.000000
(7,20),(24,1):0.000000
(7,20),(24,5):0.000000
(7,20),(25,5):0.000000
(7,20),(25,9):3.958333
(7,20),(17,9):8.316667
(7,20),(17,10):10.583333
(7,20),(10,10):1.000000
(7,20),(10,13):0.000000
(7,20),(21,13):0.000000
(7,20),(21,12):0.000000
(7,20),(26,12):0.000000
(7,20),(26,14):0.000000
(19,20),(19,24):40.299999
(19,20),(20,24):14.466666
(19,20),(20,26):34.237499
(19,20),(12,26):31.799999
(19,20),(12,25):30.799999
(19,20),(11,25):21.549999
(19,20),(11,23):20.049999
(19,20),(14,23):35.299999
(19,20),(14,22):48.437500
(19,20),(6,22):26.000000
(19,20),(6,21):30.562500
(19,20),(3,21):16.000000
(19,20),(3,19):13.659091
(19,20),(2,19):0.000000
(19,20),(2,18):7.833333
(19,20),(4,18):7.666667
(19,20),(4,17):5.750000
(19,20),(5,17):6.208333
(19,20),(5,4):3.220588
(19,20),(1,4):0.000000
(19,20),(1,2):0.000000
(19,20),(15,2):0.000000
(19,20),(15,3):0.000000
(19,20),(13,3):0.000000
(19,20),(13,7):0.000000
(19,20),(18,7):0.000000
(19,20),(18,6):0.000000
(19,20),(22,6):0.000000
(19,20),(22,1):0.000000
(19,20),(24,1):0.000000
(19,20),(24,5):0.000000
(19,20),(25,5):0.000000
(19,20),(25,9):0.000000
(19,20),(17,9):0.000000
(19,20),(17,10):0.000000
(19,20),(10,10):0.000000
(19,20),(10,13):0.000000
(19,20),(21,13):0.000000
(19,20),(21,12):0.000000
(19,20),(26,12):0.000000
(19,20),(26,14):0.000000
(19,24),(20,24):17.000000
(19,24),(20,26):38.937500
(19,24),(12,26):35.000000
(19,24),(12,25):35.500000
(19,24),(11,25):25.250000
(19,24),(11,23):24.687500
(19,24),(14,23):39.900002
(19,24),(14,22):36.799999
(19,24),(6,22):15.000000
(19,24),(6,21):16.562500
(19,24),(3,21):8.750000
(19,24),(3,19):1.742424
(19,24),(2,19):0.000000
(19,24),(2,18):0.000000
(19,24),(4,18):0.000000
(19,24),(4,17):0.000000
(19,24),(5,17):0.000000
(19,24),(5,4):0.000000
(19,24),(1,4):0.000000
(19,24),(1,2):0.000000
(19,24),(15,2):0.000000
(19,24),(15,3):0.000000
(19,24),(13,3):0.000000
(19,24),(13,7):0.000000
(19,24),(18,7):0.000000
(19,24),(18,6):0.000000
(19,24),(22,6):0.000000
(19,24),(22,1):0.000000
(19,24),(24,1):0.000000
(19,24),(24,5):0.000000
(19,24),(25,5):0.000000
(19,24),(25,9):0.000000
(19,24),(17,9):0.000000
(19,24),(17,10):0.000000
(19,24),(10,10):0.000000
(19,24),(10,13):0.000000
(19,24),(21,13):0.000000
(19,24),(21,12):0.000000
(19,24),(26,12):0.000000
(19,24),(26,14):0.000000
(20,24),(20,26):16.937500
(20,24),(12,26):16.000000
(20,24),(12,25):17.000000
(20,24),(11,25):9.000000
(20,24),(11,23):16.687500
(20,24),(14,23):16.900000
(20,24),(14,22):11.800000
(20,24),(6,22):0.000000
(20,24),(6,21):0.000000
(20,24),(3,21):0.000000
(20,24),(3,19):0.000000
(20,24),(2,19):0.000000
(20,24),(2,18):0.000000
(20,24),(4,18):0.000000
(20,24),(4,17):0.000000
(20,24),(5,17):0.000000
(20,24),(5,4):0.000000
(20,24),(1,4):0.000000
(20,24),(1,2):0.000000
(20,24),(15,2):0.000000
(20,24),(15,3):0.000000
(20,24),(13,3):0.000000
(20,24),(13,7):0.000000
(20,24),(18,7):0.000000
(20,24),(18,6):0.000000
(20,24),(22,6):0.000000
(20,24),(22,1):0.000000
(20,24),(24,1):0.000000
(20,24),(24,5):0.000000
(20,24),(25,5):0.000000
(20,24),(25,9):0.000000
(20,24),(17,9):0.000000
(20,24),(17,10):0.000000
(20,24),(10,10):0.000000
(20,24),(10,13):0.000000
(20,24),(21,13):0.000000
(20,24),(21,12):0.000000
(20,24),(26,12):0.000000
(20,24),(26,14):0.000000
(20,26),(12,26):31.000000
(20,26),(12,25):31.437500
(20,26),(11,25):21.750000
(20,26),(11,23):24.375000
(20,26),(14,23):35.837502
(20,26),(14,22):30.799999
(20,26),(6,22):10.000000
(20,26),(6,21):11.066667
(20,26),(3,21):5.500000
(20,26),(3,19):1.440601
(20,26),(2,19):0.000000
(20,26),(2,18):0.000000
(20,26),(4,18):0.000000
(20,26),(4,17):0.000000
(20,26),(5,17):0.000000
(20,26),(5,4):0.000000
(20,26),(1,4):0.000000
(20,26),(1,2):0.000000
(20,26),(15,2):0.000000
(20,26),(15,3):0.000000
(20,26),(13,3):0.000000
(20,26),(13,7):0.000000
(20,26),(18,7):0.000000
(20,26),(18,6):0.000000
(20,26),(22,6):0.000000
(20,26),(22,1):0.000000
(20,26),(24,1):0.000000
(20,26),(24,5):0.000000
(20,26),(25,5):0.000000
(20,26),(25,9):0.000000
(20,26),(17,9):0.000000
(20,26),(17,10):0.000000
(20,26),(10,10):0.000000
(20,26),(10,13):0.000000
(20,26),(21,13):0.000000
(20,26),(21,12):0.000000
(20,26),(26,12):0.000000
(20,26),(26,14):0.000000
(12,26),(12,25):33.500000
(12,26),(11,25):23.250000
(12,26),(11,23):22.687500
(12,26),(14,23):34.900002
(12,26),(14,22):28.799999
(12,26),(6,22):7.333333
(12,26),(6,21):8.870193
(12,26),(3,21):3.333333
(12,26),(3,19):1.369714
(12,26),(2,19):0.000000
(12,26),(2,18):0.000000
(12,26),(4,18):0.000000
(12,26),(4,17):0.000000
(12,26),(5,17):0.000000
(12,26),(5,4):0.000000
(12,26),(1,4):0.000000
(12,26),(1,2):0.000000
(12,26),(15,2):0.000000
(12,26),(15,3):0.000000
(12,26),(13,3):0.000000
(12,26),(13,7):0.000000
(12,26),(18,7):0.000000
(12,26),(18,6):0.000000
(12,26),(22,6):0.000000
(12,26),(22,1):0.000000
(12,26),(24,1):0.000000
(12,26),(24,5):0.000000
(12,26),(25,5):0.000000
(12,26),(25,9):0.000000
(12,26),(17,9):0.000000
(12,26),(17,10):0.000000
(12,26),(10,10):0.000000
(12,26),(10,13):0.000000
(12,26),(21,13):0.000000
(12,26),(21,12):0.000000
(12,26),(26,12):0.000000
(12,26),(26,14):0.000000
(12,25),(11,25):25.250000
(12,25),(11,23):24.687500
(12,25),(14,23):35.400002
(12,25),(14,22):27.299999
(12,25),(6,22):6.000000
(12,25),(6,21):7.506945
(12,25),(3,21):2.500000
(12,25),(3,19):1.301948
(12,25),(2,19):0.000000
(12,25),(2,18):0.000000
(12,25),(4,18):0.000000
(12,25),(4,17):0.000000
(12,25),(5,17):0.000000
(12,25),(5,4):0.000000
(12,25),(1,4):0.000000
(12,25),(1,2):0.000000
(12,25),(15,2):0.000000
(12,25),(15,3):0.000000
(12,25),(13,3):0.000000
(12,25),(13,7):0.000000
(12,25),(18,7):0.000000
(12,25),(18,6):0.000000
(12,25),(22,6):0.000000
(12,25),(22,1):0.000000
(12,25),(24,1):0.000000
(12,25),(24,5):0.000000
(12,25),(25,5):0.000000
(12,25),(25,9):0.000000
(12,25),(17,9):0.000000
(12,25),(17,10):0.000000
(12,25),(10,10):0.000000
(12,25),(10,13):0.000000
(12,25),(21,13):0.000000
(12,25),(21,12):0.000000
(12,25),(26,12):0.000000
(12,25),(26,14):0.000000
(11,25),(11,23):16.937500
(11,25),(14,23):25.150000
(11,25),(14,22):19.049999
(11,25),(6,22):4.000000
(11,25),(6,21):5.444079
(11,25),(3,21):1.250000
(11,25),(3,19):1.214076
(11,25),(2,19):0.000000
(11,25),(2,18):0.000000
(11,25),(4,18):0.000000
(11,25),(4,17):0.000000
(11,25),(5,17):0.000000
(11,25),(5,4):0.000000
(11,25),(1,4):0.000000
(11,25),(1,2):0.000000
(11,25),(15,2):0.000000
(11,25),(15,3):0.000000
(11,25),(13,3):0.000000
(11,25),(13,7):0.000000
(11,25),(18,7):0.000000
(11,25),(18,6):0.000000
(11,25),(22,6):0.000000
(11,25),(22,1):0.000000
(11,25),(24,1):0.000000
(11,25),(24,5):0.000000
(11,25),(25,5):0.000000
(11,25),(25,9):0.000000
(11,25),(17,9):0.000000
(11,25),(17,10):0.000000
(11,25),(10,10):0.000000
(11,25),(10,13):0.000000
(11,25),(21,13):0.000000
(11,25),(21,12):0.000000
(11,25),(26,12):0.000000
(11,25),(26,14):0.000000
(11,23),(14,23):24.650000
(11,23),(14,22):16.799999
(11,23),(6,22):0.000000
(11,23),(6,21):0.000000
(11,23),(3,21):0.000000
(11,23),(3,19):0.242424
(11,23),(2,19):0.000000
(11,23),(2,18):0.000000
(11,23),(4,18):0.000000
(11,23),(4,17):0.000000
(11,23),(5,17):0.000000
(11,23),(5,4):0.000000
(11,23),(1,4):0.000000
(11,23),(1,2):0.000000
(11,23),(15,2):0.000000
(11,23),(15,3):0.000000
(11,23),(13,3):0.000000
(11,23),(13,7):0.000000
(11,23),(18,7):0.000000
(11,23),(18,6):0.000000
(11,23),(22,6):0.000000
(11,23),(22,1):0.000000
(11,23),(24,1):0.000000
(11,23),(24,5):0.000000
(11,23),(25,5):0.000000
(11,23),(25,9):0.000000
(11,23),(17,9):0.000000
(11,23),(17,10):0.000000
(11,23),(10,10):0.000000
(11,23),(10,13):0.000000
(11,23),(21,13):0.000000
(11,23),(21,12):0.000000
(11,23),(26,12):0.000000
(11,23),(26,14):0.000000
(14,23),(14,22):31.799999
(14,23),(6,22):10.000000
(14,23),(6,21):11.562500
(14,23),(3,21):5.000000
(14,23),(3,19):1.534091
(14,23),(2,19):0.000000
(14,23),(2,18):0.000000
(14,23),(4,18):0.000000
(14,23),(4,17):0.000000
(14,23),(5,17):0.000000
(14,23),(5,4):0.000000
(14,23),(1,4):0.000000
(14,23),(1,2):0.000000
(14,23),(15,2):0.000000
(14,23),(15,3):0.000000
(14,23),(13,3):0.000000
(14,23),(13,7):0.000000
(14,23),(18,7):0.000000
(14,23),(18,6):0.000000
(14,23),(22,6):0.000000
(14,23),(22,1):0.000000
(14,23),(24,1):0.000000
(14,23),(24,5):0.000000
(14,23),(25,5):0.000000
(14,23),(25,9):0.000000
(14,23),(17,9):0.000000
(14,23),(17,10):0.000000
(14,23),(10,10):0.000000
(14,23),(10,13):0.000000
(14,23),(21,13):0.000000
(14,23),(21,12):0.000000
(14,23),(26,12):0.000000
(14,23),(26,14):0.000000
(14,22),(6,22):26.142857
(14,22),(6,21):32.312500
(14,22),(3,21):17.723215
(14,22),(3,19):15.531656
(14,22),(2,19):0.185065
(14,22),(2,18):9.696970
(14,22),(4,18):9.539231
(14,22),(4,17):6.785714
(14,22),(5,17):7.923611
(14,22),(5,4):3.729517
(14,22),(1,4):0.000000
(14,22),(1,2):0.000000
(14,22),(15,2):0.000000
(14,22),(15,3):0.000000
(14,22),(13,3):0.000000
(14,22),(13,7):0.000000
(14,22),(18,7):0.000000
(14,22),(18,6):0.000000
(14,22),(22,6):0.000000
(14,22),(22,1):0.000000
(14,22),(24,1):0.000000
(14,22),(24,5):0.000000
(14,22),(25,5):0.000000
(14,22),(25,9):0.000000
(14,22),(17,9):0.000000
(14,22),(17,10):0.000000
(14,22),(10,10):0.000000
(14,22),(10,13):0.000000
(14,22),(21,13):0.000000
(14,22),(21,12):0.000000
(14,22),(26,12):0.000000
(14,22),(26,14):0.000000
(6,22),(6,21):47.681820
(6,22),(3,21):19.000000
(6,22),(3,19):13.750000
(6,22),(2,19):2.250000
(6,22),(2,18):8.333333
(6,22),(4,18):9.166667
(6,22),(4,17):6.750000
(6,22),(5,17):24.890152
(6,22),(5,4):23.902407
(6,22),(1,4):3.454545
(6,22),(1,2):4.866601
(6,22),(15,2):6.741342
(6,22),(15,3):1.772727
(6,22),(13,3):10.981818
(6,22),(13,7):9.618855
(6,22),(18,7):1.491493
(6,22),(18,6):0.000000
(6,22),(22,6):0.000000
(6,22),(22,1):0.000000
(6,22),(24,1):0.000000
(6,22),(24,5):0.000000
(6,22),(25,5):0.000000
(6,22),(25,9):2.605102
(6,22),(17,9):5.593215
(6,22),(17,10):7.738357
(6,22),(10,10):2.797203
(6,22),(10,13):0.000568
(6,22),(21,13):0.000000
(6,22),(21,12):0.000000
(6,22),(26,12):0.000000
(6,22),(26,14):0.000000
(6,21),(3,21):30.833334
(6,21),(3,19):25.541666
(6,21),(2,19):6.916667
(6,21),(2,18):16.000000
(6,21),(4,18):21.333334
(6,21),(4,17):14.750000
(6,21),(5,17):50.758335
(6,21),(5,4):43.388237
(6,21),(1,4):5.717647
(6,21),(1,2):7.453362
(6,21),(15,2):11.851857
(6,21),(15,3):2.938235
(6,21),(13,3):19.945425
(6,21),(13,7):16.567648
(6,21),(18,7):2.775253
(6,21),(18,6):0.000000
(6,21),(22,6):0.000000
(6,21),(22,1):0.000000
(6,21),(24,1):0.000000
(6,21),(24,5):0.000000
(6,21),(25,5):0.000000
(6,21),(25,9):4.702593
(6,21),(17,9):10.092031
(6,21),(17,10):13.213884
(6,21),(10,10):3.008333
(6,21),(10,13):0.016667
(6,21),(21,13):0.000000
(6,21),(21,12):0.000000
(6,21),(26,12):0.000000
(6,21),(26,14):0.000000
(3,21),(3,19):18.500000
(3,21),(2,19):6.250000
(3,21),(2,18):11.250000
(3,21),(4,18):17.583334
(3,21),(4,17):12.333333
(3,21),(5,17):18.666666
(3,21),(5,4):12.062500
(3,21),(1,4):0.000000
(3,21),(1,2):0.000000
(3,21),(15,2):0.000000
(3,21),(15,3):0.000000
(3,21),(13,3):0.000000
(3,21),(13,7):0.000000
(3,21),(18,7):0.000000
(3,21),(18,6):0.000000
(3,21),(22,6):0.000000
(3,21),(22,1):0.000000
(3,21),(24,1):0.000000
(3,21),(24,5):0.000000
(3,21),(25,5):0.000000
(3,21),(25,9):0.000000
(3,21),(17,9):0.000000
(3,21),(17,10):0.000000
(3,21),(10,10):0.000000
(3,21),(10,13):0.000000
(3,21),(21,13):0.000000
(3,21),(21,12):0.000000
(3,21),(26,12):0.000000
(3,21),(26,14):0.000000
(3,19),(2,19):7.250000
(3,19),(2,18):16.250000
(3,19),(4,18):20.750000
(3,19),(4,17):13.750000
(3,19),(5,17):17.583334
(3,19),(5,4):10.522727
(3,19),(1,4):0.000000
(3,19),(1,2):0.000000
(3,19),(15,2):0.000000
(3,19),(15,3):0.000000
(3,19),(13,3):0.000000
(3,19),(13,7):0.000000
(3,19),(18,7):0.000000
(3,19),(18,6):0.000000
(3,19),(22,6):0.000000
(3,19),(22,1):0.000000
(3,19),(24,1):0.000000
(3,19),(24,5):0.000000
(3,19),(25,5):0.000000
(3,19),(25,9):0.000000
(3,19),(17,9):0.000000
(3,19),(17,10):0.000000
(3,19),(10,10):0.000000
(3,19),(10,13):0.000000
(3,19),(21,13):0.000000
(3,19),(21,12):0.000000
(3,19),(26,12):0.000000
(3,19),(26,14):0.000000
(2,19),(2,18):5.000000
(2,19),(4,18):7.250000
(2,19),(4,17):5.000000
(2,19),(5,17):5.750000
(2,19),(5,4):4.000000
(2,19),(1,4):0.000000
(2,19),(1,2):0.000000
(2,19),(15,2):0.000000
(2,19),(15,3):0.000000
(2,19),(13,3):0.000000
(2,19),(13,7):0.000000
(2,19),(18,7):0.000000
(2,19),(18,6):0.000000
(2,19),(22,6):0.000000
(2,19),(22,1):0.000000
(2,19),(24,1):0.000000
(2,19),(24,5):0.000000
(2,19),(25,5):0.000000
(2,19),(25,9):0.000000
(2,19),(17,9):0.000000
(2,19),(17,10):0.000000
(2,19),(10,10):0.000000
(2,19),(10,13):0.000000
(2,19),(21,13):0.000000
(2,19),(21,12):0.000000
(2,19),(26,12):0.000000
(2,19),(26,14):0.000000
(2,18),(4,18):14.333333
(2,18),(4,17):10.833333
(2,18),(5,17):11.166667
(2,18),(5,4):6.586207
(2,18),(1,4):0.000000
(2,18),(1,2):0.000000
(2,18),(15,2):0.000000
(2,18),(15,3):0.000000
(2,18),(13,3):0.000000
(2,18),(13,7):0.000000
(2,18),(18,7):0.000000
(2,18),(18,6):0.000000
(2,18),(22,6):0.000000
(2,18),(22,1):0.000000
(2,18),(24,1):0.000000
(2,18),(24,5):0.000000
(2,18),(25,5):0.000000
(2,18),(25,9):0.000000
(2,18),(17,9):0.000000
(2,18),(17,10):0.000000
(2,18),(10,10):0.000000
(2,18),(10,13):0.000000
(2,18),(21,13):0.000000
(2,18),(21,12):0.000000
(2,18),(26,12):0.000000
(2,18),(26,14):0.000000
(4,18),(4,17):14.666667
(4,18),(5,17):18.500000
(4,18),(5,4):10.916667
(4,18),(1,4):0.000000
(4,18),(1,2):0.000000
(4,18),(15,2):0.000000
(4,18),(15,3):0.000000
(4,18),(13,3):0.000000
(4,18),(13,7):0.000000
(4,18),(18,7):0.000000
(4,18),(18,6):0.000000
(4,18),(22,6):0.000000
(4,18),(22,1):0.000000
(4,18),(24,1):0.000000
(4,18),(24,5):0.000000
(4,18),(25,5):0.000000
(4,18),(25,9):0.000000
(4,18),(17,9):0.000000
(4,18),(17,10):0.000000
(4,18),(10,10):0.000000
(4,18),(10,13):0.000000
(4,18),(21,13):0.000000
(4,18),(21,12):0.000000
(4,18),(26,12):0.000000
(4,18),(26,14):0.000000
(4,17),(5,17):14.083333
(4,17),(5,4):9.000000
(4,17),(1,4):0.000000
(4,17),(1,2):0.000000
(4,17),(15,2):0.000000
(4,17),(15,3):0.000000
(4,17),(13,3):0.000000
(4,17),(13,7):0.000000
(4,17),(18,7):0.000000
(4,17),(18,6):0.000000
(4,17),(22,6):0.000000
(4,17),(22,1):0.000000
(4,17),(24,1):0.000000
(4,17),(24,5):0.000000
(4,17),(25,5):0.000000
(4,17),(25,9):0.000000
(4,17),(17,9):0.000000
(4,17),(17,10):0.000000
(4,17),(10,10):0.000000
(4,17),(10,13):0.000000
(4,17),(21,13):0.000000
(4,17),(21,12):0.000000
(4,17),(26,12):0.000000
(4,17),(26,14):0.000000
(5,17),(5,4):52.625000
(5,17),(1,4):9.333333
(5,17),(1,2):13.357142
(5,17),(15,2):17.500000
(5,17),(15,3):4.833333
(5,17),(13,3):28.500000
(5,17),(13,7):24.900000
(5,17),(18,7):3.616667
(5,17),(18,6):0.000000
(5,17),(22,6):0.000000
(5,17),(22,1):0.000000
(5,17),(24,1):0.000000
(5,17),(24,5):0.000000
(5,17),(25,5):0.000000
(5,17),(25,9):6.311314
(5,17),(17,9):13.560000
(5,17),(17,10):18.082052
(5,17),(10,10):9.600000
(5,17),(10,13):4.537500
(5,17),(21,13):0.000000
(5,17),(21,12):0.000000
(5,17),(26,12):0.000000
(5,17),(26,14):0.000000
(5,4),(1,4):25.750000
(5,4),(1,2):46.549999
(5,4),(15,2):33.750000
(5,4),(15,3):13.750000
(5,4),(13,3):68.250000
(5,4),(13,7):69.233330
(5,4),(18,7):23.533333
(5,4),(18,6):0.020833
(5,4),(22,6):10.875000
(5,4),(22,1):0.000000
(5,4),(24,1):0.000000
(5,4),(24,5):1.708333
(5,4),(25,5):6.884804
(5,4),(25,9):21.666666
(5,4),(17,9):42.000000
(5,4),(17,10):48.333332
(5,4),(10,10):48.455666
(5,4),(10,13):10.100000
(5,4),(21,13):0.000000
(5,4),(21,12):0.000000
(5,4),(26,12):0.000000
(5,4),(26,14):0.000000
(1,4),(1,2):25.833334
(1,4),(15,2):24.833334
(1,4),(15,3):13.833333
(1,4),(13,3):25.833334
(1,4),(13,7):21.000000
(1,4),(18,7):0.000000
(1,4),(18,6):0.000000
(1,4),(22,6):0.000000
(1,4),(22,1):0.000000
(1,4),(24,1):0.000000
(1,4),(24,5):0.000000
(1,4),(25,5):0.000000
(1,4),(25,9):0.000000
(1,4),(17,9):4.666667
(1,4),(17,10):9.333333
(1,4),(10,10):13.214286
(1,4),(10,13):4.000000
(1,4),(21,13):0.000000
(1,4),(21,12):0.000000
(1,4),(26,12):0.000000
(1,4),(26,14):0.000000
(1,2),(15,2):29.500000
(1,2),(15,3):14.000000
(1,2),(13,3):42.000000
(1,2),(13,7):41.799999
(1,2),(18,7):5.600000
(1,2),(18,6):0.000000
(1,2),(22,6):3.215246
(1,2),(22,1):0.000000
(1,2),(24,1):0.000000
(1,2),(24,5):0.776515
(1,2),(25,5):2.233333
(1,2),(25,9):5.300000
(1,2),(17,9):16.466667
(1,2),(17,10):24.000000
(1,2),(10,10):32.646912
(1,2),(10,13):7.405556
(1,2),(21,13):0.000000
(1,2),(21,12):0.000000
(1,2),(26,12):0.000000
(1,2),(26,14):0.000000
(15,2),(15,3):14.000000
(15,2),(13,3):34.000000
(15,2),(13,7):29.000000
(15,2),(18,7):0.000000
(15,2),(18,6):0.000000
(15,2),(22,6):0.000000
(15,2),(22,1):0.000000
(15,2),(24,1):0.000000
(15,2),(24,5):0.000000
(15,2),(25,5):0.000000
(15,2),(25,9):1.333333
(15,2),(17,9):11.666667
(15,2),(17,10):17.733334
(15,2),(10,10):15.414286
(15,2),(10,13):5.531818
(15,2),(21,13):0.000000
(15,2),(21,12):0.000000
(15,2),(26,12):0.000000
(15,2),(26,14):0.000000
(15,3),(13,3):14.000000
(15,3),(13,7):11.666667
(15,3),(18,7):0.000000
(15,3),(18,6):0.000000
(15,3),(22,6):0.000000
(15,3),(22,1):0.000000
(15,3),(24,1):0.000000
(15,3),(24,5):0.000000
(15,3),(25,5):0.000000
(15,3),(25,9):0.000000
(15,3),(17,9):2.466667
(15,3),(17,10):5.000000
(15,3),(10,10):6.964286
(15,3),(10,13):2.100000
(15,3),(21,13):0.000000
(15,3),(21,12):0.000000
(15,3),(26,12):0.000000
(15,3),(26,14):0.000000
(13,3),(13,7):62.400002
(13,3),(18,7):16.637501
(13,3),(18,6):0.000000
(13,3),(22,6):5.166667
(13,3),(22,1):0.000000
(13,3),(24,1):0.000000
(13,3),(24,5):0.000000
(13,3),(25,5):1.500000
(13,3),(25,9):16.833334
(13,3),(17,9):34.738094
(13,3),(17,10):41.333332
(13,3),(10,10):42.380951
(13,3),(10,13):12.766666
(13,3),(21,13):0.000000
(13,3),(21,12):0.000000
(13,3),(26,12):0.000000
(13,3),(26,14):0.000000
(13,7),(18,7):44.387501
(13,7),(18,6):14.000000
(13,7),(22,6):29.208334
(13,7),(22,1):6.000000
(13,7),(24,1):5.600000
(13,7),(24,5):15.125000
(13,7),(25,5):22.500000
(13,7),(25,9):40.833332
(13,7),(17,9):62.738094
(13,7),(17,10):53.333332
(13,7),(10,10):64.928574
(13,7),(10,13):12.100000
(13,7),(21,13):0.000000
(13,7),(21,12):0.000000
(13,7),(26,12):0.000000
(13,7),(26,14):0.000000
(18,7),(18,6):21.000000
(18,7),(22,6):37.333332
(18,7),(22,1):9.444445
(18,7),(24,1):8.300000
(18,7),(24,5):20.250000
(18,7),(25,5):28.125000
(18,7),(25,9):43.625000
(18,7),(17,9):50.696430
(18,7),(17,10):25.750000
(18,7),(10,10):42.407738
(18,7),(10,13):3.287500
(18,7),(21,13):0.000000
(18,7),(21,12):0.000000
(18,7),(26,12):0.000000
(18,7),(26,14):0.000000
(18,6),(22,6):21.000000
(18,6),(22,1):8.750000
(18,6),(24,1):7.800000
(18,6),(24,5):17.000000
(18,6),(25,5):18.333334
(18,6),(25,9):21.000000
(18,6),(17,9):20.750000
(18,6),(17,10):0.000000
(18,6),(10,10):15.166667
(18,6),(10,13):0.000000
(18,6),(21,13):0.000000
(18,6),(21,12):0.000000
(18,6),(26,12):0.000000
(18,6),(26,14):0.000000
(22,6),(22,1):19.000000
(22,6),(24,1):17.799999
(22,6),(24,5):30.125000
(22,6),(25,5):30.000000
(22,6),(25,9):38.000000
(22,6),(17,9):38.063095
(22,6),(17,10):13.166667
(22,6),(10,10):31.803572
(22,6),(10,13):1.041667
(22,6),(21,13):0.000000
(22,6),(21,12):0.000000
(22,6),(26,12):0.000000
(22,6),(26,14):0.000000
(22,1),(24,1):16.000000
(22,1),(24,5):19.000000
(22,1),(25,5):11.000000
(22,1),(25,9):17.000000
(22,1),(17,9):10.200000
(22,1),(17,10):0.000000
(22,1),(10,10):6.857143
(22,1),(10,13):0.000000
(22,1),(21,13):0.000000
(22,1),(21,12):0.000000
(22,1),(26,12):0.000000
(22,1),(26,14):0.000000
(24,1),(24,5):17.799999
(24,1),(25,5):9.800000
(24,1),(25,9):15.800000
(24,1),(17,9):9.000000
(24,1),(17,10):0.000000
(24,1),(10,10):6.060606
(24,1),(10,13):0.000000
(24,1),(21,13):0.000000
(24,1),(21,12):0.000000
(24,1),(26,12):0.000000
(24,1),(26,14):0.000000
(24,5),(25,5):22.000000
(24,5),(25,9):27.000000
(24,5),(17,9):21.325001
(24,5),(17,10):1.375000
(24,5),(10,10):16.053572
(24,5),(10,13):0.000000
(24,5),(21,13):0.000000
(24,5),(21,12):0.000000
(24,5),(26,12):0.000000
(24,5),(26,14):0.000000
(25,5),(25,9):25.500000
(25,5),(17,9):29.166666
(25,5),(17,10):7.166667
(25,5),(10,10):23.928572
(25,5),(10,13):0.000000
(25,5),(21,13):0.000000
(25,5),(21,12):0.000000
(25,5),(26,12):0.000000
(25,5),(26,14):0.000000
(25,9),(17,9):49.278984
(25,9),(17,10):23.333334
(25,9),(10,10):36.686146
(25,9),(10,13):2.870690
(25,9),(21,13):0.000000
(25,9),(21,12):0.000000
(25,9),(26,12):0.000000
(25,9),(26,14):0.000000
(17,9),(17,10):45.000000
(17,9),(10,10):49.666668
(17,9),(10,13):5.821429
(17,9),(21,13):0.000000
(17,9),(21,12):0.000000
(17,9),(26,12):0.000000
(17,9),(26,14):0.000000
(17,10),(10,10):36.333332
(17,10),(10,13):7.507353
(17,10),(21,13):0.000000
(17,10),(21,12):0.000000
(17,10),(26,12):0.000000
(17,10),(26,14):0.000000
(10,10),(10,13):17.600000
(10,10),(21,13):3.000000
(10,10),(21,12):0.000000
(10,10),(26,12):0.700000
(10,10),(26,14):1.031250
(10,13),(21,13):36.750000
(10,13),(21,12):7.000000
(10,13),(26,12):21.183332
(10,13),(26,14):17.031250
(21,13),(21,12):12.000000
(21,13),(26,12):26.183332
(21,13),(26,14):22.000000
(21,12),(26,12):11.250000
(21,12),(26,14):10.000000
(26,12),(26,14):12.500000
