50
(17,15):(1,3)	(2,4)	(3,4)	(3,5)	(4,2)	(4,3)	(4,4)	(4,5)	(4,6)	(4,7)	(4,8)	(5,3)	(5,4)	(5,5)	(5,6)	(5,7)	(5,8)	(5,9)	(6,4)	(6,5)	(6,6)	(6,7)	(6,8)	(6,9)	(7,5)	(7,6)	(7,7)	(7,8)	(7,9)	(7,10)	(8,6)	(8,7)	(8,8)	(8,9)	(8,10)	(9,7)	(9,8)	(9,9)	(9,10)	(9,11)	(9,13)	(9,16)	(10,8)	(10,9)	(10,10)	(10,11)	(10,14)	(10,15)	(11,9)	(11,10)	(11,11)	(11,12)	(11,13)	(11,14)	(11,15)	(12,10)	(12,11)	(12,12)	(12,13)	(12,14)	(12,15)	(13,11)	(13,12)	(13,13)	(13,14)	(13,15)	(14,12)	(14,13)	(14,14)	(14,15)	(15,13)	(15,14)	(15,15)	(16,14)	(16,15)	(17,15)	(17,16)	(25,14)	(25,15)	
(17,16):(1,3)	(2,4)	(3,4)	(3,5)	(4,2)	(4,3)	(4,4)	(4,5)	(4,6)	(4,7)	(5,3)	(5,4)	(5,5)	(5,6)	(5,7)	(5,8)	(6,3)	(6,4)	(6,5)	(6,6)	(6,7)	(6,8)	(7,4)	(7,5)	(7,6)	(7,7)	(7,8)	(7,9)	(8,5)	(8,6)	(8,7)	(8,8)	(8,9)	(8,10)	(9,5)	(9,6)	(9,7)	(9,8)	(9,9)	(9,10)	(9,13)	(9,16)	(10,6)	(10,7)	(10,8)	(10,9)	(10,10)	(10,11)	(10,14)	(10,15)	(11,7)	(11,8)	(11,9)	(11,10)	(11,11)	(11,12)	(11,13)	(11,14)	(11,15)	(12,9)	(12,10)	(12,11)	(12,12)	(12,13)	(12,14)	(12,15)	(13,10)	(13,11)	(13,12)	(13,13)	(13,14)	(13,15)	(14,11)	(14,12)	(14,13)	(14,14)	(14,15)	(15,12)	(15,13)	(15,14)	(15,15)	(16,14)	(16,15)	(17,15)	(17,16)	
(9,16):(9,13)	(9,16)	(10,14)	(10,15)	(11,13)	(11,14)	(11,15)	(12,12)	(12,13)	(12,14)	(12,15)	(13,10)	(13,11)	(13,12)	(13,13)	(13,14)	(13,15)	(14,11)	(14,12)	(14,13)	(14,14)	(14,15)	(15,10)	(15,11)	(15,12)	(15,13)	(15,14)	(15,15)	(16,11)	(16,14)	(16,15)	(17,15)	(17,16)	(25,14)	
(9,13):(9,13)	(9,16)	(10,14)	(10,15)	(11,13)	(11,14)	(11,15)	(12,13)	(12,14)	(12,15)	(13,13)	(13,14)	(13,15)	(14,13)	(14,14)	(14,15)	(15,13)	(15,14)	(15,15)	(16,14)	(16,15)	(17,15)	(17,16)	
(11,13):(9,13)	(9,16)	(10,14)	(10,15)	(11,5)	(11,6)	(11,7)	(11,8)	(11,9)	(11,10)	(11,11)	(11,12)	(11,13)	(11,14)	(11,15)	(12,4)	(12,6)	(12,7)	(12,8)	(12,9)	(12,10)	(12,11)	(12,12)	(12,13)	(12,14)	(12,15)	(13,7)	(13,8)	(13,10)	(13,11)	(13,12)	(13,13)	(13,14)	(13,15)	(14,11)	(14,12)	(14,13)	(14,14)	(14,15)	(15,10)	(15,11)	(15,12)	(15,13)	(15,14)	(15,15)	(16,11)	(16,14)	(16,15)	(17,15)	(17,16)	
(11,12):(1,3)	(2,4)	(3,4)	(3,5)	(4,2)	(4,3)	(4,4)	(4,5)	(4,6)	(4,7)	(4,8)	(5,3)	(5,4)	(5,5)	(5,6)	(5,7)	(5,8)	(5,9)	(6,2)	(6,3)	(6,4)	(6,5)	(6,6)	(6,7)	(6,8)	(6,9)	(6,10)	(6,11)	(6,12)	(7,4)	(7,5)	(7,6)	(7,7)	(7,8)	(7,9)	(7,10)	(7,11)	(7,12)	(8,5)	(8,6)	(8,7)	(8,8)	(8,9)	(8,10)	(8,11)	(8,12)	(9,5)	(9,6)	(9,7)	(9,8)	(9,9)	(9,10)	(9,11)	(10,5)	(10,6)	(10,7)	(10,8)	(10,9)	(10,10)	(10,11)	(11,5)	(11,6)	(11,7)	(11,8)	(11,9)	(11,10)	(11,11)	(11,12)	(11,13)	(11,14)	(11,15)	(12,4)	(12,6)	(12,7)	(12,8)	(12,9)	(12,10)	(12,11)	(12,12)	(12,13)	(12,14)	(12,15)	(13,7)	(13,8)	(13,10)	(13,11)	(13,12)	(13,13)	(13,14)	(13,15)	(14,6)	(14,11)	(14,12)	(14,13)	(14,14)	(14,15)	(15,10)	(15,11)	(15,12)	(15,13)	(15,14)	(15,15)	(16,11)	(16,14)	(16,15)	(17,15)	(17,16)	
(8,12):(3,4)	(3,5)	(4,2)	(4,3)	(4,4)	(4,5)	(4,6)	(4,7)	(4,8)	(5,3)	(5,4)	(5,5)	(5,6)	(5,7)	(5,8)	(5,9)	(5,18)	(6,1)	(6,2)	(6,3)	(6,4)	(6,5)	(6,6)	(6,7)	(6,8)	(6,9)	(6,10)	(6,11)	(6,12)	(6,13)	(6,14)	(6,15)	(6,16)	(6,17)	(7,4)	(7,5)	(7,6)	(7,7)	(7,8)	(7,9)	(7,10)	(7,11)	(7,12)	(7,13)	(7,14)	(7,15)	(7,16)	(7,17)	(8,5)	(8,6)	(8,7)	(8,8)	(8,9)	(8,10)	(8,11)	(8,12)	(8,17)	(9,5)	(9,6)	(9,7)	(9,8)	(9,9)	(9,10)	(9,11)	(10,5)	(10,6)	(10,7)	(10,8)	(10,9)	(10,10)	(10,11)	(11,5)	(11,6)	(11,7)	(11,8)	(11,9)	(11,10)	(11,11)	(11,12)	(12,4)	(12,6)	(12,7)	(12,8)	(12,9)	(12,10)	(12,11)	(12,12)	(13,7)	(13,8)	(13,10)	(13,11)	(13,12)	(14,6)	(14,11)	(14,12)	(15,10)	(15,11)	(15,12)	(16,11)	
(8,17):(4,2)	(4,3)	(4,4)	(4,5)	(4,6)	(5,3)	(5,4)	(5,5)	(5,6)	(5,7)	(5,8)	(5,9)	(5,18)	(6,1)	(6,2)	(6,3)	(6,4)	(6,5)	(6,6)	(6,7)	(6,8)	(6,9)	(6,10)	(6,11)	(6,12)	(6,13)	(6,14)	(6,15)	(6,16)	(6,17)	(7,4)	(7,5)	(7,6)	(7,7)	(7,8)	(7,9)	(7,10)	(7,11)	(7,12)	(7,13)	(7,14)	(7,15)	(7,16)	(7,17)	(8,5)	(8,6)	(8,7)	(8,8)	(8,9)	(8,10)	(8,11)	(8,12)	(8,17)	(10,18)	(11,18)	(12,18)	(12,19)	(13,18)	(13,19)	(14,18)	(14,19)	(15,18)	(15,19)	(16,18)	(16,19)	(17,18)	(17,19)	(18,18)	(18,19)	(18,20)	(19,18)	(19,19)	(19,20)	(20,18)	(20,19)	(20,20)	(21,18)	(21,19)	(21,20)	(22,18)	(22,19)	(23,18)	(23,19)	(24,17)	
(24,17):(5,18)	(6,17)	(7,17)	(8,17)	(10,18)	(10,20)	(11,18)	(11,19)	(12,18)	(12,19)	(13,18)	(13,19)	(14,18)	(14,19)	(15,18)	(15,19)	(16,18)	(16,19)	(17,18)	(17,19)	(18,18)	(18,19)	(18,20)	(18,22)	(19,18)	(19,19)	(19,20)	(19,21)	(20,18)	(20,19)	(20,20)	(20,21)	(21,18)	(21,19)	(21,20)	(22,18)	(22,19)	(23,18)	(23,19)	(23,21)	(24,17)	(24,21)	
(24,21):(23,18)	(23,19)	(23,21)	(24,17)	(24,21)	
(23,21):(23,18)	(23,19)	(23,21)	(24,17)	(24,21)	
(23,19):(6,17)	(7,17)	(8,17)	(10,18)	(11,18)	(11,19)	(12,18)	(12,19)	(13,18)	(13,19)	(14,18)	(14,19)	(15,18)	(15,19)	(16,18)	(16,19)	(17,18)	(17,19)	(18,18)	(18,19)	(19,18)	(19,19)	(20,18)	(20,19)	(21,18)	(21,19)	(22,18)	(22,19)	(23,18)	(23,19)	(23,21)	(24,17)	(24,21)	
(22,19):(6,17)	(7,17)	(8,17)	(10,18)	(10,20)	(11,18)	(11,19)	(12,18)	(12,19)	(13,18)	(13,19)	(14,18)	(14,19)	(15,18)	(15,19)	(16,18)	(16,19)	(17,18)	(17,19)	(18,18)	(18,19)	(18,20)	(18,22)	(19,18)	(19,19)	(19,20)	(19,21)	(20,18)	(20,19)	(20,20)	(20,21)	(21,18)	(21,19)	(21,20)	(21,21)	(21,22)	(21,23)	(22,18)	(22,19)	(22,24)	(23,18)	(23,19)	(24,17)	
(22,24):(19,18)	(19,23)	(20,18)	(20,19)	(20,20)	(20,24)	(21,18)	(21,19)	(21,20)	(21,21)	(21,22)	(21,23)	(22,18)	(22,19)	(22,24)	
(20,24):(19,23)	(19,25)	(20,24)	(20,25)	(21,23)	(22,24)	
(20,25):(19,23)	(19,25)	(20,24)	(20,25)	
(19,25):(19,23)	(19,25)	(20,24)	(20,25)	(21,23)	
(19,23):(19,23)	(19,25)	(20,24)	(20,25)	(21,23)	(22,24)	
(21,23):(19,23)	(19,25)	(20,24)	(21,18)	(21,19)	(21,20)	(21,21)	(21,22)	(21,23)	(22,18)	(22,19)	(22,24)	
(21,22):(15,18)	(16,18)	(17,18)	(17,19)	(18,18)	(18,19)	(18,20)	(18,22)	(19,18)	(19,19)	(19,20)	(19,21)	(20,18)	(20,19)	(20,20)	(20,21)	(21,18)	(21,19)	(21,20)	(21,21)	(21,22)	(21,23)	(22,18)	(22,19)	(22,24)	
(18,22):(18,18)	(18,19)	(18,20)	(18,22)	(19,18)	(19,19)	(19,20)	(19,21)	(20,18)	(20,19)	(20,20)	(20,21)	(21,18)	(21,19)	(21,20)	(21,21)	(21,22)	(22,18)	(22,19)	(23,18)	(24,17)	
(18,20):(6,17)	(7,17)	(8,17)	(10,18)	(10,20)	(11,18)	(11,19)	(12,18)	(12,19)	(13,18)	(13,19)	(14,18)	(14,19)	(15,18)	(15,19)	(16,18)	(16,19)	(17,18)	(17,19)	(18,18)	(18,19)	(18,20)	(18,22)	(19,18)	(19,19)	(19,20)	(19,21)	(20,18)	(20,19)	(20,20)	(20,21)	(21,18)	(21,19)	(21,20)	(21,21)	(21,22)	(22,18)	(22,19)	(23,18)	(24,17)	
(10,20):(10,18)	(10,20)	(11,18)	(11,19)	(12,18)	(12,19)	(13,18)	(13,19)	(14,18)	(14,19)	(15,18)	(15,19)	(16,18)	(16,19)	(17,18)	(17,19)	(18,18)	(18,19)	(18,20)	(19,18)	(19,19)	(19,20)	(20,18)	(20,19)	(20,20)	(21,18)	(21,19)	(21,20)	(22,18)	(22,19)	(23,18)	(24,17)	
(10,18):(5,18)	(6,16)	(6,17)	(7,17)	(8,17)	(10,18)	(10,20)	(11,18)	(11,19)	(12,18)	(12,19)	(13,18)	(13,19)	(14,18)	(14,19)	(15,18)	(15,19)	(16,18)	(16,19)	(17,18)	(17,19)	(18,18)	(18,19)	(18,20)	(19,18)	(19,19)	(19,20)	(20,18)	(20,19)	(20,20)	(21,18)	(21,19)	(21,20)	(22,18)	(22,19)	(23,18)	(23,19)	(24,17)	
(5,18):(5,3)	(5,4)	(5,5)	(5,6)	(5,7)	(5,8)	(5,9)	(5,18)	(6,2)	(6,3)	(6,4)	(6,5)	(6,6)	(6,7)	(6,8)	(6,9)	(6,10)	(6,11)	(6,12)	(6,13)	(6,14)	(6,15)	(6,16)	(6,17)	(7,1)	(7,4)	(7,5)	(7,6)	(7,7)	(7,8)	(7,9)	(7,10)	(7,11)	(7,12)	(7,13)	(7,14)	(7,15)	(7,16)	(7,17)	(8,5)	(8,6)	(8,7)	(8,8)	(8,9)	(8,10)	(8,11)	(8,12)	(8,17)	(9,5)	(9,6)	(9,7)	(9,8)	(9,9)	(9,10)	(10,5)	(10,6)	(10,7)	(10,8)	(10,18)	(11,5)	(11,6)	(11,18)	(12,4)	(12,18)	(13,18)	(14,18)	(15,18)	(16,18)	(17,18)	(18,18)	(19,18)	(20,18)	(21,18)	(22,18)	(23,18)	(24,17)	
(5,9):(3,4)	(3,5)	(3,9)	(4,2)	(4,3)	(4,4)	(4,5)	(4,6)	(4,7)	(4,8)	(5,3)	(5,4)	(5,5)	(5,6)	(5,7)	(5,8)	(5,9)	(5,18)	(6,2)	(6,3)	(6,4)	(6,5)	(6,6)	(6,7)	(6,8)	(6,9)	(6,10)	(6,11)	(6,12)	(6,13)	(6,14)	(6,15)	(6,16)	(6,17)	(7,1)	(7,4)	(7,5)	(7,6)	(7,7)	(7,8)	(7,9)	(7,10)	(7,11)	(7,12)	(7,13)	(7,14)	(7,15)	(7,16)	(7,17)	(8,5)	(8,6)	(8,7)	(8,8)	(8,9)	(8,10)	(8,11)	(8,12)	(8,17)	(9,5)	(9,6)	(9,7)	(9,8)	(9,9)	(9,10)	(9,11)	(10,5)	(10,6)	(10,7)	(10,8)	(10,9)	(10,10)	(10,11)	(11,5)	(11,6)	(11,7)	(11,8)	(11,9)	(11,10)	(11,11)	(11,12)	(12,4)	(12,6)	(12,7)	(12,8)	(12,9)	(12,10)	(12,11)	(12,12)	(13,7)	(13,8)	(13,10)	(13,11)	(13,12)	(13,13)	(14,6)	(14,11)	(14,12)	(14,13)	(15,11)	(15,12)	(15,13)	(15,14)	(16,14)	(17,15)	
(3,9):(3,4)	(3,5)	(3,9)	(4,3)	(4,4)	(4,5)	(4,6)	(4,7)	(4,8)	(5,3)	(5,4)	(5,5)	(5,6)	(5,7)	(5,8)	(5,9)	(6,2)	(6,3)	(6,4)	(6,5)	(6,6)	(6,7)	(6,8)	(6,9)	(7,1)	(7,4)	(7,5)	(7,6)	(7,7)	(7,8)	(7,9)	(8,5)	(8,6)	(8,7)	(8,8)	(8,9)	(9,5)	(9,6)	(9,7)	(9,8)	(9,9)	(10,5)	(10,6)	(10,7)	(10,8)	(10,9)	(11,5)	(11,6)	(11,7)	(11,8)	(11,9)	(12,4)	(12,6)	(12,7)	(12,8)	(12,9)	(13,7)	(13,8)	(14,6)	
(3,5):(1,3)	(2,4)	(2,5)	(3,4)	(3,5)	(3,9)	(4,3)	(4,4)	(4,5)	(4,6)	(4,7)	(4,8)	(5,3)	(5,4)	(5,5)	(5,6)	(5,7)	(5,8)	(5,9)	(6,2)	(6,3)	(6,4)	(6,5)	(6,6)	(6,7)	(6,8)	(6,9)	(6,10)	(6,11)	(7,1)	(7,4)	(7,5)	(7,6)	(7,7)	(7,8)	(7,9)	(7,10)	(7,11)	(7,12)	(7,13)	(8,5)	(8,6)	(8,7)	(8,8)	(8,9)	(8,10)	(8,11)	(8,12)	(9,5)	(9,6)	(9,7)	(9,8)	(9,9)	(9,10)	(9,11)	(10,5)	(10,6)	(10,7)	(10,8)	(10,9)	(10,10)	(10,11)	(11,5)	(11,6)	(11,7)	(11,8)	(11,9)	(11,10)	(11,11)	(11,12)	(12,4)	(12,6)	(12,7)	(12,8)	(12,9)	(12,10)	(12,11)	(12,12)	(13,7)	(13,8)	(13,10)	(13,11)	(13,12)	(13,13)	(14,8)	(14,11)	(14,12)	(14,13)	(14,14)	(15,11)	(15,12)	(15,13)	(15,14)	(15,15)	(16,14)	(16,15)	(17,15)	(17,16)	
(2,5):(1,3)	(1,7)	(2,4)	(2,5)	(2,7)	(3,4)	(3,5)	(4,3)	(4,4)	(4,5)	(5,3)	(5,4)	(5,5)	(6,2)	(6,3)	(6,4)	(6,5)	(7,4)	(7,5)	(8,5)	(9,5)	(10,5)	(11,5)	(12,4)	
(2,7):(1,3)	(1,7)	(2,4)	(2,5)	(2,7)	
(1,7):(1,3)	(1,7)	(2,4)	(2,5)	(2,7)	
(1,3):(1,3)	(1,7)	(2,4)	(2,5)	(2,7)	(3,4)	(3,5)	(4,3)	(4,4)	(4,5)	(4,6)	(5,3)	(5,4)	(5,5)	(5,6)	(5,7)	(6,3)	(6,4)	(6,5)	(6,6)	(6,7)	(6,8)	(7,4)	(7,5)	(7,6)	(7,7)	(7,8)	(7,9)	(8,5)	(8,6)	(8,7)	(8,8)	(8,9)	(8,10)	(9,5)	(9,6)	(9,7)	(9,8)	(9,9)	(9,10)	(9,11)	(10,5)	(10,6)	(10,7)	(10,8)	(10,9)	(10,10)	(10,11)	(11,5)	(11,6)	(11,7)	(11,8)	(11,9)	(11,10)	(11,11)	(11,12)	(12,6)	(12,7)	(12,8)	(12,9)	(12,10)	(12,11)	(12,12)	(13,7)	(13,8)	(13,10)	(13,11)	(13,12)	(13,13)	(14,8)	(14,11)	(14,12)	(14,13)	(14,14)	(15,12)	(15,13)	(15,14)	(15,15)	(16,14)	(16,15)	(17,15)	(17,16)	
(4,3):(1,3)	(2,4)	(2,5)	(3,4)	(3,5)	(3,9)	(4,2)	(4,3)	(4,4)	(4,5)	(4,6)	(4,7)	(4,8)	(5,3)	(5,4)	(5,5)	(5,6)	(5,7)	(5,8)	(5,9)	(6,2)	(6,3)	(6,4)	(6,5)	(6,6)	(6,7)	(6,8)	(6,9)	(6,10)	(6,11)	(6,12)	(6,13)	(6,14)	(6,15)	(7,4)	(7,5)	(7,6)	(7,7)	(7,8)	(7,9)	(7,10)	(7,11)	(7,12)	(7,13)	(7,14)	(7,15)	(7,16)	(7,17)	(8,5)	(8,6)	(8,7)	(8,8)	(8,9)	(8,10)	(8,11)	(8,12)	(8,17)	(9,5)	(9,6)	(9,7)	(9,8)	(9,9)	(9,10)	(9,11)	(10,5)	(10,6)	(10,7)	(10,8)	(10,9)	(10,10)	(10,11)	(11,6)	(11,7)	(11,8)	(11,9)	(11,10)	(11,11)	(11,12)	(12,6)	(12,7)	(12,8)	(12,9)	(12,10)	(12,11)	(12,12)	(12,13)	(13,7)	(13,8)	(13,10)	(13,11)	(13,12)	(13,13)	(13,14)	(14,8)	(14,11)	(14,12)	(14,13)	(14,14)	(14,15)	(15,12)	(15,13)	(15,14)	(15,15)	(16,14)	(16,15)	(17,15)	(17,16)	
(4,2):(4,2)	(4,3)	(4,4)	(4,5)	(4,6)	(4,7)	(4,8)	(5,3)	(5,4)	(5,5)	(5,6)	(5,7)	(5,8)	(5,9)	(6,2)	(6,3)	(6,4)	(6,5)	(6,6)	(6,7)	(6,8)	(6,9)	(6,10)	(6,11)	(6,12)	(6,13)	(6,14)	(6,15)	(6,16)	(7,4)	(7,5)	(7,6)	(7,7)	(7,8)	(7,9)	(7,10)	(7,11)	(7,12)	(7,13)	(7,14)	(7,15)	(7,16)	(7,17)	(8,5)	(8,6)	(8,7)	(8,8)	(8,9)	(8,10)	(8,11)	(8,12)	(8,17)	(9,6)	(9,7)	(9,8)	(9,9)	(9,10)	(9,11)	(10,6)	(10,7)	(10,8)	(10,9)	(10,10)	(10,11)	(11,7)	(11,8)	(11,9)	(11,10)	(11,11)	(11,12)	(12,8)	(12,9)	(12,10)	(12,11)	(12,12)	(12,13)	(13,8)	(13,10)	(13,11)	(13,12)	(13,13)	(13,14)	(14,11)	(14,12)	(14,13)	(14,14)	(14,15)	(15,12)	(15,13)	(15,14)	(15,15)	(16,14)	(16,15)	(17,15)	(17,16)	
(6,2):(2,4)	(2,5)	(3,4)	(3,5)	(3,9)	(4,2)	(4,3)	(4,4)	(4,5)	(4,6)	(4,7)	(4,8)	(5,3)	(5,4)	(5,5)	(5,6)	(5,7)	(5,8)	(5,9)	(5,18)	(6,1)	(6,2)	(6,3)	(6,4)	(6,5)	(6,6)	(6,7)	(6,8)	(6,9)	(6,10)	(6,11)	(6,12)	(6,13)	(6,14)	(6,15)	(6,16)	(6,17)	(7,1)	(7,4)	(7,5)	(7,6)	(7,7)	(7,8)	(7,9)	(7,10)	(7,11)	(7,12)	(7,13)	(7,14)	(7,15)	(7,16)	(7,17)	(8,6)	(8,7)	(8,8)	(8,9)	(8,10)	(8,11)	(8,12)	(8,17)	(9,8)	(9,9)	(9,10)	(9,11)	(10,10)	(10,11)	(11,12)	
(6,1):(6,1)	(6,2)	(6,3)	(6,4)	(6,5)	(6,6)	(6,7)	(6,8)	(6,9)	(6,10)	(6,11)	(6,12)	(6,13)	(6,14)	(6,15)	(6,16)	(6,17)	(7,1)	(7,4)	(7,5)	(7,6)	(7,7)	(7,8)	(7,9)	(7,10)	(7,11)	(7,12)	(7,13)	(7,14)	(7,15)	(7,16)	(7,17)	(8,7)	(8,8)	(8,9)	(8,10)	(8,11)	(8,12)	(8,17)	(9,10)	(9,11)	
(7,1):(3,5)	(3,9)	(4,4)	(4,5)	(4,6)	(4,7)	(4,8)	(5,3)	(5,4)	(5,5)	(5,6)	(5,7)	(5,8)	(5,9)	(5,18)	(6,1)	(6,2)	(6,3)	(6,4)	(6,5)	(6,6)	(6,7)	(6,8)	(6,9)	(6,10)	(6,11)	(6,12)	(6,13)	(6,14)	(6,15)	(6,16)	(6,17)	(7,1)	(7,4)	(7,5)	(7,6)	(7,7)	(7,8)	(7,9)	(7,10)	(7,11)	(7,12)	(7,13)	(7,14)	(7,15)	(7,16)	(7,17)	
(7,4):(1,3)	(2,4)	(2,5)	(3,4)	(3,5)	(3,9)	(4,2)	(4,3)	(4,4)	(4,5)	(4,6)	(4,7)	(4,8)	(5,3)	(5,4)	(5,5)	(5,6)	(5,7)	(5,8)	(5,9)	(5,18)	(6,1)	(6,2)	(6,3)	(6,4)	(6,5)	(6,6)	(6,7)	(6,8)	(6,9)	(6,10)	(6,11)	(6,12)	(6,13)	(6,14)	(6,15)	(6,16)	(6,17)	(7,1)	(7,4)	(7,5)	(7,6)	(7,7)	(7,8)	(7,9)	(7,10)	(7,11)	(7,12)	(7,13)	(7,14)	(7,15)	(7,16)	(7,17)	(8,5)	(8,6)	(8,7)	(8,8)	(8,9)	(8,10)	(8,11)	(8,12)	(8,17)	(9,5)	(9,6)	(9,7)	(9,8)	(9,9)	(9,10)	(9,11)	(10,5)	(10,6)	(10,7)	(10,8)	(10,9)	(10,10)	(10,11)	(11,5)	(11,6)	(11,7)	(11,8)	(11,9)	(11,10)	(11,11)	(11,12)	(12,4)	(12,6)	(12,7)	(12,8)	(12,9)	(12,10)	(12,11)	(12,12)	(12,13)	(12,14)	(13,7)	(13,8)	(13,10)	(13,11)	(13,12)	(13,13)	(13,14)	(13,15)	(14,8)	(14,11)	(14,12)	(14,13)	(14,14)	(14,15)	(15,12)	(15,13)	(15,14)	(15,15)	(16,14)	(16,15)	(17,16)	
(12,4):(2,4)	(2,5)	(3,4)	(3,5)	(3,9)	(4,4)	(4,5)	(4,6)	(4,7)	(4,8)	(5,4)	(5,5)	(5,6)	(5,7)	(5,8)	(5,9)	(5,18)	(6,4)	(6,5)	(6,6)	(6,7)	(6,8)	(6,9)	(6,10)	(6,11)	(6,12)	(6,13)	(6,14)	(6,15)	(6,16)	(7,4)	(7,5)	(7,6)	(7,7)	(7,8)	(7,9)	(7,10)	(7,11)	(7,12)	(7,13)	(7,14)	(8,5)	(8,6)	(8,7)	(8,8)	(8,9)	(8,10)	(8,11)	(8,12)	(9,5)	(9,6)	(9,7)	(9,8)	(9,9)	(9,10)	(9,11)	(10,5)	(10,6)	(10,7)	(10,8)	(10,9)	(10,10)	(10,11)	(11,5)	(11,6)	(11,7)	(11,8)	(11,9)	(11,10)	(11,11)	(11,12)	(11,13)	(11,14)	(11,15)	(12,4)	(12,6)	(12,7)	(12,8)	(12,9)	(12,10)	(12,11)	(12,12)	(12,13)	(12,14)	(12,15)	
(12,6):(1,3)	(2,4)	(3,4)	(3,5)	(3,9)	(4,3)	(4,4)	(4,5)	(4,6)	(4,7)	(4,8)	(5,4)	(5,5)	(5,6)	(5,7)	(5,8)	(5,9)	(6,4)	(6,5)	(6,6)	(6,7)	(6,8)	(6,9)	(6,10)	(6,11)	(6,12)	(6,13)	(6,14)	(6,15)	(7,4)	(7,5)	(7,6)	(7,7)	(7,8)	(7,9)	(7,10)	(7,11)	(7,12)	(7,13)	(8,5)	(8,6)	(8,7)	(8,8)	(8,9)	(8,10)	(8,11)	(8,12)	(9,5)	(9,6)	(9,7)	(9,8)	(9,9)	(9,10)	(9,11)	(10,5)	(10,6)	(10,7)	(10,8)	(10,9)	(10,10)	(10,11)	(11,5)	(11,6)	(11,7)	(11,8)	(11,9)	(11,10)	(11,11)	(11,12)	(11,13)	(11,14)	(11,15)	(12,4)	(12,6)	(12,7)	(12,8)	(12,9)	(12,10)	(12,11)	(12,12)	(12,13)	(12,14)	(12,15)	(13,7)	(13,8)	(13,10)	(13,11)	(13,12)	(13,13)	(13,14)	(13,15)	(14,6)	(14,8)	(14,14)	(14,15)	
(14,6):(3,9)	(4,6)	(4,7)	(4,8)	(5,6)	(5,7)	(5,8)	(5,9)	(6,6)	(6,7)	(6,8)	(6,9)	(6,10)	(6,11)	(6,12)	(6,13)	(6,14)	(7,6)	(7,7)	(7,8)	(7,9)	(7,10)	(7,11)	(7,12)	(7,13)	(8,6)	(8,7)	(8,8)	(8,9)	(8,10)	(8,11)	(8,12)	(9,6)	(9,7)	(9,8)	(9,9)	(9,10)	(9,11)	(10,6)	(10,7)	(10,8)	(10,9)	(10,10)	(10,11)	(11,6)	(11,7)	(11,8)	(11,9)	(11,10)	(11,11)	(11,12)	(12,6)	(12,7)	(12,8)	(12,9)	(12,10)	(13,7)	(13,8)	(14,6)	(14,8)	
(14,8):(1,3)	(2,4)	(3,4)	(3,5)	(4,3)	(4,4)	(4,5)	(4,6)	(4,7)	(4,8)	(5,3)	(5,4)	(5,5)	(5,6)	(5,7)	(5,8)	(6,4)	(6,5)	(6,6)	(6,7)	(6,8)	(7,4)	(7,5)	(7,6)	(7,7)	(7,8)	(8,5)	(8,6)	(8,7)	(8,8)	(9,5)	(9,6)	(9,7)	(9,8)	(10,5)	(10,6)	(10,7)	(10,8)	(11,5)	(11,6)	(11,7)	(11,8)	(12,6)	(12,7)	(12,8)	(13,7)	(13,8)	(14,6)	(14,8)	
(13,8):(1,3)	(2,4)	(3,4)	(3,5)	(3,9)	(4,2)	(4,3)	(4,4)	(4,5)	(4,6)	(4,7)	(4,8)	(5,3)	(5,4)	(5,5)	(5,6)	(5,7)	(5,8)	(5,9)	(6,4)	(6,5)	(6,6)	(6,7)	(6,8)	(6,9)	(6,10)	(6,11)	(6,12)	(6,13)	(7,4)	(7,5)	(7,6)	(7,7)	(7,8)	(7,9)	(7,10)	(7,11)	(7,12)	(8,5)	(8,6)	(8,7)	(8,8)	(8,9)	(8,10)	(8,11)	(8,12)	(9,5)	(9,6)	(9,7)	(9,8)	(9,9)	(9,10)	(9,11)	(10,5)	(10,6)	(10,7)	(10,8)	(10,9)	(10,10)	(10,11)	(11,5)	(11,6)	(11,7)	(11,8)	(11,9)	(11,10)	(11,11)	(11,12)	(11,13)	(11,14)	(11,15)	(12,6)	(12,7)	(12,8)	(12,9)	(12,10)	(12,11)	(12,12)	(12,13)	(12,14)	(12,15)	(13,7)	(13,8)	(13,10)	(13,11)	(13,12)	(13,13)	(13,14)	(13,15)	(14,6)	(14,8)	
(13,10):(1,3)	(2,4)	(3,4)	(3,5)	(4,2)	(4,3)	(4,4)	(4,5)	(4,6)	(4,7)	(4,8)	(5,3)	(5,4)	(5,5)	(5,6)	(5,7)	(5,8)	(5,9)	(6,3)	(6,4)	(6,5)	(6,6)	(6,7)	(6,8)	(6,9)	(6,10)	(6,11)	(6,12)	(7,4)	(7,5)	(7,6)	(7,7)	(7,8)	(7,9)	(7,10)	(7,11)	(7,12)	(8,5)	(8,6)	(8,7)	(8,8)	(8,9)	(8,10)	(8,11)	(8,12)	(9,5)	(9,6)	(9,7)	(9,8)	(9,9)	(9,10)	(9,11)	(9,16)	(10,5)	(10,6)	(10,7)	(10,8)	(10,9)	(10,10)	(10,11)	(10,15)	(11,5)	(11,6)	(11,7)	(11,8)	(11,9)	(11,10)	(11,11)	(11,12)	(11,13)	(11,14)	(11,15)	(12,6)	(12,7)	(12,8)	(12,9)	(12,10)	(12,11)	(12,12)	(12,13)	(12,14)	(12,15)	(13,7)	(13,8)	(13,10)	(13,11)	(13,12)	(13,13)	(13,14)	(13,15)	(14,11)	(14,12)	(14,13)	(14,14)	(14,15)	(15,10)	(15,11)	(15,12)	(15,13)	(15,14)	(15,15)	(16,14)	(16,15)	(17,16)	
(15,10):(6,10)	(6,11)	(6,12)	(7,10)	(7,11)	(7,12)	(8,10)	(8,11)	(8,12)	(9,10)	(9,11)	(9,16)	(10,10)	(10,11)	(10,14)	(10,15)	(11,10)	(11,11)	(11,12)	(11,13)	(11,14)	(11,15)	(12,10)	(12,11)	(12,12)	(12,13)	(12,14)	(12,15)	(13,10)	(13,11)	(13,12)	(13,13)	(13,14)	(13,15)	(14,11)	(14,12)	(14,13)	(14,14)	(14,15)	(15,10)	(15,11)	(15,12)	(15,13)	(15,14)	(15,15)	
(15,11):(3,5)	(4,6)	(4,7)	(4,8)	(5,6)	(5,7)	(5,8)	(5,9)	(6,7)	(6,8)	(6,9)	(6,10)	(6,11)	(6,12)	(7,7)	(7,8)	(7,9)	(7,10)	(7,11)	(7,12)	(8,8)	(8,9)	(8,10)	(8,11)	(8,12)	(9,8)	(9,9)	(9,10)	(9,11)	(9,16)	(10,9)	(10,10)	(10,11)	(10,14)	(10,15)	(11,9)	(11,10)	(11,11)	(11,12)	(11,13)	(11,14)	(11,15)	(12,10)	(12,11)	(12,12)	(12,13)	(12,14)	(12,15)	(13,10)	(13,11)	(13,12)	(13,13)	(13,14)	(13,15)	(14,11)	(14,12)	(14,13)	(14,14)	(14,15)	(15,10)	(15,11)	(15,12)	(15,13)	(15,14)	(15,15)	(16,11)	(16,14)	(16,15)	
(16,11):(6,11)	(6,12)	(7,11)	(7,12)	(8,11)	(8,12)	(9,11)	(9,16)	(10,11)	(10,14)	(10,15)	(11,11)	(11,12)	(11,13)	(11,14)	(11,15)	(12,11)	(12,12)	(12,13)	(12,14)	(12,15)	(13,11)	(13,12)	(13,13)	(13,14)	(13,15)	(14,11)	(14,12)	(14,13)	(14,14)	(14,15)	(15,11)	(15,12)	(15,13)	(15,14)	(15,15)	(16,11)	(16,14)	(16,15)	
(16,14):(1,3)	(2,4)	(3,4)	(3,5)	(4,2)	(4,3)	(4,4)	(4,5)	(4,6)	(4,7)	(4,8)	(5,3)	(5,4)	(5,5)	(5,6)	(5,7)	(5,8)	(5,9)	(6,3)	(6,4)	(6,5)	(6,6)	(6,7)	(6,8)	(6,9)	(6,10)	(7,4)	(7,5)	(7,6)	(7,7)	(7,8)	(7,9)	(7,10)	(8,5)	(8,6)	(8,7)	(8,8)	(8,9)	(8,10)	(9,5)	(9,6)	(9,7)	(9,8)	(9,9)	(9,10)	(9,11)	(9,13)	(9,16)	(10,6)	(10,7)	(10,8)	(10,9)	(10,10)	(10,11)	(10,14)	(10,15)	(11,8)	(11,9)	(11,10)	(11,11)	(11,12)	(11,13)	(11,14)	(11,15)	(12,9)	(12,10)	(12,11)	(12,12)	(12,13)	(12,14)	(12,15)	(13,10)	(13,11)	(13,12)	(13,13)	(13,14)	(13,15)	(14,11)	(14,12)	(14,13)	(14,14)	(14,15)	(15,11)	(15,12)	(15,13)	(15,14)	(15,15)	(16,11)	(16,14)	(16,15)	(17,15)	(17,16)	(25,14)	(25,15)	
(25,14):(9,16)	(10,14)	(10,15)	(11,14)	(11,15)	(12,14)	(12,15)	(13,14)	(13,15)	(14,14)	(14,15)	(15,14)	(15,15)	(16,14)	(16,15)	(17,15)	(25,14)	(25,15)	
(25,15):(10,14)	(10,15)	(11,14)	(11,15)	(12,14)	(12,15)	(13,14)	(13,15)	(14,14)	(14,15)	(15,14)	(15,15)	(16,14)	(16,15)	(17,15)	(25,14)	(25,15)	
(17,15):79.571426
(17,16):84.428574
(9,16):38.000000
(9,13):25.500000
(11,13):49.299999
(11,12):107.500000
(8,12):103.466072
(8,17):94.870514
(24,17):50.500000
(24,21):5.000000
(23,21):4.000000
(23,19):34.638462
(22,19):54.726189
(22,24):15.250000
(20,24):4.500000
(20,25):2.000000
(19,25):2.500000
(19,23):4.000000
(21,23):10.000000
(21,22):29.416666
(18,22):22.500000
(18,20):51.058334
(10,20):39.833332
(10,18):49.288460
(5,18):78.968750
(5,9):112.803574
(3,9):57.652382
(3,5):101.357140
(2,5):21.875000
(2,7):4.000000
(1,7):5.000000
(1,3):79.039139
(4,3):110.049423
(4,2):93.247620
(6,2):70.191666
(6,1):33.729168
(7,1):42.500000
(7,4):122.282906
(12,4):81.550003
(12,6):100.470634
(14,6):56.500000
(14,8):45.025974
(13,8):93.800003
(13,10):110.133331
(15,10):41.785713
(15,11):69.909523
(16,11):36.762501
(16,14):101.039627
(25,14):20.000000
(25,15):18.722221
(17,15),(17,16):66.095238
(17,15),(9,16):31.299999
(17,15),(9,13):25.000000
(17,15),(11,13):32.000000
(17,15),(11,12):65.500000
(17,15),(8,12):43.428570
(17,15),(8,17):23.000000
(17,15),(24,17):0.000000
(17,15),(24,21):0.000000
(17,15),(23,21):0.000000
(17,15),(23,19):0.000000
(17,15),(22,19):0.000000
(17,15),(22,24):0.000000
(17,15),(20,24):0.000000
(17,15),(20,25):0.000000
(17,15),(19,25):0.000000
(17,15),(19,23):0.000000
(17,15),(21,23):0.000000
(17,15),(21,22):0.000000
(17,15),(18,22):0.000000
(17,15),(18,20):0.000000
(17,15),(10,20):0.000000
(17,15),(10,18):0.000000
(17,15),(5,18):21.299999
(17,15),(5,9):49.099998
(17,15),(3,9):29.428572
(17,15),(3,5):55.984127
(17,15),(2,5):8.821428
(17,15),(2,7):0.928571
(17,15),(1,7):1.834587
(17,15),(1,3):46.864357
(17,15),(4,3):58.894661
(17,15),(4,2):51.650002
(17,15),(6,2):34.676472
(17,15),(6,1):12.200000
(17,15),(7,1):20.000000
(17,15),(7,4):61.015873
(17,15),(12,4):43.200001
(17,15),(12,6):57.514286
(17,15),(14,6):29.000000
(17,15),(14,8):25.476191
(17,15),(13,8):54.871429
(17,15),(13,10):67.904762
(17,15),(15,10):28.000000
(17,15),(15,11):52.166668
(17,15),(16,11):26.700001
(17,15),(16,14):79.571426
(17,15),(25,14):20.000000
(17,15),(25,15):18.722221
(17,16),(9,16):31.000000
(17,16),(9,13):22.678572
(17,16),(11,13):36.900002
(17,16),(11,12):78.050003
(17,16),(8,12):56.428570
(17,16),(8,17):24.833334
(17,16),(24,17):0.000000
(17,16),(24,21):0.000000
(17,16),(23,21):0.000000
(17,16),(23,19):0.000000
(17,16),(22,19):0.000000
(17,16),(22,24):0.000000
(17,16),(20,24):0.000000
(17,16),(20,25):0.000000
(17,16),(19,25):0.000000
(17,16),(19,23):0.000000
(17,16),(21,23):0.000000
(17,16),(21,22):0.000000
(17,16),(18,22):0.000000
(17,16),(18,20):0.000000
(17,16),(10,20):0.000000
(17,16),(10,18):0.000000
(17,16),(5,18):28.726191
(17,16),(5,9):61.706062
(17,16),(3,9):39.500000
(17,16),(3,5):68.356224
(17,16),(2,5):13.595238
(17,16),(2,7):0.821429
(17,16),(1,7):1.710623
(17,16),(1,3):62.469585
(17,16),(4,3):70.254509
(17,16),(4,2):62.700001
(17,16),(6,2):32.625000
(17,16),(6,1):11.695238
(17,16),(7,1):17.954546
(17,16),(7,4):72.873016
(17,16),(12,4):49.053032
(17,16),(12,6):65.038094
(17,16),(14,6):29.904762
(17,16),(14,8):34.000000
(17,16),(13,8):62.895237
(17,16),(13,10):80.428574
(17,16),(15,10):30.500000
(17,16),(15,11):51.333332
(17,16),(16,11):28.700001
(17,16),(16,14):82.795235
(17,16),(25,14):12.000000
(17,16),(25,15):10.722222
(9,16),(9,13):24.299999
(9,16),(11,13):34.884617
(9,16),(11,12):28.142857
(9,16),(8,12):6.333333
(9,16),(8,17):0.000000
(9,16),(24,17):0.000000
(9,16),(24,21):0.000000
(9,16),(23,21):0.000000
(9,16),(23,19):0.000000
(9,16),(22,19):0.000000
(9,16),(22,24):0.000000
(9,16),(20,24):0.000000
(9,16),(20,25):0.000000
(9,16),(19,25):0.000000
(9,16),(19,23):0.000000
(9,16),(21,23):0.000000
(9,16),(21,22):0.000000
(9,16),(18,22):0.000000
(9,16),(18,20):0.000000
(9,16),(10,20):0.000000
(9,16),(10,18):0.000000
(9,16),(5,18):0.000000
(9,16),(5,9):12.929412
(9,16),(3,9):0.000000
(9,16),(3,5):17.529434
(9,16),(2,5):0.000000
(9,16),(2,7):0.000000
(9,16),(1,7):0.000000
(9,16),(1,3):17.369202
(9,16),(4,3):19.002264
(9,16),(4,2):19.070732
(9,16),(6,2):0.000000
(9,16),(6,1):0.000000
(9,16),(7,1):0.000000
(9,16),(7,4):20.087301
(9,16),(12,4):4.250000
(9,16),(12,6):14.142858
(9,16),(14,6):0.000000
(9,16),(14,8):0.000000
(9,16),(13,8):10.800000
(9,16),(13,10):30.083334
(9,16),(15,10):25.500000
(9,16),(15,11):31.666666
(9,16),(16,11):28.866667
(9,16),(16,14):37.833332
(9,16),(25,14):16.000000
(9,16),(25,15):14.722222
(9,13),(11,13):24.500000
(9,13),(11,12):17.250000
(9,13),(8,12):0.000000
(9,13),(8,17):0.000000
(9,13),(24,17):0.000000
(9,13),(24,21):0.000000
(9,13),(23,21):0.000000
(9,13),(23,19):0.000000
(9,13),(22,19):0.000000
(9,13),(22,24):0.000000
(9,13),(20,24):0.000000
(9,13),(20,25):0.000000
(9,13),(19,25):0.000000
(9,13),(19,23):0.000000
(9,13),(21,23):0.000000
(9,13),(21,22):0.000000
(9,13),(18,22):0.000000
(9,13),(18,20):0.000000
(9,13),(10,20):0.000000
(9,13),(10,18):0.000000
(9,13),(5,18):0.000000
(9,13),(5,9):3.100000
(9,13),(3,9):0.000000
(9,13),(3,5):8.150794
(9,13),(2,5):0.000000
(9,13),(2,7):0.000000
(9,13),(1,7):0.000000
(9,13),(1,3):8.348485
(9,13),(4,3):10.712121
(9,13),(4,2):11.250000
(9,13),(6,2):0.000000
(9,13),(6,1):0.000000
(9,13),(7,1):0.000000
(9,13),(7,4):12.694445
(9,13),(12,4):3.500000
(9,13),(12,6):10.017858
(9,13),(14,6):0.000000
(9,13),(14,8):0.000000
(9,13),(13,8):7.800000
(9,13),(13,10):19.333334
(9,13),(15,10):16.500000
(9,13),(15,11):20.666666
(9,13),(16,11):20.200001
(9,13),(16,14):25.500000
(9,13),(25,14):14.500000
(9,13),(25,15):13.222222
(11,13),(11,12):42.049999
(11,13),(8,12):19.799999
(11,13),(8,17):0.000000
(11,13),(24,17):0.000000
(11,13),(24,21):0.000000
(11,13),(23,21):0.000000
(11,13),(23,19):0.000000
(11,13),(22,19):0.000000
(11,13),(22,24):0.000000
(11,13),(20,24):0.000000
(11,13),(20,25):0.000000
(11,13),(19,25):0.000000
(11,13),(19,23):0.000000
(11,13),(21,23):0.000000
(11,13),(21,22):0.000000
(11,13),(18,22):0.000000
(11,13),(18,20):0.000000
(11,13),(10,20):0.000000
(11,13),(10,18):0.000000
(11,13),(5,18):1.000000
(11,13),(5,9):26.549999
(11,13),(3,9):8.800000
(11,13),(3,5):30.957026
(11,13),(2,5):1.000000
(11,13),(2,7):0.000000
(11,13),(1,7):0.000000
(11,13),(1,3):29.819569
(11,13),(4,3):30.594971
(11,13),(4,2):27.233334
(11,13),(6,2):0.000000
(11,13),(6,1):0.000000
(11,13),(7,1):0.000000
(11,13),(7,4):33.185825
(11,13),(12,4):12.500000
(11,13),(12,6):27.942858
(11,13),(14,6):8.800000
(11,13),(14,8):5.300000
(11,13),(13,8):23.600000
(11,13),(13,10):42.583332
(11,13),(15,10):28.500000
(11,13),(15,11):35.666668
(11,13),(16,11):30.200001
(11,13),(16,14):41.000000
(11,13),(25,14):13.500000
(11,13),(25,15):12.222222
(11,12),(8,12):83.428574
(11,12),(8,17):34.750000
(11,12),(24,17):0.000000
(11,12),(24,21):0.000000
(11,12),(23,21):0.000000
(11,12),(23,19):0.000000
(11,12),(22,19):0.000000
(11,12),(22,24):0.000000
(11,12),(20,24):0.000000
(11,12),(20,25):0.000000
(11,12),(19,25):0.000000
(11,12),(19,23):0.000000
(11,12),(21,23):0.000000
(11,12),(21,22):0.000000
(11,12),(18,22):0.000000
(11,12),(18,20):0.000000
(11,12),(10,20):0.000000
(11,12),(10,18):0.000000
(11,12),(5,18):43.000000
(11,12),(5,9):90.750000
(11,12),(3,9):53.916668
(11,12),(3,5):93.868835
(11,12),(2,5):16.750000
(11,12),(2,7):0.687500
(11,12),(1,7):1.554348
(11,12),(1,3):74.104599
(11,12),(4,3):92.524986
(11,12),(4,2):79.007141
(11,12),(6,2):47.568180
(11,12),(6,1):19.666666
(11,12),(7,1):27.500000
(11,12),(7,4):98.527779
(11,12),(12,4):69.571426
(11,12),(12,6):89.550003
(11,12),(14,6):50.000000
(11,12),(14,8):42.821430
(11,12),(13,8):85.250000
(11,12),(13,10):103.833336
(11,12),(15,10):36.000000
(11,12),(15,11):63.666668
(11,12),(16,11):31.000000
(11,12),(16,14):86.833336
(11,12),(25,14):8.500000
(11,12),(25,15):7.638889
(8,12),(8,17):54.187500
(8,12),(24,17):3.000000
(8,12),(24,21):0.000000
(8,12),(23,21):0.000000
(8,12),(23,19):2.792308
(8,12),(22,19):2.767857
(8,12),(22,24):0.000000
(8,12),(20,24):0.000000
(8,12),(20,25):0.000000
(8,12),(19,25):0.000000
(8,12),(19,23):0.000000
(8,12),(21,23):0.000000
(8,12),(21,22):0.000000
(8,12),(18,22):0.000000
(8,12),(18,20):1.725000
(8,12),(10,20):0.000000
(8,12),(10,18):5.250000
(8,12),(5,18):62.406250
(8,12),(5,9):102.616074
(8,12),(3,9):54.739880
(8,12),(3,5):83.306351
(8,12),(2,5):16.871429
(8,12),(2,7):0.128571
(8,12),(1,7):0.840336
(8,12),(1,3):61.212284
(8,12),(4,3):88.815689
(8,12),(4,2):76.714287
(8,12),(6,2):65.779602
(8,12),(6,1):33.104168
(8,12),(7,1):39.937500
(8,12),(7,4):99.666069
(8,12),(12,4):73.357140
(8,12),(12,6):83.078575
(8,12),(14,6):54.099998
(8,12),(14,8):42.099998
(8,12),(13,8):79.628571
(8,12),(13,10):82.478569
(8,12),(15,10):21.285715
(8,12),(15,11):42.642857
(8,12),(16,11):11.562500
(8,12),(16,14):62.761906
(8,12),(25,14):0.000000
(8,12),(25,15):0.000000
(8,17),(24,17):41.605129
(8,17),(24,21):3.066667
(8,17),(23,21):2.066667
(8,17),(23,19):31.705128
(8,17),(22,19):43.001190
(8,17),(22,24):9.944118
(8,17),(20,24):0.000000
(8,17),(20,25):0.000000
(8,17),(19,25):0.000000
(8,17),(19,23):0.000000
(8,17),(21,23):4.550000
(8,17),(21,22):21.816668
(8,17),(18,22):16.900000
(8,17),(18,20):41.125000
(8,17),(10,20):35.833332
(8,17),(10,18):45.288460
(8,17),(5,18):62.622597
(8,17),(5,9):54.519917
(8,17),(3,9):27.022894
(8,17),(3,5):35.678570
(8,17),(2,5):11.350000
(8,17),(2,7):0.000000
(8,17),(1,7):0.035714
(8,17),(1,3):20.928205
(8,17),(4,3):46.994709
(8,17),(4,2):45.527107
(8,17),(6,2):53.141567
(8,17),(6,1):29.216347
(8,17),(7,1):37.062939
(8,17),(7,4):54.442307
(8,17),(12,4):37.687500
(8,17),(12,6):38.299999
(8,17),(14,6):24.187500
(8,17),(14,8):20.133928
(8,17),(13,8):36.349998
(8,17),(13,10):35.549999
(8,17),(15,10):7.285714
(8,17),(15,11):18.469780
(8,17),(16,11):3.562500
(8,17),(16,14):28.549999
(8,17),(25,14):0.000000
(8,17),(25,15):0.000000
(24,17),(24,21):5.000000
(24,17),(23,21):4.000000
(24,17),(23,19):34.038460
(24,17),(22,19):47.458332
(24,17),(22,24):8.083333
(24,17),(20,24):0.000000
(24,17),(20,25):0.000000
(24,17),(19,25):0.000000
(24,17),(19,23):0.000000
(24,17),(21,23):3.000000
(24,17),(21,22):22.916666
(24,17),(18,22):18.000000
(24,17),(18,20):45.000000
(24,17),(10,20):39.333332
(24,17),(10,18):45.438461
(24,17),(5,18):19.000000
(24,17),(5,9):3.187500
(24,17),(3,9):0.000000
(24,17),(3,5):0.000000
(24,17),(2,5):0.000000
(24,17),(2,7):0.000000
(24,17),(1,7):0.000000
(24,17),(1,3):0.000000
(24,17),(4,3):1.726190
(24,17),(4,2):1.919048
(24,17),(6,2):3.066667
(24,17),(6,1):2.062500
(24,17),(7,1):2.000000
(24,17),(7,4):3.038461
(24,17),(12,4):0.250000
(24,17),(12,6):0.000000
(24,17),(14,6):0.000000
(24,17),(14,8):0.000000
(24,17),(13,8):0.000000
(24,17),(13,10):0.000000
(24,17),(15,10):0.000000
(24,17),(15,11):0.000000
(24,17),(16,11):0.000000
(24,17),(16,14):0.000000
(24,17),(25,14):0.000000
(24,17),(25,15):0.000000
(24,21),(23,21):4.000000
(24,21),(23,19):5.000000
(24,21),(22,19):3.000000
(24,21),(22,24):0.000000
(24,21),(20,24):0.000000
(24,21),(20,25):0.000000
(24,21),(19,25):0.000000
(24,21),(19,23):0.000000
(24,21),(21,23):0.166667
(24,21),(21,22):0.266667
(24,21),(18,22):1.772727
(24,21),(18,20):2.611111
(24,21),(10,20):2.873333
(24,21),(10,18):3.038461
(24,21),(5,18):1.750000
(24,21),(5,9):0.000000
(24,21),(3,9):0.000000
(24,21),(3,5):0.000000
(24,21),(2,5):0.000000
(24,21),(2,7):0.000000
(24,21),(1,7):0.000000
(24,21),(1,3):0.000000
(24,21),(4,3):0.000000
(24,21),(4,2):0.000000
(24,21),(6,2):0.000000
(24,21),(6,1):0.000000
(24,21),(7,1):0.000000
(24,21),(7,4):0.000000
(24,21),(12,4):0.000000
(24,21),(12,6):0.000000
(24,21),(14,6):0.000000
(24,21),(14,8):0.000000
(24,21),(13,8):0.000000
(24,21),(13,10):0.000000
(24,21),(15,10):0.000000
(24,21),(15,11):0.000000
(24,21),(16,11):0.000000
(24,21),(16,14):0.000000
(24,21),(25,14):0.000000
(24,21),(25,15):0.000000
(23,21),(23,19):4.000000
(23,21),(22,19):2.000000
(23,21),(22,24):0.000000
(23,21),(20,24):0.000000
(23,21),(20,25):0.000000
(23,21),(19,25):0.000000
(23,21),(19,23):0.000000
(23,21),(21,23):0.000000
(23,21),(21,22):0.000000
(23,21),(18,22):0.875000
(23,21),(18,20):1.625000
(23,21),(10,20):1.875000
(23,21),(10,18):2.038461
(23,21),(5,18):1.000000
(23,21),(5,9):0.000000
(23,21),(3,9):0.000000
(23,21),(3,5):0.000000
(23,21),(2,5):0.000000
(23,21),(2,7):0.000000
(23,21),(1,7):0.000000
(23,21),(1,3):0.000000
(23,21),(4,3):0.000000
(23,21),(4,2):0.000000
(23,21),(6,2):0.000000
(23,21),(6,1):0.000000
(23,21),(7,1):0.000000
(23,21),(7,4):0.000000
(23,21),(12,4):0.000000
(23,21),(12,6):0.000000
(23,21),(14,6):0.000000
(23,21),(14,8):0.000000
(23,21),(13,8):0.000000
(23,21),(13,10):0.000000
(23,21),(15,10):0.000000
(23,21),(15,11):0.000000
(23,21),(16,11):0.000000
(23,21),(16,14):0.000000
(23,21),(25,14):0.000000
(23,21),(25,15):0.000000
(23,19),(22,19):32.558334
(23,19),(22,24):6.000000
(23,19),(20,24):0.000000
(23,19),(20,25):0.000000
(23,19),(19,25):0.000000
(23,19),(19,23):0.000000
(23,19),(21,23):2.500000
(23,19),(21,22):14.666667
(23,19),(18,22):10.500000
(23,19),(18,20):29.975000
(23,19),(10,20):27.833334
(23,19),(10,18):32.676922
(23,19),(5,18):18.638462
(23,19),(5,9):2.930541
(23,19),(3,9):0.000000
(23,19),(3,5):0.000000
(23,19),(2,5):0.000000
(23,19),(2,7):0.000000
(23,19),(1,7):0.000000
(23,19),(1,3):0.000000
(23,19),(4,3):1.553882
(23,19),(4,2):1.734912
(23,19),(6,2):2.840534
(23,19),(6,1):1.850311
(23,19),(7,1):1.917949
(23,19),(7,4):2.820009
(23,19),(12,4):0.423762
(23,19),(12,6):0.000000
(23,19),(14,6):0.000000
(23,19),(14,8):0.000000
(23,19),(13,8):0.000000
(23,19),(13,10):0.000000
(23,19),(15,10):0.000000
(23,19),(15,11):0.000000
(23,19),(16,11):0.000000
(23,19),(16,14):0.000000
(23,19),(25,14):0.000000
(23,19),(25,15):0.000000
(22,19),(22,24):13.375000
(22,19),(20,24):1.625000
(22,19),(20,25):0.000000
(22,19),(19,25):0.000000
(22,19),(19,23):1.125000
(22,19),(21,23):7.625000
(22,19),(21,22):29.416666
(22,19),(18,22):22.500000
(22,19),(18,20):50.351189
(22,19),(10,20):39.833332
(22,19),(10,18):46.601189
(22,19),(5,18):18.601191
(22,19),(5,9):2.902266
(22,19),(3,9):0.000000
(22,19),(3,5):0.000000
(22,19),(2,5):0.000000
(22,19),(2,7):0.000000
(22,19),(1,7):0.000000
(22,19),(1,3):0.000000
(22,19),(4,3):1.537272
(22,19),(4,2):1.716810
(22,19),(6,2):2.814674
(22,19),(6,1):1.829574
(22,19),(7,1):1.904762
(22,19),(7,4):2.794739
(22,19),(12,4):0.434524
(22,19),(12,6):0.000000
(22,19),(14,6):0.000000
(22,19),(14,8):0.000000
(22,19),(13,8):0.000000
(22,19),(13,10):0.000000
(22,19),(15,10):0.000000
(22,19),(15,11):0.000000
(22,19),(16,11):0.000000
(22,19),(16,14):0.000000
(22,19),(25,14):0.000000
(22,19),(25,15):0.000000
(22,24),(20,24):3.500000
(22,24),(20,25):1.000000
(22,24),(19,25):1.500000
(22,24),(19,23):3.000000
(22,24),(21,23):9.000000
(22,24),(21,22):13.250000
(22,24),(18,22):11.250000
(22,24),(18,20):11.583333
(22,24),(10,20):8.250000
(22,24),(10,18):9.678572
(22,24),(5,18):3.250000
(22,24),(5,9):0.000000
(22,24),(3,9):0.000000
(22,24),(3,5):0.000000
(22,24),(2,5):0.000000
(22,24),(2,7):0.000000
(22,24),(1,7):0.000000
(22,24),(1,3):0.000000
(22,24),(4,3):0.000000
(22,24),(4,2):0.000000
(22,24),(6,2):0.000000
(22,24),(6,1):0.000000
(22,24),(7,1):0.000000
(22,24),(7,4):0.000000
(22,24),(12,4):0.000000
(22,24),(12,6):0.000000
(22,24),(14,6):0.000000
(22,24),(14,8):0.000000
(22,24),(13,8):0.000000
(22,24),(13,10):0.000000
(22,24),(15,10):0.000000
(22,24),(15,11):0.000000
(22,24),(16,11):0.000000
(22,24),(16,14):0.000000
(22,24),(25,14):0.000000
(22,24),(25,15):0.000000
(20,24),(20,25):2.000000
(20,24),(19,25):2.500000
(20,24),(19,23):4.000000
(20,24),(21,23):4.000000
(20,24),(21,22):1.500000
(20,24),(18,22):0.000000
(20,24),(18,20):0.133333
(20,24),(10,20):0.000000
(20,24),(10,18):0.000000
(20,24),(5,18):0.000000
(20,24),(5,9):0.000000
(20,24),(3,9):0.000000
(20,24),(3,5):0.000000
(20,24),(2,5):0.000000
(20,24),(2,7):0.000000
(20,24),(1,7):0.000000
(20,24),(1,3):0.000000
(20,24),(4,3):0.000000
(20,24),(4,2):0.000000
(20,24),(6,2):0.000000
(20,24),(6,1):0.000000
(20,24),(7,1):0.000000
(20,24),(7,4):0.000000
(20,24),(12,4):0.000000
(20,24),(12,6):0.000000
(20,24),(14,6):0.000000
(20,24),(14,8):0.000000
(20,24),(13,8):0.000000
(20,24),(13,10):0.000000
(20,24),(15,10):0.000000
(20,24),(15,11):0.000000
(20,24),(16,11):0.000000
(20,24),(16,14):0.000000
(20,24),(25,14):0.000000
(20,24),(25,15):0.000000
(20,25),(19,25):2.000000
(20,25),(19,23):2.000000
(20,25),(21,23):1.500000
(20,25),(21,22):0.000000
(20,25),(18,22):0.000000
(20,25),(18,20):0.000000
(20,25),(10,20):0.000000
(20,25),(10,18):0.000000
(20,25),(5,18):0.000000
(20,25),(5,9):0.000000
(20,25),(3,9):0.000000
(20,25),(3,5):0.000000
(20,25),(2,5):0.000000
(20,25),(2,7):0.000000
(20,25),(1,7):0.000000
(20,25),(1,3):0.000000
(20,25),(4,3):0.000000
(20,25),(4,2):0.000000
(20,25),(6,2):0.000000
(20,25),(6,1):0.000000
(20,25),(7,1):0.000000
(20,25),(7,4):0.000000
(20,25),(12,4):0.000000
(20,25),(12,6):0.000000
(20,25),(14,6):0.000000
(20,25),(14,8):0.000000
(20,25),(13,8):0.000000
(20,25),(13,10):0.000000
(20,25),(15,10):0.000000
(20,25),(15,11):0.000000
(20,25),(16,11):0.000000
(20,25),(16,14):0.000000
(20,25),(25,14):0.000000
(20,25),(25,15):0.000000
(19,25),(19,23):2.500000
(19,25),(21,23):2.000000
(19,25),(21,22):0.000000
(19,25),(18,22):0.000000
(19,25),(18,20):0.000000
(19,25),(10,20):0.000000
(19,25),(10,18):0.000000
(19,25),(5,18):0.000000
(19,25),(5,9):0.000000
(19,25),(3,9):0.000000
(19,25),(3,5):0.000000
(19,25),(2,5):0.000000
(19,25),(2,7):0.000000
(19,25),(1,7):0.000000
(19,25),(1,3):0.000000
(19,25),(4,3):0.000000
(19,25),(4,2):0.000000
(19,25),(6,2):0.000000
(19,25),(6,1):0.000000
(19,25),(7,1):0.000000
(19,25),(7,4):0.000000
(19,25),(12,4):0.000000
(19,25),(12,6):0.000000
(19,25),(14,6):0.000000
(19,25),(14,8):0.000000
(19,25),(13,8):0.000000
(19,25),(13,10):0.000000
(19,25),(15,10):0.000000
(19,25),(15,11):0.000000
(19,25),(16,11):0.000000
(19,25),(16,14):0.000000
(19,25),(25,14):0.000000
(19,25),(25,15):0.000000
(19,23),(21,23):3.500000
(19,23),(21,22):1.000000
(19,23),(18,22):0.000000
(19,23),(18,20):0.000000
(19,23),(10,20):0.000000
(19,23),(10,18):0.000000
(19,23),(5,18):0.000000
(19,23),(5,9):0.000000
(19,23),(3,9):0.000000
(19,23),(3,5):0.000000
(19,23),(2,5):0.000000
(19,23),(2,7):0.000000
(19,23),(1,7):0.000000
(19,23),(1,3):0.000000
(19,23),(4,3):0.000000
(19,23),(4,2):0.000000
(19,23),(6,2):0.000000
(19,23),(6,1):0.000000
(19,23),(7,1):0.000000
(19,23),(7,4):0.000000
(19,23),(12,4):0.000000
(19,23),(12,6):0.000000
(19,23),(14,6):0.000000
(19,23),(14,8):0.000000
(19,23),(13,8):0.000000
(19,23),(13,10):0.000000
(19,23),(15,10):0.000000
(19,23),(15,11):0.000000
(19,23),(16,11):0.000000
(19,23),(16,14):0.000000
(19,23),(25,14):0.000000
(19,23),(25,15):0.000000
(21,23),(21,22):7.500000
(21,23),(18,22):5.500000
(21,23),(18,20):5.833333
(21,23),(10,20):3.500000
(21,23),(10,18):4.375000
(21,23),(5,18):1.375000
(21,23),(5,9):0.000000
(21,23),(3,9):0.000000
(21,23),(3,5):0.000000
(21,23),(2,5):0.000000
(21,23),(2,7):0.000000
(21,23),(1,7):0.000000
(21,23),(1,3):0.000000
(21,23),(4,3):0.000000
(21,23),(4,2):0.000000
(21,23),(6,2):0.000000
(21,23),(6,1):0.000000
(21,23),(7,1):0.000000
(21,23),(7,4):0.000000
(21,23),(12,4):0.000000
(21,23),(12,6):0.000000
(21,23),(14,6):0.000000
(21,23),(14,8):0.000000
(21,23),(13,8):0.000000
(21,23),(13,10):0.000000
(21,23),(15,10):0.000000
(21,23),(15,11):0.000000
(21,23),(16,11):0.000000
(21,23),(16,14):0.000000
(21,23),(25,14):0.000000
(21,23),(25,15):0.000000
(21,22),(18,22):20.666666
(21,22),(18,20):27.750000
(21,22),(10,20):19.416666
(21,22),(10,18):21.416666
(21,22),(5,18):8.250000
(21,22),(5,9):0.000000
(21,22),(3,9):0.000000
(21,22),(3,5):0.000000
(21,22),(2,5):0.000000
(21,22),(2,7):0.000000
(21,22),(1,7):0.000000
(21,22),(1,3):0.000000
(21,22),(4,3):0.000000
(21,22),(4,2):0.000000
(21,22),(6,2):0.000000
(21,22),(6,1):0.000000
(21,22),(7,1):0.000000
(21,22),(7,4):0.000000
(21,22),(12,4):0.000000
(21,22),(12,6):0.000000
(21,22),(14,6):0.000000
(21,22),(14,8):0.000000
(21,22),(13,8):0.000000
(21,22),(13,10):0.000000
(21,22),(15,10):0.000000
(21,22),(15,11):0.000000
(21,22),(16,11):0.000000
(21,22),(16,14):0.000000
(21,22),(25,14):0.000000
(21,22),(25,15):0.000000
(18,22),(18,20):22.500000
(18,22),(10,20):14.500000
(18,22),(10,18):16.500000
(18,22),(5,18):5.833333
(18,22),(5,9):0.000000
(18,22),(3,9):0.000000
(18,22),(3,5):0.000000
(18,22),(2,5):0.000000
(18,22),(2,7):0.000000
(18,22),(1,7):0.000000
(18,22),(1,3):0.000000
(18,22),(4,3):0.000000
(18,22),(4,2):0.000000
(18,22),(6,2):0.000000
(18,22),(6,1):0.000000
(18,22),(7,1):0.000000
(18,22),(7,4):0.000000
(18,22),(12,4):0.000000
(18,22),(12,6):0.000000
(18,22),(14,6):0.000000
(18,22),(14,8):0.000000
(18,22),(13,8):0.000000
(18,22),(13,10):0.000000
(18,22),(15,10):0.000000
(18,22),(15,11):0.000000
(18,22),(16,11):0.000000
(18,22),(16,14):0.000000
(18,22),(25,14):0.000000
(18,22),(25,15):0.000000
(18,20),(10,20):39.500000
(18,20),(10,18):44.724998
(18,20),(5,18):17.225000
(18,20),(5,9):1.776724
(18,20),(3,9):0.000000
(18,20),(3,5):0.000000
(18,20),(2,5):0.000000
(18,20),(2,7):0.000000
(18,20),(1,7):0.000000
(18,20),(1,3):0.000000
(18,20),(4,3):0.962565
(18,20),(4,2):1.073581
(18,20),(6,2):1.742241
(18,20),(6,1):1.116129
(18,20),(7,1):1.200000
(18,20),(7,4):1.734804
(18,20),(12,4):0.437560
(18,20),(12,6):0.044444
(18,20),(14,6):0.000000
(18,20),(14,8):0.000000
(18,20),(13,8):0.000000
(18,20),(13,10):0.000000
(18,20),(15,10):0.000000
(18,20),(15,11):0.000000
(18,20),(16,11):0.000000
(18,20),(16,14):0.000000
(18,20),(25,14):0.000000
(18,20),(25,15):0.000000
(10,20),(10,18):39.833332
(10,20),(5,18):14.000000
(10,20),(5,9):0.000000
(10,20),(3,9):0.000000
(10,20),(3,5):0.000000
(10,20),(2,5):0.000000
(10,20),(2,7):0.000000
(10,20),(1,7):0.000000
(10,20),(1,3):0.000000
(10,20),(4,3):0.000000
(10,20),(4,2):0.000000
(10,20),(6,2):0.000000
(10,20),(6,1):0.000000
(10,20),(7,1):0.000000
(10,20),(7,4):0.000000
(10,20),(12,4):0.000000
(10,20),(12,6):0.000000
(10,20),(14,6):0.000000
(10,20),(14,8):0.000000
(10,20),(13,8):0.000000
(10,20),(13,10):0.000000
(10,20),(15,10):0.000000
(10,20),(15,11):0.000000
(10,20),(16,11):0.000000
(10,20),(16,14):0.000000
(10,20),(25,14):0.000000
(10,20),(25,15):0.000000
(10,18),(5,18):21.250000
(10,18),(5,9):5.437500
(10,18),(3,9):0.000000
(10,18),(3,5):0.000000
(10,18),(2,5):0.000000
(10,18),(2,7):0.000000
(10,18),(1,7):0.000000
(10,18),(1,3):0.000000
(10,18),(4,3):2.483766
(10,18),(4,2):2.847619
(10,18),(6,2):5.316667
(10,18),(6,1):3.062500
(10,18),(7,1):4.000000
(10,18),(7,4):5.288462
(10,18),(12,4):1.250000
(10,18),(12,6):0.250000
(10,18),(14,6):0.000000
(10,18),(14,8):0.000000
(10,18),(13,8):0.000000
(10,18),(13,10):0.000000
(10,18),(15,10):0.000000
(10,18),(15,11):0.000000
(10,18),(16,11):0.000000
(10,18),(16,14):0.000000
(10,18),(25,14):0.000000
(10,18),(25,15):0.000000
(5,18),(5,9):63.116070
(5,18),(3,9):33.535713
(5,18),(3,5):44.500000
(5,18),(2,5):11.125000
(5,18),(2,7):0.000000
(5,18),(1,7):0.000000
(5,18),(1,3):28.910257
(5,18),(4,3):52.071430
(5,18),(4,2):50.097618
(5,18),(6,2):50.535416
(5,18),(6,1):32.031250
(5,18),(7,1):32.468750
(5,18),(7,4):63.007210
(5,18),(12,4):49.000000
(5,18),(12,6):47.549999
(5,18),(14,6):31.500000
(5,18),(14,8):23.809525
(5,18),(13,8):44.433334
(5,18),(13,10):43.633335
(5,18),(15,10):8.285714
(5,18),(15,11):20.442858
(5,18),(16,11):3.812500
(5,18),(16,14):31.600000
(5,18),(25,14):0.000000
(5,18),(25,15):0.000000
(5,9),(3,9):57.639881
(5,9),(3,5):92.437500
(5,9),(2,5):16.875000
(5,9),(2,7):0.000000
(5,9),(1,7):0.500000
(5,9),(1,3):67.865532
(5,9),(4,3):97.709145
(5,9),(4,2):83.847618
(5,9),(6,2):68.195236
(5,9),(6,1):33.657738
(5,9),(7,1):42.428570
(5,9),(7,4):108.059082
(5,9),(12,4):75.500000
(5,9),(12,6):86.773216
(5,9),(14,6):56.437500
(5,9),(14,8):42.508930
(5,9),(13,8):82.537498
(5,9),(13,10):89.949997
(5,9),(15,10):25.035715
(5,9),(15,11):50.192856
(5,9),(16,11):17.712500
(5,9),(16,14):70.243080
(5,9),(25,14):1.100000
(5,9),(25,15):1.171429
(3,9),(3,5):56.977779
(3,9),(2,5):15.875000
(3,9),(2,7):0.000000
(3,9),(1,7):0.000000
(3,9),(1,3):43.321213
(3,9),(4,3):52.200001
(3,9),(4,2):38.916668
(3,9),(6,2):33.702381
(3,9),(6,1):11.952381
(3,9),(7,1):24.285715
(3,9),(7,4):56.852383
(3,9),(12,4):45.000000
(3,9),(12,6):52.746876
(3,9),(14,6):31.700001
(3,9),(14,8):41.482609
(3,9),(13,8):52.875000
(3,9),(13,10):52.166668
(3,9),(15,10):0.000000
(3,9),(15,11):15.600000
(3,9),(16,11):0.000000
(3,9),(16,14):41.082577
(3,9),(25,14):0.000000
(3,9),(25,15):0.000000
(3,5),(2,5):19.875000
(3,5),(2,7):2.000000
(3,5),(1,7):3.000000
(3,5),(1,3):76.785172
(3,5),(4,3):94.985931
(3,5),(4,2):77.107140
(3,5),(6,2):51.000000
(3,5),(6,1):23.166666
(3,5),(7,1):28.000000
(3,5),(7,4):98.251587
(3,5),(12,4):67.312500
(3,5),(12,6):83.061508
(3,5),(14,6):50.277779
(3,5),(14,8):44.704544
(3,5),(13,8):80.133133
(3,5),(13,10):93.009918
(3,5),(15,10):24.281250
(3,5),(15,11):51.773811
(3,5),(16,11):20.489496
(3,5),(16,14):76.173157
(3,5),(25,14):3.226686
(3,5),(25,15):3.333910
(2,5),(2,7):4.000000
(2,5),(1,7):5.000000
(2,5),(1,3):16.916666
(2,5),(4,3):16.750000
(2,5),(4,2):9.250000
(2,5),(6,2):13.250000
(2,5),(6,1):3.541667
(2,5),(7,1):7.875000
(2,5),(7,4):19.975000
(2,5),(12,4):11.050000
(2,5),(12,6):15.563492
(2,5),(14,6):0.000000
(2,5),(14,8):14.363636
(2,5),(13,8):15.350000
(2,5),(13,10):16.125000
(2,5),(15,10):0.000000
(2,5),(15,11):0.000000
(2,5),(16,11):0.000000
(2,5),(16,14):13.190385
(2,5),(25,14):0.000000
(2,5),(25,15):0.000000
(2,7),(1,7):4.000000
(2,7),(1,3):4.000000
(2,7),(4,3):2.500000
(2,7),(4,2):0.000000
(2,7),(6,2):1.125000
(2,7),(6,1):0.000000
(2,7),(7,1):0.000000
(2,7),(7,4):2.100000
(2,7),(12,4):1.050000
(2,7),(12,6):1.833333
(2,7),(14,6):0.000000
(2,7),(14,8):1.590909
(2,7),(13,8):1.550000
(2,7),(13,10):1.250000
(2,7),(15,10):0.000000
(2,7),(15,11):0.000000
(2,7),(16,11):0.000000
(2,7),(16,14):0.961538
(2,7),(25,14):0.000000
(2,7),(25,15):0.000000
(1,7),(1,3):5.000000
(1,7),(4,3):3.500000
(1,7),(4,2):0.000000
(1,7),(6,2):1.458333
(1,7),(6,1):0.000000
(1,7),(7,1):0.000000
(1,7),(7,4):3.100000
(1,7),(12,4):1.300000
(1,7),(12,6):2.830409
(1,7),(14,6):0.000000
(1,7),(14,8):2.574545
(1,7),(13,8):2.530435
(1,7),(13,10):2.200000
(1,7),(15,10):0.000000
(1,7),(15,11):0.000000
(1,7),(16,11):0.000000
(1,7),(16,14):1.872527
(1,7),(25,14):0.000000
(1,7),(25,15):0.000000
(1,3),(4,3):74.239899
(1,3),(4,2):59.611111
(1,3),(6,2):29.625000
(1,3),(6,1):11.750000
(1,3),(7,1):14.000000
(1,3),(7,4):74.772224
(1,3),(12,4):47.916668
(1,3),(12,6):63.528023
(1,3),(14,6):33.454544
(1,3),(14,8):38.634090
(1,3),(13,8):60.950001
(1,3),(13,10):73.422211
(1,3),(15,10):18.033333
(1,3),(15,11):35.652779
(1,3),(16,11):17.128969
(1,3),(16,14):63.785694
(1,3),(25,14):3.294284
(1,3),(25,15):3.393086
(4,3),(4,2):91.661110
(4,3),(6,2):62.691666
(4,3),(6,1):32.229168
(4,3),(7,1):35.000000
(4,3),(7,4):108.394020
(4,3),(12,4):68.463692
(4,3),(12,6):84.938889
(4,3),(14,6):53.178570
(4,3),(14,8):42.025974
(4,3),(13,8):80.477310
(4,3),(13,10):93.413666
(4,3),(15,10):28.407827
(4,3),(15,11):55.230492
(4,3),(16,11):23.600906
(4,3),(16,14):77.497383
(4,3),(25,14):4.366833
(4,3),(25,15):4.322482
(4,2),(6,2):55.280952
(4,2),(6,1):32.443451
(4,2),(7,1):31.214285
(4,2),(7,4):92.597191
(4,2),(12,4):57.880951
(4,2),(12,6):69.141174
(4,2),(14,6):46.250000
(4,2),(14,8):26.571428
(4,2),(13,8):64.587914
(4,2),(13,10):79.278938
(4,2),(15,10):28.958357
(4,2),(15,11):52.036667
(4,2),(16,11):23.886372
(4,2),(16,14):68.645454
(4,2),(25,14):4.624138
(4,2),(25,15):4.530723
(6,2),(6,1):33.729168
(6,2),(7,1):42.500000
(6,2),(7,4):69.888458
(6,2),(12,4):52.799999
(6,2),(12,6):53.077778
(6,2),(14,6):37.500000
(6,2),(14,8):24.777311
(6,2),(13,8):50.756248
(6,2),(13,10):49.424999
(6,2),(15,10):12.285714
(6,2),(15,11):31.242857
(6,2),(16,11):6.312500
(6,2),(16,14):39.784458
(6,2),(25,14):0.000000
(6,2),(25,15):0.000000
(6,1),(7,1):17.000000
(6,1),(7,4):33.705128
(6,1),(12,4):22.666666
(6,1),(12,6):21.866667
(6,1),(14,6):18.000000
(6,1),(14,8):6.952381
(6,1),(13,8):20.600000
(6,1),(13,10):19.966667
(6,1),(15,10):7.238095
(6,1),(15,11):14.402381
(6,1),(16,11):3.750000
(6,1),(16,14):14.632479
(6,1),(25,14):0.000000
(6,1),(25,15):0.000000
(7,1),(7,4):42.500000
(7,1),(12,4):33.500000
(7,1),(12,6):32.785713
(7,1),(14,6):22.000000
(7,1),(14,8):17.136364
(7,1),(13,8):30.500000
(7,1),(13,10):29.100000
(7,1),(15,10):5.142857
(7,1),(15,11):18.171429
(7,1),(16,11):2.500000
(7,1),(16,14):22.959330
(7,1),(25,14):0.000000
(7,1),(25,15):0.000000
(7,4),(12,4):78.050003
(7,4),(12,6):95.027779
(7,4),(14,6):55.700001
(7,4),(14,8):44.225975
(7,4),(13,8):87.199997
(7,4),(13,10):99.683334
(7,4),(15,10):31.285715
(7,4),(15,11):57.409523
(7,4),(16,11):25.562500
(7,4),(16,14):79.150742
(7,4),(25,14):5.390615
(7,4),(25,15):5.141177
(12,4),(12,6):79.027779
(12,4),(14,6):51.500000
(12,4),(14,8):35.454544
(12,4),(13,8):74.500000
(12,4),(13,10):72.550003
(12,4),(15,10):19.785715
(12,4),(15,11):41.492859
(12,4),(16,11):12.062500
(12,4),(16,14):54.946465
(12,4),(25,14):2.058001
(12,4),(25,15):1.711382
(12,6),(14,6):56.500000
(12,6),(14,8):44.254547
(12,6),(13,8):91.442856
(12,6),(13,10):91.992859
(12,6),(15,10):30.428572
(12,6),(15,11):52.385715
(12,6),(16,11):21.580357
(12,6),(16,14):70.949150
(12,6),(25,14):5.395238
(12,6),(25,15):4.557143
(14,6),(14,8):22.000000
(14,6),(13,8):55.599998
(14,6),(13,10):51.549999
(14,6),(15,10):14.285714
(14,6),(15,11):35.042858
(14,6),(16,11):6.812500
(14,6),(16,14):36.490910
(14,6),(25,14):0.000000
(14,6),(25,15):0.000000
(14,8),(13,8):44.971428
(14,8),(13,10):42.571430
(14,8),(15,10):0.000000
(14,8),(15,11):9.000000
(14,8),(16,11):0.000000
(14,8),(16,14):34.186813
(14,8),(25,14):0.000000
(14,8),(25,15):0.000000
(13,8),(13,10):89.349998
(13,8),(15,10):27.085714
(13,8),(15,11):49.042858
(13,8),(16,11):18.362499
(13,8),(16,14):68.806297
(13,8),(25,14):4.642105
(13,8),(25,15):3.651064
(13,10),(15,10):40.285713
(13,10),(15,11):67.659523
(13,10),(16,11):34.312500
(13,10),(16,14):88.922958
(13,10),(25,14):10.038095
(13,10),(25,15):8.035919
(15,10),(15,11):41.142857
(15,10),(16,11):31.062500
(15,10),(16,14):33.333332
(15,10),(25,14):9.583333
(15,10),(25,15):7.718638
(15,11),(16,11):36.562500
(15,11),(16,14):61.390907
(15,11),(25,14):11.140000
(15,11),(25,15):9.393939
(16,11),(16,14):31.450001
(16,11),(25,14):10.937500
(16,11),(25,15):9.395652
(16,14),(25,14):20.000000
(16,14),(25,15):18.722221
(25,14),(25,15):16.000000
