60
(26,18):(23,22)	(23,23)	(24,14)	(24,15)	(24,16)	(24,17)	(24,18)	(24,19)	(24,20)	(24,21)	(24,22)	(24,23)	(25,16)	(25,17)	(25,18)	(25,19)	(25,20)	(25,21)	(25,22)	(25,23)	(26,17)	(26,18)	(26,24)	(27,16)	(27,17)	(28,14)	(28,15)	(28,16)	(28,17)	(29,17)	(30,17)	(30,18)	
(26,24):(16,21)	(17,21)	(17,22)	(17,23)	(17,24)	(18,22)	(18,23)	(19,22)	(19,23)	(20,22)	(20,23)	(21,23)	(22,23)	(23,9)	(23,22)	(23,23)	(24,10)	(24,11)	(24,12)	(24,13)	(24,14)	(24,15)	(24,16)	(24,17)	(24,18)	(24,19)	(24,20)	(24,21)	(24,22)	(24,23)	(25,16)	(25,17)	(25,18)	(25,19)	(25,20)	(25,21)	(25,22)	(25,23)	(26,17)	(26,18)	(26,24)	
(17,24):(16,21)	(16,29)	(17,21)	(17,22)	(17,23)	(17,24)	(17,26)	(17,27)	(17,28)	(17,29)	(18,21)	(18,22)	(18,23)	(19,20)	(19,21)	(19,22)	(19,23)	(20,22)	(20,23)	(21,23)	(22,23)	(23,22)	(23,23)	(24,22)	(24,23)	(25,22)	(25,23)	(26,24)	
(17,26):(16,21)	(16,29)	(17,21)	(17,22)	(17,23)	(17,24)	(17,26)	(17,27)	(17,28)	(17,29)	(18,27)	(18,28)	(18,29)	(19,27)	(19,28)	(19,29)	(20,27)	(20,28)	(20,29)	(21,27)	(21,28)	(21,29)	(22,27)	(22,28)	(22,29)	(23,27)	(23,28)	(23,29)	(24,27)	(24,28)	(24,30)	(25,27)	(26,27)	(27,27)	(28,26)	(28,28)	
(28,26):(16,29)	(17,26)	(17,27)	(17,28)	(17,29)	(18,27)	(18,28)	(18,29)	(19,27)	(19,28)	(19,29)	(20,27)	(20,28)	(20,29)	(21,27)	(21,28)	(21,29)	(22,27)	(22,28)	(22,29)	(23,27)	(23,28)	(24,27)	(24,28)	(25,27)	(26,27)	(27,27)	(28,26)	(28,28)	
(28,28):(17,26)	(17,27)	(17,28)	(18,27)	(18,28)	(19,27)	(19,28)	(20,27)	(20,28)	(21,27)	(21,28)	(22,27)	(22,28)	(23,27)	(23,28)	(24,27)	(24,28)	(25,27)	(26,27)	(27,27)	(28,26)	(28,28)	
(24,28):(9,30)	(16,29)	(17,26)	(17,27)	(17,28)	(17,29)	(18,27)	(18,28)	(18,29)	(19,27)	(19,28)	(19,29)	(20,27)	(20,28)	(20,29)	(21,27)	(21,28)	(21,29)	(22,27)	(22,28)	(22,29)	(23,27)	(23,28)	(23,29)	(24,27)	(24,28)	(24,30)	(25,27)	(26,27)	(27,27)	(28,26)	(28,28)	
(24,30):(9,29)	(9,30)	(16,29)	(17,26)	(17,27)	(17,28)	(17,29)	(18,27)	(18,28)	(18,29)	(19,27)	(19,28)	(19,29)	(20,27)	(20,28)	(20,29)	(21,27)	(21,28)	(21,29)	(22,27)	(22,28)	(22,29)	(23,27)	(23,28)	(23,29)	(24,27)	(24,28)	(24,30)	
(9,30):(9,29)	(9,30)	(16,29)	(17,29)	(18,29)	(19,29)	(20,29)	(21,29)	(22,29)	(23,28)	(23,29)	(24,28)	(24,30)	
(9,29):(9,29)	(9,30)	(16,29)	(17,29)	(18,29)	(19,29)	(20,29)	(21,29)	(22,29)	(23,29)	(24,30)	
(16,29):(9,29)	(9,30)	(16,21)	(16,29)	(17,21)	(17,22)	(17,23)	(17,24)	(17,26)	(17,27)	(17,28)	(17,29)	(18,27)	(18,28)	(18,29)	(19,27)	(19,28)	(19,29)	(20,27)	(20,28)	(20,29)	(21,27)	(21,28)	(21,29)	(22,27)	(22,28)	(22,29)	(23,27)	(23,28)	(23,29)	(24,27)	(24,28)	(24,30)	(25,27)	(26,27)	(27,27)	(28,26)	
(16,21):(15,20)	(15,21)	(16,21)	(16,29)	(17,21)	(17,22)	(17,23)	(17,24)	(17,26)	(17,27)	(17,28)	(17,29)	(18,21)	(18,22)	(18,23)	(19,20)	(19,21)	(19,22)	(19,23)	(20,22)	(20,23)	(21,23)	(22,23)	(23,23)	(24,23)	(26,24)	
(15,21):(15,20)	(15,21)	(16,21)	(17,21)	(18,21)	(19,20)	(19,21)	
(15,20):(15,20)	(15,21)	(16,21)	(17,21)	(17,22)	(18,21)	(18,22)	(18,23)	(19,20)	(19,21)	(19,22)	(19,23)	(20,22)	(20,23)	(21,23)	(22,23)	
(19,20):(15,20)	(15,21)	(16,21)	(17,21)	(17,22)	(17,23)	(17,24)	(18,21)	(18,22)	(18,23)	(19,12)	(19,20)	(19,21)	(19,22)	(19,23)	(20,11)	(20,22)	(20,23)	
(19,12):(5,10)	(6,11)	(6,12)	(7,11)	(8,11)	(9,11)	(10,11)	(11,11)	(12,11)	(19,12)	(19,20)	(19,21)	(19,22)	(19,23)	(20,11)	(20,22)	(20,23)	
(6,12):(5,10)	(5,25)	(5,26)	(6,11)	(6,12)	(6,14)	(6,15)	(6,16)	(6,17)	(6,18)	(6,19)	(6,20)	(6,21)	(6,22)	(6,23)	(6,24)	(6,25)	(6,26)	(7,11)	(8,11)	(9,11)	(10,10)	(10,11)	(11,10)	(11,11)	(12,11)	(19,12)	(20,11)	
(6,14):(5,10)	(5,25)	(5,26)	(6,11)	(6,12)	(6,14)	(6,15)	(6,16)	(6,17)	(6,18)	(6,19)	(6,20)	(6,21)	(6,22)	(6,23)	(6,24)	(6,25)	(6,26)	(7,15)	(7,16)	(7,17)	(7,18)	(7,19)	(7,20)	(7,21)	(7,22)	(7,23)	(7,27)	(8,14)	(8,23)	
(8,14):(5,25)	(5,26)	(6,14)	(6,15)	(6,16)	(6,17)	(6,18)	(6,19)	(6,20)	(6,21)	(6,22)	(6,23)	(6,24)	(6,25)	(6,26)	(7,15)	(7,16)	(7,17)	(7,18)	(7,19)	(7,20)	(7,21)	(7,22)	(7,23)	(8,14)	(8,23)	
(8,23):(5,10)	(6,14)	(6,15)	(6,16)	(6,17)	(6,18)	(6,19)	(6,20)	(6,21)	(6,22)	(6,23)	(7,15)	(7,16)	(7,17)	(7,18)	(7,19)	(7,20)	(7,21)	(7,22)	(7,23)	(8,14)	(8,23)	
(7,23):(4,26)	(5,10)	(5,25)	(5,26)	(6,14)	(6,15)	(6,16)	(6,17)	(6,18)	(6,19)	(6,20)	(6,21)	(6,22)	(6,23)	(6,24)	(6,25)	(6,26)	(7,15)	(7,16)	(7,17)	(7,18)	(7,19)	(7,20)	(7,21)	(7,22)	(7,23)	(7,27)	(8,14)	(8,23)	
(7,27):(1,27)	(2,24)	(2,25)	(2,26)	(3,25)	(3,26)	(4,25)	(4,26)	(5,10)	(5,25)	(5,26)	(6,14)	(6,15)	(6,16)	(6,17)	(6,18)	(6,19)	(6,20)	(6,21)	(6,22)	(6,23)	(6,24)	(6,25)	(6,26)	(7,15)	(7,16)	(7,17)	(7,18)	(7,19)	(7,20)	(7,21)	(7,22)	(7,23)	(7,27)	
(1,27):(1,19)	(1,27)	(2,19)	(2,20)	(2,21)	(2,22)	(2,23)	(2,24)	(2,25)	(2,26)	(3,13)	(3,15)	(3,16)	(3,17)	(3,18)	(3,19)	(3,20)	(3,21)	(3,22)	(3,23)	(3,24)	(3,25)	(3,26)	(4,15)	(4,25)	(4,26)	(5,25)	(5,26)	(6,25)	(6,26)	(7,27)	
(1,19):(1,19)	(1,27)	(2,19)	(2,20)	(2,21)	(2,22)	(2,23)	(2,24)	(2,25)	(2,26)	(3,19)	(3,20)	(3,21)	(3,22)	(3,23)	(3,24)	(3,25)	(3,26)	(4,25)	(4,26)	
(2,19):(1,19)	(1,27)	(2,13)	(2,19)	(2,20)	(2,21)	(2,22)	(2,23)	(2,24)	(2,25)	(2,26)	(3,13)	(3,15)	(3,16)	(3,17)	(3,18)	(3,19)	(3,20)	(3,21)	(3,22)	(3,23)	(3,24)	(3,25)	(3,26)	(4,15)	(4,25)	(4,26)	
(2,13):(2,13)	(2,19)	(2,20)	(2,21)	(2,22)	(2,23)	(2,24)	(2,25)	(2,26)	(3,13)	(3,15)	(3,16)	(3,17)	(3,18)	(3,19)	(3,20)	(3,21)	(3,22)	(3,23)	(3,24)	(3,25)	(3,26)	(4,25)	(4,26)	
(3,13):(1,27)	(2,13)	(2,19)	(2,20)	(2,21)	(2,22)	(2,23)	(2,24)	(2,25)	(2,26)	(3,13)	(3,15)	(3,16)	(3,17)	(3,18)	(3,19)	(3,20)	(3,21)	(3,22)	(3,23)	(3,24)	(3,25)	(3,26)	
(3,15):(1,27)	(2,13)	(2,19)	(2,20)	(2,21)	(2,22)	(2,23)	(2,24)	(2,25)	(2,26)	(3,13)	(3,15)	(3,16)	(3,17)	(3,18)	(3,19)	(3,20)	(3,21)	(3,22)	(3,23)	(3,24)	(3,25)	(3,26)	(4,15)	(4,25)	(4,26)	
(4,15):(1,27)	(2,19)	(2,20)	(2,21)	(2,22)	(2,23)	(2,24)	(2,25)	(2,26)	(3,15)	(3,16)	(3,17)	(3,18)	(3,19)	(3,20)	(3,21)	(3,22)	(3,23)	(3,24)	(3,25)	(3,26)	(4,15)	(4,25)	(4,26)	
(4,25):(1,19)	(1,27)	(2,13)	(2,19)	(2,20)	(2,21)	(2,22)	(2,23)	(2,24)	(2,25)	(2,26)	(3,15)	(3,16)	(3,17)	(3,18)	(3,19)	(3,20)	(3,21)	(3,22)	(3,23)	(3,24)	(3,25)	(3,26)	(4,15)	(4,25)	(4,26)	(5,25)	(5,26)	(6,25)	(6,26)	(7,27)	
(5,25):(1,27)	(2,25)	(2,26)	(3,25)	(3,26)	(4,25)	(4,26)	(5,10)	(5,25)	(5,26)	(6,11)	(6,12)	(6,14)	(6,15)	(6,16)	(6,17)	(6,18)	(6,19)	(6,20)	(6,21)	(6,22)	(6,23)	(6,24)	(6,25)	(6,26)	(7,15)	(7,16)	(7,17)	(7,18)	(7,19)	(7,20)	(7,21)	(7,22)	(7,23)	(7,27)	(8,14)	
(5,10):(5,10)	(5,25)	(5,26)	(6,11)	(6,12)	(6,14)	(6,15)	(6,16)	(6,17)	(6,18)	(6,19)	(6,20)	(6,21)	(6,22)	(6,23)	(6,24)	(6,25)	(6,26)	(7,11)	(7,18)	(7,19)	(7,20)	(7,21)	(7,22)	(7,23)	(7,27)	(8,11)	(8,23)	(9,11)	(10,10)	(10,11)	(11,10)	(11,11)	(12,11)	(19,12)	
(10,10):(5,10)	(6,11)	(6,12)	(7,11)	(8,11)	(9,11)	(10,6)	(10,10)	(10,11)	(11,6)	(11,7)	(11,8)	(11,9)	(11,10)	(11,11)	(12,7)	(12,11)	
(10,6):(10,6)	(10,10)	(10,11)	(11,6)	(11,7)	(11,8)	(11,9)	(11,10)	(11,11)	(12,11)	
(11,6):(10,6)	(10,10)	(10,11)	(11,6)	(11,7)	(11,8)	(11,9)	(11,10)	(11,11)	
(11,7):(10,6)	(10,10)	(10,11)	(11,6)	(11,7)	(11,8)	(11,9)	(11,10)	(11,11)	(12,7)	(12,11)	
(12,7):(10,10)	(10,11)	(11,7)	(11,8)	(11,9)	(11,10)	(11,11)	(12,7)	(12,11)	
(12,11):(5,10)	(6,11)	(6,12)	(7,11)	(8,11)	(9,11)	(10,6)	(10,10)	(10,11)	(11,7)	(11,8)	(11,9)	(11,10)	(11,11)	(12,7)	(12,11)	(19,12)	(20,11)	
(20,11):(6,11)	(6,12)	(7,11)	(8,11)	(9,11)	(10,11)	(11,11)	(12,11)	(19,12)	(19,20)	(19,21)	(19,22)	(19,23)	(20,11)	(20,22)	(20,23)	
(20,22):(15,20)	(16,21)	(17,21)	(17,22)	(17,23)	(17,24)	(18,21)	(18,22)	(18,23)	(19,12)	(19,20)	(19,21)	(19,22)	(19,23)	(20,11)	(20,22)	(20,23)	(21,23)	(22,23)	(23,22)	(23,23)	(24,22)	(24,23)	(25,22)	(25,23)	(26,24)	
(23,22):(17,22)	(17,23)	(17,24)	(18,22)	(18,23)	(19,22)	(19,23)	(20,22)	(20,23)	(21,23)	(22,23)	(23,9)	(23,22)	(23,23)	(24,10)	(24,11)	(24,12)	(24,13)	(24,14)	(24,15)	(24,16)	(24,17)	(24,18)	(24,19)	(24,20)	(24,21)	(24,22)	(24,23)	(25,9)	(25,16)	(25,17)	(25,18)	(25,19)	(25,20)	(25,21)	(25,22)	(25,23)	(26,17)	(26,18)	(26,24)	(27,16)	(28,15)	
(23,9):(23,9)	(23,22)	(23,23)	(24,10)	(24,11)	(24,12)	(24,13)	(24,14)	(24,15)	(24,16)	(24,17)	(24,18)	(24,19)	(24,20)	(24,21)	(24,22)	(24,23)	(25,9)	(25,16)	(25,17)	(25,18)	(25,19)	(25,20)	(25,21)	(25,22)	(25,23)	(26,24)	
(25,9):(23,9)	(23,22)	(23,23)	(24,10)	(24,11)	(24,12)	(24,13)	(24,14)	(24,15)	(24,16)	(24,17)	(24,18)	(24,19)	(24,20)	(24,21)	(24,22)	(24,23)	(25,9)	(25,16)	(25,17)	(25,18)	(25,19)	(25,20)	(25,21)	(25,22)	(25,23)	
(25,16):(23,9)	(23,22)	(23,23)	(24,10)	(24,11)	(24,12)	(24,13)	(24,14)	(24,15)	(24,16)	(24,17)	(24,18)	(24,19)	(24,20)	(24,21)	(24,22)	(24,23)	(25,9)	(25,16)	(25,17)	(25,18)	(25,19)	(25,20)	(25,21)	(25,22)	(25,23)	(26,17)	(26,18)	(26,24)	(27,16)	(27,17)	(28,16)	(28,17)	(29,17)	(30,18)	
(27,16):(23,22)	(23,23)	(24,16)	(24,17)	(24,18)	(24,19)	(24,20)	(24,21)	(24,22)	(25,16)	(25,17)	(25,18)	(25,19)	(25,20)	(26,17)	(26,18)	(27,5)	(27,6)	(27,7)	(27,8)	(27,16)	(27,17)	(28,5)	(28,6)	(28,7)	(28,8)	(28,9)	(28,10)	(28,11)	(28,12)	(28,13)	(28,14)	(28,15)	(28,16)	(28,17)	(29,4)	(29,17)	(30,18)	
(27,8):(18,5)	(18,8)	(19,6)	(19,7)	(20,6)	(20,7)	(21,5)	(21,6)	(21,7)	(22,4)	(22,5)	(22,6)	(22,7)	(23,5)	(23,6)	(23,7)	(24,5)	(24,6)	(24,7)	(25,5)	(25,6)	(25,7)	(26,5)	(26,6)	(26,7)	(27,5)	(27,6)	(27,7)	(27,8)	(27,16)	(27,17)	(28,5)	(28,6)	(28,7)	(28,8)	(28,9)	(28,10)	(28,11)	(28,12)	(28,13)	(28,14)	(28,15)	(28,16)	(28,17)	(29,4)	(29,17)	
(18,8):(18,5)	(18,8)	(19,6)	(19,7)	(20,6)	(20,7)	(21,5)	(21,6)	(21,7)	(22,4)	(22,5)	(22,6)	(22,7)	(23,5)	(23,6)	(23,7)	(24,5)	(24,6)	(24,7)	(25,5)	(25,6)	(25,7)	(26,5)	(26,6)	(26,7)	(27,5)	(27,6)	(27,7)	(27,8)	(28,5)	(28,6)	(28,7)	(28,8)	(29,4)	
(18,5):(18,5)	(18,8)	(19,6)	(19,7)	(20,6)	(20,7)	(21,5)	(21,6)	(21,7)	(22,5)	(22,6)	(22,7)	(23,5)	(23,6)	(23,7)	(24,5)	(24,6)	(24,7)	(25,5)	(25,6)	(25,7)	(26,5)	(26,6)	(26,7)	(27,5)	(27,6)	(27,7)	(27,8)	(28,5)	(28,6)	(28,7)	(28,8)	
(21,5):(18,5)	(18,8)	(19,6)	(19,7)	(20,6)	(20,7)	(21,3)	(21,5)	(21,6)	(21,7)	(22,2)	(22,4)	(22,5)	(22,6)	(22,7)	(23,5)	(23,6)	(23,7)	(24,5)	(24,6)	(24,7)	(25,5)	(25,6)	(25,7)	(26,5)	(26,6)	(26,7)	(27,5)	(27,6)	(27,7)	(27,8)	(28,5)	(28,6)	(28,7)	(28,8)	(29,4)	
(21,3):(13,3)	(14,2)	(21,3)	(21,5)	(21,6)	(21,7)	(22,2)	(22,4)	(22,5)	(22,6)	(22,7)	(23,5)	(23,6)	(23,7)	(24,6)	(24,7)	(25,7)	
(13,3):(13,1)	(13,3)	(14,1)	(14,2)	(21,3)	(22,2)	
(13,1):(13,1)	(13,3)	(14,1)	(14,2)	
(14,1):(13,1)	(13,3)	(14,1)	(14,2)	
(14,2):(13,1)	(13,3)	(14,1)	(14,2)	(21,3)	(22,2)	
(22,2):(13,3)	(14,2)	(21,3)	(21,5)	(21,6)	(21,7)	(22,2)	(22,4)	(22,5)	(22,6)	(22,7)	
(22,4):(18,8)	(19,7)	(20,6)	(20,7)	(21,3)	(21,5)	(21,6)	(21,7)	(22,2)	(22,4)	(22,5)	(22,6)	(22,7)	(23,5)	(23,6)	(23,7)	(24,5)	(24,6)	(24,7)	(25,5)	(25,6)	(25,7)	(26,5)	(26,6)	(26,7)	(27,5)	(27,6)	(27,7)	(27,8)	(28,5)	(28,6)	(28,7)	(28,8)	(29,4)	
(29,4):(18,8)	(19,6)	(19,7)	(20,6)	(20,7)	(21,5)	(21,6)	(21,7)	(22,4)	(22,5)	(22,6)	(22,7)	(23,5)	(23,6)	(23,7)	(24,5)	(24,6)	(24,7)	(25,5)	(25,6)	(25,7)	(26,5)	(26,6)	(26,7)	(27,5)	(27,6)	(27,7)	(27,8)	(27,16)	(27,17)	(28,5)	(28,6)	(28,7)	(28,8)	(28,9)	(28,10)	(28,11)	(28,12)	(28,13)	(28,14)	(28,15)	(28,16)	(28,17)	(29,4)	(29,17)	
(29,17):(24,16)	(24,17)	(24,18)	(25,16)	(25,17)	(25,18)	(26,17)	(26,18)	(27,5)	(27,6)	(27,7)	(27,8)	(27,16)	(27,17)	(28,5)	(28,6)	(28,7)	(28,8)	(28,9)	(28,10)	(28,11)	(28,12)	(28,13)	(28,14)	(28,15)	(28,16)	(28,17)	(29,4)	(29,17)	(30,17)	(30,18)	
(30,17):(24,17)	(24,18)	(25,17)	(25,18)	(26,17)	(26,18)	(27,17)	(28,17)	(29,17)	(30,17)	(30,18)	
(30,18):(24,16)	(24,17)	(24,18)	(25,16)	(25,17)	(25,18)	(26,17)	(26,18)	(27,16)	(27,17)	(28,16)	(28,17)	(29,17)	(30,17)	(30,18)	
(26,18):40.500000
(26,24):51.954166
(17,24):36.766666
(17,26):46.266666
(28,26):38.000000
(28,28):24.090910
(24,28):44.080357
(24,30):39.285713
(9,30):20.219048
(9,29):15.000000
(16,29):53.599998
(16,21):32.266666
(15,21):5.125000
(15,20):17.500000
(19,20):28.000000
(19,12):30.700001
(6,12):38.153847
(6,14):39.181820
(8,14):34.656567
(8,23):29.222221
(7,23):40.111111
(7,27):40.384617
(1,27):38.750000
(1,19):25.000000
(2,19):34.666668
(2,13):25.333334
(3,13):19.000000
(3,15):32.200001
(4,15):31.000000
(4,25):39.799999
(5,25):46.653847
(5,10):46.500000
(10,10):22.250000
(10,6):10.700000
(11,6):6.500000
(11,7):11.791667
(12,7):11.333333
(12,11):29.029762
(20,11):27.924603
(20,22):38.258335
(23,22):55.166668
(23,9):36.250000
(25,9):30.307692
(25,16):45.541668
(27,16):47.083332
(27,8):61.511112
(18,8):40.500000
(18,5):33.666668
(21,5):44.000000
(21,3):22.071428
(13,3):10.000000
(13,1):2.500000
(14,1):2.000000
(14,2):10.071428
(22,2):15.500000
(22,4):40.599998
(29,4):60.770832
(29,17):40.777779
(30,17):8.125000
(30,18):13.800000
(26,18),(26,24):29.500000
(26,18),(17,24):9.000000
(26,18),(17,26):0.000000
(26,18),(28,26):0.000000
(26,18),(28,28):0.000000
(26,18),(24,28):0.000000
(26,18),(24,30):0.000000
(26,18),(9,30):0.000000
(26,18),(9,29):0.000000
(26,18),(16,29):0.000000
(26,18),(16,21):3.947368
(26,18),(15,21):0.000000
(26,18),(15,20):1.884615
(26,18),(19,20):0.000000
(26,18),(19,12):0.000000
(26,18),(6,12):0.000000
(26,18),(6,14):0.000000
(26,18),(8,14):0.000000
(26,18),(8,23):0.000000
(26,18),(7,23):0.000000
(26,18),(7,27):0.000000
(26,18),(1,27):0.000000
(26,18),(1,19):0.000000
(26,18),(2,19):0.000000
(26,18),(2,13):0.000000
(26,18),(3,13):0.000000
(26,18),(3,15):0.000000
(26,18),(4,15):0.000000
(26,18),(4,25):0.000000
(26,18),(5,25):0.000000
(26,18),(5,10):0.000000
(26,18),(10,10):0.000000
(26,18),(10,6):0.000000
(26,18),(11,6):0.000000
(26,18),(11,7):0.000000
(26,18),(12,7):0.000000
(26,18),(12,11):0.000000
(26,18),(20,11):0.000000
(26,18),(20,22):7.500000
(26,18),(23,22):32.500000
(26,18),(23,9):26.250000
(26,18),(25,9):20.307692
(26,18),(25,16):35.541668
(26,18),(27,16):27.083334
(26,18),(27,8):8.111111
(26,18),(18,8):0.000000
(26,18),(18,5):0.000000
(26,18),(21,5):0.000000
(26,18),(21,3):0.000000
(26,18),(13,3):0.000000
(26,18),(13,1):0.000000
(26,18),(14,1):0.000000
(26,18),(14,2):0.000000
(26,18),(22,2):0.000000
(26,18),(22,4):0.000000
(26,18),(29,4):8.333333
(26,18),(29,17):19.000000
(26,18),(30,17):8.125000
(26,18),(30,18):13.633333
(26,24),(17,24):24.187500
(26,24),(17,26):3.178571
(26,24),(28,26):0.000000
(26,24),(28,28):0.000000
(26,24),(24,28):0.000000
(26,24),(24,30):0.000000
(26,24),(9,30):0.000000
(26,24),(9,29):0.000000
(26,24),(16,29):4.010417
(26,24),(16,21):18.516666
(26,24),(15,21):0.516667
(26,24),(15,20):11.516666
(26,24),(19,20):12.016666
(26,24),(19,12):2.366667
(26,24),(6,12):0.000000
(26,24),(6,14):0.000000
(26,24),(8,14):0.000000
(26,24),(8,23):0.000000
(26,24),(7,23):0.000000
(26,24),(7,27):0.000000
(26,24),(1,27):0.000000
(26,24),(1,19):0.000000
(26,24),(2,19):0.000000
(26,24),(2,13):0.000000
(26,24),(3,13):0.000000
(26,24),(3,15):0.000000
(26,24),(4,15):0.000000
(26,24),(4,25):0.000000
(26,24),(5,25):0.000000
(26,24),(5,10):0.000000
(26,24),(10,10):0.000000
(26,24),(10,6):0.000000
(26,24),(11,6):0.000000
(26,24),(11,7):0.000000
(26,24),(12,7):0.000000
(26,24),(12,11):0.000000
(26,24),(20,11):2.906746
(26,24),(20,22):23.016666
(26,24),(23,22):48.937500
(26,24),(23,9):33.187500
(26,24),(25,9):27.245192
(26,24),(25,16):35.604168
(26,24),(27,16):16.333334
(26,24),(27,8):0.000000
(26,24),(18,8):0.000000
(26,24),(18,5):0.000000
(26,24),(21,5):0.000000
(26,24),(21,3):0.000000
(26,24),(13,3):0.000000
(26,24),(13,1):0.000000
(26,24),(14,1):0.000000
(26,24),(14,2):0.000000
(26,24),(22,2):0.000000
(26,24),(22,4):0.000000
(26,24),(29,4):0.000000
(26,24),(29,17):8.000000
(26,24),(30,17):4.125000
(26,24),(30,18):6.800000
(17,24),(17,26):10.200000
(17,24),(28,26):4.100000
(17,24),(28,28):2.090909
(17,24),(24,28):4.242857
(17,24),(24,30):4.385714
(17,24),(9,30):1.171429
(17,24),(9,29):1.100000
(17,24),(16,29):11.700000
(17,24),(16,21):29.833334
(17,24),(15,21):4.291667
(17,24),(15,20):16.666666
(17,24),(19,20):19.166666
(17,24),(19,12):5.200000
(17,24),(6,12):0.000000
(17,24),(6,14):0.000000
(17,24),(8,14):0.000000
(17,24),(8,23):0.000000
(17,24),(7,23):0.000000
(17,24),(7,27):0.000000
(17,24),(1,27):0.000000
(17,24),(1,19):0.000000
(17,24),(2,19):0.000000
(17,24),(2,13):0.000000
(17,24),(3,13):0.000000
(17,24),(3,15):0.000000
(17,24),(4,15):0.000000
(17,24),(4,25):0.000000
(17,24),(5,25):0.000000
(17,24),(5,10):0.000000
(17,24),(10,10):0.000000
(17,24),(10,6):0.000000
(17,24),(11,6):0.000000
(17,24),(11,7):0.000000
(17,24),(12,7):0.000000
(17,24),(12,11):0.000000
(17,24),(20,11):5.888889
(17,24),(20,22):29.500000
(17,24),(23,22):21.666666
(17,24),(23,9):7.500000
(17,24),(25,9):4.974359
(17,24),(25,16):8.166667
(17,24),(27,16):2.533333
(17,24),(27,8):0.000000
(17,24),(18,8):0.000000
(17,24),(18,5):0.000000
(17,24),(21,5):0.000000
(17,24),(21,3):0.000000
(17,24),(13,3):0.000000
(17,24),(13,1):0.000000
(17,24),(14,1):0.000000
(17,24),(14,2):0.000000
(17,24),(22,2):0.000000
(17,24),(22,4):0.000000
(17,24),(29,4):0.000000
(17,24),(29,17):0.000000
(17,24),(30,17):0.000000
(17,24),(30,18):0.000000
(17,26),(28,26):36.166668
(17,26),(28,28):24.090910
(17,26),(24,28):40.309525
(17,26),(24,30):32.452381
(17,26),(9,30):13.385715
(17,26),(9,29):8.166667
(17,26),(16,29):45.166668
(17,26),(16,21):11.700000
(17,26),(15,21):1.100000
(17,26),(15,20):1.600000
(17,26),(19,20):5.100000
(17,26),(19,12):0.000000
(17,26),(6,12):0.000000
(17,26),(6,14):0.000000
(17,26),(8,14):0.000000
(17,26),(8,23):0.000000
(17,26),(7,23):0.000000
(17,26),(7,27):0.000000
(17,26),(1,27):0.000000
(17,26),(1,19):0.000000
(17,26),(2,19):0.000000
(17,26),(2,13):0.000000
(17,26),(3,13):0.000000
(17,26),(3,15):0.000000
(17,26),(4,15):0.000000
(17,26),(4,25):0.000000
(17,26),(5,25):0.000000
(17,26),(5,10):0.000000
(17,26),(10,10):0.000000
(17,26),(10,6):0.000000
(17,26),(11,6):0.000000
(17,26),(11,7):0.000000
(17,26),(12,7):0.000000
(17,26),(12,11):0.000000
(17,26),(20,11):0.000000
(17,26),(20,22):4.433333
(17,26),(23,22):2.166667
(17,26),(23,9):0.000000
(17,26),(25,9):0.000000
(17,26),(25,16):0.000000
(17,26),(27,16):0.000000
(17,26),(27,8):0.000000
(17,26),(18,8):0.000000
(17,26),(18,5):0.000000
(17,26),(21,5):0.000000
(17,26),(21,3):0.000000
(17,26),(13,3):0.000000
(17,26),(13,1):0.000000
(17,26),(14,1):0.000000
(17,26),(14,2):0.000000
(17,26),(22,2):0.000000
(17,26),(22,4):0.000000
(17,26),(29,4):0.000000
(17,26),(29,17):0.000000
(17,26),(30,17):0.000000
(17,26),(30,18):0.000000
(28,26),(28,28):24.000000
(28,26),(24,28):38.000000
(28,26),(24,30):30.000000
(28,26),(9,30):11.219048
(28,26),(9,29):7.000000
(28,26),(16,29):37.000000
(28,26),(16,21):5.600000
(28,26),(15,21):0.000000
(28,26),(15,20):0.000000
(28,26),(19,20):0.000000
(28,26),(19,12):0.000000
(28,26),(6,12):0.000000
(28,26),(6,14):0.000000
(28,26),(8,14):0.000000
(28,26),(8,23):0.000000
(28,26),(7,23):0.000000
(28,26),(7,27):0.000000
(28,26),(1,27):0.000000
(28,26),(1,19):0.000000
(28,26),(2,19):0.000000
(28,26),(2,13):0.000000
(28,26),(3,13):0.000000
(28,26),(3,15):0.000000
(28,26),(4,15):0.000000
(28,26),(4,25):0.000000
(28,26),(5,25):0.000000
(28,26),(5,10):0.000000
(28,26),(10,10):0.000000
(28,26),(10,6):0.000000
(28,26),(11,6):0.000000
(28,26),(11,7):0.000000
(28,26),(12,7):0.000000
(28,26),(12,11):0.000000
(28,26),(20,11):0.000000
(28,26),(20,22):0.000000
(28,26),(23,22):0.000000
(28,26),(23,9):0.000000
(28,26),(25,9):0.000000
(28,26),(25,16):0.000000
(28,26),(27,16):0.000000
(28,26),(27,8):0.000000
(28,26),(18,8):0.000000
(28,26),(18,5):0.000000
(28,26),(21,5):0.000000
(28,26),(21,3):0.000000
(28,26),(13,3):0.000000
(28,26),(13,1):0.000000
(28,26),(14,1):0.000000
(28,26),(14,2):0.000000
(28,26),(22,2):0.000000
(28,26),(22,4):0.000000
(28,26),(29,4):0.000000
(28,26),(29,17):0.000000
(28,26),(30,17):0.000000
(28,26),(30,18):0.000000
(28,28),(24,28):24.090910
(28,28),(24,30):16.090910
(28,28),(9,30):0.719048
(28,28),(9,29):0.000000
(28,28),(16,29):23.090910
(28,28),(16,21):2.490909
(28,28),(15,21):0.000000
(28,28),(15,20):0.000000
(28,28),(19,20):0.007576
(28,28),(19,12):0.000000
(28,28),(6,12):0.000000
(28,28),(6,14):0.000000
(28,28),(8,14):0.000000
(28,28),(8,23):0.000000
(28,28),(7,23):0.000000
(28,28),(7,27):0.000000
(28,28),(1,27):0.000000
(28,28),(1,19):0.000000
(28,28),(2,19):0.000000
(28,28),(2,13):0.000000
(28,28),(3,13):0.000000
(28,28),(3,15):0.000000
(28,28),(4,15):0.000000
(28,28),(4,25):0.000000
(28,28),(5,25):0.000000
(28,28),(5,10):0.000000
(28,28),(10,10):0.000000
(28,28),(10,6):0.000000
(28,28),(11,6):0.000000
(28,28),(11,7):0.000000
(28,28),(12,7):0.000000
(28,28),(12,11):0.000000
(28,28),(20,11):0.000000
(28,28),(20,22):0.000000
(28,28),(23,22):0.000000
(28,28),(23,9):0.000000
(28,28),(25,9):0.000000
(28,28),(25,16):0.000000
(28,28),(27,16):0.000000
(28,28),(27,8):0.000000
(28,28),(18,8):0.000000
(28,28),(18,5):0.000000
(28,28),(21,5):0.000000
(28,28),(21,3):0.000000
(28,28),(13,3):0.000000
(28,28),(13,1):0.000000
(28,28),(14,1):0.000000
(28,28),(14,2):0.000000
(28,28),(22,2):0.000000
(28,28),(22,4):0.000000
(28,28),(29,4):0.000000
(28,28),(29,17):0.000000
(28,28),(30,17):0.000000
(28,28),(30,18):0.000000
(24,28),(24,30):36.080357
(24,28),(9,30):17.156548
(24,28),(9,29):11.937500
(24,28),(16,29):43.080357
(24,28),(16,21):5.742857
(24,28),(15,21):0.000000
(24,28),(15,20):0.000000
(24,28),(19,20):0.017857
(24,28),(19,12):0.000000
(24,28),(6,12):0.000000
(24,28),(6,14):0.000000
(24,28),(8,14):0.000000
(24,28),(8,23):0.000000
(24,28),(7,23):0.000000
(24,28),(7,27):0.000000
(24,28),(1,27):0.000000
(24,28),(1,19):0.000000
(24,28),(2,19):0.000000
(24,28),(2,13):0.000000
(24,28),(3,13):0.000000
(24,28),(3,15):0.000000
(24,28),(4,15):0.000000
(24,28),(4,25):0.000000
(24,28),(5,25):0.000000
(24,28),(5,10):0.000000
(24,28),(10,10):0.000000
(24,28),(10,6):0.000000
(24,28),(11,6):0.000000
(24,28),(11,7):0.000000
(24,28),(12,7):0.000000
(24,28),(12,11):0.000000
(24,28),(20,11):0.000000
(24,28),(20,22):0.000000
(24,28),(23,22):0.000000
(24,28),(23,9):0.000000
(24,28),(25,9):0.000000
(24,28),(25,16):0.000000
(24,28),(27,16):0.000000
(24,28),(27,8):0.000000
(24,28),(18,8):0.000000
(24,28),(18,5):0.000000
(24,28),(21,5):0.000000
(24,28),(21,3):0.000000
(24,28),(13,3):0.000000
(24,28),(13,1):0.000000
(24,28),(14,1):0.000000
(24,28),(14,2):0.000000
(24,28),(22,2):0.000000
(24,28),(22,4):0.000000
(24,28),(29,4):0.000000
(24,28),(29,17):0.000000
(24,28),(30,17):0.000000
(24,28),(30,18):0.000000
(24,30),(9,30):19.571428
(24,30),(9,29):15.000000
(24,30),(16,29):39.285713
(24,30),(16,21):5.885714
(24,30),(15,21):0.000000
(24,30),(15,20):0.000000
(24,30),(19,20):0.063492
(24,30),(19,12):0.000000
(24,30),(6,12):0.000000
(24,30),(6,14):0.000000
(24,30),(8,14):0.000000
(24,30),(8,23):0.000000
(24,30),(7,23):0.000000
(24,30),(7,27):0.000000
(24,30),(1,27):0.000000
(24,30),(1,19):0.000000
(24,30),(2,19):0.000000
(24,30),(2,13):0.000000
(24,30),(3,13):0.000000
(24,30),(3,15):0.000000
(24,30),(4,15):0.000000
(24,30),(4,25):0.000000
(24,30),(5,25):0.000000
(24,30),(5,10):0.000000
(24,30),(10,10):0.000000
(24,30),(10,6):0.000000
(24,30),(11,6):0.000000
(24,30),(11,7):0.000000
(24,30),(12,7):0.000000
(24,30),(12,11):0.000000
(24,30),(20,11):0.000000
(24,30),(20,22):0.000000
(24,30),(23,22):0.000000
(24,30),(23,9):0.000000
(24,30),(25,9):0.000000
(24,30),(25,16):0.000000
(24,30),(27,16):0.000000
(24,30),(27,8):0.000000
(24,30),(18,8):0.000000
(24,30),(18,5):0.000000
(24,30),(21,5):0.000000
(24,30),(21,3):0.000000
(24,30),(13,3):0.000000
(24,30),(13,1):0.000000
(24,30),(14,1):0.000000
(24,30),(14,2):0.000000
(24,30),(22,2):0.000000
(24,30),(22,4):0.000000
(24,30),(29,4):0.000000
(24,30),(29,17):0.000000
(24,30),(30,17):0.000000
(24,30),(30,18):0.000000
(9,30),(9,29):15.000000
(9,30),(16,29):20.219048
(9,30),(16,21):1.877778
(9,30),(15,21):0.000000
(9,30),(15,20):0.000000
(9,30),(19,20):0.000000
(9,30),(19,12):0.000000
(9,30),(6,12):0.000000
(9,30),(6,14):0.000000
(9,30),(8,14):0.000000
(9,30),(8,23):0.000000
(9,30),(7,23):0.000000
(9,30),(7,27):0.000000
(9,30),(1,27):0.000000
(9,30),(1,19):0.000000
(9,30),(2,19):0.000000
(9,30),(2,13):0.000000
(9,30),(3,13):0.000000
(9,30),(3,15):0.000000
(9,30),(4,15):0.000000
(9,30),(4,25):0.000000
(9,30),(5,25):0.000000
(9,30),(5,10):0.000000
(9,30),(10,10):0.000000
(9,30),(10,6):0.000000
(9,30),(11,6):0.000000
(9,30),(11,7):0.000000
(9,30),(12,7):0.000000
(9,30),(12,11):0.000000
(9,30),(20,11):0.000000
(9,30),(20,22):0.000000
(9,30),(23,22):0.000000
(9,30),(23,9):0.000000
(9,30),(25,9):0.000000
(9,30),(25,16):0.000000
(9,30),(27,16):0.000000
(9,30),(27,8):0.000000
(9,30),(18,8):0.000000
(9,30),(18,5):0.000000
(9,30),(21,5):0.000000
(9,30),(21,3):0.000000
(9,30),(13,3):0.000000
(9,30),(13,1):0.000000
(9,30),(14,1):0.000000
(9,30),(14,2):0.000000
(9,30),(22,2):0.000000
(9,30),(22,4):0.000000
(9,30),(29,4):0.000000
(9,30),(29,17):0.000000
(9,30),(30,17):0.000000
(9,30),(30,18):0.000000
(9,29),(16,29):15.000000
(9,29),(16,21):1.700000
(9,29),(15,21):0.000000
(9,29),(15,20):0.000000
(9,29),(19,20):0.000000
(9,29),(19,12):0.000000
(9,29),(6,12):0.000000
(9,29),(6,14):0.000000
(9,29),(8,14):0.000000
(9,29),(8,23):0.000000
(9,29),(7,23):0.000000
(9,29),(7,27):0.000000
(9,29),(1,27):0.000000
(9,29),(1,19):0.000000
(9,29),(2,19):0.000000
(9,29),(2,13):0.000000
(9,29),(3,13):0.000000
(9,29),(3,15):0.000000
(9,29),(4,15):0.000000
(9,29),(4,25):0.000000
(9,29),(5,25):0.000000
(9,29),(5,10):0.000000
(9,29),(10,10):0.000000
(9,29),(10,6):0.000000
(9,29),(11,6):0.000000
(9,29),(11,7):0.000000
(9,29),(12,7):0.000000
(9,29),(12,11):0.000000
(9,29),(20,11):0.000000
(9,29),(20,22):0.000000
(9,29),(23,22):0.000000
(9,29),(23,9):0.000000
(9,29),(25,9):0.000000
(9,29),(25,16):0.000000
(9,29),(27,16):0.000000
(9,29),(27,8):0.000000
(9,29),(18,8):0.000000
(9,29),(18,5):0.000000
(9,29),(21,5):0.000000
(9,29),(21,3):0.000000
(9,29),(13,3):0.000000
(9,29),(13,1):0.000000
(9,29),(14,1):0.000000
(9,29),(14,2):0.000000
(9,29),(22,2):0.000000
(9,29),(22,4):0.000000
(9,29),(29,4):0.000000
(9,29),(29,17):0.000000
(9,29),(30,17):0.000000
(9,29),(30,18):0.000000
(16,29),(16,21):13.200000
(16,29),(15,21):1.700000
(16,29),(15,20):2.766667
(16,29),(19,20):6.600000
(16,29),(19,12):0.000000
(16,29),(6,12):0.000000
(16,29),(6,14):0.000000
(16,29),(8,14):0.000000
(16,29),(8,23):0.000000
(16,29),(7,23):0.000000
(16,29),(7,27):0.000000
(16,29),(1,27):0.000000
(16,29),(1,19):0.000000
(16,29),(2,19):0.000000
(16,29),(2,13):0.000000
(16,29),(3,13):0.000000
(16,29),(3,15):0.000000
(16,29),(4,15):0.000000
(16,29),(4,25):0.000000
(16,29),(5,25):0.000000
(16,29),(5,10):0.000000
(16,29),(10,10):0.000000
(16,29),(10,6):0.000000
(16,29),(11,6):0.000000
(16,29),(11,7):0.000000
(16,29),(12,7):0.000000
(16,29),(12,11):0.000000
(16,29),(20,11):0.000000
(16,29),(20,22):5.933333
(16,29),(23,22):2.566667
(16,29),(23,9):0.000000
(16,29),(25,9):0.000000
(16,29),(25,16):0.000000
(16,29),(27,16):0.000000
(16,29),(27,8):0.000000
(16,29),(18,8):0.000000
(16,29),(18,5):0.000000
(16,29),(21,5):0.000000
(16,29),(21,3):0.000000
(16,29),(13,3):0.000000
(16,29),(13,1):0.000000
(16,29),(14,1):0.000000
(16,29),(14,2):0.000000
(16,29),(22,2):0.000000
(16,29),(22,4):0.000000
(16,29),(29,4):0.000000
(16,29),(29,17):0.000000
(16,29),(30,17):0.000000
(16,29),(30,18):0.000000
(16,21),(15,21):5.125000
(16,21),(15,20):17.500000
(16,21),(19,20):19.166666
(16,21),(19,12):4.366667
(16,21),(6,12):0.000000
(16,21),(6,14):0.000000
(16,21),(8,14):0.000000
(16,21),(8,23):0.000000
(16,21),(7,23):0.000000
(16,21),(7,27):0.000000
(16,21),(1,27):0.000000
(16,21),(1,19):0.000000
(16,21),(2,19):0.000000
(16,21),(2,13):0.000000
(16,21),(3,13):0.000000
(16,21),(3,15):0.000000
(16,21),(4,15):0.000000
(16,21),(4,25):0.000000
(16,21),(5,25):0.000000
(16,21),(5,10):0.000000
(16,21),(10,10):0.000000
(16,21),(10,6):0.000000
(16,21),(11,6):0.000000
(16,21),(11,7):0.000000
(16,21),(12,7):0.000000
(16,21),(12,11):0.000000
(16,21),(20,11):5.055555
(16,21),(20,22):24.875000
(16,21),(23,22):15.666667
(16,21),(23,9):2.625000
(16,21),(25,9):2.266026
(16,21),(25,16):3.205128
(16,21),(27,16):1.519841
(16,21),(27,8):0.000000
(16,21),(18,8):0.000000
(16,21),(18,5):0.000000
(16,21),(21,5):0.000000
(16,21),(21,3):0.000000
(16,21),(13,3):0.000000
(16,21),(13,1):0.000000
(16,21),(14,1):0.000000
(16,21),(14,2):0.000000
(16,21),(22,2):0.000000
(16,21),(22,4):0.000000
(16,21),(29,4):0.000000
(16,21),(29,17):0.000000
(16,21),(30,17):0.000000
(16,21),(30,18):0.000000
(15,21),(15,20):5.000000
(15,21),(19,20):5.125000
(15,21),(19,12):1.125000
(15,21),(6,12):0.000000
(15,21),(6,14):0.000000
(15,21),(8,14):0.000000
(15,21),(8,23):0.000000
(15,21),(7,23):0.000000
(15,21),(7,27):0.000000
(15,21),(1,27):0.000000
(15,21),(1,19):0.000000
(15,21),(2,19):0.000000
(15,21),(2,13):0.000000
(15,21),(3,13):0.000000
(15,21),(3,15):0.000000
(15,21),(4,15):0.000000
(15,21),(4,25):0.000000
(15,21),(5,25):0.000000
(15,21),(5,10):0.000000
(15,21),(10,10):0.000000
(15,21),(10,6):0.000000
(15,21),(11,6):0.000000
(15,21),(11,7):0.000000
(15,21),(12,7):0.000000
(15,21),(12,11):0.000000
(15,21),(20,11):1.180556
(15,21),(20,22):5.000000
(15,21),(23,22):0.000000
(15,21),(23,9):0.000000
(15,21),(25,9):0.000000
(15,21),(25,16):0.000000
(15,21),(27,16):0.000000
(15,21),(27,8):0.000000
(15,21),(18,8):0.000000
(15,21),(18,5):0.000000
(15,21),(21,5):0.000000
(15,21),(21,3):0.000000
(15,21),(13,3):0.000000
(15,21),(13,1):0.000000
(15,21),(14,1):0.000000
(15,21),(14,2):0.000000
(15,21),(22,2):0.000000
(15,21),(22,4):0.000000
(15,21),(29,4):0.000000
(15,21),(29,17):0.000000
(15,21),(30,17):0.000000
(15,21),(30,18):0.000000
(15,20),(19,20):13.500000
(15,20),(19,12):4.200000
(15,20),(6,12):0.000000
(15,20),(6,14):0.000000
(15,20),(8,14):0.000000
(15,20),(8,23):0.000000
(15,20),(7,23):0.000000
(15,20),(7,27):0.000000
(15,20),(1,27):0.000000
(15,20),(1,19):0.000000
(15,20),(2,19):0.000000
(15,20),(2,13):0.000000
(15,20),(3,13):0.000000
(15,20),(3,15):0.000000
(15,20),(4,15):0.000000
(15,20),(4,25):0.000000
(15,20),(5,25):0.000000
(15,20),(5,10):0.000000
(15,20),(10,10):0.000000
(15,20),(10,6):0.000000
(15,20),(11,6):0.000000
(15,20),(11,7):0.000000
(15,20),(12,7):0.000000
(15,20),(12,11):0.000000
(15,20),(20,11):4.800000
(15,20),(20,22):17.375000
(15,20),(23,22):9.000000
(15,20),(23,9):0.800000
(15,20),(25,9):1.003345
(15,20),(25,16):1.254902
(15,20),(27,16):1.087719
(15,20),(27,8):0.000000
(15,20),(18,8):0.000000
(15,20),(18,5):0.000000
(15,20),(21,5):0.000000
(15,20),(21,3):0.000000
(15,20),(13,3):0.000000
(15,20),(13,1):0.000000
(15,20),(14,1):0.000000
(15,20),(14,2):0.000000
(15,20),(22,2):0.000000
(15,20),(22,4):0.000000
(15,20),(29,4):0.000000
(15,20),(29,17):0.000000
(15,20),(30,17):0.000000
(15,20),(30,18):0.000000
(19,20),(19,12):13.200000
(19,20),(6,12):1.000000
(19,20),(6,14):0.000000
(19,20),(8,14):0.000000
(19,20),(8,23):0.000000
(19,20),(7,23):0.000000
(19,20),(7,27):0.000000
(19,20),(1,27):0.000000
(19,20),(1,19):0.000000
(19,20),(2,19):0.000000
(19,20),(2,13):0.000000
(19,20),(3,13):0.000000
(19,20),(3,15):0.000000
(19,20),(4,15):0.000000
(19,20),(4,25):0.000000
(19,20),(5,25):0.000000
(19,20),(5,10):0.000000
(19,20),(10,10):0.000000
(19,20),(10,6):0.000000
(19,20),(11,6):0.000000
(19,20),(11,7):0.000000
(19,20),(12,7):0.000000
(19,20),(12,11):1.071429
(19,20),(20,11):13.888889
(19,20),(20,22):27.208334
(19,20),(23,22):9.166667
(19,20),(23,9):0.000000
(19,20),(25,9):0.000000
(19,20),(25,16):0.000000
(19,20),(27,16):0.000000
(19,20),(27,8):0.000000
(19,20),(18,8):0.000000
(19,20),(18,5):0.000000
(19,20),(21,5):0.000000
(19,20),(21,3):0.000000
(19,20),(13,3):0.000000
(19,20),(13,1):0.000000
(19,20),(14,1):0.000000
(19,20),(14,2):0.000000
(19,20),(22,2):0.000000
(19,20),(22,4):0.000000
(19,20),(29,4):0.000000
(19,20),(29,17):0.000000
(19,20),(30,17):0.000000
(19,20),(30,18):0.000000
(19,12),(6,12):18.500000
(19,12),(6,14):1.928571
(19,12),(8,14):0.000000
(19,12),(8,23):0.665756
(19,12),(7,23):1.310932
(19,12),(7,27):1.503846
(19,12),(1,27):0.000000
(19,12),(1,19):0.000000
(19,12),(2,19):0.000000
(19,12),(2,13):0.000000
(19,12),(3,13):0.000000
(19,12),(3,15):0.000000
(19,12),(4,15):0.000000
(19,12),(4,25):0.000000
(19,12),(5,25):2.059783
(19,12),(5,10):14.000000
(19,12),(10,10):11.500000
(19,12),(10,6):2.485714
(19,12),(11,6):1.652709
(19,12),(11,7):2.996212
(19,12),(12,7):3.463768
(19,12),(12,11):18.571428
(19,12),(20,11):27.000000
(19,12),(20,22):13.250000
(19,12),(23,22):2.200000
(19,12),(23,9):0.000000
(19,12),(25,9):0.000000
(19,12),(25,16):0.000000
(19,12),(27,16):0.000000
(19,12),(27,8):0.000000
(19,12),(18,8):0.000000
(19,12),(18,5):0.000000
(19,12),(21,5):0.000000
(19,12),(21,3):0.000000
(19,12),(13,3):0.000000
(19,12),(13,1):0.000000
(19,12),(14,1):0.000000
(19,12),(14,2):0.000000
(19,12),(22,2):0.000000
(19,12),(22,4):0.000000
(19,12),(29,4):0.000000
(19,12),(29,17):0.000000
(19,12),(30,17):0.000000
(19,12),(30,18):0.000000
(6,12),(6,14):17.153847
(6,12),(8,14):13.153846
(6,12),(8,23):11.222222
(6,12),(7,23):16.264957
(6,12),(7,27):16.538462
(6,12),(1,27):2.403846
(6,12),(1,19):0.020513
(6,12),(2,19):0.000000
(6,12),(2,13):0.000000
(6,12),(3,13):0.000000
(6,12),(3,15):0.000000
(6,12),(4,15):0.000000
(6,12),(4,25):2.153846
(6,12),(5,25):17.307692
(6,12),(5,10):32.500000
(6,12),(10,10):16.250000
(6,12),(10,6):5.200000
(6,12),(11,6):2.750000
(6,12),(11,7):5.791667
(6,12),(12,7):6.333333
(6,12),(12,11):23.083334
(6,12),(20,11):15.035714
(6,12),(20,22):1.050000
(6,12),(23,22):0.000000
(6,12),(23,9):0.000000
(6,12),(25,9):0.000000
(6,12),(25,16):0.000000
(6,12),(27,16):0.000000
(6,12),(27,8):0.000000
(6,12),(18,8):0.000000
(6,12),(18,5):0.000000
(6,12),(21,5):0.000000
(6,12),(21,3):0.000000
(6,12),(13,3):0.000000
(6,12),(13,1):0.000000
(6,12),(14,1):0.000000
(6,12),(14,2):0.000000
(6,12),(22,2):0.000000
(6,12),(22,4):0.000000
(6,12),(29,4):0.000000
(6,12),(29,17):0.000000
(6,12),(30,17):0.000000
(6,12),(30,18):0.000000
(6,14),(8,14):34.292931
(6,14),(8,23):29.222221
(6,14),(7,23):38.292931
(6,14),(7,27):29.566433
(6,14),(1,27):5.181818
(6,14),(1,19):0.027972
(6,14),(2,19):0.000000
(6,14),(2,13):0.000000
(6,14),(3,13):0.000000
(6,14),(3,15):0.000000
(6,14),(4,15):0.000000
(6,14),(4,25):4.181818
(6,14),(5,25):38.681820
(6,14),(5,10):31.000000
(6,14),(10,10):2.250000
(6,14),(10,6):0.000000
(6,14),(11,6):0.000000
(6,14),(11,7):0.000000
(6,14),(12,7):0.000000
(6,14),(12,11):2.083333
(6,14),(20,11):1.035714
(6,14),(20,22):0.000000
(6,14),(23,22):0.000000
(6,14),(23,9):0.000000
(6,14),(25,9):0.000000
(6,14),(25,16):0.000000
(6,14),(27,16):0.000000
(6,14),(27,8):0.000000
(6,14),(18,8):0.000000
(6,14),(18,5):0.000000
(6,14),(21,5):0.000000
(6,14),(21,3):0.000000
(6,14),(13,3):0.000000
(6,14),(13,1):0.000000
(6,14),(14,1):0.000000
(6,14),(14,2):0.000000
(6,14),(22,2):0.000000
(6,14),(22,4):0.000000
(6,14),(29,4):0.000000
(6,14),(29,17):0.000000
(6,14),(30,17):0.000000
(6,14),(30,18):0.000000
(8,14),(8,23):27.000000
(8,14),(7,23):34.656567
(8,14),(7,27):25.656565
(8,14),(1,27):4.715389
(8,14),(1,19):0.192513
(8,14),(2,19):0.037121
(8,14),(2,13):0.000000
(8,14),(3,13):0.000000
(8,14),(3,15):0.000000
(8,14),(4,15):0.000000
(8,14),(4,25):3.878788
(8,14),(5,25):34.156567
(8,14),(5,10):26.111111
(8,14),(10,10):0.000000
(8,14),(10,6):0.000000
(8,14),(11,6):0.000000
(8,14),(11,7):0.000000
(8,14),(12,7):0.000000
(8,14),(12,11):0.000000
(8,14),(20,11):0.000000
(8,14),(20,22):0.000000
(8,14),(23,22):0.000000
(8,14),(23,9):0.000000
(8,14),(25,9):0.000000
(8,14),(25,16):0.000000
(8,14),(27,16):0.000000
(8,14),(27,8):0.000000
(8,14),(18,8):0.000000
(8,14),(18,5):0.000000
(8,14),(21,5):0.000000
(8,14),(21,3):0.000000
(8,14),(13,3):0.000000
(8,14),(13,1):0.000000
(8,14),(14,1):0.000000
(8,14),(14,2):0.000000
(8,14),(22,2):0.000000
(8,14),(22,4):0.000000
(8,14),(29,4):0.000000
(8,14),(29,17):0.000000
(8,14),(30,17):0.000000
(8,14),(30,18):0.000000
(8,23),(7,23):29.222221
(8,23),(7,27):20.222221
(8,23),(1,27):0.000000
(8,23),(1,19):0.000000
(8,23),(2,19):0.000000
(8,23),(2,13):0.000000
(8,23),(3,13):0.000000
(8,23),(3,15):0.000000
(8,23),(4,15):0.000000
(8,23),(4,25):0.000000
(8,23),(5,25):28.722221
(8,23),(5,10):21.222221
(8,23),(10,10):0.872222
(8,23),(10,6):0.000000
(8,23),(11,6):0.000000
(8,23),(11,7):0.000000
(8,23),(12,7):0.000000
(8,23),(12,11):0.734127
(8,23),(20,11):0.473214
(8,23),(20,22):0.000000
(8,23),(23,22):0.000000
(8,23),(23,9):0.000000
(8,23),(25,9):0.000000
(8,23),(25,16):0.000000
(8,23),(27,16):0.000000
(8,23),(27,8):0.000000
(8,23),(18,8):0.000000
(8,23),(18,5):0.000000
(8,23),(21,5):0.000000
(8,23),(21,3):0.000000
(8,23),(13,3):0.000000
(8,23),(13,1):0.000000
(8,23),(14,1):0.000000
(8,23),(14,2):0.000000
(8,23),(22,2):0.000000
(8,23),(22,4):0.000000
(8,23),(29,4):0.000000
(8,23),(29,17):0.000000
(8,23),(30,17):0.000000
(8,23),(30,18):0.000000
(7,23),(7,27):31.111111
(7,23),(1,27):7.000000
(7,23),(1,19):1.333333
(7,23),(2,19):1.041667
(7,23),(2,13):0.761905
(7,23),(3,13):0.000000
(7,23),(3,15):0.654545
(7,23),(4,15):0.500000
(7,23),(4,25):6.000000
(7,23),(5,25):39.611111
(7,23),(5,10):30.111111
(7,23),(10,10):1.571637
(7,23),(10,6):0.000000
(7,23),(11,6):0.000000
(7,23),(11,7):0.000000
(7,23),(12,7):0.000000
(7,23),(12,11):1.412626
(7,23),(20,11):0.756187
(7,23),(20,22):0.000000
(7,23),(23,22):0.000000
(7,23),(23,9):0.000000
(7,23),(25,9):0.000000
(7,23),(25,16):0.000000
(7,23),(27,16):0.000000
(7,23),(27,8):0.000000
(7,23),(18,8):0.000000
(7,23),(18,5):0.000000
(7,23),(21,5):0.000000
(7,23),(21,3):0.000000
(7,23),(13,3):0.000000
(7,23),(13,1):0.000000
(7,23),(14,1):0.000000
(7,23),(14,2):0.000000
(7,23),(22,2):0.000000
(7,23),(22,4):0.000000
(7,23),(29,4):0.000000
(7,23),(29,17):0.000000
(7,23),(30,17):0.000000
(7,23),(30,18):0.000000
(7,27),(1,27):16.000000
(7,27),(1,19):10.000000
(7,27),(2,19):9.666667
(7,27),(2,13):5.666667
(7,27),(3,13):6.366667
(7,27),(3,15):9.200000
(7,27),(4,15):9.000000
(7,27),(4,25):15.000000
(7,27),(5,25):37.384617
(7,27),(5,10):27.384615
(7,27),(10,10):1.782763
(7,27),(10,6):0.000000
(7,27),(11,6):0.000000
(7,27),(11,7):0.000000
(7,27),(12,7):0.000000
(7,27),(12,11):1.619847
(7,27),(20,11):0.842566
(7,27),(20,22):0.000000
(7,27),(23,22):0.000000
(7,27),(23,9):0.000000
(7,27),(25,9):0.000000
(7,27),(25,16):0.000000
(7,27),(27,16):0.000000
(7,27),(27,8):0.000000
(7,27),(18,8):0.000000
(7,27),(18,5):0.000000
(7,27),(21,5):0.000000
(7,27),(21,3):0.000000
(7,27),(13,3):0.000000
(7,27),(13,1):0.000000
(7,27),(14,1):0.000000
(7,27),(14,2):0.000000
(7,27),(22,2):0.000000
(7,27),(22,4):0.000000
(7,27),(29,4):0.000000
(7,27),(29,17):0.000000
(7,27),(30,17):0.000000
(7,27),(30,18):0.000000
(1,27),(1,19):25.000000
(1,27),(2,19):32.416668
(1,27),(2,13):23.083334
(1,27),(3,13):16.750000
(1,27),(3,15):29.950001
(1,27),(4,15):30.000000
(1,27),(4,25):37.549999
(1,27),(5,25):13.000000
(1,27),(5,10):5.000000
(1,27),(10,10):0.000000
(1,27),(10,6):0.000000
(1,27),(11,6):0.000000
(1,27),(11,7):0.000000
(1,27),(12,7):0.000000
(1,27),(12,11):0.000000
(1,27),(20,11):0.000000
(1,27),(20,22):0.000000
(1,27),(23,22):0.000000
(1,27),(23,9):0.000000
(1,27),(25,9):0.000000
(1,27),(25,16):0.000000
(1,27),(27,16):0.000000
(1,27),(27,8):0.000000
(1,27),(18,8):0.000000
(1,27),(18,5):0.000000
(1,27),(21,5):0.000000
(1,27),(21,3):0.000000
(1,27),(13,3):0.000000
(1,27),(13,1):0.000000
(1,27),(14,1):0.000000
(1,27),(14,2):0.000000
(1,27),(22,2):0.000000
(1,27),(22,4):0.000000
(1,27),(29,4):0.000000
(1,27),(29,17):0.000000
(1,27),(30,17):0.000000
(1,27),(30,18):0.000000
(1,19),(2,19):24.666666
(1,19),(2,13):16.333334
(1,19),(3,13):13.000000
(1,19),(3,15):22.200001
(1,19),(4,15):23.000000
(1,19),(4,25):25.000000
(1,19),(5,25):7.000000
(1,19),(5,10):0.000000
(1,19),(10,10):0.000000
(1,19),(10,6):0.000000
(1,19),(11,6):0.000000
(1,19),(11,7):0.000000
(1,19),(12,7):0.000000
(1,19),(12,11):0.000000
(1,19),(20,11):0.000000
(1,19),(20,22):0.000000
(1,19),(23,22):0.000000
(1,19),(23,9):0.000000
(1,19),(25,9):0.000000
(1,19),(25,16):0.000000
(1,19),(27,16):0.000000
(1,19),(27,8):0.000000
(1,19),(18,8):0.000000
(1,19),(18,5):0.000000
(1,19),(21,5):0.000000
(1,19),(21,3):0.000000
(1,19),(13,3):0.000000
(1,19),(13,1):0.000000
(1,19),(14,1):0.000000
(1,19),(14,2):0.000000
(1,19),(22,2):0.000000
(1,19),(22,4):0.000000
(1,19),(29,4):0.000000
(1,19),(29,17):0.000000
(1,19),(30,17):0.000000
(1,19),(30,18):0.000000
(2,19),(2,13):25.333334
(2,19),(3,13):19.000000
(2,19),(3,15):32.200001
(2,19),(4,15):31.000000
(2,19),(4,25):34.466667
(2,19),(5,25):6.666667
(2,19),(5,10):0.000000
(2,19),(10,10):0.000000
(2,19),(10,6):0.000000
(2,19),(11,6):0.000000
(2,19),(11,7):0.000000
(2,19),(12,7):0.000000
(2,19),(12,11):0.000000
(2,19),(20,11):0.000000
(2,19),(20,22):0.000000
(2,19),(23,22):0.000000
(2,19),(23,9):0.000000
(2,19),(25,9):0.000000
(2,19),(25,16):0.000000
(2,19),(27,16):0.000000
(2,19),(27,8):0.000000
(2,19),(18,8):0.000000
(2,19),(18,5):0.000000
(2,19),(21,5):0.000000
(2,19),(21,3):0.000000
(2,19),(13,3):0.000000
(2,19),(13,1):0.000000
(2,19),(14,1):0.000000
(2,19),(14,2):0.000000
(2,19),(22,2):0.000000
(2,19),(22,4):0.000000
(2,19),(29,4):0.000000
(2,19),(29,17):0.000000
(2,19),(30,17):0.000000
(2,19),(30,18):0.000000
(2,13),(3,13):14.000000
(2,13),(3,15):25.200001
(2,13),(4,15):23.000000
(2,13),(4,25):25.133333
(2,13),(5,25):4.333333
(2,13),(5,10):0.000000
(2,13),(10,10):0.000000
(2,13),(10,6):0.000000
(2,13),(11,6):0.000000
(2,13),(11,7):0.000000
(2,13),(12,7):0.000000
(2,13),(12,11):0.000000
(2,13),(20,11):0.000000
(2,13),(20,22):0.000000
(2,13),(23,22):0.000000
(2,13),(23,9):0.000000
(2,13),(25,9):0.000000
(2,13),(25,16):0.000000
(2,13),(27,16):0.000000
(2,13),(27,8):0.000000
(2,13),(18,8):0.000000
(2,13),(18,5):0.000000
(2,13),(21,5):0.000000
(2,13),(21,3):0.000000
(2,13),(13,3):0.000000
(2,13),(13,1):0.000000
(2,13),(14,1):0.000000
(2,13),(14,2):0.000000
(2,13),(22,2):0.000000
(2,13),(22,4):0.000000
(2,13),(29,4):0.000000
(2,13),(29,17):0.000000
(2,13),(30,17):0.000000
(2,13),(30,18):0.000000
(3,13),(3,15):19.000000
(3,13),(4,15):17.000000
(3,13),(4,25):18.799999
(3,13),(5,25):4.000000
(3,13),(5,10):0.000000
(3,13),(10,10):0.000000
(3,13),(10,6):0.000000
(3,13),(11,6):0.000000
(3,13),(11,7):0.000000
(3,13),(12,7):0.000000
(3,13),(12,11):0.000000
(3,13),(20,11):0.000000
(3,13),(20,22):0.000000
(3,13),(23,22):0.000000
(3,13),(23,9):0.000000
(3,13),(25,9):0.000000
(3,13),(25,16):0.000000
(3,13),(27,16):0.000000
(3,13),(27,8):0.000000
(3,13),(18,8):0.000000
(3,13),(18,5):0.000000
(3,13),(21,5):0.000000
(3,13),(21,3):0.000000
(3,13),(13,3):0.000000
(3,13),(13,1):0.000000
(3,13),(14,1):0.000000
(3,13),(14,2):0.000000
(3,13),(22,2):0.000000
(3,13),(22,4):0.000000
(3,13),(29,4):0.000000
(3,13),(29,17):0.000000
(3,13),(30,17):0.000000
(3,13),(30,18):0.000000
(3,15),(4,15):30.000000
(3,15),(4,25):32.000000
(3,15),(5,25):6.200000
(3,15),(5,10):0.000000
(3,15),(10,10):0.000000
(3,15),(10,6):0.000000
(3,15),(11,6):0.000000
(3,15),(11,7):0.000000
(3,15),(12,7):0.000000
(3,15),(12,11):0.000000
(3,15),(20,11):0.000000
(3,15),(20,22):0.000000
(3,15),(23,22):0.000000
(3,15),(23,9):0.000000
(3,15),(25,9):0.000000
(3,15),(25,16):0.000000
(3,15),(27,16):0.000000
(3,15),(27,8):0.000000
(3,15),(18,8):0.000000
(3,15),(18,5):0.000000
(3,15),(21,5):0.000000
(3,15),(21,3):0.000000
(3,15),(13,3):0.000000
(3,15),(13,1):0.000000
(3,15),(14,1):0.000000
(3,15),(14,2):0.000000
(3,15),(22,2):0.000000
(3,15),(22,4):0.000000
(3,15),(29,4):0.000000
(3,15),(29,17):0.000000
(3,15),(30,17):0.000000
(3,15),(30,18):0.000000
(4,15),(4,25):31.000000
(4,15),(5,25):6.000000
(4,15),(5,10):0.000000
(4,15),(10,10):0.000000
(4,15),(10,6):0.000000
(4,15),(11,6):0.000000
(4,15),(11,7):0.000000
(4,15),(12,7):0.000000
(4,15),(12,11):0.000000
(4,15),(20,11):0.000000
(4,15),(20,22):0.000000
(4,15),(23,22):0.000000
(4,15),(23,9):0.000000
(4,15),(25,9):0.000000
(4,15),(25,16):0.000000
(4,15),(27,16):0.000000
(4,15),(27,8):0.000000
(4,15),(18,8):0.000000
(4,15),(18,5):0.000000
(4,15),(21,5):0.000000
(4,15),(21,3):0.000000
(4,15),(13,3):0.000000
(4,15),(13,1):0.000000
(4,15),(14,1):0.000000
(4,15),(14,2):0.000000
(4,15),(22,2):0.000000
(4,15),(22,4):0.000000
(4,15),(29,4):0.000000
(4,15),(29,17):0.000000
(4,15),(30,17):0.000000
(4,15),(30,18):0.000000
(4,25),(5,25):12.000000
(4,25),(5,10):4.000000
(4,25),(10,10):0.000000
(4,25),(10,6):0.000000
(4,25),(11,6):0.000000
(4,25),(11,7):0.000000
(4,25),(12,7):0.000000
(4,25),(12,11):0.000000
(4,25),(20,11):0.000000
(4,25),(20,22):0.000000
(4,25),(23,22):0.000000
(4,25),(23,9):0.000000
(4,25),(25,9):0.000000
(4,25),(25,16):0.000000
(4,25),(27,16):0.000000
(4,25),(27,8):0.000000
(4,25),(18,8):0.000000
(4,25),(18,5):0.000000
(4,25),(21,5):0.000000
(4,25),(21,3):0.000000
(4,25),(13,3):0.000000
(4,25),(13,1):0.000000
(4,25),(14,1):0.000000
(4,25),(14,2):0.000000
(4,25),(22,2):0.000000
(4,25),(22,4):0.000000
(4,25),(29,4):0.000000
(4,25),(29,17):0.000000
(4,25),(30,17):0.000000
(4,25),(30,18):0.000000
(5,25),(5,10):30.653847
(5,25),(10,10):2.403846
(5,25),(10,6):0.000000
(5,25),(11,6):0.000000
(5,25),(11,7):0.000000
(5,25),(12,7):0.000000
(5,25),(12,11):2.237180
(5,25),(20,11):1.074176
(5,25),(20,22):0.000000
(5,25),(23,22):0.000000
(5,25),(23,9):0.000000
(5,25),(25,9):0.000000
(5,25),(25,16):0.000000
(5,25),(27,16):0.000000
(5,25),(27,8):0.000000
(5,25),(18,8):0.000000
(5,25),(18,5):0.000000
(5,25),(21,5):0.000000
(5,25),(21,3):0.000000
(5,25),(13,3):0.000000
(5,25),(13,1):0.000000
(5,25),(14,1):0.000000
(5,25),(14,2):0.000000
(5,25),(22,2):0.000000
(5,25),(22,4):0.000000
(5,25),(29,4):0.000000
(5,25),(29,17):0.000000
(5,25),(30,17):0.000000
(5,25),(30,18):0.000000
(5,10),(10,10):15.250000
(5,10),(10,6):4.200000
(5,10),(11,6):2.500000
(5,10),(11,7):4.791667
(5,10),(12,7):5.333333
(5,10),(12,11):17.583334
(5,10),(20,11):10.535714
(5,10),(20,22):0.000000
(5,10),(23,22):0.000000
(5,10),(23,9):0.000000
(5,10),(25,9):0.000000
(5,10),(25,16):0.000000
(5,10),(27,16):0.000000
(5,10),(27,8):0.000000
(5,10),(18,8):0.000000
(5,10),(18,5):0.000000
(5,10),(21,5):0.000000
(5,10),(21,3):0.000000
(5,10),(13,3):0.000000
(5,10),(13,1):0.000000
(5,10),(14,1):0.000000
(5,10),(14,2):0.000000
(5,10),(22,2):0.000000
(5,10),(22,4):0.000000
(5,10),(29,4):0.000000
(5,10),(29,17):0.000000
(5,10),(30,17):0.000000
(5,10),(30,18):0.000000
(10,10),(10,6):10.700000
(10,10),(11,6):6.500000
(10,10),(11,7):11.791667
(10,10),(12,7):11.333333
(10,10),(12,11):21.958334
(10,10),(20,11):8.035714
(10,10),(20,22):0.000000
(10,10),(23,22):0.000000
(10,10),(23,9):0.000000
(10,10),(25,9):0.000000
(10,10),(25,16):0.000000
(10,10),(27,16):0.000000
(10,10),(27,8):0.000000
(10,10),(18,8):0.000000
(10,10),(18,5):0.000000
(10,10),(21,5):0.000000
(10,10),(21,3):0.000000
(10,10),(13,3):0.000000
(10,10),(13,1):0.000000
(10,10),(14,1):0.000000
(10,10),(14,2):0.000000
(10,10),(22,2):0.000000
(10,10),(22,4):0.000000
(10,10),(29,4):0.000000
(10,10),(29,17):0.000000
(10,10),(30,17):0.000000
(10,10),(30,18):0.000000
(10,6),(11,6):6.000000
(10,6),(11,7):10.625000
(10,6),(12,7):9.500000
(10,6),(12,11):10.575000
(10,6),(20,11):2.200000
(10,6),(20,22):0.000000
(10,6),(23,22):0.000000
(10,6),(23,9):0.000000
(10,6),(25,9):0.000000
(10,6),(25,16):0.000000
(10,6),(27,16):0.000000
(10,6),(27,8):0.000000
(10,6),(18,8):0.000000
(10,6),(18,5):0.000000
(10,6),(21,5):0.000000
(10,6),(21,3):0.000000
(10,6),(13,3):0.000000
(10,6),(13,1):0.000000
(10,6),(14,1):0.000000
(10,6),(14,2):0.000000
(10,6),(22,2):0.000000
(10,6),(22,4):0.000000
(10,6),(29,4):0.000000
(10,6),(29,17):0.000000
(10,6),(30,17):0.000000
(10,6),(30,18):0.000000
(11,6),(11,7):6.500000
(11,6),(12,7):5.500000
(11,6),(12,11):6.375000
(11,6),(20,11):1.375000
(11,6),(20,22):0.000000
(11,6),(23,22):0.000000
(11,6),(23,9):0.000000
(11,6),(25,9):0.000000
(11,6),(25,16):0.000000
(11,6),(27,16):0.000000
(11,6),(27,8):0.000000
(11,6),(18,8):0.000000
(11,6),(18,5):0.000000
(11,6),(21,5):0.000000
(11,6),(21,3):0.000000
(11,6),(13,3):0.000000
(11,6),(13,1):0.000000
(11,6),(14,1):0.000000
(11,6),(14,2):0.000000
(11,6),(22,2):0.000000
(11,6),(22,4):0.000000
(11,6),(29,4):0.000000
(11,6),(29,17):0.000000
(11,6),(30,17):0.000000
(11,6),(30,18):0.000000
(11,7),(12,7):10.666667
(11,7),(12,11):11.666667
(11,7),(20,11):2.625000
(11,7),(20,22):0.000000
(11,7),(23,22):0.000000
(11,7),(23,9):0.000000
(11,7),(25,9):0.000000
(11,7),(25,16):0.000000
(11,7),(27,16):0.000000
(11,7),(27,8):0.000000
(11,7),(18,8):0.000000
(11,7),(18,5):0.000000
(11,7),(21,5):0.000000
(11,7),(21,3):0.000000
(11,7),(13,3):0.000000
(11,7),(13,1):0.000000
(11,7),(14,1):0.000000
(11,7),(14,2):0.000000
(11,7),(22,2):0.000000
(11,7),(22,4):0.000000
(11,7),(29,4):0.000000
(11,7),(29,17):0.000000
(11,7),(30,17):0.000000
(11,7),(30,18):0.000000
(12,7),(12,11):11.333333
(12,7),(20,11):3.000000
(12,7),(20,22):0.000000
(12,7),(23,22):0.000000
(12,7),(23,9):0.000000
(12,7),(25,9):0.000000
(12,7),(25,16):0.000000
(12,7),(27,16):0.000000
(12,7),(27,8):0.000000
(12,7),(18,8):0.000000
(12,7),(18,5):0.000000
(12,7),(21,5):0.000000
(12,7),(21,3):0.000000
(12,7),(13,3):0.000000
(12,7),(13,1):0.000000
(12,7),(14,1):0.000000
(12,7),(14,2):0.000000
(12,7),(22,2):0.000000
(12,7),(22,4):0.000000
(12,7),(29,4):0.000000
(12,7),(29,17):0.000000
(12,7),(30,17):0.000000
(12,7),(30,18):0.000000
(12,11),(20,11):15.107142
(12,11),(20,22):1.121429
(12,11),(23,22):0.000000
(12,11),(23,9):0.000000
(12,11),(25,9):0.000000
(12,11),(25,16):0.000000
(12,11),(27,16):0.000000
(12,11),(27,8):0.000000
(12,11),(18,8):0.000000
(12,11),(18,5):0.000000
(12,11),(21,5):0.000000
(12,11),(21,3):0.000000
(12,11),(13,3):0.000000
(12,11),(13,1):0.000000
(12,11),(14,1):0.000000
(12,11),(14,2):0.000000
(12,11),(22,2):0.000000
(12,11),(22,4):0.000000
(12,11),(29,4):0.000000
(12,11),(29,17):0.000000
(12,11),(30,17):0.000000
(12,11),(30,18):0.000000
(20,11),(20,22):13.938889
(20,11),(23,22):2.666667
(20,11),(23,9):0.000000
(20,11),(25,9):0.000000
(20,11),(25,16):0.000000
(20,11),(27,16):0.000000
(20,11),(27,8):0.000000
(20,11),(18,8):0.000000
(20,11),(18,5):0.000000
(20,11),(21,5):0.000000
(20,11),(21,3):0.000000
(20,11),(13,3):0.000000
(20,11),(13,1):0.000000
(20,11),(14,1):0.000000
(20,11),(14,2):0.000000
(20,11),(22,2):0.000000
(20,11),(22,4):0.000000
(20,11),(29,4):0.000000
(20,11),(29,17):0.000000
(20,11),(30,17):0.000000
(20,11),(30,18):0.000000
(20,22),(23,22):20.166666
(20,22),(23,9):6.000000
(20,22),(25,9):4.307693
(20,22),(25,16):6.666667
(20,22),(27,16):2.333333
(20,22),(27,8):0.000000
(20,22),(18,8):0.000000
(20,22),(18,5):0.000000
(20,22),(21,5):0.000000
(20,22),(21,3):0.000000
(20,22),(13,3):0.000000
(20,22),(13,1):0.000000
(20,22),(14,1):0.000000
(20,22),(14,2):0.000000
(20,22),(22,2):0.000000
(20,22),(22,4):0.000000
(20,22),(29,4):0.000000
(20,22),(29,17):0.000000
(20,22),(30,17):0.000000
(20,22),(30,18):0.000000
(23,22),(23,9):36.250000
(23,22),(25,9):30.307692
(23,22),(25,16):40.166668
(23,22),(27,16):19.333334
(23,22),(27,8):1.666667
(23,22),(18,8):0.000000
(23,22),(18,5):0.000000
(23,22),(21,5):0.000000
(23,22),(21,3):0.000000
(23,22),(13,3):0.000000
(23,22),(13,1):0.000000
(23,22),(14,1):0.000000
(23,22),(14,2):0.000000
(23,22),(22,2):0.000000
(23,22),(22,4):0.000000
(23,22),(29,4):1.714286
(23,22),(29,17):11.000000
(23,22),(30,17):4.500000
(23,22),(30,18):8.528571
(23,9),(25,9):30.000000
(23,9),(25,16):36.250000
(23,9),(27,16):13.454545
(23,9),(27,8):0.000000
(23,9),(18,8):0.000000
(23,9),(18,5):0.000000
(23,9),(21,5):0.000000
(23,9),(21,3):0.000000
(23,9),(13,3):0.000000
(23,9),(13,1):0.000000
(23,9),(14,1):0.000000
(23,9),(14,2):0.000000
(23,9),(22,2):0.000000
(23,9),(22,4):0.000000
(23,9),(29,4):0.000000
(23,9),(29,17):6.543478
(23,9),(30,17):3.532143
(23,9),(30,18):5.371428
(25,9),(25,16):30.307692
(25,9),(27,16):12.307693
(25,9),(27,8):0.000000
(25,9),(18,8):0.000000
(25,9),(18,5):0.000000
(25,9),(21,5):0.000000
(25,9),(21,3):0.000000
(25,9),(13,3):0.000000
(25,9),(13,1):0.000000
(25,9),(14,1):0.000000
(25,9),(14,2):0.000000
(25,9),(22,2):0.000000
(25,9),(22,4):0.000000
(25,9),(29,4):0.000000
(25,9),(29,17):5.833333
(25,9),(30,17):3.000000
(25,9),(30,18):4.800000
(25,16),(27,16):22.416666
(25,16),(27,8):4.111111
(25,16),(18,8):0.000000
(25,16),(18,5):0.000000
(25,16),(21,5):0.000000
(25,16),(21,3):0.000000
(25,16),(13,3):0.000000
(25,16),(13,1):0.000000
(25,16),(14,1):0.000000
(25,16),(14,2):0.000000
(25,16),(22,2):0.000000
(25,16),(22,4):0.000000
(25,16),(29,4):4.333333
(25,16),(29,17):14.875000
(25,16),(30,17):8.000000
(25,16),(30,18):13.175000
(27,16),(27,8):28.111111
(27,16),(18,8):8.000000
(27,16),(18,5):6.666667
(27,16),(21,5):9.000000
(27,16),(21,3):0.000000
(27,16),(13,3):0.000000
(27,16),(13,1):0.000000
(27,16),(14,1):0.000000
(27,16),(14,2):0.000000
(27,16),(22,2):0.000000
(27,16),(22,4):9.600000
(27,16),(29,4):28.333334
(27,16),(29,17):38.250000
(27,16),(30,17):7.875000
(27,16),(30,18):12.750000
(27,8),(18,8):40.500000
(27,8),(18,5):33.666668
(27,8),(21,5):42.400002
(27,8),(21,3):12.400000
(27,8),(13,3):0.000000
(27,8),(13,1):0.000000
(27,8),(14,1):0.000000
(27,8),(14,2):0.000000
(27,8),(22,2):5.900000
(27,8),(22,4):38.500000
(27,8),(29,4):60.437500
(27,8),(29,17):29.888889
(27,8),(30,17):2.111111
(27,8),(30,18):4.111111
(18,8),(18,5):33.000000
(18,8),(21,5):40.500000
(18,8),(21,3):11.500000
(18,8),(13,3):0.000000
(18,8),(13,1):0.000000
(18,8),(14,1):0.000000
(18,8),(14,2):0.000000
(18,8),(22,2):5.000000
(18,8),(22,4):36.000000
(18,8),(29,4):39.937500
(18,8),(29,17):9.777778
(18,8),(30,17):0.000000
(18,8),(30,18):0.000000
(18,5),(21,5):33.666668
(18,5),(21,3):10.500000
(18,5),(13,3):0.000000
(18,5),(13,1):0.000000
(18,5),(14,1):0.000000
(18,5),(14,2):0.000000
(18,5),(22,2):4.500000
(18,5),(22,4):29.166666
(18,5),(29,4):33.104168
(18,5),(29,17):7.666667
(18,5),(30,17):0.000000
(18,5),(30,18):0.000000
(21,5),(21,3):14.000000
(21,5),(13,3):1.000000
(21,5),(13,1):0.000000
(21,5),(14,1):0.000000
(21,5),(14,2):1.071429
(21,5),(22,2):7.500000
(21,5),(22,4):39.500000
(21,5),(29,4):41.437500
(21,5),(29,17):10.777778
(21,5),(30,17):0.000000
(21,5),(30,18):0.000000
(21,3),(13,3):9.071428
(21,3),(13,1):1.571429
(21,3),(14,1):1.071429
(21,3),(14,2):9.142858
(21,3),(22,2):14.000000
(21,3),(22,4):14.500000
(21,3),(29,4):12.000000
(21,3),(29,17):0.000000
(21,3),(30,17):0.000000
(21,3),(30,18):0.000000
(13,3),(13,1):2.500000
(13,3),(14,1):2.000000
(13,3),(14,2):10.000000
(13,3),(22,2):9.000000
(13,3),(22,4):1.500000
(13,3),(29,4):0.000000
(13,3),(29,17):0.000000
(13,3),(30,17):0.000000
(13,3),(30,18):0.000000
(13,1),(14,1):2.000000
(13,1),(14,2):2.500000
(13,1),(22,2):1.500000
(13,1),(22,4):0.000000
(13,1),(29,4):0.000000
(13,1),(29,17):0.000000
(13,1),(30,17):0.000000
(13,1),(30,18):0.000000
(14,1),(14,2):2.000000
(14,1),(22,2):1.000000
(14,1),(22,4):0.000000
(14,1),(29,4):0.000000
(14,1),(29,17):0.000000
(14,1),(30,17):0.000000
(14,1),(30,18):0.000000
(14,2),(22,2):9.071428
(14,2),(22,4):1.571429
(14,2),(29,4):0.000000
(14,2),(29,17):0.000000
(14,2),(30,17):0.000000
(14,2),(30,18):0.000000
(22,2),(22,4):8.000000
(22,2),(29,4):5.500000
(22,2),(29,17):0.000000
(22,2),(30,17):0.000000
(22,2),(30,18):0.000000
(22,4),(29,4):38.099998
(22,4),(29,17):11.377778
(22,4),(30,17):0.000000
(22,4),(30,18):0.000000
(29,4),(29,17):30.111111
(29,4),(30,17):2.250000
(29,4),(30,18):4.333333
(29,17),(30,17):8.125000
(29,17),(30,18):13.500000
(30,17),(30,18):7.000000
