12
(1,1):(1,1)	(1,2)	(3,2)	(4,1)	
(4,1):(1,1)	(1,2)	(2,5)	(3,2)	(3,3)	(3,4)	(4,1)	(4,4)	
(4,4):(2,3)	(2,5)	(3,2)	(3,3)	(3,4)	(4,1)	(4,4)	(5,5)	(6,4)	(6,6)	
(6,4):(2,5)	(3,4)	(4,4)	(5,5)	(5,6)	(6,4)	(6,6)	
(6,6):(4,4)	(5,5)	(5,6)	(6,4)	(6,6)	
(5,6):(5,5)	(5,6)	(6,4)	(6,6)	
(5,5):(2,3)	(2,5)	(3,3)	(3,4)	(4,4)	(5,5)	(5,6)	(6,4)	(6,6)	
(2,5):(2,3)	(2,5)	(3,3)	(3,4)	(4,1)	(4,4)	(5,5)	(6,4)	
(2,3):(2,3)	(2,5)	(3,3)	(3,4)	(4,4)	(5,5)	
(3,3):(2,3)	(2,5)	(3,2)	(3,3)	(3,4)	(4,1)	(4,4)	(5,5)	
(3,2):(1,1)	(1,2)	(3,2)	(3,3)	(3,4)	(4,1)	(4,4)	
(1,2):(1,1)	(1,2)	(3,2)	(4,1)	
(1,1):3.250000
(4,1):7.000000
(4,4):8.750000
(6,4):5.000000
(6,6):2.500000
(5,6):2.000000
(5,5):6.500000
(2,5):7.000000
(2,3):5.333333
(3,3):6.500000
(3,2):6.250000
(1,2):3.000000
(1,1),(4,1):3.250000
(1,1),(4,4):1.500000
(1,1),(6,4):0.000000
(1,1),(6,6):0.000000
(1,1),(5,6):0.000000
(1,1),(5,5):0.000000
(1,1),(2,5):0.450000
(1,1),(2,3):0.000000
(1,1),(3,3):1.250000
(1,1),(3,2):3.250000
(1,1),(1,2):3.000000
(4,1),(4,4):5.250000
(4,1),(6,4):1.750000
(4,1),(6,6):0.000000
(4,1),(5,6):0.000000
(4,1),(5,5):2.500000
(4,1),(2,5):4.000000
(4,1),(2,3):3.000000
(4,1),(3,3):5.000000
(4,1),(3,2):6.000000
(4,1),(1,2):3.000000
(4,4),(6,4):4.500000
(4,4),(6,6):2.000000
(4,4),(5,6):1.500000
(4,4),(5,5):6.000000
(4,4),(2,5):7.000000
(4,4),(2,3):5.333333
(4,4),(3,3):6.500000
(4,4),(3,2):4.500000
(4,4),(1,2):1.250000
(6,4),(6,6):2.500000
(6,4),(5,6):2.000000
(6,4),(5,5):5.000000
(6,4),(2,5):4.000000
(6,4),(2,3):3.333333
(6,4),(3,3):2.500000
(6,4),(3,2):1.250000
(6,4),(1,2):0.000000
(6,6),(5,6):2.000000
(6,6),(5,5):2.500000
(6,6),(2,5):1.500000
(6,6),(2,3):0.833333
(6,6),(3,3):0.000000
(6,6),(3,2):0.000000
(6,6),(1,2):0.000000
(5,6),(5,5):2.000000
(5,6),(2,5):1.000000
(5,6),(2,3):0.583333
(5,6),(3,3):0.000000
(5,6),(3,2):0.000000
(5,6),(1,2):0.000000
(5,5),(2,5):5.500000
(5,5),(2,3):4.833333
(5,5),(3,3):4.000000
(5,5),(3,2):1.750000
(5,5),(1,2):0.000000
(2,5),(2,3):5.000000
(2,5),(3,3):5.500000
(2,5),(3,2):3.250000
(2,5),(1,2):0.250000
(2,3),(3,3):4.500000
(2,3),(3,2):2.250000
(2,3),(1,2):0.000000
(3,3),(3,2):4.250000
(3,3),(1,2):1.000000
(3,2),(1,2):3.000000
