52
(25,18):(21,24)	(22,21)	(22,22)	(22,23)	(22,24)	(22,25)	(22,26)	(23,20)	(23,21)	(23,22)	(23,23)	(23,24)	(23,25)	(24,17)	(24,19)	(24,20)	(24,21)	(24,22)	(24,23)	(24,24)	(24,25)	(25,18)	(25,26)	(26,17)	(26,18)	
(25,26):(19,24)	(21,13)	(21,14)	(21,24)	(22,16)	(22,17)	(22,18)	(22,19)	(22,20)	(22,21)	(22,22)	(22,23)	(22,24)	(22,25)	(22,26)	(23,19)	(23,20)	(23,21)	(23,22)	(23,23)	(23,24)	(23,25)	(24,17)	(24,19)	(24,20)	(24,21)	(24,22)	(24,23)	(24,24)	(24,25)	(25,18)	(25,26)	
(22,26):(22,13)	(22,14)	(22,15)	(22,16)	(22,17)	(22,18)	(22,19)	(22,20)	(22,21)	(22,22)	(22,23)	(22,24)	(22,25)	(22,26)	(23,12)	(23,19)	(23,20)	(23,21)	(23,22)	(23,23)	(23,24)	(23,25)	(24,19)	(24,20)	(24,21)	(24,22)	(24,23)	(24,24)	(24,25)	(25,18)	(25,26)	
(22,25):(15,23)	(15,25)	(16,23)	(16,24)	(17,24)	(18,24)	(19,24)	(21,13)	(21,14)	(21,24)	(22,13)	(22,14)	(22,15)	(22,16)	(22,17)	(22,18)	(22,19)	(22,20)	(22,21)	(22,22)	(22,23)	(22,24)	(22,25)	(22,26)	(23,12)	(23,19)	(23,20)	(23,21)	(23,22)	(23,23)	(23,24)	(23,25)	(24,19)	(24,20)	(24,21)	(24,22)	(24,23)	(24,24)	(24,25)	(25,18)	(25,26)	
(15,25):(15,23)	(15,25)	(16,23)	(16,24)	(17,23)	(17,24)	(18,22)	(18,23)	(18,24)	(19,24)	(21,24)	(22,24)	(22,25)	(23,24)	(23,25)	(24,24)	(24,25)	
(15,23):(14,22)	(14,23)	(15,23)	(15,25)	(16,23)	(16,24)	(17,23)	(17,24)	(18,22)	(18,23)	(18,24)	(19,24)	(22,25)	(23,25)	
(14,23):(14,22)	(14,23)	(15,23)	(16,23)	(17,23)	(18,22)	(18,23)	
(14,22):(14,22)	(14,23)	(15,23)	(16,23)	(16,24)	(17,23)	(17,24)	(18,22)	(18,23)	(18,24)	(19,24)	
(18,22):(14,22)	(14,23)	(15,23)	(15,25)	(16,23)	(16,24)	(17,23)	(17,24)	(18,21)	(18,22)	(18,23)	(18,24)	(19,20)	(19,24)	
(18,21):(11,20)	(11,21)	(18,21)	(18,22)	(18,23)	(18,24)	(19,20)	(19,24)	
(11,21):(11,20)	(11,21)	(18,21)	(19,20)	
(11,20):(11,20)	(11,21)	(18,21)	(19,20)	
(19,20):(11,20)	(11,21)	(17,24)	(18,21)	(18,22)	(18,23)	(18,24)	(19,20)	(19,24)	
(19,24):(14,22)	(15,23)	(15,25)	(16,23)	(16,24)	(17,23)	(17,24)	(18,21)	(18,22)	(18,23)	(18,24)	(19,20)	(19,24)	(21,24)	(22,24)	(22,25)	(23,24)	(23,25)	(24,24)	(24,25)	(25,26)	
(21,24):(15,25)	(16,24)	(17,24)	(18,24)	(19,24)	(21,13)	(21,14)	(21,24)	(22,13)	(22,14)	(22,15)	(22,16)	(22,17)	(22,18)	(22,19)	(22,20)	(22,21)	(22,22)	(22,23)	(22,24)	(22,25)	(23,12)	(23,19)	(23,20)	(23,21)	(23,22)	(23,23)	(23,24)	(23,25)	(24,19)	(24,20)	(24,21)	(24,22)	(24,23)	(24,24)	(24,25)	(25,18)	(25,26)	
(21,14):(12,6)	(12,13)	(13,6)	(13,7)	(13,13)	(13,14)	(14,6)	(14,7)	(14,8)	(14,9)	(14,10)	(14,11)	(14,12)	(14,13)	(14,14)	(15,7)	(15,8)	(15,9)	(15,10)	(15,11)	(15,12)	(15,13)	(15,14)	(16,8)	(16,9)	(16,10)	(16,11)	(16,12)	(16,13)	(16,14)	(17,9)	(17,10)	(17,11)	(17,12)	(17,13)	(17,14)	(18,9)	(18,10)	(18,11)	(18,12)	(18,13)	(19,10)	(19,11)	(19,12)	(19,13)	(20,12)	(20,13)	(21,13)	(21,14)	(21,24)	(22,13)	(22,14)	(22,15)	(22,16)	(22,17)	(22,18)	(22,19)	(22,20)	(22,21)	(22,22)	(22,23)	(22,24)	(22,25)	(23,12)	(23,19)	(23,20)	(23,21)	(23,22)	(23,23)	(23,24)	(23,25)	(24,22)	(24,23)	(24,24)	(24,25)	(25,26)	
(17,14):(12,13)	(12,16)	(13,6)	(13,7)	(13,13)	(13,14)	(13,15)	(14,6)	(14,7)	(14,8)	(14,9)	(14,10)	(14,11)	(14,12)	(14,13)	(14,14)	(14,15)	(15,6)	(15,7)	(15,8)	(15,9)	(15,10)	(15,11)	(15,12)	(15,13)	(15,14)	(15,15)	(16,8)	(16,9)	(16,10)	(16,11)	(16,12)	(16,13)	(16,14)	(16,15)	(17,9)	(17,10)	(17,11)	(17,12)	(17,13)	(17,14)	(17,16)	(18,9)	(18,10)	(18,11)	(18,12)	(18,13)	(19,9)	(19,10)	(19,11)	(19,12)	(19,13)	(20,8)	(20,12)	(20,13)	(21,13)	(21,14)	(22,13)	(22,14)	(23,12)	
(17,16):(12,13)	(12,16)	(13,6)	(13,7)	(13,13)	(13,14)	(13,15)	(14,6)	(14,7)	(14,8)	(14,9)	(14,10)	(14,11)	(14,12)	(14,13)	(14,14)	(14,15)	(15,6)	(15,7)	(15,8)	(15,9)	(15,10)	(15,11)	(15,12)	(15,13)	(15,14)	(15,15)	(16,8)	(16,9)	(16,10)	(16,11)	(16,12)	(16,13)	(16,14)	(16,15)	(17,9)	(17,10)	(17,11)	(17,12)	(17,13)	(17,14)	(17,16)	
(12,16):(12,13)	(12,16)	(13,13)	(13,14)	(13,15)	(14,10)	(14,11)	(14,12)	(14,13)	(14,14)	(14,15)	(15,7)	(15,8)	(15,9)	(15,10)	(15,11)	(15,12)	(15,13)	(15,14)	(15,15)	(16,5)	(16,8)	(16,9)	(16,10)	(16,11)	(16,12)	(16,13)	(16,14)	(16,15)	(17,9)	(17,10)	(17,11)	(17,12)	(17,13)	(17,14)	(17,16)	(18,9)	(18,10)	(18,11)	(18,12)	(18,13)	(19,9)	(19,10)	(19,11)	(19,12)	(19,13)	(20,8)	(20,12)	
(12,13):(12,13)	(12,16)	(13,13)	(13,14)	(13,15)	(14,13)	(14,14)	(14,15)	(15,13)	(15,14)	(15,15)	(16,13)	(16,14)	(16,15)	(17,13)	(17,14)	(17,16)	(18,13)	(19,13)	(20,13)	(21,13)	(21,14)	(22,13)	(22,14)	
(13,13):(12,13)	(12,16)	(13,6)	(13,7)	(13,13)	(13,14)	(13,15)	(14,6)	(14,7)	(14,8)	(14,9)	(14,10)	(14,11)	(14,12)	(14,13)	(14,14)	(14,15)	(15,6)	(15,7)	(15,8)	(15,9)	(15,10)	(15,11)	(15,12)	(15,13)	(15,14)	(15,15)	(16,5)	(16,8)	(16,9)	(16,10)	(16,11)	(16,12)	(16,13)	(16,14)	(16,15)	(17,9)	(17,10)	(17,11)	(17,12)	(17,13)	(17,14)	(17,16)	(18,9)	(18,10)	(18,11)	(18,12)	(18,13)	(19,9)	(19,10)	(19,11)	(19,12)	(19,13)	(20,8)	(20,12)	(20,13)	(21,13)	(21,14)	(22,13)	(22,14)	(23,12)	
(13,7):(2,6)	(2,7)	(3,6)	(3,7)	(4,6)	(4,7)	(5,6)	(5,7)	(6,7)	(7,6)	(7,7)	(8,5)	(8,6)	(8,7)	(9,5)	(9,6)	(9,7)	(10,6)	(10,7)	(11,6)	(12,6)	(13,6)	(13,7)	(13,13)	(13,14)	(13,15)	(14,6)	(14,7)	(14,8)	(14,9)	(14,10)	(14,11)	(14,12)	(14,13)	(14,14)	(14,15)	(15,6)	(15,7)	(15,8)	(15,9)	(15,10)	(15,11)	(15,12)	(15,13)	(15,14)	(15,15)	(16,5)	(16,8)	(16,9)	(16,10)	(16,11)	(16,12)	(16,13)	(16,14)	(16,15)	(17,9)	(17,10)	(17,11)	(17,12)	(17,13)	(17,14)	(17,16)	(18,9)	(18,10)	(18,11)	(18,12)	(18,13)	(19,9)	(19,10)	(19,11)	(19,12)	(19,13)	(20,12)	(20,13)	(21,13)	(21,14)	(22,14)	
(10,7):(1,10)	(2,6)	(2,7)	(2,8)	(2,9)	(3,6)	(3,7)	(3,8)	(3,9)	(3,10)	(3,11)	(4,6)	(4,7)	(4,8)	(4,9)	(4,10)	(4,11)	(5,6)	(5,7)	(5,8)	(5,9)	(5,10)	(5,11)	(5,12)	(6,7)	(6,8)	(6,9)	(6,10)	(6,11)	(7,3)	(7,6)	(7,7)	(7,8)	(7,9)	(7,10)	(8,3)	(8,4)	(8,5)	(8,6)	(8,7)	(8,8)	(8,9)	(9,5)	(9,6)	(9,7)	(9,8)	(10,6)	(10,7)	(10,9)	(11,6)	(12,6)	(13,6)	(13,7)	(14,6)	(14,7)	(15,6)	(15,7)	(16,5)	
(10,9):(1,4)	(2,5)	(2,6)	(2,7)	(2,8)	(2,9)	(3,5)	(3,6)	(3,7)	(3,8)	(3,9)	(4,6)	(4,7)	(4,8)	(4,9)	(5,6)	(5,7)	(5,8)	(5,9)	(6,7)	(6,8)	(6,9)	(7,3)	(7,6)	(7,7)	(7,8)	(7,9)	(8,3)	(8,4)	(8,5)	(8,6)	(8,7)	(8,8)	(8,9)	(9,5)	(9,6)	(9,7)	(9,8)	(10,6)	(10,7)	(10,9)	
(8,9):(1,4)	(1,10)	(2,5)	(2,6)	(2,7)	(2,8)	(2,9)	(3,5)	(3,6)	(3,7)	(3,8)	(3,9)	(3,10)	(3,11)	(4,5)	(4,6)	(4,7)	(4,8)	(4,9)	(4,10)	(4,11)	(4,15)	(5,6)	(5,7)	(5,8)	(5,9)	(5,10)	(5,11)	(5,12)	(5,13)	(5,14)	(6,7)	(6,8)	(6,9)	(6,10)	(6,11)	(6,12)	(6,13)	(6,14)	(7,3)	(7,6)	(7,7)	(7,8)	(7,9)	(7,10)	(7,11)	(7,12)	(7,13)	(7,14)	(8,3)	(8,4)	(8,5)	(8,6)	(8,7)	(8,8)	(8,9)	(8,15)	(9,2)	(9,5)	(9,6)	(9,7)	(9,8)	(10,6)	(10,7)	(10,9)	(11,6)	
(8,15):(1,4)	(2,5)	(2,6)	(2,7)	(2,8)	(2,9)	(3,5)	(3,6)	(3,7)	(3,8)	(3,9)	(3,10)	(4,5)	(4,6)	(4,7)	(4,8)	(4,9)	(4,10)	(4,11)	(4,15)	(5,6)	(5,7)	(5,8)	(5,9)	(5,10)	(5,11)	(5,12)	(5,13)	(5,14)	(6,7)	(6,8)	(6,9)	(6,10)	(6,11)	(6,12)	(6,13)	(6,14)	(7,3)	(7,6)	(7,7)	(7,8)	(7,9)	(7,10)	(7,11)	(7,12)	(7,13)	(7,14)	(8,3)	(8,4)	(8,5)	(8,6)	(8,7)	(8,8)	(8,9)	(8,15)	
(4,15):(4,5)	(4,6)	(4,7)	(4,8)	(4,9)	(4,10)	(4,11)	(4,15)	(5,4)	(5,6)	(5,7)	(5,8)	(5,9)	(5,10)	(5,11)	(5,12)	(5,13)	(5,14)	(6,7)	(6,8)	(6,9)	(6,10)	(6,11)	(6,12)	(6,13)	(6,14)	(7,6)	(7,7)	(7,8)	(7,9)	(7,10)	(7,11)	(7,12)	(7,13)	(7,14)	(8,3)	(8,4)	(8,5)	(8,6)	(8,7)	(8,8)	(8,9)	(8,15)	(9,2)	(9,5)	(9,6)	(9,7)	(10,6)	
(4,11):(1,4)	(2,5)	(2,6)	(2,7)	(2,8)	(2,9)	(3,5)	(3,6)	(3,7)	(3,8)	(3,9)	(3,10)	(3,11)	(4,5)	(4,6)	(4,7)	(4,8)	(4,9)	(4,10)	(4,11)	(4,15)	(5,4)	(5,6)	(5,7)	(5,8)	(5,9)	(5,10)	(5,11)	(5,12)	(5,13)	(5,14)	(6,7)	(6,8)	(6,9)	(6,10)	(6,11)	(6,12)	(6,13)	(6,14)	(7,6)	(7,7)	(7,8)	(7,9)	(7,10)	(7,11)	(7,12)	(7,13)	(7,14)	(8,5)	(8,6)	(8,7)	(8,8)	(8,9)	(8,15)	(9,5)	(9,6)	(9,7)	(9,8)	(10,6)	(10,7)	(11,6)	
(3,11):(3,5)	(3,6)	(3,7)	(3,8)	(3,9)	(3,10)	(3,11)	(4,5)	(4,6)	(4,7)	(4,8)	(4,9)	(4,10)	(4,11)	(5,4)	(5,6)	(5,7)	(5,8)	(5,9)	(5,10)	(5,11)	(6,7)	(6,8)	(6,9)	(6,10)	(6,11)	(7,6)	(7,7)	(7,8)	(7,9)	(7,10)	(7,11)	(8,5)	(8,6)	(8,7)	(8,8)	(8,9)	(9,5)	(9,6)	(9,7)	(9,8)	(10,6)	(10,7)	(11,6)	
(3,10):(1,4)	(1,10)	(2,5)	(2,6)	(2,7)	(2,8)	(2,9)	(3,5)	(3,6)	(3,7)	(3,8)	(3,9)	(3,10)	(3,11)	(4,5)	(4,6)	(4,7)	(4,8)	(4,9)	(4,10)	(4,11)	(5,4)	(5,6)	(5,7)	(5,8)	(5,9)	(5,10)	(5,11)	(5,12)	(6,7)	(6,8)	(6,9)	(6,10)	(6,11)	(6,12)	(6,13)	(7,6)	(7,7)	(7,8)	(7,9)	(7,10)	(7,11)	(7,12)	(7,13)	(7,14)	(8,5)	(8,6)	(8,7)	(8,8)	(8,9)	(8,15)	(9,5)	(9,6)	(9,7)	(9,8)	(10,6)	(10,7)	(11,6)	(12,6)	
(1,10):(1,4)	(1,10)	(2,5)	(2,6)	(2,7)	(2,8)	(2,9)	(3,5)	(3,6)	(3,7)	(3,8)	(3,9)	(3,10)	(4,5)	(4,6)	(4,7)	(4,8)	(4,9)	(4,10)	(5,4)	(5,6)	(5,7)	(5,8)	(5,9)	(5,10)	(6,7)	(6,8)	(6,9)	(6,10)	(7,6)	(7,7)	(7,8)	(7,9)	(7,10)	(8,6)	(8,7)	(8,8)	(8,9)	(9,5)	(9,6)	(9,7)	(9,8)	(10,6)	(10,7)	(11,6)	(12,6)	(13,6)	(16,5)	
(1,4):(1,4)	(1,10)	(2,5)	(2,6)	(2,7)	(2,8)	(2,9)	(3,5)	(3,6)	(3,7)	(3,8)	(3,9)	(3,10)	(4,5)	(4,6)	(4,7)	(4,8)	(4,9)	(4,10)	(4,11)	(5,4)	(5,6)	(5,7)	(5,8)	(5,9)	(5,10)	(5,11)	(5,12)	(5,13)	(6,7)	(6,8)	(6,9)	(6,10)	(6,11)	(6,12)	(6,13)	(6,14)	(7,7)	(7,8)	(7,9)	(7,10)	(7,11)	(7,12)	(7,13)	(7,14)	(8,8)	(8,9)	(8,15)	(9,8)	(10,9)	
(5,4):(1,4)	(1,10)	(2,5)	(2,6)	(2,7)	(2,8)	(2,9)	(3,5)	(3,6)	(3,7)	(3,8)	(3,9)	(3,10)	(3,11)	(4,5)	(4,6)	(4,7)	(4,8)	(4,9)	(4,10)	(4,11)	(4,15)	(5,4)	(5,6)	(5,7)	(5,8)	(5,9)	(5,10)	(5,11)	(5,12)	(5,13)	(5,14)	
(5,6):(1,4)	(1,10)	(2,5)	(2,6)	(2,7)	(2,8)	(2,9)	(3,5)	(3,6)	(3,7)	(3,8)	(3,9)	(3,10)	(3,11)	(4,5)	(4,6)	(4,7)	(4,8)	(4,9)	(4,10)	(4,11)	(4,15)	(5,4)	(5,6)	(5,7)	(5,8)	(5,9)	(5,10)	(5,11)	(5,12)	(5,13)	(5,14)	(6,7)	(6,8)	(6,9)	(6,10)	(6,11)	(6,12)	(6,13)	(6,14)	(7,6)	(7,7)	(7,8)	(7,9)	(7,10)	(7,11)	(7,12)	(7,13)	(7,14)	(8,6)	(8,7)	(8,8)	(8,9)	(8,15)	(9,6)	(9,7)	(9,8)	(10,6)	(10,7)	(10,9)	(11,6)	(12,6)	(13,6)	(13,7)	(14,6)	(14,7)	(15,6)	(15,7)	
(7,6):(1,10)	(2,6)	(2,7)	(2,8)	(2,9)	(3,6)	(3,7)	(3,8)	(3,9)	(3,10)	(3,11)	(4,6)	(4,7)	(4,8)	(4,9)	(4,10)	(4,11)	(4,15)	(5,6)	(5,7)	(5,8)	(5,9)	(5,10)	(5,11)	(5,12)	(5,13)	(5,14)	(6,7)	(6,8)	(6,9)	(6,10)	(6,11)	(6,12)	(6,13)	(6,14)	(7,3)	(7,6)	(7,7)	(7,8)	(7,9)	(7,10)	(7,11)	(7,12)	(7,13)	(7,14)	(8,3)	(8,4)	(8,5)	(8,6)	(8,7)	(8,8)	(8,9)	(8,15)	(9,2)	(9,5)	(9,6)	(9,7)	(9,8)	(10,6)	(10,7)	(10,9)	(11,6)	(12,6)	(13,6)	(13,7)	(14,6)	(14,7)	(15,6)	(15,7)	(16,5)	
(7,3):(2,1)	(2,3)	(3,2)	(4,2)	(5,2)	(6,2)	(7,3)	(7,6)	(7,7)	(7,8)	(7,9)	(7,10)	(7,11)	(7,12)	(7,13)	(7,14)	(8,3)	(8,4)	(8,5)	(8,6)	(8,7)	(8,8)	(8,9)	(8,15)	(9,2)	(9,5)	(9,6)	(9,7)	(9,8)	(10,6)	(10,7)	(10,9)	
(2,3):(2,1)	(2,3)	(3,2)	(4,2)	(5,2)	(6,1)	(6,2)	(7,3)	(8,3)	(9,2)	
(2,1):(2,1)	(2,3)	(3,2)	(4,2)	(5,2)	(6,1)	(6,2)	(7,3)	(8,3)	
(6,1):(2,1)	(2,3)	(3,2)	(4,2)	(5,2)	(6,1)	(6,2)	
(6,2):(2,1)	(2,3)	(3,2)	(4,2)	(5,2)	(6,1)	(6,2)	(7,3)	(8,3)	(8,4)	(9,2)	(9,5)	
(9,2):(2,3)	(3,2)	(4,2)	(4,15)	(5,2)	(5,10)	(5,11)	(5,12)	(5,13)	(5,14)	(6,2)	(6,8)	(6,9)	(6,10)	(6,11)	(6,12)	(6,13)	(6,14)	(7,3)	(7,6)	(7,7)	(7,8)	(7,9)	(7,10)	(7,11)	(7,12)	(7,13)	(7,14)	(8,3)	(8,4)	(8,5)	(8,6)	(8,7)	(8,8)	(8,9)	(9,2)	(9,5)	(9,6)	(9,7)	(9,8)	
(9,5):(1,10)	(2,9)	(3,8)	(3,9)	(3,10)	(3,11)	(4,8)	(4,9)	(4,10)	(4,11)	(4,15)	(5,7)	(5,8)	(5,9)	(5,10)	(5,11)	(5,12)	(5,13)	(5,14)	(6,2)	(6,7)	(6,8)	(6,9)	(6,10)	(6,11)	(6,12)	(6,13)	(6,14)	(7,3)	(7,6)	(7,7)	(7,8)	(7,9)	(7,10)	(7,11)	(7,12)	(7,13)	(8,3)	(8,4)	(8,5)	(8,6)	(8,7)	(8,8)	(8,9)	(9,2)	(9,5)	(9,6)	(9,7)	(9,8)	(10,6)	(10,7)	(10,9)	(11,6)	(12,6)	(13,6)	(13,7)	(14,6)	(14,7)	(15,6)	(15,7)	(15,8)	(16,5)	(16,8)	(17,9)	(18,9)	(19,10)	
(16,5):(1,10)	(2,7)	(2,8)	(2,9)	(3,7)	(3,8)	(3,9)	(4,7)	(4,8)	(4,9)	(5,7)	(5,8)	(6,7)	(6,8)	(7,6)	(7,7)	(7,8)	(8,5)	(8,6)	(8,7)	(9,5)	(9,6)	(9,7)	(10,6)	(10,7)	(11,6)	(12,6)	(12,16)	(13,6)	(13,7)	(13,13)	(13,14)	(13,15)	(14,6)	(14,7)	(14,8)	(14,9)	(14,10)	(14,11)	(14,12)	(14,13)	(14,14)	(14,15)	(15,6)	(15,7)	(15,8)	(15,9)	(15,10)	(15,11)	(15,12)	(15,13)	(15,14)	(15,15)	(16,5)	(16,8)	(16,9)	(16,10)	(16,11)	(16,12)	(16,13)	(16,14)	(16,15)	
(16,8):(8,5)	(9,5)	(10,6)	(11,6)	(12,6)	(12,16)	(13,6)	(13,7)	(13,13)	(13,14)	(13,15)	(14,6)	(14,7)	(14,8)	(14,9)	(14,10)	(14,11)	(14,12)	(14,13)	(14,14)	(14,15)	(15,6)	(15,7)	(15,8)	(15,9)	(15,10)	(15,11)	(15,12)	(15,13)	(15,14)	(15,15)	(16,5)	(16,8)	(16,9)	(16,10)	(16,11)	(16,12)	(16,13)	(16,14)	(16,15)	(17,9)	(17,10)	(17,11)	(17,12)	(17,13)	(17,14)	(17,16)	(18,9)	(18,10)	(18,11)	(18,12)	(18,13)	(19,9)	(19,10)	(19,11)	(19,12)	(19,13)	(20,8)	(20,12)	(20,13)	(21,13)	(21,14)	(22,14)	(22,15)	
(20,8):(12,16)	(13,13)	(13,14)	(13,15)	(14,8)	(14,9)	(14,10)	(14,11)	(14,12)	(14,13)	(14,14)	(14,15)	(15,8)	(15,9)	(15,10)	(15,11)	(15,12)	(15,13)	(15,14)	(15,15)	(16,8)	(16,9)	(16,10)	(16,11)	(16,12)	(16,13)	(16,14)	(16,15)	(17,9)	(17,10)	(17,11)	(17,12)	(17,13)	(17,14)	(18,9)	(18,10)	(18,11)	(18,12)	(18,13)	(19,9)	(19,10)	(19,11)	(19,12)	(19,13)	(20,8)	(20,12)	(20,13)	
(20,12):(12,6)	(12,16)	(13,6)	(13,7)	(13,13)	(13,14)	(13,15)	(14,6)	(14,7)	(14,8)	(14,9)	(14,10)	(14,11)	(14,12)	(14,13)	(14,14)	(14,15)	(15,7)	(15,8)	(15,9)	(15,10)	(15,11)	(15,12)	(15,13)	(15,14)	(15,15)	(16,8)	(16,9)	(16,10)	(16,11)	(16,12)	(16,13)	(16,14)	(17,9)	(17,10)	(17,11)	(17,12)	(17,13)	(17,14)	(18,9)	(18,10)	(18,11)	(18,12)	(18,13)	(19,9)	(19,10)	(19,11)	(19,12)	(19,13)	(20,8)	(20,12)	(20,13)	(21,13)	(21,14)	(22,13)	(22,14)	(22,15)	(22,16)	(23,12)	
(23,12):(13,13)	(13,14)	(13,15)	(14,12)	(14,13)	(14,14)	(14,15)	(15,12)	(15,13)	(15,14)	(16,12)	(16,13)	(16,14)	(17,12)	(17,13)	(17,14)	(18,12)	(18,13)	(19,12)	(19,13)	(20,12)	(20,13)	(21,13)	(21,14)	(21,24)	(22,13)	(22,14)	(22,15)	(22,16)	(22,17)	(22,18)	(22,19)	(22,20)	(22,21)	(22,22)	(22,23)	(22,24)	(22,25)	(22,26)	(23,12)	(23,19)	(23,20)	(23,21)	(23,22)	(23,23)	(23,24)	(23,25)	
(23,19):(21,13)	(21,14)	(21,24)	(22,13)	(22,14)	(22,15)	(22,16)	(22,17)	(22,18)	(22,19)	(22,20)	(22,21)	(22,22)	(22,23)	(22,24)	(22,25)	(22,26)	(23,12)	(23,19)	(23,20)	(23,21)	(23,22)	(23,23)	(23,24)	(23,25)	(24,19)	(24,20)	(24,21)	(24,22)	(24,23)	(24,24)	(24,25)	(25,26)	
(24,19):(21,24)	(22,19)	(22,20)	(22,21)	(22,22)	(22,23)	(22,24)	(22,25)	(22,26)	(23,19)	(23,20)	(23,21)	(23,22)	(23,23)	(23,24)	(23,25)	(24,17)	(24,19)	(24,20)	(24,21)	(24,22)	(24,23)	(24,24)	(24,25)	(25,18)	(25,26)	(26,17)	
(24,17):(24,17)	(24,19)	(24,20)	(24,21)	(24,22)	(24,23)	(24,24)	(24,25)	(25,18)	(25,26)	(26,17)	(26,18)	
(26,17):(24,17)	(24,19)	(25,18)	(26,17)	(26,18)	
(26,18):(24,17)	(25,18)	(26,17)	(26,18)	
(25,18):25.833334
(25,26):37.166668
(22,26):29.616072
(22,25):51.753246
(15,25):19.833334
(15,23):15.952381
(14,23):5.125000
(14,22):12.250000
(18,22):15.250000
(18,21):12.166667
(11,21):8.000000
(11,20):8.071428
(19,20):14.250000
(19,24):22.541666
(21,24):47.633335
(21,14):84.490257
(17,14):68.392860
(17,16):44.326389
(12,16):50.333332
(12,13):21.222221
(13,13):68.250000
(13,7):80.869049
(10,7):59.724998
(10,9):39.791668
(8,9):72.083336
(8,15):57.875000
(4,15):47.666668
(4,11):67.333336
(3,11):41.200001
(3,10):62.266666
(1,10):50.047619
(1,4):53.154762
(5,4):30.000000
(5,6):69.562500
(7,6):76.750000
(7,3):32.500000
(2,3):11.000000
(2,1):10.675000
(6,1):8.000000
(6,2):13.000000
(9,2):40.428570
(9,5):67.821426
(16,5):64.166664
(16,8):71.923813
(20,8):51.642857
(20,12):67.228569
(23,12):48.200001
(23,19):42.000000
(24,19):29.799999
(24,17):10.000000
(26,17):2.500000
(26,18):2.000000
(25,18),(25,26):24.454546
(25,18),(22,26):20.616072
(25,18),(22,25):24.380953
(25,18),(15,25):5.666667
(25,18),(15,23):1.547619
(25,18),(14,23):0.000000
(25,18),(14,22):0.214912
(25,18),(18,22):0.000000
(25,18),(18,21):0.000000
(25,18),(11,21):0.000000
(25,18),(11,20):0.000000
(25,18),(19,20):0.000000
(25,18),(19,24):5.833333
(25,18),(21,24):23.466667
(25,18),(21,14):17.811687
(25,18),(17,14):0.000000
(25,18),(17,16):0.000000
(25,18),(12,16):0.000000
(25,18),(12,13):0.000000
(25,18),(13,13):0.000000
(25,18),(13,7):0.000000
(25,18),(10,7):0.000000
(25,18),(10,9):0.000000
(25,18),(8,9):0.000000
(25,18),(8,15):0.000000
(25,18),(4,15):0.000000
(25,18),(4,11):0.000000
(25,18),(3,11):0.000000
(25,18),(3,10):0.000000
(25,18),(1,10):0.000000
(25,18),(1,4):0.000000
(25,18),(5,4):0.000000
(25,18),(5,6):0.000000
(25,18),(7,6):0.000000
(25,18),(7,3):0.000000
(25,18),(2,3):0.000000
(25,18),(2,1):0.000000
(25,18),(6,1):0.000000
(25,18),(6,2):0.000000
(25,18),(9,2):0.000000
(25,18),(9,5):0.000000
(25,18),(16,5):0.000000
(25,18),(16,8):0.000000
(25,18),(20,8):0.000000
(25,18),(20,12):0.000000
(25,18),(23,12):9.083333
(25,18),(23,19):22.700001
(25,18),(24,19):25.299999
(25,18),(24,17):10.000000
(25,18),(26,17):2.500000
(25,18),(26,18):2.000000
(25,26),(22,26):24.178572
(25,26),(22,25):36.015152
(25,26),(15,25):5.833333
(25,26),(15,23):1.285714
(25,26),(14,23):0.000000
(25,26),(14,22):0.000000
(25,26),(18,22):0.000000
(25,26),(18,21):0.000000
(25,26),(11,21):0.000000
(25,26),(11,20):0.000000
(25,26),(19,20):0.000000
(25,26),(19,24):6.000000
(25,26),(21,24):34.833332
(25,26),(21,14):29.454546
(25,26),(17,14):1.238095
(25,26),(17,16):0.000000
(25,26),(12,16):0.310709
(25,26),(12,13):0.613973
(25,26),(13,13):1.259259
(25,26),(13,7):1.031937
(25,26),(10,7):0.000000
(25,26),(10,9):0.000000
(25,26),(8,9):0.000000
(25,26),(8,15):0.000000
(25,26),(4,15):0.000000
(25,26),(4,11):0.000000
(25,26),(3,11):0.000000
(25,26),(3,10):0.000000
(25,26),(1,10):0.000000
(25,26),(1,4):0.000000
(25,26),(5,4):0.000000
(25,26),(5,6):0.000000
(25,26),(7,6):0.000000
(25,26),(7,3):0.000000
(25,26),(2,3):0.000000
(25,26),(2,1):0.000000
(25,26),(6,1):0.000000
(25,26),(6,2):0.000000
(25,26),(9,2):0.000000
(25,26),(9,5):0.000000
(25,26),(16,5):0.000000
(25,26),(16,8):0.919565
(25,26),(20,8):0.000000
(25,26),(20,12):2.000000
(25,26),(23,12):20.535088
(25,26),(23,19):34.578430
(25,26),(24,19):28.944445
(25,26),(24,17):9.000000
(25,26),(26,17):1.500000
(25,26),(26,18):1.000000
(22,26),(22,25):29.520834
(22,26),(15,25):4.250000
(22,26),(15,23):0.910714
(22,26),(14,23):0.000000
(22,26),(14,22):0.000000
(22,26),(18,22):0.000000
(22,26),(18,21):0.000000
(22,26),(11,21):0.000000
(22,26),(11,20):0.000000
(22,26),(19,20):0.000000
(22,26),(19,24):4.500000
(22,26),(21,24):28.487499
(22,26),(21,14):22.954546
(22,26),(17,14):2.000000
(22,26),(17,16):0.000000
(22,26),(12,16):0.000000
(22,26),(12,13):1.166667
(22,26),(13,13):2.187500
(22,26),(13,7):1.526786
(22,26),(10,7):0.000000
(22,26),(10,9):0.000000
(22,26),(8,9):0.000000
(22,26),(8,15):0.000000
(22,26),(4,15):0.000000
(22,26),(4,11):0.000000
(22,26),(3,11):0.000000
(22,26),(3,10):0.000000
(22,26),(1,10):0.000000
(22,26),(1,4):0.000000
(22,26),(5,4):0.000000
(22,26),(5,6):0.000000
(22,26),(7,6):0.000000
(22,26),(7,3):0.000000
(22,26),(2,3):0.000000
(22,26),(2,1):0.000000
(22,26),(6,1):0.000000
(22,26),(6,2):0.000000
(22,26),(9,2):0.000000
(22,26),(9,5):0.000000
(22,26),(16,5):0.000000
(22,26),(16,8):1.300000
(22,26),(20,8):0.000000
(22,26),(20,12):5.000000
(22,26),(23,12):14.000000
(22,26),(23,19):28.000000
(22,26),(24,19):22.616072
(22,26),(24,17):8.616072
(22,26),(26,17):1.116071
(22,26),(26,18):0.758929
(22,25),(15,25):14.000000
(22,25),(15,23):9.809524
(22,25),(14,23):0.523810
(22,25),(14,22):6.273809
(22,25),(18,22):7.273809
(22,25),(18,21):1.333333
(22,25),(11,21):0.000000
(22,25),(11,20):0.000000
(22,25),(19,20):2.821429
(22,25),(19,24):14.523809
(22,25),(21,24):47.514286
(22,25),(21,14):36.136364
(22,25),(17,14):4.181818
(22,25),(17,16):0.000000
(22,25),(12,16):0.269537
(22,25),(12,13):2.267677
(22,25),(13,13):4.431818
(22,25),(13,7):2.973214
(22,25),(10,7):0.000000
(22,25),(10,9):0.000000
(22,25),(8,9):0.000000
(22,25),(8,15):0.000000
(22,25),(4,15):0.000000
(22,25),(4,11):0.000000
(22,25),(3,11):0.000000
(22,25),(3,10):0.000000
(22,25),(1,10):0.000000
(22,25),(1,4):0.000000
(22,25),(5,4):0.000000
(22,25),(5,6):0.000000
(22,25),(7,6):0.000000
(22,25),(7,3):0.000000
(22,25),(2,3):0.000000
(22,25),(2,1):0.000000
(22,25),(6,1):0.000000
(22,25),(6,2):0.000000
(22,25),(9,2):0.000000
(22,25),(9,5):0.000000
(22,25),(16,5):0.000000
(22,25),(16,8):2.450000
(22,25),(20,8):0.000000
(22,25),(20,12):8.181818
(22,25),(23,12):27.265152
(22,25),(23,19):41.381817
(22,25),(24,19):28.847618
(22,25),(24,17):8.547619
(22,25),(26,17):1.047619
(22,25),(26,18):0.714286
(15,25),(15,23):14.166667
(15,25),(14,23):4.125000
(15,25),(14,22):11.250000
(15,25),(18,22):12.750000
(15,25),(18,21):3.666667
(15,25),(11,21):0.000000
(15,25),(11,20):0.008929
(15,25),(19,20):5.750000
(15,25),(19,24):18.500000
(15,25),(21,24):11.333333
(15,25),(21,14):5.250000
(15,25),(17,14):0.000000
(15,25),(17,16):0.000000
(15,25),(12,16):0.000000
(15,25),(12,13):0.000000
(15,25),(13,13):0.000000
(15,25),(13,7):0.000000
(15,25),(10,7):0.000000
(15,25),(10,9):0.000000
(15,25),(8,9):0.000000
(15,25),(8,15):0.000000
(15,25),(4,15):0.000000
(15,25),(4,11):0.000000
(15,25),(3,11):0.000000
(15,25),(3,10):0.000000
(15,25),(1,10):0.000000
(15,25),(1,4):0.000000
(15,25),(5,4):0.000000
(15,25),(5,6):0.000000
(15,25),(7,6):0.000000
(15,25),(7,3):0.000000
(15,25),(2,3):0.000000
(15,25),(2,1):0.000000
(15,25),(6,1):0.000000
(15,25),(6,2):0.000000
(15,25),(9,2):0.000000
(15,25),(9,5):0.000000
(15,25),(16,5):0.000000
(15,25),(16,8):0.000000
(15,25),(20,8):0.000000
(15,25),(20,12):0.000000
(15,25),(23,12):2.416667
(15,25),(23,19):5.533333
(15,25),(24,19):5.633333
(15,25),(24,17):1.583333
(15,25),(26,17):0.000000
(15,25),(26,18):0.000000
(15,23),(14,23):5.125000
(15,23),(14,22):12.250000
(15,23),(18,22):13.416667
(15,23),(18,21):3.333333
(15,23),(11,21):0.000000
(15,23),(11,20):0.000000
(15,23),(19,20):5.416667
(15,23),(19,24):15.827381
(15,23),(21,24):6.785714
(15,23),(21,14):1.285714
(15,23),(17,14):0.000000
(15,23),(17,16):0.000000
(15,23),(12,16):0.000000
(15,23),(12,13):0.000000
(15,23),(13,13):0.000000
(15,23),(13,7):0.000000
(15,23),(10,7):0.000000
(15,23),(10,9):0.000000
(15,23),(8,9):0.000000
(15,23),(8,15):0.000000
(15,23),(4,15):0.000000
(15,23),(4,11):0.000000
(15,23),(3,11):0.000000
(15,23),(3,10):0.000000
(15,23),(1,10):0.000000
(15,23),(1,4):0.000000
(15,23),(5,4):0.000000
(15,23),(5,6):0.000000
(15,23),(7,6):0.000000
(15,23),(7,3):0.000000
(15,23),(2,3):0.000000
(15,23),(2,1):0.000000
(15,23),(6,1):0.000000
(15,23),(6,2):0.000000
(15,23),(9,2):0.000000
(15,23),(9,5):0.000000
(15,23),(16,5):0.000000
(15,23),(16,8):0.000000
(15,23),(20,8):0.000000
(15,23),(20,12):0.000000
(15,23),(23,12):0.706190
(15,23),(23,19):1.440260
(15,23),(24,19):1.520497
(15,23),(24,17):0.339286
(15,23),(26,17):0.000000
(15,23),(26,18):0.000000
(14,23),(14,22):5.000000
(14,23),(18,22):5.125000
(14,23),(18,21):1.125000
(14,23),(11,21):0.000000
(14,23),(11,20):0.000000
(14,23),(19,20):1.375000
(14,23),(19,24):5.000000
(14,23),(21,24):0.000000
(14,23),(21,14):0.000000
(14,23),(17,14):0.000000
(14,23),(17,16):0.000000
(14,23),(12,16):0.000000
(14,23),(12,13):0.000000
(14,23),(13,13):0.000000
(14,23),(13,7):0.000000
(14,23),(10,7):0.000000
(14,23),(10,9):0.000000
(14,23),(8,9):0.000000
(14,23),(8,15):0.000000
(14,23),(4,15):0.000000
(14,23),(4,11):0.000000
(14,23),(3,11):0.000000
(14,23),(3,10):0.000000
(14,23),(1,10):0.000000
(14,23),(1,4):0.000000
(14,23),(5,4):0.000000
(14,23),(5,6):0.000000
(14,23),(7,6):0.000000
(14,23),(7,3):0.000000
(14,23),(2,3):0.000000
(14,23),(2,1):0.000000
(14,23),(6,1):0.000000
(14,23),(6,2):0.000000
(14,23),(9,2):0.000000
(14,23),(9,5):0.000000
(14,23),(16,5):0.000000
(14,23),(16,8):0.000000
(14,23),(20,8):0.000000
(14,23),(20,12):0.000000
(14,23),(23,12):0.000000
(14,23),(23,19):0.000000
(14,23),(24,19):0.000000
(14,23),(24,17):0.000000
(14,23),(26,17):0.000000
(14,23),(26,18):0.000000
(14,22),(18,22):11.250000
(14,22),(18,21):3.166667
(14,22),(11,21):0.000000
(14,22),(11,20):0.000000
(14,22),(19,20):5.166667
(14,22),(19,24):12.125000
(14,22),(21,24):3.750000
(14,22),(21,14):0.050000
(14,22),(17,14):0.000000
(14,22),(17,16):0.000000
(14,22),(12,16):0.000000
(14,22),(12,13):0.000000
(14,22),(13,13):0.000000
(14,22),(13,7):0.000000
(14,22),(10,7):0.000000
(14,22),(10,9):0.000000
(14,22),(8,9):0.000000
(14,22),(8,15):0.000000
(14,22),(4,15):0.000000
(14,22),(4,11):0.000000
(14,22),(3,11):0.000000
(14,22),(3,10):0.000000
(14,22),(1,10):0.000000
(14,22),(1,4):0.000000
(14,22),(5,4):0.000000
(14,22),(5,6):0.000000
(14,22),(7,6):0.000000
(14,22),(7,3):0.000000
(14,22),(2,3):0.000000
(14,22),(2,1):0.000000
(14,22),(6,1):0.000000
(14,22),(6,2):0.000000
(14,22),(9,2):0.000000
(14,22),(9,5):0.000000
(14,22),(16,5):0.000000
(14,22),(16,8):0.000000
(14,22),(20,8):0.000000
(14,22),(20,12):0.000000
(14,22),(23,12):0.083333
(14,22),(23,19):0.139655
(14,22),(24,19):0.195161
(14,22),(24,17):0.000000
(14,22),(26,17):0.000000
(14,22),(26,18):0.000000
(18,22),(18,21):5.166667
(18,22),(11,21):1.000000
(18,22),(11,20):1.071429
(18,22),(19,20):7.250000
(18,22),(19,24):15.125000
(18,22),(21,24):4.250000
(18,22),(21,14):0.000000
(18,22),(17,14):0.000000
(18,22),(17,16):0.000000
(18,22),(12,16):0.000000
(18,22),(12,13):0.000000
(18,22),(13,13):0.000000
(18,22),(13,7):0.000000
(18,22),(10,7):0.000000
(18,22),(10,9):0.000000
(18,22),(8,9):0.000000
(18,22),(8,15):0.000000
(18,22),(4,15):0.000000
(18,22),(4,11):0.000000
(18,22),(3,11):0.000000
(18,22),(3,10):0.000000
(18,22),(1,10):0.000000
(18,22),(1,4):0.000000
(18,22),(5,4):0.000000
(18,22),(5,6):0.000000
(18,22),(7,6):0.000000
(18,22),(7,3):0.000000
(18,22),(2,3):0.000000
(18,22),(2,1):0.000000
(18,22),(6,1):0.000000
(18,22),(6,2):0.000000
(18,22),(9,2):0.000000
(18,22),(9,5):0.000000
(18,22),(16,5):0.000000
(18,22),(16,8):0.000000
(18,22),(20,8):0.000000
(18,22),(20,12):0.000000
(18,22),(23,12):0.000000
(18,22),(23,19):0.000000
(18,22),(24,19):0.000000
(18,22),(24,17):0.000000
(18,22),(26,17):0.000000
(18,22),(26,18):0.000000
(18,21),(11,21):8.000000
(18,21),(11,20):8.071428
(18,21),(19,20):12.000000
(18,21),(19,24):5.333333
(18,21),(21,24):1.166667
(18,21),(21,14):0.000000
(18,21),(17,14):0.000000
(18,21),(17,16):0.000000
(18,21),(12,16):0.000000
(18,21),(12,13):0.000000
(18,21),(13,13):0.000000
(18,21),(13,7):0.000000
(18,21),(10,7):0.000000
(18,21),(10,9):0.000000
(18,21),(8,9):0.000000
(18,21),(8,15):0.000000
(18,21),(4,15):0.000000
(18,21),(4,11):0.000000
(18,21),(3,11):0.000000
(18,21),(3,10):0.000000
(18,21),(1,10):0.000000
(18,21),(1,4):0.000000
(18,21),(5,4):0.000000
(18,21),(5,6):0.000000
(18,21),(7,6):0.000000
(18,21),(7,3):0.000000
(18,21),(2,3):0.000000
(18,21),(2,1):0.000000
(18,21),(6,1):0.000000
(18,21),(6,2):0.000000
(18,21),(9,2):0.000000
(18,21),(9,5):0.000000
(18,21),(16,5):0.000000
(18,21),(16,8):0.000000
(18,21),(20,8):0.000000
(18,21),(20,12):0.000000
(18,21),(23,12):0.000000
(18,21),(23,19):0.000000
(18,21),(24,19):0.000000
(18,21),(24,17):0.000000
(18,21),(26,17):0.000000
(18,21),(26,18):0.000000
(11,21),(11,20):8.000000
(11,21),(19,20):8.000000
(11,21),(19,24):1.166667
(11,21),(21,24):0.000000
(11,21),(21,14):0.000000
(11,21),(17,14):0.000000
(11,21),(17,16):0.000000
(11,21),(12,16):0.000000
(11,21),(12,13):0.000000
(11,21),(13,13):0.000000
(11,21),(13,7):0.000000
(11,21),(10,7):0.000000
(11,21),(10,9):0.000000
(11,21),(8,9):0.000000
(11,21),(8,15):0.000000
(11,21),(4,15):0.000000
(11,21),(4,11):0.000000
(11,21),(3,11):0.000000
(11,21),(3,10):0.000000
(11,21),(1,10):0.000000
(11,21),(1,4):0.000000
(11,21),(5,4):0.000000
(11,21),(5,6):0.000000
(11,21),(7,6):0.000000
(11,21),(7,3):0.000000
(11,21),(2,3):0.000000
(11,21),(2,1):0.000000
(11,21),(6,1):0.000000
(11,21),(6,2):0.000000
(11,21),(9,2):0.000000
(11,21),(9,5):0.000000
(11,21),(16,5):0.000000
(11,21),(16,8):0.000000
(11,21),(20,8):0.000000
(11,21),(20,12):0.000000
(11,21),(23,12):0.000000
(11,21),(23,19):0.000000
(11,21),(24,19):0.000000
(11,21),(24,17):0.000000
(11,21),(26,17):0.000000
(11,21),(26,18):0.000000
(11,20),(19,20):8.071428
(11,20),(19,24):1.238095
(11,20),(21,24):0.000000
(11,20),(21,14):0.000000
(11,20),(17,14):0.000000
(11,20),(17,16):0.000000
(11,20),(12,16):0.000000
(11,20),(12,13):0.000000
(11,20),(13,13):0.000000
(11,20),(13,7):0.000000
(11,20),(10,7):0.000000
(11,20),(10,9):0.000000
(11,20),(8,9):0.000000
(11,20),(8,15):0.000000
(11,20),(4,15):0.000000
(11,20),(4,11):0.000000
(11,20),(3,11):0.000000
(11,20),(3,10):0.000000
(11,20),(1,10):0.000000
(11,20),(1,4):0.000000
(11,20),(5,4):0.000000
(11,20),(5,6):0.000000
(11,20),(7,6):0.000000
(11,20),(7,3):0.000000
(11,20),(2,3):0.000000
(11,20),(2,1):0.000000
(11,20),(6,1):0.000000
(11,20),(6,2):0.000000
(11,20),(9,2):0.000000
(11,20),(9,5):0.000000
(11,20),(16,5):0.000000
(11,20),(16,8):0.000000
(11,20),(20,8):0.000000
(11,20),(20,12):0.000000
(11,20),(23,12):0.000000
(11,20),(23,19):0.000000
(11,20),(24,19):0.000000
(11,20),(24,17):0.000000
(11,20),(26,17):0.000000
(11,20),(26,18):0.000000
(19,20),(19,24):7.416667
(19,20),(21,24):2.250000
(19,20),(21,14):0.000000
(19,20),(17,14):0.000000
(19,20),(17,16):0.000000
(19,20),(12,16):0.000000
(19,20),(12,13):0.000000
(19,20),(13,13):0.000000
(19,20),(13,7):0.000000
(19,20),(10,7):0.000000
(19,20),(10,9):0.000000
(19,20),(8,9):0.000000
(19,20),(8,15):0.000000
(19,20),(4,15):0.000000
(19,20),(4,11):0.000000
(19,20),(3,11):0.000000
(19,20),(3,10):0.000000
(19,20),(1,10):0.000000
(19,20),(1,4):0.000000
(19,20),(5,4):0.000000
(19,20),(5,6):0.000000
(19,20),(7,6):0.000000
(19,20),(7,3):0.000000
(19,20),(2,3):0.000000
(19,20),(2,1):0.000000
(19,20),(6,1):0.000000
(19,20),(6,2):0.000000
(19,20),(9,2):0.000000
(19,20),(9,5):0.000000
(19,20),(16,5):0.000000
(19,20),(16,8):0.000000
(19,20),(20,8):0.000000
(19,20),(20,12):0.000000
(19,20),(23,12):0.000000
(19,20),(23,19):0.000000
(19,20),(24,19):0.000000
(19,20),(24,17):0.000000
(19,20),(26,17):0.000000
(19,20),(26,18):0.000000
(19,24),(21,24):11.500000
(19,24),(21,14):5.500000
(19,24),(17,14):0.000000
(19,24),(17,16):0.000000
(19,24),(12,16):0.000000
(19,24),(12,13):0.000000
(19,24),(13,13):0.000000
(19,24),(13,7):0.000000
(19,24),(10,7):0.000000
(19,24),(10,9):0.000000
(19,24),(8,9):0.000000
(19,24),(8,15):0.000000
(19,24),(4,15):0.000000
(19,24),(4,11):0.000000
(19,24),(3,11):0.000000
(19,24),(3,10):0.000000
(19,24),(1,10):0.000000
(19,24),(1,4):0.000000
(19,24),(5,4):0.000000
(19,24),(5,6):0.000000
(19,24),(7,6):0.000000
(19,24),(7,3):0.000000
(19,24),(2,3):0.000000
(19,24),(2,1):0.000000
(19,24),(6,1):0.000000
(19,24),(6,2):0.000000
(19,24),(9,2):0.000000
(19,24),(9,5):0.000000
(19,24),(16,5):0.000000
(19,24),(16,8):0.000000
(19,24),(20,8):0.000000
(19,24),(20,12):0.000000
(19,24),(23,12):2.250000
(19,24),(23,19):5.700000
(19,24),(24,19):5.800000
(19,24),(24,17):1.833333
(19,24),(26,17):0.000000
(19,24),(26,18):0.000000
(21,24),(21,14):35.500000
(21,24),(17,14):4.000000
(21,24),(17,16):0.000000
(21,24),(12,16):0.200000
(21,24),(12,13):2.222222
(21,24),(13,13):4.250000
(21,24),(13,7):2.892857
(21,24),(10,7):0.000000
(21,24),(10,9):0.000000
(21,24),(8,9):0.000000
(21,24),(8,15):0.000000
(21,24),(4,15):0.000000
(21,24),(4,11):0.000000
(21,24),(3,11):0.000000
(21,24),(3,10):0.000000
(21,24),(1,10):0.000000
(21,24),(1,4):0.000000
(21,24),(5,4):0.000000
(21,24),(5,6):0.000000
(21,24),(7,6):0.000000
(21,24),(7,3):0.000000
(21,24),(2,3):0.000000
(21,24),(2,1):0.000000
(21,24),(6,1):0.000000
(21,24),(6,2):0.000000
(21,24),(9,2):0.000000
(21,24),(9,5):0.000000
(21,24),(16,5):0.000000
(21,24),(16,8):2.400000
(21,24),(20,8):0.000000
(21,24),(20,12):8.000000
(21,24),(23,12):26.583334
(21,24),(23,19):40.700001
(21,24),(24,19):27.933332
(21,24),(24,17):8.133333
(21,24),(26,17):0.633333
(21,24),(26,18):0.433333
(21,14),(17,14):51.392857
(21,14),(17,16):31.138889
(21,14),(12,16):34.595238
(21,14),(12,13):11.222222
(21,14),(13,13):50.500000
(21,14),(13,7):49.271427
(21,14),(10,7):4.952381
(21,14),(10,9):0.000000
(21,14),(8,9):0.385714
(21,14),(8,15):0.000000
(21,14),(4,15):0.000000
(21,14),(4,11):0.988417
(21,14),(3,11):1.341270
(21,14),(3,10):2.031989
(21,14),(1,10):2.556704
(21,14),(1,4):0.000000
(21,14),(5,4):0.000000
(21,14),(5,6):2.648948
(21,14),(7,6):5.406682
(21,14),(7,3):0.000000
(21,14),(2,3):0.000000
(21,14),(2,1):0.000000
(21,14),(6,1):0.000000
(21,14),(6,2):0.000000
(21,14),(9,2):0.000000
(21,14),(9,5):8.444805
(21,14),(16,5):25.723215
(21,14),(16,8):49.735714
(21,14),(20,8):38.642857
(21,14),(20,12):55.714287
(21,14),(23,12):43.904545
(21,14),(23,19):36.754547
(21,14),(24,19):21.954546
(21,14),(24,17):3.250000
(21,14),(26,17):0.000000
(21,14),(26,18):0.000000
(17,14),(17,16):44.138889
(17,14),(12,16):49.611111
(17,14),(12,13):21.000000
(17,14),(13,13):67.250000
(17,14),(13,7):59.526192
(17,14),(10,7):6.476191
(17,14),(10,9):0.000000
(17,14),(8,9):0.006494
(17,14),(8,15):0.000000
(17,14),(4,15):0.000000
(17,14),(4,11):0.315271
(17,14),(3,11):0.581319
(17,14),(3,10):1.358704
(17,14),(1,10):2.363384
(17,14),(1,4):0.000000
(17,14),(5,4):0.000000
(17,14),(5,6):3.548126
(17,14),(7,6):7.164286
(17,14),(7,3):0.000000
(17,14),(2,3):0.000000
(17,14),(2,1):0.000000
(17,14),(6,1):0.000000
(17,14),(6,2):0.000000
(17,14),(9,2):0.000000
(17,14),(9,5):11.214286
(17,14),(16,5):35.059525
(17,14),(16,8):63.559525
(17,14),(20,8):51.642857
(17,14),(20,12):61.571430
(17,14),(23,12):25.116667
(17,14),(23,19):4.800000
(17,14),(24,19):0.000000
(17,14),(24,17):0.000000
(17,14),(26,17):0.000000
(17,14),(26,18):0.000000
(17,16),(12,16):32.772728
(17,16),(12,13):15.000000
(17,16),(13,13):43.437500
(17,16),(13,7):41.159721
(17,16),(10,7):6.388889
(17,16),(10,9):0.000000
(17,16),(8,9):0.000000
(17,16),(8,15):0.000000
(17,16),(4,15):0.000000
(17,16),(4,11):0.203175
(17,16),(3,11):0.439522
(17,16),(3,10):1.175556
(17,16),(1,10):2.172841
(17,16),(1,4):0.000000
(17,16),(5,4):0.000000
(17,16),(5,6):3.559524
(17,16),(7,6):7.092346
(17,16),(7,3):0.000000
(17,16),(2,3):0.000000
(17,16),(2,1):0.000000
(17,16),(6,1):0.000000
(17,16),(6,2):0.000000
(17,16),(9,2):0.000000
(17,16),(9,5):9.112103
(17,16),(16,5):34.993057
(17,16),(16,8):43.493057
(17,16),(20,8):33.642857
(17,16),(20,12):37.317459
(17,16),(23,12):13.116667
(17,16),(23,19):0.000000
(17,16),(24,19):0.000000
(17,16),(24,17):0.000000
(17,16),(26,17):0.000000
(17,16),(26,18):0.000000
(12,16),(12,13):16.250000
(12,16),(13,13):50.333332
(12,16),(13,7):44.153847
(12,16),(10,7):1.333333
(12,16),(10,9):0.000000
(12,16),(8,9):0.000000
(12,16),(8,15):0.000000
(12,16),(4,15):0.000000
(12,16),(4,11):0.000000
(12,16),(3,11):0.000000
(12,16),(3,10):0.000000
(12,16),(1,10):0.020833
(12,16),(1,4):0.000000
(12,16),(5,4):0.000000
(12,16),(5,6):1.155833
(12,16),(7,6):1.767544
(12,16),(7,3):0.000000
(12,16),(2,3):0.000000
(12,16),(2,1):0.000000
(12,16),(6,1):0.000000
(12,16),(6,2):0.000000
(12,16),(9,2):0.000000
(12,16),(9,5):5.297619
(12,16),(16,5):24.000000
(12,16),(16,8):48.928570
(12,16),(20,8):45.676189
(12,16),(20,12):45.428570
(12,16),(23,12):17.950001
(12,16),(23,19):0.558621
(12,16),(24,19):0.000000
(12,16),(24,17):0.000000
(12,16),(26,17):0.000000
(12,16),(26,18):0.000000
(12,13),(13,13):21.222221
(12,13),(13,7):17.307936
(12,13),(10,7):0.000000
(12,13),(10,9):0.000000
(12,13),(8,9):0.000000
(12,13),(8,15):0.000000
(12,13),(4,15):0.000000
(12,13),(4,11):0.000000
(12,13),(3,11):0.000000
(12,13),(3,10):0.000000
(12,13),(1,10):0.000000
(12,13),(1,4):0.000000
(12,13),(5,4):0.000000
(12,13),(5,6):0.000000
(12,13),(7,6):0.000000
(12,13),(7,3):0.000000
(12,13),(2,3):0.000000
(12,13),(2,1):0.000000
(12,13),(6,1):0.000000
(12,13),(6,2):0.000000
(12,13),(9,2):0.000000
(12,13),(9,5):0.000000
(12,13),(16,5):10.666667
(12,13),(16,8):18.729166
(12,13),(20,8):16.642857
(12,13),(20,12):18.150793
(12,13),(23,12):15.338889
(12,13),(23,19):2.422222
(12,13),(24,19):0.000000
(12,13),(24,17):0.000000
(12,13),(26,17):0.000000
(12,13),(26,18):0.000000
(13,13),(13,7):59.369049
(13,13),(10,7):6.000000
(13,13),(10,9):0.000000
(13,13),(8,9):0.000000
(13,13),(8,15):0.000000
(13,13),(4,15):0.000000
(13,13),(4,11):0.000000
(13,13),(3,11):0.071429
(13,13),(3,10):0.595238
(13,13),(1,10):1.500000
(13,13),(1,4):0.000000
(13,13),(5,4):0.000000
(13,13),(5,6):3.562500
(13,13),(7,6):6.750000
(13,13),(7,3):0.000000
(13,13),(2,3):0.000000
(13,13),(2,1):0.000000
(13,13),(6,1):0.000000
(13,13),(6,2):0.000000
(13,13),(9,2):0.000000
(13,13),(9,5):10.821428
(13,13),(16,5):34.666668
(13,13),(16,8):63.238094
(13,13),(20,8):51.642857
(13,13),(20,12):60.678570
(13,13),(23,12):25.366667
(13,13),(23,19):5.050000
(13,13),(24,19):0.000000
(13,13),(24,17):0.000000
(13,13),(26,17):0.000000
(13,13),(26,18):0.000000
(13,7),(10,7):26.000000
(13,7),(10,9):14.000000
(13,7),(8,9):16.000000
(13,7),(8,15):9.750000
(13,7),(4,15):9.491072
(13,7),(4,11):16.076923
(13,7),(3,11):13.607142
(13,7),(3,10):17.333334
(13,7),(1,10):18.285715
(13,7),(1,4):6.000000
(13,7),(5,4):5.000000
(13,7),(5,6):16.562500
(13,7),(7,6):25.750000
(13,7),(7,3):7.000000
(13,7),(2,3):0.000000
(13,7),(2,1):0.000000
(13,7),(6,1):0.000000
(13,7),(6,2):0.000000
(13,7),(9,2):5.250000
(13,7),(9,5):24.821428
(13,7),(16,5):49.000000
(13,7),(16,8):66.440475
(13,7),(20,8):46.333332
(13,7),(20,12):56.169048
(13,7),(23,12):21.202381
(13,7),(23,19):3.355714
(13,7),(24,19):0.000000
(13,7),(24,17):0.000000
(13,7),(26,17):0.000000
(13,7),(26,18):0.000000
(10,7),(10,9):35.599998
(10,7),(8,9):49.433334
(10,7),(8,15):35.891666
(10,7),(4,15):27.933332
(10,7),(4,11):44.190910
(10,7),(3,11):35.253845
(10,7),(3,10):46.700001
(10,7),(1,10):43.126785
(10,7),(1,4):33.583332
(10,7),(5,4):21.100000
(10,7),(5,6):46.599998
(10,7),(7,6):57.750000
(10,7),(7,3):16.625000
(10,7),(2,3):1.125000
(10,7),(2,1):1.063187
(10,7),(6,1):0.000000
(10,7),(6,2):2.125000
(10,7),(9,2):20.125000
(10,7),(9,5):49.125000
(10,7),(16,5):35.500000
(10,7),(16,8):12.857142
(10,7),(20,8):0.000000
(10,7),(20,12):4.800000
(10,7),(23,12):0.000000
(10,7),(23,19):0.000000
(10,7),(24,19):0.000000
(10,7),(24,17):0.000000
(10,7),(26,17):0.000000
(10,7),(26,18):0.000000
(10,9),(8,9):39.625000
(10,9),(8,15):29.208334
(10,9),(4,15):20.514286
(10,9),(4,11):34.019608
(10,9),(3,11):24.685715
(10,9),(3,10):34.166668
(10,9),(1,10):33.702381
(10,9),(1,4):25.416666
(10,9),(5,4):16.666666
(10,9),(5,6):31.666666
(10,9),(7,6):34.875000
(10,9),(7,3):16.625000
(10,9),(2,3):1.625000
(10,9),(2,1):1.485714
(10,9),(6,1):0.000000
(10,9),(6,2):3.125000
(10,9),(9,2):15.375000
(10,9),(9,5):26.125000
(10,9),(16,5):22.000000
(10,9),(16,8):2.357143
(10,9),(20,8):0.000000
(10,9),(20,12):0.000000
(10,9),(23,12):0.000000
(10,9),(23,19):0.000000
(10,9),(24,19):0.000000
(10,9),(24,17):0.000000
(10,9),(26,17):0.000000
(10,9),(26,18):0.000000
(8,9),(8,15):56.541668
(8,9),(4,15):46.166668
(8,9),(4,11):64.333336
(8,9),(3,11):37.700001
(8,9),(3,10):57.599998
(8,9),(1,10):44.047619
(8,9),(1,4):51.154762
(8,9),(5,4):28.000000
(8,9),(5,6):61.500000
(8,9),(7,6):66.000000
(8,9),(7,3):23.833334
(8,9),(2,3):2.083333
(8,9),(2,1):1.848913
(8,9),(6,1):0.000000
(8,9),(6,2):4.083333
(8,9),(9,2):35.511906
(8,9),(9,5):52.583332
(8,9),(16,5):25.500000
(8,9),(16,8):3.982143
(8,9),(20,8):0.000000
(8,9),(20,12):0.675000
(8,9),(23,12):0.000000
(8,9),(23,19):0.000000
(8,9),(24,19):0.000000
(8,9),(24,17):0.000000
(8,9),(26,17):0.000000
(8,9),(26,18):0.000000
(8,15),(4,15):38.833332
(8,15),(4,11):54.666668
(8,15),(3,11):28.458334
(8,15),(3,10):46.333332
(8,15),(1,10):33.666668
(8,15),(1,4):48.154762
(8,15),(5,4):26.833334
(8,15),(5,6):53.833332
(8,15),(7,6):50.500000
(8,15),(7,3):13.041667
(8,15),(2,3):1.041667
(8,15),(2,1):0.848936
(8,15),(6,1):0.000000
(8,15),(6,2):1.541667
(8,15),(9,2):28.470238
(8,15),(9,5):37.375000
(8,15),(16,5):17.333334
(8,15),(16,8):0.809524
(8,15),(20,8):0.000000
(8,15),(20,12):0.000000
(8,15),(23,12):0.000000
(8,15),(23,19):0.000000
(8,15),(24,19):0.000000
(8,15),(24,17):0.000000
(8,15),(26,17):0.000000
(8,15),(26,18):0.000000
(4,15),(4,11):45.666668
(4,15),(3,11):28.833334
(4,15),(3,10):36.333332
(4,15),(1,10):23.666666
(4,15),(1,4):32.883930
(4,15),(5,4):11.000000
(4,15),(5,6):41.000000
(4,15),(7,6):45.666668
(4,15),(7,3):17.833334
(4,15),(2,3):0.833333
(4,15),(2,1):0.960068
(4,15),(6,1):0.000000
(4,15),(6,2):2.458333
(4,15),(9,2):32.011906
(4,15),(9,5):38.916668
(4,15),(16,5):14.238095
(4,15),(16,8):2.337500
(4,15),(20,8):0.000000
(4,15),(20,12):0.052688
(4,15),(23,12):0.000000
(4,15),(23,19):0.000000
(4,15),(24,19):0.000000
(4,15),(24,17):0.000000
(4,15),(26,17):0.000000
(4,15),(26,18):0.000000
(4,11),(3,11):40.500000
(4,11),(3,10):58.000000
(4,11),(1,10):44.333332
(4,11),(1,4):50.279762
(4,11),(5,4):28.000000
(4,11),(5,6):60.750000
(4,11),(7,6):59.333332
(4,11),(7,3):18.133333
(4,11),(2,3):0.033333
(4,11),(2,1):0.308941
(4,11),(6,1):0.000000
(4,11),(6,2):1.020833
(4,11),(9,2):30.511906
(4,11),(9,5):46.166668
(4,11),(16,5):24.700001
(4,11),(16,8):4.284091
(4,11),(20,8):0.000000
(4,11),(20,12):1.351724
(4,11),(23,12):0.000000
(4,11),(23,19):0.000000
(4,11),(24,19):0.000000
(4,11),(24,17):0.000000
(4,11),(26,17):0.000000
(4,11),(26,18):0.000000
(3,11),(3,10):40.700001
(3,11),(1,10):35.033333
(3,11),(1,4):27.833334
(3,11),(5,4):14.000000
(3,11),(5,6):35.075001
(3,11),(7,6):37.200001
(3,11),(7,3):13.518182
(3,11),(2,3):0.000000
(3,11),(2,1):0.027273
(3,11),(6,1):0.000000
(3,11),(6,2):0.500000
(3,11),(9,2):16.264286
(3,11),(9,5):32.700001
(3,11),(16,5):20.377777
(3,11),(16,8):4.592945
(3,11),(20,8):0.000000
(3,11),(20,12):1.683117
(3,11),(23,12):0.000000
(3,11),(23,19):0.000000
(3,11),(24,19):0.000000
(3,11),(24,17):0.000000
(3,11),(26,17):0.000000
(3,11),(26,18):0.000000
(3,10),(1,10):48.599998
(3,10),(1,4):48.183334
(3,10),(5,4):26.500000
(3,10),(5,6):55.766666
(3,10),(7,6):54.266666
(3,10),(7,3):16.950001
(3,10),(2,3):0.000000
(3,10),(2,1):0.000000
(3,10),(6,1):0.000000
(3,10),(6,2):0.250000
(3,10),(9,2):21.816668
(3,10),(9,5):41.666668
(3,10),(16,5):27.666666
(3,10),(16,8):5.535417
(3,10),(20,8):0.000000
(3,10),(20,12):2.255357
(3,10),(23,12):0.000000
(3,10),(23,19):0.000000
(3,10),(24,19):0.000000
(3,10),(24,17):0.000000
(3,10),(26,17):0.000000
(3,10),(26,18):0.000000
(1,10),(1,4):35.464287
(1,10),(5,4):24.000000
(1,10),(5,6):43.214287
(1,10),(7,6):42.047619
(1,10),(7,3):11.922619
(1,10),(2,3):0.000000
(1,10),(2,1):0.000000
(1,10),(6,1):0.000000
(1,10),(6,2):0.033333
(1,10),(9,2):12.190476
(1,10),(9,5):32.922619
(1,10),(16,5):28.750000
(1,10),(16,8):6.532609
(1,10),(20,8):0.000000
(1,10),(20,12):2.697727
(1,10),(23,12):0.000000
(1,10),(23,19):0.000000
(1,10),(24,19):0.000000
(1,10),(24,17):0.000000
(1,10),(26,17):0.000000
(1,10),(26,18):0.000000
(1,4),(5,4):27.000000
(1,4),(5,6):53.154762
(1,4),(7,6):45.154762
(1,4),(7,3):9.750000
(1,4),(2,3):0.000000
(1,4),(2,1):0.000000
(1,4),(6,1):0.000000
(1,4),(6,2):0.000000
(1,4),(9,2):20.915384
(1,4),(9,5):32.154762
(1,4),(16,5):15.781818
(1,4),(16,8):0.000000
(1,4),(20,8):0.000000
(1,4),(20,12):0.000000
(1,4),(23,12):0.000000
(1,4),(23,19):0.000000
(1,4),(24,19):0.000000
(1,4),(24,17):0.000000
(1,4),(26,17):0.000000
(1,4),(26,18):0.000000
(5,4),(5,6):30.000000
(5,4),(7,6):22.000000
(5,4),(7,3):0.000000
(5,4),(2,3):0.000000
(5,4),(2,1):0.000000
(5,4),(6,1):0.000000
(5,4),(6,2):0.000000
(5,4),(9,2):4.000000
(5,4),(9,5):14.000000
(5,4),(16,5):11.555555
(5,4),(16,8):0.000000
(5,4),(20,8):0.000000
(5,4),(20,12):0.000000
(5,4),(23,12):0.000000
(5,4),(23,19):0.000000
(5,4),(24,19):0.000000
(5,4),(24,17):0.000000
(5,4),(26,17):0.000000
(5,4),(26,18):0.000000
(5,6),(7,6):61.562500
(5,6),(7,3):15.500000
(5,6),(2,3):0.000000
(5,6),(2,1):0.000000
(5,6),(6,1):0.000000
(5,6),(6,2):0.000000
(5,6),(9,2):27.428572
(5,6),(9,5):48.062500
(5,6),(16,5):27.062500
(5,6),(16,8):5.062500
(5,6),(20,8):0.000000
(5,6),(20,12):2.485714
(5,6),(23,12):0.000000
(5,6),(23,19):0.000000
(5,6),(24,19):0.000000
(5,6),(24,17):0.000000
(5,6),(26,17):0.000000
(5,6),(26,18):0.000000
(7,6),(7,3):24.000000
(7,6),(2,3):2.000000
(7,6),(2,1):1.800000
(7,6),(6,1):0.000000
(7,6),(6,2):4.000000
(7,6),(9,2):35.428570
(7,6),(9,5):63.250000
(7,6),(16,5):36.250000
(7,6),(16,8):13.607142
(7,6),(20,8):0.000000
(7,6),(20,12):5.200000
(7,6),(23,12):0.000000
(7,6),(23,19):0.000000
(7,6),(24,19):0.000000
(7,6),(24,17):0.000000
(7,6),(26,17):0.000000
(7,6),(26,18):0.000000
(7,3),(2,3):10.500000
(7,3),(2,1):10.175000
(7,3),(6,1):7.500000
(7,3),(6,2):12.500000
(7,3),(9,2):22.428572
(7,3),(9,5):20.500000
(7,3),(16,5):7.500000
(7,3),(16,8):1.857143
(7,3),(20,8):0.000000
(7,3),(20,12):0.000000
(7,3),(23,12):0.000000
(7,3),(23,19):0.000000
(7,3),(24,19):0.000000
(7,3),(24,17):0.000000
(7,3),(26,17):0.000000
(7,3),(26,18):0.000000
(2,3),(2,1):9.875000
(2,3),(6,1):8.000000
(2,3),(6,2):11.000000
(2,3),(9,2):7.000000
(2,3),(9,5):2.500000
(2,3),(16,5):0.000000
(2,3),(16,8):0.000000
(2,3),(20,8):0.000000
(2,3),(20,12):0.000000
(2,3),(23,12):0.000000
(2,3),(23,19):0.000000
(2,3),(24,19):0.000000
(2,3),(24,17):0.000000
(2,3),(26,17):0.000000
(2,3),(26,18):0.000000
(2,1),(6,1):8.000000
(2,1),(6,2):10.675000
(2,1),(9,2):6.675000
(2,1),(9,5):2.175000
(2,1),(16,5):0.000000
(2,1),(16,8):0.000000
(2,1),(20,8):0.000000
(2,1),(20,12):0.000000
(2,1),(23,12):0.000000
(2,1),(23,19):0.000000
(2,1),(24,19):0.000000
(2,1),(24,17):0.000000
(2,1),(26,17):0.000000
(2,1),(26,18):0.000000
(6,1),(6,2):8.000000
(6,1),(9,2):4.000000
(6,1),(9,5):0.000000
(6,1),(16,5):0.000000
(6,1),(16,8):0.000000
(6,1),(20,8):0.000000
(6,1),(20,12):0.000000
(6,1),(23,12):0.000000
(6,1),(23,19):0.000000
(6,1),(24,19):0.000000
(6,1),(24,17):0.000000
(6,1),(26,17):0.000000
(6,1),(26,18):0.000000
(6,2),(9,2):9.000000
(6,2),(9,5):4.500000
(6,2),(16,5):0.000000
(6,2),(16,8):0.000000
(6,2),(20,8):0.000000
(6,2),(20,12):0.000000
(6,2),(23,12):0.000000
(6,2),(23,19):0.000000
(6,2),(24,19):0.000000
(6,2),(24,17):0.000000
(6,2),(26,17):0.000000
(6,2),(26,18):0.000000
(9,2),(9,5):34.000000
(9,2),(16,5):6.533333
(9,2),(16,8):1.523810
(9,2),(20,8):0.000000
(9,2),(20,12):0.000000
(9,2),(23,12):0.000000
(9,2),(23,19):0.000000
(9,2),(24,19):0.000000
(9,2),(24,17):0.000000
(9,2),(26,17):0.000000
(9,2),(26,18):0.000000
(9,5),(16,5):30.750000
(9,5),(16,8):17.678572
(9,5),(20,8):2.821429
(9,5),(20,12):9.121428
(9,5),(23,12):0.000000
(9,5),(23,19):0.000000
(9,5),(24,19):0.000000
(9,5),(24,17):0.000000
(9,5),(26,17):0.000000
(9,5),(26,18):0.000000
(16,5),(16,8):40.666668
(16,5),(20,8):25.666666
(16,5),(20,12):31.633333
(16,5),(23,12):9.666667
(16,5),(23,19):0.000000
(16,5),(24,19):0.000000
(16,5),(24,17):0.000000
(16,5),(26,17):0.000000
(16,5),(26,18):0.000000
(16,8),(20,8):51.166668
(16,8),(20,12):60.366665
(16,8),(23,12):22.233334
(16,8),(23,19):2.733333
(16,8),(24,19):0.000000
(16,8),(24,17):0.000000
(16,8),(26,17):0.000000
(16,8),(26,18):0.000000
(20,8),(20,12):49.642857
(20,8),(23,12):18.809525
(20,8),(23,19):0.000000
(20,8),(24,19):0.000000
(20,8),(24,17):0.000000
(20,8),(26,17):0.000000
(20,8),(26,18):0.000000
(20,12),(23,12):29.095238
(20,12),(23,19):8.800000
(20,12),(24,19):0.000000
(20,12),(24,17):0.000000
(20,12),(26,17):0.000000
(20,12),(26,18):0.000000
(23,12),(23,19):27.883333
(23,12),(24,19):13.083333
(23,12),(24,17):0.000000
(23,12),(26,17):0.000000
(23,12),(26,18):0.000000
(23,19),(24,19):27.200001
(23,19),(24,17):7.000000
(23,19),(26,17):0.000000
(23,19),(26,18):0.000000
(24,19),(24,17):9.500000
(24,19),(26,17):2.000000
(24,19),(26,18):1.500000
(24,17),(26,17):2.500000
(24,17),(26,18):2.000000
(26,17),(26,18):2.000000
