36
(15,17):(15,13)	(15,17)	(16,12)	(16,16)	(17,16)	(18,17)	
(15,13):(1,10)	(2,11)	(2,12)	(2,13)	(3,11)	(3,12)	(3,13)	(4,11)	(4,12)	(4,13)	(5,11)	(5,12)	(5,13)	(6,11)	(6,12)	(6,13)	(7,12)	(7,13)	(8,9)	(8,11)	(8,12)	(8,13)	(9,10)	(9,11)	(9,12)	(9,13)	(10,10)	(10,11)	(10,12)	(10,13)	(11,9)	(11,10)	(11,11)	(11,12)	(11,13)	(12,10)	(12,11)	(12,12)	(12,13)	(13,11)	(13,12)	(13,13)	(14,12)	(15,13)	(15,17)	(16,12)	(16,16)	
(13,13):(1,10)	(2,11)	(2,12)	(2,13)	(2,14)	(3,11)	(3,12)	(3,13)	(4,11)	(4,12)	(4,13)	(5,11)	(5,12)	(5,13)	(6,11)	(6,12)	(6,13)	(7,12)	(7,13)	(8,9)	(8,11)	(8,12)	(8,13)	(9,10)	(9,11)	(9,12)	(9,13)	(10,10)	(10,11)	(10,12)	(10,13)	(11,5)	(11,6)	(11,9)	(11,10)	(11,11)	(11,12)	(11,13)	(12,8)	(12,9)	(12,10)	(12,11)	(12,12)	(12,13)	(13,9)	(13,10)	(13,11)	(13,12)	(13,13)	(13,14)	(14,8)	(14,12)	(15,13)	(16,12)	
(13,14):(1,10)	(2,11)	(2,12)	(2,13)	(2,14)	(3,10)	(3,11)	(3,12)	(3,13)	(4,11)	(4,12)	(4,13)	(5,11)	(5,12)	(5,13)	(6,11)	(6,12)	(6,13)	(7,12)	(7,13)	(8,9)	(8,11)	(8,12)	(8,13)	(9,10)	(9,11)	(9,12)	(9,13)	(10,10)	(10,11)	(10,12)	(10,13)	(11,5)	(11,6)	(11,9)	(11,10)	(11,11)	(11,12)	(11,13)	(12,8)	(12,9)	(12,10)	(12,11)	(12,12)	(12,13)	(13,9)	(13,10)	(13,11)	(13,12)	(13,13)	(13,14)	
(2,14):(1,10)	(1,18)	(2,11)	(2,12)	(2,13)	(2,14)	(2,18)	(3,10)	(3,11)	(3,12)	(3,13)	(4,8)	(4,9)	(4,10)	(4,11)	(4,12)	(4,13)	(5,8)	(5,9)	(5,10)	(5,11)	(5,12)	(5,13)	(6,7)	(6,11)	(6,12)	(6,13)	(7,12)	(7,13)	(8,11)	(8,12)	(8,13)	(9,11)	(9,12)	(9,13)	(10,10)	(10,11)	(10,12)	(10,13)	(11,10)	(11,11)	(11,12)	(11,13)	(12,9)	(12,10)	(12,11)	(12,12)	(12,13)	(13,9)	(13,10)	(13,11)	(13,12)	(13,13)	(13,14)	(14,8)	(14,12)	(16,12)	
(2,18):(1,10)	(1,18)	(2,11)	(2,12)	(2,13)	(2,14)	(2,18)	
(1,18):(1,10)	(1,18)	(2,11)	(2,12)	(2,13)	(2,14)	(2,18)	(3,10)	
(1,10):(1,10)	(1,18)	(2,11)	(2,12)	(2,13)	(2,14)	(2,18)	(3,10)	(3,11)	(3,12)	(3,13)	(4,10)	(4,11)	(4,12)	(4,13)	(5,10)	(5,11)	(5,12)	(5,13)	(6,11)	(6,12)	(6,13)	(7,12)	(7,13)	(8,12)	(8,13)	(9,12)	(9,13)	(10,12)	(10,13)	(11,12)	(11,13)	(12,13)	(13,13)	(13,14)	(15,13)	
(3,10):(1,10)	(1,18)	(2,11)	(2,12)	(2,13)	(2,14)	(3,7)	(3,10)	(3,11)	(3,12)	(3,13)	(4,8)	(4,9)	(4,10)	(4,11)	(4,12)	(4,13)	(5,8)	(5,9)	(5,10)	(5,11)	(5,12)	(5,13)	(6,7)	(6,11)	(6,12)	(6,13)	(7,12)	(7,13)	(8,12)	(8,13)	(9,12)	(9,13)	(10,13)	(11,13)	(12,13)	(13,14)	
(3,7):(3,7)	(3,10)	(3,11)	(3,12)	(3,13)	(4,8)	(4,9)	(4,10)	(4,11)	(4,12)	(4,13)	(5,8)	(5,9)	(5,10)	(5,11)	(5,12)	(5,13)	(6,7)	(6,11)	(6,12)	(6,13)	(7,13)	
(6,7):(2,11)	(2,12)	(2,13)	(2,14)	(3,7)	(3,10)	(3,11)	(3,12)	(3,13)	(4,8)	(4,9)	(4,10)	(4,11)	(4,12)	(4,13)	(5,8)	(5,9)	(5,10)	(5,11)	(5,12)	(5,13)	(6,7)	(6,11)	(6,12)	(6,13)	
(6,11):(1,10)	(2,11)	(2,12)	(2,13)	(2,14)	(3,7)	(3,10)	(3,11)	(3,12)	(3,13)	(4,8)	(4,9)	(4,10)	(4,11)	(4,12)	(4,13)	(5,8)	(5,9)	(5,10)	(5,11)	(5,12)	(5,13)	(6,7)	(6,11)	(6,12)	(6,13)	(7,12)	(7,13)	(8,11)	(8,12)	(8,13)	(9,11)	(9,12)	(9,13)	(10,11)	(10,12)	(10,13)	(11,11)	(11,12)	(11,13)	(12,11)	(12,12)	(12,13)	(13,11)	(13,12)	(13,13)	(13,14)	(14,12)	(15,13)	
(8,11):(2,11)	(2,12)	(2,13)	(2,14)	(3,11)	(3,12)	(3,13)	(4,11)	(4,12)	(4,13)	(5,11)	(5,12)	(5,13)	(6,11)	(6,12)	(6,13)	(7,12)	(7,13)	(8,9)	(8,11)	(8,12)	(8,13)	(9,10)	(9,11)	(9,12)	(9,13)	(10,10)	(10,11)	(10,12)	(10,13)	(11,9)	(11,10)	(11,11)	(11,12)	(11,13)	(12,9)	(12,10)	(12,11)	(12,12)	(12,13)	(13,9)	(13,10)	(13,11)	(13,12)	(13,13)	(13,14)	(14,8)	(14,12)	(15,13)	
(8,9):(8,9)	(8,11)	(8,12)	(8,13)	(9,10)	(9,11)	(9,12)	(9,13)	(10,10)	(10,11)	(10,12)	(10,13)	(11,9)	(11,10)	(11,11)	(11,12)	(11,13)	(12,9)	(12,10)	(12,11)	(12,12)	(12,13)	(13,9)	(13,10)	(13,11)	(13,12)	(13,13)	(13,14)	(14,12)	(15,13)	
(11,9):(5,13)	(6,13)	(7,12)	(7,13)	(8,9)	(8,11)	(8,12)	(8,13)	(9,10)	(9,11)	(9,12)	(9,13)	(10,10)	(10,11)	(10,12)	(10,13)	(11,5)	(11,6)	(11,9)	(11,10)	(11,11)	(11,12)	(11,13)	(12,4)	(12,8)	(12,9)	(12,10)	(12,11)	(12,12)	(12,13)	(13,9)	(13,10)	(13,11)	(13,12)	(13,13)	(13,14)	(14,8)	(14,12)	(15,13)	
(11,6):(4,5)	(4,6)	(5,5)	(6,4)	(6,5)	(7,4)	(7,5)	(8,5)	(9,5)	(10,5)	(11,5)	(11,6)	(11,9)	(11,10)	(11,11)	(11,12)	(11,13)	(12,4)	(12,8)	(12,9)	(12,10)	(12,11)	(12,12)	(12,13)	(13,10)	(13,11)	(13,12)	(13,13)	(13,14)	(14,12)	
(4,6):(4,5)	(4,6)	(5,5)	(6,4)	(6,5)	(7,3)	(7,4)	(7,5)	(8,5)	(9,5)	(10,5)	(11,5)	(11,6)	(12,4)	
(4,5):(4,5)	(4,6)	(5,5)	(6,5)	(7,5)	(8,5)	(9,5)	(10,5)	(11,5)	(11,6)	
(5,5):(4,5)	(4,6)	(5,2)	(5,5)	(6,3)	(6,4)	(6,5)	(7,3)	(7,4)	(7,5)	(8,5)	(9,5)	(10,5)	(11,5)	(11,6)	(12,4)	
(5,2):(5,2)	(5,5)	(6,3)	(6,4)	(6,5)	(7,3)	(7,4)	(7,5)	(8,5)	(9,2)	(10,3)	
(9,2):(5,2)	(6,3)	(7,3)	(9,1)	(9,2)	(10,1)	(10,3)	
(9,1):(9,1)	(9,2)	(10,1)	(10,3)	
(10,1):(9,1)	(9,2)	(10,1)	(10,3)	
(10,3):(5,2)	(6,3)	(7,3)	(9,1)	(9,2)	(10,1)	(10,3)	
(7,3):(4,6)	(5,2)	(5,5)	(6,3)	(6,4)	(6,5)	(7,3)	(7,4)	(7,5)	(9,2)	(10,3)	
(7,4):(4,6)	(5,2)	(5,5)	(6,3)	(6,4)	(6,5)	(7,3)	(7,4)	(7,5)	(8,5)	(9,5)	(10,5)	(11,5)	(11,6)	(12,4)	
(12,4):(4,6)	(5,5)	(6,4)	(6,5)	(7,4)	(7,5)	(8,5)	(9,5)	(10,5)	(11,5)	(11,6)	(11,9)	(11,10)	(11,11)	(11,12)	(11,13)	(12,4)	(12,8)	(12,9)	(12,10)	(12,11)	(12,12)	(12,13)	
(12,8):(7,13)	(8,12)	(8,13)	(9,11)	(9,12)	(9,13)	(10,10)	(10,11)	(10,12)	(10,13)	(11,5)	(11,6)	(11,9)	(11,10)	(11,11)	(11,12)	(11,13)	(12,4)	(12,8)	(12,9)	(12,10)	(12,11)	(12,12)	(12,13)	(13,9)	(13,10)	(13,11)	(13,12)	(13,13)	(13,14)	(14,8)	(14,12)	
(14,8):(2,14)	(4,13)	(5,13)	(6,12)	(6,13)	(7,12)	(7,13)	(8,11)	(8,12)	(8,13)	(9,10)	(9,11)	(9,12)	(9,13)	(10,10)	(10,11)	(10,12)	(10,13)	(11,9)	(11,10)	(11,11)	(11,12)	(11,13)	(12,8)	(12,9)	(12,10)	(12,11)	(12,12)	(12,13)	(13,9)	(13,10)	(13,11)	(13,12)	(13,13)	(14,8)	(14,12)	
(14,12):(2,11)	(2,12)	(2,13)	(2,14)	(3,11)	(3,12)	(3,13)	(4,11)	(4,12)	(4,13)	(5,11)	(5,12)	(5,13)	(6,11)	(6,12)	(6,13)	(7,12)	(7,13)	(8,9)	(8,11)	(8,12)	(8,13)	(9,10)	(9,11)	(9,12)	(9,13)	(10,10)	(10,11)	(10,12)	(10,13)	(11,6)	(11,9)	(11,10)	(11,11)	(11,12)	(11,13)	(12,8)	(12,9)	(12,10)	(12,11)	(12,12)	(12,13)	(13,9)	(13,10)	(13,11)	(13,12)	(13,13)	(14,8)	(14,12)	(15,13)	(16,12)	
(16,12):(2,12)	(2,13)	(2,14)	(3,12)	(3,13)	(4,12)	(4,13)	(5,12)	(5,13)	(6,12)	(6,13)	(7,12)	(7,13)	(8,12)	(8,13)	(9,12)	(9,13)	(10,12)	(10,13)	(11,12)	(11,13)	(12,12)	(12,13)	(13,12)	(13,13)	(14,12)	(15,13)	(15,17)	(16,12)	(16,16)	
(16,16):(15,13)	(15,17)	(16,12)	(16,16)	(17,16)	(18,17)	
(17,16):(15,17)	(16,16)	(17,15)	(17,16)	(18,15)	(18,17)	
(17,15):(17,15)	(17,16)	(18,15)	(18,17)	
(18,15):(17,15)	(17,16)	(18,15)	(18,17)	
(18,17):(15,17)	(16,16)	(17,15)	(17,16)	(18,15)	(18,17)	
(15,17):7.250000
(15,13):42.416668
(13,13):61.266884
(13,14):55.095238
(2,14):65.465912
(2,18):8.000000
(1,18):10.000000
(1,10):41.107143
(3,10):43.833332
(3,7):24.375000
(6,7):27.875000
(6,11):54.236111
(8,11):54.309525
(8,9):30.285715
(11,9):43.250000
(11,6):31.250000
(4,6):15.000000
(4,5):8.071428
(5,5):19.583334
(5,2):13.000000
(9,2):7.000000
(9,1):2.000000
(10,1):2.500000
(10,3):6.000000
(7,3):11.750000
(7,4):19.000000
(12,4):25.428572
(12,8):34.750000
(14,8):39.400002
(14,12):57.645832
(16,12):29.571428
(16,16):7.166667
(17,16):4.000000
(17,15):2.000000
(18,15):2.500000
(18,17):4.250000
(15,17),(15,13):5.166667
(15,17),(13,13):1.000000
(15,17),(13,14):0.000000
(15,17),(2,14):0.772727
(15,17),(2,18):0.000000
(15,17),(1,18):0.000000
(15,17),(1,10):0.207143
(15,17),(3,10):0.000000
(15,17),(3,7):0.000000
(15,17),(6,7):0.000000
(15,17),(6,11):0.923611
(15,17),(8,11):0.892857
(15,17),(8,9):0.535714
(15,17),(11,9):0.000000
(15,17),(11,6):0.000000
(15,17),(4,6):0.000000
(15,17),(4,5):0.000000
(15,17),(5,5):0.000000
(15,17),(5,2):0.000000
(15,17),(9,2):0.000000
(15,17),(9,1):0.000000
(15,17),(10,1):0.000000
(15,17),(10,3):0.000000
(15,17),(7,3):0.000000
(15,17),(7,4):0.000000
(15,17),(12,4):0.000000
(15,17),(12,8):0.000000
(15,17),(14,8):0.000000
(15,17),(14,12):1.500000
(15,17),(16,12):5.000000
(15,17),(16,16):7.000000
(15,17),(17,16):3.250000
(15,17),(17,15):1.250000
(15,17),(18,15):1.750000
(15,17),(18,17):3.500000
(15,13),(13,13):38.250000
(15,13),(13,14):34.750000
(15,13),(2,14):34.007576
(15,13),(2,18):2.972222
(15,13),(1,18):4.638158
(15,13),(1,10):22.857143
(15,13),(3,10):18.750000
(15,13),(3,7):8.500000
(15,13),(6,7):10.954545
(15,13),(6,11):30.111111
(15,13),(8,11):35.309525
(15,13),(8,9):20.785715
(15,13),(11,9):23.000000
(15,13),(11,6):7.750000
(15,13),(4,6):0.000000
(15,13),(4,5):0.000000
(15,13),(5,5):0.000000
(15,13),(5,2):0.000000
(15,13),(9,2):0.000000
(15,13),(9,1):0.000000
(15,13),(10,1):0.000000
(15,13),(10,3):0.000000
(15,13),(7,3):0.000000
(15,13),(7,4):0.000000
(15,13),(12,4):5.100000
(15,13),(12,8):15.750000
(15,13),(14,8):22.000000
(15,13),(14,12):37.562500
(15,13),(16,12):19.000000
(15,13),(16,16):5.333333
(15,13),(17,16):1.166667
(15,13),(17,15):0.000000
(15,13),(18,15):0.041667
(15,13),(18,17):1.416667
(13,13),(13,14):54.150002
(13,13),(2,14):51.886364
(13,13),(2,18):4.045455
(13,13),(1,18):6.012121
(13,13),(1,10):35.295456
(13,13),(3,10):31.128788
(13,13),(3,7):13.660714
(13,13),(6,7):16.323233
(13,13),(6,11):43.045456
(13,13),(8,11):53.962120
(13,13),(8,9):30.000000
(13,13),(11,9):41.650002
(13,13),(11,6):16.221428
(13,13),(4,6):1.371429
(13,13),(4,5):0.669328
(13,13),(5,5):1.402463
(13,13),(5,2):0.000000
(13,13),(9,2):0.000000
(13,13),(9,1):0.000000
(13,13),(10,1):0.000000
(13,13),(10,3):0.000000
(13,13),(7,3):0.000000
(13,13),(7,4):1.471429
(13,13),(12,4):11.471429
(13,13),(12,8):32.721428
(13,13),(14,8):39.400002
(13,13),(14,12):57.107956
(13,13),(16,12):25.545454
(13,13),(16,16):1.166667
(13,13),(17,16):0.000000
(13,13),(17,15):0.000000
(13,13),(18,15):0.000000
(13,13),(18,17):0.000000
(13,14),(2,14):46.169353
(13,14),(2,18):4.000000
(13,14),(1,18):6.000000
(13,14),(1,10):34.933334
(13,14),(3,10):31.761906
(13,14),(3,7):14.303572
(13,14),(6,7):16.928572
(13,14),(6,11):39.928570
(13,14),(8,11):47.250000
(13,14),(8,9):25.000000
(13,14),(11,9):36.416668
(13,14),(11,6):14.166667
(13,14),(4,6):1.500000
(13,14),(4,5):0.740854
(13,14),(5,5):1.538095
(13,14),(5,2):0.000000
(13,14),(9,2):0.000000
(13,14),(9,1):0.000000
(13,14),(10,1):0.000000
(13,14),(10,3):0.000000
(13,14),(7,3):0.000000
(13,14),(7,4):1.621212
(13,14),(12,4):11.666667
(13,14),(12,8):27.666666
(13,14),(14,8):34.400002
(13,14),(14,12):50.062500
(13,14),(16,12):22.500000
(13,14),(16,16):0.000000
(13,14),(17,16):0.000000
(13,14),(17,15):0.000000
(13,14),(18,15):0.000000
(13,14),(18,17):0.000000
(2,14),(2,18):8.000000
(2,14),(1,18):10.000000
(2,14),(1,10):40.718750
(2,14),(3,10):42.708332
(2,14),(3,7):23.250000
(2,14),(6,7):26.750000
(2,14),(6,11):52.590908
(2,14),(8,11):48.507576
(2,14),(8,9):25.653847
(2,14),(11,9):33.083332
(2,14),(11,6):11.702174
(2,14),(4,6):0.000000
(2,14),(4,5):0.000000
(2,14),(5,5):0.000000
(2,14),(5,2):0.000000
(2,14),(9,2):0.000000
(2,14),(9,1):0.000000
(2,14),(10,1):0.000000
(2,14),(10,3):0.000000
(2,14),(7,3):0.000000
(2,14),(7,4):0.000000
(2,14),(12,4):7.222222
(2,14),(12,8):27.152174
(2,14),(14,8):34.854546
(2,14),(14,12):49.736744
(2,14),(16,12):25.162338
(2,14),(16,16):0.934046
(2,14),(17,16):0.000000
(2,14),(17,15):0.000000
(2,14),(18,15):0.000000
(2,14),(18,17):0.000000
(2,18),(1,18):8.000000
(2,18),(1,10):8.000000
(2,18),(3,10):6.000000
(2,18),(3,7):0.000000
(2,18),(6,7):3.375000
(2,18),(6,11):4.375000
(2,18),(8,11):3.250000
(2,18),(8,9):0.000000
(2,18),(11,9):0.000000
(2,18),(11,6):0.000000
(2,18),(4,6):0.000000
(2,18),(4,5):0.000000
(2,18),(5,5):0.000000
(2,18),(5,2):0.000000
(2,18),(9,2):0.000000
(2,18),(9,1):0.000000
(2,18),(10,1):0.000000
(2,18),(10,3):0.000000
(2,18),(7,3):0.000000
(2,18),(7,4):0.000000
(2,18),(12,4):0.000000
(2,18),(12,8):0.000000
(2,18),(14,8):0.000000
(2,18),(14,12):3.645833
(2,18),(16,12):2.071429
(2,18),(16,16):0.000000
(2,18),(17,16):0.000000
(2,18),(17,15):0.000000
(2,18),(18,15):0.000000
(2,18),(18,17):0.000000
(1,18),(1,10):10.000000
(1,18),(3,10):8.000000
(1,18),(3,7):0.000000
(1,18),(6,7):4.875000
(1,18),(6,11):6.375000
(1,18),(8,11):4.375000
(1,18),(8,9):0.000000
(1,18),(11,9):0.000000
(1,18),(11,6):0.000000
(1,18),(4,6):0.000000
(1,18),(4,5):0.000000
(1,18),(5,5):0.000000
(1,18),(5,2):0.000000
(1,18),(9,2):0.000000
(1,18),(9,1):0.000000
(1,18),(10,1):0.000000
(1,18),(10,3):0.000000
(1,18),(7,3):0.000000
(1,18),(7,4):0.000000
(1,18),(12,4):0.000000
(1,18),(12,8):0.000000
(1,18),(14,8):0.000000
(1,18),(14,12):5.130682
(1,18),(16,12):2.571429
(1,18),(16,16):0.000000
(1,18),(17,16):0.000000
(1,18),(17,15):0.000000
(1,18),(18,15):0.000000
(1,18),(18,17):0.000000
(1,10),(3,10):34.833332
(1,10),(3,7):15.375000
(1,10),(6,7):18.875000
(1,10),(6,11):37.482143
(1,10),(8,11):32.357143
(1,10),(8,9):11.507143
(1,10),(11,9):17.932692
(1,10),(11,6):4.250000
(1,10),(4,6):0.000000
(1,10),(4,5):0.000000
(1,10),(5,5):0.000000
(1,10),(5,2):0.000000
(1,10),(9,2):0.000000
(1,10),(9,1):0.000000
(1,10),(10,1):0.000000
(1,10),(10,3):0.000000
(1,10),(7,3):0.000000
(1,10),(7,4):0.000000
(1,10),(12,4):3.534615
(1,10),(12,8):13.000000
(1,10),(14,8):19.785715
(1,10),(14,12):33.252975
(1,10),(16,12):23.178572
(1,10),(16,16):0.214286
(1,10),(17,16):0.000000
(1,10),(17,15):0.000000
(1,10),(18,15):0.000000
(1,10),(18,17):0.000000
(3,10),(3,7):24.375000
(3,10),(6,7):27.875000
(3,10),(6,11):42.208332
(3,10),(8,11):28.083334
(3,10),(8,9):7.500000
(3,10),(11,9):14.027778
(3,10),(11,6):2.000000
(3,10),(4,6):0.000000
(3,10),(4,5):0.000000
(3,10),(5,5):0.000000
(3,10),(5,2):0.000000
(3,10),(9,2):0.000000
(3,10),(9,1):0.000000
(3,10),(10,1):0.000000
(3,10),(10,3):0.000000
(3,10),(7,3):0.000000
(3,10),(7,4):0.000000
(3,10),(12,4):2.406250
(3,10),(12,8):9.458333
(3,10),(14,8):16.143749
(3,10),(14,12):29.020834
(3,10),(16,12):19.988094
(3,10),(16,16):0.000000
(3,10),(17,16):0.000000
(3,10),(17,15):0.000000
(3,10),(18,15):0.000000
(3,10),(18,17):0.000000
(3,7),(6,7):21.000000
(3,7),(6,11):24.375000
(3,7),(8,11):12.375000
(3,7),(8,9):0.041667
(3,7),(11,9):5.013889
(3,7),(11,6):0.000000
(3,7),(4,6):0.000000
(3,7),(4,5):0.000000
(3,7),(5,5):0.000000
(3,7),(5,2):0.000000
(3,7),(9,2):0.000000
(3,7),(9,1):0.000000
(3,7),(10,1):0.000000
(3,7),(10,3):0.000000
(3,7),(7,3):0.000000
(3,7),(7,4):0.000000
(3,7),(12,4):0.000000
(3,7),(12,8):1.446429
(3,7),(14,8):6.852273
(3,7),(14,12):12.937500
(3,7),(16,12):9.000000
(3,7),(16,16):0.000000
(3,7),(17,16):0.000000
(3,7),(17,15):0.000000
(3,7),(18,15):0.000000
(3,7),(18,17):0.000000
(6,7),(6,11):27.375000
(6,7),(8,11):14.750000
(6,7),(8,9):0.000000
(6,7),(11,9):2.083333
(6,7),(11,6):0.000000
(6,7),(4,6):0.000000
(6,7),(4,5):0.000000
(6,7),(5,5):0.000000
(6,7),(5,2):0.000000
(6,7),(9,2):0.000000
(6,7),(9,1):0.000000
(6,7),(10,1):0.000000
(6,7),(10,3):0.000000
(6,7),(7,3):0.000000
(6,7),(7,4):0.000000
(6,7),(12,4):0.000000
(6,7),(12,8):0.000000
(6,7),(14,8):4.000000
(6,7),(14,12):15.472222
(6,7),(16,12):10.071428
(6,7),(16,16):0.000000
(6,7),(17,16):0.000000
(6,7),(17,15):0.000000
(6,7),(18,15):0.000000
(6,7),(18,17):0.000000
(6,11),(8,11):40.027779
(6,11),(8,9):18.111111
(6,11),(11,9):24.250000
(6,11),(11,6):8.000000
(6,11),(4,6):0.000000
(6,11),(4,5):0.000000
(6,11),(5,5):0.000000
(6,11),(5,2):0.000000
(6,11),(9,2):0.000000
(6,11),(9,1):0.000000
(6,11),(10,1):0.000000
(6,11),(10,3):0.000000
(6,11),(7,3):0.000000
(6,11),(7,4):0.000000
(6,11),(12,4):5.100000
(6,11),(12,8):18.750000
(6,11),(14,8):25.900000
(6,11),(14,12):41.006943
(6,11),(16,12):25.432539
(6,11),(16,16):1.056763
(6,11),(17,16):0.000000
(6,11),(17,15):0.000000
(6,11),(18,15):0.000000
(6,11),(18,17):0.000000
(8,11),(8,9):30.142857
(8,11),(11,9):38.500000
(8,11),(11,6):12.562500
(8,11),(4,6):0.000000
(8,11),(4,5):0.000000
(8,11),(5,5):0.000000
(8,11),(5,2):0.000000
(8,11),(9,2):0.000000
(8,11),(9,1):0.000000
(8,11),(10,1):0.000000
(8,11),(10,3):0.000000
(8,11),(7,3):0.000000
(8,11),(7,4):0.000000
(8,11),(12,4):7.833333
(8,11),(12,8):29.000000
(8,11),(14,8):38.650002
(8,11),(14,12):53.642857
(8,11),(16,12):25.380953
(8,11),(16,16):1.015406
(8,11),(17,16):0.000000
(8,11),(17,15):0.000000
(8,11),(18,15):0.000000
(8,11),(18,17):0.000000
(8,9),(11,9):29.500000
(8,9),(11,6):12.000000
(8,9),(4,6):0.000000
(8,9),(4,5):0.000000
(8,9),(5,5):0.000000
(8,9),(5,2):0.000000
(8,9),(9,2):0.000000
(8,9),(9,1):0.000000
(8,9),(10,1):0.000000
(8,9),(10,3):0.000000
(8,9),(7,3):0.000000
(8,9),(7,4):0.000000
(8,9),(12,4):7.500000
(8,9),(12,8):24.750000
(8,9),(14,8):27.400000
(8,9),(14,12):29.785715
(8,9),(16,12):10.785714
(8,9),(16,16):0.585714
(8,9),(17,16):0.000000
(8,9),(17,15):0.000000
(8,9),(18,15):0.000000
(8,9),(18,17):0.000000
(11,9),(11,6):17.250000
(11,9),(4,6):2.000000
(11,9),(4,5):1.071429
(11,9),(5,5):2.083333
(11,9),(5,2):0.000000
(11,9),(9,2):0.000000
(11,9),(9,1):0.000000
(11,9),(10,1):0.000000
(11,9),(10,3):0.000000
(11,9),(7,3):0.000000
(11,9),(7,4):2.250000
(11,9),(12,4):12.500000
(11,9),(12,8):33.750000
(11,9),(14,8):37.150002
(11,9),(14,12):39.750000
(11,9),(16,12):16.000000
(11,9),(16,16):0.000000
(11,9),(17,16):0.000000
(11,9),(17,15):0.000000
(11,9),(18,15):0.000000
(11,9),(18,17):0.000000
(11,6),(4,6):14.666667
(11,6),(4,5):8.071428
(11,6),(5,5):16.083334
(11,6),(5,2):7.000000
(11,6),(9,2):0.500000
(11,6),(9,1):0.000000
(11,6),(10,1):0.000000
(11,6),(10,3):0.000000
(11,6),(7,3):5.500000
(11,6),(7,4):16.000000
(11,6),(12,4):22.928572
(11,6),(12,8):18.250000
(11,6),(14,8):12.900000
(11,6),(14,12):13.750000
(11,6),(16,12):3.916667
(11,6),(16,16):0.000000
(11,6),(17,16):0.000000
(11,6),(17,15):0.000000
(11,6),(18,15):0.000000
(11,6),(18,17):0.000000
(4,6),(4,5):8.000000
(4,6),(5,5):15.000000
(4,6),(5,2):6.000000
(4,6),(9,2):0.000000
(4,6),(9,1):0.000000
(4,6),(10,1):0.000000
(4,6),(10,3):0.000000
(4,6),(7,3):4.500000
(4,6),(7,4):14.750000
(4,6),(12,4):14.428572
(4,6),(12,8):3.000000
(4,6),(14,8):0.000000
(4,6),(14,12):0.000000
(4,6),(16,12):0.000000
(4,6),(16,16):0.000000
(4,6),(17,16):0.000000
(4,6),(17,15):0.000000
(4,6),(18,15):0.000000
(4,6),(18,17):0.000000
(4,5),(5,5):8.071428
(4,5),(5,2):3.500000
(4,5),(9,2):0.000000
(4,5),(9,1):0.000000
(4,5),(10,1):0.000000
(4,5),(10,3):0.000000
(4,5),(7,3):2.500000
(4,5),(7,4):7.821429
(4,5),(12,4):8.000000
(4,5),(12,8):1.321429
(4,5),(14,8):0.000000
(4,5),(14,12):0.000000
(4,5),(16,12):0.000000
(4,5),(16,16):0.000000
(4,5),(17,16):0.000000
(4,5),(17,15):0.000000
(4,5),(18,15):0.000000
(4,5),(18,17):0.000000
(5,5),(5,2):10.500000
(5,5),(9,2):3.500000
(5,5),(9,1):0.000000
(5,5),(10,1):0.000000
(5,5),(10,3):2.500000
(5,5),(7,3):9.000000
(5,5),(7,4):18.833334
(5,5),(12,4):15.011905
(5,5),(12,8):3.083333
(5,5),(14,8):0.000000
(5,5),(14,12):0.000000
(5,5),(16,12):0.000000
(5,5),(16,16):0.000000
(5,5),(17,16):0.000000
(5,5),(17,15):0.000000
(5,5),(18,15):0.000000
(5,5),(18,17):0.000000
(5,2),(9,2):6.000000
(5,2),(9,1):1.000000
(5,2),(10,1):1.500000
(5,2),(10,3):5.000000
(5,2),(7,3):11.000000
(5,2),(7,4):10.000000
(5,2),(12,4):6.000000
(5,2),(12,8):0.000000
(5,2),(14,8):0.000000
(5,2),(14,12):0.000000
(5,2),(16,12):0.000000
(5,2),(16,16):0.000000
(5,2),(17,16):0.000000
(5,2),(17,15):0.000000
(5,2),(18,15):0.000000
(5,2),(18,17):0.000000
(9,2),(9,1):2.000000
(9,2),(10,1):2.500000
(9,2),(10,3):6.000000
(9,2),(7,3):6.250000
(9,2),(7,4):3.000000
(9,2),(12,4):0.000000
(9,2),(12,8):0.000000
(9,2),(14,8):0.000000
(9,2),(14,12):0.000000
(9,2),(16,12):0.000000
(9,2),(16,16):0.000000
(9,2),(17,16):0.000000
(9,2),(17,15):0.000000
(9,2),(18,15):0.000000
(9,2),(18,17):0.000000
(9,1),(10,1):2.000000
(9,1),(10,3):2.000000
(9,1),(7,3):1.250000
(9,1),(7,4):0.000000
(9,1),(12,4):0.000000
(9,1),(12,8):0.000000
(9,1),(14,8):0.000000
(9,1),(14,12):0.000000
(9,1),(16,12):0.000000
(9,1),(16,16):0.000000
(9,1),(17,16):0.000000
(9,1),(17,15):0.000000
(9,1),(18,15):0.000000
(9,1),(18,17):0.000000
(10,1),(10,3):2.500000
(10,1),(7,3):1.750000
(10,1),(7,4):0.000000
(10,1),(12,4):0.000000
(10,1),(12,8):0.000000
(10,1),(14,8):0.000000
(10,1),(14,12):0.000000
(10,1),(16,12):0.000000
(10,1),(16,16):0.000000
(10,1),(17,16):0.000000
(10,1),(17,15):0.000000
(10,1),(18,15):0.000000
(10,1),(18,17):0.000000
(10,3),(7,3):5.250000
(10,3),(7,4):2.000000
(10,3),(12,4):0.000000
(10,3),(12,8):0.000000
(10,3),(14,8):0.000000
(10,3),(14,12):0.000000
(10,3),(16,12):0.000000
(10,3),(16,16):0.000000
(10,3),(17,16):0.000000
(10,3),(17,15):0.000000
(10,3),(18,15):0.000000
(10,3),(18,17):0.000000
(7,3),(7,4):8.500000
(7,3),(12,4):4.500000
(7,3),(12,8):0.000000
(7,3),(14,8):0.000000
(7,3),(14,12):0.000000
(7,3),(16,12):0.000000
(7,3),(16,16):0.000000
(7,3),(17,16):0.000000
(7,3),(17,15):0.000000
(7,3),(18,15):0.000000
(7,3),(18,17):0.000000
(7,4),(12,4):15.000000
(7,4),(12,8):3.250000
(7,4),(14,8):0.000000
(7,4),(14,12):0.000000
(7,4),(16,12):0.000000
(7,4),(16,16):0.000000
(7,4),(17,16):0.000000
(7,4),(17,15):0.000000
(7,4),(18,15):0.000000
(7,4),(18,17):0.000000
(12,4),(12,8):13.500000
(12,4),(14,8):8.500000
(12,4),(14,12):9.500000
(12,4),(16,12):2.933333
(12,4),(16,16):0.000000
(12,4),(17,16):0.000000
(12,4),(17,15):0.000000
(12,4),(18,15):0.000000
(12,4),(18,17):0.000000
(12,8),(14,8):29.400000
(12,8),(14,12):30.250000
(12,8),(16,12):11.750000
(12,8),(16,16):0.000000
(12,8),(17,16):0.000000
(12,8),(17,15):0.000000
(12,8),(18,15):0.000000
(12,8),(18,17):0.000000
(14,8),(14,12):39.000000
(14,8),(16,12):17.500000
(14,8),(16,16):0.000000
(14,8),(17,16):0.000000
(14,8),(17,15):0.000000
(14,8),(18,15):0.000000
(14,8),(18,17):0.000000
(14,12),(16,12):26.071428
(14,12),(16,16):1.666667
(14,12),(17,16):0.000000
(14,12),(17,15):0.000000
(14,12),(18,15):0.000000
(14,12),(18,17):0.000000
(16,12),(16,16):5.166667
(16,12),(17,16):1.000000
(16,12),(17,15):0.000000
(16,12),(18,15):0.000000
(16,12),(18,17):1.250000
(16,16),(17,16):3.000000
(16,16),(17,15):1.000000
(16,16),(18,15):1.500000
(16,16),(18,17):3.250000
(17,16),(17,15):2.000000
(17,16),(18,15):2.500000
(17,16),(18,17):4.000000
(17,15),(18,15):2.000000
(17,15),(18,17):2.000000
(18,15),(18,17):2.500000
