72
(35,28):(34,25)	(34,26)	(34,34)	(35,25)	(35,26)	(35,27)	(35,28)	(35,34)	(36,24)	(36,28)	
(35,34):(34,25)	(34,26)	(34,34)	(35,25)	(35,26)	(35,27)	(35,28)	(35,34)	
(34,34):(34,25)	(34,26)	(34,34)	(35,25)	(35,26)	(35,27)	(35,28)	(35,34)	
(34,26):(33,25)	(33,26)	(34,25)	(34,26)	(34,34)	(35,25)	(35,26)	(35,27)	(35,28)	(35,34)	(36,24)	(36,28)	
(33,26):(33,25)	(33,26)	(34,25)	(34,26)	(35,25)	(35,26)	(36,24)	
(33,25):(11,23)	(11,24)	(11,25)	(12,24)	(12,25)	(13,24)	(13,25)	(14,24)	(14,25)	(15,24)	(15,25)	(16,23)	(16,24)	(16,25)	(17,22)	(17,23)	(17,24)	(17,25)	(18,22)	(18,23)	(18,24)	(18,25)	(19,23)	(19,24)	(19,25)	(20,23)	(20,24)	(20,25)	(21,23)	(21,24)	(21,25)	(22,23)	(22,24)	(22,25)	(23,23)	(23,24)	(23,25)	(24,24)	(24,25)	(25,24)	(25,25)	(26,24)	(26,25)	(27,24)	(27,25)	(28,24)	(28,25)	(29,25)	(30,25)	(31,25)	(33,25)	(33,26)	(34,25)	(34,26)	(35,25)	(35,26)	(35,27)	(36,24)	(36,28)	
(31,25):(11,23)	(11,24)	(11,25)	(11,26)	(11,27)	(11,28)	(12,24)	(12,25)	(12,26)	(12,27)	(12,28)	(13,24)	(13,25)	(13,26)	(13,27)	(13,28)	(14,24)	(14,25)	(14,26)	(14,27)	(14,28)	(15,24)	(15,25)	(15,26)	(15,27)	(16,23)	(16,24)	(16,25)	(16,26)	(16,27)	(17,21)	(17,22)	(17,23)	(17,24)	(17,25)	(17,26)	(17,27)	(18,21)	(18,22)	(18,23)	(18,24)	(18,25)	(18,26)	(18,27)	(19,22)	(19,23)	(19,24)	(19,25)	(19,26)	(19,27)	(20,22)	(20,23)	(20,24)	(20,25)	(20,26)	(20,27)	(21,22)	(21,23)	(21,24)	(21,25)	(21,26)	(22,22)	(22,23)	(22,24)	(22,25)	(22,26)	(23,23)	(23,24)	(23,25)	(23,26)	(24,23)	(24,24)	(24,25)	(24,26)	(25,23)	(25,24)	(25,25)	(25,26)	(26,24)	(26,25)	(26,26)	(27,24)	(27,25)	(27,26)	(28,24)	(28,25)	(28,26)	(29,25)	(29,26)	(30,25)	(30,26)	(31,25)	(31,27)	(33,25)	(34,25)	(35,25)	(36,24)	
(31,27):(11,23)	(11,24)	(11,25)	(11,26)	(11,27)	(12,24)	(12,25)	(12,26)	(12,27)	(13,24)	(13,25)	(13,26)	(13,27)	(14,24)	(14,25)	(14,26)	(14,27)	(15,24)	(15,25)	(15,26)	(15,27)	(16,23)	(16,24)	(16,25)	(16,26)	(16,27)	(17,21)	(17,22)	(17,23)	(17,24)	(17,25)	(17,26)	(17,27)	(18,21)	(18,22)	(18,23)	(18,24)	(18,25)	(18,26)	(18,27)	(19,22)	(19,23)	(19,24)	(19,25)	(19,26)	(19,27)	(20,22)	(20,23)	(20,24)	(20,25)	(20,26)	(20,27)	(21,22)	(21,23)	(21,24)	(21,25)	(21,26)	(22,22)	(22,23)	(22,24)	(22,25)	(22,26)	(23,22)	(23,23)	(23,24)	(23,25)	(23,26)	(24,22)	(24,23)	(24,24)	(24,25)	(24,26)	(25,22)	(25,23)	(25,24)	(25,25)	(25,26)	(26,22)	(26,23)	(26,24)	(26,25)	(26,26)	(27,23)	(27,24)	(27,25)	(27,26)	(28,24)	(28,25)	(28,26)	(29,25)	(29,26)	(30,25)	(30,26)	(31,25)	(31,27)	
(20,27):(11,23)	(11,24)	(11,25)	(11,26)	(11,27)	(11,28)	(11,29)	(11,30)	(12,24)	(12,25)	(12,26)	(12,27)	(12,28)	(12,29)	(12,30)	(13,24)	(13,25)	(13,26)	(13,27)	(13,28)	(13,29)	(14,24)	(14,25)	(14,26)	(14,27)	(14,28)	(14,29)	(15,24)	(15,25)	(15,26)	(15,27)	(15,28)	(15,29)	(16,18)	(16,23)	(16,24)	(16,25)	(16,26)	(16,27)	(16,28)	(17,20)	(17,21)	(17,22)	(17,23)	(17,24)	(17,25)	(17,26)	(17,27)	(17,28)	(18,21)	(18,22)	(18,23)	(18,24)	(18,25)	(18,26)	(18,27)	(18,28)	(19,22)	(19,23)	(19,24)	(19,25)	(19,26)	(19,27)	(19,28)	(20,22)	(20,23)	(20,24)	(20,25)	(20,26)	(20,27)	(20,29)	(21,22)	(21,23)	(21,24)	(21,25)	(21,26)	(22,22)	(22,23)	(22,24)	(22,25)	(22,26)	(23,22)	(23,23)	(23,24)	(23,25)	(23,26)	(24,22)	(24,23)	(24,24)	(24,25)	(24,26)	(25,22)	(25,23)	(25,24)	(25,25)	(25,26)	(26,22)	(26,23)	(26,24)	(26,25)	(26,26)	(27,22)	(27,23)	(27,24)	(27,25)	(27,26)	(28,21)	(28,24)	(28,25)	(28,26)	(29,25)	(29,26)	(30,25)	(30,26)	(31,25)	(31,27)	(36,24)	
(20,29):(11,23)	(11,24)	(11,25)	(11,26)	(11,27)	(11,28)	(11,29)	(12,24)	(12,25)	(12,26)	(12,27)	(12,28)	(12,29)	(13,24)	(13,25)	(13,26)	(13,27)	(13,28)	(13,29)	(14,24)	(14,25)	(14,26)	(14,27)	(14,28)	(14,29)	(15,24)	(15,25)	(15,26)	(15,27)	(15,28)	(15,29)	(16,18)	(16,23)	(16,24)	(16,25)	(16,26)	(16,27)	(16,28)	(17,20)	(17,21)	(17,22)	(17,23)	(17,24)	(17,25)	(17,26)	(17,27)	(17,28)	(18,21)	(18,22)	(18,23)	(18,24)	(18,25)	(18,26)	(18,27)	(18,28)	(19,22)	(19,23)	(19,24)	(19,25)	(19,26)	(19,27)	(19,28)	(20,22)	(20,23)	(20,24)	(20,25)	(20,26)	(20,27)	(20,29)	
(15,29):(10,22)	(10,36)	(11,23)	(11,24)	(11,25)	(11,26)	(11,27)	(11,28)	(11,29)	(11,30)	(11,31)	(11,32)	(11,33)	(11,34)	(11,35)	(12,24)	(12,25)	(12,26)	(12,27)	(12,28)	(12,29)	(12,30)	(12,31)	(12,32)	(12,33)	(12,34)	(12,35)	(13,24)	(13,25)	(13,26)	(13,27)	(13,28)	(13,29)	(13,30)	(13,31)	(13,32)	(13,33)	(13,34)	(14,24)	(14,25)	(14,26)	(14,27)	(14,28)	(14,29)	(14,30)	(14,31)	(14,32)	(14,33)	(14,34)	(15,24)	(15,25)	(15,26)	(15,27)	(15,28)	(15,29)	(15,32)	(15,33)	(15,34)	(16,23)	(16,24)	(16,25)	(16,26)	(16,27)	(16,28)	(17,18)	(17,19)	(17,20)	(17,21)	(17,22)	(17,23)	(17,24)	(17,25)	(17,26)	(17,27)	(17,28)	(18,20)	(18,21)	(18,22)	(18,23)	(18,24)	(18,25)	(18,26)	(18,27)	(18,28)	(19,22)	(19,23)	(19,24)	(19,25)	(19,26)	(19,27)	(19,28)	(20,22)	(20,23)	(20,24)	(20,25)	(20,26)	(20,27)	(20,29)	(21,22)	(21,23)	(21,24)	(21,25)	(21,26)	(22,22)	(22,23)	(22,24)	(22,25)	(22,26)	(23,22)	(23,23)	(23,24)	(23,25)	(24,22)	(24,23)	(24,24)	(24,25)	(25,22)	(25,23)	(25,24)	(25,25)	(26,22)	(26,23)	(26,24)	(27,22)	(27,23)	(27,24)	(28,21)	
(15,32):(10,22)	(10,36)	(11,23)	(11,24)	(11,25)	(11,26)	(11,27)	(11,28)	(11,29)	(11,30)	(11,31)	(11,32)	(11,33)	(11,34)	(11,35)	(12,24)	(12,25)	(12,26)	(12,27)	(12,28)	(12,29)	(12,30)	(12,31)	(12,32)	(12,33)	(12,34)	(12,35)	(13,24)	(13,25)	(13,26)	(13,27)	(13,28)	(13,29)	(13,30)	(13,31)	(13,32)	(13,33)	(13,34)	(14,24)	(14,25)	(14,26)	(14,27)	(14,28)	(14,29)	(14,30)	(14,31)	(14,32)	(14,33)	(14,34)	(15,24)	(15,25)	(15,26)	(15,27)	(15,28)	(15,29)	(15,32)	(15,33)	(15,34)	(16,33)	(16,34)	(17,33)	(17,34)	(18,33)	(18,34)	(19,33)	(19,35)	(22,32)	(23,32)	(24,33)	
(22,32):(11,32)	(11,33)	(11,34)	(11,35)	(12,32)	(12,33)	(12,34)	(12,35)	(13,32)	(13,33)	(13,34)	(14,32)	(14,33)	(14,34)	(15,32)	(15,33)	(15,34)	(16,33)	(16,34)	(17,33)	(18,33)	(19,33)	(22,30)	(22,32)	(23,31)	(23,32)	(24,31)	(24,33)	(25,30)	
(22,30):(22,30)	(22,32)	(23,31)	(23,32)	(24,31)	(24,33)	(25,30)	(25,31)	
(25,30):(22,30)	(22,32)	(23,31)	(23,32)	(24,31)	(25,30)	(25,31)	
(25,31):(22,30)	(23,31)	(24,31)	(25,30)	(25,31)	
(24,31):(22,30)	(22,32)	(23,31)	(23,32)	(24,31)	(24,33)	(25,30)	(25,31)	
(24,33):(11,32)	(11,33)	(12,32)	(12,33)	(13,32)	(13,33)	(14,32)	(14,33)	(15,32)	(15,33)	(16,33)	(17,33)	(18,33)	(19,33)	(22,30)	(22,32)	(23,31)	(23,32)	(24,31)	(24,33)	
(19,33):(11,31)	(11,32)	(11,33)	(11,34)	(11,35)	(12,32)	(12,33)	(12,34)	(12,35)	(13,32)	(13,33)	(13,34)	(14,32)	(14,33)	(14,34)	(15,32)	(15,33)	(15,34)	(16,33)	(16,34)	(17,33)	(17,34)	(18,33)	(18,34)	(19,33)	(19,35)	(22,32)	(23,32)	(24,33)	
(19,35):(11,29)	(11,30)	(11,31)	(11,32)	(11,33)	(11,34)	(11,35)	(12,30)	(12,31)	(12,32)	(12,33)	(12,34)	(12,35)	(13,31)	(13,32)	(13,33)	(13,34)	(14,32)	(14,33)	(14,34)	(15,32)	(15,33)	(15,34)	(16,33)	(16,34)	(17,33)	(17,34)	(18,33)	(18,34)	(19,33)	(19,35)	
(12,35):(10,22)	(10,36)	(11,23)	(11,24)	(11,25)	(11,26)	(11,27)	(11,28)	(11,29)	(11,30)	(11,31)	(11,32)	(11,33)	(11,34)	(11,35)	(12,24)	(12,25)	(12,26)	(12,27)	(12,28)	(12,29)	(12,30)	(12,31)	(12,32)	(12,33)	(12,34)	(12,35)	(12,36)	(13,24)	(13,25)	(13,26)	(13,27)	(13,28)	(13,29)	(13,30)	(13,31)	(13,32)	(13,33)	(13,34)	(14,24)	(14,25)	(14,26)	(14,27)	(14,28)	(14,29)	(14,30)	(14,31)	(14,32)	(14,33)	(14,34)	(15,24)	(15,25)	(15,26)	(15,27)	(15,28)	(15,29)	(15,32)	(15,33)	(15,34)	(16,23)	(16,24)	(16,25)	(16,26)	(16,27)	(16,33)	(16,34)	(17,20)	(17,21)	(17,22)	(17,23)	(17,24)	(17,25)	(17,33)	(17,34)	(18,20)	(18,21)	(18,22)	(18,23)	(18,33)	(18,34)	(19,33)	(19,35)	(22,32)	
(12,36):(10,22)	(10,36)	(11,23)	(11,24)	(11,25)	(11,26)	(11,27)	(11,28)	(11,29)	(11,30)	(11,31)	(11,32)	(11,33)	(11,34)	(11,35)	(12,24)	(12,25)	(12,26)	(12,27)	(12,28)	(12,29)	(12,30)	(12,31)	(12,32)	(12,33)	(12,34)	(12,35)	(12,36)	
(10,36):(10,22)	(10,36)	(11,22)	(11,23)	(11,24)	(11,25)	(11,26)	(11,27)	(11,28)	(11,29)	(11,30)	(11,31)	(11,32)	(11,33)	(11,34)	(11,35)	(12,24)	(12,25)	(12,26)	(12,27)	(12,28)	(12,29)	(12,30)	(12,31)	(12,32)	(12,33)	(12,34)	(12,35)	(12,36)	(13,24)	(13,25)	(13,26)	(13,27)	(13,28)	(13,29)	(13,30)	(13,31)	(13,32)	(13,33)	(13,34)	(14,24)	(14,25)	(14,26)	(14,27)	(14,28)	(14,29)	(14,30)	(14,31)	(14,32)	(14,33)	(14,34)	(15,24)	(15,25)	(15,26)	(15,27)	(15,28)	(15,29)	(15,32)	(15,33)	(16,23)	(16,24)	(16,25)	(16,26)	(16,27)	(16,33)	(17,21)	(17,22)	(17,23)	(17,24)	(17,25)	(17,26)	(18,20)	(18,21)	(18,22)	(18,23)	(18,24)	(19,22)	(19,23)	(20,22)	
(10,22):(10,22)	(10,36)	(11,22)	(11,23)	(11,24)	(11,25)	(11,26)	(11,27)	(11,28)	(11,29)	(11,30)	(11,31)	(11,32)	(11,33)	(11,34)	(11,35)	(12,24)	(12,25)	(12,26)	(12,27)	(12,28)	(12,29)	(12,30)	(12,31)	(12,32)	(12,33)	(12,34)	(12,35)	(12,36)	(13,25)	(13,26)	(13,27)	(13,28)	(13,29)	(13,30)	(13,31)	(13,32)	(13,33)	(13,34)	(14,26)	(14,27)	(14,28)	(14,29)	(14,30)	(14,31)	(14,32)	(14,33)	(14,34)	(15,27)	(15,28)	(15,29)	(15,32)	(15,33)	(15,34)	(16,28)	(16,34)	
(11,22):(10,22)	(10,36)	(11,22)	(11,23)	(11,24)	(11,25)	(11,26)	(11,27)	(11,28)	(11,29)	(11,30)	(11,31)	(11,32)	(11,33)	(11,34)	(11,35)	
(11,23):(10,22)	(10,36)	(11,22)	(11,23)	(11,24)	(11,25)	(11,26)	(11,27)	(11,28)	(11,29)	(11,30)	(11,31)	(11,32)	(11,33)	(11,34)	(11,35)	(12,24)	(12,25)	(12,26)	(12,27)	(12,28)	(12,29)	(12,30)	(12,31)	(12,32)	(12,33)	(12,34)	(12,35)	(12,36)	(13,24)	(13,25)	(13,26)	(13,27)	(13,28)	(13,29)	(13,30)	(13,31)	(13,32)	(13,33)	(13,34)	(14,24)	(14,25)	(14,26)	(14,27)	(14,28)	(14,29)	(14,30)	(14,31)	(14,32)	(14,33)	(14,34)	(15,24)	(15,25)	(15,26)	(15,27)	(15,28)	(15,29)	(15,32)	(15,33)	(15,34)	(16,23)	(16,24)	(16,25)	(16,26)	(16,27)	(16,28)	(17,23)	(17,24)	(17,25)	(17,26)	(17,27)	(17,28)	(18,23)	(18,24)	(18,25)	(18,26)	(18,27)	(18,28)	(19,23)	(19,24)	(19,25)	(19,26)	(19,27)	(19,28)	(20,23)	(20,24)	(20,25)	(20,26)	(20,27)	(20,29)	(21,23)	(21,24)	(21,25)	(21,26)	(22,23)	(22,24)	(22,25)	(22,26)	(23,23)	(23,24)	(23,25)	(23,26)	(24,23)	(24,24)	(24,25)	(24,26)	(25,23)	(25,24)	(25,25)	(25,26)	(26,23)	(26,24)	(26,25)	(26,26)	(27,23)	(27,24)	(27,25)	(27,26)	(28,24)	(28,25)	(28,26)	(29,25)	(29,26)	(30,25)	(30,26)	(31,25)	(31,27)	(33,25)	(34,25)	(35,25)	
(16,23):(10,36)	(11,23)	(11,24)	(11,25)	(11,26)	(11,27)	(11,28)	(11,29)	(11,30)	(11,31)	(11,32)	(11,33)	(11,34)	(11,35)	(12,24)	(12,25)	(12,26)	(12,27)	(12,28)	(12,29)	(12,30)	(12,31)	(12,32)	(12,33)	(12,34)	(12,35)	(13,24)	(13,25)	(13,26)	(13,27)	(13,28)	(13,29)	(13,30)	(13,31)	(13,32)	(13,33)	(13,34)	(14,24)	(14,25)	(14,26)	(14,27)	(14,28)	(14,29)	(14,30)	(14,31)	(14,32)	(14,33)	(14,34)	(15,24)	(15,25)	(15,26)	(15,27)	(15,28)	(15,29)	(16,18)	(16,23)	(16,24)	(16,25)	(16,26)	(16,27)	(16,28)	(17,18)	(17,19)	(17,20)	(17,21)	(17,22)	(17,23)	(17,24)	(17,25)	(17,26)	(17,27)	(17,28)	(18,20)	(18,21)	(18,22)	(18,23)	(18,24)	(18,25)	(18,26)	(18,27)	(18,28)	(19,22)	(19,23)	(19,24)	(19,25)	(19,26)	(19,27)	(19,28)	(20,22)	(20,23)	(20,24)	(20,25)	(20,26)	(20,27)	(20,29)	(21,22)	(21,23)	(21,24)	(21,25)	(21,26)	(22,22)	(22,23)	(22,24)	(22,25)	(22,26)	(23,22)	(23,23)	(23,24)	(23,25)	(23,26)	(24,22)	(24,23)	(24,24)	(24,25)	(24,26)	(25,22)	(25,23)	(25,24)	(25,25)	(25,26)	(26,22)	(26,23)	(26,24)	(26,25)	(26,26)	(27,22)	(27,23)	(27,24)	(27,25)	(27,26)	(28,21)	(28,24)	(28,25)	(28,26)	(29,25)	(29,26)	(30,25)	(30,26)	(31,25)	(31,27)	(33,25)	(34,25)	(35,25)	
(16,18):(4,17)	(4,18)	(16,18)	(16,23)	(16,24)	(16,25)	(16,26)	(16,27)	(16,28)	(17,18)	(17,19)	(17,20)	(17,21)	(17,22)	(17,23)	(17,24)	(17,25)	(17,26)	(17,27)	(17,28)	(18,18)	(18,22)	(18,23)	(18,24)	(18,25)	(18,26)	(18,27)	(18,28)	(19,18)	(19,24)	(19,25)	(19,26)	(19,27)	(19,28)	(20,18)	(20,26)	(20,27)	(20,29)	(21,18)	(22,18)	(23,17)	(23,18)	(24,17)	(24,18)	(25,17)	(25,18)	(26,17)	(26,18)	(27,19)	
(4,18):(4,17)	(4,18)	(16,18)	(17,18)	(18,18)	(19,18)	(20,18)	(21,18)	(22,18)	(23,17)	(23,18)	(24,17)	(24,18)	(25,17)	(25,18)	(26,17)	(26,18)	
(4,17):(4,17)	(4,18)	(16,18)	(17,18)	(18,18)	(19,18)	(20,18)	(21,18)	(22,18)	(23,17)	(23,18)	(24,17)	(24,18)	(25,17)	(25,18)	(26,17)	(26,18)	
(23,17):(4,17)	(4,18)	(16,18)	(17,18)	(17,19)	(18,18)	(19,18)	(20,18)	(21,18)	(22,18)	(23,14)	(23,15)	(23,16)	(23,17)	(23,18)	(24,14)	(24,15)	(24,16)	(24,17)	(24,18)	(25,14)	(25,15)	(25,16)	(25,17)	(25,18)	(26,13)	(26,14)	(26,15)	(26,16)	(26,17)	(26,18)	(27,19)	
(23,16):(5,14)	(6,15)	(6,16)	(7,15)	(8,15)	(9,12)	(9,14)	(9,15)	(10,13)	(10,14)	(10,15)	(11,13)	(11,14)	(11,15)	(12,13)	(12,14)	(12,15)	(13,13)	(13,14)	(13,15)	(14,13)	(14,14)	(14,15)	(15,14)	(15,15)	(16,14)	(16,15)	(17,14)	(17,15)	(18,14)	(18,15)	(19,14)	(19,15)	(20,14)	(20,15)	(21,14)	(21,15)	(22,14)	(22,15)	(23,14)	(23,15)	(23,16)	(23,17)	(23,18)	(24,14)	(24,15)	(24,16)	(24,17)	(24,18)	(25,14)	(25,15)	(25,16)	(25,17)	(25,18)	(26,13)	(26,14)	(26,15)	(26,16)	(26,17)	(26,18)	(27,19)	
(6,16):(6,15)	(6,16)	(7,15)	(8,15)	(9,14)	(9,15)	(10,14)	(10,15)	(11,13)	(11,14)	(11,15)	(12,13)	(12,14)	(12,15)	(13,13)	(13,14)	(13,15)	(14,12)	(14,13)	(14,14)	(14,15)	(15,14)	(15,15)	(16,14)	(16,15)	(17,14)	(17,15)	(18,14)	(18,15)	(19,14)	(19,15)	(20,14)	(20,15)	(21,14)	(21,15)	(22,14)	(22,15)	(23,14)	(23,15)	(23,16)	(24,14)	(24,15)	(24,16)	(25,14)	(25,15)	(25,16)	(26,13)	(26,14)	(26,15)	(26,16)	
(6,15):(5,14)	(5,15)	(6,15)	(6,16)	(7,15)	(8,15)	(9,14)	(9,15)	(10,14)	(10,15)	(11,14)	(11,15)	(12,13)	(12,14)	(12,15)	(13,13)	(13,14)	(13,15)	(14,13)	(14,14)	(14,15)	(15,14)	(15,15)	(16,14)	(16,15)	(17,14)	(17,15)	(18,14)	(18,15)	(19,14)	(19,15)	(20,14)	(20,15)	(21,14)	(21,15)	(22,14)	(22,15)	(23,14)	(23,15)	(23,16)	(24,14)	(24,15)	(24,16)	(25,14)	(25,15)	(25,16)	(26,13)	(26,14)	(26,15)	(26,16)	
(5,15):(5,14)	(5,15)	(6,15)	(7,15)	(8,15)	(9,14)	(9,15)	(10,14)	(10,15)	(11,14)	(11,15)	(12,14)	(12,15)	(13,13)	(13,14)	(13,15)	(14,13)	(14,14)	(14,15)	(15,14)	(15,15)	(16,14)	(16,15)	(17,14)	(17,15)	(18,14)	(18,15)	(19,14)	(19,15)	(20,14)	(20,15)	(21,14)	(21,15)	(22,14)	(22,15)	(23,14)	(23,15)	(24,14)	(24,15)	(25,14)	(25,15)	(26,13)	(26,14)	(26,15)	
(5,14):(5,14)	(5,15)	(6,15)	(7,15)	(8,15)	(9,14)	(9,15)	(10,14)	(10,15)	(11,14)	(11,15)	(12,14)	(12,15)	(13,14)	(13,15)	(14,14)	(14,15)	(15,14)	(15,15)	(16,14)	(16,15)	(17,14)	(17,15)	(18,14)	(18,15)	(19,14)	(19,15)	(20,14)	(20,15)	(21,14)	(21,15)	(22,14)	(22,15)	(23,14)	(23,15)	(23,16)	(24,14)	(24,15)	(24,16)	(25,14)	(25,15)	(25,16)	(26,14)	(26,15)	(26,16)	
(9,14):(5,14)	(5,15)	(6,15)	(6,16)	(7,15)	(8,15)	(9,12)	(9,14)	(9,15)	(10,13)	(10,14)	(10,15)	(11,13)	(11,14)	(11,15)	(12,13)	(12,14)	(12,15)	(13,13)	(13,14)	(13,15)	(14,12)	(14,13)	(14,14)	(14,15)	(15,14)	(15,15)	(16,14)	(16,15)	(17,14)	(17,15)	(18,14)	(18,15)	(19,14)	(19,15)	(20,14)	(20,15)	(21,14)	(21,15)	(22,14)	(22,15)	(23,14)	(23,15)	(23,16)	(24,14)	(24,15)	(24,16)	(25,14)	(25,15)	(25,16)	(26,13)	(26,14)	(26,15)	(26,16)	
(9,12):(9,12)	(9,14)	(9,15)	(10,13)	(10,14)	(10,15)	(11,13)	(11,14)	(11,15)	(12,13)	(12,14)	(12,15)	(13,13)	(13,14)	(13,15)	(14,12)	(14,13)	(14,14)	(14,15)	(15,14)	(15,15)	(16,14)	(16,15)	(17,14)	(17,15)	(18,14)	(18,15)	(19,14)	(19,15)	(20,15)	(21,15)	(22,15)	(23,15)	(23,16)	(24,15)	(24,16)	(25,16)	(26,16)	
(14,12):(6,16)	(7,15)	(8,15)	(9,12)	(9,14)	(9,15)	(10,13)	(10,14)	(10,15)	(11,13)	(11,14)	(11,15)	(12,13)	(12,14)	(12,15)	(13,13)	(13,14)	(13,15)	(14,12)	(14,13)	(14,14)	(14,15)	
(14,13):(5,15)	(6,15)	(6,16)	(7,15)	(8,15)	(9,12)	(9,14)	(9,15)	(10,13)	(10,14)	(10,15)	(11,13)	(11,14)	(11,15)	(12,13)	(12,14)	(12,15)	(13,13)	(13,14)	(13,15)	(14,12)	(14,13)	(14,14)	(14,15)	(15,14)	(15,15)	(16,14)	(16,15)	(17,14)	(17,15)	(18,14)	(18,15)	(19,14)	(19,15)	(20,14)	(20,15)	(21,14)	(21,15)	(22,14)	(22,15)	(23,14)	(23,15)	(23,16)	(24,14)	(24,15)	(24,16)	(25,14)	(25,15)	(25,16)	(26,13)	(26,14)	(26,15)	(26,16)	(26,17)	
(26,13):(5,15)	(6,15)	(6,16)	(7,15)	(8,15)	(9,14)	(9,15)	(10,13)	(10,14)	(10,15)	(11,13)	(11,14)	(11,15)	(12,13)	(12,14)	(12,15)	(13,13)	(13,14)	(13,15)	(14,13)	(14,14)	(14,15)	(15,14)	(15,15)	(16,14)	(16,15)	(17,14)	(17,15)	(18,14)	(18,15)	(19,14)	(19,15)	(20,14)	(20,15)	(21,14)	(21,15)	(22,14)	(22,15)	(23,14)	(23,15)	(23,16)	(23,17)	(23,18)	(24,14)	(24,15)	(24,16)	(24,17)	(24,18)	(25,14)	(25,15)	(25,16)	(25,17)	(25,18)	(26,4)	(26,5)	(26,6)	(26,7)	(26,13)	(26,14)	(26,15)	(26,16)	(26,17)	(26,18)	(27,4)	(27,5)	(27,6)	(27,7)	(27,8)	(27,9)	(27,10)	(27,11)	(27,19)	(28,4)	(28,5)	(28,6)	(28,7)	(28,8)	(28,9)	(29,3)	(29,4)	(29,5)	(29,6)	(29,7)	(30,2)	
(26,7):(4,6)	(4,7)	(5,6)	(5,7)	(6,6)	(6,7)	(7,6)	(7,7)	(8,7)	(13,4)	(13,6)	(14,5)	(14,6)	(15,5)	(15,6)	(16,5)	(16,6)	(17,5)	(17,6)	(18,5)	(18,6)	(19,5)	(19,6)	(20,5)	(20,6)	(21,3)	(21,4)	(21,5)	(21,6)	(22,4)	(22,5)	(22,6)	(23,4)	(23,5)	(23,6)	(24,4)	(24,5)	(24,6)	(25,4)	(25,5)	(25,6)	(26,4)	(26,5)	(26,6)	(26,7)	(26,13)	(26,14)	(26,15)	(26,16)	(26,17)	(26,18)	(27,4)	(27,5)	(27,6)	(27,7)	(27,8)	(27,9)	(27,10)	(27,11)	(27,19)	(28,4)	(28,5)	(28,6)	(28,7)	(28,8)	(28,9)	(28,10)	(29,3)	(29,4)	(29,5)	(29,6)	(29,7)	(29,8)	(29,9)	(29,10)	(30,2)	(30,11)	
(8,7):(1,9)	(2,9)	(2,10)	(3,5)	(3,8)	(3,9)	(4,6)	(4,7)	(4,8)	(4,9)	(5,6)	(5,7)	(5,8)	(5,9)	(6,6)	(6,7)	(6,8)	(6,9)	(7,6)	(7,7)	(7,8)	(7,9)	(8,7)	(8,10)	(13,6)	(14,6)	(15,6)	(16,6)	(17,6)	(18,5)	(18,6)	(19,5)	(19,6)	(20,5)	(20,6)	(21,5)	(21,6)	(22,5)	(22,6)	(23,4)	(23,5)	(23,6)	(24,4)	(24,5)	(24,6)	(25,4)	(25,5)	(25,6)	(26,4)	(26,5)	(26,6)	(26,7)	(27,4)	(27,5)	(27,6)	(27,7)	(28,4)	(28,5)	(28,6)	(28,7)	(29,3)	(29,4)	(29,5)	(29,6)	(29,7)	
(8,10):(1,8)	(2,9)	(2,10)	(3,5)	(3,8)	(3,9)	(4,6)	(4,7)	(4,8)	(4,9)	(5,6)	(5,7)	(5,8)	(5,9)	(6,6)	(6,7)	(6,8)	(6,9)	(7,6)	(7,7)	(7,8)	(7,9)	(8,7)	(8,10)	
(2,10):(2,9)	(2,10)	(3,8)	(3,9)	(4,6)	(4,7)	(4,8)	(4,9)	(5,6)	(5,7)	(5,8)	(5,9)	(6,6)	(6,7)	(6,8)	(6,9)	(7,5)	(7,6)	(7,7)	(7,8)	(7,9)	(8,7)	(8,10)	
(2,9):(1,8)	(1,9)	(2,9)	(2,10)	(3,8)	(3,9)	(4,7)	(4,8)	(4,9)	(5,6)	(5,7)	(5,8)	(5,9)	(6,6)	(6,7)	(6,8)	(6,9)	(7,5)	(7,6)	(7,7)	(7,8)	(7,9)	(8,7)	(8,10)	
(1,9):(1,8)	(1,9)	(2,9)	(3,8)	(3,9)	(4,8)	(4,9)	(5,7)	(5,8)	(5,9)	(6,7)	(6,8)	(6,9)	(7,6)	(7,7)	(7,8)	(7,9)	(8,7)	
(1,8):(1,8)	(1,9)	(2,9)	(3,8)	(3,9)	(4,8)	(4,9)	(5,8)	(5,9)	(6,8)	(6,9)	(7,8)	(7,9)	(8,10)	
(3,8):(1,8)	(1,9)	(2,9)	(2,10)	(3,5)	(3,8)	(3,9)	(4,6)	(4,7)	(4,8)	(4,9)	(5,6)	(5,7)	(5,8)	(5,9)	(6,6)	(6,7)	(6,8)	(6,9)	(7,5)	(7,6)	(7,7)	(7,8)	(7,9)	(8,7)	(8,10)	(13,6)	
(3,5):(3,5)	(3,8)	(3,9)	(4,6)	(4,7)	(4,8)	(4,9)	(5,6)	(5,7)	(5,8)	(5,9)	(6,6)	(6,7)	(6,8)	(6,9)	(7,5)	(7,6)	(7,7)	(7,8)	(7,9)	(8,7)	(8,10)	
(7,5):(2,9)	(2,10)	(3,5)	(3,8)	(3,9)	(4,6)	(4,7)	(4,8)	(4,9)	(5,6)	(5,7)	(5,8)	(5,9)	(6,6)	(6,7)	(6,8)	(6,9)	(7,5)	(7,6)	(7,7)	(7,8)	(7,9)	
(7,6):(1,9)	(2,9)	(2,10)	(3,5)	(3,8)	(3,9)	(4,6)	(4,7)	(4,8)	(4,9)	(5,6)	(5,7)	(5,8)	(5,9)	(6,6)	(6,7)	(6,8)	(6,9)	(7,5)	(7,6)	(7,7)	(7,8)	(7,9)	(8,7)	(8,10)	(13,6)	(14,6)	(15,6)	(16,6)	(17,6)	(18,6)	(19,6)	(20,6)	(21,6)	(22,6)	(23,6)	(24,6)	(25,6)	(26,6)	(26,7)	(27,6)	(27,7)	(28,6)	(28,7)	(29,6)	(29,7)	
(13,6):(3,8)	(4,6)	(4,7)	(5,6)	(5,7)	(6,6)	(6,7)	(7,6)	(7,7)	(8,7)	(13,4)	(13,6)	(14,5)	(14,6)	(15,5)	(15,6)	(16,5)	(16,6)	(17,5)	(17,6)	(18,5)	(18,6)	(19,5)	(19,6)	(20,5)	(20,6)	(21,4)	(21,5)	(21,6)	(22,4)	(22,5)	(22,6)	(23,4)	(23,5)	(23,6)	(24,4)	(24,5)	(24,6)	(25,4)	(25,5)	(25,6)	(26,4)	(26,5)	(26,6)	(26,7)	(27,4)	(27,5)	(27,6)	(27,7)	(28,4)	(28,5)	(28,6)	(28,7)	(29,3)	(29,4)	(29,5)	(29,6)	(29,7)	
(13,4):(13,4)	(13,6)	(14,5)	(14,6)	(15,5)	(15,6)	(16,5)	(16,6)	(17,5)	(17,6)	(18,5)	(18,6)	(19,5)	(19,6)	(20,5)	(20,6)	(21,4)	(21,5)	(21,6)	(22,4)	(22,5)	(22,6)	(23,4)	(23,5)	(23,6)	(24,4)	(24,5)	(24,6)	(25,4)	(25,5)	(25,6)	(26,4)	(26,5)	(26,6)	(26,7)	(27,4)	(27,5)	(27,6)	(27,7)	(28,4)	(28,5)	(28,6)	(28,7)	(29,4)	(29,5)	(29,6)	(29,7)	
(21,4):(13,4)	(13,6)	(14,5)	(14,6)	(15,5)	(15,6)	(16,5)	(16,6)	(17,5)	(17,6)	(18,5)	(18,6)	(19,5)	(19,6)	(20,5)	(20,6)	(21,3)	(21,4)	(21,5)	(21,6)	(22,4)	(22,5)	(22,6)	(23,4)	(23,5)	(23,6)	(24,4)	(24,5)	(24,6)	(25,4)	(25,5)	(25,6)	(26,4)	(26,5)	(26,6)	(26,7)	(27,4)	(27,5)	(27,6)	(27,7)	(28,4)	(28,5)	(28,6)	(28,7)	(28,8)	(29,3)	(29,4)	(29,5)	(29,6)	(29,7)	(29,8)	
(21,3):(21,3)	(21,4)	(21,5)	(21,6)	(22,4)	(22,5)	(22,6)	(23,4)	(23,5)	(23,6)	(24,4)	(24,5)	(24,6)	(25,4)	(25,5)	(25,6)	(26,4)	(26,5)	(26,6)	(26,7)	(27,4)	(27,5)	(27,6)	(27,7)	(28,4)	(28,5)	(28,6)	(28,7)	(28,8)	(29,3)	(29,4)	(29,5)	(29,6)	(29,7)	(29,8)	(29,9)	
(29,3):(8,7)	(13,6)	(14,5)	(14,6)	(15,5)	(15,6)	(16,5)	(16,6)	(17,5)	(17,6)	(18,5)	(18,6)	(19,5)	(19,6)	(20,5)	(20,6)	(21,3)	(21,4)	(21,5)	(21,6)	(22,4)	(22,5)	(22,6)	(23,4)	(23,5)	(23,6)	(24,4)	(24,5)	(24,6)	(25,4)	(25,5)	(25,6)	(25,17)	(25,18)	(26,4)	(26,5)	(26,6)	(26,7)	(26,13)	(26,14)	(26,15)	(27,4)	(27,5)	(27,6)	(27,7)	(27,8)	(27,9)	(27,10)	(27,11)	(28,4)	(28,5)	(28,6)	(28,7)	(28,8)	(28,9)	(28,10)	(29,1)	(29,3)	(29,4)	(29,5)	(29,6)	(29,7)	(29,8)	(29,9)	(29,10)	(30,2)	(30,11)	
(29,1):(29,1)	(29,3)	(29,4)	(29,5)	(29,6)	(29,7)	(29,8)	(29,9)	(29,10)	(30,2)	(30,11)	(32,1)	(32,2)	
(32,1):(29,1)	(30,2)	(32,1)	(32,2)	
(32,2):(29,1)	(30,2)	(32,1)	(32,2)	
(30,2):(25,16)	(25,17)	(26,6)	(26,7)	(26,13)	(26,14)	(27,5)	(27,6)	(27,7)	(27,8)	(27,9)	(27,10)	(27,11)	(28,4)	(28,5)	(28,6)	(28,7)	(28,8)	(28,9)	(28,10)	(29,1)	(29,3)	(29,4)	(29,5)	(29,6)	(29,7)	(29,8)	(29,9)	(29,10)	(30,2)	(30,11)	(32,1)	(32,2)	
(30,11):(23,4)	(24,4)	(24,5)	(25,4)	(25,5)	(25,6)	(26,4)	(26,5)	(26,6)	(26,7)	(27,4)	(27,5)	(27,6)	(27,7)	(27,8)	(27,9)	(27,10)	(27,11)	(28,4)	(28,5)	(28,6)	(28,7)	(28,8)	(28,9)	(28,10)	(29,1)	(29,3)	(29,4)	(29,5)	(29,6)	(29,7)	(29,8)	(29,9)	(29,10)	(30,2)	(30,11)	
(27,11):(24,17)	(24,18)	(25,15)	(25,16)	(25,17)	(25,18)	(26,4)	(26,5)	(26,6)	(26,7)	(26,13)	(26,14)	(26,15)	(26,16)	(26,17)	(26,18)	(27,4)	(27,5)	(27,6)	(27,7)	(27,8)	(27,9)	(27,10)	(27,11)	(27,19)	(28,4)	(28,5)	(28,6)	(28,7)	(28,8)	(28,9)	(28,10)	(29,3)	(29,4)	(29,5)	(29,6)	(29,7)	(29,8)	(29,9)	(29,10)	(30,2)	(30,11)	
(27,19):(16,18)	(17,18)	(17,19)	(18,18)	(19,18)	(20,18)	(21,14)	(21,18)	(22,14)	(22,15)	(22,18)	(23,14)	(23,15)	(23,16)	(23,17)	(23,18)	(24,14)	(24,15)	(24,16)	(24,17)	(24,18)	(25,14)	(25,15)	(25,16)	(25,17)	(25,18)	(26,4)	(26,5)	(26,6)	(26,7)	(26,13)	(26,14)	(26,15)	(26,16)	(26,17)	(26,18)	(27,4)	(27,5)	(27,6)	(27,7)	(27,8)	(27,9)	(27,10)	(27,11)	(27,19)	
(17,19):(14,31)	(14,32)	(14,33)	(14,34)	(15,27)	(15,28)	(15,29)	(16,18)	(16,23)	(16,24)	(16,25)	(16,26)	(16,27)	(16,28)	(17,18)	(17,19)	(17,20)	(17,21)	(17,22)	(17,23)	(17,24)	(17,25)	(17,26)	(17,27)	(17,28)	(18,18)	(19,18)	(20,18)	(21,18)	(22,18)	(23,17)	(23,18)	(24,17)	(24,18)	(25,17)	(25,18)	(26,16)	(26,17)	(26,18)	(27,19)	
(17,20):(12,35)	(13,32)	(13,33)	(13,34)	(14,29)	(14,30)	(14,31)	(14,32)	(14,33)	(15,26)	(15,27)	(15,28)	(15,29)	(16,18)	(16,23)	(16,24)	(16,25)	(16,26)	(16,27)	(16,28)	(17,18)	(17,19)	(17,20)	(17,21)	(17,22)	(17,23)	(17,24)	(17,25)	(17,26)	(17,27)	(17,28)	(18,20)	(18,21)	(18,22)	(18,23)	(18,24)	(18,25)	(18,26)	(18,27)	(18,28)	(19,22)	(19,23)	(19,24)	(19,25)	(19,26)	(19,27)	(19,28)	(20,23)	(20,24)	(20,25)	(20,26)	(20,27)	(20,29)	(21,24)	(21,25)	(21,26)	(22,25)	(22,26)	(23,26)	
(18,20):(10,36)	(11,31)	(11,32)	(11,33)	(11,34)	(11,35)	(12,29)	(12,30)	(12,31)	(12,32)	(12,33)	(12,34)	(12,35)	(13,28)	(13,29)	(13,30)	(13,31)	(13,32)	(13,33)	(13,34)	(14,26)	(14,27)	(14,28)	(14,29)	(14,30)	(14,31)	(14,32)	(15,25)	(15,26)	(15,27)	(15,28)	(15,29)	(16,23)	(16,24)	(16,25)	(16,26)	(16,27)	(16,28)	(17,20)	(17,21)	(17,22)	(17,23)	(17,24)	(17,25)	(17,26)	(17,27)	(17,28)	(18,20)	(18,21)	(18,22)	(18,23)	(18,24)	(18,25)	(18,26)	(18,27)	(18,28)	
(18,21):(10,36)	(11,28)	(11,29)	(11,30)	(11,31)	(11,32)	(11,33)	(11,34)	(11,35)	(12,27)	(12,28)	(12,29)	(12,30)	(12,31)	(12,32)	(12,33)	(12,34)	(12,35)	(13,26)	(13,27)	(13,28)	(13,29)	(13,30)	(13,31)	(13,32)	(13,33)	(13,34)	(14,25)	(14,26)	(14,27)	(14,28)	(14,29)	(14,30)	(14,31)	(15,24)	(15,25)	(15,26)	(15,27)	(15,28)	(15,29)	(16,23)	(16,24)	(16,25)	(16,26)	(16,27)	(16,28)	(17,20)	(17,21)	(17,22)	(17,23)	(17,24)	(17,25)	(17,26)	(17,27)	(17,28)	(18,20)	(18,21)	(18,22)	(18,23)	(18,24)	(18,25)	(18,26)	(18,27)	(18,28)	(19,22)	(19,23)	(19,24)	(19,25)	(19,26)	(19,27)	(19,28)	(20,22)	(20,23)	(20,24)	(20,25)	(20,26)	(20,27)	(20,29)	(21,22)	(21,23)	(21,24)	(21,25)	(21,26)	(22,22)	(22,23)	(22,24)	(22,25)	(22,26)	(23,22)	(23,23)	(23,24)	(23,25)	(23,26)	(24,22)	(24,23)	(24,24)	(24,25)	(24,26)	(25,22)	(25,23)	(25,24)	(25,25)	(25,26)	(26,22)	(26,23)	(26,24)	(26,25)	(26,26)	(27,22)	(27,23)	(27,24)	(27,25)	(27,26)	(28,21)	(28,24)	(28,25)	(28,26)	(29,25)	(29,26)	(30,25)	(30,26)	(31,25)	(31,27)	
(28,21):(11,24)	(11,25)	(11,26)	(11,27)	(11,28)	(11,29)	(11,30)	(11,31)	(12,24)	(12,25)	(12,26)	(12,27)	(12,28)	(12,29)	(12,30)	(13,24)	(13,25)	(13,26)	(13,27)	(13,28)	(13,29)	(13,30)	(14,24)	(14,25)	(14,26)	(14,27)	(14,28)	(14,29)	(15,24)	(15,25)	(15,26)	(15,27)	(15,28)	(15,29)	(16,23)	(16,24)	(16,25)	(16,26)	(16,27)	(16,28)	(17,21)	(17,22)	(17,23)	(17,24)	(17,25)	(17,26)	(17,27)	(17,28)	(18,21)	(18,22)	(18,23)	(18,24)	(18,25)	(18,26)	(18,27)	(18,28)	(19,22)	(19,23)	(19,24)	(19,25)	(19,26)	(19,27)	(20,22)	(20,23)	(20,24)	(20,25)	(20,26)	(20,27)	(21,22)	(21,23)	(21,24)	(21,25)	(21,26)	(22,22)	(22,23)	(22,24)	(22,25)	(22,26)	(23,22)	(23,23)	(23,24)	(23,25)	(23,26)	(24,22)	(24,23)	(24,24)	(24,25)	(24,26)	(25,22)	(25,23)	(25,24)	(25,25)	(25,26)	(26,22)	(26,23)	(26,24)	(26,25)	(26,26)	(27,22)	(27,23)	(27,24)	(27,25)	(27,26)	(28,21)	(28,24)	(28,25)	(28,26)	
(28,24):(11,23)	(11,24)	(11,25)	(11,26)	(11,27)	(11,28)	(11,29)	(11,30)	(12,24)	(12,25)	(12,26)	(12,27)	(12,28)	(12,29)	(12,30)	(13,24)	(13,25)	(13,26)	(13,27)	(13,28)	(13,29)	(14,24)	(14,25)	(14,26)	(14,27)	(14,28)	(14,29)	(15,24)	(15,25)	(15,26)	(15,27)	(15,28)	(16,23)	(16,24)	(16,25)	(16,26)	(16,27)	(16,28)	(17,21)	(17,22)	(17,23)	(17,24)	(17,25)	(17,26)	(17,27)	(17,28)	(18,21)	(18,22)	(18,23)	(18,24)	(18,25)	(18,26)	(18,27)	(19,22)	(19,23)	(19,24)	(19,25)	(19,26)	(19,27)	(20,22)	(20,23)	(20,24)	(20,25)	(20,26)	(20,27)	(21,22)	(21,23)	(21,24)	(21,25)	(21,26)	(22,22)	(22,23)	(22,24)	(22,25)	(22,26)	(23,22)	(23,23)	(23,24)	(23,25)	(23,26)	(24,22)	(24,23)	(24,24)	(24,25)	(24,26)	(25,22)	(25,23)	(25,24)	(25,25)	(25,26)	(26,22)	(26,23)	(26,24)	(26,25)	(26,26)	(27,22)	(27,23)	(27,24)	(27,25)	(27,26)	(28,21)	(28,24)	(28,25)	(28,26)	(29,25)	(29,26)	(30,25)	(30,26)	(31,25)	(31,27)	(33,25)	(34,25)	(35,25)	(36,24)	
(36,24):(11,24)	(11,25)	(11,26)	(11,27)	(11,28)	(12,24)	(12,25)	(12,26)	(12,27)	(12,28)	(13,24)	(13,25)	(13,26)	(13,27)	(13,28)	(14,24)	(14,25)	(14,26)	(14,27)	(14,28)	(15,24)	(15,25)	(15,26)	(15,27)	(16,24)	(16,25)	(16,26)	(16,27)	(17,24)	(17,25)	(17,26)	(17,27)	(18,24)	(18,25)	(18,26)	(18,27)	(19,24)	(19,25)	(19,26)	(19,27)	(20,24)	(20,25)	(20,26)	(20,27)	(21,24)	(21,25)	(21,26)	(22,24)	(22,25)	(22,26)	(23,24)	(23,25)	(23,26)	(24,24)	(24,25)	(24,26)	(25,24)	(25,25)	(25,26)	(26,24)	(26,25)	(26,26)	(27,24)	(27,25)	(28,24)	(28,25)	(29,25)	(30,25)	(31,25)	(33,25)	(33,26)	(34,25)	(34,26)	(35,25)	(35,26)	(35,27)	(35,28)	(36,24)	(36,28)	
(36,28):(33,25)	(34,25)	(34,26)	(35,25)	(35,26)	(35,27)	(35,28)	(36,24)	(36,28)	
(35,28):15.000000
(35,34):10.250000
(34,34):11.333333
(34,26):16.500000
(33,26):6.000000
(33,25):51.445454
(31,25):106.256294
(31,27):101.523079
(20,27):136.076477
(20,29):71.890152
(15,29):138.016663
(15,32):79.277779
(22,32):31.350000
(22,30):7.000000
(25,30):5.750000
(25,31):3.000000
(24,31):8.000000
(24,33):19.388889
(19,33):36.363094
(19,35):36.375000
(12,35):91.486908
(12,36):26.961538
(10,36):83.780220
(10,22):59.250000
(11,22):14.000000
(11,23):139.526733
(16,23):162.196075
(16,18):63.392857
(4,18):23.421053
(4,17):28.041666
(23,17):50.833332
(23,16):76.970589
(6,16):62.075001
(6,15):60.687256
(5,15):38.172619
(5,14):43.388889
(9,14):67.172272
(9,12):44.385715
(14,12):24.200001
(14,13):67.066666
(26,13):100.611229
(26,7):95.321053
(8,7):76.695236
(8,10):26.791666
(2,10):24.750000
(2,9):24.000000
(1,9):14.750000
(1,8):12.500000
(3,8):29.500000
(3,5):25.000000
(7,5):21.666666
(7,6):48.421051
(13,6):71.209137
(13,4):52.846153
(21,4):66.862503
(21,3):42.400002
(29,3):82.905952
(29,1):12.000000
(32,1):3.250000
(32,2):3.000000
(30,2):35.878788
(30,11):42.000000
(27,11):52.666668
(27,19):60.166668
(17,19):43.566666
(17,20):57.250000
(18,20):52.799999
(18,21):133.202377
(28,21):118.025642
(28,24):130.279419
(36,24):76.375000
(36,28):10.000000
(35,28),(35,34):10.250000
(35,28),(34,34):11.333333
(35,28),(34,26):15.000000
(35,28),(33,26):5.000000
(35,28),(33,25):7.000000
(35,28),(31,25):2.750000
(35,28),(31,27):0.000000
(35,28),(20,27):0.998106
(35,28),(20,29):0.000000
(35,28),(15,29):0.000000
(35,28),(15,32):0.000000
(35,28),(22,32):0.000000
(35,28),(22,30):0.000000
(35,28),(25,30):0.000000
(35,28),(25,31):0.000000
(35,28),(24,31):0.000000
(35,28),(24,33):0.000000
(35,28),(19,33):0.000000
(35,28),(19,35):0.000000
(35,28),(12,35):0.000000
(35,28),(12,36):0.000000
(35,28),(10,36):0.000000
(35,28),(10,22):0.000000
(35,28),(11,22):0.000000
(35,28),(11,23):2.022409
(35,28),(16,23):1.684077
(35,28),(16,18):0.000000
(35,28),(4,18):0.000000
(35,28),(4,17):0.000000
(35,28),(23,17):0.000000
(35,28),(23,16):0.000000
(35,28),(6,16):0.000000
(35,28),(6,15):0.000000
(35,28),(5,15):0.000000
(35,28),(5,14):0.000000
(35,28),(9,14):0.000000
(35,28),(9,12):0.000000
(35,28),(14,12):0.000000
(35,28),(14,13):0.000000
(35,28),(26,13):0.000000
(35,28),(26,7):0.000000
(35,28),(8,7):0.000000
(35,28),(8,10):0.000000
(35,28),(2,10):0.000000
(35,28),(2,9):0.000000
(35,28),(1,9):0.000000
(35,28),(1,8):0.000000
(35,28),(3,8):0.000000
(35,28),(3,5):0.000000
(35,28),(7,5):0.000000
(35,28),(7,6):0.000000
(35,28),(13,6):0.000000
(35,28),(13,4):0.000000
(35,28),(21,4):0.000000
(35,28),(21,3):0.000000
(35,28),(29,3):0.000000
(35,28),(29,1):0.000000
(35,28),(32,1):0.000000
(35,28),(32,2):0.000000
(35,28),(30,2):0.000000
(35,28),(30,11):0.000000
(35,28),(27,11):0.000000
(35,28),(27,19):0.000000
(35,28),(17,19):0.000000
(35,28),(17,20):0.000000
(35,28),(18,20):0.000000
(35,28),(18,21):0.000000
(35,28),(28,21):0.000000
(35,28),(28,24):3.622222
(35,28),(36,24):11.000000
(35,28),(36,28):9.000000
(35,34),(34,34):10.000000
(35,34),(34,26):10.250000
(35,34),(33,26):2.250000
(35,34),(33,25):2.750000
(35,34),(31,25):1.187500
(35,34),(31,27):0.000000
(35,34),(20,27):0.467677
(35,34),(20,29):0.000000
(35,34),(15,29):0.000000
(35,34),(15,32):0.000000
(35,34),(22,32):0.000000
(35,34),(22,30):0.000000
(35,34),(25,30):0.000000
(35,34),(25,31):0.000000
(35,34),(24,31):0.000000
(35,34),(24,33):0.000000
(35,34),(19,33):0.000000
(35,34),(19,35):0.000000
(35,34),(12,35):0.000000
(35,34),(12,36):0.000000
(35,34),(10,36):0.000000
(35,34),(10,22):0.000000
(35,34),(11,22):0.000000
(35,34),(11,23):0.872570
(35,34),(16,23):0.727524
(35,34),(16,18):0.000000
(35,34),(4,18):0.000000
(35,34),(4,17):0.000000
(35,34),(23,17):0.000000
(35,34),(23,16):0.000000
(35,34),(6,16):0.000000
(35,34),(6,15):0.000000
(35,34),(5,15):0.000000
(35,34),(5,14):0.000000
(35,34),(9,14):0.000000
(35,34),(9,12):0.000000
(35,34),(14,12):0.000000
(35,34),(14,13):0.000000
(35,34),(26,13):0.000000
(35,34),(26,7):0.000000
(35,34),(8,7):0.000000
(35,34),(8,10):0.000000
(35,34),(2,10):0.000000
(35,34),(2,9):0.000000
(35,34),(1,9):0.000000
(35,34),(1,8):0.000000
(35,34),(3,8):0.000000
(35,34),(3,5):0.000000
(35,34),(7,5):0.000000
(35,34),(7,6):0.000000
(35,34),(13,6):0.000000
(35,34),(13,4):0.000000
(35,34),(21,4):0.000000
(35,34),(21,3):0.000000
(35,34),(29,3):0.000000
(35,34),(29,1):0.000000
(35,34),(32,1):0.000000
(35,34),(32,2):0.000000
(35,34),(30,2):0.000000
(35,34),(30,11):0.000000
(35,34),(27,11):0.000000
(35,34),(27,19):0.000000
(35,34),(17,19):0.000000
(35,34),(17,20):0.000000
(35,34),(18,20):0.000000
(35,34),(18,21):0.000000
(35,34),(28,21):0.000000
(35,34),(28,24):1.508974
(35,34),(36,24):6.250000
(35,34),(36,28):4.250000
(34,34),(34,26):11.333333
(34,34),(33,26):3.000000
(34,34),(33,25):3.761905
(34,34),(31,25):1.583333
(34,34),(31,27):0.000000
(34,34),(20,27):0.503078
(34,34),(20,29):0.000000
(34,34),(15,29):0.000000
(34,34),(15,32):0.000000
(34,34),(22,32):0.000000
(34,34),(22,30):0.000000
(34,34),(25,30):0.000000
(34,34),(25,31):0.000000
(34,34),(24,31):0.000000
(34,34),(24,33):0.000000
(34,34),(19,33):0.000000
(34,34),(19,35):0.000000
(34,34),(12,35):0.000000
(34,34),(12,36):0.000000
(34,34),(10,36):0.000000
(34,34),(10,22):0.000000
(34,34),(11,22):0.000000
(34,34),(11,23):1.164579
(34,34),(16,23):0.969562
(34,34),(16,18):0.000000
(34,34),(4,18):0.000000
(34,34),(4,17):0.000000
(34,34),(23,17):0.000000
(34,34),(23,16):0.000000
(34,34),(6,16):0.000000
(34,34),(6,15):0.000000
(34,34),(5,15):0.000000
(34,34),(5,14):0.000000
(34,34),(9,14):0.000000
(34,34),(9,12):0.000000
(34,34),(14,12):0.000000
(34,34),(14,13):0.000000
(34,34),(26,13):0.000000
(34,34),(26,7):0.000000
(34,34),(8,7):0.000000
(34,34),(8,10):0.000000
(34,34),(2,10):0.000000
(34,34),(2,9):0.000000
(34,34),(1,9):0.000000
(34,34),(1,8):0.000000
(34,34),(3,8):0.000000
(34,34),(3,5):0.000000
(34,34),(7,5):0.000000
(34,34),(7,6):0.000000
(34,34),(13,6):0.000000
(34,34),(13,4):0.000000
(34,34),(21,4):0.000000
(34,34),(21,3):0.000000
(34,34),(29,3):0.000000
(34,34),(29,1):0.000000
(34,34),(32,1):0.000000
(34,34),(32,2):0.000000
(34,34),(30,2):0.000000
(34,34),(30,11):0.000000
(34,34),(27,11):0.000000
(34,34),(27,19):0.000000
(34,34),(17,19):0.000000
(34,34),(17,20):0.000000
(34,34),(18,20):0.000000
(34,34),(18,21):0.000000
(34,34),(28,21):0.000000
(34,34),(28,24):2.088172
(34,34),(36,24):7.333333
(34,34),(36,28):5.333333
(34,26),(33,26):6.000000
(34,26),(33,25):8.500000
(34,26),(31,25):3.500000
(34,26),(31,27):0.000000
(34,26),(20,27):1.534965
(34,26),(20,29):0.000000
(34,26),(15,29):0.000000
(34,26),(15,32):0.000000
(34,26),(22,32):0.000000
(34,26),(22,30):0.000000
(34,26),(25,30):0.000000
(34,26),(25,31):0.000000
(34,26),(24,31):0.000000
(34,26),(24,33):0.000000
(34,26),(19,33):0.000000
(34,26),(19,35):0.000000
(34,26),(12,35):0.000000
(34,26),(12,36):0.000000
(34,26),(10,36):0.000000
(34,26),(10,22):0.000000
(34,26),(11,22):0.000000
(34,26),(11,23):2.526738
(34,26),(16,23):2.090018
(34,26),(16,18):0.000000
(34,26),(4,18):0.000000
(34,26),(4,17):0.000000
(34,26),(23,17):0.000000
(34,26),(23,16):0.000000
(34,26),(6,16):0.000000
(34,26),(6,15):0.000000
(34,26),(5,15):0.000000
(34,26),(5,14):0.000000
(34,26),(9,14):0.000000
(34,26),(9,12):0.000000
(34,26),(14,12):0.000000
(34,26),(14,13):0.000000
(34,26),(26,13):0.000000
(34,26),(26,7):0.000000
(34,26),(8,7):0.000000
(34,26),(8,10):0.000000
(34,26),(2,10):0.000000
(34,26),(2,9):0.000000
(34,26),(1,9):0.000000
(34,26),(1,8):0.000000
(34,26),(3,8):0.000000
(34,26),(3,5):0.000000
(34,26),(7,5):0.000000
(34,26),(7,6):0.000000
(34,26),(13,6):0.000000
(34,26),(13,4):0.000000
(34,26),(21,4):0.000000
(34,26),(21,3):0.000000
(34,26),(29,3):0.000000
(34,26),(29,1):0.000000
(34,26),(32,1):0.000000
(34,26),(32,2):0.000000
(34,26),(30,2):0.000000
(34,26),(30,11):0.000000
(34,26),(27,11):0.000000
(34,26),(27,19):0.000000
(34,26),(17,19):0.000000
(34,26),(17,20):0.000000
(34,26),(18,20):0.000000
(34,26),(18,21):0.000000
(34,26),(28,21):0.000000
(34,26),(28,24):4.400000
(34,26),(36,24):12.500000
(34,26),(36,28):10.000000
(33,26),(33,25):6.000000
(33,26),(31,25):3.000000
(33,26),(31,27):0.000000
(33,26),(20,27):1.090909
(33,26),(20,29):0.000000
(33,26),(15,29):0.000000
(33,26),(15,32):0.000000
(33,26),(22,32):0.000000
(33,26),(22,30):0.000000
(33,26),(25,30):0.000000
(33,26),(25,31):0.000000
(33,26),(24,31):0.000000
(33,26),(24,33):0.000000
(33,26),(19,33):0.000000
(33,26),(19,35):0.000000
(33,26),(12,35):0.000000
(33,26),(12,36):0.000000
(33,26),(10,36):0.000000
(33,26),(10,22):0.000000
(33,26),(11,22):0.000000
(33,26),(11,23):2.262032
(33,26),(16,23):1.904412
(33,26),(16,18):0.000000
(33,26),(4,18):0.000000
(33,26),(4,17):0.000000
(33,26),(23,17):0.000000
(33,26),(23,16):0.000000
(33,26),(6,16):0.000000
(33,26),(6,15):0.000000
(33,26),(5,15):0.000000
(33,26),(5,14):0.000000
(33,26),(9,14):0.000000
(33,26),(9,12):0.000000
(33,26),(14,12):0.000000
(33,26),(14,13):0.000000
(33,26),(26,13):0.000000
(33,26),(26,7):0.000000
(33,26),(8,7):0.000000
(33,26),(8,10):0.000000
(33,26),(2,10):0.000000
(33,26),(2,9):0.000000
(33,26),(1,9):0.000000
(33,26),(1,8):0.000000
(33,26),(3,8):0.000000
(33,26),(3,5):0.000000
(33,26),(7,5):0.000000
(33,26),(7,6):0.000000
(33,26),(13,6):0.000000
(33,26),(13,4):0.000000
(33,26),(21,4):0.000000
(33,26),(21,3):0.000000
(33,26),(29,3):0.000000
(33,26),(29,1):0.000000
(33,26),(32,1):0.000000
(33,26),(32,2):0.000000
(33,26),(30,2):0.000000
(33,26),(30,11):0.000000
(33,26),(27,11):0.000000
(33,26),(27,19):0.000000
(33,26),(17,19):0.000000
(33,26),(17,20):0.000000
(33,26),(18,20):0.000000
(33,26),(18,21):0.000000
(33,26),(28,21):0.000000
(33,26),(28,24):3.900000
(33,26),(36,24):6.000000
(33,26),(36,28):5.500000
(33,25),(31,25):46.445454
(33,25),(31,27):41.445454
(33,25),(20,27):44.172726
(33,25),(20,29):24.045454
(33,25),(15,29):36.520725
(33,25),(15,32):10.045455
(33,25),(22,32):0.000000
(33,25),(22,30):0.000000
(33,25),(25,30):0.000000
(33,25),(25,31):0.000000
(33,25),(24,31):0.000000
(33,25),(24,33):0.000000
(33,25),(19,33):0.000000
(33,25),(19,35):0.000000
(33,25),(12,35):17.366478
(33,25),(12,36):4.045455
(33,25),(10,36):20.467085
(33,25),(10,22):4.045455
(33,25),(11,22):2.045455
(33,25),(11,23):40.072193
(33,25),(16,23):44.262745
(33,25),(16,18):8.650000
(33,25),(4,18):0.000000
(33,25),(4,17):0.000000
(33,25),(23,17):0.000000
(33,25),(23,16):0.000000
(33,25),(6,16):0.000000
(33,25),(6,15):0.000000
(33,25),(5,15):0.000000
(33,25),(5,14):0.000000
(33,25),(9,14):0.000000
(33,25),(9,12):0.000000
(33,25),(14,12):0.000000
(33,25),(14,13):0.000000
(33,25),(26,13):0.000000
(33,25),(26,7):0.000000
(33,25),(8,7):0.000000
(33,25),(8,10):0.000000
(33,25),(2,10):0.000000
(33,25),(2,9):0.000000
(33,25),(1,9):0.000000
(33,25),(1,8):0.000000
(33,25),(3,8):0.000000
(33,25),(3,5):0.000000
(33,25),(7,5):0.000000
(33,25),(7,6):0.000000
(33,25),(13,6):0.000000
(33,25),(13,4):0.000000
(33,25),(21,4):0.000000
(33,25),(21,3):0.000000
(33,25),(29,3):0.000000
(33,25),(29,1):0.000000
(33,25),(32,1):0.000000
(33,25),(32,2):0.000000
(33,25),(30,2):0.000000
(33,25),(30,11):0.000000
(33,25),(27,11):0.000000
(33,25),(27,19):0.000000
(33,25),(17,19):3.800000
(33,25),(17,20):14.441667
(33,25),(18,20):7.733333
(33,25),(18,21):30.066668
(33,25),(28,21):35.400002
(33,25),(28,24):47.329411
(33,25),(36,24):31.000000
(33,25),(36,28):8.000000
(31,25),(31,27):92.165382
(31,25),(20,27):103.983566
(31,25),(20,29):57.589626
(31,25),(15,29):78.941353
(31,25),(15,32):26.868181
(31,25),(22,32):0.000000
(31,25),(22,30):0.000000
(31,25),(25,30):0.000000
(31,25),(25,31):0.000000
(31,25),(24,31):0.000000
(31,25),(24,33):0.000000
(31,25),(19,33):0.000000
(31,25),(19,35):0.173226
(31,25),(12,35):40.122303
(31,25),(12,36):11.322727
(31,25),(10,36):46.074413
(31,25),(10,22):19.217833
(31,25),(11,22):5.777273
(31,25),(11,23):91.758553
(31,25),(16,23):103.539627
(31,25),(16,18):20.024475
(31,25),(4,18):0.000000
(31,25),(4,17):0.000000
(31,25),(23,17):0.000000
(31,25),(23,16):0.000000
(31,25),(6,16):0.000000
(31,25),(6,15):0.000000
(31,25),(5,15):0.000000
(31,25),(5,14):0.000000
(31,25),(9,14):0.000000
(31,25),(9,12):0.000000
(31,25),(14,12):0.000000
(31,25),(14,13):0.000000
(31,25),(26,13):0.000000
(31,25),(26,7):0.000000
(31,25),(8,7):0.000000
(31,25),(8,10):0.000000
(31,25),(2,10):0.000000
(31,25),(2,9):0.000000
(31,25),(1,9):0.000000
(31,25),(1,8):0.000000
(31,25),(3,8):0.000000
(31,25),(3,5):0.000000
(31,25),(7,5):0.000000
(31,25),(7,6):0.000000
(31,25),(13,6):0.000000
(31,25),(13,4):0.000000
(31,25),(21,4):0.000000
(31,25),(21,3):0.000000
(31,25),(29,3):0.000000
(31,25),(29,1):0.000000
(31,25),(32,1):0.000000
(31,25),(32,2):0.000000
(31,25),(30,2):0.000000
(31,25),(30,11):0.000000
(31,25),(27,11):0.000000
(31,25),(27,19):0.000000
(31,25),(17,19):10.024309
(31,25),(17,20):36.034740
(31,25),(18,20):22.182783
(31,25),(18,21):81.893166
(31,25),(28,21):88.590912
(31,25),(28,24):106.220322
(31,25),(36,24):67.090912
(31,25),(36,28):3.500000
(31,27),(20,27):101.523079
(31,27),(20,29):49.023075
(31,27),(15,29):79.076187
(31,27),(15,32):20.100000
(31,27),(22,32):0.000000
(31,27),(22,30):0.000000
(31,27),(25,30):0.000000
(31,27),(25,31):0.000000
(31,27),(24,31):0.000000
(31,27),(24,33):0.000000
(31,27),(19,33):0.000000
(31,27),(19,35):0.000000
(31,27),(12,35):32.788887
(31,27),(12,36):8.100000
(31,27),(10,36):38.826134
(31,27),(10,22):12.100000
(31,27),(11,22):4.100000
(31,27),(11,23):80.335297
(31,27),(16,23):101.048080
(31,27),(16,18):18.848078
(31,27),(4,18):0.000000
(31,27),(4,17):0.000000
(31,27),(23,17):0.000000
(31,27),(23,16):0.000000
(31,27),(6,16):0.000000
(31,27),(6,15):0.000000
(31,27),(5,15):0.000000
(31,27),(5,14):0.000000
(31,27),(9,14):0.000000
(31,27),(9,12):0.000000
(31,27),(14,12):0.000000
(31,27),(14,13):0.000000
(31,27),(26,13):0.000000
(31,27),(26,7):0.000000
(31,27),(8,7):0.000000
(31,27),(8,10):0.000000
(31,27),(2,10):0.000000
(31,27),(2,9):0.000000
(31,27),(1,9):0.000000
(31,27),(1,8):0.000000
(31,27),(3,8):0.000000
(31,27),(3,5):0.000000
(31,27),(7,5):0.000000
(31,27),(7,6):0.000000
(31,27),(13,6):0.000000
(31,27),(13,4):0.000000
(31,27),(21,4):0.000000
(31,27),(21,3):0.000000
(31,27),(29,3):0.000000
(31,27),(29,1):0.000000
(31,27),(32,1):0.000000
(31,27),(32,2):0.000000
(31,27),(30,2):0.000000
(31,27),(30,11):0.000000
(31,27),(27,11):0.000000
(31,27),(27,19):0.000000
(31,27),(17,19):8.692307
(31,27),(17,20):33.589745
(31,27),(18,20):18.256411
(31,27),(18,21):84.073074
(31,27),(28,21):88.500000
(31,27),(28,24):101.129410
(31,27),(36,24):53.000000
(31,27),(36,28):0.000000
(20,27),(20,29):71.308800
(20,27),(15,29):109.715553
(20,27),(15,32):35.222221
(20,27),(22,32):0.000000
(20,27),(22,30):0.000000
(20,27),(25,30):0.000000
(20,27),(25,31):0.000000
(20,27),(24,31):0.000000
(20,27),(24,33):0.000000
(20,27),(19,33):0.048077
(20,27),(19,35):3.288043
(20,27),(12,35):49.555557
(20,27),(12,36):15.422222
(20,27),(10,36):55.835773
(20,27),(10,22):29.222221
(20,27),(11,22):8.022223
(20,27),(11,23):107.366669
(20,27),(16,23):133.685715
(20,27),(16,18):28.543652
(20,27),(4,18):0.150794
(20,27),(4,17):0.151675
(20,27),(23,17):0.647817
(20,27),(23,16):0.000000
(20,27),(6,16):0.000000
(20,27),(6,15):0.000000
(20,27),(5,15):0.000000
(20,27),(5,14):0.000000
(20,27),(9,14):0.000000
(20,27),(9,12):0.000000
(20,27),(14,12):0.000000
(20,27),(14,13):0.000000
(20,27),(26,13):0.000000
(20,27),(26,7):0.000000
(20,27),(8,7):0.000000
(20,27),(8,10):0.000000
(20,27),(2,10):0.000000
(20,27),(2,9):0.000000
(20,27),(1,9):0.000000
(20,27),(1,8):0.000000
(20,27),(3,8):0.000000
(20,27),(3,5):0.000000
(20,27),(7,5):0.000000
(20,27),(7,6):0.000000
(20,27),(13,6):0.000000
(20,27),(13,4):0.000000
(20,27),(21,4):0.000000
(20,27),(21,3):0.000000
(20,27),(29,3):0.000000
(20,27),(29,1):0.000000
(20,27),(32,1):0.000000
(20,27),(32,2):0.000000
(20,27),(30,2):0.000000
(20,27),(30,11):0.000000
(20,27),(27,11):0.000000
(20,27),(27,19):0.507937
(20,27),(17,19):14.849206
(20,27),(17,20):47.357754
(20,27),(18,20):32.287880
(20,27),(18,21):112.993713
(20,27),(28,21):115.333336
(20,27),(28,24):127.106682
(20,27),(36,24):65.102272
(20,27),(36,28):1.534965
(20,29),(15,29):69.708336
(20,29),(15,32):30.333334
(20,29),(22,32):0.000000
(20,29),(22,30):0.000000
(20,29),(25,30):0.000000
(20,29),(25,31):0.000000
(20,29),(24,31):0.000000
(20,29),(24,33):0.000000
(20,29),(19,33):0.000000
(20,29),(19,35):0.375000
(20,29),(12,35):44.708332
(20,29),(12,36):12.333333
(20,29),(10,36):50.631409
(20,29),(10,22):24.333334
(20,29),(11,22):6.333333
(20,29),(11,23):60.333332
(20,29),(16,23):71.375000
(20,29),(16,18):28.681818
(20,29),(4,18):0.348485
(20,29),(4,17):0.353247
(20,29),(23,17):0.998485
(20,29),(23,16):0.000000
(20,29),(6,16):0.000000
(20,29),(6,15):0.000000
(20,29),(5,15):0.000000
(20,29),(5,14):0.000000
(20,29),(9,14):0.000000
(20,29),(9,12):0.000000
(20,29),(14,12):0.000000
(20,29),(14,13):0.000000
(20,29),(26,13):0.000000
(20,29),(26,7):0.000000
(20,29),(8,7):0.000000
(20,29),(8,10):0.000000
(20,29),(2,10):0.000000
(20,29),(2,9):0.000000
(20,29),(1,9):0.000000
(20,29),(1,8):0.000000
(20,29),(3,8):0.000000
(20,29),(3,5):0.000000
(20,29),(7,5):0.000000
(20,29),(7,6):0.000000
(20,29),(13,6):0.000000
(20,29),(13,4):0.000000
(20,29),(21,4):0.000000
(20,29),(21,3):0.000000
(20,29),(29,3):0.000000
(20,29),(29,1):0.000000
(20,29),(32,1):0.000000
(20,29),(32,2):0.000000
(20,29),(30,2):0.000000
(20,29),(30,11):0.000000
(20,29),(27,11):0.000000
(20,29),(27,19):0.848485
(20,29),(17,19):15.181818
(20,29),(17,20):39.556820
(20,29),(18,20):29.875000
(20,29),(18,21):52.375000
(20,29),(28,21):62.333332
(20,29),(28,24):63.296078
(20,29),(36,24):39.375000
(20,29),(36,28):0.000000
(15,29),(15,32):62.166668
(15,29),(22,32):14.933333
(15,29),(22,30):0.000000
(15,29),(25,30):0.000000
(15,29),(25,31):0.000000
(15,29),(24,31):0.000000
(15,29),(24,33):6.388889
(15,29),(19,33):18.696428
(15,29),(19,35):24.375000
(15,29),(12,35):76.916664
(15,29),(12,36):26.416666
(15,29),(10,36):80.946884
(15,29),(10,22):56.416668
(15,29),(11,22):13.666667
(15,29),(11,23):111.616669
(15,29),(16,23):134.350006
(15,29),(16,18):27.608334
(15,29),(4,18):0.383333
(15,29),(4,17):0.413811
(15,29),(23,17):0.752941
(15,29),(23,16):0.000000
(15,29),(6,16):0.000000
(15,29),(6,15):0.000000
(15,29),(5,15):0.000000
(15,29),(5,14):0.000000
(15,29),(9,14):0.000000
(15,29),(9,12):0.000000
(15,29),(14,12):0.000000
(15,29),(14,13):0.000000
(15,29),(26,13):0.000000
(15,29),(26,7):0.000000
(15,29),(8,7):0.000000
(15,29),(8,10):0.000000
(15,29),(2,10):0.000000
(15,29),(2,9):0.000000
(15,29),(1,9):0.000000
(15,29),(1,8):0.000000
(15,29),(3,8):0.000000
(15,29),(3,5):0.000000
(15,29),(7,5):0.000000
(15,29),(7,6):0.000000
(15,29),(13,6):0.000000
(15,29),(13,4):0.000000
(15,29),(21,4):0.000000
(15,29),(21,3):0.000000
(15,29),(29,3):0.000000
(15,29),(29,1):0.000000
(15,29),(32,1):0.000000
(15,29),(32,2):0.000000
(15,29),(30,2):0.000000
(15,29),(30,11):0.000000
(15,29),(27,11):0.000000
(15,29),(27,19):0.733333
(15,29),(17,19):17.799999
(15,29),(17,20):51.714287
(15,29),(18,20):52.000000
(15,29),(18,21):111.557144
(15,29),(28,21):104.892311
(15,29),(28,24):102.042900
(15,29),(36,24):50.625000
(15,29),(36,28):0.000000
(15,32),(22,32):26.600000
(15,32),(22,30):2.000000
(15,32),(25,30):1.250000
(15,32),(25,31):0.000000
(15,32),(24,31):3.000000
(15,32),(24,33):15.388889
(15,32),(19,33):35.696430
(15,32),(19,35):36.375000
(15,32),(12,35):76.027779
(15,32),(12,36):26.277779
(15,32),(10,36):62.277779
(15,32),(10,22):56.527779
(15,32),(11,22):13.777778
(15,32),(11,23):64.277779
(15,32),(16,23):58.500000
(15,32),(16,18):0.000000
(15,32),(4,18):0.000000
(15,32),(4,17):0.000000
(15,32),(23,17):0.000000
(15,32),(23,16):0.000000
(15,32),(6,16):0.000000
(15,32),(6,15):0.000000
(15,32),(5,15):0.000000
(15,32),(5,14):0.000000
(15,32),(9,14):0.000000
(15,32),(9,12):0.000000
(15,32),(14,12):0.000000
(15,32),(14,13):0.000000
(15,32),(26,13):0.000000
(15,32),(26,7):0.000000
(15,32),(8,7):0.000000
(15,32),(8,10):0.000000
(15,32),(2,10):0.000000
(15,32),(2,9):0.000000
(15,32),(1,9):0.000000
(15,32),(1,8):0.000000
(15,32),(3,8):0.000000
(15,32),(3,5):0.000000
(15,32),(7,5):0.000000
(15,32),(7,6):0.000000
(15,32),(13,6):0.000000
(15,32),(13,4):0.000000
(15,32),(21,4):0.000000
(15,32),(21,3):0.000000
(15,32),(29,3):0.000000
(15,32),(29,1):0.000000
(15,32),(32,1):0.000000
(15,32),(32,2):0.000000
(15,32),(30,2):0.000000
(15,32),(30,11):0.000000
(15,32),(27,11):0.000000
(15,32),(27,19):0.000000
(15,32),(17,19):4.400000
(15,32),(17,20):9.500000
(15,32),(18,20):29.250000
(15,32),(18,21):37.250000
(15,32),(28,21):34.775642
(15,32),(28,24):34.091911
(15,32),(36,24):22.031250
(15,32),(36,28):0.000000
(22,32),(22,30):6.750000
(22,32),(25,30):5.500000
(22,32),(25,31):2.750000
(22,32),(24,31):7.750000
(22,32),(24,33):18.000000
(22,32),(19,33):27.238094
(22,32),(19,35):21.000000
(22,32),(12,35):23.628571
(22,32),(12,36):6.600000
(22,32),(10,36):15.600000
(22,32),(10,22):16.100000
(22,32),(11,22):3.450000
(22,32),(11,23):15.987097
(22,32),(16,23):13.173530
(22,32),(16,18):0.000000
(22,32),(4,18):0.000000
(22,32),(4,17):0.000000
(22,32),(23,17):0.000000
(22,32),(23,16):0.000000
(22,32),(6,16):0.000000
(22,32),(6,15):0.000000
(22,32),(5,15):0.000000
(22,32),(5,14):0.000000
(22,32),(9,14):0.000000
(22,32),(9,12):0.000000
(22,32),(14,12):0.000000
(22,32),(14,13):0.000000
(22,32),(26,13):0.000000
(22,32),(26,7):0.000000
(22,32),(8,7):0.000000
(22,32),(8,10):0.000000
(22,32),(2,10):0.000000
(22,32),(2,9):0.000000
(22,32),(1,9):0.000000
(22,32),(1,8):0.000000
(22,32),(3,8):0.000000
(22,32),(3,5):0.000000
(22,32),(7,5):0.000000
(22,32),(7,6):0.000000
(22,32),(13,6):0.000000
(22,32),(13,4):0.000000
(22,32),(21,4):0.000000
(22,32),(21,3):0.000000
(22,32),(29,3):0.000000
(22,32),(29,1):0.000000
(22,32),(32,1):0.000000
(22,32),(32,2):0.000000
(22,32),(30,2):0.000000
(22,32),(30,11):0.000000
(22,32),(27,11):0.000000
(22,32),(27,19):0.000000
(22,32),(17,19):2.060714
(22,32),(17,20):4.420000
(22,32),(18,20):11.100000
(22,32),(18,21):10.537500
(22,32),(28,21):0.004808
(22,32),(28,24):0.000000
(22,32),(36,24):0.000000
(22,32),(36,28):0.000000
(22,30),(25,30):5.000000
(22,30),(25,31):3.000000
(22,30),(24,31):7.000000
(22,30),(24,33):6.000000
(22,30),(19,33):2.666667
(22,30),(19,35):0.000000
(22,30),(12,35):0.314286
(22,30),(12,36):0.000000
(22,30),(10,36):0.000000
(22,30),(10,22):0.000000
(22,30),(11,22):0.000000
(22,30),(11,23):0.000000
(22,30),(16,23):0.000000
(22,30),(16,18):0.000000
(22,30),(4,18):0.000000
(22,30),(4,17):0.000000
(22,30),(23,17):0.000000
(22,30),(23,16):0.000000
(22,30),(6,16):0.000000
(22,30),(6,15):0.000000
(22,30),(5,15):0.000000
(22,30),(5,14):0.000000
(22,30),(9,14):0.000000
(22,30),(9,12):0.000000
(22,30),(14,12):0.000000
(22,30),(14,13):0.000000
(22,30),(26,13):0.000000
(22,30),(26,7):0.000000
(22,30),(8,7):0.000000
(22,30),(8,10):0.000000
(22,30),(2,10):0.000000
(22,30),(2,9):0.000000
(22,30),(1,9):0.000000
(22,30),(1,8):0.000000
(22,30),(3,8):0.000000
(22,30),(3,5):0.000000
(22,30),(7,5):0.000000
(22,30),(7,6):0.000000
(22,30),(13,6):0.000000
(22,30),(13,4):0.000000
(22,30),(21,4):0.000000
(22,30),(21,3):0.000000
(22,30),(29,3):0.000000
(22,30),(29,1):0.000000
(22,30),(32,1):0.000000
(22,30),(32,2):0.000000
(22,30),(30,2):0.000000
(22,30),(30,11):0.000000
(22,30),(27,11):0.000000
(22,30),(27,19):0.000000
(22,30),(17,19):0.000000
(22,30),(17,20):0.000000
(22,30),(18,20):0.000000
(22,30),(18,21):0.000000
(22,30),(28,21):0.000000
(22,30),(28,24):0.000000
(22,30),(36,24):0.000000
(22,30),(36,28):0.000000
(25,30),(25,31):3.000000
(25,30),(24,31):5.750000
(25,30),(24,33):4.750000
(25,30),(19,33):1.500000
(25,30),(19,35):0.000000
(25,30),(12,35):0.226786
(25,30),(12,36):0.000000
(25,30),(10,36):0.000000
(25,30),(10,22):0.000000
(25,30),(11,22):0.000000
(25,30),(11,23):0.000000
(25,30),(16,23):0.000000
(25,30),(16,18):0.000000
(25,30),(4,18):0.000000
(25,30),(4,17):0.000000
(25,30),(23,17):0.000000
(25,30),(23,16):0.000000
(25,30),(6,16):0.000000
(25,30),(6,15):0.000000
(25,30),(5,15):0.000000
(25,30),(5,14):0.000000
(25,30),(9,14):0.000000
(25,30),(9,12):0.000000
(25,30),(14,12):0.000000
(25,30),(14,13):0.000000
(25,30),(26,13):0.000000
(25,30),(26,7):0.000000
(25,30),(8,7):0.000000
(25,30),(8,10):0.000000
(25,30),(2,10):0.000000
(25,30),(2,9):0.000000
(25,30),(1,9):0.000000
(25,30),(1,8):0.000000
(25,30),(3,8):0.000000
(25,30),(3,5):0.000000
(25,30),(7,5):0.000000
(25,30),(7,6):0.000000
(25,30),(13,6):0.000000
(25,30),(13,4):0.000000
(25,30),(21,4):0.000000
(25,30),(21,3):0.000000
(25,30),(29,3):0.000000
(25,30),(29,1):0.000000
(25,30),(32,1):0.000000
(25,30),(32,2):0.000000
(25,30),(30,2):0.000000
(25,30),(30,11):0.000000
(25,30),(27,11):0.000000
(25,30),(27,19):0.000000
(25,30),(17,19):0.000000
(25,30),(17,20):0.000000
(25,30),(18,20):0.000000
(25,30),(18,21):0.000000
(25,30),(28,21):0.000000
(25,30),(28,24):0.000000
(25,30),(36,24):0.000000
(25,30),(36,28):0.000000
(25,31),(24,31):3.000000
(25,31),(24,33):2.000000
(25,31),(19,33):0.000000
(25,31),(19,35):0.000000
(25,31),(12,35):0.000000
(25,31),(12,36):0.000000
(25,31),(10,36):0.000000
(25,31),(10,22):0.000000
(25,31),(11,22):0.000000
(25,31),(11,23):0.000000
(25,31),(16,23):0.000000
(25,31),(16,18):0.000000
(25,31),(4,18):0.000000
(25,31),(4,17):0.000000
(25,31),(23,17):0.000000
(25,31),(23,16):0.000000
(25,31),(6,16):0.000000
(25,31),(6,15):0.000000
(25,31),(5,15):0.000000
(25,31),(5,14):0.000000
(25,31),(9,14):0.000000
(25,31),(9,12):0.000000
(25,31),(14,12):0.000000
(25,31),(14,13):0.000000
(25,31),(26,13):0.000000
(25,31),(26,7):0.000000
(25,31),(8,7):0.000000
(25,31),(8,10):0.000000
(25,31),(2,10):0.000000
(25,31),(2,9):0.000000
(25,31),(1,9):0.000000
(25,31),(1,8):0.000000
(25,31),(3,8):0.000000
(25,31),(3,5):0.000000
(25,31),(7,5):0.000000
(25,31),(7,6):0.000000
(25,31),(13,6):0.000000
(25,31),(13,4):0.000000
(25,31),(21,4):0.000000
(25,31),(21,3):0.000000
(25,31),(29,3):0.000000
(25,31),(29,1):0.000000
(25,31),(32,1):0.000000
(25,31),(32,2):0.000000
(25,31),(30,2):0.000000
(25,31),(30,11):0.000000
(25,31),(27,11):0.000000
(25,31),(27,19):0.000000
(25,31),(17,19):0.000000
(25,31),(17,20):0.000000
(25,31),(18,20):0.000000
(25,31),(18,21):0.000000
(25,31),(28,21):0.000000
(25,31),(28,24):0.000000
(25,31),(36,24):0.000000
(25,31),(36,28):0.000000
(24,31),(24,33):7.000000
(24,31),(19,33):3.666667
(24,31),(19,35):0.000000
(24,31),(12,35):0.361905
(24,31),(12,36):0.000000
(24,31),(10,36):0.000000
(24,31),(10,22):0.000000
(24,31),(11,22):0.000000
(24,31),(11,23):0.000000
(24,31),(16,23):0.000000
(24,31),(16,18):0.000000
(24,31),(4,18):0.000000
(24,31),(4,17):0.000000
(24,31),(23,17):0.000000
(24,31),(23,16):0.000000
(24,31),(6,16):0.000000
(24,31),(6,15):0.000000
(24,31),(5,15):0.000000
(24,31),(5,14):0.000000
(24,31),(9,14):0.000000
(24,31),(9,12):0.000000
(24,31),(14,12):0.000000
(24,31),(14,13):0.000000
(24,31),(26,13):0.000000
(24,31),(26,7):0.000000
(24,31),(8,7):0.000000
(24,31),(8,10):0.000000
(24,31),(2,10):0.000000
(24,31),(2,9):0.000000
(24,31),(1,9):0.000000
(24,31),(1,8):0.000000
(24,31),(3,8):0.000000
(24,31),(3,5):0.000000
(24,31),(7,5):0.000000
(24,31),(7,6):0.000000
(24,31),(13,6):0.000000
(24,31),(13,4):0.000000
(24,31),(21,4):0.000000
(24,31),(21,3):0.000000
(24,31),(29,3):0.000000
(24,31),(29,1):0.000000
(24,31),(32,1):0.000000
(24,31),(32,2):0.000000
(24,31),(30,2):0.000000
(24,31),(30,11):0.000000
(24,31),(27,11):0.000000
(24,31),(27,19):0.000000
(24,31),(17,19):0.000000
(24,31),(17,20):0.000000
(24,31),(18,20):0.000000
(24,31),(18,21):0.000000
(24,31),(28,21):0.000000
(24,31),(28,24):0.000000
(24,31),(36,24):0.000000
(24,31),(36,28):0.000000
(24,33),(19,33):16.055555
(24,33),(19,35):10.388889
(24,33),(12,35):12.417460
(24,33),(12,36):2.888889
(24,33),(10,36):8.388889
(24,33),(10,22):6.638889
(24,33),(11,22):1.500000
(24,33),(11,23):6.611111
(24,33),(16,23):5.791919
(24,33),(16,18):0.000000
(24,33),(4,18):0.000000
(24,33),(4,17):0.000000
(24,33),(23,17):0.000000
(24,33),(23,16):0.000000
(24,33),(6,16):0.000000
(24,33),(6,15):0.000000
(24,33),(5,15):0.000000
(24,33),(5,14):0.000000
(24,33),(9,14):0.000000
(24,33),(9,12):0.000000
(24,33),(14,12):0.000000
(24,33),(14,13):0.000000
(24,33),(26,13):0.000000
(24,33),(26,7):0.000000
(24,33),(8,7):0.000000
(24,33),(8,10):0.000000
(24,33),(2,10):0.000000
(24,33),(2,9):0.000000
(24,33),(1,9):0.000000
(24,33),(1,8):0.000000
(24,33),(3,8):0.000000
(24,33),(3,5):0.000000
(24,33),(7,5):0.000000
(24,33),(7,6):0.000000
(24,33),(13,6):0.000000
(24,33),(13,4):0.000000
(24,33),(21,4):0.000000
(24,33),(21,3):0.000000
(24,33),(29,3):0.000000
(24,33),(29,1):0.000000
(24,33),(32,1):0.000000
(24,33),(32,2):0.000000
(24,33),(30,2):0.000000
(24,33),(30,11):0.000000
(24,33),(27,11):0.000000
(24,33),(27,19):0.000000
(24,33),(17,19):0.739894
(24,33),(17,20):1.579078
(24,33),(18,20):5.072865
(24,33),(18,21):5.008889
(24,33),(28,21):0.275314
(24,33),(28,24):0.000000
(24,33),(36,24):0.000000
(24,33),(36,28):0.000000
(19,33),(19,35):30.125000
(19,33),(12,35):32.724998
(19,33),(12,36):8.571428
(19,33),(10,36):18.696428
(19,33),(10,22):20.946428
(19,33),(11,22):4.553571
(19,33),(11,23):20.696428
(19,33),(16,23):16.416430
(19,33),(16,18):0.000000
(19,33),(4,18):0.000000
(19,33),(4,17):0.000000
(19,33),(23,17):0.000000
(19,33),(23,16):0.000000
(19,33),(6,16):0.000000
(19,33),(6,15):0.000000
(19,33),(5,15):0.000000
(19,33),(5,14):0.000000
(19,33),(9,14):0.000000
(19,33),(9,12):0.000000
(19,33),(14,12):0.000000
(19,33),(14,13):0.000000
(19,33),(26,13):0.000000
(19,33),(26,7):0.000000
(19,33),(8,7):0.000000
(19,33),(8,10):0.000000
(19,33),(2,10):0.000000
(19,33),(2,9):0.000000
(19,33),(1,9):0.000000
(19,33),(1,8):0.000000
(19,33),(3,8):0.000000
(19,33),(3,5):0.000000
(19,33),(7,5):0.000000
(19,33),(7,6):0.000000
(19,33),(13,6):0.000000
(19,33),(13,4):0.000000
(19,33),(21,4):0.000000
(19,33),(21,3):0.000000
(19,33),(29,3):0.000000
(19,33),(29,1):0.000000
(19,33),(32,1):0.000000
(19,33),(32,2):0.000000
(19,33),(30,2):0.000000
(19,33),(30,11):0.000000
(19,33),(27,11):0.000000
(19,33),(27,19):0.000000
(19,33),(17,19):2.315966
(19,33),(17,20):4.908907
(19,33),(18,20):13.634615
(19,33),(18,21):13.489285
(19,33),(28,21):1.017308
(19,33),(28,24):0.000000
(19,33),(36,24):0.000000
(19,33),(36,28):0.000000
(19,35),(12,35):36.375000
(19,35),(12,36):12.000000
(19,35),(10,36):24.375000
(19,35),(10,22):26.625000
(19,35),(11,22):6.375000
(19,35),(11,23):26.375000
(19,35),(16,23):22.041666
(19,35),(16,18):0.000000
(19,35),(4,18):0.000000
(19,35),(4,17):0.000000
(19,35),(23,17):0.000000
(19,35),(23,16):0.000000
(19,35),(6,16):0.000000
(19,35),(6,15):0.000000
(19,35),(5,15):0.000000
(19,35),(5,14):0.000000
(19,35),(9,14):0.000000
(19,35),(9,12):0.000000
(19,35),(14,12):0.000000
(19,35),(14,13):0.000000
(19,35),(26,13):0.000000
(19,35),(26,7):0.000000
(19,35),(8,7):0.000000
(19,35),(8,10):0.000000
(19,35),(2,10):0.000000
(19,35),(2,9):0.000000
(19,35),(1,9):0.000000
(19,35),(1,8):0.000000
(19,35),(3,8):0.000000
(19,35),(3,5):0.000000
(19,35),(7,5):0.000000
(19,35),(7,6):0.000000
(19,35),(13,6):0.000000
(19,35),(13,4):0.000000
(19,35),(21,4):0.000000
(19,35),(21,3):0.000000
(19,35),(29,3):0.000000
(19,35),(29,1):0.000000
(19,35),(32,1):0.000000
(19,35),(32,2):0.000000
(19,35),(30,2):0.000000
(19,35),(30,11):0.000000
(19,35),(27,11):0.000000
(19,35),(27,19):0.000000
(19,35),(17,19):2.551030
(19,35),(17,20):5.557143
(19,35),(18,20):16.450001
(19,35),(18,21):18.781359
(19,35),(28,21):5.363082
(19,35),(28,24):2.777778
(19,35),(36,24):0.208333
(19,35),(36,28):0.000000
(12,35),(12,36):26.958334
(12,35),(10,36):76.881409
(12,35),(10,22):57.875000
(12,35),(11,22):13.958333
(12,35),(11,23):73.958336
(12,35),(16,23):73.333336
(12,35),(16,18):7.625000
(12,35),(4,18):0.000000
(12,35),(4,17):0.000000
(12,35),(23,17):0.000000
(12,35),(23,16):0.000000
(12,35),(6,16):0.000000
(12,35),(6,15):0.000000
(12,35),(5,15):0.000000
(12,35),(5,14):0.000000
(12,35),(9,14):0.000000
(12,35),(9,12):0.000000
(12,35),(14,12):0.000000
(12,35),(14,13):0.000000
(12,35),(26,13):0.000000
(12,35),(26,7):0.000000
(12,35),(8,7):0.000000
(12,35),(8,10):0.000000
(12,35),(2,10):0.000000
(12,35),(2,9):0.000000
(12,35),(1,9):0.000000
(12,35),(1,8):0.000000
(12,35),(3,8):0.000000
(12,35),(3,5):0.000000
(12,35),(7,5):0.000000
(12,35),(7,6):0.000000
(12,35),(13,6):0.000000
(12,35),(13,4):0.000000
(12,35),(21,4):0.000000
(12,35),(21,3):0.000000
(12,35),(29,3):0.000000
(12,35),(29,1):0.000000
(12,35),(32,1):0.000000
(12,35),(32,2):0.000000
(12,35),(30,2):0.000000
(12,35),(30,11):0.000000
(12,35),(27,11):0.000000
(12,35),(27,19):0.000000
(12,35),(17,19):11.900000
(12,35),(17,20):22.166666
(12,35),(18,20):42.299999
(12,35),(18,21):51.535713
(12,35),(28,21):48.025642
(12,35),(28,24):47.662861
(12,35),(36,24):27.969828
(12,35),(36,28):0.000000
(12,36),(10,36):26.961538
(12,36),(10,22):26.461538
(12,36),(11,22):13.961538
(12,36),(11,23):26.961538
(12,36),(16,23):25.833334
(12,36),(16,18):0.000000
(12,36),(4,18):0.000000
(12,36),(4,17):0.000000
(12,36),(23,17):0.000000
(12,36),(23,16):0.000000
(12,36),(6,16):0.000000
(12,36),(6,15):0.000000
(12,36),(5,15):0.000000
(12,36),(5,14):0.000000
(12,36),(9,14):0.000000
(12,36),(9,12):0.000000
(12,36),(14,12):0.000000
(12,36),(14,13):0.000000
(12,36),(26,13):0.000000
(12,36),(26,7):0.000000
(12,36),(8,7):0.000000
(12,36),(8,10):0.000000
(12,36),(2,10):0.000000
(12,36),(2,9):0.000000
(12,36),(1,9):0.000000
(12,36),(1,8):0.000000
(12,36),(3,8):0.000000
(12,36),(3,5):0.000000
(12,36),(7,5):0.000000
(12,36),(7,6):0.000000
(12,36),(13,6):0.000000
(12,36),(13,4):0.000000
(12,36),(21,4):0.000000
(12,36),(21,3):0.000000
(12,36),(29,3):0.000000
(12,36),(29,1):0.000000
(12,36),(32,1):0.000000
(12,36),(32,2):0.000000
(12,36),(30,2):0.000000
(12,36),(30,11):0.000000
(12,36),(27,11):0.000000
(12,36),(27,19):0.000000
(12,36),(17,19):0.000000
(12,36),(17,20):0.000000
(12,36),(18,20):10.800000
(12,36),(18,21):15.785714
(12,36),(28,21):15.256411
(12,36),(28,24):14.779411
(12,36),(36,24):9.375000
(12,36),(36,28):0.000000
(10,36),(10,22):54.033333
(10,36),(11,22):14.000000
(10,36),(11,23):74.016235
(10,36),(16,23):78.522644
(10,36),(16,18):10.552941
(10,36),(4,18):0.000000
(10,36),(4,17):0.000000
(10,36),(23,17):0.000000
(10,36),(23,16):0.000000
(10,36),(6,16):0.000000
(10,36),(6,15):0.000000
(10,36),(5,15):0.000000
(10,36),(5,14):0.000000
(10,36),(9,14):0.000000
(10,36),(9,12):0.000000
(10,36),(14,12):0.000000
(10,36),(14,13):0.000000
(10,36),(26,13):0.000000
(10,36),(26,7):0.000000
(10,36),(8,7):0.000000
(10,36),(8,10):0.000000
(10,36),(2,10):0.000000
(10,36),(2,9):0.000000
(10,36),(1,9):0.000000
(10,36),(1,8):0.000000
(10,36),(3,8):0.000000
(10,36),(3,5):0.000000
(10,36),(7,5):0.000000
(10,36),(7,6):0.000000
(10,36),(13,6):0.000000
(10,36),(13,4):0.000000
(10,36),(21,4):0.000000
(10,36),(21,3):0.000000
(10,36),(29,3):0.000000
(10,36),(29,1):0.000000
(10,36),(32,1):0.000000
(10,36),(32,2):0.000000
(10,36),(30,2):0.000000
(10,36),(30,11):0.000000
(10,36),(27,11):0.000000
(10,36),(27,19):0.000000
(10,36),(17,19):12.069048
(10,36),(17,20):25.850161
(10,36),(18,20):44.123077
(10,36),(18,21):57.642857
(10,36),(28,21):54.626373
(10,36),(28,24):54.171162
(10,36),(36,24):30.494293
(10,36),(36,28):0.000000
(10,22),(11,22):14.000000
(10,22),(11,23):59.000000
(10,22),(16,23):52.833332
(10,22),(16,18):0.500000
(10,22),(4,18):0.000000
(10,22),(4,17):0.000000
(10,22),(23,17):0.000000
(10,22),(23,16):0.000000
(10,22),(6,16):0.000000
(10,22),(6,15):0.000000
(10,22),(5,15):0.000000
(10,22),(5,14):0.000000
(10,22),(9,14):0.000000
(10,22),(9,12):0.000000
(10,22),(14,12):0.000000
(10,22),(14,13):0.000000
(10,22),(26,13):0.000000
(10,22),(26,7):0.000000
(10,22),(8,7):0.000000
(10,22),(8,10):0.000000
(10,22),(2,10):0.000000
(10,22),(2,9):0.000000
(10,22),(1,9):0.000000
(10,22),(1,8):0.000000
(10,22),(3,8):0.000000
(10,22),(3,5):0.000000
(10,22),(7,5):0.000000
(10,22),(7,6):0.000000
(10,22),(13,6):0.000000
(10,22),(13,4):0.000000
(10,22),(21,4):0.000000
(10,22),(21,3):0.000000
(10,22),(29,3):0.000000
(10,22),(29,1):0.000000
(10,22),(32,1):0.000000
(10,22),(32,2):0.000000
(10,22),(30,2):0.000000
(10,22),(30,11):0.000000
(10,22),(27,11):0.000000
(10,22),(27,19):0.000000
(10,22),(17,19):6.400000
(10,22),(17,20):11.375000
(10,22),(18,20):30.299999
(10,22),(18,21):37.285713
(10,22),(28,21):30.478022
(10,22),(28,24):27.370321
(10,22),(36,24):17.901316
(10,22),(36,28):0.000000
(11,22),(11,23):14.000000
(11,22),(16,23):13.000000
(11,22),(16,18):0.000000
(11,22),(4,18):0.000000
(11,22),(4,17):0.000000
(11,22),(23,17):0.000000
(11,22),(23,16):0.000000
(11,22),(6,16):0.000000
(11,22),(6,15):0.000000
(11,22),(5,15):0.000000
(11,22),(5,14):0.000000
(11,22),(9,14):0.000000
(11,22),(9,12):0.000000
(11,22),(14,12):0.000000
(11,22),(14,13):0.000000
(11,22),(26,13):0.000000
(11,22),(26,7):0.000000
(11,22),(8,7):0.000000
(11,22),(8,10):0.000000
(11,22),(2,10):0.000000
(11,22),(2,9):0.000000
(11,22),(1,9):0.000000
(11,22),(1,8):0.000000
(11,22),(3,8):0.000000
(11,22),(3,5):0.000000
(11,22),(7,5):0.000000
(11,22),(7,6):0.000000
(11,22),(13,6):0.000000
(11,22),(13,4):0.000000
(11,22),(21,4):0.000000
(11,22),(21,3):0.000000
(11,22),(29,3):0.000000
(11,22),(29,1):0.000000
(11,22),(32,1):0.000000
(11,22),(32,2):0.000000
(11,22),(30,2):0.000000
(11,22),(30,11):0.000000
(11,22),(27,11):0.000000
(11,22),(27,19):0.000000
(11,22),(17,19):0.000000
(11,22),(17,20):0.000000
(11,22),(18,20):4.750000
(11,22),(18,21):7.500000
(11,22),(28,21):7.852564
(11,22),(28,24):7.591912
(11,22),(36,24):4.781250
(11,22),(36,28):0.000000
(11,23),(16,23):132.575760
(11,23),(16,18):22.000000
(11,23),(4,18):0.000000
(11,23),(4,17):0.000000
(11,23),(23,17):0.000000
(11,23),(23,16):0.000000
(11,23),(6,16):0.000000
(11,23),(6,15):0.000000
(11,23),(5,15):0.000000
(11,23),(5,14):0.000000
(11,23),(9,14):0.000000
(11,23),(9,12):0.000000
(11,23),(14,12):0.000000
(11,23),(14,13):0.000000
(11,23),(26,13):0.000000
(11,23),(26,7):0.000000
(11,23),(8,7):0.000000
(11,23),(8,10):0.000000
(11,23),(2,10):0.000000
(11,23),(2,9):0.000000
(11,23),(1,9):0.000000
(11,23),(1,8):0.000000
(11,23),(3,8):0.000000
(11,23),(3,5):0.000000
(11,23),(7,5):0.000000
(11,23),(7,6):0.000000
(11,23),(13,6):0.000000
(11,23),(13,4):0.000000
(11,23),(21,4):0.000000
(11,23),(21,3):0.000000
(11,23),(29,3):0.000000
(11,23),(29,1):0.000000
(11,23),(32,1):0.000000
(11,23),(32,2):0.000000
(11,23),(30,2):0.000000
(11,23),(30,11):0.000000
(11,23),(27,11):0.000000
(11,23),(27,19):0.000000
(11,23),(17,19):14.400000
(11,23),(17,20):46.000000
(11,23),(18,20):46.799999
(11,23),(18,21):106.702377
(11,23),(28,21):94.025642
(11,23),(28,24):103.306152
(11,23),(36,24):65.901741
(11,23),(36,28):2.526738
(16,23),(16,18):30.750000
(16,23),(4,18):1.375000
(16,23),(4,17):1.438776
(16,23),(23,17):2.666667
(16,23),(23,16):0.000000
(16,23),(6,16):0.000000
(16,23),(6,15):0.000000
(16,23),(5,15):0.000000
(16,23),(5,14):0.000000
(16,23),(9,14):0.000000
(16,23),(9,12):0.000000
(16,23),(14,12):0.000000
(16,23),(14,13):0.000000
(16,23),(26,13):0.000000
(16,23),(26,7):0.000000
(16,23),(8,7):0.000000
(16,23),(8,10):0.000000
(16,23),(2,10):0.000000
(16,23),(2,9):0.000000
(16,23),(1,9):0.000000
(16,23),(1,8):0.000000
(16,23),(3,8):0.000000
(16,23),(3,5):0.000000
(16,23),(7,5):0.000000
(16,23),(7,6):0.000000
(16,23),(13,6):0.000000
(16,23),(13,4):0.000000
(16,23),(21,4):0.000000
(16,23),(21,3):0.000000
(16,23),(29,3):0.000000
(16,23),(29,1):0.000000
(16,23),(32,1):0.000000
(16,23),(32,2):0.000000
(16,23),(30,2):0.000000
(16,23),(30,11):0.000000
(16,23),(27,11):0.000000
(16,23),(27,19):2.500000
(16,23),(17,19):20.900000
(16,23),(17,20):57.000000
(16,23),(18,20):52.799999
(16,23),(18,21):133.202377
(16,23),(28,21):118.025642
(16,23),(28,24):127.212746
(16,23),(36,24):65.237747
(16,23),(36,28):2.090018
(16,18),(4,18):23.421053
(16,18),(4,17):28.041666
(16,18),(23,17):35.309525
(16,18),(23,16):9.142858
(16,18),(6,16):0.000000
(16,18),(6,15):0.000000
(16,18),(5,15):0.000000
(16,18),(5,14):0.000496
(16,18),(9,14):0.035714
(16,18),(9,12):0.595238
(16,18),(14,12):0.000000
(16,18),(14,13):0.859524
(16,18),(26,13):10.642858
(16,18),(26,7):2.500000
(16,18),(8,7):0.000000
(16,18),(8,10):0.000000
(16,18),(2,10):0.000000
(16,18),(2,9):0.000000
(16,18),(1,9):0.000000
(16,18),(1,8):0.000000
(16,18),(3,8):0.000000
(16,18),(3,5):0.000000
(16,18),(7,5):0.000000
(16,18),(7,6):0.000000
(16,18),(13,6):0.000000
(16,18),(13,4):0.000000
(16,18),(21,4):0.000000
(16,18),(21,3):0.000000
(16,18),(29,3):1.721172
(16,18),(29,1):0.000000
(16,18),(32,1):0.000000
(16,18),(32,2):0.000000
(16,18),(30,2):1.089747
(16,18),(30,11):0.000000
(16,18),(27,11):8.065934
(16,18),(27,19):28.642857
(16,18),(17,19):33.642857
(16,18),(17,20):30.500000
(16,18),(18,20):17.000000
(16,18),(18,21):27.750000
(16,18),(28,21):23.333334
(16,18),(28,24):21.555882
(16,18),(36,24):12.750000
(16,18),(36,28):0.000000
(4,18),(4,17):23.000000
(4,18),(23,17):23.421053
(4,18),(23,16):4.421052
(4,18),(6,16):0.000000
(4,18),(6,15):0.000000
(4,18),(5,15):0.000000
(4,18),(5,14):0.000000
(4,18),(9,14):0.000000
(4,18),(9,12):0.184545
(4,18),(14,12):0.000000
(4,18),(14,13):0.383174
(4,18),(26,13):4.796052
(4,18),(26,7):1.184211
(4,18),(8,7):0.000000
(4,18),(8,10):0.000000
(4,18),(2,10):0.000000
(4,18),(2,9):0.000000
(4,18),(1,9):0.000000
(4,18),(1,8):0.000000
(4,18),(3,8):0.000000
(4,18),(3,5):0.000000
(4,18),(7,5):0.000000
(4,18),(7,6):0.000000
(4,18),(13,6):0.000000
(4,18),(13,4):0.000000
(4,18),(21,4):0.000000
(4,18),(21,3):0.000000
(4,18),(29,3):0.805036
(4,18),(29,1):0.000000
(4,18),(32,1):0.000000
(4,18),(32,2):0.000000
(4,18),(30,2):0.512760
(4,18),(30,11):0.000000
(4,18),(27,11):3.644026
(4,18),(27,19):16.921053
(4,18),(17,19):11.921053
(4,18),(17,20):1.250000
(4,18),(18,20):0.000000
(4,18),(18,21):0.000000
(4,18),(28,21):0.000000
(4,18),(28,24):0.000000
(4,18),(36,24):0.000000
(4,18),(36,28):0.000000
(4,17),(23,17):28.041666
(4,17),(23,16):7.000000
(4,17),(6,16):0.000000
(4,17),(6,15):0.000000
(4,17),(5,15):0.000000
(4,17),(5,14):0.000000
(4,17),(9,14):0.000000
(4,17),(9,12):0.035714
(4,17),(14,12):0.000000
(4,17),(14,13):0.166667
(4,17),(26,13):7.884804
(4,17),(26,7):1.875000
(4,17),(8,7):0.000000
(4,17),(8,10):0.000000
(4,17),(2,10):0.000000
(4,17),(2,9):0.000000
(4,17),(1,9):0.000000
(4,17),(1,8):0.000000
(4,17),(3,8):0.000000
(4,17),(3,5):0.000000
(4,17),(7,5):0.000000
(4,17),(7,6):0.000000
(4,17),(13,6):0.000000
(4,17),(13,4):0.000000
(4,17),(21,4):0.000000
(4,17),(21,3):0.000000
(4,17),(29,3):1.280355
(4,17),(29,1):0.000000
(4,17),(32,1):0.000000
(4,17),(32,2):0.000000
(4,17),(30,2):0.807523
(4,17),(30,11):0.000000
(4,17),(27,11):6.041667
(4,17),(27,19):21.541666
(4,17),(17,19):16.541666
(4,17),(17,20):1.291667
(4,17),(18,20):0.000000
(4,17),(18,21):0.000000
(4,17),(28,21):0.000000
(4,17),(28,24):0.000000
(4,17),(36,24):0.000000
(4,17),(36,28):0.000000
(23,17),(23,16):24.500000
(23,17),(6,16):12.075000
(23,17),(6,15):12.520588
(23,17),(5,15):8.047619
(23,17),(5,14):8.888889
(23,17),(9,14):13.172269
(23,17),(9,12):5.485714
(23,17),(14,12):0.000000
(23,17),(14,13):14.666667
(23,17),(26,13):26.166666
(23,17),(26,7):6.666667
(23,17),(8,7):0.000000
(23,17),(8,10):0.000000
(23,17),(2,10):0.000000
(23,17),(2,9):0.000000
(23,17),(1,9):0.000000
(23,17),(1,8):0.000000
(23,17),(3,8):0.000000
(23,17),(3,5):0.000000
(23,17),(7,5):0.000000
(23,17),(7,6):0.000000
(23,17),(13,6):0.000000
(23,17),(13,4):0.000000
(23,17),(21,4):0.000000
(23,17),(21,3):0.000000
(23,17),(29,3):4.150000
(23,17),(29,1):0.000000
(23,17),(32,1):0.000000
(23,17),(32,2):0.000000
(23,17),(30,2):2.678788
(23,17),(30,11):0.000000
(23,17),(27,11):15.666667
(23,17),(27,19):44.166668
(23,17),(17,19):25.333334
(23,17),(17,20):2.416667
(23,17),(18,20):0.000000
(23,17),(18,21):0.041667
(23,17),(28,21):0.000000
(23,17),(28,24):0.000000
(23,17),(36,24):0.000000
(23,17),(36,28):0.000000
(23,16),(6,16):60.686111
(23,16),(6,15):60.324509
(23,16),(5,15):38.089638
(23,16),(5,14):43.359478
(23,16),(9,14):65.642860
(23,16),(9,12):42.885715
(23,16),(14,12):22.700001
(23,16),(14,13):65.537254
(23,16),(26,13):73.000000
(23,16),(26,7):6.500000
(23,16),(8,7):0.000000
(23,16),(8,10):0.000000
(23,16),(2,10):0.000000
(23,16),(2,9):0.000000
(23,16),(1,9):0.000000
(23,16),(1,8):0.000000
(23,16),(3,8):0.000000
(23,16),(3,5):0.000000
(23,16),(7,5):0.000000
(23,16),(7,6):0.000000
(23,16),(13,6):0.000000
(23,16),(13,4):0.000000
(23,16),(21,4):0.000000
(23,16),(21,3):0.000000
(23,16),(29,3):4.066667
(23,16),(29,1):0.000000
(23,16),(32,1):0.000000
(23,16),(32,2):0.000000
(23,16),(30,2):2.628788
(23,16),(30,11):0.000000
(23,16),(27,11):15.500000
(23,16),(27,19):30.500000
(23,16),(17,19):10.666667
(23,16),(17,20):0.000000
(23,16),(18,20):0.000000
(23,16),(18,21):0.000000
(23,16),(28,21):0.000000
(23,16),(28,24):0.000000
(23,16),(36,24):0.000000
(23,16),(36,28):0.000000
(6,16),(6,15):59.216667
(6,16),(5,15):37.172619
(6,16),(5,14):41.500000
(6,16),(9,14):62.029411
(6,16),(9,12):39.099998
(6,16),(14,12):21.200001
(6,16),(14,13):61.099998
(6,16),(26,13):59.060295
(6,16),(26,7):3.075000
(6,16),(8,7):0.000000
(6,16),(8,10):0.000000
(6,16),(2,10):0.000000
(6,16),(2,9):0.000000
(6,16),(1,9):0.000000
(6,16),(1,8):0.000000
(6,16),(3,8):0.000000
(6,16),(3,5):0.000000
(6,16),(7,5):0.000000
(6,16),(7,6):0.000000
(6,16),(13,6):0.000000
(6,16),(13,4):0.000000
(6,16),(21,4):0.000000
(6,16),(21,3):0.000000
(6,16),(29,3):1.744480
(6,16),(29,1):0.000000
(6,16),(32,1):0.000000
(6,16),(32,2):0.000000
(6,16),(30,2):1.145136
(6,16),(30,11):0.000000
(6,16),(27,11):5.325000
(6,16),(27,19):18.075001
(6,16),(17,19):0.166667
(6,16),(17,20):0.000000
(6,16),(18,20):0.000000
(6,16),(18,21):0.000000
(6,16),(28,21):0.000000
(6,16),(28,24):0.000000
(6,16),(36,24):0.000000
(6,16),(36,28):0.000000
(6,15),(5,15):38.172619
(6,15),(5,14):42.970589
(6,15),(9,14):60.666668
(6,15),(9,12):36.737255
(6,15),(14,12):18.366667
(6,15),(14,13):59.037254
(6,15),(26,13):59.549999
(6,15),(26,7):3.255882
(6,15),(8,7):0.000000
(6,15),(8,10):0.000000
(6,15),(2,10):0.000000
(6,15),(2,9):0.000000
(6,15),(1,9):0.000000
(6,15),(1,8):0.000000
(6,15),(3,8):0.000000
(6,15),(3,5):0.000000
(6,15),(7,5):0.000000
(6,15),(7,6):0.000000
(6,15),(13,6):0.000000
(6,15),(13,4):0.000000
(6,15),(21,4):0.000000
(6,15),(21,3):0.000000
(6,15),(29,3):1.829567
(6,15),(29,1):0.000000
(6,15),(32,1):0.000000
(6,15),(32,2):0.000000
(6,15),(30,2):1.194212
(6,15),(30,11):0.000000
(6,15),(27,11):5.706303
(6,15),(27,19):18.520588
(6,15),(17,19):0.412255
(6,15),(17,20):0.000000
(6,15),(18,20):0.000000
(6,15),(18,21):0.000000
(6,15),(28,21):0.000000
(6,15),(28,24):0.000000
(6,15),(36,24):0.000000
(6,15),(36,28):0.000000
(5,15),(5,14):22.000000
(5,15),(9,14):38.154411
(5,15),(9,12):18.125000
(5,15),(14,12):9.375000
(5,15),(14,13):36.525002
(5,15),(26,13):37.577030
(5,15),(26,7):2.047619
(5,15),(8,7):0.000000
(5,15),(8,10):0.000000
(5,15),(2,10):0.000000
(5,15),(2,9):0.000000
(5,15),(1,9):0.000000
(5,15),(1,8):0.000000
(5,15),(3,8):0.000000
(5,15),(3,5):0.000000
(5,15),(7,5):0.000000
(5,15),(7,6):0.000000
(5,15),(13,6):0.000000
(5,15),(13,4):0.000000
(5,15),(21,4):0.000000
(5,15),(21,3):0.000000
(5,15),(29,3):1.112195
(5,15),(29,1):0.000000
(5,15),(32,1):0.000000
(5,15),(32,2):0.000000
(5,15),(30,2):0.732737
(5,15),(30,11):0.000000
(5,15),(27,11):3.047619
(5,15),(27,19):13.380953
(5,15),(17,19):0.000000
(5,15),(17,20):0.000000
(5,15),(18,20):0.000000
(5,15),(18,21):0.000000
(5,15),(28,21):0.000000
(5,15),(28,24):0.000000
(5,15),(36,24):0.000000
(5,15),(36,28):0.000000
(5,14),(9,14):43.388889
(5,14),(9,12):30.488890
(5,14),(14,12):13.714286
(5,14),(14,13):41.788887
(5,14),(26,13):42.918301
(5,14),(26,7):2.388889
(5,14),(8,7):0.000000
(5,14),(8,10):0.000000
(5,14),(2,10):0.000000
(5,14),(2,9):0.000000
(5,14),(1,9):0.000000
(5,14),(1,8):0.000000
(5,14),(3,8):0.000000
(5,14),(3,5):0.000000
(5,14),(7,5):0.000000
(5,14),(7,6):0.000000
(5,14),(13,6):0.000000
(5,14),(13,4):0.000000
(5,14),(21,4):0.000000
(5,14),(21,3):0.000000
(5,14),(29,3):1.371687
(5,14),(29,1):0.000000
(5,14),(32,1):0.000000
(5,14),(32,2):0.000000
(5,14),(30,2):0.884929
(5,14),(30,11):0.000000
(5,14),(27,11):4.770468
(5,14),(27,19):11.555555
(5,14),(17,19):0.680556
(5,14),(17,20):0.000000
(5,14),(18,20):0.000000
(5,14),(18,21):0.000000
(5,14),(28,21):0.000000
(5,14),(28,24):0.000000
(5,14),(36,24):0.000000
(5,14),(36,28):0.000000
(9,14),(9,12):43.242859
(9,14),(14,12):24.200001
(9,14),(14,13):65.542854
(9,14),(26,13):61.701679
(9,14),(26,7):3.529412
(9,14),(8,7):0.000000
(9,14),(8,10):0.000000
(9,14),(2,10):0.000000
(9,14),(2,9):0.000000
(9,14),(1,9):0.000000
(9,14),(1,8):0.000000
(9,14),(3,8):0.000000
(9,14),(3,5):0.000000
(9,14),(7,5):0.000000
(9,14),(7,6):0.000000
(9,14),(13,6):0.000000
(9,14),(13,4):0.000000
(9,14),(21,4):0.000000
(9,14),(21,3):0.000000
(9,14),(29,3):1.951960
(9,14),(29,1):0.000000
(9,14),(32,1):0.000000
(9,14),(32,2):0.000000
(9,14),(30,2):1.263434
(9,14),(30,11):0.000000
(9,14),(27,11):6.272269
(9,14),(27,19):19.172270
(9,14),(17,19):0.859524
(9,14),(17,20):0.000000
(9,14),(18,20):0.000000
(9,14),(18,21):0.000000
(9,14),(28,21):0.000000
(9,14),(28,24):0.000000
(9,14),(36,24):0.000000
(9,14),(36,28):0.000000
(9,12),(14,12):20.000000
(9,12),(14,13):44.385715
(9,12),(26,13):39.385715
(9,12),(26,7):1.500000
(9,12),(8,7):0.000000
(9,12),(8,10):0.000000
(9,12),(2,10):0.000000
(9,12),(2,9):0.000000
(9,12),(1,9):0.000000
(9,12),(1,8):0.000000
(9,12),(3,8):0.000000
(9,12),(3,5):0.000000
(9,12),(7,5):0.000000
(9,12),(7,6):0.000000
(9,12),(13,6):0.000000
(9,12),(13,4):0.000000
(9,12),(21,4):0.000000
(9,12),(21,3):0.000000
(9,12),(29,3):0.857023
(9,12),(29,1):0.000000
(9,12),(32,1):0.000000
(9,12),(32,2):0.000000
(9,12),(30,2):0.538163
(9,12),(30,11):0.000000
(9,12),(27,11):3.445373
(9,12),(27,19):6.794805
(9,12),(17,19):1.760073
(9,12),(17,20):0.000000
(9,12),(18,20):0.000000
(9,12),(18,21):0.000000
(9,12),(28,21):0.000000
(9,12),(28,24):0.000000
(9,12),(36,24):0.000000
(9,12),(36,28):0.000000
(14,12),(14,13):24.200001
(14,12),(26,13):19.200001
(14,12),(26,7):0.000000
(14,12),(8,7):0.000000
(14,12),(8,10):0.000000
(14,12),(2,10):0.000000
(14,12),(2,9):0.000000
(14,12),(1,9):0.000000
(14,12),(1,8):0.000000
(14,12),(3,8):0.000000
(14,12),(3,5):0.000000
(14,12),(7,5):0.000000
(14,12),(7,6):0.000000
(14,12),(13,6):0.000000
(14,12),(13,4):0.000000
(14,12),(21,4):0.000000
(14,12),(21,3):0.000000
(14,12),(29,3):0.000000
(14,12),(29,1):0.000000
(14,12),(32,1):0.000000
(14,12),(32,2):0.000000
(14,12),(30,2):0.000000
(14,12),(30,11):0.000000
(14,12),(27,11):0.000000
(14,12),(27,19):0.000000
(14,12),(17,19):0.000000
(14,12),(17,20):0.000000
(14,12),(18,20):0.000000
(14,12),(18,21):0.000000
(14,12),(28,21):0.000000
(14,12),(28,24):0.000000
(14,12),(36,24):0.000000
(14,12),(36,28):0.000000
(14,13),(26,13):62.066666
(14,13),(26,7):4.166667
(14,13),(8,7):0.000000
(14,13),(8,10):0.000000
(14,13),(2,10):0.000000
(14,13),(2,9):0.000000
(14,13),(1,9):0.000000
(14,13),(1,8):0.000000
(14,13),(3,8):0.000000
(14,13),(3,5):0.000000
(14,13),(7,5):0.000000
(14,13),(7,6):0.000000
(14,13),(13,6):0.000000
(14,13),(13,4):0.000000
(14,13),(21,4):0.000000
(14,13),(21,3):0.000000
(14,13),(29,3):2.220280
(14,13),(29,1):0.000000
(14,13),(32,1):0.000000
(14,13),(32,2):0.000000
(14,13),(30,2):1.411261
(14,13),(30,11):0.000000
(14,13),(27,11):7.595238
(14,13),(27,19):20.666666
(14,13),(17,19):2.083333
(14,13),(17,20):0.000000
(14,13),(18,20):0.000000
(14,13),(18,21):0.000000
(14,13),(28,21):0.000000
(14,13),(28,24):0.000000
(14,13),(36,24):0.000000
(14,13),(36,28):0.000000
(26,13),(26,7):31.705883
(26,13),(8,7):14.695238
(26,13),(8,10):0.000000
(26,13),(2,10):0.000000
(26,13),(2,9):0.000000
(26,13),(1,9):0.000000
(26,13),(1,8):0.000000
(26,13),(3,8):0.000000
(26,13),(3,5):0.000000
(26,13),(7,5):0.000000
(26,13),(7,6):3.480769
(26,13),(13,6):15.427083
(26,13),(13,4):11.931034
(26,13),(21,4):17.139423
(26,13),(21,3):17.571428
(26,13),(29,3):29.981817
(26,13),(29,1):4.581818
(26,13),(32,1):0.875936
(26,13),(32,2):0.731818
(26,13),(30,2):23.960606
(26,13),(30,11):24.400000
(26,13),(27,11):41.566666
(26,13),(27,19):41.500000
(26,13),(17,19):12.166667
(26,13),(17,20):0.000000
(26,13),(18,20):0.000000
(26,13),(18,21):0.000000
(26,13),(28,21):0.000000
(26,13),(28,24):0.000000
(26,13),(36,24):0.000000
(26,13),(36,28):0.000000
(26,7),(8,7):56.016293
(26,7),(8,10):5.421052
(26,7),(2,10):5.480769
(26,7),(2,9):5.100000
(26,7),(1,9):3.750000
(26,7),(1,8):0.000000
(26,7),(3,8):7.921052
(26,7),(3,5):6.421052
(26,7),(7,5):4.421052
(26,7),(7,6):27.842106
(26,7),(13,6):68.709137
(26,7),(13,4):52.846153
(26,7),(21,4):66.862503
(26,7),(21,3):42.400002
(26,7),(29,3):77.566666
(26,7),(29,1):8.900000
(26,7),(32,1):0.300000
(26,7),(32,2):0.275000
(26,7),(30,2):30.400000
(26,7),(30,11):40.666668
(26,7),(27,11):42.700001
(26,7),(27,19):16.666666
(26,7),(17,19):3.166667
(26,7),(17,20):0.000000
(26,7),(18,20):0.000000
(26,7),(18,21):0.000000
(26,7),(28,21):0.000000
(26,7),(28,24):0.000000
(26,7),(36,24):0.000000
(26,7),(36,28):0.000000
(8,7),(8,10):26.016666
(8,7),(2,10):24.150000
(8,7),(2,9):23.100000
(8,7),(1,9):14.350000
(8,7),(1,8):12.100000
(8,7),(3,8):28.600000
(8,7),(3,5):24.500000
(8,7),(7,5):21.166666
(8,7),(7,6):47.500000
(8,7),(13,6):58.093750
(8,7),(13,4):41.000000
(8,7),(21,4):47.562500
(8,7),(21,3):31.100000
(8,7),(29,3):48.601189
(8,7),(29,1):4.095238
(8,7),(32,1):0.000000
(8,7),(32,2):0.000000
(8,7),(30,2):12.095238
(8,7),(30,11):21.095238
(8,7),(27,11):17.238094
(8,7),(27,19):4.231148
(8,7),(17,19):0.000000
(8,7),(17,20):0.000000
(8,7),(18,20):0.000000
(8,7),(18,21):0.000000
(8,7),(28,21):0.000000
(8,7),(28,24):0.000000
(8,7),(36,24):0.000000
(8,7),(36,28):0.000000
(8,10),(2,10):23.625000
(8,10),(2,9):22.291666
(8,10),(1,9):12.916667
(8,10),(1,8):12.416667
(8,10),(3,8):26.791666
(8,10),(3,5):23.750000
(8,10),(7,5):21.534090
(8,10),(7,6):25.812500
(8,10),(13,6):7.500000
(8,10),(13,4):0.000000
(8,10),(21,4):0.000000
(8,10),(21,3):0.000000
(8,10),(29,3):0.349702
(8,10),(29,1):0.000000
(8,10),(32,1):0.000000
(8,10),(32,2):0.000000
(8,10),(30,2):0.000000
(8,10),(30,11):0.000000
(8,10),(27,11):0.000000
(8,10),(27,19):0.000000
(8,10),(17,19):0.000000
(8,10),(17,20):0.000000
(8,10),(18,20):0.000000
(8,10),(18,21):0.000000
(8,10),(28,21):0.000000
(8,10),(28,24):0.000000
(8,10),(36,24):0.000000
(8,10),(36,28):0.000000
(2,10),(2,9):22.500000
(2,10),(1,9):13.000000
(2,10),(1,8):11.500000
(2,10),(3,8):24.750000
(2,10),(3,5):22.000000
(2,10),(7,5):19.375000
(2,10),(7,6):24.500000
(2,10),(13,6):7.500000
(2,10),(13,4):0.000000
(2,10),(21,4):0.000000
(2,10),(21,3):0.000000
(2,10),(29,3):0.352269
(2,10),(29,1):0.000000
(2,10),(32,1):0.000000
(2,10),(32,2):0.000000
(2,10),(30,2):0.000000
(2,10),(30,11):0.000000
(2,10),(27,11):0.000000
(2,10),(27,19):0.000000
(2,10),(17,19):0.000000
(2,10),(17,20):0.000000
(2,10),(18,20):0.000000
(2,10),(18,21):0.000000
(2,10),(28,21):0.000000
(2,10),(28,24):0.000000
(2,10),(36,24):0.000000
(2,10),(36,28):0.000000
(2,9),(1,9):14.500000
(2,9),(1,8):12.500000
(2,9),(3,8):24.000000
(2,9),(3,5):19.857143
(2,9),(7,5):17.166666
(2,9),(7,6):23.000000
(2,9),(13,6):7.000000
(2,9),(13,4):0.000000
(2,9),(21,4):0.000000
(2,9),(21,3):0.000000
(2,9),(29,3):0.354880
(2,9),(29,1):0.000000
(2,9),(32,1):0.000000
(2,9),(32,2):0.000000
(2,9),(30,2):0.000000
(2,9),(30,11):0.000000
(2,9),(27,11):0.000000
(2,9),(27,19):0.000000
(2,9),(17,19):0.000000
(2,9),(17,20):0.000000
(2,9),(18,20):0.000000
(2,9),(18,21):0.000000
(2,9),(28,21):0.000000
(2,9),(28,24):0.000000
(2,9),(36,24):0.000000
(2,9),(36,28):0.000000
(1,9),(1,8):7.000000
(1,9),(3,8):14.750000
(1,9),(3,5):11.400000
(1,9),(7,5):8.666667
(1,9),(7,6):13.750000
(1,9),(13,6):5.250000
(1,9),(13,4):0.000000
(1,9),(21,4):0.000000
(1,9),(21,3):0.000000
(1,9),(29,3):0.348252
(1,9),(29,1):0.000000
(1,9),(32,1):0.000000
(1,9),(32,2):0.000000
(1,9),(30,2):0.000000
(1,9),(30,11):0.000000
(1,9),(27,11):0.000000
(1,9),(27,19):0.000000
(1,9),(17,19):0.000000
(1,9),(17,20):0.000000
(1,9),(18,20):0.000000
(1,9),(18,21):0.000000
(1,9),(28,21):0.000000
(1,9),(28,24):0.000000
(1,9),(36,24):0.000000
(1,9),(36,28):0.000000
(1,8),(3,8):12.500000
(1,8),(3,5):10.000000
(1,8),(7,5):9.166667
(1,8),(7,6):11.500000
(1,8),(13,6):0.000000
(1,8),(13,4):0.000000
(1,8),(21,4):0.000000
(1,8),(21,3):0.000000
(1,8),(29,3):0.000000
(1,8),(29,1):0.000000
(1,8),(32,1):0.000000
(1,8),(32,2):0.000000
(1,8),(30,2):0.000000
(1,8),(30,11):0.000000
(1,8),(27,11):0.000000
(1,8),(27,19):0.000000
(1,8),(17,19):0.000000
(1,8),(17,20):0.000000
(1,8),(18,20):0.000000
(1,8),(18,21):0.000000
(1,8),(28,21):0.000000
(1,8),(28,24):0.000000
(1,8),(36,24):0.000000
(1,8),(36,28):0.000000
(3,8),(3,5):24.500000
(3,8),(7,5):21.666666
(3,8),(7,6):28.500000
(3,8),(13,6):10.000000
(3,8),(13,4):0.000000
(3,8),(21,4):0.000000
(3,8),(21,3):0.000000
(3,8),(29,3):0.505952
(3,8),(29,1):0.000000
(3,8),(32,1):0.000000
(3,8),(32,2):0.000000
(3,8),(30,2):0.000000
(3,8),(30,11):0.000000
(3,8),(27,11):0.000000
(3,8),(27,19):0.000000
(3,8),(17,19):0.000000
(3,8),(17,20):0.000000
(3,8),(18,20):0.000000
(3,8),(18,21):0.000000
(3,8),(28,21):0.000000
(3,8),(28,24):0.000000
(3,8),(36,24):0.000000
(3,8),(36,28):0.000000
(3,5),(7,5):20.000000
(3,5),(7,6):25.000000
(3,5),(13,6):8.500000
(3,5),(13,4):0.000000
(3,5),(21,4):0.250000
(3,5),(21,3):0.000000
(3,5),(29,3):0.934524
(3,5),(29,1):0.000000
(3,5),(32,1):0.000000
(3,5),(32,2):0.000000
(3,5),(30,2):0.000000
(3,5),(30,11):0.000000
(3,5),(27,11):0.000000
(3,5),(27,19):0.000000
(3,5),(17,19):0.000000
(3,5),(17,20):0.000000
(3,5),(18,20):0.000000
(3,5),(18,21):0.000000
(3,5),(28,21):0.000000
(3,5),(28,24):0.000000
(3,5),(36,24):0.000000
(3,5),(36,28):0.000000
(7,5),(7,6):21.666666
(7,5),(13,6):6.400000
(7,5),(13,4):0.000000
(7,5),(21,4):0.000000
(7,5),(21,3):0.000000
(7,5),(29,3):0.285714
(7,5),(29,1):0.000000
(7,5),(32,1):0.000000
(7,5),(32,2):0.000000
(7,5),(30,2):0.000000
(7,5),(30,11):0.000000
(7,5),(27,11):0.000000
(7,5),(27,19):0.000000
(7,5),(17,19):0.000000
(7,5),(17,20):0.000000
(7,5),(18,20):0.000000
(7,5),(18,21):0.000000
(7,5),(28,21):0.000000
(7,5),(28,24):0.000000
(7,5),(36,24):0.000000
(7,5),(36,28):0.000000
(7,6),(13,6):29.921053
(7,6),(13,4):17.421053
(7,6),(21,4):19.421053
(7,6),(21,3):9.421053
(7,6),(29,3):20.427006
(7,6),(29,1):1.184211
(7,6),(32,1):0.000000
(7,6),(32,2):0.000000
(7,6),(30,2):4.921052
(7,6),(30,11):4.921052
(7,6),(27,11):4.546052
(7,6),(27,19):1.067982
(7,6),(17,19):0.000000
(7,6),(17,20):0.000000
(7,6),(18,20):0.000000
(7,6),(18,21):0.000000
(7,6),(28,21):0.000000
(7,6),(28,24):0.000000
(7,6),(36,24):0.000000
(7,6),(36,28):0.000000
(13,6),(13,4):51.615383
(13,6),(21,4):60.677883
(13,6),(21,3):34.615383
(13,6),(29,3):57.715088
(13,6),(29,1):4.362981
(13,6),(32,1):0.000000
(13,6),(32,2):0.000000
(13,6),(30,2):12.709135
(13,6),(30,11):23.809135
(13,6),(27,11):18.709135
(13,6),(27,19):4.705128
(13,6),(17,19):0.000000
(13,6),(17,20):0.000000
(13,6),(18,20):0.000000
(13,6),(18,21):0.000000
(13,6),(28,21):0.000000
(13,6),(28,24):0.000000
(13,6),(36,24):0.000000
(13,6),(36,28):0.000000
(13,4),(21,4):52.846153
(13,4),(21,3):28.846153
(13,4),(29,3):48.846153
(13,4),(29,1):3.807692
(13,4),(32,1):0.000000
(13,4),(32,2):0.000000
(13,4),(30,2):12.346154
(13,4),(30,11):18.346153
(13,4),(27,11):14.971154
(13,4),(27,19):3.490385
(13,4),(17,19):0.000000
(13,4),(17,20):0.000000
(13,4),(18,20):0.000000
(13,4),(18,21):0.000000
(13,4),(28,21):0.000000
(13,4),(28,24):0.000000
(13,4),(36,24):0.000000
(13,4),(36,28):0.000000
(21,4),(21,3):40.799999
(21,4),(29,3):62.862499
(21,4),(29,1):6.162500
(21,4),(32,1):0.000000
(21,4),(32,2):0.000000
(21,4),(30,2):16.862499
(21,4),(30,11):28.862499
(21,4),(27,11):22.862499
(21,4),(27,19):4.966667
(21,4),(17,19):0.000000
(21,4),(17,20):0.000000
(21,4),(18,20):0.000000
(21,4),(18,21):0.000000
(21,4),(28,21):0.000000
(21,4),(28,24):0.000000
(21,4),(36,24):0.000000
(21,4),(36,28):0.000000
(21,3),(29,3):42.400002
(21,3),(29,1):6.800000
(21,3),(32,1):0.000000
(21,3),(32,2):0.000000
(21,3),(30,2):18.400000
(21,3),(30,11):30.400000
(21,3),(27,11):24.400000
(21,3),(27,19):5.066667
(21,3),(17,19):0.000000
(21,3),(17,20):0.000000
(21,3),(18,20):0.000000
(21,3),(18,21):0.000000
(21,3),(28,21):0.000000
(21,3),(28,24):0.000000
(21,3),(36,24):0.000000
(21,3),(36,28):0.000000
(29,3),(29,1):10.500000
(29,3),(32,1):1.750000
(29,3),(32,2):1.500000
(29,3),(30,2):33.233334
(29,3),(30,11):42.000000
(29,3),(27,11):41.066666
(29,3),(27,19):14.066667
(29,3),(17,19):2.036364
(29,3),(17,20):0.000000
(29,3),(18,20):0.000000
(29,3),(18,21):0.000000
(29,3),(28,21):0.000000
(29,3),(28,24):0.000000
(29,3),(36,24):0.000000
(29,3),(36,28):0.000000
(29,1),(32,1):3.250000
(29,1),(32,2):3.000000
(29,1),(30,2):12.000000
(29,1),(30,11):10.000000
(29,1),(27,11):9.666667
(29,1),(27,19):0.000000
(29,1),(17,19):0.000000
(29,1),(17,20):0.000000
(29,1),(18,20):0.000000
(29,1),(18,21):0.000000
(29,1),(28,21):0.000000
(29,1),(28,24):0.000000
(29,1),(36,24):0.000000
(29,1),(36,28):0.000000
(32,1),(32,2):3.000000
(32,1),(30,2):3.250000
(32,1),(30,11):1.250000
(32,1),(27,11):0.952381
(32,1),(27,19):0.000000
(32,1),(17,19):0.000000
(32,1),(17,20):0.000000
(32,1),(18,20):0.000000
(32,1),(18,21):0.000000
(32,1),(28,21):0.000000
(32,1),(28,24):0.000000
(32,1),(36,24):0.000000
(32,1),(36,28):0.000000
(32,2),(30,2):3.000000
(32,2),(30,11):1.000000
(32,2),(27,11):0.791667
(32,2),(27,19):0.000000
(32,2),(17,19):0.000000
(32,2),(17,20):0.000000
(32,2),(18,20):0.000000
(32,2),(18,21):0.000000
(32,2),(28,21):0.000000
(32,2),(28,24):0.000000
(32,2),(36,24):0.000000
(32,2),(36,28):0.000000
(30,2),(30,11):29.750000
(30,2),(27,11):33.145454
(30,2),(27,19):9.417250
(30,2),(17,19):1.266719
(30,2),(17,20):0.000000
(30,2),(18,20):0.000000
(30,2),(18,21):0.000000
(30,2),(28,21):0.000000
(30,2),(28,24):0.000000
(30,2),(36,24):0.000000
(30,2),(36,28):0.000000
(30,11),(27,11):35.500000
(30,11),(27,19):8.666667
(30,11),(17,19):0.000000
(30,11),(17,20):0.000000
(30,11),(18,20):0.000000
(30,11),(18,21):0.000000
(30,11),(28,21):0.000000
(30,11),(28,24):0.000000
(30,11),(36,24):0.000000
(30,11),(36,28):0.000000
(27,11),(27,19):25.666666
(27,11),(17,19):9.466666
(27,11),(17,20):0.000000
(27,11),(18,20):0.000000
(27,11),(18,21):0.000000
(27,11),(28,21):0.000000
(27,11),(28,24):0.000000
(27,11),(36,24):0.000000
(27,11),(36,28):0.000000
(27,19),(17,19):25.166666
(27,19),(17,20):2.250000
(27,19),(18,20):0.000000
(27,19),(18,21):0.000000
(27,19),(28,21):0.000000
(27,19),(28,24):0.000000
(27,19),(36,24):0.000000
(27,19),(36,28):0.000000
(17,19),(17,20):20.250000
(17,19),(18,20):15.000000
(17,19),(18,21):15.000000
(17,19),(28,21):12.590909
(17,19),(28,24):11.934914
(17,19),(36,24):6.490266
(17,19),(36,28):0.000000
(17,20),(18,20):30.000000
(17,20),(18,21):51.750000
(17,20),(28,21):41.720428
(17,20),(28,24):39.361904
(17,20),(36,24):24.094444
(17,20),(36,28):0.000000
(18,20),(18,21):52.035713
(18,20),(28,21):32.525642
(18,20),(28,24):28.294445
(18,20),(36,24):15.386905
(18,20),(36,28):0.000000
(18,21),(28,21):103.025642
(18,21),(28,24):105.016670
(18,21),(36,24):48.551281
(18,21),(36,28):0.000000
(28,21),(28,24):111.750000
(28,21),(36,24):58.474998
(28,21),(36,28):0.000000
(28,24),(36,24):68.275002
(28,24),(36,28):4.400000
(36,24),(36,28):10.000000
