38
(9,1):(9,1)	(9,2)	(9,3)	(9,4)	(9,5)	(9,6)	(9,7)	(10,2)	(10,3)	(10,4)	(10,5)	(10,6)	(10,7)	(11,2)	(11,3)	(11,4)	(11,5)	(11,6)	(11,7)	(12,1)	(12,7)	
(12,1):(2,8)	(3,6)	(3,7)	(4,4)	(4,5)	(4,6)	(4,7)	(5,4)	(5,5)	(5,6)	(5,7)	(6,3)	(6,4)	(6,5)	(6,6)	(6,7)	(7,3)	(7,4)	(7,5)	(7,6)	(7,7)	(8,3)	(8,4)	(8,5)	(8,6)	(8,7)	(9,1)	(9,2)	(9,3)	(9,4)	(9,5)	(9,6)	(9,7)	(10,2)	(10,3)	(10,4)	(10,5)	(10,6)	(10,7)	(11,2)	(11,3)	(11,4)	(11,5)	(11,6)	(11,7)	(12,1)	(12,7)	
(12,7):(2,6)	(2,8)	(3,5)	(3,6)	(3,7)	(4,4)	(4,5)	(4,6)	(4,7)	(5,2)	(5,3)	(5,4)	(5,5)	(5,6)	(5,7)	(6,3)	(6,4)	(6,5)	(6,6)	(6,7)	(7,3)	(7,4)	(7,5)	(7,6)	(7,7)	(8,3)	(8,4)	(8,5)	(8,6)	(8,7)	(9,1)	(9,2)	(9,3)	(9,4)	(9,5)	(9,6)	(9,7)	(10,2)	(10,3)	(10,4)	(10,5)	(10,6)	(10,7)	(11,2)	(11,3)	(11,4)	(11,5)	(11,6)	(11,7)	(12,1)	(12,7)	(16,8)	(17,8)	(18,7)	
(18,7):(2,8)	(3,7)	(4,7)	(5,7)	(6,7)	(7,7)	(8,7)	(9,7)	(10,7)	(11,7)	(12,7)	(15,10)	(15,11)	(15,12)	(16,8)	(16,9)	(16,10)	(16,11)	(16,12)	(17,8)	(17,9)	(17,10)	(17,11)	(17,12)	(17,13)	(17,14)	(18,7)	(18,15)	
(18,15):(8,14)	(9,15)	(10,15)	(11,15)	(12,15)	(13,15)	(16,8)	(16,9)	(16,10)	(16,11)	(17,8)	(17,9)	(17,10)	(17,11)	(17,12)	(17,13)	(17,14)	(18,7)	(18,15)	
(13,15):(8,14)	(8,16)	(9,15)	(10,15)	(10,16)	(10,17)	(11,15)	(11,16)	(11,17)	(11,19)	(12,15)	(12,16)	(12,17)	(12,18)	(13,15)	(13,18)	(17,14)	(18,15)	
(13,18):(8,14)	(9,15)	(10,15)	(10,16)	(11,15)	(11,16)	(11,17)	(11,19)	(12,15)	(12,16)	(12,17)	(12,18)	(13,15)	(13,18)	(19,18)	(19,19)	
(19,18):(11,19)	(12,18)	(13,18)	(19,18)	(19,19)	
(19,19):(11,19)	(12,18)	(13,18)	(19,18)	(19,19)	
(11,19):(11,15)	(11,16)	(11,17)	(11,19)	(12,15)	(12,16)	(12,17)	(12,18)	(13,15)	(13,18)	(19,18)	(19,19)	
(11,17):(8,14)	(9,15)	(10,15)	(10,16)	(10,17)	(11,15)	(11,16)	(11,17)	(11,19)	(12,15)	(12,16)	(12,17)	(12,18)	(13,15)	(13,18)	
(10,17):(10,15)	(10,16)	(10,17)	(11,15)	(11,16)	(11,17)	(12,15)	(12,16)	(12,17)	(13,15)	
(10,16):(8,14)	(8,16)	(9,15)	(10,15)	(10,16)	(10,17)	(11,15)	(11,16)	(11,17)	(12,15)	(12,16)	(12,17)	(12,18)	(13,15)	(13,18)	
(8,16):(8,14)	(8,16)	(9,15)	(10,15)	(10,16)	(11,15)	(11,16)	(12,15)	(12,16)	(13,15)	(17,14)	
(8,14):(8,14)	(8,16)	(9,15)	(10,15)	(10,16)	(11,15)	(11,16)	(11,17)	(12,15)	(12,16)	(12,17)	(12,18)	(13,15)	(13,18)	(17,14)	(18,15)	
(17,14):(8,14)	(8,16)	(9,15)	(10,15)	(11,15)	(12,15)	(13,15)	(17,8)	(17,9)	(17,10)	(17,11)	(17,12)	(17,13)	(17,14)	(18,7)	(18,15)	
(17,13):(7,12)	(7,13)	(14,11)	(14,12)	(15,10)	(15,11)	(15,12)	(16,8)	(16,9)	(16,10)	(16,11)	(16,12)	(17,8)	(17,9)	(17,10)	(17,11)	(17,12)	(17,13)	(17,14)	(18,7)	(18,15)	
(7,13):(7,12)	(7,13)	(14,12)	(15,12)	(16,12)	(17,12)	(17,13)	
(7,12):(7,12)	(7,13)	(14,12)	(15,12)	(16,12)	(17,12)	(17,13)	
(14,12):(7,12)	(7,13)	(14,11)	(14,12)	(15,11)	(15,12)	(16,10)	(16,11)	(16,12)	(17,9)	(17,10)	(17,11)	(17,12)	(17,13)	
(14,11):(14,11)	(14,12)	(15,11)	(15,12)	(16,11)	(16,12)	(17,11)	(17,12)	(17,13)	
(15,11):(14,11)	(14,12)	(15,10)	(15,11)	(15,12)	(16,9)	(16,10)	(16,11)	(16,12)	(17,8)	(17,9)	(17,10)	(17,11)	(17,12)	(17,13)	(18,7)	
(15,10):(6,9)	(6,10)	(15,10)	(15,11)	(15,12)	(16,9)	(16,10)	(16,11)	(16,12)	(17,8)	(17,9)	(17,10)	(17,11)	(17,12)	(17,13)	(18,7)	
(6,10):(6,9)	(6,10)	(15,10)	(16,9)	(16,10)	(17,9)	(17,10)	
(6,9):(6,9)	(6,10)	(15,10)	(16,9)	(16,10)	(17,9)	(17,10)	
(16,9):(6,9)	(6,10)	(15,10)	(15,11)	(15,12)	(16,8)	(16,9)	(16,10)	(16,11)	(16,12)	(17,8)	(17,9)	(17,10)	(17,11)	(17,12)	(17,13)	(18,7)	(18,15)	
(16,8):(2,6)	(2,8)	(3,5)	(3,6)	(3,7)	(4,5)	(4,6)	(4,7)	(5,6)	(5,7)	(6,6)	(6,7)	(7,6)	(7,7)	(8,6)	(8,7)	(9,7)	(10,7)	(11,7)	(12,7)	(16,8)	(16,9)	(16,10)	(16,11)	(16,12)	(17,8)	(17,9)	(17,10)	(17,11)	(17,12)	(17,13)	(18,7)	(18,15)	
(2,8):(2,6)	(2,8)	(3,6)	(3,7)	(4,5)	(4,6)	(4,7)	(5,4)	(5,5)	(5,6)	(5,7)	(6,3)	(6,4)	(6,5)	(6,6)	(6,7)	(7,3)	(7,4)	(7,5)	(7,6)	(7,7)	(8,3)	(8,4)	(8,5)	(8,6)	(8,7)	(9,2)	(9,3)	(9,4)	(9,5)	(9,6)	(9,7)	(10,2)	(10,3)	(10,4)	(10,5)	(10,6)	(10,7)	(11,2)	(11,3)	(11,4)	(11,5)	(11,6)	(11,7)	(12,1)	(12,7)	(16,8)	(17,8)	(18,7)	
(2,6):(2,6)	(2,8)	(3,6)	(3,7)	(4,6)	(4,7)	(5,6)	(5,7)	(6,6)	(6,7)	(7,6)	(7,7)	(8,6)	(8,7)	(9,6)	(9,7)	(10,6)	(10,7)	(11,6)	(11,7)	(12,7)	(16,8)	(17,8)	
(3,6):(2,6)	(2,8)	(3,5)	(3,6)	(3,7)	(4,5)	(4,6)	(4,7)	(5,4)	(5,5)	(5,6)	(5,7)	(6,3)	(6,4)	(6,5)	(6,6)	(6,7)	(7,3)	(7,4)	(7,5)	(7,6)	(7,7)	(8,3)	(8,4)	(8,5)	(8,6)	(8,7)	(9,2)	(9,3)	(9,4)	(9,5)	(9,6)	(9,7)	(10,2)	(10,3)	(10,4)	(10,5)	(10,6)	(10,7)	(11,2)	(11,3)	(11,4)	(11,5)	(11,6)	(11,7)	(12,1)	(12,7)	(16,8)	(17,8)	
(3,5):(3,5)	(3,6)	(3,7)	(4,5)	(4,6)	(4,7)	(5,5)	(5,6)	(5,7)	(6,5)	(6,6)	(6,7)	(7,5)	(7,6)	(7,7)	(8,5)	(8,6)	(8,7)	(9,5)	(9,6)	(9,7)	(10,5)	(10,6)	(10,7)	(11,5)	(11,6)	(11,7)	(12,7)	(16,8)	
(4,5):(2,8)	(3,5)	(3,6)	(3,7)	(4,4)	(4,5)	(4,6)	(4,7)	(5,3)	(5,4)	(5,5)	(5,6)	(5,7)	(6,3)	(6,4)	(6,5)	(6,6)	(6,7)	(7,3)	(7,4)	(7,5)	(7,6)	(7,7)	(8,3)	(8,4)	(8,5)	(8,6)	(8,7)	(9,2)	(9,3)	(9,4)	(9,5)	(9,6)	(9,7)	(10,2)	(10,3)	(10,4)	(10,5)	(10,6)	(10,7)	(11,2)	(11,3)	(11,4)	(11,5)	(11,6)	(11,7)	(12,1)	(12,7)	(16,8)	
(4,4):(1,3)	(1,4)	(4,4)	(4,5)	(4,6)	(4,7)	(5,3)	(5,4)	(5,5)	(5,6)	(5,7)	(6,3)	(6,4)	(6,5)	(6,6)	(6,7)	(7,3)	(7,4)	(7,5)	(7,6)	(7,7)	(8,3)	(8,4)	(8,5)	(8,6)	(8,7)	(9,2)	(9,3)	(9,4)	(9,5)	(9,6)	(9,7)	(10,2)	(10,3)	(10,4)	(10,5)	(10,6)	(10,7)	(11,2)	(11,3)	(11,4)	(11,5)	(11,6)	(11,7)	(12,1)	(12,7)	
(1,4):(1,3)	(1,4)	(4,4)	(5,3)	(5,4)	(6,3)	(6,4)	(7,3)	(7,4)	(8,3)	(8,4)	(9,2)	(9,3)	(9,4)	(10,2)	(10,3)	(10,4)	(11,2)	(11,3)	(11,4)	
(1,3):(1,3)	(1,4)	(4,4)	(5,3)	(5,4)	(6,3)	(6,4)	(7,3)	(7,4)	(7,5)	(8,3)	(8,4)	(8,5)	(9,3)	(9,4)	(9,5)	(10,3)	(10,4)	(10,5)	(10,6)	(11,3)	(11,4)	(11,5)	(11,6)	
(5,3):(1,3)	(1,4)	(3,7)	(4,4)	(4,5)	(4,6)	(4,7)	(5,2)	(5,3)	(5,4)	(5,5)	(5,6)	(5,7)	(6,3)	(6,4)	(6,5)	(6,6)	(6,7)	(7,3)	(7,4)	(7,5)	(7,6)	(7,7)	(8,3)	(8,4)	(8,5)	(8,6)	(8,7)	(9,2)	(9,3)	(9,4)	(9,5)	(9,6)	(9,7)	(10,2)	(10,3)	(10,4)	(10,5)	(10,6)	(10,7)	(11,2)	(11,3)	(11,4)	(11,5)	(11,6)	(11,7)	(12,7)	
(5,2):(5,2)	(5,3)	(5,4)	(5,5)	(5,6)	(5,7)	(6,3)	(6,4)	(6,5)	(6,6)	(6,7)	(7,3)	(7,4)	(7,5)	(7,6)	(7,7)	(8,3)	(8,4)	(8,5)	(8,6)	(8,7)	(9,2)	(9,3)	(9,4)	(9,5)	(9,6)	(9,7)	(10,2)	(10,3)	(10,4)	(10,5)	(10,6)	(10,7)	(11,2)	(11,3)	(11,4)	(11,5)	(11,6)	(11,7)	(12,7)	
(9,2):(1,4)	(2,8)	(3,6)	(3,7)	(4,4)	(4,5)	(4,6)	(4,7)	(5,2)	(5,3)	(5,4)	(5,5)	(5,6)	(5,7)	(6,3)	(6,4)	(6,5)	(6,6)	(6,7)	(7,3)	(7,4)	(7,5)	(7,6)	(7,7)	(8,3)	(8,4)	(8,5)	(8,6)	(8,7)	(9,1)	(9,2)	(9,3)	(9,4)	(9,5)	(9,6)	(9,7)	(10,2)	(10,3)	(10,4)	(10,5)	(10,6)	(10,7)	(11,2)	(11,3)	(11,4)	(11,5)	(11,6)	(11,7)	(12,1)	(12,7)	
(9,1):21.250000
(12,1):51.472221
(12,7):62.833332
(18,7):33.071430
(18,15):23.142857
(13,15):22.125000
(13,18):21.416666
(19,18):8.000000
(19,19):8.333333
(11,19):16.250000
(11,17):16.500000
(10,17):9.750000
(10,16):17.250000
(8,16):12.611111
(8,14):20.125000
(17,14):20.000000
(17,13):27.433332
(7,13):12.142858
(7,12):11.050000
(14,12):19.666666
(14,11):8.333333
(15,11):18.000000
(15,10):23.750000
(6,10):12.200000
(6,9):12.500000
(16,9):27.500000
(16,8):38.599998
(2,8):58.166668
(2,6):24.485714
(3,6):55.057693
(3,5):29.461538
(4,5):55.416668
(4,4):52.583332
(1,4):17.125000
(1,3):21.666666
(5,3):54.250000
(5,2):42.700001
(9,2):55.666668
(9,1),(12,1):21.000000
(9,1),(12,7):21.250000
(9,1),(18,7):3.250000
(9,1),(18,15):0.000000
(9,1),(13,15):0.000000
(9,1),(13,18):0.000000
(9,1),(19,18):0.000000
(9,1),(19,19):0.000000
(9,1),(11,19):0.000000
(9,1),(11,17):0.000000
(9,1),(10,17):0.000000
(9,1),(10,16):0.000000
(9,1),(8,16):0.000000
(9,1),(8,14):0.000000
(9,1),(17,14):0.000000
(9,1),(17,13):0.000000
(9,1),(7,13):0.000000
(9,1),(7,12):0.000000
(9,1),(14,12):0.000000
(9,1),(14,11):0.000000
(9,1),(15,11):0.000000
(9,1),(15,10):0.000000
(9,1),(6,10):0.000000
(9,1),(6,9):0.000000
(9,1),(16,9):0.000000
(9,1),(16,8):4.375000
(9,1),(2,8):20.666666
(9,1),(2,6):6.250000
(9,1),(3,6):20.500000
(9,1),(3,5):9.250000
(9,1),(4,5):20.416666
(9,1),(4,4):20.000000
(9,1),(1,4):7.125000
(9,1),(1,3):9.500000
(9,1),(5,3):19.375000
(9,1),(5,2):18.250000
(9,1),(9,2):21.250000
(12,1),(12,7):51.383987
(12,1),(18,7):10.000000
(12,1),(18,15):0.000000
(12,1),(13,15):0.000000
(12,1),(13,18):0.000000
(12,1),(19,18):0.000000
(12,1),(19,19):0.000000
(12,1),(11,19):0.000000
(12,1),(11,17):0.000000
(12,1),(10,17):0.000000
(12,1),(10,16):0.000000
(12,1),(8,16):0.000000
(12,1),(8,14):0.000000
(12,1),(17,14):0.000000
(12,1),(17,13):0.000000
(12,1),(7,13):0.000000
(12,1),(7,12):0.000000
(12,1),(14,12):0.000000
(12,1),(14,11):0.000000
(12,1),(15,11):0.000000
(12,1),(15,10):0.000000
(12,1),(6,10):0.000000
(12,1),(6,9):0.000000
(12,1),(16,9):0.000000
(12,1),(16,8):20.472221
(12,1),(2,8):49.876984
(12,1),(2,6):19.722221
(12,1),(3,6):49.222221
(12,1),(3,5):26.750000
(12,1),(4,5):50.250000
(12,1),(4,4):45.750000
(12,1),(1,4):13.125000
(12,1),(1,3):18.166666
(12,1),(5,3):47.375000
(12,1),(5,2):39.333332
(12,1),(9,2):51.366665
(12,7),(18,7):16.500000
(12,7),(18,15):2.642857
(12,7),(13,15):0.000000
(12,7),(13,18):0.000000
(12,7),(19,18):0.000000
(12,7),(19,19):0.000000
(12,7),(11,19):0.000000
(12,7),(11,17):0.000000
(12,7),(10,17):0.000000
(12,7),(10,16):0.000000
(12,7),(8,16):0.000000
(12,7),(8,14):0.000000
(12,7),(17,14):1.375000
(12,7),(17,13):2.600000
(12,7),(7,13):0.000000
(12,7),(7,12):0.000000
(12,7),(14,12):0.100000
(12,7),(14,11):0.000000
(12,7),(15,11):1.722222
(12,7),(15,10):0.900000
(12,7),(6,10):0.000000
(12,7),(6,9):0.000000
(12,7),(16,9):2.500000
(12,7),(16,8):27.500000
(12,7),(2,8):58.166668
(12,7),(2,6):24.485714
(12,7),(3,6):55.057693
(12,7),(3,5):29.461538
(12,7),(4,5):55.416668
(12,7),(4,4):50.916668
(12,7),(1,4):15.458333
(12,7),(1,3):20.000000
(12,7),(5,3):52.583332
(12,7),(5,2):42.700001
(12,7),(9,2):54.991665
(18,7),(18,15):13.880953
(18,7),(13,15):1.196429
(18,7),(13,18):0.000000
(18,7),(19,18):0.000000
(18,7),(19,19):0.000000
(18,7),(11,19):0.000000
(18,7),(11,17):0.000000
(18,7),(10,17):0.000000
(18,7),(10,16):0.000000
(18,7),(8,16):0.214052
(18,7),(8,14):1.071429
(18,7),(17,14):8.071428
(18,7),(17,13):19.100000
(18,7),(7,13):5.262857
(18,7),(7,12):4.175000
(18,7),(14,12):12.166667
(18,7),(14,11):7.666667
(18,7),(15,11):16.500000
(18,7),(15,10):14.250000
(18,7),(6,10):2.700000
(18,7),(6,9):3.000000
(18,7),(16,9):18.000000
(18,7),(16,8):27.600000
(18,7),(2,8):16.000000
(18,7),(2,6):14.485714
(18,7),(3,6):14.307693
(18,7),(3,5):11.461538
(18,7),(4,5):12.000000
(18,7),(4,4):9.333333
(18,7),(1,4):0.000000
(18,7),(1,3):0.000000
(18,7),(5,3):10.125000
(18,7),(5,2):7.700000
(18,7),(9,2):10.300000
(18,15),(13,15):10.125000
(18,15),(13,18):4.916667
(18,15),(19,18):0.000000
(18,15),(19,19):0.000000
(18,15),(11,19):2.250000
(18,15),(11,17):5.000000
(18,15),(10,17):3.750000
(18,15),(10,16):6.500000
(18,15),(8,16):7.611111
(18,15),(8,14):10.000000
(18,15),(17,14):17.000000
(18,15),(17,13):14.100000
(18,15),(7,13):1.976190
(18,15),(7,12):1.300000
(18,15),(14,12):7.333333
(18,15),(14,11):3.333333
(18,15),(15,11):11.500000
(18,15),(15,10):10.750000
(18,15),(6,10):2.950000
(18,15),(6,9):3.235294
(18,15),(16,9):13.500000
(18,15),(16,8):12.742857
(18,15),(2,8):2.142857
(18,15),(2,6):1.338655
(18,15),(3,6):1.242118
(18,15),(3,5):0.241199
(18,15),(4,5):0.000000
(18,15),(4,4):0.000000
(18,15),(1,4):0.000000
(18,15),(1,3):0.000000
(18,15),(5,3):0.000000
(18,15),(5,2):0.000000
(18,15),(9,2):0.000000
(13,15),(13,18):15.416667
(13,15),(19,18):2.000000
(13,15),(19,19):2.333333
(13,15),(11,19):10.250000
(13,15),(11,17):15.500000
(13,15),(10,17):9.750000
(13,15),(10,16):16.500000
(13,15),(8,16):12.611111
(13,15),(8,14):19.500000
(13,15),(17,14):13.125000
(13,15),(17,13):1.125000
(13,15),(7,13):0.000000
(13,15),(7,12):0.000000
(13,15),(14,12):0.000000
(13,15),(14,11):0.000000
(13,15),(15,11):0.025000
(13,15),(15,10):0.160714
(13,15),(6,10):0.000000
(13,15),(6,9):0.000000
(13,15),(16,9):0.742647
(13,15),(16,8):0.820238
(13,15),(2,8):0.000000
(13,15),(2,6):0.000000
(13,15),(3,6):0.000000
(13,15),(3,5):0.000000
(13,15),(4,5):0.000000
(13,15),(4,4):0.000000
(13,15),(1,4):0.000000
(13,15),(1,3):0.000000
(13,15),(5,3):0.000000
(13,15),(5,2):0.000000
(13,15),(9,2):0.000000
(13,18),(19,18):8.000000
(13,18),(19,19):8.333333
(13,18),(11,19):16.000000
(13,18),(11,17):15.750000
(13,18),(10,17):8.750000
(13,18),(10,16):14.166667
(13,18),(8,16):8.666667
(13,18),(8,14):13.791667
(13,18),(17,14):6.757576
(13,18),(17,13):0.000000
(13,18),(7,13):0.000000
(13,18),(7,12):0.000000
(13,18),(14,12):0.000000
(13,18),(14,11):0.000000
(13,18),(15,11):0.000000
(13,18),(15,10):0.000000
(13,18),(6,10):0.000000
(13,18),(6,9):0.000000
(13,18),(16,9):0.000000
(13,18),(16,8):0.000000
(13,18),(2,8):0.000000
(13,18),(2,6):0.000000
(13,18),(3,6):0.000000
(13,18),(3,5):0.000000
(13,18),(4,5):0.000000
(13,18),(4,4):0.000000
(13,18),(1,4):0.000000
(13,18),(1,3):0.000000
(13,18),(5,3):0.000000
(13,18),(5,2):0.000000
(13,18),(9,2):0.000000
(19,18),(19,19):8.000000
(19,18),(11,19):8.000000
(19,18),(11,17):3.000000
(19,18),(10,17):0.000000
(19,18),(10,16):1.250000
(19,18),(8,16):0.000000
(19,18),(8,14):1.125000
(19,18),(17,14):0.000000
(19,18),(17,13):0.000000
(19,18),(7,13):0.000000
(19,18),(7,12):0.000000
(19,18),(14,12):0.000000
(19,18),(14,11):0.000000
(19,18),(15,11):0.000000
(19,18),(15,10):0.000000
(19,18),(6,10):0.000000
(19,18),(6,9):0.000000
(19,18),(16,9):0.000000
(19,18),(16,8):0.000000
(19,18),(2,8):0.000000
(19,18),(2,6):0.000000
(19,18),(3,6):0.000000
(19,18),(3,5):0.000000
(19,18),(4,5):0.000000
(19,18),(4,4):0.000000
(19,18),(1,4):0.000000
(19,18),(1,3):0.000000
(19,18),(5,3):0.000000
(19,18),(5,2):0.000000
(19,18),(9,2):0.000000
(19,19),(11,19):8.333333
(19,19),(11,17):3.333333
(19,19),(10,17):0.000000
(19,19),(10,16):1.350000
(19,19),(8,16):0.000000
(19,19),(8,14):1.225000
(19,19),(17,14):0.000000
(19,19),(17,13):0.000000
(19,19),(7,13):0.000000
(19,19),(7,12):0.000000
(19,19),(14,12):0.000000
(19,19),(14,11):0.000000
(19,19),(15,11):0.000000
(19,19),(15,10):0.000000
(19,19),(6,10):0.000000
(19,19),(6,9):0.000000
(19,19),(16,9):0.000000
(19,19),(16,8):0.000000
(19,19),(2,8):0.000000
(19,19),(2,6):0.000000
(19,19),(3,6):0.000000
(19,19),(3,5):0.000000
(19,19),(4,5):0.000000
(19,19),(4,4):0.000000
(19,19),(1,4):0.000000
(19,19),(1,3):0.000000
(19,19),(5,3):0.000000
(19,19),(5,2):0.000000
(19,19),(9,2):0.000000
(11,19),(11,17):11.250000
(11,19),(10,17):6.250000
(11,19),(10,16):9.000000
(11,19),(8,16):4.250000
(11,19),(8,14):8.875000
(11,19),(17,14):2.750000
(11,19),(17,13):0.000000
(11,19),(7,13):0.000000
(11,19),(7,12):0.000000
(11,19),(14,12):0.000000
(11,19),(14,11):0.000000
(11,19),(15,11):0.000000
(11,19),(15,10):0.000000
(11,19),(6,10):0.000000
(11,19),(6,9):0.000000
(11,19),(16,9):0.000000
(11,19),(16,8):0.000000
(11,19),(2,8):0.000000
(11,19),(2,6):0.000000
(11,19),(3,6):0.000000
(11,19),(3,5):0.000000
(11,19),(4,5):0.000000
(11,19),(4,4):0.000000
(11,19),(1,4):0.000000
(11,19),(1,3):0.000000
(11,19),(5,3):0.000000
(11,19),(5,2):0.000000
(11,19),(9,2):0.000000
(11,17),(10,17):9.500000
(11,17),(10,16):14.250000
(11,17),(8,16):8.500000
(11,17),(8,14):13.625000
(11,17),(17,14):6.600000
(11,17),(17,13):0.000000
(11,17),(7,13):0.000000
(11,17),(7,12):0.000000
(11,17),(14,12):0.000000
(11,17),(14,11):0.000000
(11,17),(15,11):0.000000
(11,17),(15,10):0.000000
(11,17),(6,10):0.000000
(11,17),(6,9):0.000000
(11,17),(16,9):0.000000
(11,17),(16,8):0.000000
(11,17),(2,8):0.000000
(11,17),(2,6):0.000000
(11,17),(3,6):0.000000
(11,17),(3,5):0.000000
(11,17),(4,5):0.000000
(11,17),(4,4):0.000000
(11,17),(1,4):0.000000
(11,17),(1,3):0.000000
(11,17),(5,3):0.000000
(11,17),(5,2):0.000000
(11,17),(9,2):0.000000
(10,17),(10,16):9.750000
(10,17),(8,16):6.750000
(10,17),(8,14):9.250000
(10,17),(17,14):4.875000
(10,17),(17,13):0.000000
(10,17),(7,13):0.000000
(10,17),(7,12):0.000000
(10,17),(14,12):0.000000
(10,17),(14,11):0.000000
(10,17),(15,11):0.000000
(10,17),(15,10):0.000000
(10,17),(6,10):0.000000
(10,17),(6,9):0.000000
(10,17),(16,9):0.000000
(10,17),(16,8):0.000000
(10,17),(2,8):0.000000
(10,17),(2,6):0.000000
(10,17),(3,6):0.000000
(10,17),(3,5):0.000000
(10,17),(4,5):0.000000
(10,17),(4,4):0.000000
(10,17),(1,4):0.000000
(10,17),(1,3):0.000000
(10,17),(5,3):0.000000
(10,17),(5,2):0.000000
(10,17),(9,2):0.000000
(10,16),(8,16):11.500000
(10,16),(8,14):16.625000
(10,16),(17,14):9.500000
(10,16),(17,13):0.000000
(10,16),(7,13):0.000000
(10,16),(7,12):0.000000
(10,16),(14,12):0.000000
(10,16),(14,11):0.000000
(10,16),(15,11):0.000000
(10,16),(15,10):0.000000
(10,16),(6,10):0.000000
(10,16),(6,9):0.000000
(10,16),(16,9):0.000000
(10,16),(16,8):0.000000
(10,16),(2,8):0.000000
(10,16),(2,6):0.000000
(10,16),(3,6):0.000000
(10,16),(3,5):0.000000
(10,16),(4,5):0.000000
(10,16),(4,4):0.000000
(10,16),(1,4):0.000000
(10,16),(1,3):0.000000
(10,16),(5,3):0.000000
(10,16),(5,2):0.000000
(10,16),(9,2):0.000000
(8,16),(8,14):12.500000
(8,16),(17,14):10.611111
(8,16),(17,13):0.211111
(8,16),(7,13):0.000000
(8,16),(7,12):0.000000
(8,16),(14,12):0.000000
(8,16),(14,11):0.000000
(8,16),(15,11):0.020202
(8,16),(15,10):0.077904
(8,16),(6,10):0.000000
(8,16),(6,9):0.000000
(8,16),(16,9):0.158104
(8,16),(16,8):0.168394
(8,16),(2,8):0.000000
(8,16),(2,6):0.000000
(8,16),(3,6):0.000000
(8,16),(3,5):0.000000
(8,16),(4,5):0.000000
(8,16),(4,4):0.000000
(8,16),(1,4):0.000000
(8,16),(1,3):0.000000
(8,16),(5,3):0.000000
(8,16),(5,2):0.000000
(8,16),(9,2):0.000000
(8,14),(17,14):13.000000
(8,14),(17,13):1.000000
(8,14),(7,13):0.000000
(8,14),(7,12):0.000000
(8,14),(14,12):0.000000
(8,14),(14,11):0.000000
(8,14),(15,11):0.000000
(8,14),(15,10):0.083333
(8,14),(6,10):0.000000
(8,14),(6,9):0.000000
(8,14),(16,9):0.625000
(8,14),(16,8):0.700000
(8,14),(2,8):0.000000
(8,14),(2,6):0.000000
(8,14),(3,6):0.000000
(8,14),(3,5):0.000000
(8,14),(4,5):0.000000
(8,14),(4,4):0.000000
(8,14),(1,4):0.000000
(8,14),(1,3):0.000000
(8,14),(5,3):0.000000
(8,14),(5,2):0.000000
(8,14),(9,2):0.000000
(17,14),(17,13):8.000000
(17,14),(7,13):1.500000
(17,14),(7,12):1.050000
(17,14),(14,12):4.666667
(17,14),(14,11):2.333333
(17,14),(15,11):6.500000
(17,14),(15,10):6.250000
(17,14),(6,10):1.150000
(17,14),(6,9):1.277778
(17,14),(16,9):7.500000
(17,14),(16,8):7.600000
(17,14),(2,8):1.000000
(17,14),(2,6):0.664286
(17,14),(3,6):0.619658
(17,14),(3,5):0.123932
(17,14),(4,5):0.000000
(17,14),(4,4):0.000000
(17,14),(1,4):0.000000
(17,14),(1,3):0.000000
(17,14),(5,3):0.000000
(17,14),(5,2):0.000000
(17,14),(9,2):0.000000
(17,13),(7,13):12.142858
(17,13),(7,12):11.050000
(17,13),(14,12):19.666666
(17,13),(14,11):8.333333
(17,13),(15,11):18.000000
(17,13),(15,10):15.083333
(17,13),(6,10):3.533333
(17,13),(6,9):3.833333
(17,13),(16,9):18.833334
(17,13),(16,8):13.700000
(17,13),(2,8):2.100000
(17,13),(2,6):1.322449
(17,13),(3,6):1.228147
(17,13),(3,5):0.240608
(17,13),(4,5):0.000000
(17,13),(4,4):0.000000
(17,13),(1,4):0.000000
(17,13),(1,3):0.000000
(17,13),(5,3):0.000000
(17,13),(5,2):0.000000
(17,13),(9,2):0.000000
(7,13),(7,12):11.000000
(7,13),(14,12):12.142858
(7,13),(14,11):5.142857
(7,13),(15,11):5.642857
(7,13),(15,10):4.071429
(7,13),(6,10):0.000000
(7,13),(6,9):0.000000
(7,13),(16,9):4.873626
(7,13),(16,8):2.857143
(7,13),(2,8):0.000000
(7,13),(2,6):0.000000
(7,13),(3,6):0.000000
(7,13),(3,5):0.000000
(7,13),(4,5):0.000000
(7,13),(4,4):0.000000
(7,13),(1,4):0.000000
(7,13),(1,3):0.000000
(7,13),(5,3):0.000000
(7,13),(5,2):0.000000
(7,13),(9,2):0.000000
(7,12),(14,12):11.050000
(7,12),(14,11):4.050000
(7,12),(15,11):4.550000
(7,12),(15,10):3.050000
(7,12),(6,10):0.000000
(7,12),(6,9):0.000000
(7,12),(16,9):3.800000
(7,12),(16,8):2.050000
(7,12),(2,8):0.000000
(7,12),(2,6):0.000000
(7,12),(3,6):0.000000
(7,12),(3,5):0.000000
(7,12),(4,5):0.000000
(7,12),(4,4):0.000000
(7,12),(1,4):0.000000
(7,12),(1,3):0.000000
(7,12),(5,3):0.000000
(7,12),(5,2):0.000000
(7,12),(9,2):0.000000
(14,12),(14,11):8.166667
(14,12),(15,11):13.166667
(14,12),(15,10):10.666667
(14,12),(6,10):1.644444
(14,12),(6,9):1.950000
(14,12),(16,9):11.666667
(14,12),(16,8):8.166667
(14,12),(2,8):0.000000
(14,12),(2,6):0.035714
(14,12),(3,6):0.041026
(14,12),(3,5):0.041084
(14,12),(4,5):0.000000
(14,12),(4,4):0.000000
(14,12),(1,4):0.000000
(14,12),(1,3):0.000000
(14,12),(5,3):0.000000
(14,12),(5,2):0.000000
(14,12),(9,2):0.000000
(14,11),(15,11):8.333333
(14,11),(15,10):6.333333
(14,11),(6,10):0.000000
(14,11),(6,9):0.000000
(14,11),(16,9):7.333333
(14,11),(16,8):4.333333
(14,11),(2,8):0.000000
(14,11),(2,6):0.000000
(14,11),(3,6):0.000000
(14,11),(3,5):0.000000
(14,11),(4,5):0.000000
(14,11),(4,4):0.000000
(14,11),(1,4):0.000000
(14,11),(1,3):0.000000
(14,11),(5,3):0.000000
(14,11),(5,2):0.000000
(14,11),(9,2):0.000000
(15,11),(15,10):14.500000
(15,11),(6,10):3.200000
(15,11),(6,9):3.500000
(15,11),(16,9):16.500000
(15,11),(16,8):11.500000
(15,11),(2,8):1.250000
(15,11),(2,6):0.909524
(15,11),(3,6):0.855625
(15,11),(3,5):0.185676
(15,11),(4,5):0.000000
(15,11),(4,4):0.000000
(15,11),(1,4):0.000000
(15,11),(1,3):0.000000
(15,11),(5,3):0.000000
(15,11),(5,2):0.000000
(15,11),(9,2):0.000000
(15,10),(6,10):12.200000
(15,10),(6,9):12.500000
(15,10),(16,9):23.750000
(15,10),(16,8):10.750000
(15,10),(2,8):0.500000
(15,10),(2,6):0.559578
(15,10),(3,6):0.541026
(15,10),(3,5):0.140516
(15,10),(4,5):0.000000
(15,10),(4,4):0.000000
(15,10),(1,4):0.000000
(15,10),(1,3):0.000000
(15,10),(5,3):0.000000
(15,10),(5,2):0.000000
(15,10),(9,2):0.000000
(6,10),(6,9):12.000000
(6,10),(16,9):12.200000
(6,10),(16,8):2.200000
(6,10),(2,8):0.000000
(6,10),(2,6):0.000000
(6,10),(3,6):0.000000
(6,10),(3,5):0.000000
(6,10),(4,5):0.000000
(6,10),(4,4):0.000000
(6,10),(1,4):0.000000
(6,10),(1,3):0.000000
(6,10),(5,3):0.000000
(6,10),(5,2):0.000000
(6,10),(9,2):0.000000
(6,9),(16,9):12.500000
(6,9),(16,8):2.444444
(6,9),(2,8):0.000000
(6,9),(2,6):0.000000
(6,9),(3,6):0.000000
(6,9),(3,5):0.000000
(6,9),(4,5):0.000000
(6,9),(4,4):0.000000
(6,9),(1,4):0.000000
(6,9),(1,3):0.000000
(6,9),(5,3):0.000000
(6,9),(5,2):0.000000
(6,9),(9,2):0.000000
(16,9),(16,8):13.500000
(16,9),(2,8):2.000000
(16,9),(2,6):1.285714
(16,9),(3,6):1.196581
(16,9),(3,5):0.239316
(16,9),(4,5):0.000000
(16,9),(4,4):0.000000
(16,9),(1,4):0.000000
(16,9),(1,3):0.000000
(16,9),(5,3):0.000000
(16,9),(5,2):0.000000
(16,9),(9,2):0.000000
(16,8),(2,8):26.750000
(16,8),(2,6):22.485714
(16,8),(3,6):25.307692
(16,8),(3,5):21.461538
(16,8),(4,5):22.500000
(16,8),(4,4):17.333334
(16,8),(1,4):0.000000
(16,8),(1,3):0.000000
(16,8),(5,3):19.125000
(16,8),(5,2):13.825000
(16,8),(9,2):20.666666
(2,8),(2,6):24.200001
(2,8),(3,6):54.500000
(2,8),(3,5):29.000000
(2,8),(4,5):53.416668
(2,8),(4,4):48.083332
(2,8),(1,4):13.108334
(2,8),(1,3):17.606060
(2,8),(5,3):49.250000
(2,8),(5,2):41.950001
(2,8),(9,2):52.026192
(2,6),(3,6):24.285715
(2,6),(3,5):20.299999
(2,6),(4,5):21.500000
(2,6),(4,4):17.333334
(2,6),(1,4):0.000000
(2,6),(1,3):0.666667
(2,6),(5,3):18.875000
(2,6),(5,2):14.700000
(2,6),(9,2):19.966667
(3,6),(3,5):29.312500
(3,6),(4,5):52.166668
(3,6),(4,4):46.583332
(3,6),(1,4):12.458333
(3,6),(1,3):17.041666
(3,6),(5,3):47.750000
(3,6),(5,2):40.700001
(3,6),(9,2):50.416668
(3,5),(4,5):29.000000
(3,5),(4,4):25.333334
(3,5),(1,4):0.000000
(3,5),(1,3):4.166667
(3,5),(5,3):26.875000
(3,5),(5,2):21.700001
(3,5),(9,2):27.000000
(4,5),(4,4):49.583332
(4,5),(1,4):14.125000
(4,5),(1,3):18.666666
(4,5),(5,3):51.000000
(4,5),(5,2):42.450001
(4,5),(9,2):53.291668
(4,4),(1,4):17.125000
(4,4),(1,3):21.666666
(4,4),(5,3):51.500000
(4,4),(5,2):42.200001
(4,4),(9,2):49.549999
(1,4),(1,3):11.000000
(1,4),(5,3):17.125000
(1,4),(5,2):12.000000
(1,4),(9,2):15.125000
(1,3),(5,3):21.666666
(1,3),(5,2):17.500000
(1,3),(9,2):19.666666
(5,3),(5,2):42.700001
(5,3),(9,2):51.674999
(5,2),(9,2):42.299999
