28
(12,10):(12,5)	(12,6)	(12,7)	(12,8)	(12,10)	(13,5)	(13,6)	(13,7)	(13,8)	(13,9)	(14,4)	(14,10)	
(12,8):(2,6)	(4,5)	(4,6)	(5,6)	(5,7)	(6,1)	(6,6)	(6,7)	(6,8)	(7,2)	(7,3)	(7,5)	(7,6)	(7,7)	(7,8)	(8,2)	(8,3)	(8,4)	(8,5)	(8,6)	(8,7)	(8,8)	(9,3)	(9,4)	(9,5)	(9,6)	(9,7)	(9,8)	(10,4)	(10,5)	(10,6)	(10,7)	(10,8)	(11,5)	(11,6)	(11,7)	(11,8)	(12,5)	(12,6)	(12,7)	(12,8)	(12,10)	(13,5)	(13,6)	(13,7)	(13,8)	(13,9)	(14,4)	(14,10)	
(11,8):(2,6)	(4,5)	(4,6)	(5,6)	(5,7)	(5,9)	(6,1)	(6,6)	(6,7)	(6,8)	(7,2)	(7,3)	(7,5)	(7,6)	(7,7)	(7,8)	(8,2)	(8,3)	(8,4)	(8,5)	(8,6)	(8,7)	(8,8)	(9,3)	(9,4)	(9,5)	(9,6)	(9,7)	(9,8)	(9,9)	(9,13)	(10,4)	(10,5)	(10,6)	(10,7)	(10,8)	(10,9)	(10,10)	(10,11)	(10,12)	(11,5)	(11,6)	(11,7)	(11,8)	(11,12)	(12,5)	(12,6)	(12,7)	(12,8)	(13,5)	(13,6)	(13,7)	(13,8)	(14,4)	
(11,12):(7,2)	(7,3)	(7,5)	(7,6)	(8,2)	(8,3)	(8,4)	(8,5)	(8,6)	(8,7)	(9,3)	(9,4)	(9,5)	(9,6)	(9,7)	(9,8)	(9,9)	(9,13)	(10,4)	(10,5)	(10,6)	(10,7)	(10,8)	(10,9)	(10,10)	(10,11)	(10,12)	(11,5)	(11,6)	(11,7)	(11,8)	(11,12)	(13,12)	(13,13)	
(13,12):(9,13)	(10,12)	(11,12)	(13,12)	(13,13)	
(13,13):(9,13)	(10,12)	(11,12)	(13,12)	(13,13)	
(9,13):(9,3)	(9,4)	(9,5)	(9,6)	(9,7)	(9,8)	(9,9)	(9,13)	(10,2)	(10,4)	(10,5)	(10,6)	(10,7)	(10,8)	(10,9)	(10,10)	(10,11)	(10,12)	(11,5)	(11,6)	(11,7)	(11,8)	(11,12)	(12,5)	(13,12)	(13,13)	
(9,9):(4,5)	(4,6)	(5,6)	(5,7)	(5,9)	(6,6)	(6,7)	(6,8)	(7,2)	(7,3)	(7,5)	(7,6)	(7,7)	(7,8)	(8,2)	(8,3)	(8,4)	(8,5)	(8,6)	(8,7)	(8,8)	(9,3)	(9,4)	(9,5)	(9,6)	(9,7)	(9,8)	(9,9)	(9,13)	(10,2)	(10,4)	(10,5)	(10,6)	(10,7)	(10,8)	(10,9)	(10,10)	(10,11)	(10,12)	(11,5)	(11,6)	(11,7)	(11,8)	(11,12)	(12,5)	(12,6)	(12,7)	(13,5)	(13,6)	(13,7)	(14,4)	
(5,9):(5,6)	(5,7)	(5,9)	(6,6)	(6,7)	(6,8)	(7,5)	(7,6)	(7,7)	(7,8)	(8,3)	(8,4)	(8,5)	(8,6)	(8,7)	(8,8)	(9,3)	(9,4)	(9,5)	(9,6)	(9,7)	(9,8)	(9,9)	(10,2)	(10,4)	(10,5)	(10,6)	(10,7)	(10,8)	(10,9)	(11,5)	(11,6)	(11,7)	(11,8)	(12,5)	(12,6)	(12,7)	(13,5)	(13,6)	(13,7)	(14,4)	
(5,7):(2,6)	(3,7)	(4,5)	(4,6)	(5,6)	(5,7)	(5,9)	(6,6)	(6,7)	(6,8)	(7,5)	(7,6)	(7,7)	(7,8)	(8,4)	(8,5)	(8,6)	(8,7)	(8,8)	(9,3)	(9,4)	(9,5)	(9,6)	(9,7)	(9,8)	(9,9)	(10,2)	(10,4)	(10,5)	(10,6)	(10,7)	(10,8)	(10,9)	(11,5)	(11,6)	(11,7)	(11,8)	(12,5)	(12,6)	(12,7)	(12,8)	(13,5)	(13,6)	(13,7)	(13,8)	(14,4)	
(3,7):(2,6)	(2,11)	(2,12)	(2,13)	(3,7)	(3,14)	(4,6)	(5,6)	(5,7)	(6,6)	(6,7)	(7,5)	(7,6)	(7,7)	(8,5)	(8,6)	(8,7)	(9,4)	(9,5)	(9,6)	(9,7)	(10,4)	(10,5)	(10,6)	(10,7)	(11,5)	(11,6)	(11,7)	(12,5)	(12,6)	(12,7)	(13,5)	(13,6)	(13,7)	(14,4)	
(3,14):(1,11)	(1,14)	(2,6)	(2,11)	(2,12)	(2,13)	(3,7)	(3,14)	
(1,14):(1,11)	(1,14)	(2,11)	(2,12)	(2,13)	(3,14)	
(1,11):(1,11)	(1,14)	(2,11)	(2,12)	(2,13)	(3,14)	
(2,11):(1,11)	(1,14)	(2,6)	(2,11)	(2,12)	(2,13)	(3,7)	(3,14)	
(2,6):(2,6)	(2,11)	(2,12)	(2,13)	(3,7)	(3,14)	(4,6)	(5,6)	(5,7)	(6,6)	(6,7)	(7,6)	(7,7)	(8,6)	(8,7)	(8,8)	(9,6)	(9,7)	(9,8)	(10,6)	(10,7)	(10,8)	(11,6)	(11,7)	(11,8)	(12,6)	(12,7)	(12,8)	(13,6)	(13,7)	(13,8)	
(4,6):(2,6)	(3,7)	(4,5)	(4,6)	(5,6)	(5,7)	(6,6)	(6,7)	(6,8)	(7,5)	(7,6)	(7,7)	(7,8)	(8,5)	(8,6)	(8,7)	(8,8)	(9,5)	(9,6)	(9,7)	(9,8)	(9,9)	(10,4)	(10,5)	(10,6)	(10,7)	(10,8)	(10,9)	(11,5)	(11,6)	(11,7)	(11,8)	(12,5)	(12,6)	(12,7)	(12,8)	(13,5)	(13,6)	(13,7)	(13,8)	(14,4)	
(4,5):(4,5)	(4,6)	(5,6)	(5,7)	(6,6)	(6,7)	(6,8)	(7,5)	(7,6)	(7,7)	(7,8)	(8,5)	(8,6)	(8,7)	(8,8)	(9,5)	(9,6)	(9,7)	(9,8)	(9,9)	(10,5)	(10,6)	(10,7)	(10,8)	(10,9)	(11,5)	(11,6)	(11,7)	(11,8)	(12,5)	(12,6)	(12,7)	(12,8)	(13,5)	(13,6)	(13,7)	(13,8)	
(7,5):(3,7)	(4,5)	(4,6)	(5,6)	(5,7)	(5,9)	(6,6)	(6,7)	(6,8)	(7,2)	(7,3)	(7,5)	(7,6)	(7,7)	(7,8)	(8,1)	(8,2)	(8,3)	(8,4)	(8,5)	(8,6)	(8,7)	(8,8)	(9,3)	(9,4)	(9,5)	(9,6)	(9,7)	(9,8)	(9,9)	(10,2)	(10,4)	(10,5)	(10,6)	(10,7)	(10,8)	(10,9)	(10,10)	(10,11)	(11,5)	(11,6)	(11,7)	(11,8)	(11,12)	(12,5)	(12,6)	(12,7)	(12,8)	(13,5)	(13,6)	(13,7)	(13,8)	(14,4)	
(7,3):(6,1)	(6,3)	(7,2)	(7,3)	(7,5)	(7,6)	(7,7)	(7,8)	(8,1)	(8,2)	(8,3)	(8,4)	(8,5)	(8,6)	(8,7)	(8,8)	(9,3)	(9,4)	(9,5)	(9,6)	(9,7)	(9,8)	(9,9)	(10,2)	(10,4)	(10,5)	(10,6)	(10,7)	(10,8)	(10,9)	(10,10)	(10,11)	(10,12)	(11,5)	(11,6)	(11,7)	(11,8)	(11,12)	(12,5)	(12,6)	(12,7)	(12,8)	(13,5)	(13,6)	(13,7)	(13,8)	(13,9)	(14,10)	
(6,3):(6,1)	(6,3)	(7,2)	(7,3)	(8,1)	(8,2)	(8,3)	(9,3)	(10,2)	
(6,1):(6,1)	(6,3)	(7,2)	(7,3)	(8,1)	(8,2)	(8,3)	(8,4)	(8,5)	(9,3)	(9,4)	(9,5)	(9,6)	(9,7)	(10,4)	(10,5)	(10,6)	(10,7)	(10,8)	(10,9)	(11,5)	(11,6)	(11,7)	(11,8)	(12,6)	(12,7)	(12,8)	(13,7)	(13,8)	(13,9)	(14,10)	
(8,1):(6,1)	(6,3)	(7,2)	(7,3)	(7,5)	(7,6)	(7,7)	(7,8)	(8,1)	(8,2)	(8,3)	(8,4)	(8,5)	(8,6)	(8,7)	(8,8)	
(8,2):(6,1)	(6,3)	(6,8)	(7,2)	(7,3)	(7,5)	(7,6)	(7,7)	(7,8)	(8,1)	(8,2)	(8,3)	(8,4)	(8,5)	(8,6)	(8,7)	(8,8)	(9,3)	(9,4)	(9,5)	(9,6)	(9,7)	(9,8)	(9,9)	(10,2)	(10,4)	(10,5)	(10,6)	(10,7)	(10,8)	(10,9)	(10,10)	(10,11)	(10,12)	(11,5)	(11,6)	(11,7)	(11,8)	(11,12)	(12,6)	(12,7)	(12,8)	(13,7)	(13,8)	(13,9)	(14,10)	
(10,2):(5,7)	(5,9)	(6,3)	(6,6)	(6,7)	(6,8)	(7,2)	(7,3)	(7,5)	(7,6)	(7,7)	(7,8)	(8,2)	(8,3)	(8,4)	(8,5)	(8,6)	(8,7)	(8,8)	(9,3)	(9,4)	(9,5)	(9,6)	(9,7)	(9,8)	(9,9)	(9,13)	(10,2)	(10,4)	(10,5)	(10,6)	(10,7)	(10,8)	(10,9)	(10,10)	(10,11)	(10,12)	
(10,4):(3,7)	(4,6)	(5,6)	(5,7)	(5,9)	(6,1)	(6,6)	(6,7)	(6,8)	(7,2)	(7,3)	(7,5)	(7,6)	(7,7)	(7,8)	(8,2)	(8,3)	(8,4)	(8,5)	(8,6)	(8,7)	(8,8)	(9,3)	(9,4)	(9,5)	(9,6)	(9,7)	(9,8)	(9,9)	(9,13)	(10,2)	(10,4)	(10,5)	(10,6)	(10,7)	(10,8)	(10,9)	(10,10)	(10,11)	(10,12)	(11,5)	(11,6)	(11,7)	(11,8)	(11,12)	(12,5)	(12,6)	(12,7)	(12,8)	(13,5)	(13,6)	(13,7)	(13,8)	(13,9)	(14,4)	(14,10)	
(14,4):(3,7)	(4,6)	(5,6)	(5,7)	(5,9)	(6,6)	(6,7)	(6,8)	(7,5)	(7,6)	(7,7)	(7,8)	(8,4)	(8,5)	(8,6)	(8,7)	(8,8)	(9,4)	(9,5)	(9,6)	(9,7)	(9,8)	(9,9)	(10,4)	(10,5)	(10,6)	(10,7)	(10,8)	(10,9)	(11,5)	(11,6)	(11,7)	(11,8)	(12,5)	(12,6)	(12,7)	(12,8)	(12,10)	(13,5)	(13,6)	(13,7)	(13,8)	(13,9)	(14,4)	(14,10)	
(14,10):(6,1)	(7,2)	(7,3)	(8,2)	(8,3)	(8,4)	(9,3)	(9,4)	(9,5)	(10,4)	(10,5)	(10,6)	(11,5)	(11,6)	(11,7)	(12,5)	(12,6)	(12,7)	(12,8)	(12,10)	(13,5)	(13,6)	(13,7)	(13,8)	(13,9)	(14,4)	(14,10)	
(12,10):12.000000
(12,8):48.523811
(11,8):58.875000
(11,12):34.822224
(13,12):4.000000
(13,13):5.000000
(9,13):25.200001
(9,9):55.678570
(5,9):43.000000
(5,7):46.785713
(3,7):35.875000
(3,14):11.000000
(1,14):7.500000
(1,11):6.000000
(2,11):11.125000
(2,6):28.400000
(4,6):42.700001
(4,5):36.349998
(7,5):56.069046
(7,3):45.888889
(6,3):6.000000
(6,1):28.285715
(8,1):12.000000
(8,2):45.340477
(10,2):32.000000
(10,4):61.443451
(14,4):47.760174
(14,10):26.291666
(12,10),(12,8):12.000000
(12,10),(11,8):8.000000
(12,10),(11,12):0.000000
(12,10),(13,12):0.000000
(12,10),(13,13):0.000000
(12,10),(9,13):0.450000
(12,10),(9,9):6.000000
(12,10),(5,9):7.333333
(12,10),(5,7):8.285714
(12,10),(3,7):6.000000
(12,10),(3,14):0.000000
(12,10),(1,14):0.000000
(12,10),(1,11):0.000000
(12,10),(2,11):0.000000
(12,10),(2,6):4.400000
(12,10),(4,6):8.500000
(12,10),(4,5):6.750000
(12,10),(7,5):9.200000
(12,10),(7,3):8.000000
(12,10),(6,3):0.000000
(12,10),(6,1):5.785714
(12,10),(8,1):0.000000
(12,10),(8,2):4.666667
(12,10),(10,2):0.000000
(12,10),(10,4):11.000000
(12,10),(14,4):12.000000
(12,10),(14,10):12.000000
(12,8),(11,8):44.291668
(12,8),(11,12):21.555555
(12,8),(13,12):0.000000
(12,8),(13,13):0.000000
(12,8),(9,13):12.200000
(12,8),(9,9):40.083332
(12,8),(5,9):36.000000
(12,8),(5,7):38.476189
(12,8),(3,7):27.057142
(12,8),(3,14):0.642857
(12,8),(1,14):0.000000
(12,8),(1,11):0.000000
(12,8),(2,11):0.758005
(12,8),(2,6):19.257143
(12,8),(4,6):35.857143
(12,8),(4,5):29.428572
(12,8),(7,5):43.566666
(12,8),(7,3):34.500000
(12,8),(6,3):4.416667
(12,8),(6,1):24.869047
(12,8),(8,1):9.291667
(12,8),(8,2):31.333334
(12,8),(10,2):21.500000
(12,8),(10,4):45.200001
(12,8),(14,4):40.314285
(12,8),(14,10):26.291666
(11,8),(11,12):32.472221
(11,8),(13,12):2.000000
(11,8),(13,13):3.000000
(11,8),(9,13):22.700001
(11,8),(9,9):54.666668
(11,8),(5,9):42.500000
(11,8),(5,7):45.349998
(11,8),(3,7):26.972221
(11,8),(3,14):0.583333
(11,8),(1,14):0.000000
(11,8),(1,11):0.000000
(11,8),(2,11):0.695000
(11,8),(2,6):20.250000
(11,8),(4,6):40.950001
(11,8),(4,5):35.516666
(11,8),(7,5):52.861111
(11,8),(7,3):42.291668
(11,8),(6,3):4.750000
(11,8),(6,1):24.982143
(11,8),(8,1):11.125000
(11,8),(8,2):41.148811
(11,8),(10,2):30.900000
(11,8),(10,4):56.486111
(11,8),(14,4):42.873810
(11,8),(14,10):22.166666
(11,12),(13,12):4.000000
(11,12),(13,13):5.000000
(11,12),(9,13):21.750000
(11,12),(9,9):32.933334
(11,12),(5,9):20.833334
(11,12),(5,7):19.611111
(11,12),(3,7):11.235294
(11,12),(3,14):0.000000
(11,12),(1,14):0.000000
(11,12),(1,11):0.000000
(11,12),(2,11):0.000000
(11,12),(2,6):8.142858
(11,12),(4,6):17.033333
(11,12),(4,5):14.933333
(11,12),(7,5):28.219048
(11,12),(7,3):29.877777
(11,12),(6,3):4.551389
(11,12),(6,1):18.297222
(11,12),(8,1):6.579798
(11,12),(8,2):31.107143
(11,12),(10,2):22.172222
(11,12),(10,4):32.474117
(11,12),(14,4):17.971014
(11,12),(14,10):10.180555
(13,12),(13,13):4.000000
(13,12),(9,13):4.000000
(13,12),(9,9):2.333333
(13,12),(5,9):0.000000
(13,12),(5,7):0.000000
(13,12),(3,7):0.000000
(13,12),(3,14):0.000000
(13,12),(1,14):0.000000
(13,12),(1,11):0.000000
(13,12),(2,11):0.000000
(13,12),(2,6):0.000000
(13,12),(4,6):0.000000
(13,12),(4,5):0.000000
(13,12),(7,5):0.535714
(13,12),(7,3):1.055556
(13,12),(6,3):0.000000
(13,12),(6,1):0.000000
(13,12),(8,1):0.000000
(13,12),(8,2):1.650000
(13,12),(10,2):1.000000
(13,12),(10,4):2.062500
(13,12),(14,4):0.000000
(13,12),(14,10):0.000000
(13,13),(9,13):5.000000
(13,13),(9,9):3.333333
(13,13),(5,9):0.000000
(13,13),(5,7):0.000000
(13,13),(3,7):0.000000
(13,13),(3,14):0.000000
(13,13),(1,14):0.000000
(13,13),(1,11):0.000000
(13,13),(2,11):0.000000
(13,13),(2,6):0.000000
(13,13),(4,6):0.000000
(13,13),(4,5):0.000000
(13,13),(7,5):0.619048
(13,13),(7,3):1.355556
(13,13),(6,3):0.000000
(13,13),(6,1):0.000000
(13,13),(8,1):0.000000
(13,13),(8,2):2.314835
(13,13),(10,2):1.750000
(13,13),(10,4):3.062500
(13,13),(14,4):0.000000
(13,13),(14,10):0.000000
(9,13),(9,9):23.533333
(9,13),(5,9):15.200000
(9,13),(5,7):15.700000
(9,13),(3,7):9.250000
(9,13),(3,14):0.000000
(9,13),(1,14):0.000000
(9,13),(1,11):0.000000
(9,13),(2,11):0.000000
(9,13),(2,6):6.133333
(9,13),(4,6):14.233334
(9,13),(4,5):11.400000
(9,13),(7,5):19.485714
(9,13),(7,3):19.761438
(9,13),(6,3):1.000000
(9,13),(6,1):12.500000
(9,13),(8,1):0.000000
(9,13),(8,2):19.792856
(9,13),(10,2):11.000000
(9,13),(10,4):23.262501
(9,13),(14,4):13.866667
(9,13),(14,10):7.807143
(9,9),(5,9):41.500000
(9,9),(5,7):42.250000
(9,9),(3,7):25.500000
(9,9),(3,14):0.000000
(9,9),(1,14):0.000000
(9,9),(1,11):0.000000
(9,9),(2,11):0.013889
(9,9),(2,6):16.750000
(9,9),(4,6):37.450001
(9,9),(4,5):33.099998
(9,9),(7,5):50.864285
(9,9),(7,3):40.234127
(9,9),(6,3):4.595238
(9,9),(6,1):22.445238
(9,9),(8,1):10.595238
(9,9),(8,2):39.769047
(9,9),(10,2):31.166666
(9,9),(10,4):53.379166
(9,9),(14,4):39.702381
(9,9),(14,10):19.375000
(5,9),(5,7):40.750000
(5,9),(3,7):24.250000
(5,9),(3,14):0.000000
(5,9),(1,14):0.000000
(5,9),(1,11):0.000000
(5,9),(2,11):0.000000
(5,9),(2,6):17.250000
(5,9),(4,6):35.750000
(5,9),(4,5):31.250000
(5,9),(7,5):43.000000
(5,9),(7,3):32.333332
(5,9),(6,3):1.750000
(5,9),(6,1):19.549999
(5,9),(8,1):7.000000
(5,9),(8,2):29.773809
(5,9),(10,2):24.750000
(5,9),(10,4):42.333332
(5,9),(14,4):38.339287
(5,9),(14,10):17.904762
(5,7),(3,7):27.750000
(5,7),(3,14):1.000000
(5,7),(1,14):0.000000
(5,7),(1,11):0.000000
(5,7),(2,11):1.125000
(5,7),(2,6):21.285715
(5,7),(4,6):41.785713
(5,7),(4,5):35.285713
(5,7),(7,5):46.119049
(5,7),(7,3):32.119049
(5,7),(6,3):0.500000
(5,7),(6,1):19.785715
(5,7),(8,1):6.500000
(5,7),(8,2):29.452381
(5,7),(10,2):22.750000
(5,7),(10,4):44.619049
(5,7),(14,4):42.651947
(5,7),(14,10):17.485714
(3,7),(3,14):9.125000
(3,7),(1,14):5.625000
(3,7),(1,11):4.125000
(3,7),(2,11):9.250000
(3,7),(2,6):19.000000
(3,7),(4,6):27.500000
(3,7),(4,5):19.500000
(3,7),(7,5):27.333334
(3,7),(7,3):17.583334
(3,7),(6,3):0.000000
(3,7),(6,1):11.050000
(3,7),(8,1):2.750000
(3,7),(8,2):13.416667
(3,7),(10,2):10.250000
(3,7),(10,4):26.297619
(3,7),(14,4):26.903030
(3,7),(14,10):13.520833
(3,14),(1,14):7.500000
(3,14),(1,11):6.000000
(3,14),(2,11):11.000000
(3,14),(2,6):8.000000
(3,14),(4,6):1.500000
(3,14),(4,5):0.000000
(3,14),(7,5):0.750000
(3,14),(7,3):0.000000
(3,14),(6,3):0.000000
(3,14),(6,1):0.000000
(3,14),(8,1):0.000000
(3,14),(8,2):0.000000
(3,14),(10,2):0.000000
(3,14),(10,4):0.714286
(3,14),(14,4):0.836364
(3,14),(14,10):0.000000
(1,14),(1,11):6.000000
(1,14),(2,11):7.500000
(1,14),(2,6):4.500000
(1,14),(4,6):0.000000
(1,14),(4,5):0.000000
(1,14),(7,5):0.000000
(1,14),(7,3):0.000000
(1,14),(6,3):0.000000
(1,14),(6,1):0.000000
(1,14),(8,1):0.000000
(1,14),(8,2):0.000000
(1,14),(10,2):0.000000
(1,14),(10,4):0.000000
(1,14),(14,4):0.000000
(1,14),(14,10):0.000000
(1,11),(2,11):6.000000
(1,11),(2,6):3.000000
(1,11),(4,6):0.000000
(1,11),(4,5):0.000000
(1,11),(7,5):0.000000
(1,11),(7,3):0.000000
(1,11),(6,3):0.000000
(1,11),(6,1):0.000000
(1,11),(8,1):0.000000
(1,11),(8,2):0.000000
(1,11),(10,2):0.000000
(1,11),(10,4):0.000000
(1,11),(14,4):0.000000
(1,11),(14,10):0.000000
(2,11),(2,6):8.125000
(2,11),(4,6):1.625000
(2,11),(4,5):0.000000
(2,11),(7,5):0.810606
(2,11),(7,3):0.000000
(2,11),(6,3):0.000000
(2,11),(6,1):0.000000
(2,11),(8,1):0.000000
(2,11),(8,2):0.000000
(2,11),(10,2):0.000000
(2,11),(10,4):0.774892
(2,11),(14,4):0.920574
(2,11),(14,10):0.000000
(2,6),(4,6):21.900000
(2,6),(4,5):19.400000
(2,6),(7,5):20.983334
(2,6),(7,3):15.733334
(2,6),(6,3):0.000000
(2,6),(6,1):10.783334
(2,6),(8,1):2.528846
(2,6),(8,2):14.633333
(2,6),(10,2):8.666667
(2,6),(10,4):20.947618
(2,6),(14,4):20.836363
(2,6),(14,10):6.400000
(4,6),(4,5):34.700001
(4,6),(7,5):41.783333
(4,6),(7,3):29.533333
(4,6),(6,3):0.000000
(4,6),(6,1):17.628571
(4,6),(8,1):5.766667
(4,6),(8,2):26.200001
(4,6),(10,2):17.799999
(4,6),(10,4):40.247620
(4,6),(14,4):40.041782
(4,6),(14,10):16.000000
(4,5),(7,5):36.349998
(4,5),(7,3):27.183332
(4,5),(6,3):0.000000
(4,5),(6,1):16.016666
(4,5),(8,1):6.000000
(4,5),(8,2):25.450001
(4,5),(10,2):17.400000
(4,5),(10,4):34.849998
(4,5),(14,4):34.122768
(4,5),(14,10):11.250000
(7,5),(7,3):41.755554
(7,5),(6,3):4.000000
(7,5),(6,1):25.200001
(7,5),(8,1):10.000000
(7,5),(8,2):39.016666
(7,5),(10,2):28.000000
(7,5),(10,4):53.810120
(7,5),(14,4):44.276840
(7,5),(14,10):21.991667
(7,3),(6,3):6.000000
(7,3),(6,1):28.000000
(7,3),(8,1):10.000000
(7,3),(8,2):40.483334
(7,3),(10,2):23.500000
(7,3),(10,4):45.062500
(7,3),(14,4):31.679487
(7,3),(14,10):21.625000
(6,3),(6,1):5.000000
(6,3),(8,1):4.000000
(6,3),(8,2):6.000000
(6,3),(10,2):4.000000
(6,3),(10,4):5.333333
(6,3),(14,4):0.000000
(6,3),(14,10):4.125000
(6,1),(8,1):5.000000
(6,1),(8,2):26.285715
(6,1),(10,2):12.000000
(6,1),(10,4):27.619047
(6,1),(14,4):19.185715
(6,1),(14,10):18.410715
(8,1),(8,2):12.000000
(8,1),(10,2):10.000000
(8,1),(10,4):11.333333
(8,1),(14,4):7.000000
(8,1),(14,10):3.625000
(8,2),(10,2):27.523809
(8,2),(10,4):44.586311
(8,2),(14,4):29.833334
(8,2),(14,10):16.958334
(10,2),(10,4):31.833334
(10,2),(14,4):22.000000
(10,2),(14,10):6.666667
(10,4),(14,4):45.636364
(10,4),(14,10):25.166666
(14,4),(14,10):20.000000
