10
(1,1):(1,1)	(1,3)	(2,2)	(2,3)	(3,1)	(3,2)	(3,3)	(3,4)	(4,4)	(5,5)	
(3,1):(1,1)	(1,3)	(2,2)	(2,3)	(2,5)	(3,1)	(3,2)	(3,3)	(3,4)	
(3,2):(1,1)	(1,3)	(2,2)	(2,3)	(2,5)	(3,1)	(3,2)	(3,3)	(3,4)	(4,2)	(4,4)	
(4,2):(1,3)	(2,2)	(2,3)	(2,5)	(3,2)	(3,3)	(3,4)	(4,2)	(4,4)	
(4,4):(1,1)	(2,2)	(2,3)	(2,5)	(3,2)	(3,3)	(3,4)	(4,2)	(4,4)	(5,4)	(5,5)	
(5,4):(2,5)	(3,4)	(4,4)	(5,4)	(5,5)	
(5,5):(1,1)	(2,2)	(2,3)	(2,5)	(3,3)	(3,4)	(4,4)	(5,4)	(5,5)	
(2,5):(2,2)	(2,3)	(2,5)	(3,1)	(3,2)	(3,3)	(3,4)	(4,2)	(4,4)	(5,4)	(5,5)	
(2,3):(1,1)	(1,3)	(2,2)	(2,3)	(2,5)	(3,1)	(3,2)	(3,3)	(3,4)	(4,2)	(4,4)	(5,5)	
(1,3):(1,1)	(1,3)	(2,2)	(2,3)	(3,1)	(3,2)	(3,3)	(4,2)	
(1,1):8.250000
(3,1):6.000000
(3,2):9.250000
(4,2):7.000000
(4,4):9.500000
(5,4):3.000000
(5,5):6.166667
(2,5):8.000000
(2,3):9.750000
(1,3):5.000000
(1,1),(3,1):5.000000
(1,1),(3,2):8.000000
(1,1),(4,2):5.750000
(1,1),(4,4):7.750000
(1,1),(5,4):1.750000
(1,1),(5,5):4.666667
(1,1),(2,5):6.250000
(1,1),(2,3):8.250000
(1,1),(1,3):4.750000
(3,1),(3,2):6.000000
(3,1),(4,2):4.000000
(3,1),(4,4):5.500000
(3,1),(5,4):1.000000
(3,1),(5,5):3.666667
(3,1),(2,5):4.000000
(3,1),(2,3):6.000000
(3,1),(1,3):4.000000
(3,2),(4,2):7.000000
(3,2),(4,4):8.750000
(3,2),(5,4):2.250000
(3,2),(5,5):5.416667
(3,2),(2,5):7.250000
(3,2),(2,3):9.250000
(3,2),(1,3):5.000000
(4,2),(4,4):6.750000
(4,2),(5,4):2.000000
(4,2),(5,5):4.666667
(4,2),(2,5):6.000000
(4,2),(2,3):7.000000
(4,2),(1,3):3.000000
(4,4),(5,4):3.000000
(4,4),(5,5):6.166667
(4,4),(2,5):7.750000
(4,4),(2,3):9.250000
(4,4),(1,3):4.500000
(5,4),(5,5):3.000000
(5,4),(2,5):3.000000
(5,4),(2,3):2.750000
(5,4),(1,3):0.000000
(5,5),(2,5):5.000000
(5,5),(2,3):5.916667
(5,5),(1,3):1.666667
(2,5),(2,3):7.750000
(2,5),(1,3):3.000000
(2,3),(1,3):5.000000
