70
(34,13):(24,9)	(25,10)	(25,11)	(25,12)	(25,13)	(25,14)	(25,15)	(25,16)	(25,17)	(25,18)	(25,19)	(25,20)	(25,21)	(25,22)	(26,10)	(26,11)	(26,12)	(26,13)	(26,14)	(26,15)	(26,16)	(26,17)	(26,18)	(26,19)	(26,20)	(26,21)	(27,10)	(27,11)	(27,12)	(27,13)	(27,14)	(27,15)	(27,16)	(27,17)	(27,18)	(27,19)	(27,20)	(28,6)	(28,9)	(28,10)	(28,11)	(28,12)	(28,13)	(28,14)	(28,15)	(28,16)	(28,17)	(28,18)	(28,19)	(28,20)	(29,7)	(29,8)	(29,9)	(29,10)	(29,11)	(29,12)	(29,13)	(29,14)	(29,15)	(29,16)	(29,17)	(29,18)	(29,19)	(29,20)	(30,8)	(30,9)	(30,10)	(30,11)	(30,12)	(30,13)	(30,14)	(30,15)	(30,16)	(30,17)	(30,18)	(30,19)	(31,9)	(31,10)	(31,11)	(31,12)	(31,13)	(31,14)	(31,15)	(31,16)	(31,17)	(31,18)	(32,9)	(32,10)	(32,11)	(32,12)	(32,13)	(32,14)	(32,15)	(32,16)	(32,17)	(33,11)	(33,12)	(33,13)	(33,14)	(33,15)	(33,16)	(33,17)	(34,12)	(34,13)	(34,18)	(35,11)	(35,13)	
(34,18):(24,9)	(25,10)	(25,11)	(25,12)	(25,13)	(25,14)	(25,15)	(25,16)	(25,17)	(25,18)	(26,10)	(26,11)	(26,12)	(26,13)	(26,14)	(26,15)	(26,16)	(26,17)	(26,18)	(27,4)	(27,10)	(27,11)	(27,12)	(27,13)	(27,14)	(27,15)	(27,16)	(27,17)	(27,18)	(28,5)	(28,6)	(28,9)	(28,10)	(28,11)	(28,12)	(28,13)	(28,14)	(28,15)	(28,16)	(28,17)	(28,18)	(29,6)	(29,7)	(29,8)	(29,9)	(29,10)	(29,11)	(29,12)	(29,13)	(29,14)	(29,15)	(29,16)	(29,17)	(29,18)	(30,8)	(30,9)	(30,10)	(30,11)	(30,12)	(30,13)	(30,14)	(30,15)	(30,16)	(30,17)	(30,18)	(31,9)	(31,10)	(31,11)	(31,12)	(31,13)	(31,14)	(31,15)	(31,16)	(31,17)	(31,18)	(32,9)	(32,10)	(32,11)	(32,12)	(32,13)	(32,14)	(32,15)	(32,16)	(32,17)	(33,11)	(33,12)	(33,13)	(33,14)	(33,15)	(33,16)	(33,17)	(34,12)	(34,13)	(34,18)	
(31,18):(24,9)	(25,10)	(25,11)	(25,12)	(25,13)	(25,14)	(25,15)	(25,16)	(25,17)	(25,18)	(25,19)	(25,20)	(25,21)	(26,10)	(26,11)	(26,12)	(26,13)	(26,14)	(26,15)	(26,16)	(26,17)	(26,18)	(26,19)	(26,20)	(26,21)	(27,10)	(27,11)	(27,12)	(27,13)	(27,14)	(27,15)	(27,16)	(27,17)	(27,18)	(27,19)	(27,20)	(28,5)	(28,6)	(28,9)	(28,10)	(28,11)	(28,12)	(28,13)	(28,14)	(28,15)	(28,16)	(28,17)	(28,18)	(28,19)	(28,20)	(29,5)	(29,6)	(29,7)	(29,8)	(29,9)	(29,10)	(29,11)	(29,12)	(29,13)	(29,14)	(29,15)	(29,16)	(29,17)	(29,18)	(29,19)	(29,20)	(30,8)	(30,9)	(30,10)	(30,11)	(30,12)	(30,13)	(30,14)	(30,15)	(30,16)	(30,17)	(30,18)	(30,19)	(30,20)	(31,9)	(31,10)	(31,11)	(31,12)	(31,13)	(31,14)	(31,15)	(31,16)	(31,17)	(31,18)	(31,21)	(32,9)	(32,10)	(32,11)	(32,12)	(32,13)	(32,14)	(32,15)	(32,16)	(32,17)	(33,8)	(33,11)	(33,12)	(33,13)	(33,14)	(33,15)	(33,16)	(33,17)	(34,12)	(34,13)	(34,18)	(35,11)	
(31,21):(24,9)	(25,10)	(25,11)	(25,12)	(25,13)	(25,14)	(25,15)	(25,16)	(25,17)	(25,18)	(25,19)	(25,20)	(25,21)	(26,10)	(26,11)	(26,12)	(26,13)	(26,14)	(26,15)	(26,16)	(26,17)	(26,18)	(26,19)	(26,20)	(26,21)	(27,10)	(27,11)	(27,12)	(27,13)	(27,14)	(27,15)	(27,16)	(27,17)	(27,18)	(27,19)	(27,20)	(28,5)	(28,6)	(28,9)	(28,10)	(28,11)	(28,12)	(28,13)	(28,14)	(28,15)	(28,16)	(28,17)	(28,18)	(28,19)	(28,20)	(29,5)	(29,6)	(29,7)	(29,8)	(29,9)	(29,10)	(29,11)	(29,12)	(29,13)	(29,14)	(29,15)	(29,16)	(29,17)	(29,18)	(29,19)	(29,20)	(30,8)	(30,9)	(30,10)	(30,11)	(30,12)	(30,13)	(30,14)	(30,15)	(30,16)	(30,17)	(30,18)	(30,19)	(30,20)	(31,9)	(31,10)	(31,11)	(31,12)	(31,13)	(31,14)	(31,15)	(31,16)	(31,17)	(31,18)	(31,21)	
(26,21):(24,9)	(24,32)	(25,10)	(25,11)	(25,12)	(25,13)	(25,14)	(25,15)	(25,16)	(25,17)	(25,18)	(25,19)	(25,20)	(25,21)	(25,22)	(25,23)	(25,24)	(25,25)	(25,26)	(25,27)	(26,10)	(26,11)	(26,12)	(26,13)	(26,14)	(26,15)	(26,16)	(26,17)	(26,18)	(26,19)	(26,20)	(26,21)	(26,27)	(27,10)	(27,11)	(27,12)	(27,13)	(27,14)	(27,15)	(27,16)	(27,17)	(27,18)	(27,19)	(27,20)	(28,9)	(28,10)	(28,11)	(28,12)	(28,13)	(28,14)	(28,15)	(28,16)	(28,17)	(28,18)	(28,19)	(28,20)	(29,5)	(29,6)	(29,7)	(29,8)	(29,9)	(29,10)	(29,11)	(29,12)	(29,13)	(29,14)	(29,15)	(29,16)	(29,17)	(29,18)	(29,19)	(29,20)	(30,4)	(30,8)	(30,9)	(30,10)	(30,11)	(30,12)	(30,13)	(30,14)	(30,15)	(30,16)	(30,17)	(30,18)	(30,19)	(30,20)	(31,9)	(31,10)	(31,11)	(31,12)	(31,13)	(31,14)	(31,15)	(31,16)	(31,17)	(31,18)	(31,21)	(32,9)	(32,10)	(32,11)	(32,12)	(32,13)	(32,14)	(32,15)	(32,16)	(32,17)	(33,8)	(33,11)	(33,12)	(33,13)	(33,14)	(33,15)	(33,16)	(34,12)	(34,13)	(35,11)	
(26,27):(24,9)	(25,10)	(25,11)	(25,12)	(25,13)	(25,14)	(25,15)	(25,16)	(25,17)	(25,18)	(25,19)	(25,20)	(25,21)	(25,22)	(25,23)	(25,24)	(25,25)	(25,26)	(25,27)	(26,10)	(26,11)	(26,12)	(26,13)	(26,14)	(26,15)	(26,16)	(26,17)	(26,18)	(26,19)	(26,20)	(26,21)	(26,27)	
(25,27):(24,9)	(24,32)	(25,10)	(25,11)	(25,12)	(25,13)	(25,14)	(25,15)	(25,16)	(25,17)	(25,18)	(25,19)	(25,20)	(25,21)	(25,22)	(25,23)	(25,24)	(25,25)	(25,26)	(25,27)	(25,28)	(25,29)	(25,30)	(25,31)	(26,10)	(26,11)	(26,12)	(26,13)	(26,14)	(26,15)	(26,16)	(26,17)	(26,18)	(26,19)	(26,20)	(26,21)	(26,27)	(27,10)	(27,11)	(27,12)	(27,13)	(27,14)	(27,15)	(28,9)	
(25,28):(24,9)	(24,32)	(25,10)	(25,11)	(25,12)	(25,13)	(25,14)	(25,15)	(25,16)	(25,17)	(25,18)	(25,19)	(25,20)	(25,21)	(25,22)	(25,23)	(25,24)	(25,25)	(25,26)	(25,27)	(25,28)	(25,29)	(25,30)	(25,31)	(26,29)	(26,30)	(26,31)	(27,29)	(27,30)	(27,31)	(28,29)	(28,30)	(28,31)	(29,29)	(29,32)	(32,28)	(32,29)	
(32,28):(25,28)	(25,29)	(25,30)	(26,29)	(26,30)	(27,29)	(28,29)	(29,29)	(32,28)	(32,29)	
(32,29):(25,28)	(25,29)	(26,29)	(27,29)	(28,29)	(29,29)	(32,28)	(32,29)	
(29,29):(24,32)	(25,28)	(25,29)	(25,30)	(25,31)	(26,29)	(26,30)	(26,31)	(27,29)	(27,30)	(27,31)	(28,29)	(28,30)	(28,31)	(29,29)	(29,32)	(32,28)	(32,29)	
(29,32):(24,32)	(25,28)	(25,29)	(25,30)	(25,31)	(26,29)	(26,30)	(26,31)	(27,29)	(27,30)	(27,31)	(28,29)	(28,30)	(28,31)	(29,29)	(29,32)	
(24,32):(24,9)	(24,32)	(25,10)	(25,11)	(25,12)	(25,13)	(25,14)	(25,15)	(25,16)	(25,17)	(25,18)	(25,19)	(25,20)	(25,21)	(25,22)	(25,23)	(25,24)	(25,25)	(25,26)	(25,27)	(25,28)	(25,29)	(25,30)	(25,31)	(26,10)	(26,11)	(26,12)	(26,13)	(26,14)	(26,15)	(26,16)	(26,17)	(26,18)	(26,19)	(26,20)	(26,21)	(26,29)	(26,30)	(26,31)	(27,10)	(27,11)	(27,12)	(27,13)	(27,14)	(27,15)	(27,29)	(27,30)	(27,31)	(28,9)	(28,10)	(28,29)	(28,30)	(28,31)	(29,29)	(29,32)	
(24,9):(24,9)	(24,32)	(25,10)	(25,11)	(25,12)	(25,13)	(25,14)	(25,15)	(25,16)	(25,17)	(25,18)	(25,19)	(25,20)	(25,21)	(25,22)	(25,23)	(25,24)	(25,25)	(25,26)	(25,27)	(25,28)	(25,29)	(25,30)	(25,31)	(26,10)	(26,11)	(26,12)	(26,13)	(26,14)	(26,15)	(26,16)	(26,17)	(26,18)	(26,19)	(26,20)	(26,21)	(26,27)	(27,10)	(27,11)	(27,12)	(27,13)	(27,14)	(27,15)	(27,16)	(27,17)	(27,18)	(27,19)	(27,20)	(28,9)	(28,10)	(28,11)	(28,12)	(28,13)	(28,14)	(28,15)	(28,16)	(28,17)	(28,18)	(28,19)	(28,20)	(29,9)	(29,10)	(29,11)	(29,12)	(29,13)	(29,14)	(29,15)	(29,16)	(29,17)	(29,18)	(29,19)	(29,20)	(30,9)	(30,10)	(30,11)	(30,12)	(30,13)	(30,14)	(30,15)	(30,16)	(30,17)	(30,18)	(30,19)	(30,20)	(31,9)	(31,10)	(31,11)	(31,12)	(31,13)	(31,14)	(31,15)	(31,16)	(31,17)	(31,18)	(31,21)	(32,9)	(32,10)	(32,11)	(32,12)	(32,13)	(32,14)	(32,15)	(32,16)	(32,17)	(33,11)	(33,12)	(33,13)	(33,14)	(33,15)	(33,16)	(33,17)	(34,12)	(34,13)	(34,18)	(35,13)	
(28,9):(24,9)	(24,32)	(25,10)	(25,11)	(25,12)	(25,13)	(25,14)	(25,15)	(25,16)	(25,17)	(25,18)	(25,19)	(25,20)	(25,21)	(25,22)	(25,23)	(25,24)	(25,25)	(25,26)	(25,27)	(26,10)	(26,11)	(26,12)	(26,13)	(26,14)	(26,15)	(26,16)	(26,17)	(26,18)	(26,19)	(26,20)	(26,21)	(27,10)	(27,11)	(27,12)	(27,13)	(27,14)	(27,15)	(27,16)	(27,17)	(27,18)	(27,19)	(27,20)	(28,5)	(28,6)	(28,9)	(28,10)	(28,11)	(28,12)	(28,13)	(28,14)	(28,15)	(28,16)	(28,17)	(28,18)	(28,19)	(28,20)	(29,5)	(29,6)	(29,7)	(29,8)	(29,9)	(29,10)	(29,11)	(29,12)	(29,13)	(29,14)	(29,15)	(29,16)	(29,17)	(29,18)	(29,19)	(29,20)	(30,4)	(30,8)	(30,9)	(30,10)	(30,11)	(30,12)	(30,13)	(30,14)	(30,15)	(30,16)	(30,17)	(30,18)	(30,19)	(30,20)	(31,9)	(31,10)	(31,11)	(31,12)	(31,13)	(31,14)	(31,15)	(31,16)	(31,17)	(31,18)	(31,21)	(32,9)	(32,10)	(32,11)	(32,12)	(32,13)	(32,14)	(32,15)	(32,16)	(32,17)	(33,8)	(33,11)	(33,12)	(33,13)	(33,14)	(33,15)	(33,16)	(33,17)	(34,12)	(34,13)	(34,18)	(35,13)	
(28,6):(17,3)	(18,4)	(19,4)	(20,4)	(21,4)	(22,4)	(23,4)	(23,5)	(23,6)	(24,4)	(24,5)	(25,4)	(25,5)	(26,4)	(26,5)	(27,4)	(27,5)	(28,5)	(28,6)	(28,9)	(28,10)	(28,11)	(28,12)	(28,13)	(28,14)	(28,15)	(28,16)	(28,17)	(28,18)	(28,19)	(28,20)	(29,5)	(29,6)	(29,7)	(29,8)	(29,9)	(29,10)	(29,11)	(29,12)	(29,13)	(29,14)	(29,15)	(29,16)	(29,17)	(29,18)	(29,19)	(29,20)	(30,4)	(30,8)	(30,9)	(30,10)	(30,11)	(30,12)	(30,13)	(30,14)	(30,15)	(30,16)	(30,17)	(30,18)	(30,19)	(30,20)	(31,9)	(31,10)	(31,11)	(31,12)	(31,13)	(31,14)	(31,15)	(31,16)	(31,17)	(31,18)	(31,21)	(32,10)	(32,11)	(32,12)	(32,13)	(32,14)	(32,15)	(32,16)	(32,17)	(33,11)	(33,12)	(33,13)	(33,14)	(33,15)	(33,16)	(33,17)	(34,12)	(34,13)	(34,18)	(35,13)	
(23,6):(23,4)	(23,5)	(23,6)	(24,4)	(24,5)	(25,4)	(25,5)	(26,4)	(26,5)	(27,3)	(27,4)	(27,5)	(28,5)	(28,6)	(29,5)	(29,6)	(30,4)	
(23,5):(17,3)	(17,4)	(17,5)	(18,4)	(18,5)	(19,4)	(19,5)	(20,4)	(20,5)	(21,4)	(21,5)	(22,4)	(22,5)	(23,4)	(23,5)	(23,6)	(24,4)	(24,5)	(25,4)	(25,5)	(26,4)	(26,5)	(27,3)	(27,4)	(27,5)	(28,5)	(28,6)	(29,5)	(29,6)	(30,4)	
(22,5):(12,9)	(12,10)	(12,11)	(13,8)	(13,9)	(13,10)	(14,8)	(14,9)	(14,10)	(15,8)	(15,9)	(16,7)	(16,8)	(16,9)	(17,3)	(17,4)	(17,5)	(17,6)	(17,7)	(17,8)	(17,9)	(18,4)	(18,5)	(18,6)	(18,7)	(18,8)	(18,9)	(18,19)	(19,4)	(19,5)	(19,6)	(19,7)	(19,8)	(19,9)	(19,10)	(19,15)	(19,16)	(19,17)	(19,18)	(20,4)	(20,5)	(20,6)	(20,7)	(20,8)	(20,9)	(20,10)	(20,11)	(20,12)	(20,13)	(20,14)	(20,15)	(20,16)	(20,17)	(20,18)	(20,19)	(20,24)	(21,4)	(21,5)	(21,6)	(21,7)	(21,8)	(21,9)	(21,10)	(21,11)	(21,12)	(21,13)	(21,14)	(21,15)	(21,16)	(21,17)	(21,18)	(21,19)	(21,20)	(21,21)	(21,22)	(21,23)	(22,4)	(22,5)	(22,23)	(23,4)	(23,5)	(24,4)	(24,5)	(25,4)	(25,5)	(26,4)	(26,5)	(27,3)	(27,4)	(27,5)	(28,5)	(29,5)	(30,4)	
(22,23):(18,4)	(18,5)	(19,4)	(19,5)	(19,6)	(19,7)	(19,8)	(19,9)	(19,10)	(19,15)	(19,16)	(19,17)	(20,4)	(20,5)	(20,6)	(20,7)	(20,8)	(20,9)	(20,10)	(20,11)	(20,12)	(20,13)	(20,14)	(20,15)	(20,16)	(20,17)	(20,18)	(20,19)	(21,4)	(21,5)	(21,6)	(21,7)	(21,8)	(21,9)	(21,10)	(21,11)	(21,12)	(21,13)	(21,14)	(21,15)	(21,16)	(21,17)	(21,18)	(21,19)	(21,20)	(21,21)	(21,22)	(21,23)	(22,4)	(22,5)	(22,23)	
(21,23):(19,4)	(19,5)	(19,6)	(19,7)	(19,8)	(19,9)	(19,10)	(19,15)	(20,4)	(20,5)	(20,6)	(20,7)	(20,8)	(20,9)	(20,10)	(20,11)	(20,12)	(20,13)	(20,14)	(20,15)	(20,16)	(20,17)	(20,18)	(20,19)	(20,24)	(21,4)	(21,5)	(21,6)	(21,7)	(21,8)	(21,9)	(21,10)	(21,11)	(21,12)	(21,13)	(21,14)	(21,15)	(21,16)	(21,17)	(21,18)	(21,19)	(21,20)	(21,21)	(21,22)	(21,23)	(21,25)	(22,4)	(22,5)	(22,23)	
(21,25):(7,24)	(8,25)	(9,25)	(19,4)	(19,5)	(19,6)	(19,7)	(19,8)	(19,9)	(19,10)	(20,4)	(20,5)	(20,6)	(20,7)	(20,8)	(20,9)	(20,10)	(20,11)	(20,12)	(20,13)	(20,14)	(20,15)	(20,16)	(20,17)	(20,18)	(20,19)	(20,24)	(21,4)	(21,5)	(21,6)	(21,7)	(21,8)	(21,9)	(21,10)	(21,11)	(21,12)	(21,13)	(21,14)	(21,15)	(21,16)	(21,17)	(21,18)	(21,19)	(21,20)	(21,21)	(21,22)	(21,23)	(21,25)	
(9,25):(5,30)	(6,27)	(6,28)	(6,29)	(7,24)	(7,26)	(7,27)	(7,28)	(7,29)	(8,25)	(8,26)	(8,27)	(8,28)	(8,29)	(8,30)	(8,31)	(8,32)	(8,33)	(8,34)	(9,25)	(9,35)	(20,24)	(21,25)	
(9,35):(4,31)	(4,33)	(5,32)	(5,33)	(6,32)	(6,33)	(6,34)	(6,35)	(7,24)	(7,32)	(7,33)	(7,34)	(8,25)	(8,26)	(8,27)	(8,28)	(8,29)	(8,30)	(8,31)	(8,32)	(8,33)	(8,34)	(9,25)	(9,35)	
(6,35):(6,32)	(6,33)	(6,34)	(6,35)	(7,32)	(7,33)	(7,34)	(8,31)	(8,32)	(8,33)	(8,34)	(9,35)	
(6,34):(1,33)	(1,34)	(4,31)	(4,33)	(5,32)	(5,33)	(6,32)	(6,33)	(6,34)	(6,35)	(7,32)	(7,33)	(7,34)	(8,31)	(8,32)	(8,33)	(8,34)	(9,35)	
(1,34):(1,33)	(1,34)	(4,33)	(5,33)	(6,33)	(6,34)	(7,32)	(7,33)	(7,34)	(8,32)	(8,33)	(8,34)	
(1,33):(1,33)	(1,34)	(4,33)	(5,33)	(6,33)	(6,34)	(7,33)	(7,34)	(8,33)	(8,34)	
(4,33):(1,33)	(1,34)	(4,31)	(4,33)	(5,32)	(5,33)	(6,32)	(6,33)	(6,34)	(7,32)	(7,33)	(7,34)	(8,31)	(8,32)	(8,33)	(8,34)	(9,35)	
(4,31):(4,31)	(4,33)	(5,32)	(5,33)	(6,32)	(6,33)	(6,34)	(7,32)	(7,33)	(7,34)	(8,31)	(8,32)	(8,33)	(8,34)	(9,35)	
(8,31):(4,31)	(4,33)	(5,32)	(5,33)	(6,32)	(6,33)	(6,34)	(6,35)	(7,32)	(7,33)	(7,34)	(8,25)	(8,26)	(8,27)	(8,28)	(8,29)	(8,30)	(8,31)	(8,32)	(8,33)	(8,34)	(9,25)	(9,35)	
(8,30):(5,26)	(5,30)	(6,27)	(6,28)	(6,29)	(7,24)	(7,26)	(7,27)	(7,28)	(7,29)	(8,25)	(8,26)	(8,27)	(8,28)	(8,29)	(8,30)	(8,31)	(8,32)	(8,33)	(8,34)	(9,25)	(9,35)	
(5,30):(5,26)	(5,30)	(6,27)	(6,28)	(6,29)	(7,26)	(7,27)	(7,28)	(7,29)	(8,25)	(8,26)	(8,27)	(8,28)	(8,29)	(8,30)	(9,25)	
(5,26):(5,26)	(5,30)	(6,27)	(6,28)	(6,29)	(7,26)	(7,27)	(7,28)	(7,29)	(8,26)	(8,27)	(8,28)	(8,29)	(8,30)	
(7,26):(5,26)	(5,30)	(6,27)	(6,28)	(6,29)	(7,24)	(7,26)	(7,27)	(7,28)	(7,29)	(8,25)	(8,26)	(8,27)	(8,28)	(8,29)	(8,30)	(9,25)	
(7,24):(7,24)	(7,26)	(7,27)	(7,28)	(7,29)	(8,25)	(8,26)	(8,27)	(8,28)	(8,29)	(8,30)	(9,25)	(9,35)	(20,24)	(21,25)	
(20,24):(7,24)	(8,25)	(9,25)	(20,4)	(20,5)	(20,6)	(20,7)	(20,8)	(20,9)	(20,10)	(20,11)	(20,12)	(20,13)	(20,14)	(20,15)	(20,16)	(20,17)	(20,18)	(20,19)	(20,24)	(21,4)	(21,5)	(21,6)	(21,7)	(21,8)	(21,9)	(21,10)	(21,11)	(21,12)	(21,13)	(21,14)	(21,15)	(21,16)	(21,17)	(21,18)	(21,19)	(21,20)	(21,21)	(21,22)	(21,23)	(21,25)	(22,4)	(22,5)	
(20,19):(10,17)	(11,18)	(11,19)	(12,18)	(12,19)	(13,15)	(13,17)	(13,18)	(13,19)	(14,16)	(14,17)	(14,18)	(14,19)	(15,16)	(15,17)	(15,18)	(15,19)	(16,16)	(16,17)	(16,18)	(16,19)	(17,16)	(17,17)	(17,18)	(17,19)	(18,16)	(18,17)	(18,18)	(18,19)	(19,4)	(19,5)	(19,6)	(19,7)	(19,8)	(19,9)	(19,10)	(19,15)	(19,16)	(19,17)	(19,18)	(20,4)	(20,5)	(20,6)	(20,7)	(20,8)	(20,9)	(20,10)	(20,11)	(20,12)	(20,13)	(20,14)	(20,15)	(20,16)	(20,17)	(20,18)	(20,19)	(20,24)	(21,4)	(21,5)	(21,6)	(21,7)	(21,8)	(21,9)	(21,10)	(21,11)	(21,12)	(21,13)	(21,14)	(21,15)	(21,16)	(21,17)	(21,18)	(21,19)	(21,20)	(21,21)	(21,22)	(21,23)	(21,25)	(22,4)	(22,5)	(22,23)	
(18,19):(2,22)	(3,21)	(4,21)	(5,21)	(6,21)	(7,21)	(8,21)	(9,21)	(10,17)	(10,20)	(10,21)	(11,18)	(11,19)	(11,20)	(11,21)	(12,18)	(12,19)	(12,20)	(12,21)	(13,15)	(13,17)	(13,18)	(13,19)	(13,20)	(13,21)	(14,16)	(14,17)	(14,18)	(14,19)	(14,20)	(14,21)	(15,16)	(15,17)	(15,18)	(15,19)	(15,20)	(15,21)	(16,16)	(16,17)	(16,18)	(16,19)	(16,20)	(16,21)	(17,16)	(17,17)	(17,18)	(17,19)	(17,20)	(17,21)	(18,16)	(18,17)	(18,18)	(18,19)	(18,22)	(19,15)	(19,16)	(19,17)	(19,18)	(20,11)	(20,12)	(20,13)	(20,14)	(20,15)	(20,16)	(20,17)	(20,18)	(20,19)	(21,7)	(21,8)	(21,9)	(21,10)	(21,11)	(21,12)	(21,13)	(21,14)	(21,15)	(21,16)	(21,17)	(21,18)	(21,19)	(22,4)	(22,5)	
(18,22):(2,22)	(3,20)	(3,21)	(4,21)	(5,21)	(6,21)	(7,21)	(8,21)	(9,21)	(10,17)	(10,20)	(10,21)	(11,18)	(11,19)	(11,20)	(11,21)	(12,18)	(12,19)	(12,20)	(12,21)	(13,15)	(13,17)	(13,18)	(13,19)	(13,20)	(13,21)	(14,16)	(14,17)	(14,18)	(14,19)	(14,20)	(14,21)	(15,16)	(15,17)	(15,18)	(15,19)	(15,20)	(15,21)	(16,16)	(16,17)	(16,18)	(16,19)	(16,20)	(16,21)	(17,16)	(17,17)	(17,18)	(17,19)	(17,20)	(17,21)	(18,16)	(18,17)	(18,18)	(18,19)	(18,22)	
(2,22):(2,16)	(2,22)	(3,16)	(3,20)	(3,21)	(4,21)	(5,21)	(6,21)	(7,21)	(8,21)	(9,21)	(10,20)	(10,21)	(11,20)	(11,21)	(12,20)	(12,21)	(13,20)	(13,21)	(14,19)	(14,20)	(14,21)	(15,19)	(15,20)	(15,21)	(16,19)	(16,20)	(16,21)	(17,19)	(17,20)	(17,21)	(18,18)	(18,19)	(18,22)	(19,18)	(20,18)	(21,18)	
(2,16):(2,16)	(2,22)	(3,16)	(3,20)	(3,21)	
(3,16):(2,16)	(2,22)	(3,16)	(3,20)	(3,21)	
(3,20):(2,16)	(2,22)	(3,16)	(3,20)	(3,21)	(4,21)	(5,21)	(6,21)	(7,21)	(8,21)	(9,21)	(10,20)	(10,21)	(11,20)	(11,21)	(12,20)	(12,21)	(13,20)	(13,21)	(14,20)	(14,21)	(15,20)	(15,21)	(16,20)	(16,21)	(17,20)	(17,21)	(18,22)	
(10,20):(2,22)	(3,20)	(3,21)	(4,21)	(5,21)	(6,21)	(7,21)	(8,21)	(9,21)	(10,17)	(10,20)	(10,21)	(11,18)	(11,19)	(11,20)	(11,21)	(12,18)	(12,19)	(12,20)	(12,21)	(13,17)	(13,18)	(13,19)	(13,20)	(13,21)	(14,16)	(14,17)	(14,18)	(14,19)	(14,20)	(14,21)	(15,16)	(15,17)	(15,18)	(15,19)	(15,20)	(15,21)	(16,16)	(16,17)	(16,18)	(16,19)	(16,20)	(16,21)	(17,16)	(17,17)	(17,18)	(17,19)	(17,20)	(17,21)	(18,16)	(18,17)	(18,18)	(18,19)	(18,22)	(19,15)	(19,16)	(19,17)	(19,18)	(20,15)	(20,16)	(20,17)	(20,18)	(21,14)	(21,15)	(21,16)	(21,17)	(21,18)	
(10,17):(10,17)	(10,20)	(10,21)	(11,18)	(11,19)	(11,20)	(11,21)	(12,18)	(12,19)	(12,20)	(12,21)	(13,17)	(13,18)	(13,19)	(13,20)	(13,21)	(14,17)	(14,18)	(14,19)	(14,20)	(14,21)	(15,17)	(15,18)	(15,19)	(15,20)	(15,21)	(16,17)	(16,18)	(16,19)	(16,20)	(16,21)	(17,17)	(17,18)	(17,19)	(17,20)	(17,21)	(18,17)	(18,18)	(18,19)	(18,22)	(19,17)	(19,18)	(20,17)	(20,18)	(20,19)	(21,17)	(21,18)	(21,19)	
(13,17):(9,21)	(10,17)	(10,20)	(10,21)	(11,18)	(11,19)	(11,20)	(11,21)	(12,18)	(12,19)	(12,20)	(12,21)	(13,15)	(13,17)	(13,18)	(13,19)	(13,20)	(13,21)	(14,16)	(14,17)	(14,18)	(14,19)	(14,20)	(14,21)	(15,16)	(15,17)	(15,18)	(15,19)	(15,20)	(15,21)	(16,16)	(16,17)	(16,18)	(16,19)	(16,20)	(16,21)	(17,16)	(17,17)	(17,18)	(17,19)	(17,20)	(17,21)	(18,16)	(18,17)	(18,18)	(18,19)	(18,22)	(19,15)	(19,16)	(19,17)	(19,18)	(20,15)	(20,16)	(20,17)	(20,18)	(20,19)	(21,15)	(21,16)	(21,17)	(21,18)	(21,19)	
(13,15):(13,15)	(13,17)	(13,18)	(13,19)	(13,20)	(13,21)	(14,16)	(14,17)	(14,18)	(14,19)	(14,20)	(14,21)	(15,16)	(15,17)	(15,18)	(15,19)	(15,20)	(15,21)	(16,16)	(16,17)	(16,18)	(16,19)	(16,20)	(16,21)	(17,16)	(17,17)	(17,18)	(17,19)	(17,20)	(17,21)	(18,16)	(18,17)	(18,18)	(18,19)	(18,22)	(19,15)	(19,16)	(19,17)	(19,18)	(20,15)	(20,16)	(20,17)	(20,18)	(20,19)	(21,15)	(21,16)	(21,17)	(21,18)	(21,19)	
(19,15):(9,21)	(10,20)	(10,21)	(11,18)	(11,19)	(11,20)	(11,21)	(12,18)	(12,19)	(12,20)	(12,21)	(13,15)	(13,17)	(13,18)	(13,19)	(13,20)	(13,21)	(14,16)	(14,17)	(14,18)	(14,19)	(14,20)	(14,21)	(15,16)	(15,17)	(15,18)	(15,19)	(15,20)	(15,21)	(16,16)	(16,17)	(16,18)	(16,19)	(16,20)	(16,21)	(17,16)	(17,17)	(17,18)	(17,19)	(17,20)	(17,21)	(18,16)	(18,17)	(18,18)	(18,19)	(19,4)	(19,5)	(19,6)	(19,7)	(19,8)	(19,9)	(19,10)	(19,15)	(19,16)	(19,17)	(19,18)	(20,4)	(20,5)	(20,6)	(20,7)	(20,8)	(20,9)	(20,10)	(20,11)	(20,12)	(20,13)	(20,14)	(20,15)	(20,16)	(20,17)	(20,18)	(20,19)	(21,4)	(21,5)	(21,6)	(21,7)	(21,8)	(21,9)	(21,10)	(21,11)	(21,12)	(21,13)	(21,14)	(21,15)	(21,16)	(21,17)	(21,18)	(21,19)	(21,20)	(21,21)	(21,22)	(21,23)	(22,4)	(22,5)	(22,23)	
(19,10):(11,7)	(12,8)	(12,9)	(12,10)	(13,8)	(13,9)	(13,10)	(14,8)	(14,9)	(14,10)	(15,8)	(15,9)	(16,2)	(16,7)	(16,8)	(16,9)	(17,3)	(17,4)	(17,5)	(17,6)	(17,7)	(17,8)	(17,9)	(18,4)	(18,5)	(18,6)	(18,7)	(18,8)	(18,9)	(19,4)	(19,5)	(19,6)	(19,7)	(19,8)	(19,9)	(19,10)	(19,15)	(19,16)	(19,17)	(19,18)	(20,4)	(20,5)	(20,6)	(20,7)	(20,8)	(20,9)	(20,10)	(20,11)	(20,12)	(20,13)	(20,14)	(20,15)	(20,16)	(20,17)	(20,18)	(20,19)	(21,4)	(21,5)	(21,6)	(21,7)	(21,8)	(21,9)	(21,10)	(21,11)	(21,12)	(21,13)	(21,14)	(21,15)	(21,16)	(21,17)	(21,18)	(21,19)	(21,20)	(21,21)	(21,22)	(21,23)	(21,25)	(22,4)	(22,5)	(22,23)	
(14,10):(11,7)	(11,12)	(12,8)	(12,9)	(12,10)	(12,11)	(12,12)	(12,14)	(13,8)	(13,9)	(13,10)	(13,11)	(13,12)	(13,13)	(14,8)	(14,9)	(14,10)	(14,14)	(15,8)	(15,9)	(16,7)	(16,8)	(16,9)	(17,6)	(17,7)	(17,8)	(17,9)	(18,4)	(18,5)	(18,6)	(18,7)	(18,8)	(18,9)	(19,4)	(19,5)	(19,6)	(19,7)	(19,8)	(19,9)	(19,10)	(20,4)	(20,5)	(20,6)	(20,7)	(20,8)	(20,9)	(20,10)	(21,4)	(21,5)	(21,6)	(21,7)	(21,8)	(21,9)	(21,10)	(22,4)	(22,5)	(23,4)	
(14,14):(11,7)	(12,8)	(12,9)	(12,10)	(12,11)	(12,12)	(12,14)	(13,8)	(13,9)	(13,10)	(13,11)	(13,12)	(13,13)	(14,8)	(14,9)	(14,10)	(14,14)	
(12,14):(12,8)	(12,9)	(12,10)	(12,11)	(12,12)	(12,14)	(13,8)	(13,9)	(13,10)	(13,11)	(13,12)	(13,13)	(14,8)	(14,9)	(14,10)	(14,14)	(15,8)	
(12,12):(11,7)	(11,12)	(12,8)	(12,9)	(12,10)	(12,11)	(12,12)	(12,14)	(13,8)	(13,9)	(13,10)	(13,11)	(13,12)	(13,13)	(14,8)	(14,9)	(14,10)	(14,14)	(15,8)	(15,9)	(16,7)	(16,8)	(17,6)	(17,7)	(18,5)	(18,6)	(19,4)	(19,5)	(20,4)	
(11,12):(11,7)	(11,12)	(12,8)	(12,9)	(12,10)	(12,11)	(12,12)	(13,8)	(13,9)	(13,10)	(13,11)	(13,12)	(14,8)	(14,9)	(14,10)	(15,8)	(15,9)	(16,7)	(16,8)	(17,6)	(17,7)	(17,8)	(18,5)	(18,6)	(18,7)	(19,4)	(19,5)	(19,6)	(20,4)	(20,5)	(20,6)	(21,4)	(21,5)	(22,4)	(23,4)	
(11,7):(11,7)	(11,12)	(12,8)	(12,9)	(12,10)	(12,11)	(12,12)	(13,8)	(13,9)	(13,10)	(13,11)	(13,12)	(13,13)	(14,8)	(14,9)	(14,10)	(14,14)	(15,8)	(15,9)	(16,7)	(16,8)	(16,9)	(17,7)	(17,8)	(17,9)	(18,7)	(18,8)	(18,9)	(19,7)	(19,8)	(19,9)	(19,10)	(20,7)	(20,8)	(20,9)	(20,10)	(21,7)	(21,8)	(21,9)	(21,10)	
(16,7):(11,7)	(11,12)	(12,8)	(12,9)	(12,10)	(12,11)	(12,12)	(13,8)	(13,9)	(13,10)	(13,11)	(14,8)	(14,9)	(14,10)	(15,8)	(15,9)	(16,2)	(16,7)	(16,8)	(16,9)	(17,1)	(17,3)	(17,4)	(17,5)	(17,6)	(17,7)	(17,8)	(17,9)	(18,4)	(18,5)	(18,6)	(18,7)	(18,8)	(18,9)	(19,4)	(19,5)	(19,6)	(19,7)	(19,8)	(19,9)	(19,10)	(20,4)	(20,5)	(20,6)	(20,7)	(20,8)	(20,9)	(20,10)	(20,11)	(21,4)	(21,5)	(21,6)	(21,7)	(21,8)	(21,9)	(21,10)	(21,11)	(21,12)	(22,4)	(22,5)	(23,4)	(24,4)	(25,4)	(27,3)	
(16,2):(15,1)	(15,2)	(16,2)	(16,7)	(16,8)	(16,9)	(17,1)	(17,3)	(17,4)	(17,5)	(17,6)	(17,7)	(17,8)	(17,9)	(18,4)	(18,5)	(18,6)	(18,7)	(18,8)	(18,9)	(19,5)	(19,6)	(19,7)	(19,8)	(19,9)	(19,10)	(20,6)	(20,7)	(20,8)	(20,9)	(20,10)	(20,11)	(20,12)	(21,7)	(21,8)	(21,9)	(21,10)	(21,11)	(21,12)	(21,13)	(21,14)	(21,15)	
(15,2):(15,1)	(15,2)	(16,2)	(17,1)	
(15,1):(15,1)	(15,2)	(16,2)	(17,1)	(17,3)	
(17,1):(15,1)	(15,2)	(16,2)	(16,7)	(16,8)	(16,9)	(17,1)	(17,3)	(17,4)	(17,5)	(17,6)	(17,7)	(17,8)	(17,9)	
(17,3):(15,1)	(16,2)	(16,7)	(16,8)	(16,9)	(17,1)	(17,3)	(17,4)	(17,5)	(17,6)	(17,7)	(17,8)	(17,9)	(18,4)	(18,5)	(18,6)	(18,7)	(18,8)	(18,9)	(19,4)	(19,5)	(19,6)	(19,7)	(19,8)	(19,9)	(19,10)	(20,4)	(20,5)	(20,6)	(20,7)	(20,8)	(20,9)	(20,10)	(20,11)	(20,12)	(20,13)	(21,4)	(21,5)	(21,6)	(21,7)	(21,8)	(21,9)	(21,10)	(21,11)	(21,12)	(21,13)	(21,14)	(21,15)	(21,16)	(21,17)	(22,4)	(22,5)	(23,4)	(23,5)	(24,4)	(24,5)	(25,4)	(25,5)	(26,4)	(26,5)	(27,3)	(27,4)	(27,5)	(28,5)	(28,6)	(29,5)	(29,6)	
(27,3):(12,9)	(14,8)	(16,7)	(17,3)	(17,4)	(17,5)	(17,6)	(17,7)	(18,4)	(18,5)	(18,6)	(19,4)	(19,5)	(19,6)	(20,4)	(20,5)	(21,4)	(21,5)	(22,4)	(22,5)	(23,4)	(23,5)	(23,6)	(24,4)	(24,5)	(25,4)	(25,5)	(26,4)	(26,5)	(27,3)	(27,4)	(27,5)	
(27,4):(17,3)	(17,4)	(17,5)	(17,6)	(18,4)	(18,5)	(19,4)	(19,5)	(20,4)	(20,5)	(21,4)	(21,5)	(22,4)	(22,5)	(23,4)	(23,5)	(23,6)	(24,4)	(24,5)	(25,4)	(25,5)	(26,4)	(26,5)	(27,3)	(27,4)	(27,5)	(28,5)	(28,6)	(29,5)	(29,6)	(29,7)	(29,8)	(30,4)	(30,8)	(30,9)	(30,10)	(31,10)	(31,11)	(31,12)	(32,11)	(32,12)	(32,13)	(32,14)	(33,12)	(33,13)	(33,14)	(33,15)	(33,16)	(34,18)	
(30,4):(17,4)	(17,5)	(18,4)	(18,5)	(19,4)	(19,5)	(20,4)	(20,5)	(21,4)	(21,5)	(22,4)	(22,5)	(23,4)	(23,5)	(23,6)	(24,4)	(24,5)	(25,4)	(25,5)	(25,17)	(25,18)	(25,19)	(25,20)	(25,21)	(25,22)	(25,23)	(25,24)	(25,25)	(26,4)	(26,5)	(26,14)	(26,15)	(26,16)	(26,17)	(26,18)	(26,19)	(26,20)	(26,21)	(27,4)	(27,5)	(27,12)	(27,13)	(27,14)	(27,15)	(27,16)	(27,17)	(27,18)	(27,19)	(27,20)	(28,5)	(28,6)	(28,9)	(28,10)	(28,11)	(28,12)	(28,13)	(28,14)	(28,15)	(28,16)	(28,17)	(28,18)	(28,19)	(28,20)	(29,5)	(29,6)	(29,7)	(29,8)	(29,9)	(29,10)	(29,11)	(29,12)	(29,13)	(29,14)	(29,15)	(29,16)	(29,17)	(29,18)	(29,19)	(29,20)	(30,4)	(30,8)	(30,9)	(30,10)	(30,11)	(30,12)	(30,13)	(30,14)	(30,15)	(30,16)	(30,17)	(30,18)	(30,19)	(30,20)	
(30,8):(25,11)	(25,12)	(25,13)	(25,14)	(25,15)	(25,16)	(25,17)	(25,18)	(25,19)	(25,20)	(25,21)	(25,22)	(25,23)	(25,24)	(26,4)	(26,10)	(26,11)	(26,12)	(26,13)	(26,14)	(26,15)	(26,16)	(26,17)	(26,18)	(26,19)	(26,20)	(26,21)	(27,4)	(27,5)	(27,10)	(27,11)	(27,12)	(27,13)	(27,14)	(27,15)	(27,16)	(27,17)	(27,18)	(27,19)	(27,20)	(28,5)	(28,6)	(28,9)	(28,10)	(28,11)	(28,12)	(28,13)	(28,14)	(28,15)	(28,16)	(28,17)	(28,18)	(28,19)	(28,20)	(29,5)	(29,6)	(29,7)	(29,8)	(29,9)	(29,10)	(29,11)	(29,12)	(29,13)	(29,14)	(29,15)	(29,16)	(29,17)	(29,18)	(29,19)	(29,20)	(30,4)	(30,8)	(30,9)	(30,10)	(30,11)	(30,12)	(30,13)	(30,14)	(30,15)	(30,16)	(30,17)	(30,18)	(30,19)	(30,20)	(31,9)	(31,10)	(31,11)	(31,12)	(31,13)	(31,14)	(31,15)	(31,16)	(31,17)	(31,18)	(31,21)	(32,9)	(32,10)	(32,11)	(32,12)	(32,13)	(32,14)	(32,15)	(32,16)	(32,17)	(33,8)	(33,11)	(33,12)	(33,13)	(33,14)	(33,15)	(33,16)	(33,17)	(34,12)	(34,13)	(34,18)	(35,13)	
(33,8):(25,10)	(25,11)	(25,12)	(25,13)	(25,14)	(25,15)	(25,16)	(25,17)	(25,18)	(25,19)	(25,20)	(25,21)	(25,22)	(26,10)	(26,11)	(26,12)	(26,13)	(26,14)	(26,15)	(26,16)	(26,17)	(26,18)	(26,19)	(26,20)	(26,21)	(27,10)	(27,11)	(27,12)	(27,13)	(27,14)	(27,15)	(27,16)	(27,17)	(27,18)	(27,19)	(27,20)	(28,9)	(28,10)	(28,11)	(28,12)	(28,13)	(28,14)	(28,15)	(28,16)	(28,17)	(28,18)	(28,19)	(28,20)	(29,8)	(29,9)	(29,10)	(29,11)	(29,12)	(29,13)	(29,14)	(29,15)	(29,16)	(29,17)	(29,18)	(29,19)	(29,20)	(30,8)	(30,9)	(30,10)	(30,11)	(30,12)	(30,13)	(30,14)	(30,15)	(30,16)	(30,17)	(30,18)	(30,19)	(30,20)	(31,9)	(31,10)	(31,11)	(31,12)	(31,13)	(31,14)	(31,15)	(31,16)	(31,17)	(31,18)	(32,9)	(32,10)	(32,11)	(32,12)	(32,13)	(32,14)	(32,15)	(32,16)	(32,17)	(33,8)	(33,11)	(33,12)	(33,13)	(33,14)	(33,15)	(33,16)	(33,17)	
(33,11):(24,9)	(25,10)	(25,11)	(25,12)	(25,13)	(25,14)	(25,15)	(25,16)	(25,17)	(25,18)	(25,19)	(25,20)	(25,21)	(25,22)	(26,10)	(26,11)	(26,12)	(26,13)	(26,14)	(26,15)	(26,16)	(26,17)	(26,18)	(26,19)	(26,20)	(26,21)	(27,10)	(27,11)	(27,12)	(27,13)	(27,14)	(27,15)	(27,16)	(27,17)	(27,18)	(27,19)	(27,20)	(28,6)	(28,9)	(28,10)	(28,11)	(28,12)	(28,13)	(28,14)	(28,15)	(28,16)	(28,17)	(28,18)	(28,19)	(28,20)	(29,7)	(29,8)	(29,9)	(29,10)	(29,11)	(29,12)	(29,13)	(29,14)	(29,15)	(29,16)	(29,17)	(29,18)	(29,19)	(29,20)	(30,8)	(30,9)	(30,10)	(30,11)	(30,12)	(30,13)	(30,14)	(30,15)	(30,16)	(30,17)	(30,18)	(30,19)	(30,20)	(31,9)	(31,10)	(31,11)	(31,12)	(31,13)	(31,14)	(31,15)	(31,16)	(31,17)	(31,18)	(32,9)	(32,10)	(32,11)	(32,12)	(32,13)	(32,14)	(32,15)	(32,16)	(32,17)	(33,8)	(33,11)	(33,12)	(33,13)	(33,14)	(33,15)	(33,16)	(33,17)	(34,12)	(34,13)	(34,18)	(35,11)	(35,13)	
(35,11):(25,11)	(25,12)	(25,13)	(25,14)	(25,15)	(25,16)	(25,17)	(25,18)	(25,19)	(25,20)	(25,21)	(25,22)	(26,11)	(26,12)	(26,13)	(26,14)	(26,15)	(26,16)	(26,17)	(26,18)	(26,19)	(26,20)	(26,21)	(27,11)	(27,12)	(27,13)	(27,14)	(27,15)	(27,16)	(27,17)	(27,18)	(27,19)	(27,20)	(28,11)	(28,12)	(28,13)	(28,14)	(28,15)	(28,16)	(28,17)	(28,18)	(28,19)	(28,20)	(29,11)	(29,12)	(29,13)	(29,14)	(29,15)	(29,16)	(29,17)	(29,18)	(29,19)	(29,20)	(30,11)	(30,12)	(30,13)	(30,14)	(30,15)	(30,16)	(30,17)	(30,18)	(30,19)	(31,11)	(31,12)	(31,13)	(31,14)	(31,15)	(31,16)	(31,17)	(31,18)	(32,11)	(32,12)	(32,13)	(32,14)	(32,15)	(32,16)	(32,17)	(33,11)	(33,12)	(33,13)	(33,14)	(33,15)	(34,12)	(34,13)	(35,11)	(35,13)	
(35,13):(24,9)	(25,10)	(25,11)	(25,12)	(25,13)	(26,10)	(26,11)	(26,12)	(26,13)	(27,10)	(27,11)	(27,12)	(27,13)	(28,6)	(28,9)	(28,10)	(28,11)	(28,12)	(28,13)	(29,7)	(29,8)	(29,9)	(29,10)	(29,11)	(29,12)	(29,13)	(30,8)	(30,9)	(30,10)	(30,11)	(30,12)	(30,13)	(31,9)	(31,10)	(31,11)	(31,12)	(31,13)	(32,10)	(32,11)	(32,12)	(32,13)	(33,11)	(33,12)	(33,13)	(34,12)	(34,13)	(35,11)	(35,13)	
(34,13):116.907143
(34,18):98.157143
(31,18):124.066666
(31,21):94.784615
(26,21):133.633331
(26,27):36.000000
(25,27):53.000000
(25,28):42.000000
(32,28):12.166667
(32,29):8.071428
(29,29):23.125000
(29,32):20.500000
(24,32):69.432144
(24,9):127.976608
(28,9):135.116669
(28,6):92.486366
(23,6):18.000000
(23,5):32.566666
(22,5):108.851639
(22,23):61.653847
(21,23):60.380341
(21,25):51.266666
(9,25):37.378788
(9,35):28.000000
(6,35):13.000000
(6,34):21.750000
(1,34):12.166667
(1,33):8.900000
(4,33):20.250000
(4,31):17.666666
(8,31):26.083334
(8,30):25.100000
(5,30):19.400000
(5,26):16.666666
(7,26):23.000000
(7,24):26.916666
(20,24):54.892345
(20,19):91.007935
(18,19):96.571426
(18,22):66.066666
(2,22):48.500000
(2,16):6.500000
(3,16):6.000000
(3,20):36.000000
(10,20):81.500000
(10,17):48.400002
(13,17):70.071426
(13,15):52.142857
(19,15):109.574997
(19,10):94.816071
(14,10):64.866669
(14,14):18.500000
(12,14):16.250000
(12,12):29.100000
(11,12):35.750000
(11,7):44.287498
(16,7):74.333336
(16,2):44.500000
(15,2):2.000000
(15,1):2.500000
(17,1):10.750000
(17,3):79.970451
(27,3):35.654545
(27,4):52.983334
(30,4):89.750000
(30,8):127.625000
(33,8):108.214287
(33,11):119.571426
(35,11):86.400795
(35,13):42.500000
(34,13),(34,18):93.416664
(34,13),(31,18):113.962120
(34,13),(31,21):86.833336
(34,13),(26,21):111.505173
(34,13),(26,27):26.000000
(34,13),(25,27):38.000000
(34,13),(25,28):13.500000
(34,13),(32,28):0.000000
(34,13),(32,29):0.000000
(34,13),(29,29):0.000000
(34,13),(29,32):0.000000
(34,13),(24,32):39.625000
(34,13),(24,9):108.855553
(34,13),(28,9):114.750000
(34,13),(28,6):62.657143
(34,13),(23,6):1.457143
(34,13),(23,5):1.476190
(34,13),(22,5):1.028571
(34,13),(22,23):0.000000
(34,13),(21,23):0.000000
(34,13),(21,25):0.000000
(34,13),(9,25):0.000000
(34,13),(9,35):0.000000
(34,13),(6,35):0.000000
(34,13),(6,34):0.000000
(34,13),(1,34):0.000000
(34,13),(1,33):0.000000
(34,13),(4,33):0.000000
(34,13),(4,31):0.000000
(34,13),(8,31):0.000000
(34,13),(8,30):0.000000
(34,13),(5,30):0.000000
(34,13),(5,26):0.000000
(34,13),(7,26):0.000000
(34,13),(7,24):0.000000
(34,13),(20,24):0.000000
(34,13),(20,19):0.000000
(34,13),(18,19):0.000000
(34,13),(18,22):0.000000
(34,13),(2,22):0.000000
(34,13),(2,16):0.000000
(34,13),(3,16):0.000000
(34,13),(3,20):0.000000
(34,13),(10,20):0.000000
(34,13),(10,17):0.000000
(34,13),(13,17):0.000000
(34,13),(13,15):0.000000
(34,13),(19,15):0.000000
(34,13),(19,10):0.000000
(34,13),(14,10):0.000000
(34,13),(14,14):0.000000
(34,13),(12,14):0.000000
(34,13),(12,12):0.000000
(34,13),(11,12):0.000000
(34,13),(11,7):0.000000
(34,13),(16,7):0.330827
(34,13),(16,2):0.000000
(34,13),(15,2):0.000000
(34,13),(15,1):0.000000
(34,13),(17,1):0.000000
(34,13),(17,3):1.485050
(34,13),(27,3):0.815476
(34,13),(27,4):17.190475
(34,13),(30,4):58.780952
(34,13),(30,8):110.907143
(34,13),(33,8):102.449997
(34,13),(33,11):115.050003
(34,13),(35,11):86.050003
(34,13),(35,13):42.500000
(34,18),(31,18):97.657143
(34,18),(31,21):71.199997
(34,18),(26,21):92.539497
(34,18),(26,27):18.000000
(34,18),(25,27):29.250000
(34,18),(25,28):9.000000
(34,18),(32,28):0.000000
(34,18),(32,29):0.000000
(34,18),(29,29):0.000000
(34,18),(29,32):0.000000
(34,18),(24,32):31.062500
(34,18),(24,9):87.603172
(34,18),(28,9):96.957146
(34,18),(28,6):57.799999
(34,18),(23,6):2.600000
(34,18),(23,5):2.756522
(34,18),(22,5):1.350000
(34,18),(22,23):0.000000
(34,18),(21,23):0.000000
(34,18),(21,25):0.000000
(34,18),(9,25):0.000000
(34,18),(9,35):0.000000
(34,18),(6,35):0.000000
(34,18),(6,34):0.000000
(34,18),(1,34):0.000000
(34,18),(1,33):0.000000
(34,18),(4,33):0.000000
(34,18),(4,31):0.000000
(34,18),(8,31):0.000000
(34,18),(8,30):0.000000
(34,18),(5,30):0.000000
(34,18),(5,26):0.000000
(34,18),(7,26):0.000000
(34,18),(7,24):0.000000
(34,18),(20,24):0.000000
(34,18),(20,19):0.000000
(34,18),(18,19):0.000000
(34,18),(18,22):0.000000
(34,18),(2,22):0.000000
(34,18),(2,16):0.000000
(34,18),(3,16):0.000000
(34,18),(3,20):0.000000
(34,18),(10,20):0.000000
(34,18),(10,17):0.000000
(34,18),(13,17):0.000000
(34,18),(13,15):0.000000
(34,18),(19,15):0.000000
(34,18),(19,10):0.000000
(34,18),(14,10):0.000000
(34,18),(14,14):0.000000
(34,18),(12,14):0.000000
(34,18),(12,12):0.000000
(34,18),(11,12):0.000000
(34,18),(11,7):0.000000
(34,18),(16,7):0.000000
(34,18),(16,2):0.000000
(34,18),(15,2):0.000000
(34,18),(15,1):0.000000
(34,18),(17,1):0.000000
(34,18),(17,3):2.718325
(34,18),(27,3):0.000000
(34,18),(27,4):19.133333
(34,18),(30,4):42.000000
(34,18),(30,8):93.657143
(34,18),(33,8):83.757141
(34,18),(33,11):94.357140
(34,18),(35,11):63.750000
(34,18),(35,13):40.500000
(31,18),(31,21):94.599998
(31,18),(26,21):118.783333
(31,18),(26,27):25.200001
(31,18),(25,27):37.200001
(31,18),(25,28):12.900000
(31,18),(32,28):0.000000
(31,18),(32,29):0.000000
(31,18),(29,29):0.000000
(31,18),(29,32):0.000000
(31,18),(24,32):39.298813
(31,18),(24,9):110.925491
(31,18),(28,9):122.819351
(31,18),(28,6):68.887497
(31,18),(23,6):3.900000
(31,18),(23,5):4.230612
(31,18),(22,5):2.025000
(31,18),(22,23):0.000000
(31,18),(21,23):0.000000
(31,18),(21,25):0.000000
(31,18),(9,25):0.000000
(31,18),(9,35):0.000000
(31,18),(6,35):0.000000
(31,18),(6,34):0.000000
(31,18),(1,34):0.000000
(31,18),(1,33):0.000000
(31,18),(4,33):0.000000
(31,18),(4,31):0.000000
(31,18),(8,31):0.000000
(31,18),(8,30):0.000000
(31,18),(5,30):0.000000
(31,18),(5,26):0.000000
(31,18),(7,26):0.000000
(31,18),(7,24):0.000000
(31,18),(20,24):0.000000
(31,18),(20,19):0.000000
(31,18),(18,19):0.000000
(31,18),(18,22):0.000000
(31,18),(2,22):0.000000
(31,18),(2,16):0.000000
(31,18),(3,16):0.000000
(31,18),(3,20):0.000000
(31,18),(10,20):0.000000
(31,18),(10,17):0.000000
(31,18),(13,17):0.000000
(31,18),(13,15):0.000000
(31,18),(19,15):0.000000
(31,18),(19,10):0.000000
(31,18),(14,10):0.000000
(31,18),(14,14):0.000000
(31,18),(12,14):0.000000
(31,18),(12,12):0.000000
(31,18),(11,12):0.000000
(31,18),(11,7):0.000000
(31,18),(16,7):0.000000
(31,18),(16,2):0.000000
(31,18),(15,2):0.000000
(31,18),(15,1):0.000000
(31,18),(17,1):0.000000
(31,18),(17,3):4.025612
(31,18),(27,3):0.000000
(31,18),(27,4):21.033333
(31,18),(30,4):62.900002
(31,18),(30,8):118.587502
(31,18),(33,8):105.699997
(31,18),(33,11):117.080956
(31,18),(35,11):84.545235
(31,18),(35,13):41.666668
(31,21),(26,21):92.301285
(31,21),(26,27):24.000000
(31,21),(25,27):36.000000
(31,21),(25,28):12.000000
(31,21),(32,28):0.000000
(31,21),(32,29):0.000000
(31,21),(29,29):0.000000
(31,21),(29,32):0.000000
(31,21),(24,32):38.098816
(31,21),(24,9):84.000000
(31,21),(28,9):94.384613
(31,21),(28,6):46.284615
(31,21),(23,6):3.938462
(31,21),(23,5):4.284616
(31,21),(22,5):2.030769
(31,21),(22,23):0.000000
(31,21),(21,23):0.000000
(31,21),(21,25):0.000000
(31,21),(9,25):0.000000
(31,21),(9,35):0.000000
(31,21),(6,35):0.000000
(31,21),(6,34):0.000000
(31,21),(1,34):0.000000
(31,21),(1,33):0.000000
(31,21),(4,33):0.000000
(31,21),(4,31):0.000000
(31,21),(8,31):0.000000
(31,21),(8,30):0.000000
(31,21),(5,30):0.000000
(31,21),(5,26):0.000000
(31,21),(7,26):0.000000
(31,21),(7,24):0.000000
(31,21),(20,24):0.000000
(31,21),(20,19):0.000000
(31,21),(18,19):0.000000
(31,21),(18,22):0.000000
(31,21),(2,22):0.000000
(31,21),(2,16):0.000000
(31,21),(3,16):0.000000
(31,21),(3,20):0.000000
(31,21),(10,20):0.000000
(31,21),(10,17):0.000000
(31,21),(13,17):0.000000
(31,21),(13,15):0.000000
(31,21),(19,15):0.000000
(31,21),(19,10):0.000000
(31,21),(14,10):0.000000
(31,21),(14,14):0.000000
(31,21),(12,14):0.000000
(31,21),(12,12):0.000000
(31,21),(11,12):0.000000
(31,21),(11,7):0.000000
(31,21),(16,7):0.000000
(31,21),(16,2):0.000000
(31,21),(15,2):0.000000
(31,21),(15,1):0.000000
(31,21),(17,1):0.000000
(31,21),(17,3):4.066319
(31,21),(27,3):0.000000
(31,21),(27,4):10.117949
(31,21),(30,4):61.784615
(31,21),(30,8):90.784615
(31,21),(33,8):84.500000
(31,21),(33,11):87.714287
(31,21),(35,11):67.428574
(31,21),(35,13):32.500000
(26,21),(26,27):36.000000
(26,21),(25,27):50.916668
(26,21),(25,28):20.916666
(26,21),(32,28):1.602941
(26,21),(32,29):0.819491
(26,21),(29,29):2.121667
(26,21),(29,32):2.488095
(26,21),(24,32):50.515480
(26,21),(24,9):122.272224
(26,21),(28,9):129.833328
(26,21),(28,6):64.466667
(26,21),(23,6):2.666667
(26,21),(23,5):3.042473
(26,21),(22,5):1.250000
(26,21),(22,23):0.000000
(26,21),(21,23):0.000000
(26,21),(21,25):0.000000
(26,21),(9,25):0.000000
(26,21),(9,35):0.000000
(26,21),(6,35):0.000000
(26,21),(6,34):0.000000
(26,21),(1,34):0.000000
(26,21),(1,33):0.000000
(26,21),(4,33):0.000000
(26,21),(4,31):0.000000
(26,21),(8,31):0.000000
(26,21),(8,30):0.000000
(26,21),(5,30):0.000000
(26,21),(5,26):0.000000
(26,21),(7,26):0.000000
(26,21),(7,24):0.000000
(26,21),(20,24):0.000000
(26,21),(20,19):0.000000
(26,21),(18,19):0.000000
(26,21),(18,22):0.000000
(26,21),(2,22):0.000000
(26,21),(2,16):0.000000
(26,21),(3,16):0.000000
(26,21),(3,20):0.000000
(26,21),(10,20):0.000000
(26,21),(10,17):0.000000
(26,21),(13,17):0.000000
(26,21),(13,15):0.000000
(26,21),(19,15):0.000000
(26,21),(19,10):0.000000
(26,21),(14,10):0.000000
(26,21),(14,14):0.000000
(26,21),(12,14):0.000000
(26,21),(12,12):0.000000
(26,21),(11,12):0.000000
(26,21),(11,7):0.000000
(26,21),(16,7):0.000000
(26,21),(16,2):0.000000
(26,21),(15,2):0.000000
(26,21),(15,1):0.000000
(26,21),(17,1):0.000000
(26,21),(17,3):2.894813
(26,21),(27,3):0.000000
(26,21),(27,4):19.189423
(26,21),(30,4):68.416664
(26,21),(30,8):119.466667
(26,21),(33,8):106.930954
(26,21),(33,11):115.728569
(26,21),(35,11):85.793648
(26,21),(35,13):41.357143
(26,27),(25,27):36.000000
(26,27),(25,28):18.000000
(26,27),(32,28):0.000000
(26,27),(32,29):0.000000
(26,27),(29,29):0.000000
(26,27),(29,32):0.000000
(26,27),(24,32):33.500000
(26,27),(24,9):36.000000
(26,27),(28,9):33.000000
(26,27),(28,6):0.000000
(26,27),(23,6):0.000000
(26,27),(23,5):0.000000
(26,27),(22,5):0.000000
(26,27),(22,23):0.000000
(26,27),(21,23):0.000000
(26,27),(21,25):0.000000
(26,27),(9,25):0.000000
(26,27),(9,35):0.000000
(26,27),(6,35):0.000000
(26,27),(6,34):0.000000
(26,27),(1,34):0.000000
(26,27),(1,33):0.000000
(26,27),(4,33):0.000000
(26,27),(4,31):0.000000
(26,27),(8,31):0.000000
(26,27),(8,30):0.000000
(26,27),(5,30):0.000000
(26,27),(5,26):0.000000
(26,27),(7,26):0.000000
(26,27),(7,24):0.000000
(26,27),(20,24):0.000000
(26,27),(20,19):0.000000
(26,27),(18,19):0.000000
(26,27),(18,22):0.000000
(26,27),(2,22):0.000000
(26,27),(2,16):0.000000
(26,27),(3,16):0.000000
(26,27),(3,20):0.000000
(26,27),(10,20):0.000000
(26,27),(10,17):0.000000
(26,27),(13,17):0.000000
(26,27),(13,15):0.000000
(26,27),(19,15):0.000000
(26,27),(19,10):0.000000
(26,27),(14,10):0.000000
(26,27),(14,14):0.000000
(26,27),(12,14):0.000000
(26,27),(12,12):0.000000
(26,27),(11,12):0.000000
(26,27),(11,7):0.000000
(26,27),(16,7):0.000000
(26,27),(16,2):0.000000
(26,27),(15,2):0.000000
(26,27),(15,1):0.000000
(26,27),(17,1):0.000000
(26,27),(17,3):0.000000
(26,27),(27,3):0.000000
(26,27),(27,4):0.000000
(26,27),(30,4):16.764706
(26,27),(30,8):27.461538
(26,27),(33,8):26.514286
(26,27),(33,11):26.857143
(26,27),(35,11):22.222221
(26,27),(35,13):8.000000
(25,27),(25,28):23.000000
(25,27),(32,28):2.500000
(25,27),(32,29):1.071429
(25,27),(29,29):4.125000
(25,27),(29,32):4.500000
(25,27),(24,32):50.500000
(25,27),(24,9):53.000000
(25,27),(28,9):47.916668
(25,27),(28,6):0.000000
(25,27),(23,6):0.000000
(25,27),(23,5):0.000000
(25,27),(22,5):0.000000
(25,27),(22,23):0.000000
(25,27),(21,23):0.000000
(25,27),(21,25):0.000000
(25,27),(9,25):0.000000
(25,27),(9,35):0.000000
(25,27),(6,35):0.000000
(25,27),(6,34):0.000000
(25,27),(1,34):0.000000
(25,27),(1,33):0.000000
(25,27),(4,33):0.000000
(25,27),(4,31):0.000000
(25,27),(8,31):0.000000
(25,27),(8,30):0.000000
(25,27),(5,30):0.000000
(25,27),(5,26):0.000000
(25,27),(7,26):0.000000
(25,27),(7,24):0.000000
(25,27),(20,24):0.000000
(25,27),(20,19):0.000000
(25,27),(18,19):0.000000
(25,27),(18,22):0.000000
(25,27),(2,22):0.000000
(25,27),(2,16):0.000000
(25,27),(3,16):0.000000
(25,27),(3,20):0.000000
(25,27),(10,20):0.000000
(25,27),(10,17):0.000000
(25,27),(13,17):0.000000
(25,27),(13,15):0.000000
(25,27),(19,15):0.000000
(25,27),(19,10):0.000000
(25,27),(14,10):0.000000
(25,27),(14,14):0.000000
(25,27),(12,14):0.000000
(25,27),(12,12):0.000000
(25,27),(11,12):0.000000
(25,27),(11,7):0.000000
(25,27),(16,7):0.000000
(25,27),(16,2):0.000000
(25,27),(15,2):0.000000
(25,27),(15,1):0.000000
(25,27),(17,1):0.000000
(25,27),(17,3):0.000000
(25,27),(27,3):0.000000
(25,27),(27,4):0.000000
(25,27),(30,4):24.500000
(25,27),(30,8):38.500000
(25,27),(33,8):38.114285
(25,27),(33,11):38.857143
(25,27),(35,11):30.555555
(25,27),(35,13):14.666667
(25,28),(32,28):12.166667
(25,28),(32,29):8.071428
(25,28),(29,29):23.125000
(25,28),(29,32):20.500000
(25,28),(24,32):39.833332
(25,28),(24,9):23.421053
(25,28),(28,9):20.916666
(25,28),(28,6):0.000000
(25,28),(23,6):0.000000
(25,28),(23,5):0.000000
(25,28),(22,5):0.000000
(25,28),(22,23):0.000000
(25,28),(21,23):0.000000
(25,28),(21,25):0.000000
(25,28),(9,25):0.000000
(25,28),(9,35):0.000000
(25,28),(6,35):0.000000
(25,28),(6,34):0.000000
(25,28),(1,34):0.000000
(25,28),(1,33):0.000000
(25,28),(4,33):0.000000
(25,28),(4,31):0.000000
(25,28),(8,31):0.000000
(25,28),(8,30):0.000000
(25,28),(5,30):0.000000
(25,28),(5,26):0.000000
(25,28),(7,26):0.000000
(25,28),(7,24):0.000000
(25,28),(20,24):0.000000
(25,28),(20,19):0.000000
(25,28),(18,19):0.000000
(25,28),(18,22):0.000000
(25,28),(2,22):0.000000
(25,28),(2,16):0.000000
(25,28),(3,16):0.000000
(25,28),(3,20):0.000000
(25,28),(10,20):0.000000
(25,28),(10,17):0.000000
(25,28),(13,17):0.000000
(25,28),(13,15):0.000000
(25,28),(19,15):0.000000
(25,28),(19,10):0.000000
(25,28),(14,10):0.000000
(25,28),(14,14):0.000000
(25,28),(12,14):0.000000
(25,28),(12,12):0.000000
(25,28),(11,12):0.000000
(25,28),(11,7):0.000000
(25,28),(16,7):0.000000
(25,28),(16,2):0.000000
(25,28),(15,2):0.000000
(25,28),(15,1):0.000000
(25,28),(17,1):0.000000
(25,28),(17,3):0.000000
(25,28),(27,3):0.000000
(25,28),(27,4):0.000000
(25,28),(30,4):9.625000
(25,28),(30,8):15.125000
(25,28),(33,8):14.085714
(25,28),(33,11):14.142858
(25,28),(35,11):11.666667
(25,28),(35,13):4.000000
(32,28),(32,29):8.000000
(32,28),(29,29):12.166667
(32,28),(29,32):9.166667
(32,28),(24,32):10.000000
(32,28),(24,9):2.640805
(32,28),(28,9):1.602941
(32,28),(28,6):0.000000
(32,28),(23,6):0.000000
(32,28),(23,5):0.000000
(32,28),(22,5):0.000000
(32,28),(22,23):0.000000
(32,28),(21,23):0.000000
(32,28),(21,25):0.000000
(32,28),(9,25):0.000000
(32,28),(9,35):0.000000
(32,28),(6,35):0.000000
(32,28),(6,34):0.000000
(32,28),(1,34):0.000000
(32,28),(1,33):0.000000
(32,28),(4,33):0.000000
(32,28),(4,31):0.000000
(32,28),(8,31):0.000000
(32,28),(8,30):0.000000
(32,28),(5,30):0.000000
(32,28),(5,26):0.000000
(32,28),(7,26):0.000000
(32,28),(7,24):0.000000
(32,28),(20,24):0.000000
(32,28),(20,19):0.000000
(32,28),(18,19):0.000000
(32,28),(18,22):0.000000
(32,28),(2,22):0.000000
(32,28),(2,16):0.000000
(32,28),(3,16):0.000000
(32,28),(3,20):0.000000
(32,28),(10,20):0.000000
(32,28),(10,17):0.000000
(32,28),(13,17):0.000000
(32,28),(13,15):0.000000
(32,28),(19,15):0.000000
(32,28),(19,10):0.000000
(32,28),(14,10):0.000000
(32,28),(14,14):0.000000
(32,28),(12,14):0.000000
(32,28),(12,12):0.000000
(32,28),(11,12):0.000000
(32,28),(11,7):0.000000
(32,28),(16,7):0.000000
(32,28),(16,2):0.000000
(32,28),(15,2):0.000000
(32,28),(15,1):0.000000
(32,28),(17,1):0.000000
(32,28),(17,3):0.000000
(32,28),(27,3):0.000000
(32,28),(27,4):0.000000
(32,28),(30,4):0.264706
(32,28),(30,8):0.000000
(32,28),(33,8):0.000000
(32,28),(33,11):0.000000
(32,28),(35,11):0.000000
(32,28),(35,13):0.000000
(32,29),(29,29):8.071428
(32,29),(29,32):5.071429
(32,29),(24,32):5.904762
(32,29),(24,9):1.097744
(32,29),(28,9):0.819491
(32,29),(28,6):0.000000
(32,29),(23,6):0.000000
(32,29),(23,5):0.000000
(32,29),(22,5):0.000000
(32,29),(22,23):0.000000
(32,29),(21,23):0.000000
(32,29),(21,25):0.000000
(32,29),(9,25):0.000000
(32,29),(9,35):0.000000
(32,29),(6,35):0.000000
(32,29),(6,34):0.000000
(32,29),(1,34):0.000000
(32,29),(1,33):0.000000
(32,29),(4,33):0.000000
(32,29),(4,31):0.000000
(32,29),(8,31):0.000000
(32,29),(8,30):0.000000
(32,29),(5,30):0.000000
(32,29),(5,26):0.000000
(32,29),(7,26):0.000000
(32,29),(7,24):0.000000
(32,29),(20,24):0.000000
(32,29),(20,19):0.000000
(32,29),(18,19):0.000000
(32,29),(18,22):0.000000
(32,29),(2,22):0.000000
(32,29),(2,16):0.000000
(32,29),(3,16):0.000000
(32,29),(3,20):0.000000
(32,29),(10,20):0.000000
(32,29),(10,17):0.000000
(32,29),(13,17):0.000000
(32,29),(13,15):0.000000
(32,29),(19,15):0.000000
(32,29),(19,10):0.000000
(32,29),(14,10):0.000000
(32,29),(14,14):0.000000
(32,29),(12,14):0.000000
(32,29),(12,12):0.000000
(32,29),(11,12):0.000000
(32,29),(11,7):0.000000
(32,29),(16,7):0.000000
(32,29),(16,2):0.000000
(32,29),(15,2):0.000000
(32,29),(15,1):0.000000
(32,29),(17,1):0.000000
(32,29),(17,3):0.000000
(32,29),(27,3):0.000000
(32,29),(27,4):0.000000
(32,29),(30,4):0.277789
(32,29),(30,8):0.000000
(32,29),(33,8):0.000000
(32,29),(33,11):0.000000
(32,29),(35,11):0.000000
(32,29),(35,13):0.000000
(29,29),(29,32):20.125000
(29,29),(24,32):20.958334
(29,29),(24,9):4.546052
(29,29),(28,9):2.121667
(29,29),(28,6):0.000000
(29,29),(23,6):0.000000
(29,29),(23,5):0.000000
(29,29),(22,5):0.000000
(29,29),(22,23):0.000000
(29,29),(21,23):0.000000
(29,29),(21,25):0.000000
(29,29),(9,25):0.000000
(29,29),(9,35):0.000000
(29,29),(6,35):0.000000
(29,29),(6,34):0.000000
(29,29),(1,34):0.000000
(29,29),(1,33):0.000000
(29,29),(4,33):0.000000
(29,29),(4,31):0.000000
(29,29),(8,31):0.000000
(29,29),(8,30):0.000000
(29,29),(5,30):0.000000
(29,29),(5,26):0.000000
(29,29),(7,26):0.000000
(29,29),(7,24):0.000000
(29,29),(20,24):0.000000
(29,29),(20,19):0.000000
(29,29),(18,19):0.000000
(29,29),(18,22):0.000000
(29,29),(2,22):0.000000
(29,29),(2,16):0.000000
(29,29),(3,16):0.000000
(29,29),(3,20):0.000000
(29,29),(10,20):0.000000
(29,29),(10,17):0.000000
(29,29),(13,17):0.000000
(29,29),(13,15):0.000000
(29,29),(19,15):0.000000
(29,29),(19,10):0.000000
(29,29),(14,10):0.000000
(29,29),(14,14):0.000000
(29,29),(12,14):0.000000
(29,29),(12,12):0.000000
(29,29),(11,12):0.000000
(29,29),(11,7):0.000000
(29,29),(16,7):0.000000
(29,29),(16,2):0.000000
(29,29),(15,2):0.000000
(29,29),(15,1):0.000000
(29,29),(17,1):0.000000
(29,29),(17,3):0.000000
(29,29),(27,3):0.000000
(29,29),(27,4):0.000000
(29,29),(30,4):0.340278
(29,29),(30,8):0.000000
(29,29),(33,8):0.000000
(29,29),(33,11):0.000000
(29,29),(35,11):0.000000
(29,29),(35,13):0.000000
(29,32),(24,32):20.500000
(29,32),(24,9):4.921052
(29,32),(28,9):2.488095
(29,32),(28,6):0.000000
(29,32),(23,6):0.000000
(29,32),(23,5):0.000000
(29,32),(22,5):0.000000
(29,32),(22,23):0.000000
(29,32),(21,23):0.000000
(29,32),(21,25):0.000000
(29,32),(9,25):0.000000
(29,32),(9,35):0.000000
(29,32),(6,35):0.000000
(29,32),(6,34):0.000000
(29,32),(1,34):0.000000
(29,32),(1,33):0.000000
(29,32),(4,33):0.000000
(29,32),(4,31):0.000000
(29,32),(8,31):0.000000
(29,32),(8,30):0.000000
(29,32),(5,30):0.000000
(29,32),(5,26):0.000000
(29,32),(7,26):0.000000
(29,32),(7,24):0.000000
(29,32),(20,24):0.000000
(29,32),(20,19):0.000000
(29,32),(18,19):0.000000
(29,32),(18,22):0.000000
(29,32),(2,22):0.000000
(29,32),(2,16):0.000000
(29,32),(3,16):0.000000
(29,32),(3,20):0.000000
(29,32),(10,20):0.000000
(29,32),(10,17):0.000000
(29,32),(13,17):0.000000
(29,32),(13,15):0.000000
(29,32),(19,15):0.000000
(29,32),(19,10):0.000000
(29,32),(14,10):0.000000
(29,32),(14,14):0.000000
(29,32),(12,14):0.000000
(29,32),(12,12):0.000000
(29,32),(11,12):0.000000
(29,32),(11,7):0.000000
(29,32),(16,7):0.000000
(29,32),(16,2):0.000000
(29,32),(15,2):0.000000
(29,32),(15,1):0.000000
(29,32),(17,1):0.000000
(29,32),(17,3):0.000000
(29,32),(27,3):0.000000
(29,32),(27,4):0.000000
(29,32),(30,4):0.595238
(29,32),(30,8):0.029412
(29,32),(33,8):0.000000
(29,32),(33,11):0.000000
(29,32),(35,11):0.000000
(29,32),(35,13):0.000000
(24,32),(24,9):52.011963
(24,32),(28,9):50.015480
(24,32),(28,6):1.098814
(24,32),(23,6):0.426877
(24,32),(23,5):0.451608
(24,32),(22,5):0.217391
(24,32),(22,23):0.000000
(24,32),(21,23):0.000000
(24,32),(21,25):0.000000
(24,32),(9,25):0.000000
(24,32),(9,35):0.000000
(24,32),(6,35):0.000000
(24,32),(6,34):0.000000
(24,32),(1,34):0.000000
(24,32),(1,33):0.000000
(24,32),(4,33):0.000000
(24,32),(4,31):0.000000
(24,32),(8,31):0.000000
(24,32),(8,30):0.000000
(24,32),(5,30):0.000000
(24,32),(5,26):0.000000
(24,32),(7,26):0.000000
(24,32),(7,24):0.000000
(24,32),(20,24):0.000000
(24,32),(20,19):0.000000
(24,32),(18,19):0.000000
(24,32),(18,22):0.000000
(24,32),(2,22):0.000000
(24,32),(2,16):0.000000
(24,32),(3,16):0.000000
(24,32),(3,20):0.000000
(24,32),(10,20):0.000000
(24,32),(10,17):0.000000
(24,32),(13,17):0.000000
(24,32),(13,15):0.000000
(24,32),(19,15):0.000000
(24,32),(19,10):0.000000
(24,32),(14,10):0.000000
(24,32),(14,14):0.000000
(24,32),(12,14):0.000000
(24,32),(12,12):0.000000
(24,32),(11,12):0.000000
(24,32),(11,7):0.000000
(24,32),(16,7):0.000000
(24,32),(16,2):0.000000
(24,32),(15,2):0.000000
(24,32),(15,1):0.000000
(24,32),(17,1):0.000000
(24,32),(17,3):0.417242
(24,32),(27,3):0.000000
(24,32),(27,4):0.612793
(24,32),(30,4):26.598814
(24,32),(30,8):40.598816
(24,32),(33,8):39.390965
(24,32),(33,11):40.421246
(24,32),(35,11):31.313131
(24,32),(35,13):15.745921
(24,9),(28,9):122.116669
(24,9),(28,6):59.000000
(24,9),(23,6):0.000000
(24,9),(23,5):0.000000
(24,9),(22,5):0.000000
(24,9),(22,23):0.000000
(24,9),(21,23):0.000000
(24,9),(21,25):0.000000
(24,9),(9,25):0.000000
(24,9),(9,35):0.000000
(24,9),(6,35):0.000000
(24,9),(6,34):0.000000
(24,9),(1,34):0.000000
(24,9),(1,33):0.000000
(24,9),(4,33):0.000000
(24,9),(4,31):0.000000
(24,9),(8,31):0.000000
(24,9),(8,30):0.000000
(24,9),(5,30):0.000000
(24,9),(5,26):0.000000
(24,9),(7,26):0.000000
(24,9),(7,24):0.000000
(24,9),(20,24):0.000000
(24,9),(20,19):0.000000
(24,9),(18,19):0.000000
(24,9),(18,22):0.000000
(24,9),(2,22):0.000000
(24,9),(2,16):0.000000
(24,9),(3,16):0.000000
(24,9),(3,20):0.000000
(24,9),(10,20):0.000000
(24,9),(10,17):0.000000
(24,9),(13,17):0.000000
(24,9),(13,15):0.000000
(24,9),(19,15):0.000000
(24,9),(19,10):0.000000
(24,9),(14,10):0.000000
(24,9),(14,14):0.000000
(24,9),(12,14):0.000000
(24,9),(12,12):0.000000
(24,9),(11,12):0.000000
(24,9),(11,7):0.000000
(24,9),(16,7):0.000000
(24,9),(16,2):0.000000
(24,9),(15,2):0.000000
(24,9),(15,1):0.000000
(24,9),(17,1):0.000000
(24,9),(17,3):0.000000
(24,9),(27,3):0.000000
(24,9),(27,4):13.208333
(24,9),(30,4):60.500000
(24,9),(30,8):111.500000
(24,9),(33,8):103.214287
(24,9),(33,11):112.126984
(24,9),(35,11):85.956352
(24,9),(35,13):37.555557
(28,9),(28,6):69.500000
(28,9),(23,6):4.000000
(28,9),(23,5):4.400000
(28,9),(22,5):2.000000
(28,9),(22,23):0.000000
(28,9),(21,23):0.000000
(28,9),(21,25):0.000000
(28,9),(9,25):0.000000
(28,9),(9,35):0.000000
(28,9),(6,35):0.000000
(28,9),(6,34):0.000000
(28,9),(1,34):0.000000
(28,9),(1,33):0.000000
(28,9),(4,33):0.000000
(28,9),(4,31):0.000000
(28,9),(8,31):0.000000
(28,9),(8,30):0.000000
(28,9),(5,30):0.000000
(28,9),(5,26):0.000000
(28,9),(7,26):0.000000
(28,9),(7,24):0.000000
(28,9),(20,24):0.000000
(28,9),(20,19):0.000000
(28,9),(18,19):0.000000
(28,9),(18,22):0.000000
(28,9),(2,22):0.000000
(28,9),(2,16):0.000000
(28,9),(3,16):0.000000
(28,9),(3,20):0.000000
(28,9),(10,20):0.000000
(28,9),(10,17):0.000000
(28,9),(13,17):0.000000
(28,9),(13,15):0.000000
(28,9),(19,15):0.000000
(28,9),(19,10):0.000000
(28,9),(14,10):0.000000
(28,9),(14,14):0.000000
(28,9),(12,14):0.000000
(28,9),(12,12):0.000000
(28,9),(11,12):0.000000
(28,9),(11,7):0.000000
(28,9),(16,7):0.000000
(28,9),(16,2):0.000000
(28,9),(15,2):0.000000
(28,9),(15,1):0.000000
(28,9),(17,1):0.000000
(28,9),(17,3):4.145454
(28,9),(27,3):0.000000
(28,9),(27,4):21.333334
(28,9),(30,4):70.500000
(28,9),(30,8):124.500000
(28,9),(33,8):108.214287
(28,9),(33,11):118.771431
(28,9),(35,11):85.600792
(28,9),(35,13):41.700001
(28,6),(23,6):17.750000
(28,6),(23,5):27.386364
(28,6),(22,5):19.986364
(28,6),(22,23):6.084491
(28,6),(21,23):5.709402
(28,6),(21,25):3.762557
(28,6),(9,25):0.000000
(28,6),(9,35):0.000000
(28,6),(6,35):0.000000
(28,6),(6,34):0.000000
(28,6),(1,34):0.000000
(28,6),(1,33):0.000000
(28,6),(4,33):0.000000
(28,6),(4,31):0.000000
(28,6),(8,31):0.000000
(28,6),(8,30):0.000000
(28,6),(5,30):0.000000
(28,6),(5,26):0.000000
(28,6),(7,26):0.000000
(28,6),(7,24):0.000000
(28,6),(20,24):3.408464
(28,6),(20,19):5.593795
(28,6),(18,19):0.951737
(28,6),(18,22):0.000000
(28,6),(2,22):0.000000
(28,6),(2,16):0.000000
(28,6),(3,16):0.000000
(28,6),(3,20):0.000000
(28,6),(10,20):0.000000
(28,6),(10,17):0.000000
(28,6),(13,17):0.000000
(28,6),(13,15):0.000000
(28,6),(19,15):5.094340
(28,6),(19,10):8.525649
(28,6),(14,10):8.442424
(28,6),(14,14):0.000000
(28,6),(12,14):0.000000
(28,6),(12,12):2.019540
(28,6),(11,12):6.089744
(28,6),(11,7):0.000000
(28,6),(16,7):12.977435
(28,6),(16,2):1.236364
(28,6),(15,2):0.000000
(28,6),(15,1):0.000000
(28,6),(17,1):0.836364
(28,6),(17,3):25.581818
(28,6),(27,3):20.850000
(28,6),(27,4):44.233334
(28,6),(30,4):46.500000
(28,6),(30,8):72.625000
(28,6),(33,8):53.599998
(28,6),(33,11):62.214287
(28,6),(35,11):42.178570
(28,6),(35,13):24.500000
(23,6),(23,5):18.000000
(23,6),(22,5):11.000000
(23,6),(22,23):0.000000
(23,6),(21,23):0.000000
(23,6),(21,25):0.000000
(23,6),(9,25):0.000000
(23,6),(9,35):0.000000
(23,6),(6,35):0.000000
(23,6),(6,34):0.000000
(23,6),(1,34):0.000000
(23,6),(1,33):0.000000
(23,6),(4,33):0.000000
(23,6),(4,31):0.000000
(23,6),(8,31):0.000000
(23,6),(8,30):0.000000
(23,6),(5,30):0.000000
(23,6),(5,26):0.000000
(23,6),(7,26):0.000000
(23,6),(7,24):0.000000
(23,6),(20,24):0.000000
(23,6),(20,19):0.000000
(23,6),(18,19):0.000000
(23,6),(18,22):0.000000
(23,6),(2,22):0.000000
(23,6),(2,16):0.000000
(23,6),(3,16):0.000000
(23,6),(3,20):0.000000
(23,6),(10,20):0.000000
(23,6),(10,17):0.000000
(23,6),(13,17):0.000000
(23,6),(13,15):0.000000
(23,6),(19,15):0.000000
(23,6),(19,10):0.033333
(23,6),(14,10):1.512500
(23,6),(14,14):0.000000
(23,6),(12,14):0.000000
(23,6),(12,12):0.000000
(23,6),(11,12):0.750000
(23,6),(11,7):0.000000
(23,6),(16,7):4.000000
(23,6),(16,2):0.000000
(23,6),(15,2):0.000000
(23,6),(15,1):0.000000
(23,6),(17,1):0.000000
(23,6),(17,3):16.049999
(23,6),(27,3):12.000000
(23,6),(27,4):18.000000
(23,6),(30,4):14.000000
(23,6),(30,8):7.125000
(23,6),(33,8):0.000000
(23,6),(33,11):0.000000
(23,6),(35,11):0.000000
(23,6),(35,13):0.000000
(23,5),(22,5):25.166666
(23,5),(22,23):8.769231
(23,5),(21,23):7.957265
(23,5),(21,25):5.600000
(23,5),(9,25):0.000000
(23,5),(9,35):0.000000
(23,5),(6,35):0.000000
(23,5),(6,34):0.000000
(23,5),(1,34):0.000000
(23,5),(1,33):0.000000
(23,5),(4,33):0.000000
(23,5),(4,31):0.000000
(23,5),(8,31):0.000000
(23,5),(8,30):0.000000
(23,5),(5,30):0.000000
(23,5),(5,26):0.000000
(23,5),(7,26):0.000000
(23,5),(7,24):0.000000
(23,5),(20,24):4.210526
(23,5),(20,19):7.619048
(23,5),(18,19):1.071429
(23,5),(18,22):0.000000
(23,5),(2,22):0.000000
(23,5),(2,16):0.000000
(23,5),(3,16):0.000000
(23,5),(3,20):0.000000
(23,5),(10,20):0.000000
(23,5),(10,17):0.000000
(23,5),(13,17):0.000000
(23,5),(13,15):0.000000
(23,5),(19,15):6.600000
(23,5),(19,10):13.366667
(23,5),(14,10):11.200000
(23,5),(14,14):0.000000
(23,5),(12,14):0.000000
(23,5),(12,12):3.200000
(23,5),(11,12):8.000000
(23,5),(11,7):0.000000
(23,5),(16,7):18.000000
(23,5),(16,2):4.166667
(23,5),(15,2):0.000000
(23,5),(15,1):0.000000
(23,5),(17,1):2.166667
(23,5),(17,3):30.616667
(23,5),(27,3):26.000000
(23,5),(27,4):32.450001
(23,5),(30,4):21.400000
(23,5),(30,8):7.525000
(23,5),(33,8):0.000000
(23,5),(33,11):0.000000
(23,5),(35,11):0.000000
(23,5),(35,13):0.000000
(22,5),(22,23):61.028847
(22,5),(21,23):59.821861
(22,5),(21,25):38.208187
(22,5),(9,25):1.010048
(22,5),(9,35):0.000000
(22,5),(6,35):0.000000
(22,5),(6,34):0.000000
(22,5),(1,34):0.000000
(22,5),(1,33):0.000000
(22,5),(4,33):0.000000
(22,5),(4,31):0.000000
(22,5),(8,31):0.000000
(22,5),(8,30):0.000000
(22,5),(5,30):0.000000
(22,5),(5,26):0.000000
(22,5),(7,26):0.000000
(22,5),(7,24):0.969298
(22,5),(20,24):41.652046
(22,5),(20,19):63.296825
(22,5),(18,19):33.635715
(22,5),(18,22):0.730952
(22,5),(2,22):5.212934
(22,5),(2,16):0.000000
(22,5),(3,16):0.000000
(22,5),(3,20):0.457143
(22,5),(10,20):16.564285
(22,5),(10,17):8.864285
(22,5),(13,17):17.135714
(22,5),(13,15):16.207144
(22,5),(19,15):57.664288
(22,5),(19,10):89.122223
(22,5),(14,10):53.512501
(22,5),(14,14):8.076923
(22,5),(12,14):6.883333
(22,5),(12,12):17.745832
(22,5),(11,12):28.395834
(22,5),(11,7):33.333332
(22,5),(16,7):66.179169
(22,5),(16,2):41.700001
(22,5),(15,2):0.000000
(22,5),(15,1):0.000000
(22,5),(17,1):7.950000
(22,5),(17,3):71.625000
(22,5),(27,3):31.654545
(22,5),(27,4):28.650000
(22,5),(30,4):16.250000
(22,5),(30,8):4.625000
(22,5),(33,8):0.000000
(22,5),(33,11):0.000000
(22,5),(35,11):0.000000
(22,5),(35,13):0.000000
(22,23),(21,23):57.769230
(22,23),(21,25):36.266666
(22,23),(9,25):0.000000
(22,23),(9,35):0.000000
(22,23),(6,35):0.000000
(22,23),(6,34):0.000000
(22,23),(1,34):0.000000
(22,23),(1,33):0.000000
(22,23),(4,33):0.000000
(22,23),(4,31):0.000000
(22,23),(8,31):0.000000
(22,23),(8,30):0.000000
(22,23),(5,30):0.000000
(22,23),(5,26):0.000000
(22,23),(7,26):0.000000
(22,23),(7,24):0.000000
(22,23),(20,24):39.500000
(22,23),(20,19):58.722221
(22,23),(18,19):30.000000
(22,23),(18,22):0.000000
(22,23),(2,22):2.842857
(22,23),(2,16):0.000000
(22,23),(3,16):0.000000
(22,23),(3,20):0.000000
(22,23),(10,20):13.735294
(22,23),(10,17):5.400000
(22,23),(13,17):14.071428
(22,23),(13,15):13.142858
(22,23),(19,15):54.000000
(22,23),(19,10):59.764957
(22,23),(14,10):25.738094
(22,23),(14,14):0.000000
(22,23),(12,14):0.000000
(22,23),(12,12):3.711474
(22,23),(11,12):9.763889
(22,23),(11,7):11.725962
(22,23),(16,7):31.153847
(22,23),(16,2):26.250000
(22,23),(15,2):0.000000
(22,23),(15,1):0.000000
(22,23),(17,1):0.000000
(22,23),(17,3):42.403847
(22,23),(27,3):11.928494
(22,23),(27,4):10.418552
(22,23),(30,4):5.317398
(22,23),(30,8):0.000000
(22,23),(33,8):0.000000
(22,23),(33,11):0.000000
(22,23),(35,11):0.000000
(22,23),(35,13):0.000000
(21,23),(21,25):38.766666
(21,23),(9,25):1.545455
(21,23),(9,35):0.000000
(21,23),(6,35):0.000000
(21,23),(6,34):0.000000
(21,23),(1,34):0.000000
(21,23),(1,33):0.000000
(21,23),(4,33):0.000000
(21,23),(4,31):0.000000
(21,23),(8,31):0.000000
(21,23),(8,30):0.000000
(21,23),(5,30):0.000000
(21,23),(5,26):0.000000
(21,23),(7,26):0.000000
(21,23),(7,24):1.500000
(21,23),(20,24):42.111111
(21,23),(20,19):58.833332
(21,23),(18,19):28.111111
(21,23),(18,22):0.000000
(21,23),(2,22):2.622915
(21,23),(2,16):0.000000
(21,23),(3,16):0.000000
(21,23),(3,20):0.000000
(21,23),(10,20):11.742424
(21,23),(10,17):4.900000
(21,23),(13,17):12.071428
(21,23),(13,15):11.142858
(21,23),(19,15):52.111111
(21,23),(19,10):57.880341
(21,23),(14,10):24.543404
(21,23),(14,14):0.000000
(21,23),(12,14):0.000000
(21,23),(12,12):3.247849
(21,23),(11,12):9.232712
(21,23),(11,7):11.379807
(21,23),(16,7):29.380342
(21,23),(16,2):24.772728
(21,23),(15,2):0.000000
(21,23),(15,1):0.000000
(21,23),(17,1):0.000000
(21,23),(17,3):40.630341
(21,23),(27,3):10.633965
(21,23),(27,4):9.335566
(21,23),(30,4):4.745122
(21,23),(30,8):0.000000
(21,23),(33,8):0.000000
(21,23),(33,11):0.000000
(21,23),(35,11):0.000000
(21,23),(35,13):0.000000
(21,25),(9,25):14.045455
(21,25),(9,35):2.000000
(21,25),(6,35):0.000000
(21,25),(6,34):0.000000
(21,25),(1,34):0.000000
(21,25),(1,33):0.000000
(21,25),(4,33):0.000000
(21,25),(4,31):0.000000
(21,25),(8,31):1.083333
(21,25),(8,30):2.100000
(21,25),(5,30):1.650000
(21,25),(5,26):0.000000
(21,25),(7,26):3.000000
(21,25),(7,24):14.000000
(21,25),(20,24):35.000000
(21,25),(20,19):37.722221
(21,25),(18,19):13.200000
(21,25),(18,22):0.000000
(21,25),(2,22):1.324886
(21,25),(2,16):0.000000
(21,25),(3,16):0.000000
(21,25),(3,20):0.000000
(21,25),(10,20):6.098594
(21,25),(10,17):2.433333
(21,25),(13,17):6.125313
(21,25),(13,15):5.619048
(21,25),(19,15):31.000000
(21,25),(19,10):36.266666
(21,25),(14,10):17.041666
(21,25),(14,14):0.000000
(21,25),(12,14):0.000000
(21,25),(12,12):3.107983
(21,25),(11,12):6.937375
(21,25),(11,7):7.350000
(21,25),(16,7):19.266666
(21,25),(16,2):15.256411
(21,25),(15,2):0.000000
(21,25),(15,1):0.000000
(21,25),(17,1):0.000000
(21,25),(17,3):24.266666
(21,25),(27,3):7.952743
(21,25),(27,4):6.809524
(21,25),(30,4):3.497336
(21,25),(30,8):0.000000
(21,25),(33,8):0.000000
(21,25),(33,11):0.000000
(21,25),(35,11):0.000000
(21,25),(35,13):0.000000
(9,25),(9,35):15.833333
(9,25),(6,35):6.333333
(9,25),(6,34):6.083333
(9,25),(1,34):3.210784
(9,25),(1,33):2.098925
(9,25),(4,33):5.480769
(9,25),(4,31):5.333333
(9,25),(8,31):12.416667
(9,25),(8,30):24.100000
(9,25),(5,30):18.400000
(9,25),(5,26):15.666667
(9,25),(7,26):22.000000
(9,25),(7,24):26.916666
(9,25),(20,24):14.227273
(9,25),(20,19):1.045455
(9,25),(18,19):0.000000
(9,25),(18,22):0.000000
(9,25),(2,22):0.000000
(9,25),(2,16):0.000000
(9,25),(3,16):0.000000
(9,25),(3,20):0.000000
(9,25),(10,20):0.000000
(9,25),(10,17):0.000000
(9,25),(13,17):0.000000
(9,25),(13,15):0.000000
(9,25),(19,15):0.000000
(9,25),(19,10):0.420455
(9,25),(14,10):0.000000
(9,25),(14,14):0.000000
(9,25),(12,14):0.000000
(9,25),(12,12):0.000000
(9,25),(11,12):0.000000
(9,25),(11,7):0.000000
(9,25),(16,7):0.000000
(9,25),(16,2):0.000000
(9,25),(15,2):0.000000
(9,25),(15,1):0.000000
(9,25),(17,1):0.000000
(9,25),(17,3):0.000000
(9,25),(27,3):0.000000
(9,25),(27,4):0.000000
(9,25),(30,4):0.000000
(9,25),(30,8):0.000000
(9,25),(33,8):0.000000
(9,25),(33,11):0.000000
(9,25),(35,11):0.000000
(9,25),(35,13):0.000000
(9,35),(6,35):13.000000
(9,35),(6,34):18.250000
(9,35),(1,34):8.666667
(9,35),(1,33):5.400000
(9,35),(4,33):16.750000
(9,35),(4,31):17.000000
(9,35),(8,31):24.400000
(9,35),(8,30):14.500000
(9,35),(5,30):8.571428
(9,35),(5,26):6.266667
(9,35),(7,26):11.500000
(9,35),(7,24):12.416667
(9,35),(20,24):2.178571
(9,35),(20,19):0.000000
(9,35),(18,19):0.000000
(9,35),(18,22):0.000000
(9,35),(2,22):0.000000
(9,35),(2,16):0.000000
(9,35),(3,16):0.000000
(9,35),(3,20):0.000000
(9,35),(10,20):0.000000
(9,35),(10,17):0.000000
(9,35),(13,17):0.000000
(9,35),(13,15):0.000000
(9,35),(19,15):0.000000
(9,35),(19,10):0.000000
(9,35),(14,10):0.000000
(9,35),(14,14):0.000000
(9,35),(12,14):0.000000
(9,35),(12,12):0.000000
(9,35),(11,12):0.000000
(9,35),(11,7):0.000000
(9,35),(16,7):0.000000
(9,35),(16,2):0.000000
(9,35),(15,2):0.000000
(9,35),(15,1):0.000000
(9,35),(17,1):0.000000
(9,35),(17,3):0.000000
(9,35),(27,3):0.000000
(9,35),(27,4):0.000000
(9,35),(30,4):0.000000
(9,35),(30,8):0.000000
(9,35),(33,8):0.000000
(9,35),(33,11):0.000000
(9,35),(35,11):0.000000
(9,35),(35,13):0.000000
(6,35),(6,34):12.750000
(6,35),(1,34):6.500000
(6,35),(1,33):3.900000
(6,35),(4,33):11.250000
(6,35),(4,31):11.666667
(6,35),(8,31):13.000000
(6,35),(8,30):5.000000
(6,35),(5,30):0.250000
(6,35),(5,26):0.816667
(6,35),(7,26):2.083333
(6,35),(7,24):2.979167
(6,35),(20,24):0.000000
(6,35),(20,19):0.000000
(6,35),(18,19):0.000000
(6,35),(18,22):0.000000
(6,35),(2,22):0.000000
(6,35),(2,16):0.000000
(6,35),(3,16):0.000000
(6,35),(3,20):0.000000
(6,35),(10,20):0.000000
(6,35),(10,17):0.000000
(6,35),(13,17):0.000000
(6,35),(13,15):0.000000
(6,35),(19,15):0.000000
(6,35),(19,10):0.000000
(6,35),(14,10):0.000000
(6,35),(14,14):0.000000
(6,35),(12,14):0.000000
(6,35),(12,12):0.000000
(6,35),(11,12):0.000000
(6,35),(11,7):0.000000
(6,35),(16,7):0.000000
(6,35),(16,2):0.000000
(6,35),(15,2):0.000000
(6,35),(15,1):0.000000
(6,35),(17,1):0.000000
(6,35),(17,3):0.000000
(6,35),(27,3):0.000000
(6,35),(27,4):0.000000
(6,35),(30,4):0.000000
(6,35),(30,8):0.000000
(6,35),(33,8):0.000000
(6,35),(33,11):0.000000
(6,35),(35,11):0.000000
(6,35),(35,13):0.000000
(6,34),(1,34):12.166667
(6,34),(1,33):8.900000
(6,34),(4,33):20.250000
(6,34),(4,31):17.666666
(6,34),(8,31):19.750000
(6,34),(8,30):4.750000
(6,34),(5,30):0.083333
(6,34),(5,26):0.593137
(6,34),(7,26):1.840909
(6,34),(7,24):2.733333
(6,34),(20,24):0.000000
(6,34),(20,19):0.000000
(6,34),(18,19):0.000000
(6,34),(18,22):0.000000
(6,34),(2,22):0.000000
(6,34),(2,16):0.000000
(6,34),(3,16):0.000000
(6,34),(3,20):0.000000
(6,34),(10,20):0.000000
(6,34),(10,17):0.000000
(6,34),(13,17):0.000000
(6,34),(13,15):0.000000
(6,34),(19,15):0.000000
(6,34),(19,10):0.000000
(6,34),(14,10):0.000000
(6,34),(14,14):0.000000
(6,34),(12,14):0.000000
(6,34),(12,12):0.000000
(6,34),(11,12):0.000000
(6,34),(11,7):0.000000
(6,34),(16,7):0.000000
(6,34),(16,2):0.000000
(6,34),(15,2):0.000000
(6,34),(15,1):0.000000
(6,34),(17,1):0.000000
(6,34),(17,3):0.000000
(6,34),(27,3):0.000000
(6,34),(27,4):0.000000
(6,34),(30,4):0.000000
(6,34),(30,8):0.000000
(6,34),(33,8):0.000000
(6,34),(33,11):0.000000
(6,34),(35,11):0.000000
(6,34),(35,13):0.000000
(1,34),(1,33):8.000000
(1,34),(4,33):12.166667
(1,34),(4,31):9.166667
(1,34),(8,31):10.166667
(1,34),(8,30):2.500000
(1,34),(5,30):0.000000
(1,34),(5,26):0.000000
(1,34),(7,26):0.820513
(1,34),(7,24):1.385965
(1,34),(20,24):0.000000
(1,34),(20,19):0.000000
(1,34),(18,19):0.000000
(1,34),(18,22):0.000000
(1,34),(2,22):0.000000
(1,34),(2,16):0.000000
(1,34),(3,16):0.000000
(1,34),(3,20):0.000000
(1,34),(10,20):0.000000
(1,34),(10,17):0.000000
(1,34),(13,17):0.000000
(1,34),(13,15):0.000000
(1,34),(19,15):0.000000
(1,34),(19,10):0.000000
(1,34),(14,10):0.000000
(1,34),(14,14):0.000000
(1,34),(12,14):0.000000
(1,34),(12,12):0.000000
(1,34),(11,12):0.000000
(1,34),(11,7):0.000000
(1,34),(16,7):0.000000
(1,34),(16,2):0.000000
(1,34),(15,2):0.000000
(1,34),(15,1):0.000000
(1,34),(17,1):0.000000
(1,34),(17,3):0.000000
(1,34),(27,3):0.000000
(1,34),(27,4):0.000000
(1,34),(30,4):0.000000
(1,34),(30,8):0.000000
(1,34),(33,8):0.000000
(1,34),(33,11):0.000000
(1,34),(35,11):0.000000
(1,34),(35,13):0.000000
(1,33),(4,33):8.900000
(1,33),(4,31):5.900000
(1,33),(8,31):6.900000
(1,33),(8,30):1.500000
(1,33),(5,30):0.000000
(1,33),(5,26):0.000000
(1,33),(7,26):0.125000
(1,33),(7,24):0.581034
(1,33),(20,24):0.000000
(1,33),(20,19):0.000000
(1,33),(18,19):0.000000
(1,33),(18,22):0.000000
(1,33),(2,22):0.000000
(1,33),(2,16):0.000000
(1,33),(3,16):0.000000
(1,33),(3,20):0.000000
(1,33),(10,20):0.000000
(1,33),(10,17):0.000000
(1,33),(13,17):0.000000
(1,33),(13,15):0.000000
(1,33),(19,15):0.000000
(1,33),(19,10):0.000000
(1,33),(14,10):0.000000
(1,33),(14,14):0.000000
(1,33),(12,14):0.000000
(1,33),(12,12):0.000000
(1,33),(11,12):0.000000
(1,33),(11,7):0.000000
(1,33),(16,7):0.000000
(1,33),(16,2):0.000000
(1,33),(15,2):0.000000
(1,33),(15,1):0.000000
(1,33),(17,1):0.000000
(1,33),(17,3):0.000000
(1,33),(27,3):0.000000
(1,33),(27,4):0.000000
(1,33),(30,4):0.000000
(1,33),(30,8):0.000000
(1,33),(33,8):0.000000
(1,33),(33,11):0.000000
(1,33),(35,11):0.000000
(1,33),(35,13):0.000000
(4,33),(4,31):17.000000
(4,33),(8,31):18.250000
(4,33),(8,30):4.250000
(4,33),(5,30):0.000000
(4,33),(5,26):0.189394
(4,33),(7,26):1.361111
(4,33),(7,24):2.243590
(4,33),(20,24):0.000000
(4,33),(20,19):0.000000
(4,33),(18,19):0.000000
(4,33),(18,22):0.000000
(4,33),(2,22):0.000000
(4,33),(2,16):0.000000
(4,33),(3,16):0.000000
(4,33),(3,20):0.000000
(4,33),(10,20):0.000000
(4,33),(10,17):0.000000
(4,33),(13,17):0.000000
(4,33),(13,15):0.000000
(4,33),(19,15):0.000000
(4,33),(19,10):0.000000
(4,33),(14,10):0.000000
(4,33),(14,14):0.000000
(4,33),(12,14):0.000000
(4,33),(12,12):0.000000
(4,33),(11,12):0.000000
(4,33),(11,7):0.000000
(4,33),(16,7):0.000000
(4,33),(16,2):0.000000
(4,33),(15,2):0.000000
(4,33),(15,1):0.000000
(4,33),(17,1):0.000000
(4,33),(17,3):0.000000
(4,33),(27,3):0.000000
(4,33),(27,4):0.000000
(4,33),(30,4):0.000000
(4,33),(30,8):0.000000
(4,33),(33,8):0.000000
(4,33),(33,11):0.000000
(4,33),(35,11):0.000000
(4,33),(35,13):0.000000
(4,31),(8,31):17.666666
(4,31),(8,30):4.000000
(4,31),(5,30):0.000000
(4,31),(5,26):0.041667
(4,31),(7,26):1.125000
(4,31),(7,24):2.000000
(4,31),(20,24):0.000000
(4,31),(20,19):0.000000
(4,31),(18,19):0.000000
(4,31),(18,22):0.000000
(4,31),(2,22):0.000000
(4,31),(2,16):0.000000
(4,31),(3,16):0.000000
(4,31),(3,20):0.000000
(4,31),(10,20):0.000000
(4,31),(10,17):0.000000
(4,31),(13,17):0.000000
(4,31),(13,15):0.000000
(4,31),(19,15):0.000000
(4,31),(19,10):0.000000
(4,31),(14,10):0.000000
(4,31),(14,14):0.000000
(4,31),(12,14):0.000000
(4,31),(12,12):0.000000
(4,31),(11,12):0.000000
(4,31),(11,7):0.000000
(4,31),(16,7):0.000000
(4,31),(16,2):0.000000
(4,31),(15,2):0.000000
(4,31),(15,1):0.000000
(4,31),(17,1):0.000000
(4,31),(17,3):0.000000
(4,31),(27,3):0.000000
(4,31),(27,4):0.000000
(4,31),(30,4):0.000000
(4,31),(30,8):0.000000
(4,31),(33,8):0.000000
(4,31),(33,11):0.000000
(4,31),(35,11):0.000000
(4,31),(35,13):0.000000
(8,31),(8,30):11.083333
(8,31),(5,30):6.083333
(8,31),(5,26):4.666667
(8,31),(7,26):8.083333
(8,31),(7,24):9.000000
(8,31),(20,24):1.128788
(8,31),(20,19):0.000000
(8,31),(18,19):0.000000
(8,31),(18,22):0.000000
(8,31),(2,22):0.000000
(8,31),(2,16):0.000000
(8,31),(3,16):0.000000
(8,31),(3,20):0.000000
(8,31),(10,20):0.000000
(8,31),(10,17):0.000000
(8,31),(13,17):0.000000
(8,31),(13,15):0.000000
(8,31),(19,15):0.000000
(8,31),(19,10):0.000000
(8,31),(14,10):0.000000
(8,31),(14,14):0.000000
(8,31),(12,14):0.000000
(8,31),(12,12):0.000000
(8,31),(11,12):0.000000
(8,31),(11,7):0.000000
(8,31),(16,7):0.000000
(8,31),(16,2):0.000000
(8,31),(15,2):0.000000
(8,31),(15,1):0.000000
(8,31),(17,1):0.000000
(8,31),(17,3):0.000000
(8,31),(27,3):0.000000
(8,31),(27,4):0.000000
(8,31),(30,4):0.000000
(8,31),(30,8):0.000000
(8,31),(33,8):0.000000
(8,31),(33,11):0.000000
(8,31),(35,11):0.000000
(8,31),(35,13):0.000000
(8,30),(5,30):19.100000
(8,30),(5,26):16.666666
(8,30),(7,26):22.100000
(8,30),(7,24):15.016666
(8,30),(20,24):2.281818
(8,30),(20,19):0.000000
(8,30),(18,19):0.000000
(8,30),(18,22):0.000000
(8,30),(2,22):0.000000
(8,30),(2,16):0.000000
(8,30),(3,16):0.000000
(8,30),(3,20):0.000000
(8,30),(10,20):0.000000
(8,30),(10,17):0.000000
(8,30),(13,17):0.000000
(8,30),(13,15):0.000000
(8,30),(19,15):0.000000
(8,30),(19,10):0.000000
(8,30),(14,10):0.000000
(8,30),(14,14):0.000000
(8,30),(12,14):0.000000
(8,30),(12,12):0.000000
(8,30),(11,12):0.000000
(8,30),(11,7):0.000000
(8,30),(16,7):0.000000
(8,30),(16,2):0.000000
(8,30),(15,2):0.000000
(8,30),(15,1):0.000000
(8,30),(17,1):0.000000
(8,30),(17,3):0.000000
(8,30),(27,3):0.000000
(8,30),(27,4):0.000000
(8,30),(30,4):0.000000
(8,30),(30,8):0.000000
(8,30),(33,8):0.000000
(8,30),(33,11):0.000000
(8,30),(35,11):0.000000
(8,30),(35,13):0.000000
(5,30),(5,26):16.000000
(5,30),(7,26):19.400000
(5,30),(7,24):11.400000
(5,30),(20,24):1.757143
(5,30),(20,19):0.000000
(5,30),(18,19):0.000000
(5,30),(18,22):0.000000
(5,30),(2,22):0.000000
(5,30),(2,16):0.000000
(5,30),(3,16):0.000000
(5,30),(3,20):0.000000
(5,30),(10,20):0.000000
(5,30),(10,17):0.000000
(5,30),(13,17):0.000000
(5,30),(13,15):0.000000
(5,30),(19,15):0.000000
(5,30),(19,10):0.000000
(5,30),(14,10):0.000000
(5,30),(14,14):0.000000
(5,30),(12,14):0.000000
(5,30),(12,12):0.000000
(5,30),(11,12):0.000000
(5,30),(11,7):0.000000
(5,30),(16,7):0.000000
(5,30),(16,2):0.000000
(5,30),(15,2):0.000000
(5,30),(15,1):0.000000
(5,30),(17,1):0.000000
(5,30),(17,3):0.000000
(5,30),(27,3):0.000000
(5,30),(27,4):0.000000
(5,30),(30,4):0.000000
(5,30),(30,8):0.000000
(5,30),(33,8):0.000000
(5,30),(33,11):0.000000
(5,30),(35,11):0.000000
(5,30),(35,13):0.000000
(5,26),(7,26):16.666666
(5,26),(7,24):8.666667
(5,26),(20,24):0.000000
(5,26),(20,19):0.000000
(5,26),(18,19):0.000000
(5,26),(18,22):0.000000
(5,26),(2,22):0.000000
(5,26),(2,16):0.000000
(5,26),(3,16):0.000000
(5,26),(3,20):0.000000
(5,26),(10,20):0.000000
(5,26),(10,17):0.000000
(5,26),(13,17):0.000000
(5,26),(13,15):0.000000
(5,26),(19,15):0.000000
(5,26),(19,10):0.000000
(5,26),(14,10):0.000000
(5,26),(14,14):0.000000
(5,26),(12,14):0.000000
(5,26),(12,12):0.000000
(5,26),(11,12):0.000000
(5,26),(11,7):0.000000
(5,26),(16,7):0.000000
(5,26),(16,2):0.000000
(5,26),(15,2):0.000000
(5,26),(15,1):0.000000
(5,26),(17,1):0.000000
(5,26),(17,3):0.000000
(5,26),(27,3):0.000000
(5,26),(27,4):0.000000
(5,26),(30,4):0.000000
(5,26),(30,8):0.000000
(5,26),(33,8):0.000000
(5,26),(33,11):0.000000
(5,26),(35,11):0.000000
(5,26),(35,13):0.000000
(7,26),(7,24):15.000000
(7,26),(20,24):3.181818
(7,26),(20,19):0.000000
(7,26),(18,19):0.000000
(7,26),(18,22):0.000000
(7,26),(2,22):0.000000
(7,26),(2,16):0.000000
(7,26),(3,16):0.000000
(7,26),(3,20):0.000000
(7,26),(10,20):0.000000
(7,26),(10,17):0.000000
(7,26),(13,17):0.000000
(7,26),(13,15):0.000000
(7,26),(19,15):0.000000
(7,26),(19,10):0.000000
(7,26),(14,10):0.000000
(7,26),(14,14):0.000000
(7,26),(12,14):0.000000
(7,26),(12,12):0.000000
(7,26),(11,12):0.000000
(7,26),(11,7):0.000000
(7,26),(16,7):0.000000
(7,26),(16,2):0.000000
(7,26),(15,2):0.000000
(7,26),(15,1):0.000000
(7,26),(17,1):0.000000
(7,26),(17,3):0.000000
(7,26),(27,3):0.000000
(7,26),(27,4):0.000000
(7,26),(30,4):0.000000
(7,26),(30,8):0.000000
(7,26),(33,8):0.000000
(7,26),(33,11):0.000000
(7,26),(35,11):0.000000
(7,26),(35,13):0.000000
(7,24),(20,24):14.181818
(7,24),(20,19):1.000000
(7,24),(18,19):0.000000
(7,24),(18,22):0.000000
(7,24),(2,22):0.000000
(7,24),(2,16):0.000000
(7,24),(3,16):0.000000
(7,24),(3,20):0.000000
(7,24),(10,20):0.000000
(7,24),(10,17):0.000000
(7,24),(13,17):0.000000
(7,24),(13,15):0.000000
(7,24),(19,15):0.000000
(7,24),(19,10):0.388889
(7,24),(14,10):0.000000
(7,24),(14,14):0.000000
(7,24),(12,14):0.000000
(7,24),(12,12):0.000000
(7,24),(11,12):0.000000
(7,24),(11,7):0.000000
(7,24),(16,7):0.000000
(7,24),(16,2):0.000000
(7,24),(15,2):0.000000
(7,24),(15,1):0.000000
(7,24),(17,1):0.000000
(7,24),(17,3):0.000000
(7,24),(27,3):0.000000
(7,24),(27,4):0.000000
(7,24),(30,4):0.000000
(7,24),(30,8):0.000000
(7,24),(33,8):0.000000
(7,24),(33,11):0.000000
(7,24),(35,11):0.000000
(7,24),(35,13):0.000000
(20,24),(20,19):41.710526
(20,24),(18,19):24.210526
(20,24),(18,22):0.000000
(20,24),(2,22):2.375000
(20,24),(2,16):0.000000
(20,24),(3,16):0.000000
(20,24),(3,20):0.000000
(20,24),(10,20):9.472222
(20,24),(10,17):4.400000
(20,24),(13,17):9.904762
(20,24),(13,15):9.142858
(20,24),(19,15):37.710526
(20,24),(19,10):39.710526
(20,24),(14,10):14.210526
(20,24),(14,14):0.000000
(20,24),(12,14):0.000000
(20,24),(12,12):0.500000
(20,24),(11,12):4.870903
(20,24),(11,7):7.500000
(20,24),(16,7):18.210526
(20,24),(16,2):16.666666
(20,24),(15,2):0.000000
(20,24),(15,1):0.000000
(20,24),(17,1):0.000000
(20,24),(17,3):28.210526
(20,24),(27,3):5.010526
(20,24),(27,4):4.610526
(20,24),(30,4):2.302632
(20,24),(30,8):0.000000
(20,24),(33,8):0.000000
(20,24),(33,11):0.000000
(20,24),(35,11):0.000000
(20,24),(35,13):0.000000
(20,19),(18,19):60.285713
(20,19),(18,22):26.000000
(20,19),(2,22):6.500000
(20,19),(2,16):0.000000
(20,19),(3,16):0.000000
(20,19),(3,20):0.000000
(20,19),(10,20):41.500000
(20,19),(10,17):24.400000
(20,19),(13,17):44.071430
(20,19),(13,15):37.142857
(20,19),(19,15):82.785713
(20,19),(19,10):59.007938
(20,19),(14,10):23.880953
(20,19),(14,14):0.000000
(20,19),(12,14):0.000000
(20,19),(12,12):2.947561
(20,19),(11,12):9.002230
(20,19),(11,7):11.187500
(20,19),(16,7):28.507936
(20,19),(16,2):24.062500
(20,19),(15,2):0.000000
(20,19),(15,1):0.000000
(20,19),(17,1):0.000000
(20,19),(17,3):39.757938
(20,19),(27,3):10.039851
(20,19),(27,4):8.855762
(20,19),(30,4):4.461840
(20,19),(30,8):0.000000
(20,19),(33,8):0.000000
(20,19),(33,11):0.000000
(20,19),(35,11):0.000000
(20,19),(35,13):0.000000
(18,19),(18,22):62.000000
(18,19),(2,22):40.500000
(18,19),(2,16):1.469697
(18,19),(3,16):1.062500
(18,19),(3,20):28.000000
(18,19),(10,20):77.500000
(18,19),(10,17):48.000000
(18,19),(13,17):69.500000
(18,19),(13,15):51.000000
(18,19),(19,15):85.546425
(18,19),(19,10):30.571428
(18,19),(14,10):6.696429
(18,19),(14,14):0.000000
(18,19),(12,14):0.000000
(18,19),(12,12):0.000000
(18,19),(11,12):0.968487
(18,19),(11,7):5.544643
(18,19),(16,7):10.571428
(18,19),(16,2):14.375000
(18,19),(15,2):0.000000
(18,19),(15,1):0.000000
(18,19),(17,1):0.000000
(18,19),(17,3):20.666666
(18,19),(27,3):1.126984
(18,19),(27,4):1.097744
(18,19),(30,4):0.533986
(18,19),(30,8):0.000000
(18,19),(33,8):0.000000
(18,19),(33,11):0.000000
(18,19),(35,11):0.000000
(18,19),(35,13):0.000000
(18,22),(2,22):40.066666
(18,22),(2,16):2.566667
(18,22),(3,16):2.066667
(18,22),(3,20):32.066666
(18,22),(10,20):64.000000
(18,22),(10,17):40.000000
(18,22),(13,17):52.000000
(18,22),(13,15):35.000000
(18,22),(19,15):50.974998
(18,22),(19,10):0.000000
(18,22),(14,10):0.000000
(18,22),(14,14):0.000000
(18,22),(12,14):0.000000
(18,22),(12,12):0.000000
(18,22),(11,12):0.000000
(18,22),(11,7):0.000000
(18,22),(16,7):0.000000
(18,22),(16,2):0.000000
(18,22),(15,2):0.000000
(18,22),(15,1):0.000000
(18,22),(17,1):0.000000
(18,22),(17,3):0.000000
(18,22),(27,3):0.000000
(18,22),(27,4):0.000000
(18,22),(30,4):0.000000
(18,22),(30,8):0.000000
(18,22),(33,8):0.000000
(18,22),(33,11):0.000000
(18,22),(35,11):0.000000
(18,22),(35,13):0.000000
(2,22),(2,16):6.500000
(2,22),(3,16):6.000000
(2,22),(3,20):36.000000
(2,22),(10,20):44.500000
(2,22),(10,17):28.500000
(2,22),(13,17):30.500000
(2,22),(13,15):21.375000
(2,22),(19,15):30.975000
(2,22),(19,10):3.468750
(2,22),(14,10):0.000000
(2,22),(14,14):0.000000
(2,22),(12,14):0.000000
(2,22),(12,12):0.000000
(2,22),(11,12):0.000000
(2,22),(11,7):0.000000
(2,22),(16,7):0.000000
(2,22),(16,2):0.171429
(2,22),(15,2):0.000000
(2,22),(15,1):0.000000
(2,22),(17,1):0.000000
(2,22),(17,3):0.946893
(2,22),(27,3):0.000000
(2,22),(27,4):0.000000
(2,22),(30,4):0.000000
(2,22),(30,8):0.000000
(2,22),(33,8):0.000000
(2,22),(33,11):0.000000
(2,22),(35,11):0.000000
(2,22),(35,13):0.000000
(2,16),(3,16):6.000000
(2,16),(3,20):6.500000
(2,16),(10,20):2.500000
(2,16),(10,17):0.000000
(2,16),(13,17):0.000000
(2,16),(13,15):0.000000
(2,16),(19,15):0.000000
(2,16),(19,10):0.000000
(2,16),(14,10):0.000000
(2,16),(14,14):0.000000
(2,16),(12,14):0.000000
(2,16),(12,12):0.000000
(2,16),(11,12):0.000000
(2,16),(11,7):0.000000
(2,16),(16,7):0.000000
(2,16),(16,2):0.000000
(2,16),(15,2):0.000000
(2,16),(15,1):0.000000
(2,16),(17,1):0.000000
(2,16),(17,3):0.000000
(2,16),(27,3):0.000000
(2,16),(27,4):0.000000
(2,16),(30,4):0.000000
(2,16),(30,8):0.000000
(2,16),(33,8):0.000000
(2,16),(33,11):0.000000
(2,16),(35,11):0.000000
(2,16),(35,13):0.000000
(3,16),(3,20):6.000000
(3,16),(10,20):2.000000
(3,16),(10,17):0.000000
(3,16),(13,17):0.000000
(3,16),(13,15):0.000000
(3,16),(19,15):0.000000
(3,16),(19,10):0.000000
(3,16),(14,10):0.000000
(3,16),(14,14):0.000000
(3,16),(12,14):0.000000
(3,16),(12,12):0.000000
(3,16),(11,12):0.000000
(3,16),(11,7):0.000000
(3,16),(16,7):0.000000
(3,16),(16,2):0.000000
(3,16),(15,2):0.000000
(3,16),(15,1):0.000000
(3,16),(17,1):0.000000
(3,16),(17,3):0.000000
(3,16),(27,3):0.000000
(3,16),(27,4):0.000000
(3,16),(30,4):0.000000
(3,16),(30,8):0.000000
(3,16),(33,8):0.000000
(3,16),(33,11):0.000000
(3,16),(35,11):0.000000
(3,16),(35,13):0.000000
(3,20),(10,20):32.000000
(3,20),(10,17):16.000000
(3,20),(13,17):18.000000
(3,20),(13,15):10.000000
(3,20),(19,15):18.600000
(3,20),(19,10):0.000000
(3,20),(14,10):0.000000
(3,20),(14,14):0.000000
(3,20),(12,14):0.000000
(3,20),(12,12):0.000000
(3,20),(11,12):0.000000
(3,20),(11,7):0.000000
(3,20),(16,7):0.000000
(3,20),(16,2):0.000000
(3,20),(15,2):0.000000
(3,20),(15,1):0.000000
(3,20),(17,1):0.000000
(3,20),(17,3):0.000000
(3,20),(27,3):0.000000
(3,20),(27,4):0.000000
(3,20),(30,4):0.000000
(3,20),(30,8):0.000000
(3,20),(33,8):0.000000
(3,20),(33,11):0.000000
(3,20),(35,11):0.000000
(3,20),(35,13):0.000000
(10,20),(10,17):47.000000
(10,20),(13,17):66.500000
(10,20),(13,15):48.000000
(10,20),(19,15):66.474998
(10,20),(19,10):13.562500
(10,20),(14,10):0.000000
(10,20),(14,14):0.000000
(10,20),(12,14):0.000000
(10,20),(12,12):0.000000
(10,20),(11,12):0.000000
(10,20),(11,7):0.000000
(10,20),(16,7):0.000000
(10,20),(16,2):3.379310
(10,20),(15,2):0.000000
(10,20),(15,1):0.000000
(10,20),(17,1):0.000000
(10,20),(17,3):5.780468
(10,20),(27,3):0.000000
(10,20),(27,4):0.000000
(10,20),(30,4):0.000000
(10,20),(30,8):0.000000
(10,20),(33,8):0.000000
(10,20),(33,11):0.000000
(10,20),(35,11):0.000000
(10,20),(35,13):0.000000
(10,17),(13,17):48.400002
(10,17),(13,15):33.400002
(10,17),(19,15):45.775002
(10,17),(19,10):6.400000
(10,17),(14,10):0.000000
(10,17),(14,14):0.000000
(10,17),(12,14):0.000000
(10,17),(12,12):0.000000
(10,17),(11,12):0.000000
(10,17),(11,7):0.000000
(10,17),(16,7):0.000000
(10,17),(16,2):0.187500
(10,17),(15,2):0.000000
(10,17),(15,1):0.000000
(10,17),(17,1):0.000000
(10,17),(17,3):1.566667
(10,17),(27,3):0.000000
(10,17),(27,4):0.000000
(10,17),(30,4):0.000000
(10,17),(30,8):0.000000
(10,17),(33,8):0.000000
(10,17),(33,11):0.000000
(10,17),(35,11):0.000000
(10,17),(35,13):0.000000
(13,17),(13,15):51.571430
(13,17),(19,15):67.446426
(13,17),(19,10):14.071428
(13,17),(14,10):0.000000
(13,17),(14,14):0.000000
(13,17),(12,14):0.000000
(13,17),(12,12):0.000000
(13,17),(11,12):0.000000
(13,17),(11,7):0.000000
(13,17),(16,7):0.000000
(13,17),(16,2):2.666667
(13,17),(15,2):0.000000
(13,17),(15,1):0.000000
(13,17),(17,1):0.000000
(13,17),(17,3):5.376742
(13,17),(27,3):0.000000
(13,17),(27,4):0.000000
(13,17),(30,4):0.000000
(13,17),(30,8):0.000000
(13,17),(33,8):0.000000
(13,17),(33,11):0.000000
(13,17),(35,11):0.000000
(13,17),(35,13):0.000000
(13,15),(19,15):51.017857
(13,15),(19,10):13.142858
(13,15),(14,10):0.000000
(13,15),(14,14):0.000000
(13,15),(12,14):0.000000
(13,15),(12,12):0.000000
(13,15),(11,12):0.000000
(13,15),(11,7):0.000000
(13,15),(16,7):0.000000
(13,15),(16,2):1.687500
(13,15),(15,2):0.000000
(13,15),(15,1):0.000000
(13,15),(17,1):0.000000
(13,15),(17,3):4.299652
(13,15),(27,3):0.000000
(13,15),(27,4):0.000000
(13,15),(30,4):0.000000
(13,15),(30,8):0.000000
(13,15),(33,8):0.000000
(13,15),(33,11):0.000000
(13,15),(35,11):0.000000
(13,15),(35,13):0.000000
(19,15),(19,10):54.599998
(19,15),(14,10):21.600000
(19,15),(14,14):0.000000
(19,15),(12,14):0.000000
(19,15),(12,12):1.975000
(19,15),(11,12):8.079166
(19,15),(11,7):10.687500
(19,15),(16,7):26.100000
(19,15),(16,2):22.500000
(19,15),(15,2):0.000000
(19,15),(15,1):0.000000
(19,15),(17,1):0.000000
(19,15),(17,3):37.349998
(19,15),(27,3):8.400000
(19,15),(27,4):7.500000
(19,15),(30,4):3.712500
(19,15),(30,8):0.000000
(19,15),(33,8):0.000000
(19,15),(33,11):0.000000
(19,15),(35,11):0.000000
(19,15),(35,13):0.000000
(19,10),(14,10):52.866665
(19,10),(14,14):9.000000
(19,10),(12,14):8.250000
(19,10),(12,12):19.100000
(19,10),(11,12):28.811111
(19,10),(11,7):34.687500
(19,10),(16,7):64.128571
(19,10),(16,2):43.116070
(19,10),(15,2):0.758929
(19,10),(15,1):1.116071
(19,10),(17,1):9.366072
(19,10),(17,3):61.691071
(19,10),(27,3):22.854546
(19,10),(27,4):16.850000
(19,10),(30,4):8.550000
(19,10),(30,8):0.000000
(19,10),(33,8):0.000000
(19,10),(33,11):0.000000
(19,10),(35,11):0.000000
(19,10),(35,13):0.000000
(14,10),(14,14):18.500000
(14,10),(12,14):16.250000
(14,10),(12,12):29.100000
(14,10),(11,12):35.750000
(14,10),(11,7):42.599998
(14,10),(16,7):59.866665
(14,10),(16,2):25.000000
(14,10),(15,2):0.000000
(14,10),(15,1):0.000000
(14,10),(17,1):4.500000
(14,10),(17,3):40.991665
(14,10),(27,3):19.521212
(14,10),(27,4):13.712820
(14,10),(30,4):6.618182
(14,10),(30,8):0.007692
(14,10),(33,8):0.000000
(14,10),(33,11):0.000000
(14,10),(35,11):0.000000
(14,10),(35,13):0.000000
(14,14),(12,14):14.000000
(14,14),(12,12):18.500000
(14,14),(11,12):14.500000
(14,14),(11,7):18.100000
(14,14),(16,7):13.500000
(14,14),(16,2):0.000000
(14,14),(15,2):0.000000
(14,14),(15,1):0.000000
(14,14),(17,1):0.000000
(14,14),(17,3):0.000000
(14,14),(27,3):1.581818
(14,14),(27,4):0.000000
(14,14),(30,4):0.000000
(14,14),(30,8):0.000000
(14,14),(33,8):0.000000
(14,14),(33,11):0.000000
(14,14),(35,11):0.000000
(14,14),(35,13):0.000000
(12,14),(12,12):16.250000
(12,14),(11,12):12.250000
(12,14),(11,7):15.850000
(12,14),(16,7):11.250000
(12,14),(16,2):0.000000
(12,14),(15,2):0.000000
(12,14),(15,1):0.000000
(12,14),(17,1):0.000000
(12,14),(17,3):0.000000
(12,14),(27,3):1.583965
(12,14),(27,4):0.000000
(12,14),(30,4):0.000000
(12,14),(30,8):0.000000
(12,14),(33,8):0.000000
(12,14),(33,11):0.000000
(12,14),(35,11):0.000000
(12,14),(35,13):0.000000
(12,12),(11,12):23.500000
(12,12),(11,7):23.100000
(12,12),(16,7):24.100000
(12,12),(16,2):3.444444
(12,12),(15,2):0.000000
(12,12),(15,1):0.000000
(12,12),(17,1):1.225000
(12,12),(17,3):6.266667
(12,12),(27,3):8.254545
(12,12),(27,4):4.379762
(12,12),(30,4):2.201587
(12,12),(30,8):0.000000
(12,12),(33,8):0.000000
(12,12),(33,11):0.000000
(12,12),(35,11):0.000000
(12,12),(35,13):0.000000
(11,12),(11,7):21.750000
(11,12),(16,7):34.416668
(11,12),(16,2):7.083333
(11,12),(15,2):0.000000
(11,12),(15,1):0.000000
(11,12),(17,1):2.093750
(11,12),(17,3):16.500000
(11,12),(27,3):15.529546
(11,12),(27,4):9.964286
(11,12),(30,4):4.873626
(11,12),(30,8):0.000000
(11,12),(33,8):0.000000
(11,12),(33,11):0.000000
(11,12),(35,11):0.000000
(11,12),(35,13):0.000000
(11,7),(16,7):39.610577
(11,7),(16,2):19.187500
(11,7),(15,2):0.000000
(11,7),(15,1):0.000000
(11,7),(17,1):3.750000
(11,7),(17,3):20.812500
(11,7),(27,3):2.654546
(11,7),(27,4):0.000000
(11,7),(30,4):0.000000
(11,7),(30,8):0.000000
(11,7),(33,8):0.000000
(11,7),(33,11):0.000000
(11,7),(35,11):0.000000
(11,7),(35,13):0.000000
(16,7),(16,2):36.000000
(16,7),(15,2):1.000000
(16,7),(15,1):1.500000
(16,7),(17,1):9.750000
(16,7),(17,3):55.458332
(16,7),(27,3):27.487879
(16,7),(27,4):21.483334
(16,7),(30,4):9.750000
(16,7),(30,8):0.716667
(16,7),(33,8):0.000000
(16,7),(33,11):0.000000
(16,7),(35,11):0.000000
(16,7),(35,13):0.000000
(16,2),(15,2):2.000000
(16,2),(15,1):2.500000
(16,2),(17,1):10.000000
(16,2),(17,3):44.000000
(16,2),(27,3):9.914286
(16,2),(27,4):6.900000
(16,2),(30,4):4.250000
(16,2),(30,8):0.000000
(16,2),(33,8):0.000000
(16,2),(33,11):0.000000
(16,2),(35,11):0.000000
(16,2),(35,13):0.000000
(15,2),(15,1):2.000000
(15,2),(17,1):2.000000
(15,2),(17,3):1.500000
(15,2),(27,3):0.000000
(15,2),(27,4):0.000000
(15,2),(30,4):0.000000
(15,2),(30,8):0.000000
(15,2),(33,8):0.000000
(15,2),(33,11):0.000000
(15,2),(35,11):0.000000
(15,2),(35,13):0.000000
(15,1),(17,1):2.500000
(15,1),(17,3):2.000000
(15,1),(27,3):0.000000
(15,1),(27,4):0.000000
(15,1),(30,4):0.000000
(15,1),(30,8):0.000000
(15,1),(33,8):0.000000
(15,1),(33,11):0.000000
(15,1),(35,11):0.000000
(15,1),(35,13):0.000000
(17,1),(17,3):10.250000
(17,1),(27,3):4.214286
(17,1),(27,4):3.150000
(17,1),(30,4):1.687500
(17,1),(30,8):0.000000
(17,1),(33,8):0.000000
(17,1),(33,11):0.000000
(17,1),(35,11):0.000000
(17,1),(35,13):0.000000
(17,3),(27,3):31.722221
(17,3),(27,4):34.245453
(17,3),(30,4):21.845455
(17,3),(30,8):7.220455
(17,3),(33,8):0.000000
(17,3),(33,11):0.000000
(17,3),(35,11):0.000000
(17,3),(35,13):0.000000
(27,3),(27,4):29.600000
(27,3),(30,4):17.250000
(27,3),(30,8):1.625000
(27,3),(33,8):0.000000
(27,3),(33,11):0.000000
(27,3),(35,11):0.000000
(27,3),(35,13):0.000000
(27,4),(30,4):27.250000
(27,4),(30,8):24.458334
(27,4),(33,8):10.000000
(27,4),(33,11):15.333333
(27,4),(35,11):7.100000
(27,4),(35,13):9.125000
(30,4),(30,8):70.500000
(30,4),(33,8):57.714287
(30,4),(33,11):58.857143
(30,4),(35,11):48.975792
(30,4),(35,13):15.200000
(30,8),(33,8):105.814285
(30,8),(33,11):113.571426
(30,8),(35,11):84.400795
(30,8),(35,13):36.500000
(33,8),(33,11):106.971428
(33,8),(35,11):81.400795
(33,8),(35,13):34.900002
(33,11),(35,11):86.400795
(33,11),(35,13):42.500000
(35,11),(35,13):22.000000
