42
(16,4):(4,7)	(5,6)	(6,6)	(7,6)	(8,6)	(9,3)	(9,5)	(9,6)	(10,4)	(10,5)	(10,6)	(11,4)	(11,5)	(11,6)	(12,4)	(12,5)	(12,6)	(13,4)	(13,5)	(13,6)	(14,4)	(14,5)	(14,6)	(15,4)	(15,5)	(15,6)	(15,7)	(15,8)	(15,9)	(16,4)	(16,6)	(16,7)	(16,8)	(16,9)	(17,3)	(18,2)	(18,3)	(19,2)	(19,3)	(20,2)	(20,3)	(21,1)	(21,4)	
(16,6):(4,5)	(4,7)	(5,6)	(6,6)	(7,6)	(8,6)	(9,3)	(9,5)	(9,6)	(10,4)	(10,5)	(10,6)	(11,4)	(11,5)	(11,6)	(12,4)	(12,5)	(12,6)	(13,4)	(13,5)	(13,6)	(14,4)	(14,5)	(14,6)	(15,4)	(15,5)	(15,6)	(15,7)	(15,8)	(15,9)	(16,4)	(16,6)	(16,7)	(16,8)	(16,9)	(17,7)	(17,8)	(17,9)	(18,7)	(18,8)	(18,9)	(18,10)	(19,7)	(19,8)	(19,9)	(20,6)	
(20,6):(4,7)	(5,6)	(6,6)	(7,6)	(8,6)	(9,6)	(10,6)	(11,6)	(11,10)	(11,11)	(12,6)	(12,10)	(13,6)	(13,9)	(13,10)	(14,6)	(14,9)	(15,6)	(15,7)	(15,8)	(15,9)	(16,6)	(16,7)	(16,8)	(16,9)	(17,7)	(17,8)	(17,9)	(18,7)	(18,8)	(18,9)	(19,7)	(19,8)	(19,9)	(19,11)	(20,6)	(20,11)	
(20,11):(18,7)	(19,7)	(19,8)	(19,9)	(19,11)	(20,6)	(20,11)	
(19,11):(19,7)	(19,8)	(19,9)	(19,11)	(20,6)	(20,11)	
(19,9):(9,3)	(10,4)	(10,8)	(11,4)	(11,5)	(11,9)	(12,4)	(12,5)	(12,9)	(13,4)	(13,5)	(13,6)	(13,9)	(14,4)	(14,5)	(14,6)	(14,9)	(15,5)	(15,6)	(15,7)	(15,8)	(15,9)	(16,6)	(16,7)	(16,8)	(16,9)	(17,7)	(17,8)	(17,9)	(18,7)	(18,8)	(18,9)	(19,7)	(19,8)	(19,9)	(19,11)	(20,6)	(20,11)	
(18,9):(9,3)	(10,8)	(11,4)	(11,9)	(11,10)	(12,4)	(12,5)	(12,9)	(12,10)	(13,4)	(13,5)	(13,9)	(13,10)	(14,4)	(14,5)	(14,6)	(14,9)	(15,5)	(15,6)	(15,7)	(15,8)	(15,9)	(16,6)	(16,7)	(16,8)	(16,9)	(17,7)	(17,8)	(17,9)	(18,7)	(18,8)	(18,9)	(18,10)	(19,7)	(19,8)	(19,9)	(20,6)	
(18,10):(10,8)	(11,9)	(11,10)	(12,4)	(12,9)	(12,10)	(13,4)	(13,5)	(13,9)	(13,10)	(14,4)	(14,5)	(14,6)	(14,9)	(15,4)	(15,5)	(15,6)	(15,7)	(15,8)	(15,9)	(16,6)	(16,7)	(16,8)	(16,9)	(17,7)	(17,8)	(17,9)	(18,7)	(18,8)	(18,9)	(18,10)	
(13,10):(6,17)	(7,14)	(7,15)	(7,16)	(8,14)	(8,15)	(9,13)	(9,14)	(10,8)	(10,12)	(10,13)	(10,14)	(11,9)	(11,10)	(11,11)	(11,12)	(11,13)	(11,14)	(11,15)	(11,16)	(12,9)	(12,10)	(12,11)	(12,12)	(12,13)	(12,14)	(13,9)	(13,10)	(13,14)	(14,9)	(15,8)	(15,9)	(16,7)	(16,8)	(16,9)	(17,7)	(17,8)	(17,9)	(18,7)	(18,8)	(18,9)	(18,10)	(19,7)	(19,8)	(20,6)	
(13,14):(6,13)	(7,12)	(7,13)	(7,14)	(8,13)	(8,14)	(9,13)	(9,14)	(10,8)	(10,12)	(10,13)	(10,14)	(11,9)	(11,10)	(11,11)	(11,12)	(11,13)	(11,14)	(12,9)	(12,10)	(12,11)	(12,12)	(12,13)	(12,14)	(13,9)	(13,10)	(13,14)	
(12,14):(6,13)	(7,12)	(7,13)	(7,14)	(7,15)	(8,13)	(8,14)	(8,15)	(9,13)	(9,14)	(10,8)	(10,12)	(10,13)	(10,14)	(11,9)	(11,10)	(11,11)	(11,12)	(11,13)	(11,14)	(11,15)	(11,16)	(12,9)	(12,10)	(12,11)	(12,12)	(12,13)	(12,14)	(12,16)	(13,9)	(13,10)	(13,14)	
(12,16):(9,13)	(10,8)	(10,12)	(10,13)	(10,14)	(11,9)	(11,10)	(11,11)	(11,12)	(11,13)	(11,14)	(11,15)	(11,16)	(12,9)	(12,10)	(12,11)	(12,12)	(12,13)	(12,14)	(12,16)	
(11,16):(11,9)	(11,10)	(11,11)	(11,12)	(11,13)	(11,14)	(11,15)	(11,16)	(12,9)	(12,10)	(12,11)	(12,12)	(12,13)	(12,14)	(12,16)	(13,9)	(13,10)	
(11,15):(6,13)	(7,12)	(7,13)	(7,14)	(7,15)	(8,13)	(8,14)	(8,15)	(9,13)	(9,14)	(10,8)	(10,12)	(10,13)	(10,14)	(11,9)	(11,10)	(11,11)	(11,12)	(11,13)	(11,14)	(11,15)	(11,16)	(12,9)	(12,10)	(12,11)	(12,12)	(12,13)	(12,14)	(12,16)	(13,9)	(13,10)	
(8,15):(5,18)	(5,21)	(6,13)	(6,17)	(6,18)	(6,19)	(6,20)	(7,12)	(7,13)	(7,14)	(7,15)	(7,16)	(7,17)	(7,18)	(7,19)	(7,20)	(8,13)	(8,14)	(8,15)	(8,21)	(9,13)	(9,14)	(10,12)	(10,13)	(10,14)	(11,11)	(11,12)	(11,13)	(11,14)	(11,15)	(12,9)	(12,10)	(12,11)	(12,12)	(12,13)	(12,14)	(13,9)	(13,10)	(14,9)	(15,8)	
(8,21):(5,18)	(5,21)	(6,13)	(6,17)	(6,18)	(6,19)	(6,20)	(7,12)	(7,13)	(7,14)	(7,15)	(7,16)	(7,17)	(7,18)	(7,19)	(7,20)	(8,13)	(8,14)	(8,15)	(8,21)	
(5,21):(5,18)	(5,21)	(6,17)	(6,18)	(6,19)	(6,20)	(7,13)	(7,14)	(7,15)	(7,16)	(7,17)	(7,18)	(7,19)	(7,20)	(8,13)	(8,14)	(8,15)	(8,21)	(9,13)	
(5,18):(2,17)	(3,18)	(5,18)	(5,21)	(6,17)	(6,18)	(6,19)	(6,20)	(7,16)	(7,17)	(7,18)	(7,19)	(7,20)	(8,15)	(8,21)	
(3,18):(1,20)	(2,17)	(2,19)	(3,18)	(3,20)	(5,18)	(6,17)	(6,18)	(7,17)	(7,18)	
(3,20):(1,19)	(1,20)	(2,17)	(2,19)	(3,18)	(3,20)	
(1,20):(1,19)	(1,20)	(2,19)	(3,18)	(3,20)	
(1,19):(1,19)	(1,20)	(2,19)	(3,20)	
(2,19):(1,19)	(1,20)	(2,17)	(2,19)	(3,18)	(3,20)	
(2,17):(2,17)	(2,19)	(3,18)	(3,20)	(5,18)	(6,17)	(6,18)	(7,17)	(7,18)	
(6,17):(2,17)	(3,18)	(5,18)	(5,21)	(6,13)	(6,17)	(6,18)	(6,19)	(6,20)	(7,13)	(7,14)	(7,15)	(7,16)	(7,17)	(7,18)	(7,19)	(7,20)	(8,13)	(8,14)	(8,15)	(8,21)	(9,13)	(9,14)	(10,12)	(10,13)	(11,11)	(11,12)	(12,10)	(12,11)	(13,9)	(13,10)	(14,9)	(15,8)	
(6,13):(6,13)	(6,17)	(6,18)	(6,19)	(6,20)	(7,13)	(7,14)	(7,15)	(7,16)	(7,17)	(7,18)	(7,19)	(7,20)	(8,13)	(8,14)	(8,15)	(8,21)	(9,13)	(9,14)	(10,13)	(10,14)	(11,13)	(11,14)	(11,15)	(12,13)	(12,14)	(13,14)	
(7,13):(5,21)	(6,13)	(6,17)	(6,18)	(6,19)	(6,20)	(7,12)	(7,13)	(7,14)	(7,15)	(7,16)	(7,17)	(7,18)	(7,19)	(7,20)	(8,13)	(8,14)	(8,15)	(8,21)	(9,13)	(9,14)	(10,12)	(10,13)	(10,14)	(11,12)	(11,13)	(11,14)	(11,15)	(12,12)	(12,13)	(12,14)	(13,14)	
(7,12):(7,12)	(7,13)	(7,14)	(7,15)	(7,16)	(7,17)	(7,18)	(7,19)	(7,20)	(8,13)	(8,14)	(8,15)	(8,21)	(9,13)	(9,14)	(10,12)	(10,13)	(10,14)	(11,12)	(11,13)	(11,14)	(11,15)	(12,12)	(12,13)	(12,14)	(13,14)	
(10,12):(6,17)	(6,18)	(7,12)	(7,13)	(7,14)	(7,15)	(7,16)	(8,13)	(8,14)	(8,15)	(9,13)	(9,14)	(10,8)	(10,12)	(10,13)	(10,14)	(11,9)	(11,10)	(11,11)	(11,12)	(11,13)	(11,14)	(11,15)	(12,9)	(12,10)	(12,11)	(12,12)	(12,13)	(12,14)	(12,16)	(13,9)	(13,10)	(13,14)	(14,9)	(15,8)	(16,8)	(17,7)	
(10,8):(10,8)	(10,12)	(10,13)	(10,14)	(11,9)	(11,10)	(11,11)	(11,12)	(11,13)	(11,14)	(11,15)	(12,9)	(12,10)	(12,11)	(12,12)	(12,13)	(12,14)	(12,16)	(13,9)	(13,10)	(13,14)	(14,9)	(15,8)	(15,9)	(16,8)	(16,9)	(17,8)	(17,9)	(18,8)	(18,9)	(18,10)	(19,8)	(19,9)	
(15,8):(6,17)	(7,15)	(7,16)	(8,14)	(8,15)	(9,13)	(9,14)	(10,8)	(10,12)	(10,13)	(11,9)	(11,10)	(11,11)	(11,12)	(12,9)	(12,10)	(12,11)	(13,9)	(13,10)	(14,9)	(15,4)	(15,5)	(15,6)	(15,7)	(15,8)	(15,9)	(16,4)	(16,6)	(16,7)	(16,8)	(16,9)	(17,7)	(17,8)	(17,9)	(18,7)	(18,8)	(18,9)	(18,10)	(19,7)	(19,8)	(19,9)	(20,6)	
(15,7):(4,5)	(4,7)	(5,6)	(6,6)	(7,6)	(8,6)	(9,3)	(9,5)	(9,6)	(10,4)	(10,5)	(10,6)	(11,4)	(11,5)	(11,6)	(12,4)	(12,5)	(12,6)	(13,4)	(13,5)	(13,6)	(14,4)	(14,5)	(14,6)	(15,4)	(15,5)	(15,6)	(15,7)	(15,8)	(15,9)	(16,4)	(16,6)	(16,7)	(16,8)	(16,9)	(17,7)	(17,8)	(17,9)	(18,7)	(18,8)	(18,9)	(18,10)	(19,7)	(19,8)	(19,9)	(20,6)	
(4,7):(4,5)	(4,7)	(5,6)	(6,6)	(7,6)	(8,6)	(9,5)	(9,6)	(10,5)	(10,6)	(11,5)	(11,6)	(12,4)	(12,5)	(12,6)	(13,4)	(13,5)	(13,6)	(14,4)	(14,5)	(14,6)	(15,4)	(15,5)	(15,6)	(15,7)	(16,4)	(16,6)	(16,7)	(17,3)	(17,7)	(18,3)	(18,7)	(19,3)	(19,7)	(20,3)	(20,6)	
(4,5):(4,5)	(4,7)	(5,6)	(6,6)	(7,6)	(8,6)	(9,5)	(9,6)	(10,5)	(10,6)	(11,5)	(11,6)	(12,5)	(12,6)	(13,5)	(13,6)	(14,5)	(14,6)	(15,5)	(15,6)	(15,7)	(16,6)	(16,7)	(17,7)	(18,7)	(19,7)	
(9,5):(4,5)	(4,7)	(5,6)	(6,6)	(7,6)	(8,6)	(9,3)	(9,5)	(9,6)	(10,4)	(10,5)	(10,6)	(11,4)	(11,5)	(11,6)	(12,4)	(12,5)	(12,6)	(13,4)	(13,5)	(13,6)	(14,4)	(14,5)	(14,6)	(15,4)	(15,5)	(15,6)	(15,7)	(16,4)	(16,6)	(16,7)	(17,3)	(17,7)	(18,3)	(18,7)	(18,8)	(19,3)	(19,7)	(19,8)	(20,3)	
(9,3):(9,3)	(9,5)	(9,6)	(10,4)	(10,5)	(10,6)	(11,4)	(11,5)	(11,6)	(12,4)	(12,5)	(12,6)	(13,4)	(13,5)	(13,6)	(14,4)	(14,5)	(14,6)	(15,4)	(15,5)	(15,6)	(15,7)	(16,4)	(16,6)	(16,7)	(17,3)	(17,7)	(17,8)	(18,3)	(18,7)	(18,8)	(18,9)	(19,3)	(19,8)	(19,9)	(20,3)	(21,4)	
(17,3):(4,7)	(5,6)	(6,6)	(7,6)	(8,6)	(9,3)	(9,5)	(9,6)	(10,4)	(10,5)	(10,6)	(11,4)	(11,5)	(11,6)	(12,4)	(12,5)	(12,6)	(13,4)	(13,5)	(13,6)	(14,4)	(14,5)	(14,6)	(15,4)	(15,5)	(16,4)	(17,2)	(17,3)	(18,2)	(18,3)	(19,2)	(19,3)	(20,2)	(20,3)	(21,1)	(21,4)	
(17,2):(14,1)	(14,2)	(17,2)	(17,3)	(18,2)	(18,3)	(19,2)	(19,3)	(20,2)	(20,3)	(21,1)	(21,4)	
(14,2):(14,1)	(14,2)	(17,2)	(18,2)	(19,2)	(20,2)	(21,1)	
(14,1):(14,1)	(14,2)	(17,2)	(18,2)	(19,2)	(20,2)	(20,3)	(21,1)	
(21,1):(11,6)	(12,6)	(13,5)	(14,1)	(14,2)	(14,5)	(15,4)	(16,4)	(17,2)	(17,3)	(18,2)	(18,3)	(19,2)	(19,3)	(20,2)	(20,3)	(21,1)	(21,4)	
(21,4):(9,3)	(10,4)	(11,4)	(12,4)	(13,4)	(14,4)	(15,4)	(16,4)	(17,2)	(17,3)	(18,2)	(18,3)	(19,2)	(19,3)	(20,2)	(20,3)	(21,1)	(21,4)	
(16,4):50.714287
(16,6):56.500000
(20,6):38.238094
(20,11):7.250000
(19,11):5.000000
(19,9):35.500000
(18,9):40.900002
(18,10):30.750000
(13,10):48.766666
(13,14):25.000000
(12,14):33.000000
(12,16):16.500000
(11,16):13.666667
(11,15):32.299999
(8,15):43.041668
(8,21):21.500000
(5,21):21.125000
(5,18):17.000000
(3,18):9.166667
(3,20):4.000000
(1,20):2.500000
(1,19):2.000000
(2,19):4.500000
(2,17):9.500000
(6,17):34.141666
(6,13):25.200001
(7,13):34.750000
(7,12):23.375000
(10,12):41.291668
(10,8):32.984127
(15,8):41.349998
(15,7):55.416668
(4,7):41.336540
(4,5):29.606060
(9,5):50.238094
(9,3):40.871429
(17,3):43.375000
(17,2):15.000000
(14,2):7.000000
(14,1):9.666667
(21,1):20.500000
(21,4):21.000000
(16,4),(16,6):39.714287
(16,4),(20,6):15.500000
(16,4),(20,11):0.000000
(16,4),(19,11):0.000000
(16,4),(19,9):16.625000
(16,4),(18,9):16.500000
(16,4),(18,10):13.250000
(16,4),(13,10):3.000000
(16,4),(13,14):0.000000
(16,4),(12,14):0.000000
(16,4),(12,16):0.000000
(16,4),(11,16):0.000000
(16,4),(11,15):0.000000
(16,4),(8,15):0.000000
(16,4),(8,21):0.000000
(16,4),(5,21):0.000000
(16,4),(5,18):0.000000
(16,4),(3,18):0.000000
(16,4),(3,20):0.000000
(16,4),(1,20):0.000000
(16,4),(1,19):0.000000
(16,4),(2,19):0.000000
(16,4),(2,17):0.000000
(16,4),(6,17):0.000000
(16,4),(6,13):0.000000
(16,4),(7,13):0.000000
(16,4),(7,12):0.000000
(16,4),(10,12):0.800000
(16,4),(10,8):2.500000
(16,4),(15,8):7.625000
(16,4),(15,7):39.380951
(16,4),(4,7):35.550823
(16,4),(4,5):22.305195
(16,4),(9,5):41.595238
(16,4),(9,3):33.333332
(16,4),(17,3):41.375000
(16,4),(17,2):10.000000
(16,4),(14,2):2.500000
(16,4),(14,1):5.041667
(16,4),(21,1):15.500000
(16,4),(21,4):18.000000
(16,6),(20,6):30.166666
(16,6),(20,11):5.750000
(16,6),(19,11):3.500000
(16,6),(19,9):29.250000
(16,6),(18,9):31.000000
(16,6),(18,10):21.750000
(16,6),(13,10):16.600000
(16,6),(13,14):0.000000
(16,6),(12,14):0.000000
(16,6),(12,16):0.000000
(16,6),(11,16):0.000000
(16,6),(11,15):0.000000
(16,6),(8,15):0.000000
(16,6),(8,21):0.000000
(16,6),(5,21):0.000000
(16,6),(5,18):0.000000
(16,6),(3,18):0.000000
(16,6),(3,20):0.000000
(16,6),(1,20):0.000000
(16,6),(1,19):0.000000
(16,6),(2,19):0.000000
(16,6),(2,17):0.000000
(16,6),(6,17):0.000000
(16,6),(6,13):0.000000
(16,6),(7,13):0.000000
(16,6),(7,12):0.000000
(16,6),(10,12):3.000000
(16,6),(10,8):9.055555
(16,6),(15,8):22.125000
(16,6),(15,7):55.250000
(16,6),(4,7):37.000000
(16,6),(4,5):29.606060
(16,6),(9,5):45.023811
(16,6),(9,3):35.871429
(16,6),(17,3):30.375000
(16,6),(17,2):0.000000
(16,6),(14,2):0.000000
(16,6),(14,1):0.000000
(16,6),(21,1):4.750000
(16,6),(21,4):7.000000
(20,6),(20,11):7.250000
(20,6),(19,11):5.000000
(20,6),(19,9):19.250000
(20,6),(18,9):24.316668
(20,6),(18,10):17.166666
(20,6),(13,10):22.838095
(20,6),(13,14):4.371428
(20,6),(12,14):4.571429
(20,6),(12,16):3.085714
(20,6),(11,16):3.019780
(20,6),(11,15):4.714286
(20,6),(8,15):3.797203
(20,6),(8,21):0.000000
(20,6),(5,21):0.000000
(20,6),(5,18):0.000000
(20,6),(3,18):0.000000
(20,6),(3,20):0.000000
(20,6),(1,20):0.000000
(20,6),(1,19):0.000000
(20,6),(2,19):0.000000
(20,6),(2,17):0.000000
(20,6),(6,17):3.278638
(20,6),(6,13):0.000000
(20,6),(7,13):0.000000
(20,6),(7,12):0.000000
(20,6),(10,12):9.071428
(20,6),(10,8):15.293651
(20,6),(15,8):25.363094
(20,6),(15,7):28.916666
(20,6),(4,7):16.000000
(20,6),(4,5):17.606060
(20,6),(9,5):19.023809
(20,6),(9,3):14.871428
(20,6),(17,3):9.375000
(20,6),(17,2):0.000000
(20,6),(14,2):0.000000
(20,6),(14,1):0.000000
(20,6),(21,1):1.833333
(20,6),(21,4):0.000000
(20,11),(19,11):5.000000
(20,11),(19,9):7.250000
(20,11),(18,9):5.250000
(20,11),(18,10):0.250000
(20,11),(13,10):4.940909
(20,11),(13,14):0.000000
(20,11),(12,14):0.000000
(20,11),(12,16):0.000000
(20,11),(11,16):0.000000
(20,11),(11,15):0.000000
(20,11),(8,15):0.000000
(20,11),(8,21):0.000000
(20,11),(5,21):0.000000
(20,11),(5,18):0.000000
(20,11),(3,18):0.000000
(20,11),(3,20):0.000000
(20,11),(1,20):0.000000
(20,11),(1,19):0.000000
(20,11),(2,19):0.000000
(20,11),(2,17):0.000000
(20,11),(6,17):0.000000
(20,11),(6,13):0.000000
(20,11),(7,13):0.000000
(20,11),(7,12):0.000000
(20,11),(10,12):0.562500
(20,11),(10,8):1.305556
(20,11),(15,8):5.375000
(20,11),(15,7):5.500000
(20,11),(4,7):2.250000
(20,11),(4,5):3.053887
(20,11),(9,5):3.646886
(20,11),(9,3):2.735065
(20,11),(17,3):0.000000
(20,11),(17,2):0.000000
(20,11),(14,2):0.000000
(20,11),(14,1):0.000000
(20,11),(21,1):0.000000
(20,11),(21,4):0.000000
(19,11),(19,9):5.000000
(19,11),(18,9):3.000000
(19,11),(18,10):0.000000
(19,11),(13,10):2.700000
(19,11),(13,14):0.000000
(19,11),(12,14):0.000000
(19,11),(12,16):0.000000
(19,11),(11,16):0.000000
(19,11),(11,15):0.000000
(19,11),(8,15):0.000000
(19,11),(8,21):0.000000
(19,11),(5,21):0.000000
(19,11),(5,18):0.000000
(19,11),(3,18):0.000000
(19,11),(3,20):0.000000
(19,11),(1,20):0.000000
(19,11),(1,19):0.000000
(19,11),(2,19):0.000000
(19,11),(2,17):0.000000
(19,11),(6,17):0.000000
(19,11),(6,13):0.000000
(19,11),(7,13):0.000000
(19,11),(7,12):0.000000
(19,11),(10,12):0.000000
(19,11),(10,8):1.055556
(19,11),(15,8):3.125000
(19,11),(15,7):3.250000
(19,11),(4,7):1.000000
(19,11),(4,5):1.526515
(19,11),(9,5):2.000000
(19,11),(9,3):1.800000
(19,11),(17,3):0.000000
(19,11),(17,2):0.000000
(19,11),(14,2):0.000000
(19,11),(14,1):0.000000
(19,11),(21,1):0.000000
(19,11),(21,4):0.000000
(19,9),(18,9):30.500000
(19,9),(18,10):20.500000
(19,9),(13,10):17.600000
(19,9),(13,14):3.000000
(19,9),(12,14):3.375000
(19,9),(12,16):2.000000
(19,9),(11,16):2.500000
(19,9),(11,15):3.600000
(19,9),(8,15):2.166667
(19,9),(8,21):0.000000
(19,9),(5,21):0.000000
(19,9),(5,18):0.000000
(19,9),(3,18):0.000000
(19,9),(3,20):0.000000
(19,9),(1,20):0.000000
(19,9),(1,19):0.000000
(19,9),(2,19):0.000000
(19,9),(2,17):0.000000
(19,9),(6,17):1.700000
(19,9),(6,13):0.000000
(19,9),(7,13):0.000000
(19,9),(7,12):0.000000
(19,9),(10,12):7.750000
(19,9),(10,8):10.055555
(19,9),(15,8):20.625000
(19,9),(15,7):28.750000
(19,9),(4,7):14.198413
(19,9),(4,5):11.106061
(19,9),(9,5):21.523809
(19,9),(9,3):22.371429
(19,9),(17,3):11.666667
(19,9),(17,2):0.000000
(19,9),(14,2):0.000000
(19,9),(14,1):0.000000
(19,9),(21,1):1.598485
(19,9),(21,4):4.500000
(18,9),(18,10):30.000000
(18,9),(13,10):26.500000
(18,9),(13,14):6.900000
(18,9),(12,14):7.400000
(18,9),(12,16):4.800000
(18,9),(11,16):5.066667
(18,9),(11,15):7.700000
(18,9),(8,15):4.320513
(18,9),(8,21):0.000000
(18,9),(5,21):0.000000
(18,9),(5,18):0.000000
(18,9),(3,18):0.000000
(18,9),(3,20):0.000000
(18,9),(1,20):0.000000
(18,9),(1,19):0.000000
(18,9),(2,19):0.000000
(18,9),(2,17):0.000000
(18,9),(6,17):3.433333
(18,9),(6,13):0.000000
(18,9),(7,13):0.000000
(18,9),(7,12):0.000000
(18,9),(10,12):12.400000
(18,9),(10,8):18.900000
(18,9),(15,8):29.650000
(18,9),(15,7):30.000000
(18,9),(4,7):13.875000
(18,9),(4,5):10.272727
(18,9),(9,5):20.023809
(18,9),(9,3):20.571428
(18,9),(17,3):10.100000
(18,9),(17,2):0.000000
(18,9),(14,2):0.000000
(18,9),(14,1):0.000000
(18,9),(21,1):1.523340
(18,9),(21,4):4.583333
(18,10),(13,10):20.000000
(18,10),(13,14):6.000000
(18,10),(12,14):6.500000
(18,10),(12,16):4.000000
(18,10),(11,16):4.666667
(18,10),(11,15):6.800000
(18,10),(8,15):4.000000
(18,10),(8,21):0.000000
(18,10),(5,21):0.000000
(18,10),(5,18):0.000000
(18,10),(3,18):0.000000
(18,10),(3,20):0.000000
(18,10),(1,20):0.000000
(18,10),(1,19):0.000000
(18,10),(2,19):0.000000
(18,10),(2,17):0.000000
(18,10),(6,17):3.200000
(18,10),(6,13):0.000000
(18,10),(7,13):0.000000
(18,10),(7,12):0.000000
(18,10),(10,12):11.166667
(18,10),(10,8):16.000000
(18,10),(15,8):23.000000
(18,10),(15,7):20.750000
(18,10),(4,7):10.464286
(18,10),(4,5):6.401515
(18,10),(9,5):12.964286
(18,10),(9,3):13.892858
(18,10),(17,3):6.916667
(18,10),(17,2):0.000000
(18,10),(14,2):0.000000
(18,10),(14,1):0.000000
(18,10),(21,1):1.269231
(18,10),(21,4):3.250000
(13,10),(13,14):21.000000
(13,10),(12,14):28.166666
(13,10),(12,16):15.200000
(13,10),(11,16):13.166667
(13,10),(11,15):27.466667
(13,10),(8,15):25.083334
(13,10),(8,21):4.000000
(13,10),(5,21):4.225000
(13,10),(5,18):0.000000
(13,10),(3,18):0.000000
(13,10),(3,20):0.000000
(13,10),(1,20):0.000000
(13,10),(1,19):0.000000
(13,10),(2,19):0.000000
(13,10),(2,17):0.000000
(13,10),(6,17):12.766666
(13,10),(6,13):12.893939
(13,10),(7,13):18.166666
(13,10),(7,12):14.552631
(13,10),(10,12):34.500000
(13,10),(10,8):32.028572
(13,10),(15,8):35.700001
(13,10),(15,7):15.600000
(13,10),(4,7):3.500000
(13,10),(4,5):5.067599
(13,10),(9,5):6.457143
(13,10),(9,3):6.621428
(13,10),(17,3):0.000000
(13,10),(17,2):0.000000
(13,10),(14,2):0.000000
(13,10),(14,1):0.000000
(13,10),(21,1):0.000000
(13,10),(21,4):0.000000
(13,14),(12,14):25.000000
(13,14),(12,16):14.000000
(13,14),(11,16):11.000000
(13,14),(11,15):24.500000
(13,14),(8,15):19.541666
(13,14),(8,21):3.000000
(13,14),(5,21):4.000000
(13,14),(5,18):0.000000
(13,14),(3,18):0.000000
(13,14),(3,20):0.000000
(13,14),(1,20):0.000000
(13,14),(1,19):0.000000
(13,14),(2,19):0.000000
(13,14),(2,17):0.000000
(13,14),(6,17):10.500000
(13,14),(6,13):7.000000
(13,14),(7,13):14.500000
(13,14),(7,12):12.000000
(13,14),(10,12):24.833334
(13,14),(10,8):18.000000
(13,14),(15,8):12.500000
(13,14),(15,7):0.000000
(13,14),(4,7):0.000000
(13,14),(4,5):0.000000
(13,14),(9,5):0.000000
(13,14),(9,3):0.000000
(13,14),(17,3):0.000000
(13,14),(17,2):0.000000
(13,14),(14,2):0.000000
(13,14),(14,1):0.000000
(13,14),(21,1):0.000000
(13,14),(21,4):0.000000
(12,14),(12,16):16.500000
(12,14),(11,16):13.500000
(12,14),(11,15):32.000000
(12,14),(8,15):26.541666
(12,14),(8,21):5.500000
(12,14),(5,21):5.925000
(12,14),(5,18):0.000000
(12,14),(3,18):0.000000
(12,14),(3,20):0.000000
(12,14),(1,20):0.000000
(12,14),(1,19):0.000000
(12,14),(2,19):0.000000
(12,14),(2,17):0.000000
(12,14),(6,17):13.975000
(12,14),(6,13):13.700000
(12,14),(7,13):21.250000
(12,14),(7,12):17.500000
(12,14),(10,12):32.666668
(12,14),(10,8):21.428572
(12,14),(15,8):15.100000
(12,14),(15,7):0.000000
(12,14),(4,7):0.000000
(12,14),(4,5):0.000000
(12,14),(9,5):0.000000
(12,14),(9,3):0.000000
(12,14),(17,3):0.000000
(12,14),(17,2):0.000000
(12,14),(14,2):0.000000
(12,14),(14,1):0.000000
(12,14),(21,1):0.000000
(12,14),(21,4):0.000000
(12,16),(11,16):8.000000
(12,16),(11,15):16.500000
(12,16),(8,15):10.500000
(12,16),(8,21):0.000000
(12,16),(5,21):0.750000
(12,16),(5,18):0.000000
(12,16),(3,18):0.000000
(12,16),(3,20):0.000000
(12,16),(1,20):0.000000
(12,16),(1,19):0.000000
(12,16),(2,19):0.000000
(12,16),(2,17):0.000000
(12,16),(6,17):4.250000
(12,16),(6,13):4.200000
(12,16),(7,13):8.416667
(12,16),(7,12):7.875000
(12,16),(10,12):16.333334
(12,16),(10,8):14.428572
(12,16),(15,8):8.861111
(12,16),(15,7):0.000000
(12,16),(4,7):0.000000
(12,16),(4,5):0.000000
(12,16),(9,5):0.000000
(12,16),(9,3):0.000000
(12,16),(17,3):0.000000
(12,16),(17,2):0.000000
(12,16),(14,2):0.000000
(12,16),(14,1):0.000000
(12,16),(21,1):0.000000
(12,16),(21,4):0.000000
(11,16),(11,15):13.666667
(11,16),(8,15):10.583333
(11,16),(8,21):0.000000
(11,16),(5,21):0.000000
(11,16),(5,18):0.000000
(11,16),(3,18):0.000000
(11,16),(3,20):0.000000
(11,16),(1,20):0.000000
(11,16),(1,19):0.000000
(11,16),(2,19):0.000000
(11,16),(2,17):0.000000
(11,16),(6,17):3.641667
(11,16),(6,13):2.450000
(11,16),(7,13):5.583333
(11,16),(7,12):4.375000
(11,16),(10,12):13.500000
(11,16),(10,8):13.595238
(11,16),(15,8):6.666667
(11,16),(15,7):0.000000
(11,16),(4,7):0.000000
(11,16),(4,5):0.000000
(11,16),(9,5):0.000000
(11,16),(9,3):0.000000
(11,16),(17,3):0.000000
(11,16),(17,2):0.000000
(11,16),(14,2):0.000000
(11,16),(14,1):0.000000
(11,16),(21,1):0.000000
(11,16),(21,4):0.000000
(11,15),(8,15):25.966667
(11,15),(8,21):5.000000
(11,15),(5,21):5.625000
(11,15),(5,18):0.000000
(11,15),(3,18):0.000000
(11,15),(3,20):0.000000
(11,15),(1,20):0.000000
(11,15),(1,19):0.000000
(11,15),(2,19):0.000000
(11,15),(2,17):0.000000
(11,15),(6,17):13.775000
(11,15),(6,13):12.700000
(11,15),(7,13):20.250000
(11,15),(7,12):16.875000
(11,15),(10,12):31.966667
(11,15),(10,8):21.228571
(11,15),(15,8):14.925000
(11,15),(15,7):0.000000
(11,15),(4,7):0.000000
(11,15),(4,5):0.000000
(11,15),(9,5):0.000000
(11,15),(9,3):0.000000
(11,15),(17,3):0.000000
(11,15),(17,2):0.000000
(11,15),(14,2):0.000000
(11,15),(14,1):0.000000
(11,15),(21,1):0.000000
(11,15),(21,4):0.000000
(8,15),(8,21):20.500000
(8,15),(5,21):20.625000
(8,15),(5,18):13.500000
(8,15),(3,18):3.166667
(8,15),(3,20):0.000000
(8,15),(1,20):0.000000
(8,15),(1,19):0.000000
(8,15),(2,19):0.000000
(8,15),(2,17):4.000000
(8,15),(6,17):30.475000
(8,15),(6,13):24.875000
(8,15),(7,13):34.375000
(8,15),(7,12):22.875000
(8,15),(10,12):31.500000
(8,15),(10,8):16.541666
(8,15),(15,8):12.766666
(8,15),(15,7):0.000000
(8,15),(4,7):0.000000
(8,15),(4,5):0.000000
(8,15),(9,5):0.000000
(8,15),(9,3):0.000000
(8,15),(17,3):0.000000
(8,15),(17,2):0.000000
(8,15),(14,2):0.000000
(8,15),(14,1):0.000000
(8,15),(21,1):0.000000
(8,15),(21,4):0.000000
(8,21),(5,21):18.875000
(8,21),(5,18):14.500000
(8,21),(3,18):4.166667
(8,21),(3,20):0.000000
(8,21),(1,20):0.000000
(8,21),(1,19):0.000000
(8,21),(2,19):0.000000
(8,21),(2,17):5.000000
(8,21),(6,17):21.375000
(8,21),(6,13):16.000000
(8,21),(7,13):19.000000
(8,21),(7,12):9.000000
(8,21),(10,12):8.958333
(8,21),(10,8):0.000000
(8,21),(15,8):3.200000
(8,21),(15,7):0.000000
(8,21),(4,7):0.000000
(8,21),(4,5):0.000000
(8,21),(9,5):0.000000
(8,21),(9,3):0.000000
(8,21),(17,3):0.000000
(8,21),(17,2):0.000000
(8,21),(14,2):0.000000
(8,21),(14,1):0.000000
(8,21),(21,1):0.000000
(8,21),(21,4):0.000000
(5,21),(5,18):14.000000
(5,21),(3,18):3.666667
(5,21),(3,20):0.000000
(5,21),(1,20):0.000000
(5,21),(1,19):0.000000
(5,21),(2,19):0.000000
(5,21),(2,17):4.500000
(5,21),(6,17):21.125000
(5,21),(6,13):15.000000
(5,21),(7,13):19.125000
(5,21),(7,12):11.125000
(5,21),(10,12):9.250000
(5,21),(10,8):0.000000
(5,21),(15,8):3.510417
(5,21),(15,7):0.000000
(5,21),(4,7):0.000000
(5,21),(4,5):0.000000
(5,21),(9,5):0.000000
(5,21),(9,3):0.000000
(5,21),(17,3):0.000000
(5,21),(17,2):0.000000
(5,21),(14,2):0.000000
(5,21),(14,1):0.000000
(5,21),(21,1):0.000000
(5,21),(21,4):0.000000
(5,18),(3,18):6.666667
(5,18),(3,20):1.000000
(5,18),(1,20):0.000000
(5,18),(1,19):0.000000
(5,18),(2,19):1.500000
(5,18),(2,17):7.500000
(5,18),(6,17):17.000000
(5,18),(6,13):10.000000
(5,18),(7,13):12.000000
(5,18),(7,12):5.500000
(5,18),(10,12):2.125000
(5,18),(10,8):0.000000
(5,18),(15,8):0.000000
(5,18),(15,7):0.000000
(5,18),(4,7):0.000000
(5,18),(4,5):0.000000
(5,18),(9,5):0.000000
(5,18),(9,3):0.000000
(5,18),(17,3):0.000000
(5,18),(17,2):0.000000
(5,18),(14,2):0.000000
(5,18),(14,1):0.000000
(5,18),(21,1):0.000000
(5,18),(21,4):0.000000
(3,18),(3,20):3.500000
(3,18),(1,20):2.000000
(3,18),(1,19):1.500000
(3,18),(2,19):4.000000
(3,18),(2,17):8.000000
(3,18),(6,17):6.833333
(3,18),(6,13):2.666667
(3,18),(7,13):2.791667
(3,18),(7,12):1.500000
(3,18),(10,12):0.828571
(3,18),(10,8):0.000000
(3,18),(15,8):0.000000
(3,18),(15,7):0.000000
(3,18),(4,7):0.000000
(3,18),(4,5):0.000000
(3,18),(9,5):0.000000
(3,18),(9,3):0.000000
(3,18),(17,3):0.000000
(3,18),(17,2):0.000000
(3,18),(14,2):0.000000
(3,18),(14,1):0.000000
(3,18),(21,1):0.000000
(3,18),(21,4):0.000000
(3,20),(1,20):2.500000
(3,20),(1,19):2.000000
(3,20),(2,19):4.000000
(3,20),(2,17):3.000000
(3,20),(6,17):1.166667
(3,20),(6,13):0.000000
(3,20),(7,13):0.000000
(3,20),(7,12):0.000000
(3,20),(10,12):0.000000
(3,20),(10,8):0.000000
(3,20),(15,8):0.000000
(3,20),(15,7):0.000000
(3,20),(4,7):0.000000
(3,20),(4,5):0.000000
(3,20),(9,5):0.000000
(3,20),(9,3):0.000000
(3,20),(17,3):0.000000
(3,20),(17,2):0.000000
(3,20),(14,2):0.000000
(3,20),(14,1):0.000000
(3,20),(21,1):0.000000
(3,20),(21,4):0.000000
(1,20),(1,19):2.000000
(1,20),(2,19):2.500000
(1,20),(2,17):1.500000
(1,20),(6,17):0.000000
(1,20),(6,13):0.000000
(1,20),(7,13):0.000000
(1,20),(7,12):0.000000
(1,20),(10,12):0.000000
(1,20),(10,8):0.000000
(1,20),(15,8):0.000000
(1,20),(15,7):0.000000
(1,20),(4,7):0.000000
(1,20),(4,5):0.000000
(1,20),(9,5):0.000000
(1,20),(9,3):0.000000
(1,20),(17,3):0.000000
(1,20),(17,2):0.000000
(1,20),(14,2):0.000000
(1,20),(14,1):0.000000
(1,20),(21,1):0.000000
(1,20),(21,4):0.000000
(1,19),(2,19):2.000000
(1,19),(2,17):1.000000
(1,19),(6,17):0.000000
(1,19),(6,13):0.000000
(1,19),(7,13):0.000000
(1,19),(7,12):0.000000
(1,19),(10,12):0.000000
(1,19),(10,8):0.000000
(1,19),(15,8):0.000000
(1,19),(15,7):0.000000
(1,19),(4,7):0.000000
(1,19),(4,5):0.000000
(1,19),(9,5):0.000000
(1,19),(9,3):0.000000
(1,19),(17,3):0.000000
(1,19),(17,2):0.000000
(1,19),(14,2):0.000000
(1,19),(14,1):0.000000
(1,19),(21,1):0.000000
(1,19),(21,4):0.000000
(2,19),(2,17):3.500000
(2,19),(6,17):1.666667
(2,19),(6,13):0.000000
(2,19),(7,13):0.000000
(2,19),(7,12):0.000000
(2,19),(10,12):0.000000
(2,19),(10,8):0.000000
(2,19),(15,8):0.000000
(2,19),(15,7):0.000000
(2,19),(4,7):0.000000
(2,19),(4,5):0.000000
(2,19),(9,5):0.000000
(2,19),(9,3):0.000000
(2,19),(17,3):0.000000
(2,19),(17,2):0.000000
(2,19),(14,2):0.000000
(2,19),(14,1):0.000000
(2,19),(21,1):0.000000
(2,19),(21,4):0.000000
(2,17),(6,17):7.666667
(2,17),(6,13):3.333333
(2,17),(7,13):3.538461
(2,17),(7,12):1.833333
(2,17),(10,12):0.864434
(2,17),(10,8):0.000000
(2,17),(15,8):0.000000
(2,17),(15,7):0.000000
(2,17),(4,7):0.000000
(2,17),(4,5):0.000000
(2,17),(9,5):0.000000
(2,17),(9,3):0.000000
(2,17),(17,3):0.000000
(2,17),(17,2):0.000000
(2,17),(14,2):0.000000
(2,17),(14,1):0.000000
(2,17),(21,1):0.000000
(2,17),(21,4):0.000000
(6,17),(6,13):18.000000
(6,17),(7,13):23.625000
(6,17),(7,12):13.375000
(6,17),(10,12):18.933332
(6,17),(10,8):6.100000
(6,17),(15,8):11.700000
(6,17),(15,7):0.000000
(6,17),(4,7):0.000000
(6,17),(4,5):0.000000
(6,17),(9,5):0.000000
(6,17),(9,3):0.000000
(6,17),(17,3):0.000000
(6,17),(17,2):0.000000
(6,17),(14,2):0.000000
(6,17),(14,1):0.000000
(6,17),(21,1):0.000000
(6,17),(21,4):0.000000
(6,13),(7,13):25.200001
(6,13),(7,12):17.200001
(6,13),(10,12):16.033333
(6,13),(10,8):5.200000
(6,13),(15,8):4.975000
(6,13),(15,7):0.000000
(6,13),(4,7):0.000000
(6,13),(4,5):0.000000
(6,13),(9,5):0.000000
(6,13),(9,3):0.000000
(6,13),(17,3):0.000000
(6,13),(17,2):0.000000
(6,13),(14,2):0.000000
(6,13),(14,1):0.000000
(6,13),(21,1):0.000000
(6,13),(21,4):0.000000
(7,13),(7,12):23.250000
(7,13),(10,12):23.783333
(7,13),(10,8):9.750000
(7,13),(15,8):6.350000
(7,13),(15,7):0.000000
(7,13),(4,7):0.000000
(7,13),(4,5):0.000000
(7,13),(9,5):0.000000
(7,13),(9,3):0.000000
(7,13),(17,3):0.000000
(7,13),(17,2):0.000000
(7,13),(14,2):0.000000
(7,13),(14,1):0.000000
(7,13),(21,1):0.000000
(7,13),(21,4):0.000000
(7,12),(10,12):18.125000
(7,12),(10,8):8.375000
(7,12),(15,8):4.400000
(7,12),(15,7):0.000000
(7,12),(4,7):0.000000
(7,12),(4,5):0.000000
(7,12),(9,5):0.000000
(7,12),(9,3):0.000000
(7,12),(17,3):0.000000
(7,12),(17,2):0.000000
(7,12),(14,2):0.000000
(7,12),(14,1):0.000000
(7,12),(21,1):0.000000
(7,12),(21,4):0.000000
(10,12),(10,8):23.833334
(10,12),(15,8):21.600000
(10,12),(15,7):2.833333
(10,12),(4,7):1.375000
(10,12),(4,5):1.457260
(10,12),(9,5):1.492573
(10,12),(9,3):1.272616
(10,12),(17,3):0.000000
(10,12),(17,2):0.000000
(10,12),(14,2):0.000000
(10,12),(14,1):0.000000
(10,12),(21,1):0.000000
(10,12),(21,4):0.000000
(10,8),(15,8):22.555555
(10,8),(15,7):8.055555
(10,8),(4,7):0.000000
(10,8),(4,5):0.000000
(10,8),(9,5):0.666667
(10,8),(9,3):2.805556
(10,8),(17,3):0.000000
(10,8),(17,2):0.000000
(10,8),(14,2):0.000000
(10,8),(14,1):0.000000
(10,8),(21,1):0.000000
(10,8),(21,4):0.000000
(15,8),(15,7):21.250000
(15,8),(4,7):8.125000
(15,8),(4,5):7.606061
(15,8),(9,5):11.148809
(15,8),(9,3):11.821428
(15,8),(17,3):1.625000
(15,8),(17,2):0.000000
(15,8),(14,2):0.000000
(15,8),(14,1):0.000000
(15,8),(21,1):0.585714
(15,8),(21,4):1.125000
(15,7),(4,7):37.166668
(15,7),(4,5):29.606060
(15,7),(9,5):45.190475
(15,7),(9,3):35.988094
(15,7),(17,3):30.541666
(15,7),(17,2):0.000000
(15,7),(14,2):0.000000
(15,7),(14,1):0.000000
(15,7),(21,1):4.800000
(15,7),(21,4):7.166667
(4,7),(4,5):27.333334
(4,7),(9,5):39.732143
(4,7),(9,3):26.166666
(4,7),(17,3):29.711538
(4,7),(17,2):3.461539
(4,7),(14,2):0.086538
(4,7),(14,1):1.616538
(4,7),(21,1):8.836538
(4,7),(21,4):7.586538
(4,5),(9,5):29.129869
(4,5),(9,3):16.844156
(4,5),(17,3):16.875000
(4,5),(17,2):0.000000
(4,5),(14,2):0.000000
(4,5),(14,1):0.000000
(4,5),(21,1):3.333333
(4,5),(21,4):0.000000
(9,5),(9,3):35.952381
(9,5),(17,3):35.589287
(9,5),(17,2):4.285714
(9,5),(14,2):0.000000
(9,5),(14,1):1.521429
(9,5),(21,1):9.714286
(9,5),(21,4):12.214286
(9,3),(17,3):28.500000
(9,3),(17,2):4.000000
(9,3),(14,2):0.000000
(9,3),(14,1):0.166667
(9,3),(21,1):9.500000
(9,3),(21,4):12.000000
(17,3),(17,2):12.000000
(17,3),(14,2):4.000000
(17,3),(14,1):6.666667
(17,3),(21,1):17.500000
(17,3),(21,4):20.000000
(17,2),(14,2):7.000000
(17,2),(14,1):9.666667
(17,2),(21,1):15.000000
(17,2),(21,4):13.000000
(14,2),(14,1):7.000000
(14,2),(21,1):7.000000
(14,2),(21,4):5.000000
(14,1),(21,1):9.666667
(14,1),(21,4):7.666667
(21,1),(21,4):14.000000
