54
(26,19):(22,25)	(23,22)	(23,23)	(23,24)	(23,25)	(23,26)	(23,27)	(24,21)	(24,22)	(24,23)	(24,24)	(24,25)	(24,26)	(25,18)	(25,20)	(25,21)	(25,22)	(25,23)	(25,24)	(25,25)	(25,26)	(26,19)	(26,27)	(27,18)	(27,19)	
(26,27):(22,14)	(22,15)	(22,25)	(23,17)	(23,18)	(23,19)	(23,20)	(23,21)	(23,22)	(23,23)	(23,24)	(23,25)	(23,26)	(23,27)	(24,20)	(24,21)	(24,22)	(24,23)	(24,24)	(24,25)	(24,26)	(25,18)	(25,20)	(25,21)	(25,22)	(25,23)	(25,24)	(25,25)	(25,26)	(26,19)	(26,27)	
(23,27):(23,14)	(23,15)	(23,16)	(23,17)	(23,18)	(23,19)	(23,20)	(23,21)	(23,22)	(23,23)	(23,24)	(23,25)	(23,26)	(23,27)	(24,13)	(24,20)	(24,21)	(24,22)	(24,23)	(24,24)	(24,25)	(24,26)	(25,20)	(25,21)	(25,22)	(25,23)	(25,24)	(25,25)	(25,26)	(26,19)	(26,27)	
(23,26):(15,24)	(15,26)	(16,25)	(17,25)	(18,25)	(19,25)	(22,14)	(22,15)	(22,25)	(23,14)	(23,15)	(23,16)	(23,17)	(23,18)	(23,19)	(23,20)	(23,21)	(23,22)	(23,23)	(23,24)	(23,25)	(23,26)	(23,27)	(24,13)	(24,20)	(24,21)	(24,22)	(24,23)	(24,24)	(24,25)	(24,26)	(25,20)	(25,21)	(25,22)	(25,23)	(25,24)	(25,25)	(25,26)	(26,19)	(26,27)	
(15,26):(15,24)	(15,26)	(16,24)	(16,25)	(17,24)	(17,25)	(18,23)	(18,24)	(18,25)	(19,25)	(22,25)	(23,25)	(23,26)	(24,25)	(24,26)	(25,25)	(25,26)	
(15,24):(14,23)	(14,24)	(15,24)	(15,26)	(16,24)	(16,25)	(17,24)	(17,25)	(18,23)	(18,24)	(18,25)	(19,25)	(23,26)	
(14,24):(14,23)	(14,24)	(15,24)	(16,24)	(17,24)	(18,23)	(18,24)	
(14,23):(14,23)	(14,24)	(15,24)	(16,24)	(16,25)	(17,24)	(17,25)	(18,23)	(18,24)	(18,25)	(19,25)	
(18,23):(14,23)	(14,24)	(15,24)	(15,26)	(16,24)	(16,25)	(17,24)	(17,25)	(18,22)	(18,23)	(18,24)	(18,25)	(19,21)	(19,25)	
(18,22):(11,21)	(11,22)	(18,22)	(18,23)	(18,24)	(18,25)	(19,21)	(19,25)	
(11,22):(11,21)	(11,22)	(18,22)	(19,21)	
(11,21):(11,21)	(11,22)	(18,22)	(19,21)	
(19,21):(11,21)	(11,22)	(17,25)	(18,22)	(18,23)	(18,24)	(18,25)	(19,21)	(19,25)	
(19,25):(14,23)	(15,24)	(15,26)	(16,24)	(16,25)	(17,24)	(17,25)	(18,22)	(18,23)	(18,24)	(18,25)	(19,21)	(19,25)	(22,25)	(23,25)	(23,26)	(24,25)	(24,26)	(25,25)	(25,26)	
(22,25):(15,26)	(16,25)	(17,25)	(18,25)	(19,25)	(22,14)	(22,15)	(22,25)	(23,14)	(23,15)	(23,16)	(23,17)	(23,18)	(23,19)	(23,20)	(23,21)	(23,22)	(23,23)	(23,24)	(23,25)	(23,26)	(24,13)	(24,20)	(24,21)	(24,22)	(24,23)	(24,24)	(24,25)	(24,26)	(25,20)	(25,21)	(25,22)	(25,23)	(25,24)	(25,25)	(25,26)	(26,19)	(26,27)	
(22,15):(12,6)	(12,14)	(13,6)	(13,7)	(13,14)	(13,15)	(14,6)	(14,7)	(14,8)	(14,9)	(14,10)	(14,11)	(14,12)	(14,13)	(14,14)	(14,15)	(15,7)	(15,8)	(15,9)	(15,10)	(15,11)	(15,12)	(15,13)	(15,14)	(15,15)	(16,8)	(16,9)	(16,10)	(16,11)	(16,12)	(16,13)	(16,14)	(16,15)	(17,9)	(17,10)	(17,11)	(17,12)	(17,13)	(17,14)	(17,15)	(18,9)	(18,10)	(18,11)	(18,12)	(18,13)	(18,14)	(19,11)	(19,12)	(19,13)	(19,14)	(20,12)	(20,13)	(20,14)	(21,13)	(21,14)	(22,14)	(22,15)	(22,25)	(23,14)	(23,15)	(23,16)	(23,17)	(23,18)	(23,19)	(23,20)	(23,21)	(23,22)	(23,23)	(23,24)	(23,25)	(23,26)	(24,13)	(24,20)	(24,21)	(24,22)	(24,23)	(24,24)	(24,25)	(24,26)	(25,23)	(25,24)	(25,25)	(25,26)	(26,27)	
(17,15):(12,14)	(12,17)	(13,6)	(13,7)	(13,14)	(13,15)	(13,16)	(14,6)	(14,7)	(14,8)	(14,9)	(14,10)	(14,11)	(14,12)	(14,13)	(14,14)	(14,15)	(14,16)	(15,6)	(15,7)	(15,8)	(15,9)	(15,10)	(15,11)	(15,12)	(15,13)	(15,14)	(15,15)	(15,16)	(16,8)	(16,9)	(16,10)	(16,11)	(16,12)	(16,13)	(16,14)	(16,15)	(16,16)	(17,9)	(17,10)	(17,11)	(17,12)	(17,13)	(17,14)	(17,15)	(17,17)	(18,9)	(18,10)	(18,11)	(18,12)	(18,13)	(18,14)	(19,9)	(19,10)	(19,11)	(19,12)	(19,13)	(19,14)	(20,8)	(20,12)	(20,13)	(20,14)	(21,12)	(21,13)	(21,14)	(22,14)	(22,15)	(23,14)	(23,15)	(24,13)	
(17,17):(12,14)	(12,17)	(13,6)	(13,7)	(13,14)	(13,15)	(13,16)	(14,6)	(14,7)	(14,8)	(14,9)	(14,10)	(14,11)	(14,12)	(14,13)	(14,14)	(14,15)	(14,16)	(15,6)	(15,7)	(15,8)	(15,9)	(15,10)	(15,11)	(15,12)	(15,13)	(15,14)	(15,15)	(15,16)	(16,8)	(16,9)	(16,10)	(16,11)	(16,12)	(16,13)	(16,14)	(16,15)	(16,16)	(17,9)	(17,10)	(17,11)	(17,12)	(17,13)	(17,14)	(17,15)	(17,17)	
(12,17):(12,14)	(12,17)	(13,14)	(13,15)	(13,16)	(14,11)	(14,12)	(14,13)	(14,14)	(14,15)	(14,16)	(15,8)	(15,9)	(15,10)	(15,11)	(15,12)	(15,13)	(15,14)	(15,15)	(15,16)	(16,5)	(16,8)	(16,9)	(16,10)	(16,11)	(16,12)	(16,13)	(16,14)	(16,15)	(16,16)	(17,9)	(17,10)	(17,11)	(17,12)	(17,13)	(17,14)	(17,15)	(17,17)	(18,9)	(18,10)	(18,11)	(18,12)	(18,13)	(18,14)	(19,9)	(19,10)	(19,11)	(19,12)	(19,13)	(19,14)	(20,8)	(20,12)	(20,13)	(21,12)	(21,13)	
(12,14):(12,14)	(12,17)	(13,14)	(13,15)	(13,16)	(14,14)	(14,15)	(14,16)	(15,14)	(15,15)	(15,16)	(16,14)	(16,15)	(16,16)	(17,14)	(17,15)	(17,17)	(18,14)	(19,14)	(20,14)	(21,14)	(22,14)	(22,15)	(23,14)	(23,15)	
(13,14):(12,14)	(12,17)	(13,6)	(13,7)	(13,14)	(13,15)	(13,16)	(14,6)	(14,7)	(14,8)	(14,9)	(14,10)	(14,11)	(14,12)	(14,13)	(14,14)	(14,15)	(14,16)	(15,6)	(15,7)	(15,8)	(15,9)	(15,10)	(15,11)	(15,12)	(15,13)	(15,14)	(15,15)	(15,16)	(16,5)	(16,8)	(16,9)	(16,10)	(16,11)	(16,12)	(16,13)	(16,14)	(16,15)	(16,16)	(17,9)	(17,10)	(17,11)	(17,12)	(17,13)	(17,14)	(17,15)	(17,17)	(18,9)	(18,10)	(18,11)	(18,12)	(18,13)	(18,14)	(19,9)	(19,10)	(19,11)	(19,12)	(19,13)	(19,14)	(20,8)	(20,12)	(20,13)	(20,14)	(21,12)	(21,13)	(21,14)	(22,14)	(22,15)	(23,14)	(23,15)	(24,13)	
(13,7):(2,6)	(2,7)	(3,6)	(3,7)	(4,6)	(4,7)	(5,6)	(5,7)	(6,7)	(7,6)	(7,7)	(8,5)	(8,6)	(8,7)	(9,5)	(9,6)	(9,7)	(10,6)	(10,7)	(11,6)	(12,6)	(13,6)	(13,7)	(13,14)	(13,15)	(13,16)	(14,6)	(14,7)	(14,8)	(14,9)	(14,10)	(14,11)	(14,12)	(14,13)	(14,14)	(14,15)	(14,16)	(15,6)	(15,7)	(15,8)	(15,9)	(15,10)	(15,11)	(15,12)	(15,13)	(15,14)	(15,15)	(15,16)	(16,5)	(16,8)	(16,9)	(16,10)	(16,11)	(16,12)	(16,13)	(16,14)	(16,15)	(16,16)	(17,9)	(17,10)	(17,11)	(17,12)	(17,13)	(17,14)	(17,15)	(17,17)	(18,9)	(18,10)	(18,11)	(18,12)	(18,13)	(18,14)	(19,9)	(19,10)	(19,11)	(19,12)	(19,13)	(19,14)	(20,12)	(20,13)	(20,14)	(21,13)	(21,14)	(22,14)	(22,15)	(23,15)	
(10,7):(1,10)	(2,6)	(2,7)	(2,8)	(2,9)	(3,6)	(3,7)	(3,8)	(3,9)	(3,10)	(3,11)	(4,6)	(4,7)	(4,8)	(4,9)	(4,10)	(4,11)	(5,6)	(5,7)	(5,8)	(5,9)	(5,10)	(5,11)	(5,12)	(6,7)	(6,8)	(6,9)	(6,10)	(6,11)	(7,3)	(7,6)	(7,7)	(7,8)	(7,9)	(7,10)	(8,3)	(8,4)	(8,5)	(8,6)	(8,7)	(8,8)	(8,9)	(9,5)	(9,6)	(9,7)	(9,8)	(10,6)	(10,7)	(10,9)	(11,6)	(12,6)	(13,6)	(13,7)	(14,6)	(14,7)	(15,6)	(15,7)	(16,5)	
(10,9):(1,4)	(2,5)	(2,6)	(2,7)	(2,8)	(2,9)	(3,5)	(3,6)	(3,7)	(3,8)	(3,9)	(4,6)	(4,7)	(4,8)	(4,9)	(5,6)	(5,7)	(5,8)	(5,9)	(6,7)	(6,8)	(6,9)	(7,3)	(7,6)	(7,7)	(7,8)	(7,9)	(8,3)	(8,4)	(8,5)	(8,6)	(8,7)	(8,8)	(8,9)	(9,5)	(9,6)	(9,7)	(9,8)	(10,6)	(10,7)	(10,9)	
(8,9):(1,4)	(1,10)	(2,5)	(2,6)	(2,7)	(2,8)	(2,9)	(3,5)	(3,6)	(3,7)	(3,8)	(3,9)	(3,10)	(3,11)	(4,5)	(4,6)	(4,7)	(4,8)	(4,9)	(4,10)	(4,11)	(4,16)	(5,6)	(5,7)	(5,8)	(5,9)	(5,10)	(5,11)	(5,12)	(5,13)	(5,14)	(5,15)	(6,7)	(6,8)	(6,9)	(6,10)	(6,11)	(6,12)	(6,13)	(6,14)	(6,15)	(7,3)	(7,6)	(7,7)	(7,8)	(7,9)	(7,10)	(7,11)	(7,12)	(7,13)	(7,14)	(7,15)	(8,3)	(8,4)	(8,5)	(8,6)	(8,7)	(8,8)	(8,9)	(8,16)	(9,2)	(9,5)	(9,6)	(9,7)	(9,8)	(10,6)	(10,7)	(10,9)	(11,6)	
(8,16):(1,4)	(2,5)	(2,6)	(2,7)	(2,8)	(3,5)	(3,6)	(3,7)	(3,8)	(3,9)	(4,5)	(4,6)	(4,7)	(4,8)	(4,9)	(4,10)	(4,11)	(4,16)	(5,6)	(5,7)	(5,8)	(5,9)	(5,10)	(5,11)	(5,12)	(5,13)	(5,14)	(5,15)	(6,7)	(6,8)	(6,9)	(6,10)	(6,11)	(6,12)	(6,13)	(6,14)	(6,15)	(7,3)	(7,6)	(7,7)	(7,8)	(7,9)	(7,10)	(7,11)	(7,12)	(7,13)	(7,14)	(7,15)	(8,3)	(8,4)	(8,5)	(8,6)	(8,7)	(8,8)	(8,9)	(8,16)	
(4,16):(4,5)	(4,6)	(4,7)	(4,8)	(4,9)	(4,10)	(4,11)	(4,16)	(5,4)	(5,6)	(5,7)	(5,8)	(5,9)	(5,10)	(5,11)	(5,12)	(5,13)	(5,14)	(5,15)	(6,7)	(6,8)	(6,9)	(6,10)	(6,11)	(6,12)	(6,13)	(6,14)	(6,15)	(7,6)	(7,7)	(7,8)	(7,9)	(7,10)	(7,11)	(7,12)	(7,13)	(7,14)	(7,15)	(8,3)	(8,4)	(8,5)	(8,6)	(8,7)	(8,8)	(8,9)	(8,16)	(9,2)	(9,5)	(9,6)	(9,7)	
(4,11):(1,4)	(2,5)	(2,6)	(2,7)	(2,8)	(2,9)	(3,5)	(3,6)	(3,7)	(3,8)	(3,9)	(3,10)	(3,11)	(4,5)	(4,6)	(4,7)	(4,8)	(4,9)	(4,10)	(4,11)	(4,16)	(5,4)	(5,6)	(5,7)	(5,8)	(5,9)	(5,10)	(5,11)	(5,12)	(5,13)	(5,14)	(5,15)	(6,7)	(6,8)	(6,9)	(6,10)	(6,11)	(6,12)	(6,13)	(6,14)	(6,15)	(7,6)	(7,7)	(7,8)	(7,9)	(7,10)	(7,11)	(7,12)	(7,13)	(7,14)	(7,15)	(8,5)	(8,6)	(8,7)	(8,8)	(8,9)	(8,16)	(9,5)	(9,6)	(9,7)	(9,8)	(10,6)	(10,7)	(11,6)	
(3,11):(3,5)	(3,6)	(3,7)	(3,8)	(3,9)	(3,10)	(3,11)	(4,5)	(4,6)	(4,7)	(4,8)	(4,9)	(4,10)	(4,11)	(5,4)	(5,6)	(5,7)	(5,8)	(5,9)	(5,10)	(5,11)	(6,7)	(6,8)	(6,9)	(6,10)	(6,11)	(7,6)	(7,7)	(7,8)	(7,9)	(7,10)	(7,11)	(8,5)	(8,6)	(8,7)	(8,8)	(8,9)	(9,5)	(9,6)	(9,7)	(9,8)	(10,6)	(10,7)	(11,6)	
(3,10):(1,4)	(1,10)	(2,5)	(2,6)	(2,7)	(2,8)	(2,9)	(3,5)	(3,6)	(3,7)	(3,8)	(3,9)	(3,10)	(3,11)	(4,5)	(4,6)	(4,7)	(4,8)	(4,9)	(4,10)	(4,11)	(5,4)	(5,6)	(5,7)	(5,8)	(5,9)	(5,10)	(5,11)	(5,12)	(6,7)	(6,8)	(6,9)	(6,10)	(6,11)	(6,12)	(6,13)	(7,6)	(7,7)	(7,8)	(7,9)	(7,10)	(7,11)	(7,12)	(7,13)	(7,14)	(8,5)	(8,6)	(8,7)	(8,8)	(8,9)	(9,5)	(9,6)	(9,7)	(9,8)	(10,6)	(10,7)	(11,6)	(12,6)	
(1,10):(1,4)	(1,10)	(2,5)	(2,6)	(2,7)	(2,8)	(2,9)	(3,5)	(3,6)	(3,7)	(3,8)	(3,9)	(3,10)	(4,5)	(4,6)	(4,7)	(4,8)	(4,9)	(4,10)	(5,4)	(5,6)	(5,7)	(5,8)	(5,9)	(5,10)	(6,7)	(6,8)	(6,9)	(6,10)	(7,6)	(7,7)	(7,8)	(7,9)	(7,10)	(8,6)	(8,7)	(8,8)	(8,9)	(9,5)	(9,6)	(9,7)	(9,8)	(10,6)	(10,7)	(11,6)	(12,6)	(13,6)	(16,5)	
(1,4):(1,4)	(1,10)	(2,5)	(2,6)	(2,7)	(2,8)	(2,9)	(3,5)	(3,6)	(3,7)	(3,8)	(3,9)	(3,10)	(4,5)	(4,6)	(4,7)	(4,8)	(4,9)	(4,10)	(4,11)	(5,4)	(5,6)	(5,7)	(5,8)	(5,9)	(5,10)	(5,11)	(5,12)	(5,13)	(6,7)	(6,8)	(6,9)	(6,10)	(6,11)	(6,12)	(6,13)	(6,14)	(6,15)	(7,7)	(7,8)	(7,9)	(7,10)	(7,11)	(7,12)	(7,13)	(7,14)	(7,15)	(8,8)	(8,9)	(8,16)	(9,8)	(10,9)	
(5,4):(1,4)	(1,10)	(2,5)	(2,6)	(2,7)	(2,8)	(2,9)	(3,5)	(3,6)	(3,7)	(3,8)	(3,9)	(3,10)	(3,11)	(4,5)	(4,6)	(4,7)	(4,8)	(4,9)	(4,10)	(4,11)	(4,16)	(5,4)	(5,6)	(5,7)	(5,8)	(5,9)	(5,10)	(5,11)	(5,12)	(5,13)	(5,14)	(5,15)	
(5,6):(1,4)	(1,10)	(2,5)	(2,6)	(2,7)	(2,8)	(2,9)	(3,5)	(3,6)	(3,7)	(3,8)	(3,9)	(3,10)	(3,11)	(4,5)	(4,6)	(4,7)	(4,8)	(4,9)	(4,10)	(4,11)	(4,16)	(5,4)	(5,6)	(5,7)	(5,8)	(5,9)	(5,10)	(5,11)	(5,12)	(5,13)	(5,14)	(5,15)	(6,7)	(6,8)	(6,9)	(6,10)	(6,11)	(6,12)	(6,13)	(6,14)	(6,15)	(7,6)	(7,7)	(7,8)	(7,9)	(7,10)	(7,11)	(7,12)	(7,13)	(7,14)	(7,15)	(8,6)	(8,7)	(8,8)	(8,9)	(8,16)	(9,6)	(9,7)	(9,8)	(10,6)	(10,7)	(10,9)	(11,6)	(12,6)	(13,6)	(13,7)	(14,6)	(14,7)	(15,6)	(15,7)	
(7,6):(1,10)	(2,6)	(2,7)	(2,8)	(2,9)	(3,6)	(3,7)	(3,8)	(3,9)	(3,10)	(3,11)	(4,6)	(4,7)	(4,8)	(4,9)	(4,10)	(4,11)	(4,16)	(5,6)	(5,7)	(5,8)	(5,9)	(5,10)	(5,11)	(5,12)	(5,13)	(5,14)	(5,15)	(6,7)	(6,8)	(6,9)	(6,10)	(6,11)	(6,12)	(6,13)	(6,14)	(6,15)	(7,3)	(7,6)	(7,7)	(7,8)	(7,9)	(7,10)	(7,11)	(7,12)	(7,13)	(7,14)	(7,15)	(8,3)	(8,4)	(8,5)	(8,6)	(8,7)	(8,8)	(8,9)	(8,16)	(9,2)	(9,5)	(9,6)	(9,7)	(9,8)	(10,6)	(10,7)	(10,9)	(11,6)	(12,6)	(13,6)	(13,7)	(14,6)	(14,7)	(15,6)	(15,7)	(16,5)	
(7,3):(2,1)	(2,3)	(3,2)	(4,2)	(5,2)	(6,2)	(7,3)	(7,6)	(7,7)	(7,8)	(7,9)	(7,10)	(7,11)	(7,12)	(7,13)	(7,14)	(7,15)	(8,3)	(8,4)	(8,5)	(8,6)	(8,7)	(8,8)	(8,9)	(8,16)	(9,2)	(9,5)	(9,6)	(9,7)	(9,8)	(10,6)	(10,7)	(10,9)	
(2,3):(2,1)	(2,3)	(3,2)	(4,2)	(5,2)	(6,1)	(6,2)	(7,3)	(8,3)	(9,2)	
(2,1):(2,1)	(2,3)	(3,2)	(4,2)	(5,2)	(6,1)	(6,2)	(7,3)	(8,3)	
(6,1):(2,1)	(2,3)	(3,2)	(4,2)	(5,2)	(6,1)	(6,2)	
(6,2):(2,1)	(2,3)	(3,2)	(4,2)	(5,2)	(6,1)	(6,2)	(7,3)	(8,3)	(8,4)	(9,2)	(9,5)	
(9,2):(2,3)	(3,2)	(4,2)	(4,16)	(5,2)	(5,10)	(5,11)	(5,12)	(5,13)	(5,14)	(5,15)	(6,2)	(6,8)	(6,9)	(6,10)	(6,11)	(6,12)	(6,13)	(6,14)	(6,15)	(7,3)	(7,6)	(7,7)	(7,8)	(7,9)	(7,10)	(7,11)	(7,12)	(7,13)	(7,14)	(7,15)	(8,3)	(8,4)	(8,5)	(8,6)	(8,7)	(8,8)	(8,9)	(9,2)	(9,5)	(9,6)	(9,7)	(9,8)	
(9,5):(1,10)	(2,9)	(3,8)	(3,9)	(3,10)	(3,11)	(4,8)	(4,9)	(4,10)	(4,11)	(4,16)	(5,7)	(5,8)	(5,9)	(5,10)	(5,11)	(5,12)	(5,13)	(5,14)	(5,15)	(6,2)	(6,7)	(6,8)	(6,9)	(6,10)	(6,11)	(6,12)	(6,13)	(6,14)	(6,15)	(7,3)	(7,6)	(7,7)	(7,8)	(7,9)	(7,10)	(7,11)	(7,12)	(7,13)	(8,3)	(8,4)	(8,5)	(8,6)	(8,7)	(8,8)	(8,9)	(9,2)	(9,5)	(9,6)	(9,7)	(9,8)	(10,6)	(10,7)	(10,9)	(11,6)	(12,6)	(13,6)	(13,7)	(14,6)	(14,7)	(15,6)	(15,7)	(15,8)	(16,5)	(16,8)	(17,9)	(18,9)	(19,10)	
(16,5):(1,10)	(2,7)	(2,8)	(2,9)	(3,7)	(3,8)	(3,9)	(4,7)	(4,8)	(4,9)	(5,7)	(5,8)	(6,7)	(6,8)	(7,6)	(7,7)	(7,8)	(8,5)	(8,6)	(8,7)	(9,5)	(9,6)	(9,7)	(10,6)	(10,7)	(11,6)	(12,6)	(12,17)	(13,6)	(13,7)	(13,14)	(13,15)	(13,16)	(14,6)	(14,7)	(14,8)	(14,9)	(14,10)	(14,11)	(14,12)	(14,13)	(14,14)	(14,15)	(14,16)	(15,6)	(15,7)	(15,8)	(15,9)	(15,10)	(15,11)	(15,12)	(15,13)	(15,14)	(15,15)	(15,16)	(16,5)	(16,8)	(16,9)	(16,10)	(16,11)	(16,12)	(16,13)	(16,14)	(16,15)	(16,16)	
(16,8):(8,5)	(9,5)	(10,6)	(11,6)	(12,6)	(12,17)	(13,6)	(13,7)	(13,14)	(13,15)	(13,16)	(14,6)	(14,7)	(14,8)	(14,9)	(14,10)	(14,11)	(14,12)	(14,13)	(14,14)	(14,15)	(14,16)	(15,6)	(15,7)	(15,8)	(15,9)	(15,10)	(15,11)	(15,12)	(15,13)	(15,14)	(15,15)	(15,16)	(16,5)	(16,8)	(16,9)	(16,10)	(16,11)	(16,12)	(16,13)	(16,14)	(16,15)	(16,16)	(17,9)	(17,10)	(17,11)	(17,12)	(17,13)	(17,14)	(17,15)	(17,17)	(18,9)	(18,10)	(18,11)	(18,12)	(18,13)	(18,14)	(19,9)	(19,10)	(19,11)	(19,12)	(19,13)	(19,14)	(20,8)	(20,12)	(20,13)	(20,14)	(21,13)	(21,14)	(22,14)	(22,15)	(23,15)	(23,16)	
(20,8):(12,17)	(13,14)	(13,15)	(13,16)	(14,8)	(14,9)	(14,10)	(14,11)	(14,12)	(14,13)	(14,14)	(14,15)	(14,16)	(15,8)	(15,9)	(15,10)	(15,11)	(15,12)	(15,13)	(15,14)	(15,15)	(15,16)	(16,8)	(16,9)	(16,10)	(16,11)	(16,12)	(16,13)	(16,14)	(16,15)	(16,16)	(17,9)	(17,10)	(17,11)	(17,12)	(17,13)	(17,14)	(17,15)	(18,9)	(18,10)	(18,11)	(18,12)	(18,13)	(18,14)	(19,9)	(19,10)	(19,11)	(19,12)	(19,13)	(19,14)	(20,8)	(20,12)	(20,13)	(20,14)	
(20,12):(12,6)	(12,17)	(13,6)	(13,7)	(13,14)	(13,15)	(13,16)	(14,6)	(14,7)	(14,8)	(14,9)	(14,10)	(14,11)	(14,12)	(14,13)	(14,14)	(14,15)	(14,16)	(15,7)	(15,8)	(15,9)	(15,10)	(15,11)	(15,12)	(15,13)	(15,14)	(15,15)	(15,16)	(16,8)	(16,9)	(16,10)	(16,11)	(16,12)	(16,13)	(16,14)	(16,15)	(16,16)	(17,9)	(17,10)	(17,11)	(17,12)	(17,13)	(17,14)	(17,15)	(18,9)	(18,10)	(18,11)	(18,12)	(18,13)	(18,14)	(19,9)	(19,10)	(19,11)	(19,12)	(19,13)	(19,14)	(20,8)	(20,12)	(20,13)	(20,14)	(21,12)	(21,13)	(21,14)	(22,14)	(22,15)	(23,15)	(23,16)	
(21,12):(12,17)	(13,14)	(13,15)	(13,16)	(14,12)	(14,13)	(14,14)	(14,15)	(14,16)	(15,12)	(15,13)	(15,14)	(15,15)	(15,16)	(16,12)	(16,13)	(16,14)	(16,15)	(17,12)	(17,13)	(17,14)	(17,15)	(18,12)	(18,13)	(18,14)	(19,12)	(19,13)	(19,14)	(20,12)	(20,13)	(20,14)	(21,12)	(21,13)	(21,14)	
(21,13):(12,6)	(12,17)	(13,6)	(13,7)	(13,14)	(13,15)	(13,16)	(14,6)	(14,7)	(14,8)	(14,9)	(14,10)	(14,11)	(14,12)	(14,13)	(14,14)	(14,15)	(14,16)	(15,7)	(15,8)	(15,9)	(15,10)	(15,11)	(15,12)	(15,13)	(15,14)	(15,15)	(15,16)	(16,8)	(16,9)	(16,10)	(16,11)	(16,12)	(16,13)	(16,14)	(16,15)	(17,9)	(17,10)	(17,11)	(17,12)	(17,13)	(17,14)	(17,15)	(18,10)	(18,11)	(18,12)	(18,13)	(18,14)	(19,11)	(19,12)	(19,13)	(19,14)	(20,12)	(20,13)	(20,14)	(21,12)	(21,13)	(21,14)	(22,14)	(22,15)	(23,14)	(23,15)	(23,16)	(23,17)	(24,13)	
(24,13):(13,14)	(13,15)	(13,16)	(14,13)	(14,14)	(14,15)	(15,13)	(15,14)	(15,15)	(16,13)	(16,14)	(16,15)	(17,13)	(17,14)	(17,15)	(18,13)	(18,14)	(19,13)	(19,14)	(20,13)	(20,14)	(21,13)	(21,14)	(22,14)	(22,15)	(22,25)	(23,14)	(23,15)	(23,16)	(23,17)	(23,18)	(23,19)	(23,20)	(23,21)	(23,22)	(23,23)	(23,24)	(23,25)	(23,26)	(23,27)	(24,13)	(24,20)	(24,21)	(24,22)	(24,23)	(24,24)	(24,25)	(24,26)	
(24,20):(22,14)	(22,15)	(22,25)	(23,14)	(23,15)	(23,16)	(23,17)	(23,18)	(23,19)	(23,20)	(23,21)	(23,22)	(23,23)	(23,24)	(23,25)	(23,26)	(23,27)	(24,13)	(24,20)	(24,21)	(24,22)	(24,23)	(24,24)	(24,25)	(24,26)	(25,20)	(25,21)	(25,22)	(25,23)	(25,24)	(25,25)	(25,26)	(26,27)	
(25,20):(22,25)	(23,20)	(23,21)	(23,22)	(23,23)	(23,24)	(23,25)	(23,26)	(23,27)	(24,20)	(24,21)	(24,22)	(24,23)	(24,24)	(24,25)	(24,26)	(25,18)	(25,20)	(25,21)	(25,22)	(25,23)	(25,24)	(25,25)	(25,26)	(26,19)	(26,27)	(27,18)	
(25,18):(25,18)	(25,20)	(25,21)	(25,22)	(25,23)	(25,24)	(25,25)	(25,26)	(26,19)	(26,27)	(27,18)	(27,19)	
(27,18):(25,18)	(25,20)	(26,19)	(27,18)	(27,19)	
(27,19):(25,18)	(26,19)	(27,18)	(27,19)	
(26,19):25.833334
(26,27):37.166668
(23,27):29.616072
(23,26):51.729439
(15,26):20.642857
(15,24):15.166667
(14,24):5.125000
(14,23):12.250000
(18,23):15.250000
(18,22):12.166667
(11,22):8.000000
(11,21):8.071428
(19,21):14.250000
(19,25):23.166666
(22,25):48.633335
(22,15):92.764069
(17,15):78.357140
(17,17):48.299999
(12,17):55.500000
(12,14):22.200001
(13,14):78.222221
(13,7):90.378967
(10,7):59.724998
(10,9):39.791668
(8,9):76.083336
(8,16):60.813461
(4,16):51.171429
(4,11):71.333336
(3,11):41.200001
(3,10):62.266666
(1,10):50.047619
(1,4):55.226189
(5,4):31.000000
(5,6):73.562500
(7,6):80.750000
(7,3):33.500000
(2,3):11.000000
(2,1):10.675000
(6,1):8.000000
(6,2):13.000000
(9,2):43.500000
(9,5):70.196426
(16,5):67.000000
(16,8):81.190475
(20,8):58.714287
(20,12):72.657143
(21,12):32.208332
(21,13):68.104164
(24,13):49.609306
(24,20):42.000000
(25,20):29.799999
(25,18):10.000000
(27,18):2.500000
(27,19):2.000000
(26,19),(26,27):24.454546
(26,19),(23,27):20.616072
(26,19),(23,26):24.380953
(26,19),(15,26):5.476191
(26,19),(15,24):0.297619
(26,19),(14,24):0.000000
(26,19),(14,23):0.004386
(26,19),(18,23):0.000000
(26,19),(18,22):0.000000
(26,19),(11,22):0.000000
(26,19),(11,21):0.000000
(26,19),(19,21):0.000000
(26,19),(19,25):5.458333
(26,19),(22,25):23.466667
(26,19),(22,15):17.811687
(26,19),(17,15):0.000000
(26,19),(17,17):0.000000
(26,19),(12,17):0.000000
(26,19),(12,14):0.000000
(26,19),(13,14):0.000000
(26,19),(13,7):0.000000
(26,19),(10,7):0.000000
(26,19),(10,9):0.000000
(26,19),(8,9):0.000000
(26,19),(8,16):0.000000
(26,19),(4,16):0.000000
(26,19),(4,11):0.000000
(26,19),(3,11):0.000000
(26,19),(3,10):0.000000
(26,19),(1,10):0.000000
(26,19),(1,4):0.000000
(26,19),(5,4):0.000000
(26,19),(5,6):0.000000
(26,19),(7,6):0.000000
(26,19),(7,3):0.000000
(26,19),(2,3):0.000000
(26,19),(2,1):0.000000
(26,19),(6,1):0.000000
(26,19),(6,2):0.000000
(26,19),(9,2):0.000000
(26,19),(9,5):0.000000
(26,19),(16,5):0.000000
(26,19),(16,8):0.000000
(26,19),(20,8):0.000000
(26,19),(20,12):0.000000
(26,19),(21,12):0.000000
(26,19),(21,13):0.000000
(26,19),(24,13):9.083333
(26,19),(24,20):22.700001
(26,19),(25,20):25.299999
(26,19),(25,18):10.000000
(26,19),(27,18):2.500000
(26,19),(27,19):2.000000
(26,27),(23,27):24.178572
(26,27),(23,26):36.015152
(26,27),(15,26):5.642857
(26,27),(15,24):0.000000
(26,27),(14,24):0.000000
(26,27),(14,23):0.000000
(26,27),(18,23):0.000000
(26,27),(18,22):0.000000
(26,27),(11,22):0.000000
(26,27),(11,21):0.000000
(26,27),(19,21):0.000000
(26,27),(19,25):5.625000
(26,27),(22,25):34.833332
(26,27),(22,15):29.454546
(26,27),(17,15):1.238095
(26,27),(17,17):0.000000
(26,27),(12,17):0.078431
(26,27),(12,14):0.612045
(26,27),(13,14):1.256831
(26,27),(13,7):1.010907
(26,27),(10,7):0.000000
(26,27),(10,9):0.000000
(26,27),(8,9):0.000000
(26,27),(8,16):0.000000
(26,27),(4,16):0.000000
(26,27),(4,11):0.000000
(26,27),(3,11):0.000000
(26,27),(3,10):0.000000
(26,27),(1,10):0.000000
(26,27),(1,4):0.000000
(26,27),(5,4):0.000000
(26,27),(5,6):0.000000
(26,27),(7,6):0.000000
(26,27),(7,3):0.000000
(26,27),(2,3):0.000000
(26,27),(2,1):0.000000
(26,27),(6,1):0.000000
(26,27),(6,2):0.000000
(26,27),(9,2):0.000000
(26,27),(9,5):0.000000
(26,27),(16,5):0.000000
(26,27),(16,8):0.907143
(26,27),(20,8):0.000000
(26,27),(20,12):1.050000
(26,27),(21,12):0.000000
(26,27),(21,13):2.000000
(26,27),(24,13):20.535088
(26,27),(24,20):34.578430
(26,27),(25,20):28.944445
(26,27),(25,18):9.000000
(26,27),(27,18):1.500000
(26,27),(27,19):1.000000
(23,27),(23,26):29.520834
(23,27),(15,26):4.071429
(23,27),(15,24):0.000000
(23,27),(14,24):0.000000
(23,27),(14,23):0.000000
(23,27),(18,23):0.000000
(23,27),(18,22):0.000000
(23,27),(11,22):0.000000
(23,27),(11,21):0.000000
(23,27),(19,21):0.000000
(23,27),(19,25):4.125000
(23,27),(22,25):28.487499
(23,27),(22,15):22.954546
(23,27),(17,15):2.000000
(23,27),(17,17):0.000000
(23,27),(12,17):0.000000
(23,27),(12,14):1.150000
(23,27),(13,14):2.166667
(23,27),(13,7):1.458333
(23,27),(10,7):0.000000
(23,27),(10,9):0.000000
(23,27),(8,9):0.000000
(23,27),(8,16):0.000000
(23,27),(4,16):0.000000
(23,27),(4,11):0.000000
(23,27),(3,11):0.000000
(23,27),(3,10):0.000000
(23,27),(1,10):0.000000
(23,27),(1,4):0.000000
(23,27),(5,4):0.000000
(23,27),(5,6):0.000000
(23,27),(7,6):0.000000
(23,27),(7,3):0.000000
(23,27),(2,3):0.000000
(23,27),(2,1):0.000000
(23,27),(6,1):0.000000
(23,27),(6,2):0.000000
(23,27),(9,2):0.000000
(23,27),(9,5):0.000000
(23,27),(16,5):0.000000
(23,27),(16,8):1.250000
(23,27),(20,8):0.000000
(23,27),(20,12):1.750000
(23,27),(21,12):0.000000
(23,27),(21,13):5.000000
(23,27),(24,13):14.000000
(23,27),(24,20):28.000000
(23,27),(25,20):22.616072
(23,27),(25,18):8.616072
(23,27),(27,18):1.116071
(23,27),(27,19):0.758929
(23,26),(15,26):14.142858
(23,26),(15,24):8.000000
(23,26),(14,24):0.000000
(23,26),(14,23):5.250000
(23,26),(18,23):6.250000
(23,26),(18,22):1.291667
(23,26),(11,22):0.000000
(23,26),(11,21):0.000000
(23,26),(19,21):2.694444
(23,26),(19,25):14.125000
(23,26),(22,25):48.514286
(23,26),(22,15):36.136364
(23,26),(17,15):4.181818
(23,26),(17,17):0.000000
(23,26),(12,17):0.006380
(23,26),(12,14):2.245455
(23,26),(13,14):4.404040
(23,26),(13,7):2.853997
(23,26),(10,7):0.000000
(23,26),(10,9):0.000000
(23,26),(8,9):0.000000
(23,26),(8,16):0.000000
(23,26),(4,16):0.000000
(23,26),(4,11):0.000000
(23,26),(3,11):0.000000
(23,26),(3,10):0.000000
(23,26),(1,10):0.000000
(23,26),(1,4):0.000000
(23,26),(5,4):0.000000
(23,26),(5,6):0.000000
(23,26),(7,6):0.000000
(23,26),(7,3):0.000000
(23,26),(2,3):0.000000
(23,26),(2,1):0.000000
(23,26),(6,1):0.000000
(23,26),(6,2):0.000000
(23,26),(9,2):0.000000
(23,26),(9,5):0.000000
(23,26),(16,5):0.000000
(23,26),(16,8):2.383333
(23,26),(20,8):0.000000
(23,26),(20,12):3.050000
(23,26),(21,12):0.000000
(23,26),(21,13):8.181818
(23,26),(24,13):27.265152
(23,26),(24,20):41.381817
(23,26),(25,20):28.847618
(23,26),(25,18):8.547619
(23,26),(27,18):1.047619
(23,26),(27,19):0.714286
(15,26),(15,24):14.166667
(15,26),(14,24):4.125000
(15,26),(14,23):11.250000
(15,26),(18,23):12.750000
(15,26),(18,22):3.666667
(15,26),(11,22):0.000000
(15,26),(11,21):0.008929
(15,26),(19,21):5.750000
(15,26),(19,25):19.500000
(15,26),(22,25):12.142858
(15,26),(22,15):5.081081
(15,26),(17,15):0.000000
(15,26),(17,17):0.000000
(15,26),(12,17):0.000000
(15,26),(12,14):0.000000
(15,26),(13,14):0.000000
(15,26),(13,7):0.000000
(15,26),(10,7):0.000000
(15,26),(10,9):0.000000
(15,26),(8,9):0.000000
(15,26),(8,16):0.000000
(15,26),(4,16):0.000000
(15,26),(4,11):0.000000
(15,26),(3,11):0.000000
(15,26),(3,10):0.000000
(15,26),(1,10):0.000000
(15,26),(1,4):0.000000
(15,26),(5,4):0.000000
(15,26),(5,6):0.000000
(15,26),(7,6):0.000000
(15,26),(7,3):0.000000
(15,26),(2,3):0.000000
(15,26),(2,1):0.000000
(15,26),(6,1):0.000000
(15,26),(6,2):0.000000
(15,26),(9,2):0.000000
(15,26),(9,5):0.000000
(15,26),(16,5):0.000000
(15,26),(16,8):0.000000
(15,26),(20,8):0.000000
(15,26),(20,12):0.000000
(15,26),(21,12):0.000000
(15,26),(21,13):0.000000
(15,26),(24,13):2.369048
(15,26),(24,20):5.342857
(15,26),(25,20):5.442857
(15,26),(25,18):1.500000
(15,26),(27,18):0.000000
(15,26),(27,19):0.000000
(15,24),(14,24):5.125000
(15,24),(14,23):12.250000
(15,24),(18,23):13.416667
(15,24),(18,22):3.333333
(15,24),(11,22):0.000000
(15,24),(11,21):0.000000
(15,24),(19,21):5.416667
(15,24),(19,25):15.041667
(15,24),(22,25):6.000000
(15,24),(22,15):0.125000
(15,24),(17,15):0.000000
(15,24),(17,17):0.000000
(15,24),(12,17):0.000000
(15,24),(12,14):0.000000
(15,24),(13,14):0.000000
(15,24),(13,7):0.000000
(15,24),(10,7):0.000000
(15,24),(10,9):0.000000
(15,24),(8,9):0.000000
(15,24),(8,16):0.000000
(15,24),(4,16):0.000000
(15,24),(4,11):0.000000
(15,24),(3,11):0.000000
(15,24),(3,10):0.000000
(15,24),(1,10):0.000000
(15,24),(1,4):0.000000
(15,24),(5,4):0.000000
(15,24),(5,6):0.000000
(15,24),(7,6):0.000000
(15,24),(7,3):0.000000
(15,24),(2,3):0.000000
(15,24),(2,1):0.000000
(15,24),(6,1):0.000000
(15,24),(6,2):0.000000
(15,24),(9,2):0.000000
(15,24),(9,5):0.000000
(15,24),(16,5):0.000000
(15,24),(16,8):0.000000
(15,24),(20,8):0.000000
(15,24),(20,12):0.000000
(15,24),(21,12):0.000000
(15,24),(21,13):0.000000
(15,24),(24,13):0.163333
(15,24),(24,20):0.222727
(15,24),(25,20):0.278261
(15,24),(25,18):0.000000
(15,24),(27,18):0.000000
(15,24),(27,19):0.000000
(14,24),(14,23):5.000000
(14,24),(18,23):5.125000
(14,24),(18,22):1.125000
(14,24),(11,22):0.000000
(14,24),(11,21):0.000000
(14,24),(19,21):1.375000
(14,24),(19,25):5.000000
(14,24),(22,25):0.000000
(14,24),(22,15):0.000000
(14,24),(17,15):0.000000
(14,24),(17,17):0.000000
(14,24),(12,17):0.000000
(14,24),(12,14):0.000000
(14,24),(13,14):0.000000
(14,24),(13,7):0.000000
(14,24),(10,7):0.000000
(14,24),(10,9):0.000000
(14,24),(8,9):0.000000
(14,24),(8,16):0.000000
(14,24),(4,16):0.000000
(14,24),(4,11):0.000000
(14,24),(3,11):0.000000
(14,24),(3,10):0.000000
(14,24),(1,10):0.000000
(14,24),(1,4):0.000000
(14,24),(5,4):0.000000
(14,24),(5,6):0.000000
(14,24),(7,6):0.000000
(14,24),(7,3):0.000000
(14,24),(2,3):0.000000
(14,24),(2,1):0.000000
(14,24),(6,1):0.000000
(14,24),(6,2):0.000000
(14,24),(9,2):0.000000
(14,24),(9,5):0.000000
(14,24),(16,5):0.000000
(14,24),(16,8):0.000000
(14,24),(20,8):0.000000
(14,24),(20,12):0.000000
(14,24),(21,12):0.000000
(14,24),(21,13):0.000000
(14,24),(24,13):0.000000
(14,24),(24,20):0.000000
(14,24),(25,20):0.000000
(14,24),(25,18):0.000000
(14,24),(27,18):0.000000
(14,24),(27,19):0.000000
(14,23),(18,23):11.250000
(14,23),(18,22):3.166667
(14,23),(11,22):0.000000
(14,23),(11,21):0.000000
(14,23),(19,21):5.166667
(14,23),(19,25):12.125000
(14,23),(22,25):3.750000
(14,23),(22,15):0.000000
(14,23),(17,15):0.000000
(14,23),(17,17):0.000000
(14,23),(12,17):0.000000
(14,23),(12,14):0.000000
(14,23),(13,14):0.000000
(14,23),(13,7):0.000000
(14,23),(10,7):0.000000
(14,23),(10,9):0.000000
(14,23),(8,9):0.000000
(14,23),(8,16):0.000000
(14,23),(4,16):0.000000
(14,23),(4,11):0.000000
(14,23),(3,11):0.000000
(14,23),(3,10):0.000000
(14,23),(1,10):0.000000
(14,23),(1,4):0.000000
(14,23),(5,4):0.000000
(14,23),(5,6):0.000000
(14,23),(7,6):0.000000
(14,23),(7,3):0.000000
(14,23),(2,3):0.000000
(14,23),(2,1):0.000000
(14,23),(6,1):0.000000
(14,23),(6,2):0.000000
(14,23),(9,2):0.000000
(14,23),(9,5):0.000000
(14,23),(16,5):0.000000
(14,23),(16,8):0.000000
(14,23),(20,8):0.000000
(14,23),(20,12):0.000000
(14,23),(21,12):0.000000
(14,23),(21,13):0.000000
(14,23),(24,13):0.000000
(14,23),(24,20):0.000000
(14,23),(25,20):0.001613
(14,23),(25,18):0.000000
(14,23),(27,18):0.000000
(14,23),(27,19):0.000000
(18,23),(18,22):5.166667
(18,23),(11,22):1.000000
(18,23),(11,21):1.071429
(18,23),(19,21):7.250000
(18,23),(19,25):15.125000
(18,23),(22,25):4.250000
(18,23),(22,15):0.000000
(18,23),(17,15):0.000000
(18,23),(17,17):0.000000
(18,23),(12,17):0.000000
(18,23),(12,14):0.000000
(18,23),(13,14):0.000000
(18,23),(13,7):0.000000
(18,23),(10,7):0.000000
(18,23),(10,9):0.000000
(18,23),(8,9):0.000000
(18,23),(8,16):0.000000
(18,23),(4,16):0.000000
(18,23),(4,11):0.000000
(18,23),(3,11):0.000000
(18,23),(3,10):0.000000
(18,23),(1,10):0.000000
(18,23),(1,4):0.000000
(18,23),(5,4):0.000000
(18,23),(5,6):0.000000
(18,23),(7,6):0.000000
(18,23),(7,3):0.000000
(18,23),(2,3):0.000000
(18,23),(2,1):0.000000
(18,23),(6,1):0.000000
(18,23),(6,2):0.000000
(18,23),(9,2):0.000000
(18,23),(9,5):0.000000
(18,23),(16,5):0.000000
(18,23),(16,8):0.000000
(18,23),(20,8):0.000000
(18,23),(20,12):0.000000
(18,23),(21,12):0.000000
(18,23),(21,13):0.000000
(18,23),(24,13):0.000000
(18,23),(24,20):0.000000
(18,23),(25,20):0.000000
(18,23),(25,18):0.000000
(18,23),(27,18):0.000000
(18,23),(27,19):0.000000
(18,22),(11,22):8.000000
(18,22),(11,21):8.071428
(18,22),(19,21):12.000000
(18,22),(19,25):5.333333
(18,22),(22,25):1.166667
(18,22),(22,15):0.000000
(18,22),(17,15):0.000000
(18,22),(17,17):0.000000
(18,22),(12,17):0.000000
(18,22),(12,14):0.000000
(18,22),(13,14):0.000000
(18,22),(13,7):0.000000
(18,22),(10,7):0.000000
(18,22),(10,9):0.000000
(18,22),(8,9):0.000000
(18,22),(8,16):0.000000
(18,22),(4,16):0.000000
(18,22),(4,11):0.000000
(18,22),(3,11):0.000000
(18,22),(3,10):0.000000
(18,22),(1,10):0.000000
(18,22),(1,4):0.000000
(18,22),(5,4):0.000000
(18,22),(5,6):0.000000
(18,22),(7,6):0.000000
(18,22),(7,3):0.000000
(18,22),(2,3):0.000000
(18,22),(2,1):0.000000
(18,22),(6,1):0.000000
(18,22),(6,2):0.000000
(18,22),(9,2):0.000000
(18,22),(9,5):0.000000
(18,22),(16,5):0.000000
(18,22),(16,8):0.000000
(18,22),(20,8):0.000000
(18,22),(20,12):0.000000
(18,22),(21,12):0.000000
(18,22),(21,13):0.000000
(18,22),(24,13):0.000000
(18,22),(24,20):0.000000
(18,22),(25,20):0.000000
(18,22),(25,18):0.000000
(18,22),(27,18):0.000000
(18,22),(27,19):0.000000
(11,22),(11,21):8.000000
(11,22),(19,21):8.000000
(11,22),(19,25):1.166667
(11,22),(22,25):0.000000
(11,22),(22,15):0.000000
(11,22),(17,15):0.000000
(11,22),(17,17):0.000000
(11,22),(12,17):0.000000
(11,22),(12,14):0.000000
(11,22),(13,14):0.000000
(11,22),(13,7):0.000000
(11,22),(10,7):0.000000
(11,22),(10,9):0.000000
(11,22),(8,9):0.000000
(11,22),(8,16):0.000000
(11,22),(4,16):0.000000
(11,22),(4,11):0.000000
(11,22),(3,11):0.000000
(11,22),(3,10):0.000000
(11,22),(1,10):0.000000
(11,22),(1,4):0.000000
(11,22),(5,4):0.000000
(11,22),(5,6):0.000000
(11,22),(7,6):0.000000
(11,22),(7,3):0.000000
(11,22),(2,3):0.000000
(11,22),(2,1):0.000000
(11,22),(6,1):0.000000
(11,22),(6,2):0.000000
(11,22),(9,2):0.000000
(11,22),(9,5):0.000000
(11,22),(16,5):0.000000
(11,22),(16,8):0.000000
(11,22),(20,8):0.000000
(11,22),(20,12):0.000000
(11,22),(21,12):0.000000
(11,22),(21,13):0.000000
(11,22),(24,13):0.000000
(11,22),(24,20):0.000000
(11,22),(25,20):0.000000
(11,22),(25,18):0.000000
(11,22),(27,18):0.000000
(11,22),(27,19):0.000000
(11,21),(19,21):8.071428
(11,21),(19,25):1.238095
(11,21),(22,25):0.000000
(11,21),(22,15):0.000000
(11,21),(17,15):0.000000
(11,21),(17,17):0.000000
(11,21),(12,17):0.000000
(11,21),(12,14):0.000000
(11,21),(13,14):0.000000
(11,21),(13,7):0.000000
(11,21),(10,7):0.000000
(11,21),(10,9):0.000000
(11,21),(8,9):0.000000
(11,21),(8,16):0.000000
(11,21),(4,16):0.000000
(11,21),(4,11):0.000000
(11,21),(3,11):0.000000
(11,21),(3,10):0.000000
(11,21),(1,10):0.000000
(11,21),(1,4):0.000000
(11,21),(5,4):0.000000
(11,21),(5,6):0.000000
(11,21),(7,6):0.000000
(11,21),(7,3):0.000000
(11,21),(2,3):0.000000
(11,21),(2,1):0.000000
(11,21),(6,1):0.000000
(11,21),(6,2):0.000000
(11,21),(9,2):0.000000
(11,21),(9,5):0.000000
(11,21),(16,5):0.000000
(11,21),(16,8):0.000000
(11,21),(20,8):0.000000
(11,21),(20,12):0.000000
(11,21),(21,12):0.000000
(11,21),(21,13):0.000000
(11,21),(24,13):0.000000
(11,21),(24,20):0.000000
(11,21),(25,20):0.000000
(11,21),(25,18):0.000000
(11,21),(27,18):0.000000
(11,21),(27,19):0.000000
(19,21),(19,25):7.416667
(19,21),(22,25):2.250000
(19,21),(22,15):0.000000
(19,21),(17,15):0.000000
(19,21),(17,17):0.000000
(19,21),(12,17):0.000000
(19,21),(12,14):0.000000
(19,21),(13,14):0.000000
(19,21),(13,7):0.000000
(19,21),(10,7):0.000000
(19,21),(10,9):0.000000
(19,21),(8,9):0.000000
(19,21),(8,16):0.000000
(19,21),(4,16):0.000000
(19,21),(4,11):0.000000
(19,21),(3,11):0.000000
(19,21),(3,10):0.000000
(19,21),(1,10):0.000000
(19,21),(1,4):0.000000
(19,21),(5,4):0.000000
(19,21),(5,6):0.000000
(19,21),(7,6):0.000000
(19,21),(7,3):0.000000
(19,21),(2,3):0.000000
(19,21),(2,1):0.000000
(19,21),(6,1):0.000000
(19,21),(6,2):0.000000
(19,21),(9,2):0.000000
(19,21),(9,5):0.000000
(19,21),(16,5):0.000000
(19,21),(16,8):0.000000
(19,21),(20,8):0.000000
(19,21),(20,12):0.000000
(19,21),(21,12):0.000000
(19,21),(21,13):0.000000
(19,21),(24,13):0.000000
(19,21),(24,20):0.000000
(19,21),(25,20):0.000000
(19,21),(25,18):0.000000
(19,21),(27,18):0.000000
(19,21),(27,19):0.000000
(19,25),(22,25):12.125000
(19,25),(22,15):5.125000
(19,25),(17,15):0.000000
(19,25),(17,17):0.000000
(19,25),(12,17):0.000000
(19,25),(12,14):0.000000
(19,25),(13,14):0.000000
(19,25),(13,7):0.000000
(19,25),(10,7):0.000000
(19,25),(10,9):0.000000
(19,25),(8,9):0.000000
(19,25),(8,16):0.000000
(19,25),(4,16):0.000000
(19,25),(4,11):0.000000
(19,25),(3,11):0.000000
(19,25),(3,10):0.000000
(19,25),(1,10):0.000000
(19,25),(1,4):0.000000
(19,25),(5,4):0.000000
(19,25),(5,6):0.000000
(19,25),(7,6):0.000000
(19,25),(7,3):0.000000
(19,25),(2,3):0.000000
(19,25),(2,1):0.000000
(19,25),(6,1):0.000000
(19,25),(6,2):0.000000
(19,25),(9,2):0.000000
(19,25),(9,5):0.000000
(19,25),(16,5):0.000000
(19,25),(16,8):0.000000
(19,25),(20,8):0.000000
(19,25),(20,12):0.000000
(19,25),(21,12):0.000000
(19,25),(21,13):0.000000
(19,25),(24,13):2.208333
(19,25),(24,20):5.325000
(19,25),(25,20):5.425000
(19,25),(25,18):1.625000
(19,25),(27,18):0.000000
(19,25),(27,19):0.000000
(22,25),(22,15):35.500000
(22,25),(17,15):4.000000
(22,25),(17,17):0.000000
(22,25),(12,17):0.000000
(22,25),(12,14):2.200000
(22,25),(13,14):4.222222
(22,25),(13,7):2.777778
(22,25),(10,7):0.000000
(22,25),(10,9):0.000000
(22,25),(8,9):0.000000
(22,25),(8,16):0.000000
(22,25),(4,16):0.000000
(22,25),(4,11):0.000000
(22,25),(3,11):0.000000
(22,25),(3,10):0.000000
(22,25),(1,10):0.000000
(22,25),(1,4):0.000000
(22,25),(5,4):0.000000
(22,25),(5,6):0.000000
(22,25),(7,6):0.000000
(22,25),(7,3):0.000000
(22,25),(2,3):0.000000
(22,25),(2,1):0.000000
(22,25),(6,1):0.000000
(22,25),(6,2):0.000000
(22,25),(9,2):0.000000
(22,25),(9,5):0.000000
(22,25),(16,5):0.000000
(22,25),(16,8):2.333333
(22,25),(20,8):0.000000
(22,25),(20,12):3.000000
(22,25),(21,12):0.000000
(22,25),(21,13):8.000000
(22,25),(24,13):26.583334
(22,25),(24,20):40.700001
(22,25),(25,20):27.933332
(22,25),(25,18):8.133333
(22,25),(27,18):0.633333
(22,25),(27,19):0.433333
(22,15),(17,15):59.559525
(22,15),(17,17):34.942856
(22,15),(12,17):38.836666
(22,15),(12,14):12.200000
(22,15),(13,14):58.781746
(22,15),(13,7):57.692459
(22,15),(10,7):4.821429
(22,15),(10,9):0.000000
(22,15),(8,9):0.367647
(22,15),(8,16):0.000000
(22,15),(4,16):0.000000
(22,15),(4,11):0.964286
(22,15),(3,11):1.314239
(22,15),(3,10):1.977644
(22,15),(1,10):2.483766
(22,15),(1,4):0.000000
(22,15),(5,4):0.000000
(22,15),(5,6):2.598214
(22,15),(7,6):5.267857
(22,15),(7,3):0.000000
(22,15),(2,3):0.000000
(22,15),(2,1):0.000000
(22,15),(6,1):0.000000
(22,15),(6,2):0.000000
(22,15),(9,2):0.000000
(22,15),(9,5):7.901190
(22,15),(16,5):28.559525
(22,15),(16,8):57.642857
(22,15),(20,8):44.238094
(22,15),(20,12):58.523811
(22,15),(21,12):24.625000
(22,15),(21,13):61.437500
(22,15),(24,13):45.909092
(22,15),(24,20):36.754547
(22,15),(25,20):21.954546
(22,15),(25,18):3.250000
(22,15),(27,18):0.000000
(22,15),(27,19):0.000000
(17,15),(17,17):48.157143
(17,15),(12,17):55.049999
(17,15),(12,14):22.000000
(17,15),(13,14):77.357140
(17,15),(13,7):69.000000
(17,15),(10,7):6.428571
(17,15),(10,9):0.000000
(17,15),(8,9):0.000000
(17,15),(8,16):0.000000
(17,15),(4,16):0.000000
(17,15),(4,11):0.250000
(17,15),(3,11):0.500000
(17,15),(3,10):1.254902
(17,15),(1,10):2.256494
(17,15),(1,4):0.000000
(17,15),(5,4):0.000000
(17,15),(5,6):3.555195
(17,15),(7,6):7.125435
(17,15),(7,3):0.000000
(17,15),(2,3):0.000000
(17,15),(2,1):0.000000
(17,15),(6,1):0.000000
(17,15),(6,2):0.000000
(17,15),(9,2):0.000000
(17,15),(9,5):11.178572
(17,15),(16,5):37.857143
(17,15),(16,8):72.857140
(17,15),(20,8):58.714287
(17,15),(20,12):68.357140
(17,15),(21,12):32.208332
(17,15),(21,13):62.437500
(17,15),(24,13):26.525974
(17,15),(24,20):4.800000
(17,15),(25,20):0.000000
(17,15),(25,18):0.000000
(17,15),(27,18):0.000000
(17,15),(27,19):0.000000
(17,17),(12,17):34.125000
(17,17),(12,14):15.000000
(17,17),(13,14):47.500000
(17,17),(13,7):45.133335
(17,17),(10,7):6.355556
(17,17),(10,9):0.000000
(17,17),(8,9):0.000000
(17,17),(8,16):0.000000
(17,17),(4,16):0.000000
(17,17),(4,11):0.168421
(17,17),(3,11):0.393023
(17,17),(3,10):1.113008
(17,17),(1,10):2.105672
(17,17),(1,4):0.000000
(17,17),(5,4):0.000000
(17,17),(5,6):3.562285
(17,17),(7,6):7.064151
(17,17),(7,3):0.000000
(17,17),(2,3):0.000000
(17,17),(2,1):0.000000
(17,17),(6,1):0.000000
(17,17),(6,2):0.000000
(17,17),(9,2):0.000000
(17,17),(9,5):9.085714
(17,17),(16,5):37.799999
(17,17),(16,8):47.299999
(17,17),(20,8):37.714287
(17,17),(20,12):42.157143
(17,17),(21,12):20.208334
(17,17),(21,13):39.737499
(17,17),(24,13):12.525974
(17,17),(24,20):0.000000
(17,17),(25,20):0.000000
(17,17),(25,18):0.000000
(17,17),(27,18):0.000000
(17,17),(27,19):0.000000
(12,17),(12,14):16.250000
(12,17),(13,14):55.500000
(12,17),(13,7):49.345757
(12,17),(10,7):0.666667
(12,17),(10,9):0.000000
(12,17),(8,9):0.000000
(12,17),(8,16):0.000000
(12,17),(4,16):0.000000
(12,17),(4,11):0.000000
(12,17),(3,11):0.000000
(12,17),(3,10):0.000000
(12,17),(1,10):0.000000
(12,17),(1,4):0.000000
(12,17),(5,4):0.000000
(12,17),(5,6):0.735833
(12,17),(7,6):0.986842
(12,17),(7,3):0.000000
(12,17),(2,3):0.000000
(12,17),(2,1):0.000000
(12,17),(6,1):0.000000
(12,17),(6,2):0.000000
(12,17),(9,2):0.000000
(12,17),(9,5):4.321429
(12,17),(16,5):24.000000
(12,17),(16,8):53.857143
(12,17),(20,8):50.914288
(12,17),(20,12):52.089287
(12,17),(21,12):28.341667
(12,17),(21,13):42.312500
(12,17),(24,13):17.359308
(12,17),(24,20):0.110345
(12,17),(25,20):0.000000
(12,17),(25,18):0.000000
(12,17),(27,18):0.000000
(12,17),(27,19):0.000000
(12,14),(13,14):22.200001
(12,14),(13,7):18.160257
(12,14),(10,7):0.000000
(12,14),(10,9):0.000000
(12,14),(8,9):0.000000
(12,14),(8,16):0.000000
(12,14),(4,16):0.000000
(12,14),(4,11):0.000000
(12,14),(3,11):0.000000
(12,14),(3,10):0.000000
(12,14),(1,10):0.000000
(12,14),(1,4):0.000000
(12,14),(5,4):0.000000
(12,14),(5,6):0.000000
(12,14),(7,6):0.000000
(12,14),(7,3):0.000000
(12,14),(2,3):0.000000
(12,14),(2,1):0.000000
(12,14),(6,1):0.000000
(12,14),(6,2):0.000000
(12,14),(9,2):0.000000
(12,14),(9,5):0.000000
(12,14),(16,5):10.500000
(12,14),(16,8):19.555555
(12,14),(20,8):16.714285
(12,14),(20,12):18.412699
(12,14),(21,12):16.208334
(12,14),(21,13):18.137501
(12,14),(24,13):15.725974
(12,14),(24,20):2.400000
(12,14),(25,20):0.000000
(12,14),(25,18):0.000000
(12,14),(27,18):0.000000
(12,14),(27,19):0.000000
(13,14),(13,7):68.824013
(13,14),(10,7):6.000000
(13,14),(10,9):0.000000
(13,14),(8,9):0.000000
(13,14),(8,16):0.000000
(13,14),(4,16):0.000000
(13,14),(4,11):0.000000
(13,14),(3,11):0.071429
(13,14),(3,10):0.595238
(13,14),(1,10):1.500000
(13,14),(1,4):0.000000
(13,14),(5,4):0.000000
(13,14),(5,6):3.562500
(13,14),(7,6):6.750000
(13,14),(7,3):0.000000
(13,14),(2,3):0.000000
(13,14),(2,1):0.000000
(13,14),(6,1):0.000000
(13,14),(6,2):0.000000
(13,14),(9,2):0.000000
(13,14),(9,5):10.821428
(13,14),(16,5):37.500000
(13,14),(16,8):72.562500
(13,14),(20,8):58.714287
(13,14),(20,12):67.419640
(13,14),(21,12):32.208332
(13,14),(21,13):61.659721
(13,14),(24,13):26.748196
(13,14),(24,20):5.022222
(13,14),(25,20):0.000000
(13,14),(25,18):0.000000
(13,14),(27,18):0.000000
(13,14),(27,19):0.000000
(13,7),(10,7):26.000000
(13,7),(10,9):14.000000
(13,7),(8,9):16.000000
(13,7),(8,16):9.750000
(13,7),(4,16):8.969333
(13,7),(4,11):16.076923
(13,7),(3,11):13.607142
(13,7),(3,10):17.333334
(13,7),(1,10):18.285715
(13,7),(1,4):6.000000
(13,7),(5,4):5.000000
(13,7),(5,6):16.562500
(13,7),(7,6):25.750000
(13,7),(7,3):7.000000
(13,7),(2,3):0.000000
(13,7),(2,1):0.000000
(13,7),(6,1):0.000000
(13,7),(6,2):0.000000
(13,7),(9,2):5.250000
(13,7),(9,5):24.821428
(13,7),(16,5):52.000000
(13,7),(16,8):75.968254
(13,7),(20,8):53.476189
(13,7),(20,12):65.553970
(13,7),(21,12):28.976191
(13,7),(21,13):59.212303
(13,7),(24,13):22.688492
(13,7),(24,20):3.224206
(13,7),(25,20):0.000000
(13,7),(25,18):0.000000
(13,7),(27,18):0.000000
(13,7),(27,19):0.000000
(10,7),(10,9):35.599998
(10,7),(8,9):49.433334
(10,7),(8,16):34.763462
(10,7),(4,16):27.327679
(10,7),(4,11):44.190910
(10,7),(3,11):35.253845
(10,7),(3,10):46.700001
(10,7),(1,10):43.126785
(10,7),(1,4):33.583332
(10,7),(5,4):21.100000
(10,7),(5,6):46.599998
(10,7),(7,6):57.750000
(10,7),(7,3):16.625000
(10,7),(2,3):1.125000
(10,7),(2,1):1.063187
(10,7),(6,1):0.000000
(10,7),(6,2):2.125000
(10,7),(9,2):20.125000
(10,7),(9,5):49.125000
(10,7),(16,5):35.500000
(10,7),(16,8):12.857142
(10,7),(20,8):0.000000
(10,7),(20,12):4.800000
(10,7),(21,12):0.000000
(10,7),(21,13):4.666667
(10,7),(24,13):0.000000
(10,7),(24,20):0.000000
(10,7),(25,20):0.000000
(10,7),(25,18):0.000000
(10,7),(27,18):0.000000
(10,7),(27,19):0.000000
(10,9),(8,9):39.625000
(10,9),(8,16):28.480127
(10,9),(4,16):20.275000
(10,9),(4,11):34.019608
(10,9),(3,11):24.685715
(10,9),(3,10):34.166668
(10,9),(1,10):33.702381
(10,9),(1,4):25.416666
(10,9),(5,4):16.666666
(10,9),(5,6):31.666666
(10,9),(7,6):34.875000
(10,9),(7,3):16.625000
(10,9),(2,3):1.625000
(10,9),(2,1):1.485714
(10,9),(6,1):0.000000
(10,9),(6,2):3.125000
(10,9),(9,2):15.375000
(10,9),(9,5):26.125000
(10,9),(16,5):22.000000
(10,9),(16,8):2.357143
(10,9),(20,8):0.000000
(10,9),(20,12):0.000000
(10,9),(21,12):0.000000
(10,9),(21,13):0.000000
(10,9),(24,13):0.000000
(10,9),(24,20):0.000000
(10,9),(25,20):0.000000
(10,9),(25,18):0.000000
(10,9),(27,18):0.000000
(10,9),(27,19):0.000000
(8,9),(8,16):59.413460
(8,9),(4,16):49.671429
(8,9),(4,11):68.333336
(8,9),(3,11):37.700001
(8,9),(3,10):57.599998
(8,9),(1,10):44.047619
(8,9),(1,4):53.226189
(8,9),(5,4):29.000000
(8,9),(5,6):65.500000
(8,9),(7,6):70.000000
(8,9),(7,3):24.833334
(8,9),(2,3):2.083333
(8,9),(2,1):1.848913
(8,9),(6,1):0.000000
(8,9),(6,2):4.083333
(8,9),(9,2):38.583332
(8,9),(9,5):54.958332
(8,9),(16,5):25.500000
(8,9),(16,8):3.982143
(8,9),(20,8):0.000000
(8,9),(20,12):0.675000
(8,9),(21,12):0.000000
(8,9),(21,13):0.595238
(8,9),(24,13):0.000000
(8,9),(24,20):0.000000
(8,9),(25,20):0.000000
(8,9),(25,18):0.000000
(8,9),(27,18):0.000000
(8,9),(27,19):0.000000
(8,16),(4,16):43.066666
(8,16),(4,11):57.608334
(8,16),(3,11):28.400000
(8,16),(3,10):45.275002
(8,16),(1,10):32.708332
(8,16),(1,4):49.167858
(8,16),(5,4):26.775000
(8,16),(5,6):56.775002
(8,16),(7,6):53.375000
(8,16),(7,3):14.038462
(8,16),(2,3):1.038462
(8,16),(2,1):0.847059
(8,16),(6,1):0.000000
(8,16),(6,2):1.538462
(8,16),(9,2):31.538462
(8,16),(9,5):39.163460
(8,16),(16,5):16.445175
(8,16),(16,8):0.809524
(8,16),(20,8):0.000000
(8,16),(20,12):0.000000
(8,16),(21,12):0.000000
(8,16),(21,13):0.000000
(8,16),(24,13):0.000000
(8,16),(24,20):0.000000
(8,16),(25,20):0.000000
(8,16),(25,18):0.000000
(8,16),(27,18):0.000000
(8,16),(27,19):0.000000
(4,16),(4,11):48.904762
(4,16),(3,11):28.071428
(4,16),(3,10):35.571430
(4,16),(1,10):22.904762
(4,16),(1,4):34.892857
(4,16),(5,4):12.000000
(4,16),(5,6):44.571430
(4,16),(7,6):49.171429
(4,16),(7,3):18.645454
(4,16),(2,3):0.950000
(4,16),(2,1):1.043148
(4,16),(6,1):0.000000
(4,16),(6,2):2.638462
(4,16),(9,2):35.224998
(4,16),(9,5):40.796429
(4,16),(16,5):13.627311
(4,16),(16,8):2.046526
(4,16),(20,8):0.000000
(4,16),(20,12):0.001863
(4,16),(21,12):0.000000
(4,16),(21,13):0.000000
(4,16),(24,13):0.000000
(4,16),(24,20):0.000000
(4,16),(25,20):0.000000
(4,16),(25,18):0.000000
(4,16),(27,18):0.000000
(4,16),(27,19):0.000000
(4,11),(3,11):40.500000
(4,11),(3,10):58.000000
(4,11),(1,10):44.333332
(4,11),(1,4):52.351189
(4,11),(5,4):29.000000
(4,11),(5,6):64.750000
(4,11),(7,6):63.333332
(4,11),(7,3):19.133333
(4,11),(2,3):0.033333
(4,11),(2,1):0.308941
(4,11),(6,1):0.000000
(4,11),(6,2):1.020833
(4,11),(9,2):33.583332
(4,11),(9,5):48.541668
(4,11),(16,5):24.700001
(4,11),(16,8):4.284091
(4,11),(20,8):0.000000
(4,11),(20,12):1.351724
(4,11),(21,12):0.000000
(4,11),(21,13):1.254902
(4,11),(24,13):0.000000
(4,11),(24,20):0.000000
(4,11),(25,20):0.000000
(4,11),(25,18):0.000000
(4,11),(27,18):0.000000
(4,11),(27,19):0.000000
(3,11),(3,10):40.700001
(3,11),(1,10):35.033333
(3,11),(1,4):27.833334
(3,11),(5,4):14.000000
(3,11),(5,6):35.075001
(3,11),(7,6):37.200001
(3,11),(7,3):13.518182
(3,11),(2,3):0.000000
(3,11),(2,1):0.027273
(3,11),(6,1):0.000000
(3,11),(6,2):0.500000
(3,11),(9,2):16.264286
(3,11),(9,5):32.700001
(3,11),(16,5):20.377777
(3,11),(16,8):4.592945
(3,11),(20,8):0.000000
(3,11),(20,12):1.683117
(3,11),(21,12):0.000000
(3,11),(21,13):1.580672
(3,11),(24,13):0.000000
(3,11),(24,20):0.000000
(3,11),(25,20):0.000000
(3,11),(25,18):0.000000
(3,11),(27,18):0.000000
(3,11),(27,19):0.000000
(3,10),(1,10):48.599998
(3,10),(1,4):48.183334
(3,10),(5,4):26.500000
(3,10),(5,6):55.766666
(3,10),(7,6):54.266666
(3,10),(7,3):16.950001
(3,10),(2,3):0.000000
(3,10),(2,1):0.000000
(3,10),(6,1):0.000000
(3,10),(6,2):0.250000
(3,10),(9,2):21.816668
(3,10),(9,5):41.666668
(3,10),(16,5):27.666666
(3,10),(16,8):5.535417
(3,10),(20,8):0.000000
(3,10),(20,12):2.255357
(3,10),(21,12):0.000000
(3,10),(21,13):2.143939
(3,10),(24,13):0.000000
(3,10),(24,20):0.000000
(3,10),(25,20):0.000000
(3,10),(25,18):0.000000
(3,10),(27,18):0.000000
(3,10),(27,19):0.000000
(1,10),(1,4):35.464287
(1,10),(5,4):24.000000
(1,10),(5,6):43.214287
(1,10),(7,6):42.047619
(1,10),(7,3):11.922619
(1,10),(2,3):0.000000
(1,10),(2,1):0.000000
(1,10),(6,1):0.000000
(1,10),(6,2):0.033333
(1,10),(9,2):12.190476
(1,10),(9,5):32.922619
(1,10),(16,5):28.750000
(1,10),(16,8):6.532609
(1,10),(20,8):0.000000
(1,10),(20,12):2.697727
(1,10),(21,12):0.000000
(1,10),(21,13):2.580128
(1,10),(24,13):0.000000
(1,10),(24,20):0.000000
(1,10),(25,20):0.000000
(1,10),(25,18):0.000000
(1,10),(27,18):0.000000
(1,10),(27,19):0.000000
(1,4),(5,4):27.000000
(1,4),(5,6):55.226189
(1,4),(7,6):47.226189
(1,4),(7,3):10.750000
(1,4),(2,3):0.000000
(1,4),(2,1):0.000000
(1,4),(6,1):0.000000
(1,4),(6,2):0.000000
(1,4),(9,2):22.058241
(1,4),(9,5):32.601189
(1,4),(16,5):15.781818
(1,4),(16,8):0.000000
(1,4),(20,8):0.000000
(1,4),(20,12):0.000000
(1,4),(21,12):0.000000
(1,4),(21,13):0.000000
(1,4),(24,13):0.000000
(1,4),(24,20):0.000000
(1,4),(25,20):0.000000
(1,4),(25,18):0.000000
(1,4),(27,18):0.000000
(1,4),(27,19):0.000000
(5,4),(5,6):31.000000
(5,4),(7,6):23.000000
(5,4),(7,3):0.000000
(5,4),(2,3):0.000000
(5,4),(2,1):0.000000
(5,4),(6,1):0.000000
(5,4),(6,2):0.000000
(5,4),(9,2):5.000000
(5,4),(9,5):15.000000
(5,4),(16,5):11.555555
(5,4),(16,8):0.000000
(5,4),(20,8):0.000000
(5,4),(20,12):0.000000
(5,4),(21,12):0.000000
(5,4),(21,13):0.000000
(5,4),(24,13):0.000000
(5,4),(24,20):0.000000
(5,4),(25,20):0.000000
(5,4),(25,18):0.000000
(5,4),(27,18):0.000000
(5,4),(27,19):0.000000
(5,6),(7,6):65.562500
(5,6),(7,3):16.500000
(5,6),(2,3):0.000000
(5,6),(2,1):0.000000
(5,6),(6,1):0.000000
(5,6),(6,2):0.000000
(5,6),(9,2):30.500000
(5,6),(9,5):50.437500
(5,6),(16,5):27.062500
(5,6),(16,8):5.062500
(5,6),(20,8):0.000000
(5,6),(20,12):2.485714
(5,6),(21,12):0.000000
(5,6),(21,13):2.452381
(5,6),(24,13):0.000000
(5,6),(24,20):0.000000
(5,6),(25,20):0.000000
(5,6),(25,18):0.000000
(5,6),(27,18):0.000000
(5,6),(27,19):0.000000
(7,6),(7,3):25.000000
(7,6),(2,3):2.000000
(7,6),(2,1):1.800000
(7,6),(6,1):0.000000
(7,6),(6,2):4.000000
(7,6),(9,2):38.500000
(7,6),(9,5):65.625000
(7,6),(16,5):36.250000
(7,6),(16,8):13.607142
(7,6),(20,8):0.000000
(7,6),(20,12):5.200000
(7,6),(21,12):0.000000
(7,6),(21,13):5.066667
(7,6),(24,13):0.000000
(7,6),(24,20):0.000000
(7,6),(25,20):0.000000
(7,6),(25,18):0.000000
(7,6),(27,18):0.000000
(7,6),(27,19):0.000000
(7,3),(2,3):10.500000
(7,3),(2,1):10.175000
(7,3),(6,1):7.500000
(7,3),(6,2):12.500000
(7,3),(9,2):22.500000
(7,3),(9,5):20.500000
(7,3),(16,5):7.500000
(7,3),(16,8):1.857143
(7,3),(20,8):0.000000
(7,3),(20,12):0.000000
(7,3),(21,12):0.000000
(7,3),(21,13):0.000000
(7,3),(24,13):0.000000
(7,3),(24,20):0.000000
(7,3),(25,20):0.000000
(7,3),(25,18):0.000000
(7,3),(27,18):0.000000
(7,3),(27,19):0.000000
(2,3),(2,1):9.875000
(2,3),(6,1):8.000000
(2,3),(6,2):11.000000
(2,3),(9,2):7.000000
(2,3),(9,5):2.500000
(2,3),(16,5):0.000000
(2,3),(16,8):0.000000
(2,3),(20,8):0.000000
(2,3),(20,12):0.000000
(2,3),(21,12):0.000000
(2,3),(21,13):0.000000
(2,3),(24,13):0.000000
(2,3),(24,20):0.000000
(2,3),(25,20):0.000000
(2,3),(25,18):0.000000
(2,3),(27,18):0.000000
(2,3),(27,19):0.000000
(2,1),(6,1):8.000000
(2,1),(6,2):10.675000
(2,1),(9,2):6.675000
(2,1),(9,5):2.175000
(2,1),(16,5):0.000000
(2,1),(16,8):0.000000
(2,1),(20,8):0.000000
(2,1),(20,12):0.000000
(2,1),(21,12):0.000000
(2,1),(21,13):0.000000
(2,1),(24,13):0.000000
(2,1),(24,20):0.000000
(2,1),(25,20):0.000000
(2,1),(25,18):0.000000
(2,1),(27,18):0.000000
(2,1),(27,19):0.000000
(6,1),(6,2):8.000000
(6,1),(9,2):4.000000
(6,1),(9,5):0.000000
(6,1),(16,5):0.000000
(6,1),(16,8):0.000000
(6,1),(20,8):0.000000
(6,1),(20,12):0.000000
(6,1),(21,12):0.000000
(6,1),(21,13):0.000000
(6,1),(24,13):0.000000
(6,1),(24,20):0.000000
(6,1),(25,20):0.000000
(6,1),(25,18):0.000000
(6,1),(27,18):0.000000
(6,1),(27,19):0.000000
(6,2),(9,2):9.000000
(6,2),(9,5):4.500000
(6,2),(16,5):0.000000
(6,2),(16,8):0.000000
(6,2),(20,8):0.000000
(6,2),(20,12):0.000000
(6,2),(21,12):0.000000
(6,2),(21,13):0.000000
(6,2),(24,13):0.000000
(6,2),(24,20):0.000000
(6,2),(25,20):0.000000
(6,2),(25,18):0.000000
(6,2),(27,18):0.000000
(6,2),(27,19):0.000000
(9,2),(9,5):36.375000
(9,2),(16,5):6.533333
(9,2),(16,8):1.523810
(9,2),(20,8):0.000000
(9,2),(20,12):0.000000
(9,2),(21,12):0.000000
(9,2),(21,13):0.000000
(9,2),(24,13):0.000000
(9,2),(24,20):0.000000
(9,2),(25,20):0.000000
(9,2),(25,18):0.000000
(9,2),(27,18):0.000000
(9,2),(27,19):0.000000
(9,5),(16,5):30.750000
(9,5),(16,8):17.678572
(9,5),(20,8):2.821429
(9,5),(20,12):9.121428
(9,5),(21,12):0.000000
(9,5),(21,13):6.666667
(9,5),(24,13):0.000000
(9,5),(24,20):0.000000
(9,5),(25,20):0.000000
(9,5),(25,18):0.000000
(9,5),(27,18):0.000000
(9,5),(27,19):0.000000
(16,5),(16,8):43.500000
(16,5),(20,8):28.500000
(16,5),(20,12):35.299999
(16,5),(21,12):15.458333
(16,5),(21,13):33.416668
(16,5),(24,13):8.988722
(16,5),(24,20):0.000000
(16,5),(25,20):0.000000
(16,5),(25,18):0.000000
(16,5),(27,18):0.000000
(16,5),(27,19):0.000000
(16,8),(20,8):58.142857
(16,8),(20,12):70.633331
(16,8),(21,12):30.833334
(16,8),(21,13):60.500000
(16,8),(24,13):23.404762
(16,8),(24,20):2.666667
(16,8),(25,20):0.000000
(16,8),(25,18):0.000000
(16,8),(27,18):0.000000
(16,8),(27,19):0.000000
(20,8),(20,12):57.571430
(20,8),(21,12):28.904762
(20,8),(21,13):47.571430
(20,8),(24,13):18.142857
(20,8),(24,20):0.000000
(20,8),(25,20):0.000000
(20,8),(25,18):0.000000
(20,8),(27,18):0.000000
(20,8),(27,19):0.000000
(20,12),(21,12):32.190475
(20,12),(21,13):62.523811
(20,12),(24,13):24.928572
(20,12),(24,20):3.333333
(20,12),(25,20):0.000000
(20,12),(25,18):0.000000
(20,12),(27,18):0.000000
(20,12),(27,19):0.000000
(21,12),(21,13):30.875000
(21,12),(24,13):20.446428
(21,12),(24,20):0.000000
(21,12),(25,20):0.000000
(21,12),(25,18):0.000000
(21,12),(27,18):0.000000
(21,12),(27,19):0.000000
(21,13),(24,13):30.508928
(21,13),(24,20):8.800000
(21,13),(25,20):0.000000
(21,13),(25,18):0.000000
(21,13),(27,18):0.000000
(21,13),(27,19):0.000000
(24,13),(24,20):27.883333
(24,13),(25,20):13.083333
(24,13),(25,18):0.000000
(24,13),(27,18):0.000000
(24,13),(27,19):0.000000
(24,20),(25,20):27.200001
(24,20),(25,18):7.000000
(24,20),(27,18):0.000000
(24,20),(27,19):0.000000
(25,20),(25,18):9.500000
(25,20),(27,18):2.000000
(25,20),(27,19):1.500000
(25,18),(27,18):2.500000
(25,18),(27,19):2.000000
(27,18),(27,19):2.000000
