28
(11,3):(2,10)	(3,9)	(4,7)	(4,8)	(4,9)	(5,1)	(5,4)	(5,5)	(5,6)	(5,7)	(5,8)	(5,9)	(6,2)	(6,3)	(6,4)	(6,5)	(6,6)	(6,7)	(6,8)	(6,9)	(7,2)	(7,3)	(7,4)	(7,5)	(7,6)	(7,7)	(7,8)	(7,9)	(8,2)	(8,3)	(8,4)	(8,5)	(8,6)	(8,7)	(8,8)	(8,9)	(8,10)	(9,2)	(9,3)	(9,4)	(9,5)	(9,6)	(9,7)	(9,8)	(10,2)	(10,3)	(10,4)	(10,5)	(10,6)	(11,2)	(11,3)	(11,5)	(12,2)	(13,1)	(13,2)	(14,2)	(14,3)	
(11,5):(2,10)	(3,9)	(4,4)	(4,7)	(4,8)	(4,9)	(5,1)	(5,4)	(5,5)	(5,6)	(5,7)	(5,8)	(5,9)	(6,2)	(6,3)	(6,4)	(6,5)	(6,6)	(6,7)	(6,8)	(6,9)	(7,2)	(7,3)	(7,4)	(7,5)	(7,6)	(7,7)	(7,8)	(7,9)	(8,2)	(8,3)	(8,4)	(8,5)	(8,6)	(8,7)	(8,8)	(9,2)	(9,3)	(9,4)	(9,5)	(9,6)	(9,7)	(10,2)	(10,3)	(10,4)	(10,5)	(10,6)	(11,2)	(11,3)	(11,5)	(12,5)	(12,6)	
(12,5):(2,10)	(3,9)	(4,7)	(4,8)	(4,9)	(5,5)	(5,6)	(5,7)	(5,8)	(6,5)	(6,6)	(6,7)	(6,8)	(7,5)	(7,6)	(7,7)	(8,5)	(8,6)	(8,7)	(9,5)	(9,6)	(10,5)	(10,6)	(11,5)	(12,5)	(12,6)	
(12,6):(4,4)	(5,1)	(5,4)	(5,5)	(5,6)	(6,2)	(6,3)	(6,4)	(6,5)	(6,6)	(7,2)	(7,3)	(7,4)	(7,5)	(7,6)	(8,2)	(8,3)	(8,4)	(8,5)	(8,6)	(9,3)	(9,4)	(9,5)	(9,6)	(10,4)	(10,5)	(10,6)	(11,5)	(12,5)	(12,6)	
(10,6):(2,10)	(3,9)	(4,4)	(4,7)	(4,8)	(4,9)	(5,1)	(5,4)	(5,5)	(5,6)	(5,7)	(5,8)	(5,9)	(6,2)	(6,3)	(6,4)	(6,5)	(6,6)	(6,7)	(6,8)	(6,9)	(7,2)	(7,3)	(7,4)	(7,5)	(7,6)	(7,7)	(7,8)	(7,9)	(8,2)	(8,3)	(8,4)	(8,5)	(8,6)	(8,7)	(8,8)	(8,9)	(8,10)	(9,2)	(9,3)	(9,4)	(9,5)	(9,6)	(9,7)	(9,8)	(10,2)	(10,3)	(10,4)	(10,5)	(10,6)	(10,8)	(11,2)	(11,3)	(11,5)	(12,5)	(12,6)	
(10,8):(3,7)	(4,4)	(4,7)	(4,8)	(5,1)	(5,4)	(5,5)	(5,6)	(5,7)	(5,8)	(6,2)	(6,3)	(6,4)	(6,5)	(6,6)	(6,7)	(6,8)	(7,2)	(7,3)	(7,4)	(7,5)	(7,6)	(7,7)	(7,8)	(8,2)	(8,3)	(8,4)	(8,5)	(8,6)	(8,7)	(8,8)	(9,2)	(9,3)	(9,4)	(9,5)	(9,6)	(9,7)	(9,8)	(10,2)	(10,3)	(10,4)	(10,5)	(10,6)	(10,8)	
(9,8):(2,10)	(3,7)	(3,9)	(4,4)	(4,7)	(4,8)	(4,9)	(5,1)	(5,4)	(5,5)	(5,6)	(5,7)	(5,8)	(5,9)	(6,2)	(6,3)	(6,4)	(6,5)	(6,6)	(6,7)	(6,8)	(6,9)	(7,2)	(7,3)	(7,4)	(7,5)	(7,6)	(7,7)	(7,8)	(7,9)	(8,2)	(8,3)	(8,4)	(8,5)	(8,6)	(8,7)	(8,8)	(8,9)	(8,10)	(8,12)	(9,2)	(9,3)	(9,4)	(9,5)	(9,6)	(9,7)	(9,8)	(9,13)	(10,2)	(10,3)	(10,4)	(10,5)	(10,6)	(10,8)	(11,2)	(11,3)	
(9,13):(1,11)	(2,12)	(2,13)	(3,12)	(3,13)	(4,12)	(4,13)	(5,1)	(5,12)	(5,13)	(6,2)	(6,3)	(6,4)	(6,12)	(6,13)	(7,2)	(7,3)	(7,4)	(7,5)	(7,6)	(7,7)	(7,12)	(8,2)	(8,3)	(8,4)	(8,5)	(8,6)	(8,7)	(8,8)	(8,9)	(8,10)	(8,12)	(9,2)	(9,3)	(9,4)	(9,5)	(9,6)	(9,7)	(9,8)	(9,13)	
(6,13):(1,11)	(1,14)	(2,12)	(2,13)	(3,12)	(3,13)	(4,12)	(4,13)	(5,12)	(5,13)	(6,12)	(6,13)	(6,14)	(7,11)	(7,12)	(8,12)	(9,13)	
(6,14):(1,11)	(1,14)	(2,12)	(2,13)	(3,12)	(3,13)	(4,12)	(4,13)	(5,12)	(5,13)	(6,12)	(6,13)	(6,14)	
(1,14):(1,11)	(1,14)	(2,12)	(2,13)	(3,12)	(3,13)	(4,12)	(4,13)	(5,12)	(5,13)	(6,12)	(6,13)	(6,14)	(7,11)	(7,12)	(8,12)	
(1,11):(1,11)	(1,14)	(2,12)	(2,13)	(3,12)	(3,13)	(4,12)	(4,13)	(5,12)	(5,13)	(6,12)	(6,13)	(6,14)	(7,11)	(7,12)	(9,13)	
(7,11):(1,11)	(1,14)	(2,12)	(2,13)	(3,12)	(3,13)	(4,12)	(4,13)	(5,12)	(5,13)	(6,12)	(6,13)	(7,11)	(7,12)	
(7,12):(1,11)	(1,14)	(2,12)	(2,13)	(3,12)	(3,13)	(4,12)	(4,13)	(5,12)	(5,13)	(6,12)	(6,13)	(7,11)	(7,12)	(8,12)	(9,13)	
(8,12):(1,14)	(2,12)	(2,13)	(3,12)	(3,13)	(4,12)	(4,13)	(5,12)	(5,13)	(6,12)	(6,13)	(7,12)	(8,2)	(8,3)	(8,4)	(8,5)	(8,6)	(8,7)	(8,8)	(8,9)	(8,10)	(8,12)	(9,2)	(9,3)	(9,4)	(9,5)	(9,6)	(9,7)	(9,8)	(9,13)	(10,2)	(10,3)	(10,4)	
(8,10):(2,9)	(2,10)	(3,7)	(3,9)	(4,4)	(4,7)	(4,8)	(4,9)	(5,1)	(5,4)	(5,5)	(5,6)	(5,7)	(5,8)	(5,9)	(6,2)	(6,3)	(6,4)	(6,5)	(6,6)	(6,7)	(6,8)	(6,9)	(7,2)	(7,3)	(7,4)	(7,5)	(7,6)	(7,7)	(7,8)	(7,9)	(8,2)	(8,3)	(8,4)	(8,5)	(8,6)	(8,7)	(8,8)	(8,9)	(8,10)	(8,12)	(9,2)	(9,3)	(9,4)	(9,5)	(9,6)	(9,7)	(9,8)	(9,13)	(10,2)	(10,3)	(10,4)	(10,5)	(10,6)	(11,2)	(11,3)	
(2,10):(2,9)	(2,10)	(3,9)	(4,8)	(4,9)	(5,7)	(5,8)	(5,9)	(6,6)	(6,7)	(6,8)	(6,9)	(7,5)	(7,6)	(7,7)	(7,8)	(7,9)	(8,4)	(8,5)	(8,6)	(8,7)	(8,8)	(8,9)	(8,10)	(9,3)	(9,4)	(9,5)	(9,6)	(9,7)	(9,8)	(10,2)	(10,3)	(10,4)	(10,5)	(10,6)	(11,2)	(11,3)	(11,5)	(12,2)	(12,5)	(13,1)	
(2,9):(2,9)	(2,10)	(3,9)	(4,9)	(5,9)	(6,9)	(7,9)	(8,9)	(8,10)	
(3,9):(2,9)	(2,10)	(3,7)	(3,9)	(4,7)	(4,8)	(4,9)	(5,5)	(5,6)	(5,7)	(5,8)	(5,9)	(6,3)	(6,4)	(6,5)	(6,6)	(6,7)	(6,8)	(6,9)	(7,2)	(7,3)	(7,4)	(7,5)	(7,6)	(7,7)	(7,8)	(7,9)	(8,2)	(8,3)	(8,4)	(8,5)	(8,6)	(8,7)	(8,8)	(8,9)	(8,10)	(9,2)	(9,3)	(9,4)	(9,5)	(9,6)	(9,7)	(9,8)	(10,2)	(10,3)	(10,4)	(10,5)	(10,6)	(11,2)	(11,3)	(11,5)	(12,2)	(12,5)	(13,1)	
(3,7):(3,7)	(3,9)	(4,7)	(4,8)	(4,9)	(5,7)	(5,8)	(5,9)	(6,7)	(6,8)	(6,9)	(7,7)	(7,8)	(7,9)	(8,7)	(8,8)	(8,9)	(8,10)	(9,7)	(9,8)	(10,8)	
(4,7):(3,7)	(3,9)	(4,4)	(4,7)	(4,8)	(4,9)	(5,4)	(5,5)	(5,6)	(5,7)	(5,8)	(5,9)	(6,2)	(6,3)	(6,4)	(6,5)	(6,6)	(6,7)	(6,8)	(6,9)	(7,2)	(7,3)	(7,4)	(7,5)	(7,6)	(7,7)	(7,8)	(7,9)	(8,2)	(8,3)	(8,4)	(8,5)	(8,6)	(8,7)	(8,8)	(8,9)	(8,10)	(9,2)	(9,3)	(9,4)	(9,5)	(9,6)	(9,7)	(9,8)	(10,2)	(10,3)	(10,4)	(10,5)	(10,6)	(10,8)	(11,2)	(11,3)	(11,5)	(12,2)	(12,5)	(13,1)	
(4,4):(4,4)	(4,7)	(4,8)	(4,9)	(5,4)	(5,5)	(5,6)	(5,7)	(5,8)	(5,9)	(6,4)	(6,5)	(6,6)	(6,7)	(6,8)	(6,9)	(7,4)	(7,5)	(7,6)	(7,7)	(7,8)	(7,9)	(8,4)	(8,5)	(8,6)	(8,7)	(8,8)	(8,9)	(8,10)	(9,4)	(9,5)	(9,6)	(9,7)	(9,8)	(10,4)	(10,5)	(10,6)	(10,8)	(11,5)	(12,6)	
(5,4):(4,4)	(4,7)	(4,8)	(4,9)	(5,1)	(5,4)	(5,5)	(5,6)	(5,7)	(5,8)	(5,9)	(6,2)	(6,3)	(6,4)	(6,5)	(6,6)	(6,7)	(6,8)	(6,9)	(7,2)	(7,3)	(7,4)	(7,5)	(7,6)	(7,7)	(7,8)	(7,9)	(8,2)	(8,3)	(8,4)	(8,5)	(8,6)	(8,7)	(8,8)	(8,9)	(8,10)	(9,2)	(9,3)	(9,4)	(9,5)	(9,6)	(9,7)	(9,8)	(10,2)	(10,3)	(10,4)	(10,5)	(10,6)	(10,8)	(11,2)	(11,3)	(11,5)	(12,2)	(12,6)	(13,1)	(13,2)	(14,2)	
(5,1):(5,1)	(5,4)	(5,5)	(5,6)	(5,7)	(5,8)	(5,9)	(6,2)	(6,3)	(6,4)	(6,5)	(6,6)	(6,7)	(6,8)	(6,9)	(7,2)	(7,3)	(7,4)	(7,5)	(7,6)	(7,7)	(7,8)	(7,9)	(8,2)	(8,3)	(8,4)	(8,5)	(8,6)	(8,7)	(8,8)	(8,9)	(8,10)	(9,2)	(9,3)	(9,4)	(9,5)	(9,6)	(9,7)	(9,8)	(9,13)	(10,2)	(10,3)	(10,4)	(10,5)	(10,6)	(10,8)	(11,2)	(11,3)	(11,5)	(12,2)	(12,6)	(13,1)	(13,2)	(14,3)	
(13,1):(2,10)	(3,9)	(4,7)	(4,8)	(4,9)	(5,1)	(5,4)	(5,5)	(5,6)	(5,7)	(5,8)	(5,9)	(6,2)	(6,3)	(6,4)	(6,5)	(6,6)	(6,7)	(6,8)	(7,2)	(7,3)	(7,4)	(7,5)	(7,6)	(7,7)	(8,2)	(8,3)	(8,4)	(8,5)	(8,6)	(9,2)	(9,3)	(9,4)	(9,5)	(10,2)	(10,3)	(10,4)	(11,2)	(11,3)	(12,2)	(13,1)	(13,2)	
(13,2):(5,1)	(5,4)	(5,5)	(5,6)	(6,2)	(6,3)	(6,4)	(6,5)	(7,2)	(7,3)	(7,4)	(7,5)	(8,2)	(8,3)	(8,4)	(9,2)	(9,3)	(9,4)	(10,2)	(10,3)	(11,2)	(11,3)	(12,2)	(13,1)	(13,2)	(14,2)	(14,3)	
(14,2):(5,4)	(5,5)	(6,2)	(6,3)	(6,4)	(7,2)	(7,3)	(7,4)	(8,2)	(8,3)	(8,4)	(9,2)	(9,3)	(10,2)	(10,3)	(11,2)	(11,3)	(12,2)	(13,2)	(14,2)	(14,3)	
(14,3):(5,1)	(6,2)	(6,3)	(7,2)	(7,3)	(8,2)	(8,3)	(9,2)	(9,3)	(10,2)	(10,3)	(11,2)	(11,3)	(12,2)	(13,2)	(14,2)	(14,3)	
(11,3):60.839287
(11,5):52.607143
(12,5):19.652779
(12,6):25.000000
(10,6):58.369049
(10,8):40.000000
(9,8):60.841667
(9,13):37.500000
(6,13):19.250000
(6,14):15.000000
(1,14):18.242857
(1,11):18.666666
(7,11):16.750000
(7,12):18.500000
(8,12):29.125000
(8,10):59.857143
(2,10):37.301586
(2,9):7.083333
(3,9):54.659523
(3,7):19.299999
(4,7):59.648811
(4,4):37.678570
(5,4):61.666668
(5,1):55.104168
(13,1):42.579166
(13,2):28.125000
(14,2):16.055555
(14,3):16.500000
(11,3),(11,5):51.255951
(11,3),(12,5):18.339285
(11,3),(12,6):23.916666
(11,3),(10,6):56.255951
(11,3),(10,8):38.964287
(11,3),(9,8):55.639286
(11,3),(9,13):21.750000
(11,3),(6,13):0.000000
(11,3),(6,14):0.000000
(11,3),(1,14):0.000000
(11,3),(1,11):0.000000
(11,3),(7,11):0.000000
(11,3),(7,12):0.000000
(11,3),(8,12):14.375000
(11,3),(8,10):55.363094
(11,3),(2,10):35.335236
(11,3),(2,9):6.028125
(11,3),(3,9):52.152233
(11,3),(3,7):17.423964
(11,3),(4,7):56.699635
(11,3),(4,4):34.468750
(11,3),(5,4):58.222221
(11,3),(5,1):51.498108
(11,3),(13,1):42.579166
(11,3),(13,2):28.125000
(11,3),(14,2):16.055555
(11,3),(14,3):16.500000
(11,5),(12,5):19.607143
(11,5),(12,6):25.000000
(11,5),(10,6):52.607143
(11,5),(10,8):37.857143
(11,5),(9,8):50.607143
(11,5),(9,13):19.500000
(11,5),(6,13):0.000000
(11,5),(6,14):0.000000
(11,5),(1,14):0.000000
(11,5),(1,11):0.000000
(11,5),(7,11):0.000000
(11,5),(7,12):0.000000
(11,5),(8,12):12.458333
(11,5),(8,10):50.607143
(11,5),(2,10):28.750000
(11,5),(2,9):4.250000
(11,5),(3,9):45.750000
(11,5),(3,7):13.357142
(11,5),(4,7):50.273811
(11,5),(4,4):30.928572
(11,5),(5,4):50.416668
(11,5),(5,1):42.666668
(11,5),(13,1):38.579166
(11,5),(13,2):23.125000
(11,5),(14,2):13.055555
(11,5),(14,3):12.000000
(12,5),(12,6):8.000000
(12,5),(10,6):19.652779
(12,5),(10,8):14.875000
(12,5),(9,8):17.902779
(12,5),(9,13):4.630952
(12,5),(6,13):0.000000
(12,5),(6,14):0.000000
(12,5),(1,14):0.000000
(12,5),(1,11):0.000000
(12,5),(7,11):0.000000
(12,5),(7,12):0.000000
(12,5),(8,12):2.553571
(12,5),(8,10):17.902779
(12,5),(2,10):12.777778
(12,5),(2,9):0.777778
(12,5),(3,9):17.795635
(12,5),(3,7):6.125000
(12,5),(4,7):18.875000
(12,5),(4,4):16.928572
(12,5),(5,4):17.716667
(12,5),(5,1):12.916667
(12,5),(13,1):13.766666
(12,5),(13,2):2.250000
(12,5),(14,2):0.166667
(12,5),(14,3):0.000000
(12,6),(10,6):25.000000
(12,6),(10,8):22.500000
(12,6),(9,8):23.166666
(12,6),(9,13):13.833333
(12,6),(6,13):0.000000
(12,6),(6,14):0.000000
(12,6),(1,14):0.000000
(12,6),(1,11):0.000000
(12,6),(7,11):0.000000
(12,6),(7,12):0.000000
(12,6),(8,12):5.500000
(12,6),(8,10):23.166666
(12,6),(2,10):8.500000
(12,6),(2,9):0.000000
(12,6),(3,9):18.392857
(12,6),(3,7):0.000000
(12,6),(4,7):23.166666
(12,6),(4,4):14.428572
(12,6),(5,4):24.916666
(12,6),(5,1):22.666666
(12,6),(13,1):20.312500
(12,6),(13,2):16.208334
(12,6),(14,2):10.055555
(12,6),(14,3):6.000000
(10,6),(10,8):39.916668
(10,6),(9,8):56.369049
(10,6),(9,13):21.500000
(10,6),(6,13):0.000000
(10,6),(6,14):0.000000
(10,6),(1,14):0.000000
(10,6),(1,11):0.000000
(10,6),(7,11):0.000000
(10,6),(7,12):0.000000
(10,6),(8,12):14.125000
(10,6),(8,10):55.369049
(10,6),(2,10):34.309525
(10,6),(2,9):6.035714
(10,6),(3,9):51.428570
(10,6),(3,7):17.916666
(10,6),(4,7):56.000000
(10,6),(4,4):35.928570
(10,6),(5,4):56.083332
(10,6),(5,1):48.333332
(10,6),(13,1):39.245834
(10,6),(13,2):23.791666
(10,6),(14,2):13.222222
(10,6),(14,3):12.666667
(10,8),(9,8):40.000000
(10,8),(9,13):19.833334
(10,8),(6,13):0.000000
(10,8),(6,14):0.000000
(10,8),(1,14):0.000000
(10,8),(1,11):0.000000
(10,8),(7,11):0.000000
(10,8),(7,12):0.000000
(10,8),(8,12):12.000000
(10,8),(8,10):39.000000
(10,8),(2,10):17.857143
(10,8),(2,9):0.000000
(10,8),(3,9):33.916668
(10,8),(3,7):7.000000
(10,8),(4,7):38.500000
(10,8),(4,4):24.000000
(10,8),(5,4):39.166668
(10,8),(5,1):35.000000
(10,8),(13,1):31.479166
(10,8),(13,2):20.875000
(10,8),(14,2):11.888889
(10,8),(14,3):10.000000
(9,8),(9,13):25.625000
(9,8),(6,13):1.375000
(9,8),(6,14):0.000000
(9,8),(1,14):0.690226
(9,8),(1,11):0.871667
(9,8),(7,11):0.000000
(9,8),(7,12):1.125000
(9,8),(8,12):18.250000
(9,8),(8,10):59.716667
(9,8),(2,10):34.573811
(9,8),(2,9):7.000000
(9,8),(3,9):51.733334
(9,8),(3,7):19.299999
(9,8),(4,7):55.924999
(9,8),(4,4):35.750000
(9,8),(5,4):56.299999
(9,8),(5,1):49.299999
(9,8),(13,1):39.379166
(9,8),(13,2):23.924999
(9,8),(14,2):13.255555
(9,8),(14,3):12.800000
(9,13),(6,13):13.250000
(9,13),(6,14):9.750000
(9,13),(1,14):12.242857
(9,13),(1,11):12.666667
(9,13),(7,11):11.000000
(9,13),(7,12):13.000000
(9,13),(8,12):19.000000
(9,13),(8,10):25.500000
(9,13),(2,10):11.000000
(9,13),(2,9):1.250000
(9,13),(3,9):20.200001
(9,13),(3,7):4.800000
(9,13),(4,7):22.125000
(9,13),(4,4):12.750000
(9,13),(5,4):23.500000
(9,13),(5,1):24.000000
(9,13),(13,1):16.000000
(9,13),(13,2):12.428572
(9,13),(14,2):7.100000
(9,13),(14,3):7.333333
(6,13),(6,14):15.000000
(6,13),(1,14):18.242857
(6,13),(1,11):18.666666
(6,13),(7,11):16.750000
(6,13),(7,12):18.500000
(6,13),(8,12):12.250000
(6,13),(8,10):1.250000
(6,13),(2,10):0.000000
(6,13),(2,9):0.000000
(6,13),(3,9):0.000000
(6,13),(3,7):0.000000
(6,13),(4,7):0.000000
(6,13),(4,4):0.000000
(6,13),(5,4):0.050000
(6,13),(5,1):0.321429
(6,13),(13,1):0.000000
(6,13),(13,2):0.000000
(6,13),(14,2):0.000000
(6,13),(14,3):0.000000
(6,14),(1,14):15.000000
(6,14),(1,11):15.000000
(6,14),(7,11):14.750000
(6,14),(7,12):14.500000
(6,14),(8,12):9.000000
(6,14),(8,10):0.000000
(6,14),(2,10):0.000000
(6,14),(2,9):0.000000
(6,14),(3,9):0.000000
(6,14),(3,7):0.000000
(6,14),(4,7):0.000000
(6,14),(4,4):0.000000
(6,14),(5,4):0.000000
(6,14),(5,1):0.000000
(6,14),(13,1):0.000000
(6,14),(13,2):0.000000
(6,14),(14,2):0.000000
(6,14),(14,3):0.000000
(1,14),(1,11):17.766666
(1,14),(7,11):16.650000
(1,14),(7,12):17.600000
(1,14),(8,12):11.242857
(1,14),(8,10):0.642857
(1,14),(2,10):0.000000
(1,14),(2,9):0.000000
(1,14),(3,9):0.000000
(1,14),(3,7):0.000000
(1,14),(4,7):0.000000
(1,14),(4,4):0.000000
(1,14),(5,4):0.017857
(1,14),(5,1):0.195303
(1,14),(13,1):0.000000
(1,14),(13,2):0.000000
(1,14),(14,2):0.000000
(1,14),(14,3):0.000000
(1,11),(7,11):16.750000
(1,11),(7,12):18.166666
(1,11),(8,12):11.666667
(1,11),(8,10):0.750000
(1,11),(2,10):0.000000
(1,11),(2,9):0.000000
(1,11),(3,9):0.000000
(1,11),(3,7):0.000000
(1,11),(4,7):0.000000
(1,11),(4,4):0.000000
(1,11),(5,4):0.000000
(1,11),(5,1):0.078431
(1,11),(13,1):0.000000
(1,11),(13,2):0.000000
(1,11),(14,2):0.000000
(1,11),(14,3):0.000000
(7,11),(7,12):16.500000
(7,11),(8,12):10.000000
(7,11),(8,10):0.000000
(7,11),(2,10):0.000000
(7,11),(2,9):0.000000
(7,11),(3,9):0.000000
(7,11),(3,7):0.000000
(7,11),(4,7):0.000000
(7,11),(4,4):0.000000
(7,11),(5,4):0.000000
(7,11),(5,1):0.000000
(7,11),(13,1):0.000000
(7,11),(13,2):0.000000
(7,11),(14,2):0.000000
(7,11),(14,3):0.000000
(7,12),(8,12):12.000000
(7,12),(8,10):1.000000
(7,12),(2,10):0.000000
(7,12),(2,9):0.000000
(7,12),(3,9):0.000000
(7,12),(3,7):0.000000
(7,12),(4,7):0.000000
(7,12),(4,4):0.000000
(7,12),(5,4):0.000000
(7,12),(5,1):0.166667
(7,12),(13,1):0.000000
(7,12),(13,2):0.000000
(7,12),(14,2):0.000000
(7,12),(14,3):0.000000
(8,12),(8,10):18.125000
(8,12),(2,10):10.666667
(8,12),(2,9):1.083333
(8,12),(3,9):15.225000
(8,12),(3,7):3.425000
(8,12),(4,7):15.500000
(8,12),(4,4):8.750000
(8,12),(5,4):16.125000
(8,12),(5,1):16.625000
(8,12),(13,1):9.125000
(8,12),(13,2):7.089286
(8,12),(14,2):3.772727
(8,12),(14,3):5.000000
(8,10),(2,10):33.857143
(8,10),(2,9):7.083333
(8,10),(3,9):50.957142
(8,10),(3,7):18.549999
(8,10),(4,7):54.982143
(8,10),(4,4):34.750000
(8,10),(5,4):55.357143
(8,10),(5,1):48.357143
(8,10),(13,1):39.436310
(8,10),(13,2):23.982143
(8,10),(14,2):13.269841
(8,10),(14,3):12.857142
(2,10),(2,9):7.000000
(2,10),(3,9):37.301586
(2,10),(3,7):16.857143
(2,10),(4,7):36.551586
(2,10),(4,4):27.801588
(2,10),(5,4):35.989086
(2,10),(5,1):32.158730
(2,10),(13,1):18.544445
(2,10),(13,2):6.444445
(2,10),(14,2):3.142857
(2,10),(14,3):4.031250
(2,9),(3,9):7.083333
(2,9),(3,7):6.083333
(2,9),(4,7):6.333333
(2,9),(4,4):5.083333
(2,9),(5,4):5.916667
(2,9),(5,1):4.083333
(2,9),(13,1):2.100000
(2,9),(13,2):0.000000
(2,9),(14,2):0.000000
(2,9),(14,3):0.000000
(3,9),(3,7):19.016666
(3,9),(4,7):53.909523
(3,9),(4,4):33.838097
(3,9),(5,4):52.076668
(3,9),(5,1):46.451450
(3,9),(13,1):35.266666
(3,9),(13,2):19.833334
(3,9),(14,2):10.416667
(3,9),(14,3):11.071428
(3,7),(4,7):19.299999
(3,7),(4,4):16.299999
(3,7),(5,4):17.799999
(3,7),(5,1):13.300000
(3,7),(13,1):7.166667
(3,7),(13,2):0.000000
(3,7),(14,2):0.000000
(3,7),(14,3):0.000000
(4,7),(4,4):36.970238
(4,7),(5,4):57.815475
(4,7),(5,1):50.065475
(4,7),(13,1):39.586311
(4,7),(13,2):24.482143
(4,7),(14,2):13.263889
(4,7),(14,3):13.030303
(4,4),(5,4):37.666668
(4,4),(5,1):31.416666
(4,4),(13,1):17.812500
(4,4),(13,2):6.125000
(4,4),(14,2):2.555556
(4,4),(14,3):0.000000
(5,4),(5,1):53.854168
(5,4),(13,1):40.479168
(5,4),(13,2):27.375000
(5,4),(14,2):15.305555
(5,4),(14,3):15.750000
(5,1),(13,1):34.000000
(5,1),(13,2):25.937500
(5,1),(14,2):14.937500
(5,1),(14,3):16.437500
(13,1),(13,2):27.062500
(13,1),(14,2):14.979167
(13,1),(14,3):15.500000
(13,2),(14,2):16.041666
(13,2),(14,3):16.500000
(14,2),(14,3):9.000000
