74
(36,15):(36,14)	(36,15)	(37,13)	(37,15)	
(36,14):(29,14)	(30,13)	(31,13)	(32,13)	(36,14)	(36,15)	(37,13)	(37,15)	
(29,14):(29,12)	(29,14)	(30,13)	(31,12)	(31,13)	(32,13)	(36,14)	(37,13)	
(29,12):(29,12)	(29,14)	(30,13)	(31,12)	(31,13)	(32,13)	
(31,12):(29,12)	(29,14)	(30,13)	(31,7)	(31,8)	(31,9)	(31,10)	(31,11)	(31,12)	(31,13)	(32,7)	(32,13)	
(31,11):(25,5)	(26,6)	(26,7)	(26,8)	(26,9)	(26,10)	(26,11)	(27,7)	(27,8)	(27,9)	(27,10)	(28,8)	(28,9)	(28,10)	(29,9)	(29,10)	(30,6)	(30,8)	(30,9)	(30,10)	(31,7)	(31,8)	(31,9)	(31,10)	(31,11)	(31,12)	(31,13)	(32,7)	(32,13)	
(26,11):(25,5)	(25,23)	(25,24)	(25,25)	(25,26)	(25,27)	(25,28)	(25,29)	(25,30)	(25,31)	(25,32)	(26,6)	(26,7)	(26,8)	(26,9)	(26,10)	(26,11)	(26,22)	(26,23)	(26,24)	(26,25)	(26,26)	(26,27)	(26,28)	(26,29)	(26,30)	(26,31)	(26,32)	(27,6)	(27,7)	(27,8)	(27,9)	(27,10)	(28,5)	(28,8)	(28,9)	(28,10)	(29,9)	(29,10)	(30,8)	(30,9)	(30,10)	(31,8)	(31,9)	(31,10)	(31,11)	(32,7)	
(26,22):(19,35)	(20,33)	(20,34)	(21,31)	(21,32)	(21,33)	(21,34)	(22,26)	(22,27)	(22,28)	(22,29)	(22,30)	(22,31)	(22,32)	(22,33)	(22,34)	(23,25)	(23,26)	(23,27)	(23,28)	(23,29)	(23,30)	(23,31)	(23,32)	(23,33)	(23,34)	(24,24)	(24,25)	(24,26)	(24,27)	(24,28)	(24,29)	(24,30)	(24,31)	(24,32)	(24,33)	(25,5)	(25,23)	(25,24)	(25,25)	(25,26)	(25,27)	(25,28)	(25,29)	(25,30)	(25,31)	(25,32)	(26,6)	(26,7)	(26,8)	(26,9)	(26,10)	(26,11)	(26,22)	(26,23)	(26,24)	(26,25)	(26,26)	(26,27)	(26,28)	(26,29)	(26,30)	(26,31)	(26,32)	(27,22)	(27,25)	(27,26)	(27,27)	(27,28)	(27,29)	(27,30)	(27,31)	(27,32)	(28,28)	(28,29)	(28,30)	(28,31)	(28,32)	(29,31)	(29,32)	
(27,22):(18,36)	(19,34)	(19,35)	(20,33)	(20,34)	(21,31)	(21,32)	(21,33)	(21,34)	(22,25)	(22,26)	(22,27)	(22,28)	(22,29)	(22,30)	(22,31)	(22,32)	(22,33)	(22,34)	(23,24)	(23,25)	(23,26)	(23,27)	(23,28)	(23,29)	(23,30)	(23,31)	(23,32)	(23,33)	(23,34)	(24,24)	(24,25)	(24,26)	(24,27)	(24,28)	(24,29)	(24,30)	(24,31)	(24,32)	(24,33)	(25,23)	(25,24)	(25,25)	(25,26)	(25,27)	(25,28)	(25,29)	(25,30)	(25,31)	(25,32)	(26,22)	(26,23)	(26,24)	(26,25)	(26,26)	(26,27)	(26,28)	(26,29)	(26,30)	(26,31)	(26,32)	(27,22)	(27,25)	(27,26)	(27,27)	(27,28)	(27,29)	(27,30)	(27,31)	(27,32)	
(27,25):(16,36)	(17,35)	(18,34)	(18,35)	(18,36)	(19,33)	(19,34)	(19,35)	(20,32)	(20,33)	(20,34)	(21,31)	(21,32)	(21,33)	(21,34)	(22,23)	(22,24)	(22,25)	(22,26)	(22,27)	(22,28)	(22,29)	(22,30)	(22,31)	(22,32)	(22,33)	(22,34)	(23,23)	(23,24)	(23,25)	(23,26)	(23,27)	(23,28)	(23,29)	(23,30)	(23,31)	(23,32)	(23,33)	(23,34)	(24,24)	(24,25)	(24,26)	(24,27)	(24,28)	(24,29)	(24,30)	(24,31)	(24,32)	(24,33)	(25,23)	(25,24)	(25,25)	(25,26)	(25,27)	(25,28)	(25,29)	(25,30)	(25,31)	(25,32)	(26,22)	(26,23)	(26,24)	(26,25)	(26,26)	(26,27)	(26,28)	(26,29)	(26,30)	(26,31)	(26,32)	(27,22)	(27,25)	(27,26)	(27,27)	(27,28)	(27,29)	(27,30)	(27,31)	(27,32)	(28,26)	(28,27)	(28,28)	(28,29)	(28,30)	(28,31)	(28,32)	(29,26)	(29,27)	(29,28)	(29,29)	(29,30)	(29,31)	(29,32)	(30,26)	(30,27)	(30,28)	(30,29)	(30,30)	(30,31)	(30,32)	(31,26)	(31,27)	(31,28)	(31,29)	(31,30)	(31,31)	(31,32)	(32,26)	(32,27)	(32,28)	(32,29)	(32,30)	(32,31)	(32,32)	(33,26)	(33,33)	(34,25)	(34,26)	
(34,25):(16,34)	(16,36)	(17,34)	(17,35)	(18,33)	(18,34)	(18,35)	(19,33)	(19,34)	(19,35)	(20,32)	(20,33)	(20,34)	(21,31)	(21,32)	(21,33)	(21,34)	(22,25)	(22,26)	(22,27)	(22,28)	(22,29)	(22,30)	(22,31)	(22,32)	(22,33)	(22,34)	(23,25)	(23,26)	(23,27)	(23,28)	(23,29)	(23,30)	(23,31)	(23,32)	(23,33)	(24,25)	(24,26)	(24,27)	(24,28)	(24,29)	(24,30)	(24,31)	(24,32)	(24,33)	(25,25)	(25,26)	(25,27)	(25,28)	(25,29)	(25,30)	(25,31)	(25,32)	(26,25)	(26,26)	(26,27)	(26,28)	(26,29)	(26,30)	(26,31)	(26,32)	(27,25)	(27,26)	(27,27)	(27,28)	(27,29)	(27,30)	(27,31)	(27,32)	(28,26)	(28,27)	(28,28)	(28,29)	(28,30)	(28,31)	(29,26)	(29,27)	(29,28)	(29,29)	(29,30)	(30,26)	(30,27)	(30,28)	(30,29)	(31,26)	(31,27)	(31,28)	(32,26)	(32,27)	(33,26)	(34,25)	(34,26)	
(34,26):(22,25)	(22,26)	(23,25)	(23,26)	(24,25)	(24,26)	(25,25)	(25,26)	(26,25)	(26,26)	(27,25)	(27,26)	(28,26)	(29,26)	(30,26)	(31,26)	(32,26)	(33,26)	(34,25)	(34,26)	
(33,26):(16,34)	(16,36)	(17,34)	(17,35)	(18,33)	(18,34)	(18,35)	(19,33)	(19,34)	(19,35)	(20,32)	(20,33)	(20,34)	(21,31)	(21,32)	(21,33)	(21,34)	(22,25)	(22,26)	(22,27)	(22,28)	(22,29)	(22,30)	(22,31)	(22,32)	(22,33)	(22,34)	(23,25)	(23,26)	(23,27)	(23,28)	(23,29)	(23,30)	(23,31)	(23,32)	(23,33)	(24,25)	(24,26)	(24,27)	(24,28)	(24,29)	(24,30)	(24,31)	(24,32)	(24,33)	(25,25)	(25,26)	(25,27)	(25,28)	(25,29)	(25,30)	(25,31)	(25,32)	(26,25)	(26,26)	(26,27)	(26,28)	(26,29)	(26,30)	(26,31)	(26,32)	(27,25)	(27,26)	(27,27)	(27,28)	(27,29)	(27,30)	(27,31)	(27,32)	(28,26)	(28,27)	(28,28)	(28,29)	(28,30)	(28,31)	(28,32)	(29,26)	(29,27)	(29,28)	(29,29)	(29,30)	(29,31)	(29,32)	(30,26)	(30,27)	(30,28)	(30,29)	(30,30)	(30,31)	(30,32)	(31,26)	(31,27)	(31,28)	(31,29)	(31,30)	(31,31)	(31,32)	(32,26)	(32,27)	(32,28)	(32,29)	(32,30)	(32,31)	(32,32)	(33,26)	(33,33)	(34,25)	(34,26)	
(33,33):(14,32)	(15,33)	(16,33)	(17,33)	(18,33)	(19,33)	(20,31)	(20,32)	(20,33)	(21,21)	(21,31)	(21,32)	(21,33)	(22,22)	(22,23)	(22,24)	(22,25)	(22,26)	(22,27)	(22,28)	(22,29)	(22,30)	(22,31)	(22,32)	(22,33)	(23,23)	(23,24)	(23,25)	(23,26)	(23,27)	(23,28)	(23,29)	(23,30)	(23,31)	(23,32)	(23,33)	(24,24)	(24,25)	(24,26)	(24,27)	(24,28)	(24,29)	(24,30)	(24,31)	(24,32)	(24,33)	(25,23)	(25,24)	(25,25)	(25,26)	(25,27)	(25,28)	(25,29)	(25,30)	(25,31)	(25,32)	(26,24)	(26,25)	(26,26)	(26,27)	(26,28)	(26,29)	(26,30)	(26,31)	(26,32)	(27,25)	(27,26)	(27,27)	(27,28)	(27,29)	(27,30)	(27,31)	(27,32)	(28,26)	(28,27)	(28,28)	(28,29)	(28,30)	(28,31)	(28,32)	(29,26)	(29,27)	(29,28)	(29,29)	(29,30)	(29,31)	(29,32)	(30,26)	(30,27)	(30,28)	(30,29)	(30,30)	(30,31)	(30,32)	(31,26)	(31,27)	(31,28)	(31,29)	(31,30)	(31,31)	(31,32)	(32,26)	(32,27)	(32,28)	(32,29)	(32,30)	(32,31)	(32,32)	(33,26)	(33,33)	
(24,33):(14,32)	(14,34)	(15,33)	(16,33)	(16,34)	(16,36)	(17,33)	(17,34)	(17,35)	(18,33)	(18,34)	(18,35)	(19,33)	(19,34)	(19,35)	(20,31)	(20,32)	(20,33)	(20,34)	(21,18)	(21,19)	(21,20)	(21,21)	(21,31)	(21,32)	(21,33)	(21,34)	(22,18)	(22,19)	(22,20)	(22,21)	(22,22)	(22,23)	(22,24)	(22,25)	(22,26)	(22,27)	(22,28)	(22,29)	(22,30)	(22,31)	(22,32)	(22,33)	(22,34)	(23,23)	(23,24)	(23,25)	(23,26)	(23,27)	(23,28)	(23,29)	(23,30)	(23,31)	(23,32)	(23,33)	(23,34)	(24,24)	(24,25)	(24,26)	(24,27)	(24,28)	(24,29)	(24,30)	(24,31)	(24,32)	(24,33)	(24,35)	(25,23)	(25,24)	(25,25)	(25,26)	(25,27)	(25,28)	(25,29)	(25,30)	(25,31)	(25,32)	(26,22)	(26,23)	(26,24)	(26,25)	(26,26)	(26,27)	(26,28)	(26,29)	(26,30)	(26,31)	(26,32)	(27,22)	(27,25)	(27,26)	(27,27)	(27,28)	(27,29)	(27,30)	(27,31)	(27,32)	(28,26)	(28,27)	(28,28)	(28,29)	(28,30)	(28,31)	(28,32)	(29,26)	(29,27)	(29,28)	(29,29)	(29,30)	(29,31)	(29,32)	(30,26)	(30,27)	(30,28)	(30,29)	(30,30)	(30,31)	(30,32)	(31,26)	(31,27)	(31,28)	(31,29)	(31,30)	(31,31)	(31,32)	(32,26)	(32,27)	(32,28)	(32,29)	(32,30)	(32,31)	(32,32)	(33,26)	(33,33)	(34,25)	
(24,35):(14,32)	(15,33)	(16,33)	(16,34)	(17,33)	(17,34)	(17,35)	(18,33)	(18,34)	(18,35)	(19,33)	(19,34)	(19,35)	(20,31)	(20,32)	(20,33)	(20,34)	(21,18)	(21,19)	(21,20)	(21,21)	(21,31)	(21,32)	(21,33)	(21,34)	(22,18)	(22,19)	(22,20)	(22,21)	(22,22)	(22,23)	(22,24)	(22,25)	(22,26)	(22,27)	(22,28)	(22,29)	(22,30)	(22,31)	(22,32)	(22,33)	(22,34)	(23,23)	(23,24)	(23,25)	(23,26)	(23,27)	(23,28)	(23,29)	(23,30)	(23,31)	(23,32)	(23,33)	(23,34)	(24,24)	(24,25)	(24,26)	(24,27)	(24,28)	(24,29)	(24,30)	(24,31)	(24,32)	(24,33)	(24,35)	
(19,35):(14,32)	(15,33)	(16,33)	(16,34)	(16,36)	(17,33)	(17,34)	(17,35)	(18,33)	(18,34)	(18,35)	(18,36)	(18,37)	(19,33)	(19,34)	(19,35)	(19,37)	(20,32)	(20,33)	(20,34)	(21,31)	(21,32)	(21,33)	(21,34)	(22,29)	(22,30)	(22,31)	(22,32)	(22,33)	(22,34)	(23,27)	(23,28)	(23,29)	(23,30)	(23,31)	(23,32)	(23,33)	(23,34)	(24,25)	(24,26)	(24,27)	(24,28)	(24,29)	(24,30)	(24,31)	(24,32)	(24,33)	(24,35)	(25,23)	(25,24)	(25,25)	(25,26)	(25,27)	(25,28)	(25,29)	(25,30)	(25,31)	(25,32)	(26,22)	(26,23)	(26,24)	(26,25)	(26,26)	(26,27)	(26,28)	(26,29)	(26,30)	(26,31)	(26,32)	(27,22)	(27,25)	(27,26)	(27,27)	(27,28)	(27,29)	(27,30)	(27,31)	(28,26)	(28,27)	(28,28)	(28,29)	(28,30)	(28,31)	(29,26)	(29,27)	(29,28)	(29,29)	(29,30)	(29,31)	(30,26)	(30,27)	(30,28)	(30,29)	(30,30)	(31,26)	(31,27)	(31,28)	(31,29)	(31,30)	(32,26)	(32,27)	(32,28)	(32,29)	(33,26)	(34,25)	
(19,37):(14,32)	(15,33)	(16,33)	(16,34)	(17,33)	(17,34)	(17,35)	(18,33)	(18,34)	(18,35)	(18,36)	(18,37)	(19,33)	(19,34)	(19,35)	(19,37)	
(18,37):(18,33)	(18,34)	(18,35)	(18,36)	(18,37)	(19,33)	(19,34)	(19,35)	(19,37)	(20,32)	(20,33)	(21,31)	
(18,36):(14,32)	(15,33)	(16,33)	(16,34)	(16,36)	(17,33)	(17,34)	(17,35)	(18,33)	(18,34)	(18,35)	(18,36)	(18,37)	(19,33)	(19,34)	(19,35)	(19,37)	(20,32)	(20,33)	(20,34)	(21,31)	(21,32)	(21,33)	(22,30)	(22,31)	(22,32)	(23,28)	(23,29)	(23,30)	(23,31)	(24,26)	(24,27)	(24,28)	(24,29)	(24,30)	(25,25)	(25,26)	(25,27)	(25,28)	(25,29)	(26,23)	(26,24)	(26,25)	(26,26)	(26,27)	(26,28)	(27,22)	(27,25)	(27,26)	(27,27)	(28,26)	
(16,36):(16,33)	(16,34)	(16,36)	(17,33)	(17,34)	(17,35)	(18,33)	(18,34)	(18,35)	(18,36)	(19,33)	(19,34)	(19,35)	(20,32)	(20,33)	(20,34)	(21,31)	(21,32)	(21,33)	(21,34)	(22,30)	(22,31)	(22,32)	(22,33)	(22,34)	(23,29)	(23,30)	(23,31)	(23,32)	(23,33)	(24,28)	(24,29)	(24,30)	(24,31)	(24,32)	(24,33)	(25,27)	(25,28)	(25,29)	(25,30)	(25,31)	(25,32)	(26,26)	(26,27)	(26,28)	(26,29)	(26,30)	(26,31)	(26,32)	(27,25)	(27,26)	(27,27)	(27,28)	(27,29)	(27,30)	(27,31)	(28,26)	(28,27)	(28,28)	(28,29)	(28,30)	(28,31)	(29,26)	(29,27)	(29,28)	(29,29)	(29,30)	(29,31)	(30,26)	(30,27)	(30,28)	(30,29)	(30,30)	(31,26)	(31,27)	(31,28)	(31,29)	(31,30)	(32,26)	(32,27)	(32,28)	(32,29)	(32,30)	(33,26)	(34,25)	
(16,34):(14,32)	(14,34)	(15,33)	(16,33)	(16,34)	(16,36)	(17,33)	(17,34)	(17,35)	(18,33)	(18,34)	(18,35)	(18,36)	(19,33)	(19,34)	(19,35)	(19,37)	(20,32)	(20,33)	(20,34)	(21,32)	(21,33)	(21,34)	(22,31)	(22,32)	(22,33)	(22,34)	(23,31)	(23,32)	(23,33)	(23,34)	(24,30)	(24,31)	(24,32)	(24,33)	(24,35)	(25,30)	(25,31)	(25,32)	(26,29)	(26,30)	(26,31)	(26,32)	(27,29)	(27,30)	(27,31)	(27,32)	(28,28)	(28,29)	(28,30)	(28,31)	(28,32)	(29,28)	(29,29)	(29,30)	(29,31)	(29,32)	(30,27)	(30,28)	(30,29)	(30,30)	(30,31)	(30,32)	(31,27)	(31,28)	(31,29)	(31,30)	(31,31)	(31,32)	(32,26)	(32,27)	(32,28)	(32,29)	(32,30)	(32,31)	(32,32)	(33,26)	(34,25)	
(14,34):(14,32)	(14,34)	(15,33)	(16,33)	(16,34)	(17,33)	(17,34)	(18,33)	(18,34)	(19,33)	(19,34)	(20,32)	(20,33)	(20,34)	(21,32)	(21,33)	(21,34)	(22,32)	(22,33)	(22,34)	(23,31)	(23,32)	(23,33)	(23,34)	(24,31)	(24,32)	(24,33)	(25,31)	(25,32)	(26,30)	(26,31)	(26,32)	(27,30)	(27,31)	(27,32)	(28,30)	(28,31)	(28,32)	(29,29)	(29,30)	(29,31)	(29,32)	(30,29)	(30,30)	(30,31)	(30,32)	(31,29)	(31,30)	(31,31)	(31,32)	(32,28)	(32,29)	(32,30)	(32,31)	(32,32)	
(14,32):(14,32)	(14,34)	(15,33)	(16,33)	(16,34)	(17,33)	(17,34)	(17,35)	(18,33)	(18,34)	(18,35)	(18,36)	(19,33)	(19,34)	(19,35)	(19,37)	(20,32)	(20,33)	(20,34)	(21,32)	(21,33)	(21,34)	(22,32)	(22,33)	(22,34)	(23,32)	(23,33)	(23,34)	(24,32)	(24,33)	(24,35)	(25,32)	(26,32)	(27,32)	(28,32)	(29,32)	(30,32)	(31,32)	(32,32)	(33,33)	
(20,32):(14,32)	(14,34)	(15,33)	(16,33)	(16,34)	(16,36)	(17,33)	(17,34)	(17,35)	(18,33)	(18,34)	(18,35)	(18,36)	(18,37)	(19,33)	(19,34)	(19,35)	(20,31)	(20,32)	(20,33)	(20,34)	(21,31)	(21,32)	(21,33)	(21,34)	(22,30)	(22,31)	(22,32)	(22,33)	(22,34)	(23,29)	(23,30)	(23,31)	(23,32)	(23,33)	(23,34)	(24,28)	(24,29)	(24,30)	(24,31)	(24,32)	(24,33)	(24,35)	(25,27)	(25,28)	(25,29)	(25,30)	(25,31)	(25,32)	(26,26)	(26,27)	(26,28)	(26,29)	(26,30)	(26,31)	(26,32)	(27,25)	(27,26)	(27,27)	(27,28)	(27,29)	(27,30)	(27,31)	(27,32)	(28,26)	(28,27)	(28,28)	(28,29)	(28,30)	(28,31)	(28,32)	(29,26)	(29,27)	(29,28)	(29,29)	(29,30)	(29,31)	(29,32)	(30,26)	(30,27)	(30,28)	(30,29)	(30,30)	(30,31)	(30,32)	(31,26)	(31,27)	(31,28)	(31,29)	(31,30)	(31,31)	(31,32)	(32,26)	(32,27)	(32,28)	(32,29)	(32,30)	(32,31)	(32,32)	(33,26)	(33,33)	(34,25)	
(20,31):(20,31)	(20,32)	(20,33)	(20,34)	(21,31)	(21,32)	(21,33)	(21,34)	(22,31)	(22,32)	(22,33)	(22,34)	(23,31)	(23,32)	(23,33)	(23,34)	(24,31)	(24,32)	(24,33)	(24,35)	(25,31)	(25,32)	(26,31)	(26,32)	(27,31)	(27,32)	(28,31)	(28,32)	(29,31)	(29,32)	(30,31)	(30,32)	(31,31)	(31,32)	(32,31)	(32,32)	(33,33)	
(21,31):(16,36)	(17,35)	(18,34)	(18,35)	(18,36)	(18,37)	(19,33)	(19,34)	(19,35)	(20,31)	(20,32)	(20,33)	(20,34)	(21,18)	(21,19)	(21,20)	(21,21)	(21,31)	(21,32)	(21,33)	(21,34)	(22,17)	(22,18)	(22,19)	(22,20)	(22,21)	(22,22)	(22,23)	(22,24)	(22,25)	(22,26)	(22,27)	(22,28)	(22,29)	(22,30)	(22,31)	(22,32)	(22,33)	(22,34)	(23,18)	(23,23)	(23,24)	(23,25)	(23,26)	(23,27)	(23,28)	(23,29)	(23,30)	(23,31)	(23,32)	(23,33)	(23,34)	(24,24)	(24,25)	(24,26)	(24,27)	(24,28)	(24,29)	(24,30)	(24,31)	(24,32)	(24,33)	(24,35)	(25,23)	(25,24)	(25,25)	(25,26)	(25,27)	(25,28)	(25,29)	(25,30)	(25,31)	(25,32)	(26,22)	(26,23)	(26,24)	(26,25)	(26,26)	(26,27)	(26,28)	(26,29)	(26,30)	(26,31)	(26,32)	(27,22)	(27,25)	(27,26)	(27,27)	(27,28)	(27,29)	(27,30)	(27,31)	(27,32)	(28,26)	(28,27)	(28,28)	(28,29)	(28,30)	(28,31)	(28,32)	(29,26)	(29,27)	(29,28)	(29,29)	(29,30)	(29,31)	(29,32)	(30,26)	(30,27)	(30,28)	(30,29)	(30,30)	(30,31)	(30,32)	(31,26)	(31,27)	(31,28)	(31,29)	(31,30)	(31,31)	(31,32)	(32,26)	(32,27)	(32,28)	(32,29)	(32,30)	(32,31)	(32,32)	(33,26)	(33,33)	(34,25)	
(21,21):(11,20)	(11,21)	(12,21)	(13,16)	(14,17)	(14,18)	(15,17)	(15,18)	(15,19)	(15,20)	(16,17)	(16,18)	(16,19)	(16,20)	(17,17)	(17,18)	(17,19)	(17,20)	(18,18)	(18,19)	(18,20)	(19,18)	(19,19)	(19,20)	(20,18)	(20,19)	(20,20)	(21,18)	(21,19)	(21,20)	(21,21)	(21,31)	(21,32)	(21,33)	(21,34)	(22,17)	(22,18)	(22,19)	(22,20)	(22,21)	(22,22)	(22,23)	(22,24)	(22,25)	(22,26)	(22,27)	(22,28)	(22,29)	(22,30)	(22,31)	(22,32)	(22,33)	(22,34)	(23,18)	(23,23)	(23,24)	(23,25)	(23,26)	(23,27)	(23,28)	(23,29)	(23,30)	(23,31)	(23,32)	(23,33)	(23,34)	(24,24)	(24,25)	(24,26)	(24,27)	(24,28)	(24,29)	(24,30)	(24,31)	(24,32)	(24,33)	(24,35)	(25,25)	(25,26)	(25,27)	(25,28)	(25,29)	(25,30)	(25,31)	(25,32)	(26,26)	(26,27)	(26,28)	(26,29)	(26,30)	(26,31)	(26,32)	(27,27)	(27,28)	(27,29)	(27,30)	(27,31)	(27,32)	(28,28)	(28,29)	(28,30)	(28,31)	(28,32)	(29,29)	(29,30)	(29,31)	(29,32)	(30,30)	(30,31)	(30,32)	(31,31)	(31,32)	(32,32)	(33,33)	
(12,21):(10,30)	(11,20)	(11,21)	(11,22)	(11,23)	(11,24)	(11,25)	(11,26)	(11,27)	(11,28)	(11,29)	(12,21)	(12,30)	(15,20)	(16,20)	(17,20)	(18,19)	(18,20)	(19,19)	(19,20)	(20,19)	(20,20)	(21,18)	(21,19)	(21,20)	(21,21)	(22,18)	(22,19)	(22,20)	(22,21)	(23,18)	
(12,30):(10,10)	(10,30)	(11,20)	(11,21)	(11,22)	(11,23)	(11,24)	(11,25)	(11,26)	(11,27)	(11,28)	(11,29)	(12,21)	(12,30)	
(10,30):(10,5)	(10,6)	(10,7)	(10,8)	(10,9)	(10,10)	(10,30)	(11,4)	(11,20)	(11,21)	(11,22)	(11,23)	(11,24)	(11,25)	(11,26)	(11,27)	(11,28)	(11,29)	(12,21)	(12,30)	
(10,10):(4,2)	(5,2)	(5,3)	(5,4)	(5,5)	(5,6)	(5,7)	(5,8)	(5,9)	(6,2)	(6,3)	(6,4)	(6,5)	(6,6)	(6,7)	(6,8)	(6,9)	(6,10)	(7,2)	(7,3)	(7,4)	(7,5)	(7,6)	(7,7)	(7,8)	(7,9)	(7,10)	(8,3)	(8,4)	(8,5)	(8,6)	(8,7)	(8,8)	(8,9)	(9,4)	(9,5)	(9,6)	(9,7)	(9,8)	(9,9)	(10,5)	(10,6)	(10,7)	(10,8)	(10,9)	(10,10)	(10,30)	(11,4)	(11,20)	(11,21)	(11,22)	(11,23)	(11,24)	(11,25)	(11,26)	(11,27)	(11,28)	(11,29)	(12,30)	
(7,10):(4,2)	(5,2)	(5,3)	(5,4)	(5,5)	(5,6)	(5,7)	(5,8)	(5,9)	(5,24)	(5,25)	(5,26)	(5,27)	(6,2)	(6,3)	(6,4)	(6,5)	(6,6)	(6,7)	(6,8)	(6,9)	(6,10)	(6,11)	(6,12)	(6,13)	(6,14)	(6,15)	(6,16)	(6,17)	(6,18)	(6,19)	(6,20)	(6,21)	(6,22)	(6,23)	(6,24)	(6,25)	(6,26)	(6,27)	(7,2)	(7,3)	(7,4)	(7,5)	(7,6)	(7,7)	(7,8)	(7,9)	(7,10)	(7,27)	(8,1)	(8,3)	(8,4)	(8,5)	(8,6)	(8,7)	(8,8)	(8,9)	(9,3)	(9,4)	(9,5)	(9,6)	(9,7)	(9,8)	(9,9)	(10,5)	(10,6)	(10,7)	(10,8)	(10,9)	(10,10)	(11,4)	
(7,27):(1,24)	(2,25)	(2,26)	(2,27)	(3,25)	(3,26)	(3,27)	(4,25)	(4,26)	(4,27)	(5,2)	(5,3)	(5,4)	(5,5)	(5,6)	(5,7)	(5,8)	(5,9)	(5,24)	(5,25)	(5,26)	(5,27)	(6,2)	(6,3)	(6,4)	(6,5)	(6,6)	(6,7)	(6,8)	(6,9)	(6,10)	(6,11)	(6,12)	(6,13)	(6,14)	(6,15)	(6,16)	(6,17)	(6,18)	(6,19)	(6,20)	(6,21)	(6,22)	(6,23)	(6,24)	(6,25)	(6,26)	(6,27)	(7,2)	(7,3)	(7,4)	(7,5)	(7,6)	(7,7)	(7,8)	(7,9)	(7,10)	(7,27)	
(6,27):(1,24)	(2,25)	(2,26)	(2,27)	(2,28)	(3,25)	(3,26)	(3,27)	(4,25)	(4,26)	(4,27)	(5,2)	(5,3)	(5,4)	(5,5)	(5,6)	(5,7)	(5,8)	(5,9)	(5,24)	(5,25)	(5,26)	(5,27)	(6,2)	(6,3)	(6,4)	(6,5)	(6,6)	(6,7)	(6,8)	(6,9)	(6,10)	(6,11)	(6,12)	(6,13)	(6,14)	(6,15)	(6,16)	(6,17)	(6,18)	(6,19)	(6,20)	(6,21)	(6,22)	(6,23)	(6,24)	(6,25)	(6,26)	(6,27)	(6,28)	(7,2)	(7,3)	(7,4)	(7,5)	(7,6)	(7,7)	(7,8)	(7,9)	(7,10)	(7,27)	
(6,28):(1,24)	(2,25)	(2,26)	(2,27)	(2,28)	(3,25)	(3,26)	(3,27)	(4,25)	(4,26)	(4,27)	(5,2)	(5,3)	(5,4)	(5,5)	(5,6)	(5,7)	(5,8)	(5,9)	(5,24)	(5,25)	(5,26)	(5,27)	(6,2)	(6,3)	(6,4)	(6,5)	(6,6)	(6,7)	(6,8)	(6,9)	(6,10)	(6,11)	(6,12)	(6,13)	(6,14)	(6,15)	(6,16)	(6,17)	(6,18)	(6,19)	(6,20)	(6,21)	(6,22)	(6,23)	(6,24)	(6,25)	(6,26)	(6,27)	(6,28)	
(2,28):(1,24)	(1,29)	(2,25)	(2,26)	(2,27)	(2,28)	(2,29)	(3,25)	(3,26)	(3,27)	(4,25)	(4,26)	(4,27)	(5,24)	(5,25)	(5,26)	(5,27)	(6,23)	(6,24)	(6,25)	(6,26)	(6,27)	(6,28)	
(2,29):(1,24)	(1,29)	(2,25)	(2,26)	(2,27)	(2,28)	(2,29)	
(1,29):(1,24)	(1,29)	(2,25)	(2,26)	(2,27)	(2,28)	(2,29)	(3,25)	(3,26)	(3,27)	(4,25)	(4,26)	(5,24)	(5,25)	(6,23)	(6,24)	
(1,24):(1,24)	(1,29)	(2,25)	(2,26)	(2,27)	(2,28)	(2,29)	(3,25)	(3,26)	(3,27)	(4,25)	(4,26)	(4,27)	(5,24)	(5,25)	(5,26)	(5,27)	(6,24)	(6,25)	(6,26)	(6,27)	(6,28)	(7,27)	
(5,24):(1,24)	(1,29)	(2,25)	(2,26)	(2,27)	(2,28)	(3,25)	(3,26)	(3,27)	(4,25)	(4,26)	(4,27)	(5,2)	(5,3)	(5,4)	(5,5)	(5,6)	(5,7)	(5,8)	(5,9)	(5,24)	(5,25)	(5,26)	(5,27)	(6,2)	(6,3)	(6,4)	(6,5)	(6,6)	(6,7)	(6,8)	(6,9)	(6,10)	(6,11)	(6,12)	(6,13)	(6,14)	(6,15)	(6,16)	(6,17)	(6,18)	(6,19)	(6,20)	(6,21)	(6,22)	(6,23)	(6,24)	(6,25)	(6,26)	(6,27)	(6,28)	(7,2)	(7,3)	(7,4)	(7,5)	(7,6)	(7,7)	(7,8)	(7,9)	(7,10)	(7,27)	(8,1)	(8,3)	
(5,9):(4,2)	(4,9)	(5,2)	(5,3)	(5,4)	(5,5)	(5,6)	(5,7)	(5,8)	(5,9)	(5,24)	(5,25)	(5,26)	(5,27)	(6,2)	(6,3)	(6,4)	(6,5)	(6,6)	(6,7)	(6,8)	(6,9)	(6,10)	(6,11)	(6,12)	(6,13)	(6,14)	(6,15)	(6,16)	(6,17)	(6,18)	(6,19)	(6,20)	(6,21)	(6,22)	(6,23)	(6,24)	(6,25)	(6,26)	(6,27)	(6,28)	(7,2)	(7,3)	(7,4)	(7,5)	(7,6)	(7,7)	(7,8)	(7,9)	(7,10)	(7,27)	(8,1)	(8,3)	(8,4)	(8,5)	(8,6)	(8,7)	(8,8)	(8,9)	(9,3)	(9,4)	(9,5)	(9,6)	(9,7)	(9,8)	(9,9)	(10,5)	(10,6)	(10,7)	(10,8)	(10,9)	(10,10)	(11,4)	
(4,9):(4,2)	(4,9)	(5,2)	(5,3)	(5,4)	(5,5)	(5,6)	(5,7)	(5,8)	(5,9)	(6,2)	(6,3)	(6,4)	(6,5)	(6,6)	(6,7)	(6,8)	(6,9)	(7,2)	(7,3)	(7,4)	(7,5)	(7,6)	(7,7)	(7,8)	(7,9)	(8,1)	(8,3)	(8,4)	(8,5)	(8,6)	(8,7)	(8,8)	(8,9)	(9,3)	(9,4)	(9,5)	(9,6)	(9,7)	(9,8)	(9,9)	(10,5)	(10,6)	(10,7)	(10,8)	(10,9)	(11,4)	
(4,2):(3,1)	(3,2)	(4,2)	(4,9)	(5,2)	(5,3)	(5,4)	(5,5)	(5,6)	(5,7)	(5,8)	(5,9)	(6,2)	(6,3)	(6,4)	(6,5)	(6,6)	(6,7)	(6,8)	(6,9)	(6,10)	(6,11)	(6,12)	(6,13)	(6,14)	(6,15)	(6,16)	(7,2)	(7,3)	(7,4)	(7,5)	(7,6)	(7,7)	(7,8)	(7,9)	(7,10)	(8,1)	(8,3)	(8,4)	(8,5)	(8,6)	(8,7)	(8,8)	(8,9)	(9,4)	(9,5)	(9,6)	(9,7)	(9,8)	(9,9)	(10,5)	(10,6)	(10,7)	(10,8)	(10,9)	(10,10)	
(3,2):(3,1)	(3,2)	(4,2)	(5,2)	(6,2)	(7,2)	(8,1)	
(3,1):(3,1)	(3,2)	(4,2)	(5,2)	(5,3)	(6,2)	(6,3)	(6,4)	(7,2)	(7,3)	(7,4)	(7,5)	(8,1)	(8,3)	(8,4)	(8,5)	(8,6)	(9,4)	(9,5)	(9,6)	(9,7)	(10,5)	(10,6)	(10,7)	(10,8)	
(8,1):(3,1)	(3,2)	(4,2)	(4,9)	(5,2)	(5,3)	(5,4)	(5,5)	(5,6)	(5,7)	(5,8)	(5,9)	(5,24)	(5,25)	(5,26)	(5,27)	(6,2)	(6,3)	(6,4)	(6,5)	(6,6)	(6,7)	(6,8)	(6,9)	(6,10)	(6,11)	(6,12)	(6,13)	(6,14)	(6,15)	(6,16)	(6,17)	(6,18)	(6,19)	(7,2)	(7,3)	(7,4)	(7,5)	(7,6)	(7,7)	(7,8)	(7,9)	(7,10)	(8,1)	(8,3)	(8,4)	(8,5)	(8,6)	(8,7)	(8,8)	(8,9)	
(8,3):(3,1)	(4,2)	(4,9)	(5,2)	(5,3)	(5,4)	(5,5)	(5,6)	(5,7)	(5,8)	(5,9)	(5,24)	(6,2)	(6,3)	(6,4)	(6,5)	(6,6)	(6,7)	(6,8)	(6,9)	(6,10)	(6,11)	(6,12)	(6,13)	(6,14)	(6,15)	(6,16)	(6,17)	(7,2)	(7,3)	(7,4)	(7,5)	(7,6)	(7,7)	(7,8)	(7,9)	(7,10)	(8,1)	(8,3)	(8,4)	(8,5)	(8,6)	(8,7)	(8,8)	(8,9)	(9,3)	(9,4)	(9,5)	(9,6)	(9,7)	(9,8)	(9,9)	(10,5)	(10,6)	(10,7)	(10,8)	(10,9)	(10,10)	
(9,3):(4,9)	(5,3)	(5,4)	(5,5)	(5,6)	(5,7)	(5,8)	(5,9)	(6,3)	(6,4)	(6,5)	(6,6)	(6,7)	(6,8)	(6,9)	(6,10)	(6,11)	(6,12)	(6,13)	(7,3)	(7,4)	(7,5)	(7,6)	(7,7)	(7,8)	(7,9)	(7,10)	(8,3)	(8,4)	(8,5)	(8,6)	(8,7)	(8,8)	(8,9)	(9,3)	(9,4)	(9,5)	(9,6)	(9,7)	(9,8)	(9,9)	
(9,4):(3,1)	(4,2)	(4,9)	(5,2)	(5,3)	(5,4)	(5,5)	(5,6)	(5,7)	(5,8)	(5,9)	(6,2)	(6,3)	(6,4)	(6,5)	(6,6)	(6,7)	(6,8)	(6,9)	(6,10)	(6,11)	(6,12)	(6,13)	(7,2)	(7,3)	(7,4)	(7,5)	(7,6)	(7,7)	(7,8)	(7,9)	(7,10)	(8,3)	(8,4)	(8,5)	(8,6)	(8,7)	(8,8)	(8,9)	(9,3)	(9,4)	(9,5)	(9,6)	(9,7)	(9,8)	(9,9)	(10,5)	(10,6)	(10,7)	(10,8)	(10,9)	(10,10)	(11,4)	
(11,4):(4,9)	(5,4)	(5,5)	(5,6)	(5,7)	(5,8)	(5,9)	(6,4)	(6,5)	(6,6)	(6,7)	(6,8)	(6,9)	(6,10)	(6,11)	(7,4)	(7,5)	(7,6)	(7,7)	(7,8)	(7,9)	(7,10)	(8,4)	(8,5)	(8,6)	(8,7)	(8,8)	(8,9)	(9,4)	(9,5)	(9,6)	(9,7)	(9,8)	(9,9)	(10,5)	(10,6)	(10,7)	(10,8)	(10,9)	(10,10)	(10,30)	(11,4)	(11,20)	(11,21)	(11,22)	(11,23)	(11,24)	(11,25)	(11,26)	(11,27)	(11,28)	(11,29)	
(11,20):(10,5)	(10,6)	(10,7)	(10,8)	(10,9)	(10,10)	(10,30)	(11,4)	(11,20)	(11,21)	(11,22)	(11,23)	(11,24)	(11,25)	(11,26)	(11,27)	(11,28)	(11,29)	(12,21)	(12,30)	(15,20)	(16,20)	(17,20)	(18,20)	(19,20)	(20,20)	(21,20)	(21,21)	(22,20)	(22,21)	
(15,20):(11,20)	(11,21)	(12,21)	(15,17)	(15,18)	(15,19)	(15,20)	(16,17)	(16,18)	(16,19)	(16,20)	(17,16)	(17,17)	(17,18)	(17,19)	(17,20)	(18,18)	(18,19)	(18,20)	(19,18)	(19,19)	(19,20)	(20,18)	(20,19)	(20,20)	(21,18)	(21,19)	(21,20)	(21,21)	(22,17)	(22,18)	(22,19)	(22,20)	(22,21)	(23,18)	
(15,19):(13,16)	(13,19)	(14,17)	(14,18)	(15,17)	(15,18)	(15,19)	(15,20)	(16,17)	(16,18)	(16,19)	(16,20)	(17,16)	(17,17)	(17,18)	(17,19)	(17,20)	(18,18)	(18,19)	(18,20)	(19,18)	(19,19)	(19,20)	(20,18)	(20,19)	(20,20)	(21,18)	(21,19)	(21,20)	(21,21)	(22,17)	(22,18)	(22,19)	(22,20)	(22,21)	(23,18)	
(13,19):(13,16)	(13,19)	(14,17)	(14,18)	(15,17)	(15,18)	(15,19)	(16,17)	(16,18)	(16,19)	(17,16)	(17,17)	(17,18)	(17,19)	(18,18)	(18,19)	(19,18)	(19,19)	(20,18)	(20,19)	(21,18)	(21,19)	(22,17)	(22,18)	(22,19)	(23,18)	
(13,16):(13,16)	(13,19)	(14,17)	(14,18)	(15,17)	(15,18)	(15,19)	(16,17)	(16,18)	(16,19)	(16,20)	(17,16)	(17,17)	(17,18)	(17,19)	(17,20)	(18,18)	(18,19)	(18,20)	(19,18)	(19,19)	(19,20)	(20,18)	(20,19)	(20,20)	(21,18)	(21,19)	(21,20)	(21,21)	(22,19)	(22,20)	(22,21)	
(17,16):(13,16)	(13,19)	(14,17)	(14,18)	(15,17)	(15,18)	(15,19)	(15,20)	(16,17)	(16,18)	(16,19)	(16,20)	(17,16)	(17,17)	(17,18)	(17,19)	(17,20)	
(17,17):(13,16)	(13,19)	(14,17)	(14,18)	(15,17)	(15,18)	(15,19)	(15,20)	(16,17)	(16,18)	(16,19)	(16,20)	(17,16)	(17,17)	(17,18)	(17,19)	(17,20)	(18,18)	(18,19)	(18,20)	(19,18)	(19,19)	(19,20)	(20,18)	(20,19)	(20,20)	(21,18)	(21,19)	(21,20)	(21,21)	(22,17)	(22,18)	(22,19)	(22,20)	(22,21)	(22,22)	(23,23)	
(22,17):(13,19)	(14,17)	(14,18)	(15,17)	(15,18)	(15,19)	(15,20)	(16,17)	(16,18)	(16,19)	(16,20)	(17,17)	(17,18)	(17,19)	(17,20)	(18,18)	(18,19)	(18,20)	(19,18)	(19,19)	(19,20)	(20,18)	(20,19)	(20,20)	(21,18)	(21,19)	(21,20)	(21,21)	(21,31)	(21,32)	(21,33)	(21,34)	(22,17)	(22,18)	(22,19)	(22,20)	(22,21)	(22,22)	(22,23)	(22,24)	(22,25)	(22,26)	(22,27)	(22,28)	(22,29)	(22,30)	(22,31)	(22,32)	(22,33)	(22,34)	
(22,18):(12,21)	(13,19)	(14,17)	(14,18)	(15,17)	(15,18)	(15,19)	(15,20)	(16,17)	(16,18)	(16,19)	(16,20)	(17,17)	(17,18)	(17,19)	(17,20)	(18,18)	(18,19)	(18,20)	(19,18)	(19,19)	(19,20)	(20,18)	(20,19)	(20,20)	(21,18)	(21,19)	(21,20)	(21,21)	(21,31)	(21,32)	(21,33)	(21,34)	(22,17)	(22,18)	(22,19)	(22,20)	(22,21)	(22,22)	(22,23)	(22,24)	(22,25)	(22,26)	(22,27)	(22,28)	(22,29)	(22,30)	(22,31)	(22,32)	(22,33)	(22,34)	(23,18)	(23,23)	(23,24)	(23,25)	(23,26)	(23,27)	(23,28)	(23,29)	(23,30)	(23,31)	(23,32)	(23,33)	(23,34)	(24,28)	(24,29)	(24,30)	(24,31)	(24,32)	(24,33)	(24,35)	
(23,18):(11,21)	(12,21)	(13,19)	(14,18)	(15,18)	(15,19)	(15,20)	(16,18)	(16,19)	(16,20)	(17,18)	(17,19)	(17,20)	(18,18)	(18,19)	(18,20)	(19,18)	(19,19)	(19,20)	(20,18)	(20,19)	(20,20)	(21,18)	(21,19)	(21,20)	(21,21)	(21,31)	(21,32)	(21,33)	(21,34)	(22,18)	(22,19)	(22,20)	(22,21)	(22,22)	(22,23)	(22,24)	(22,25)	(22,26)	(22,27)	(22,28)	(22,29)	(22,30)	(22,31)	(22,32)	(22,33)	(22,34)	(23,18)	(23,23)	(23,24)	(23,25)	(23,26)	(23,27)	(23,28)	(23,29)	(23,30)	(23,31)	(23,32)	(23,33)	(23,34)	
(23,23):(17,17)	(18,18)	(19,18)	(19,19)	(20,18)	(20,19)	(20,20)	(21,18)	(21,19)	(21,20)	(21,21)	(21,31)	(21,32)	(21,33)	(21,34)	(22,18)	(22,19)	(22,20)	(22,21)	(22,22)	(22,23)	(22,24)	(22,25)	(22,26)	(22,27)	(22,28)	(22,29)	(22,30)	(22,31)	(22,32)	(22,33)	(22,34)	(23,18)	(23,23)	(23,24)	(23,25)	(23,26)	(23,27)	(23,28)	(23,29)	(23,30)	(23,31)	(23,32)	(23,33)	(23,34)	(24,24)	(24,25)	(24,26)	(24,27)	(24,28)	(24,29)	(24,30)	(24,31)	(24,32)	(24,33)	(24,35)	(25,23)	(25,24)	(25,25)	(25,26)	(25,27)	(25,28)	(25,29)	(25,30)	(25,31)	(25,32)	(26,23)	(26,24)	(26,25)	(26,26)	(26,27)	(26,28)	(26,29)	(26,30)	(26,31)	(26,32)	(27,25)	(27,26)	(27,27)	(27,28)	(27,29)	(27,30)	(27,31)	(27,32)	(28,26)	(28,27)	(28,28)	(28,29)	(28,30)	(28,31)	(28,32)	(29,26)	(29,27)	(29,28)	(29,29)	(29,30)	(29,31)	(29,32)	(30,27)	(30,28)	(30,29)	(30,30)	(30,31)	(30,32)	(31,27)	(31,28)	(31,29)	(31,30)	(31,31)	(31,32)	(32,28)	(32,29)	(32,30)	(32,31)	(32,32)	(33,33)	
(25,23):(19,35)	(20,33)	(20,34)	(21,31)	(21,32)	(21,33)	(21,34)	(22,23)	(22,24)	(22,25)	(22,26)	(22,27)	(22,28)	(22,29)	(22,30)	(22,31)	(22,32)	(22,33)	(22,34)	(23,23)	(23,24)	(23,25)	(23,26)	(23,27)	(23,28)	(23,29)	(23,30)	(23,31)	(23,32)	(23,33)	(23,34)	(24,24)	(24,25)	(24,26)	(24,27)	(24,28)	(24,29)	(24,30)	(24,31)	(24,32)	(24,33)	(25,5)	(25,23)	(25,24)	(25,25)	(25,26)	(25,27)	(25,28)	(25,29)	(25,30)	(25,31)	(25,32)	(26,6)	(26,7)	(26,8)	(26,9)	(26,10)	(26,11)	(26,22)	(26,23)	(26,24)	(26,25)	(26,26)	(26,27)	(26,28)	(26,29)	(26,30)	(26,31)	(26,32)	(27,22)	(27,25)	(27,26)	(27,27)	(27,28)	(27,29)	(27,30)	(27,31)	(27,32)	(28,26)	(28,27)	(28,28)	(28,29)	(28,30)	(28,31)	(28,32)	(29,27)	(29,28)	(29,29)	(29,30)	(29,31)	(29,32)	(30,28)	(30,29)	(30,30)	(30,31)	(30,32)	(31,29)	(31,30)	(31,31)	(31,32)	(32,30)	(32,31)	(32,32)	(33,33)	
(25,5):(25,5)	(25,23)	(25,24)	(25,25)	(25,26)	(25,27)	(25,28)	(25,29)	(25,30)	(25,31)	(25,32)	(26,6)	(26,7)	(26,8)	(26,9)	(26,10)	(26,11)	(26,22)	(26,23)	(26,24)	(26,25)	(26,26)	(26,27)	(26,28)	(26,29)	(26,30)	(26,31)	(26,32)	(27,6)	(27,7)	(27,8)	(27,9)	(27,10)	(28,5)	(28,8)	(28,9)	(28,10)	(29,9)	(29,10)	(30,10)	(31,11)	
(28,5):(25,5)	(26,6)	(26,7)	(26,8)	(26,9)	(26,10)	(26,11)	(27,6)	(27,7)	(27,8)	(27,9)	(27,10)	(28,5)	(28,8)	(28,9)	(28,10)	
(28,8):(25,5)	(26,6)	(26,7)	(26,8)	(26,9)	(26,10)	(26,11)	(27,6)	(27,7)	(27,8)	(27,9)	(27,10)	(28,5)	(28,8)	(28,9)	(28,10)	(29,9)	(29,10)	(30,8)	(30,9)	(30,10)	(31,8)	(31,9)	(31,10)	(31,11)	
(30,8):(26,8)	(26,9)	(26,10)	(26,11)	(27,8)	(27,9)	(27,10)	(28,8)	(28,9)	(28,10)	(29,9)	(29,10)	(30,6)	(30,8)	(30,9)	(30,10)	(31,7)	(31,8)	(31,9)	(31,10)	(31,11)	(32,7)	(32,13)	
(30,6):(30,6)	(30,8)	(30,9)	(30,10)	(31,7)	(31,8)	(31,9)	(31,10)	(31,11)	(32,7)	(32,13)	(35,6)	(35,7)	
(35,6):(30,6)	(31,7)	(32,7)	(35,6)	(35,7)	
(35,7):(30,6)	(31,7)	(32,7)	(35,6)	(35,7)	
(32,7):(26,10)	(26,11)	(27,10)	(28,9)	(28,10)	(29,9)	(29,10)	(30,6)	(30,8)	(30,9)	(30,10)	(31,7)	(31,8)	(31,9)	(31,10)	(31,11)	(31,12)	(31,13)	(32,7)	(32,13)	(35,6)	(35,7)	
(32,13):(29,12)	(29,14)	(30,6)	(30,8)	(30,9)	(30,13)	(31,7)	(31,8)	(31,9)	(31,10)	(31,11)	(31,12)	(31,13)	(32,7)	(32,13)	(36,14)	(37,13)	
(37,13):(29,14)	(30,13)	(31,13)	(32,13)	(36,14)	(36,15)	(37,13)	(37,15)	
(37,15):(36,14)	(36,15)	(37,13)	(37,15)	
(36,15):2.000000
(36,14):10.125000
(29,14):11.500000
(29,12):7.500000
(31,12):12.600000
(31,11):32.875000
(26,11):58.250000
(26,22):92.131599
(27,22):69.600380
(27,25):128.875000
(34,25):90.019234
(34,26):15.571428
(33,26):117.775795
(33,33):116.666664
(24,33):154.044449
(24,35):67.363792
(19,35):107.645241
(19,37):13.000000
(18,37):7.800000
(18,36):45.450001
(16,36):83.851715
(16,34):78.202209
(14,34):53.116665
(14,32):38.500000
(20,32):108.102562
(20,31):34.000000
(21,31):138.791672
(21,21):122.883331
(12,21):41.666668
(12,30):25.000000
(10,30):36.111111
(10,10):78.620239
(7,10):90.050949
(7,27):67.555557
(6,27):73.285133
(6,28):44.684212
(2,28):26.541666
(2,29):5.000000
(1,29):15.000000
(1,24):24.000000
(5,24):75.125000
(5,9):89.171425
(4,9):48.000000
(4,2):66.741669
(3,2):5.000000
(3,1):23.299999
(8,1):55.043480
(8,3):68.625000
(9,3):41.000000
(9,4):61.799999
(11,4):64.000000
(11,20):49.000000
(15,20):39.000000
(15,19):39.666668
(13,19):23.000000
(13,16):35.416668
(17,16):16.250000
(17,17):41.233334
(22,17):47.738094
(22,18):79.243958
(23,18):57.651222
(23,23):125.900002
(25,23):120.300003
(25,5):48.058823
(28,5):19.500000
(28,8):31.250000
(30,8):28.075001
(30,6):15.242857
(35,6):5.666667
(35,7):5.000000
(32,7):25.483334
(32,13):21.375000
(37,13):9.000000
(37,15):2.500000
(36,15),(36,14):2.000000
(36,15),(29,14):1.000000
(36,15),(29,12):0.000000
(36,15),(31,12):0.000000
(36,15),(31,11):0.000000
(36,15),(26,11):0.000000
(36,15),(26,22):0.000000
(36,15),(27,22):0.000000
(36,15),(27,25):0.000000
(36,15),(34,25):0.000000
(36,15),(34,26):0.000000
(36,15),(33,26):0.000000
(36,15),(33,33):0.000000
(36,15),(24,33):0.000000
(36,15),(24,35):0.000000
(36,15),(19,35):0.000000
(36,15),(19,37):0.000000
(36,15),(18,37):0.000000
(36,15),(18,36):0.000000
(36,15),(16,36):0.000000
(36,15),(16,34):0.000000
(36,15),(14,34):0.000000
(36,15),(14,32):0.000000
(36,15),(20,32):0.000000
(36,15),(20,31):0.000000
(36,15),(21,31):0.000000
(36,15),(21,21):0.000000
(36,15),(12,21):0.000000
(36,15),(12,30):0.000000
(36,15),(10,30):0.000000
(36,15),(10,10):0.000000
(36,15),(7,10):0.000000
(36,15),(7,27):0.000000
(36,15),(6,27):0.000000
(36,15),(6,28):0.000000
(36,15),(2,28):0.000000
(36,15),(2,29):0.000000
(36,15),(1,29):0.000000
(36,15),(1,24):0.000000
(36,15),(5,24):0.000000
(36,15),(5,9):0.000000
(36,15),(4,9):0.000000
(36,15),(4,2):0.000000
(36,15),(3,2):0.000000
(36,15),(3,1):0.000000
(36,15),(8,1):0.000000
(36,15),(8,3):0.000000
(36,15),(9,3):0.000000
(36,15),(9,4):0.000000
(36,15),(11,4):0.000000
(36,15),(11,20):0.000000
(36,15),(15,20):0.000000
(36,15),(15,19):0.000000
(36,15),(13,19):0.000000
(36,15),(13,16):0.000000
(36,15),(17,16):0.000000
(36,15),(17,17):0.000000
(36,15),(22,17):0.000000
(36,15),(22,18):0.000000
(36,15),(23,18):0.000000
(36,15),(23,23):0.000000
(36,15),(25,23):0.000000
(36,15),(25,5):0.000000
(36,15),(28,5):0.000000
(36,15),(28,8):0.000000
(36,15),(30,8):0.000000
(36,15),(30,6):0.000000
(36,15),(35,6):0.000000
(36,15),(35,7):0.000000
(36,15),(32,7):0.000000
(36,15),(32,13):1.125000
(36,15),(37,13):2.000000
(36,15),(37,15):2.000000
(36,14),(29,14):9.125000
(36,14),(29,12):5.625000
(36,14),(31,12):4.625000
(36,14),(31,11):1.375000
(36,14),(26,11):0.000000
(36,14),(26,22):0.000000
(36,14),(27,22):0.000000
(36,14),(27,25):0.000000
(36,14),(34,25):0.000000
(36,14),(34,26):0.000000
(36,14),(33,26):0.000000
(36,14),(33,33):0.000000
(36,14),(24,33):0.000000
(36,14),(24,35):0.000000
(36,14),(19,35):0.000000
(36,14),(19,37):0.000000
(36,14),(18,37):0.000000
(36,14),(18,36):0.000000
(36,14),(16,36):0.000000
(36,14),(16,34):0.000000
(36,14),(14,34):0.000000
(36,14),(14,32):0.000000
(36,14),(20,32):0.000000
(36,14),(20,31):0.000000
(36,14),(21,31):0.000000
(36,14),(21,21):0.000000
(36,14),(12,21):0.000000
(36,14),(12,30):0.000000
(36,14),(10,30):0.000000
(36,14),(10,10):0.000000
(36,14),(7,10):0.000000
(36,14),(7,27):0.000000
(36,14),(6,27):0.000000
(36,14),(6,28):0.000000
(36,14),(2,28):0.000000
(36,14),(2,29):0.000000
(36,14),(1,29):0.000000
(36,14),(1,24):0.000000
(36,14),(5,24):0.000000
(36,14),(5,9):0.000000
(36,14),(4,9):0.000000
(36,14),(4,2):0.000000
(36,14),(3,2):0.000000
(36,14),(3,1):0.000000
(36,14),(8,1):0.000000
(36,14),(8,3):0.000000
(36,14),(9,3):0.000000
(36,14),(9,4):0.000000
(36,14),(11,4):0.000000
(36,14),(11,20):0.000000
(36,14),(15,20):0.000000
(36,14),(15,19):0.000000
(36,14),(13,19):0.000000
(36,14),(13,16):0.000000
(36,14),(17,16):0.000000
(36,14),(17,17):0.000000
(36,14),(22,17):0.000000
(36,14),(22,18):0.000000
(36,14),(23,18):0.000000
(36,14),(23,23):0.000000
(36,14),(25,23):0.000000
(36,14),(25,5):0.000000
(36,14),(28,5):0.000000
(36,14),(28,8):0.000000
(36,14),(30,8):0.381818
(36,14),(30,6):0.690226
(36,14),(35,6):0.000000
(36,14),(35,7):0.000000
(36,14),(32,7):1.471429
(36,14),(32,13):9.250000
(36,14),(37,13):9.000000
(36,14),(37,15):2.500000
(29,14),(29,12):7.500000
(29,14),(31,12):7.000000
(29,14),(31,11):2.750000
(29,14),(26,11):0.000000
(29,14),(26,22):0.000000
(29,14),(27,22):0.000000
(29,14),(27,25):0.000000
(29,14),(34,25):0.000000
(29,14),(34,26):0.000000
(29,14),(33,26):0.000000
(29,14),(33,33):0.000000
(29,14),(24,33):0.000000
(29,14),(24,35):0.000000
(29,14),(19,35):0.000000
(29,14),(19,37):0.000000
(29,14),(18,37):0.000000
(29,14),(18,36):0.000000
(29,14),(16,36):0.000000
(29,14),(16,34):0.000000
(29,14),(14,34):0.000000
(29,14),(14,32):0.000000
(29,14),(20,32):0.000000
(29,14),(20,31):0.000000
(29,14),(21,31):0.000000
(29,14),(21,21):0.000000
(29,14),(12,21):0.000000
(29,14),(12,30):0.000000
(29,14),(10,30):0.000000
(29,14),(10,10):0.000000
(29,14),(7,10):0.000000
(29,14),(7,27):0.000000
(29,14),(6,27):0.000000
(29,14),(6,28):0.000000
(29,14),(2,28):0.000000
(29,14),(2,29):0.000000
(29,14),(1,29):0.000000
(29,14),(1,24):0.000000
(29,14),(5,24):0.000000
(29,14),(5,9):0.000000
(29,14),(4,9):0.000000
(29,14),(4,2):0.000000
(29,14),(3,2):0.000000
(29,14),(3,1):0.000000
(29,14),(8,1):0.000000
(29,14),(8,3):0.000000
(29,14),(9,3):0.000000
(29,14),(9,4):0.000000
(29,14),(11,4):0.000000
(29,14),(11,20):0.000000
(29,14),(15,20):0.000000
(29,14),(15,19):0.000000
(29,14),(13,19):0.000000
(29,14),(13,16):0.000000
(29,14),(17,16):0.000000
(29,14),(17,17):0.000000
(29,14),(22,17):0.000000
(29,14),(22,18):0.000000
(29,14),(23,18):0.000000
(29,14),(23,23):0.000000
(29,14),(25,23):0.000000
(29,14),(25,5):0.000000
(29,14),(28,5):0.000000
(29,14),(28,8):0.250000
(29,14),(30,8):1.325000
(29,14),(30,6):1.826190
(29,14),(35,6):0.000000
(29,14),(35,7):0.000000
(29,14),(32,7):2.900000
(29,14),(32,13):11.500000
(29,14),(37,13):8.000000
(29,14),(37,15):1.500000
(29,12),(31,12):6.500000
(29,12),(31,11):2.250000
(29,12),(26,11):0.000000
(29,12),(26,22):0.000000
(29,12),(27,22):0.000000
(29,12),(27,25):0.000000
(29,12),(34,25):0.000000
(29,12),(34,26):0.000000
(29,12),(33,26):0.000000
(29,12),(33,33):0.000000
(29,12),(24,33):0.000000
(29,12),(24,35):0.000000
(29,12),(19,35):0.000000
(29,12),(19,37):0.000000
(29,12),(18,37):0.000000
(29,12),(18,36):0.000000
(29,12),(16,36):0.000000
(29,12),(16,34):0.000000
(29,12),(14,34):0.000000
(29,12),(14,32):0.000000
(29,12),(20,32):0.000000
(29,12),(20,31):0.000000
(29,12),(21,31):0.000000
(29,12),(21,21):0.000000
(29,12),(12,21):0.000000
(29,12),(12,30):0.000000
(29,12),(10,30):0.000000
(29,12),(10,10):0.000000
(29,12),(7,10):0.000000
(29,12),(7,27):0.000000
(29,12),(6,27):0.000000
(29,12),(6,28):0.000000
(29,12),(2,28):0.000000
(29,12),(2,29):0.000000
(29,12),(1,29):0.000000
(29,12),(1,24):0.000000
(29,12),(5,24):0.000000
(29,12),(5,9):0.000000
(29,12),(4,9):0.000000
(29,12),(4,2):0.000000
(29,12),(3,2):0.000000
(29,12),(3,1):0.000000
(29,12),(8,1):0.000000
(29,12),(8,3):0.000000
(29,12),(9,3):0.000000
(29,12),(9,4):0.000000
(29,12),(11,4):0.000000
(29,12),(11,20):0.000000
(29,12),(15,20):0.000000
(29,12),(15,19):0.000000
(29,12),(13,19):0.000000
(29,12),(13,16):0.000000
(29,12),(17,16):0.000000
(29,12),(17,17):0.000000
(29,12),(22,17):0.000000
(29,12),(22,18):0.000000
(29,12),(23,18):0.000000
(29,12),(23,23):0.000000
(29,12),(25,23):0.000000
(29,12),(25,5):0.000000
(29,12),(28,5):0.000000
(29,12),(28,8):0.000000
(29,12),(30,8):0.866667
(29,12),(30,6):1.342857
(29,12),(35,6):0.000000
(29,12),(35,7):0.000000
(29,12),(32,7):2.400000
(29,12),(32,13):7.500000
(29,12),(37,13):4.500000
(29,12),(37,15):0.000000
(31,12),(31,11):8.350000
(31,12),(26,11):4.154412
(31,12),(26,22):0.000000
(31,12),(27,22):0.000000
(31,12),(27,25):0.000000
(31,12),(34,25):0.000000
(31,12),(34,26):0.000000
(31,12),(33,26):0.000000
(31,12),(33,33):0.000000
(31,12),(24,33):0.000000
(31,12),(24,35):0.000000
(31,12),(19,35):0.000000
(31,12),(19,37):0.000000
(31,12),(18,37):0.000000
(31,12),(18,36):0.000000
(31,12),(16,36):0.000000
(31,12),(16,34):0.000000
(31,12),(14,34):0.000000
(31,12),(14,32):0.000000
(31,12),(20,32):0.000000
(31,12),(20,31):0.000000
(31,12),(21,31):0.000000
(31,12),(21,21):0.000000
(31,12),(12,21):0.000000
(31,12),(12,30):0.000000
(31,12),(10,30):0.000000
(31,12),(10,10):0.000000
(31,12),(7,10):0.000000
(31,12),(7,27):0.000000
(31,12),(6,27):0.000000
(31,12),(6,28):0.000000
(31,12),(2,28):0.000000
(31,12),(2,29):0.000000
(31,12),(1,29):0.000000
(31,12),(1,24):0.000000
(31,12),(5,24):0.000000
(31,12),(5,9):0.000000
(31,12),(4,9):0.000000
(31,12),(4,2):0.000000
(31,12),(3,2):0.000000
(31,12),(3,1):0.000000
(31,12),(8,1):0.000000
(31,12),(8,3):0.000000
(31,12),(9,3):0.000000
(31,12),(9,4):0.000000
(31,12),(11,4):0.000000
(31,12),(11,20):0.000000
(31,12),(15,20):0.000000
(31,12),(15,19):0.000000
(31,12),(13,19):0.000000
(31,12),(13,16):0.000000
(31,12),(17,16):0.000000
(31,12),(17,17):0.000000
(31,12),(22,17):0.000000
(31,12),(22,18):0.000000
(31,12),(23,18):0.000000
(31,12),(23,23):0.000000
(31,12),(25,23):0.000000
(31,12),(25,5):0.000000
(31,12),(28,5):0.000000
(31,12),(28,8):3.500000
(31,12),(30,8):6.800000
(31,12),(30,6):7.342857
(31,12),(35,6):1.266667
(31,12),(35,7):1.100000
(31,12),(32,7):8.500000
(31,12),(32,13):12.500000
(31,12),(37,13):3.500000
(31,12),(37,15):0.000000
(31,11),(26,11):27.038462
(31,11),(26,22):5.500000
(31,11),(27,22):0.000000
(31,11),(27,25):0.000000
(31,11),(34,25):0.000000
(31,11),(34,26):0.000000
(31,11),(33,26):0.000000
(31,11),(33,33):0.000000
(31,11),(24,33):0.000000
(31,11),(24,35):0.000000
(31,11),(19,35):0.000000
(31,11),(19,37):0.000000
(31,11),(18,37):0.000000
(31,11),(18,36):0.000000
(31,11),(16,36):0.000000
(31,11),(16,34):0.000000
(31,11),(14,34):0.000000
(31,11),(14,32):0.000000
(31,11),(20,32):0.000000
(31,11),(20,31):0.000000
(31,11),(21,31):0.000000
(31,11),(21,21):0.000000
(31,11),(12,21):0.000000
(31,11),(12,30):0.000000
(31,11),(10,30):0.000000
(31,11),(10,10):0.000000
(31,11),(7,10):0.000000
(31,11),(7,27):0.000000
(31,11),(6,27):0.000000
(31,11),(6,28):0.000000
(31,11),(2,28):0.000000
(31,11),(2,29):0.000000
(31,11),(1,29):0.000000
(31,11),(1,24):0.000000
(31,11),(5,24):0.000000
(31,11),(5,9):0.000000
(31,11),(4,9):0.000000
(31,11),(4,2):0.000000
(31,11),(3,2):0.000000
(31,11),(3,1):0.000000
(31,11),(8,1):0.000000
(31,11),(8,3):0.000000
(31,11),(9,3):0.000000
(31,11),(9,4):0.000000
(31,11),(11,4):0.000000
(31,11),(11,20):0.000000
(31,11),(15,20):0.000000
(31,11),(15,19):0.000000
(31,11),(13,19):0.000000
(31,11),(13,16):0.000000
(31,11),(17,16):0.000000
(31,11),(17,17):0.000000
(31,11),(22,17):0.000000
(31,11),(22,18):0.000000
(31,11),(23,18):0.000000
(31,11),(23,23):0.000000
(31,11),(25,23):6.461538
(31,11),(25,5):18.000000
(31,11),(28,5):13.500000
(31,11),(28,8):26.000000
(31,11),(30,8):26.825001
(31,11),(30,6):12.367857
(31,11),(35,6):2.791667
(31,11),(35,7):2.125000
(31,11),(32,7):21.875000
(31,11),(32,13):12.500000
(31,11),(37,13):1.250000
(31,11),(37,15):0.000000
(26,11),(26,22):32.166668
(26,11),(27,22):15.166667
(26,11),(27,25):16.666666
(26,11),(34,25):12.000000
(26,11),(34,26):1.468277
(26,11),(33,26):12.302511
(26,11),(33,33):14.166667
(26,11),(24,33):19.166666
(26,11),(24,35):0.000000
(26,11),(19,35):14.372414
(26,11),(19,37):0.000000
(26,11),(18,37):0.000000
(26,11),(18,36):6.550342
(26,11),(16,36):9.194770
(26,11),(16,34):5.831465
(26,11),(14,34):4.496639
(26,11),(14,32):1.791667
(26,11),(20,32):9.939394
(26,11),(20,31):3.500000
(26,11),(21,31):15.166667
(26,11),(21,21):11.512820
(26,11),(12,21):0.000000
(26,11),(12,30):0.000000
(26,11),(10,30):0.000000
(26,11),(10,10):0.000000
(26,11),(7,10):0.000000
(26,11),(7,27):0.000000
(26,11),(6,27):0.000000
(26,11),(6,28):0.000000
(26,11),(2,28):0.000000
(26,11),(2,29):0.000000
(26,11),(1,29):0.000000
(26,11),(1,24):0.000000
(26,11),(5,24):0.000000
(26,11),(5,9):0.000000
(26,11),(4,9):0.000000
(26,11),(4,2):0.000000
(26,11),(3,2):0.000000
(26,11),(3,1):0.000000
(26,11),(8,1):0.000000
(26,11),(8,3):0.000000
(26,11),(9,3):0.000000
(26,11),(9,4):0.000000
(26,11),(11,4):0.000000
(26,11),(11,20):0.000000
(26,11),(15,20):0.000000
(26,11),(15,19):0.000000
(26,11),(13,19):0.000000
(26,11),(13,16):0.000000
(26,11),(17,16):0.000000
(26,11),(17,17):0.000000
(26,11),(22,17):0.000000
(26,11),(22,18):1.225490
(26,11),(23,18):0.000000
(26,11),(23,23):14.166667
(26,11),(25,23):33.666668
(26,11),(25,5):44.500000
(26,11),(28,5):19.500000
(26,11),(28,8):30.750000
(26,11),(30,8):23.458334
(26,11),(30,6):8.083333
(26,11),(35,6):0.883333
(26,11),(35,7):0.750000
(26,11),(32,7):17.166666
(26,11),(32,13):6.750000
(26,11),(37,13):0.000000
(26,11),(37,15):0.000000
(26,22),(27,22):64.167046
(26,22),(27,25):75.962120
(26,22),(34,25):59.595589
(26,22),(34,26):5.666667
(26,22),(33,26):65.707230
(26,22),(33,33):62.444443
(26,22),(24,33):78.760170
(26,22),(24,35):32.580807
(26,22),(19,35):61.464935
(26,22),(19,37):0.428571
(26,22),(18,37):0.828571
(26,22),(18,36):27.028572
(26,22),(16,36):41.812611
(26,22),(16,34):35.258781
(26,22),(14,34):25.103813
(26,22),(14,32):18.587158
(26,22),(20,32):51.131603
(26,22),(20,31):25.403030
(26,22),(21,31):75.131599
(26,22),(21,21):60.303032
(26,22),(12,21):0.000000
(26,22),(12,30):0.000000
(26,22),(10,30):0.000000
(26,22),(10,10):0.000000
(26,22),(7,10):0.000000
(26,22),(7,27):0.000000
(26,22),(6,27):0.000000
(26,22),(6,28):0.000000
(26,22),(2,28):0.000000
(26,22),(2,29):0.000000
(26,22),(1,29):0.000000
(26,22),(1,24):0.000000
(26,22),(5,24):0.000000
(26,22),(5,9):0.000000
(26,22),(4,9):0.000000
(26,22),(4,2):0.000000
(26,22),(3,2):0.000000
(26,22),(3,1):0.000000
(26,22),(8,1):0.000000
(26,22),(8,3):0.000000
(26,22),(9,3):0.000000
(26,22),(9,4):0.000000
(26,22),(11,4):0.000000
(26,22),(11,20):0.000000
(26,22),(15,20):0.000000
(26,22),(15,19):0.000000
(26,22),(13,19):0.000000
(26,22),(13,16):0.000000
(26,22),(17,16):0.000000
(26,22),(17,17):0.000000
(26,22),(22,17):9.071428
(26,22),(22,18):29.918415
(26,22),(23,18):19.230770
(26,22),(23,23):70.303032
(26,22),(25,23):91.303032
(26,22),(25,5):31.558823
(26,22),(28,5):7.500000
(26,22),(28,8):6.750000
(26,22),(30,8):3.375000
(26,22),(30,6):0.000000
(26,22),(35,6):0.000000
(26,22),(35,7):0.000000
(26,22),(32,7):1.083333
(26,22),(32,13):0.000000
(26,22),(37,13):0.000000
(26,22),(37,15):0.000000
(27,22),(27,25):69.208336
(27,22),(34,25):56.599998
(27,22),(34,26):8.000000
(27,22),(33,26):59.261906
(27,22),(33,33):56.000000
(27,22),(24,33):68.859093
(27,22),(24,35):37.037880
(27,22),(19,35):55.550377
(27,22),(19,37):1.112500
(27,22),(18,37):2.062500
(27,22),(18,36):27.845833
(27,22),(16,36):36.154808
(27,22),(16,34):28.838474
(27,22),(14,34):19.223160
(27,22),(14,32):17.159307
(27,22),(20,32):41.600380
(27,22),(20,31):20.704546
(27,22),(21,31):69.350380
(27,22),(21,21):54.121212
(27,22),(12,21):0.000000
(27,22),(12,30):0.000000
(27,22),(10,30):0.000000
(27,22),(10,10):0.000000
(27,22),(7,10):0.000000
(27,22),(7,27):0.000000
(27,22),(6,27):0.000000
(27,22),(6,28):0.000000
(27,22),(2,28):0.000000
(27,22),(2,29):0.000000
(27,22),(1,29):0.000000
(27,22),(1,24):0.000000
(27,22),(5,24):0.000000
(27,22),(5,9):0.000000
(27,22),(4,9):0.000000
(27,22),(4,2):0.000000
(27,22),(3,2):0.000000
(27,22),(3,1):0.000000
(27,22),(8,1):0.000000
(27,22),(8,3):0.000000
(27,22),(9,3):0.000000
(27,22),(9,4):0.000000
(27,22),(11,4):0.000000
(27,22),(11,20):0.000000
(27,22),(15,20):0.000000
(27,22),(15,19):0.000000
(27,22),(13,19):0.000000
(27,22),(13,16):0.000000
(27,22),(17,16):0.000000
(27,22),(17,17):0.000000
(27,22),(22,17):10.821428
(27,22),(22,18):32.979019
(27,22),(23,18):22.230770
(27,22),(23,23):63.454544
(27,22),(25,23):67.454544
(27,22),(25,5):14.558824
(27,22),(28,5):0.000000
(27,22),(28,8):0.000000
(27,22),(30,8):0.000000
(27,22),(30,6):0.000000
(27,22),(35,6):0.000000
(27,22),(35,7):0.000000
(27,22),(32,7):0.000000
(27,22),(32,13):0.000000
(27,22),(37,13):0.000000
(27,22),(37,15):0.000000
(27,25),(34,25):85.750000
(27,25),(34,26):15.571428
(27,25),(33,26):113.150795
(27,25),(33,33):109.666664
(27,25),(24,33):126.995728
(27,25),(24,35):44.250000
(27,25),(19,35):93.753571
(27,25),(19,37):3.125000
(27,25),(18,37):4.125000
(27,25),(18,36):33.825001
(27,25),(16,36):75.427910
(27,25),(16,34):64.563316
(27,25),(14,34):42.929165
(27,25),(14,32):25.861111
(27,25),(20,32):94.144234
(27,25),(20,31):32.750000
(27,25),(21,31):127.066666
(27,25),(21,21):76.250000
(27,25),(12,21):0.000000
(27,25),(12,30):0.000000
(27,25),(10,30):0.000000
(27,25),(10,10):0.000000
(27,25),(7,10):0.000000
(27,25),(7,27):0.000000
(27,25),(6,27):0.000000
(27,25),(6,28):0.000000
(27,25),(2,28):0.000000
(27,25),(2,29):0.000000
(27,25),(1,29):0.000000
(27,25),(1,24):0.000000
(27,25),(5,24):0.000000
(27,25),(5,9):0.000000
(27,25),(4,9):0.000000
(27,25),(4,2):0.000000
(27,25),(3,2):0.000000
(27,25),(3,1):0.000000
(27,25),(8,1):0.000000
(27,25),(8,3):0.000000
(27,25),(9,3):0.000000
(27,25),(9,4):0.000000
(27,25),(11,4):0.000000
(27,25),(11,20):0.000000
(27,25),(15,20):0.000000
(27,25),(15,19):0.000000
(27,25),(13,19):0.000000
(27,25),(13,16):0.000000
(27,25),(17,16):0.000000
(27,25),(17,17):0.000000
(27,25),(22,17):13.321428
(27,25),(22,18):36.865383
(27,25),(23,18):26.230770
(27,25),(23,23):107.250000
(27,25),(25,23):102.750000
(27,25),(25,5):16.058823
(27,25),(28,5):0.000000
(27,25),(28,8):0.000000
(27,25),(30,8):0.000000
(27,25),(30,6):0.000000
(27,25),(35,6):0.000000
(27,25),(35,7):0.000000
(27,25),(32,7):0.000000
(27,25),(32,13):0.000000
(27,25),(37,13):0.000000
(27,25),(37,15):0.000000
(34,25),(34,26):13.000000
(34,25),(33,26):89.920021
(34,25),(33,33):74.269234
(34,25),(24,33):89.130341
(34,25),(24,35):39.269230
(34,25),(19,35):79.307358
(34,25),(19,37):5.550000
(34,25),(18,37):5.031446
(34,25),(18,36):33.125000
(34,25),(16,36):68.470169
(34,25),(16,34):46.728992
(34,25),(14,34):25.902779
(34,25),(14,32):20.299999
(34,25),(20,32):71.788460
(34,25),(20,31):19.269230
(34,25),(21,31):85.810898
(34,25),(21,21):55.250000
(34,25),(12,21):0.000000
(34,25),(12,30):0.000000
(34,25),(10,30):0.000000
(34,25),(10,10):0.000000
(34,25),(7,10):0.000000
(34,25),(7,27):0.000000
(34,25),(6,27):0.000000
(34,25),(6,28):0.000000
(34,25),(2,28):0.000000
(34,25),(2,29):0.000000
(34,25),(1,29):0.000000
(34,25),(1,24):0.000000
(34,25),(5,24):0.000000
(34,25),(5,9):0.000000
(34,25),(4,9):0.000000
(34,25),(4,2):0.000000
(34,25),(3,2):0.000000
(34,25),(3,1):0.000000
(34,25),(8,1):0.000000
(34,25),(8,3):0.000000
(34,25),(9,3):0.000000
(34,25),(9,4):0.000000
(34,25),(11,4):0.000000
(34,25),(11,20):0.000000
(34,25),(15,20):0.000000
(34,25),(15,19):0.000000
(34,25),(13,19):0.000000
(34,25),(13,16):0.000000
(34,25),(17,16):0.000000
(34,25),(17,17):0.000000
(34,25),(22,17):10.471429
(34,25),(22,18):29.715385
(34,25),(23,18):20.330769
(34,25),(23,23):69.333336
(34,25),(25,23):67.250000
(34,25),(25,5):11.096405
(34,25),(28,5):0.000000
(34,25),(28,8):0.000000
(34,25),(30,8):0.000000
(34,25),(30,6):0.000000
(34,25),(35,6):0.000000
(34,25),(35,7):0.000000
(34,25),(32,7):0.000000
(34,25),(32,13):0.000000
(34,25),(37,13):0.000000
(34,25),(37,15):0.000000
(34,26),(33,26):15.571428
(34,26),(33,33):14.571428
(34,26),(24,33):15.182540
(34,26),(24,35):4.928571
(34,26),(19,35):10.528571
(34,26),(19,37):0.000000
(34,26),(18,37):0.000000
(34,26),(18,36):4.578948
(34,26),(16,36):7.205883
(34,26),(16,34):0.764706
(34,26),(14,34):0.000000
(34,26),(14,32):0.000000
(34,26),(20,32):7.269231
(34,26),(20,31):0.000000
(34,26),(21,31):15.363095
(34,26),(21,21):6.738095
(34,26),(12,21):0.000000
(34,26),(12,30):0.000000
(34,26),(10,30):0.000000
(34,26),(10,10):0.000000
(34,26),(7,10):0.000000
(34,26),(7,27):0.000000
(34,26),(6,27):0.000000
(34,26),(6,28):0.000000
(34,26),(2,28):0.000000
(34,26),(2,29):0.000000
(34,26),(1,29):0.000000
(34,26),(1,24):0.000000
(34,26),(5,24):0.000000
(34,26),(5,9):0.000000
(34,26),(4,9):0.000000
(34,26),(4,2):0.000000
(34,26),(3,2):0.000000
(34,26),(3,1):0.000000
(34,26),(8,1):0.000000
(34,26),(8,3):0.000000
(34,26),(9,3):0.000000
(34,26),(9,4):0.000000
(34,26),(11,4):0.000000
(34,26),(11,20):0.000000
(34,26),(15,20):0.000000
(34,26),(15,19):0.000000
(34,26),(13,19):0.000000
(34,26),(13,16):0.000000
(34,26),(17,16):0.000000
(34,26),(17,17):0.000000
(34,26),(22,17):1.785714
(34,26),(22,18):4.118487
(34,26),(23,18):3.428571
(34,26),(23,23):9.571428
(34,26),(25,23):9.071428
(34,26),(25,5):1.442743
(34,26),(28,5):0.000000
(34,26),(28,8):0.000000
(34,26),(30,8):0.000000
(34,26),(30,6):0.000000
(34,26),(35,6):0.000000
(34,26),(35,7):0.000000
(34,26),(32,7):0.000000
(34,26),(32,13):0.000000
(34,26),(37,13):0.000000
(34,26),(37,15):0.000000
(33,26),(33,33):101.875000
(33,26),(24,33):116.914680
(33,26),(24,35):41.798107
(33,26),(19,35):89.870056
(33,26),(19,37):5.829167
(33,26),(18,37):5.108352
(33,26),(18,36):33.858585
(33,26),(16,36):79.256630
(33,26),(16,34):66.686333
(33,26),(14,34):44.807144
(33,26),(14,32):27.044514
(33,26),(20,32):96.545021
(33,26),(20,31):31.220238
(33,26),(21,31):113.234123
(33,26),(21,21):70.028572
(33,26),(12,21):0.000000
(33,26),(12,30):0.000000
(33,26),(10,30):0.000000
(33,26),(10,10):0.000000
(33,26),(7,10):0.000000
(33,26),(7,27):0.000000
(33,26),(6,27):0.000000
(33,26),(6,28):0.000000
(33,26),(2,28):0.000000
(33,26),(2,29):0.000000
(33,26),(1,29):0.000000
(33,26),(1,24):0.000000
(33,26),(5,24):0.000000
(33,26),(5,9):0.000000
(33,26),(4,9):0.000000
(33,26),(4,2):0.000000
(33,26),(3,2):0.000000
(33,26),(3,1):0.000000
(33,26),(8,1):0.000000
(33,26),(8,3):0.000000
(33,26),(9,3):0.000000
(33,26),(9,4):0.000000
(33,26),(11,4):0.000000
(33,26),(11,20):0.000000
(33,26),(15,20):0.000000
(33,26),(15,19):0.000000
(33,26),(13,19):0.000000
(33,26),(13,16):0.000000
(33,26),(17,16):0.000000
(33,26),(17,17):0.000000
(33,26),(22,17):11.361111
(33,26),(22,18):31.526714
(33,26),(23,18):21.937119
(33,26),(23,23):95.428574
(33,26),(25,23):88.428574
(33,26),(25,5):11.570374
(33,26),(28,5):0.000000
(33,26),(28,8):0.000000
(33,26),(30,8):0.000000
(33,26),(30,6):0.000000
(33,26),(35,6):0.000000
(33,26),(35,7):0.000000
(33,26),(32,7):0.000000
(33,26),(32,13):0.000000
(33,26),(37,13):0.000000
(33,26),(37,15):0.000000
(33,33),(24,33):116.647057
(33,33),(24,35):40.000000
(33,33),(19,35):82.233330
(33,33),(19,37):4.500000
(33,33),(18,37):2.800000
(33,33),(18,36):30.583334
(33,33),(16,36):68.312500
(33,33),(16,34):56.187500
(33,33),(14,34):43.116665
(33,33),(14,32):19.000000
(33,33),(20,32):86.000000
(33,33),(20,31):26.000000
(33,33),(21,31):111.099998
(33,33),(21,21):72.000000
(33,33),(12,21):0.000000
(33,33),(12,30):0.000000
(33,33),(10,30):0.000000
(33,33),(10,10):0.000000
(33,33),(7,10):0.000000
(33,33),(7,27):0.000000
(33,33),(6,27):0.000000
(33,33),(6,28):0.000000
(33,33),(2,28):0.000000
(33,33),(2,29):0.000000
(33,33),(1,29):0.000000
(33,33),(1,24):0.000000
(33,33),(5,24):0.000000
(33,33),(5,9):0.000000
(33,33),(4,9):0.000000
(33,33),(4,2):0.000000
(33,33),(3,2):0.000000
(33,33),(3,1):0.000000
(33,33),(8,1):0.000000
(33,33),(8,3):0.000000
(33,33),(9,3):0.000000
(33,33),(9,4):0.000000
(33,33),(11,4):0.000000
(33,33),(11,20):0.000000
(33,33),(15,20):0.000000
(33,33),(15,19):0.000000
(33,33),(13,19):0.000000
(33,33),(13,16):0.000000
(33,33),(17,16):0.000000
(33,33),(17,17):0.000000
(33,33),(22,17):11.642858
(33,33),(22,18):32.153847
(33,33),(23,18):22.307692
(33,33),(23,23):100.000000
(33,33),(25,23):89.666664
(33,33),(25,5):13.470171
(33,33),(28,5):0.000000
(33,33),(28,8):0.000000
(33,33),(30,8):0.000000
(33,33),(30,6):0.000000
(33,33),(35,6):0.000000
(33,33),(35,7):0.000000
(33,33),(32,7):0.000000
(33,33),(32,13):0.000000
(33,33),(37,13):0.000000
(33,33),(37,15):0.000000
(24,33),(24,35):67.147621
(24,33),(19,35):105.327774
(24,33),(19,37):11.071428
(24,33),(18,37):6.000000
(24,33),(18,36):43.200001
(24,33),(16,36):82.506943
(24,33),(16,34):76.298615
(24,33),(14,34):53.116665
(24,33),(14,32):37.071430
(24,33),(20,32):106.361115
(24,33),(20,31):34.000000
(24,33),(21,31):136.044449
(24,33),(21,21):87.683334
(24,33),(12,21):6.148036
(24,33),(12,30):0.000000
(24,33),(10,30):0.000000
(24,33),(10,10):0.000000
(24,33),(7,10):0.000000
(24,33),(7,27):0.000000
(24,33),(6,27):0.000000
(24,33),(6,28):0.000000
(24,33),(2,28):0.000000
(24,33),(2,29):0.000000
(24,33),(1,29):0.000000
(24,33),(1,24):0.000000
(24,33),(5,24):0.000000
(24,33),(5,9):0.000000
(24,33),(4,9):0.000000
(24,33),(4,2):0.000000
(24,33),(3,2):0.000000
(24,33),(3,1):0.000000
(24,33),(8,1):0.000000
(24,33),(8,3):0.000000
(24,33),(9,3):0.000000
(24,33),(9,4):0.000000
(24,33),(11,4):0.000000
(24,33),(11,20):2.038636
(24,33),(15,20):8.157909
(24,33),(15,19):8.441954
(24,33),(13,19):3.983333
(24,33),(13,16):6.941538
(24,33),(17,16):0.000000
(24,33),(17,17):9.657824
(24,33),(22,17):20.504763
(24,33),(22,18):48.298717
(24,33),(23,18):35.105770
(24,33),(23,23):118.650002
(24,33),(25,23):105.800003
(24,33),(25,5):18.558823
(24,33),(28,5):0.000000
(24,33),(28,8):0.000000
(24,33),(30,8):0.000000
(24,33),(30,6):0.000000
(24,33),(35,6):0.000000
(24,33),(35,7):0.000000
(24,33),(32,7):0.000000
(24,33),(32,13):0.000000
(24,33),(37,13):0.000000
(24,33),(37,15):0.000000
(24,35),(19,35):40.166668
(24,35),(19,37):10.500000
(24,35),(18,37):5.800000
(24,35),(18,36):24.750000
(24,35),(16,36):27.833334
(24,35),(16,34):31.750000
(24,35),(14,34):22.416666
(24,35),(14,32):27.250000
(24,35),(20,32):36.250000
(24,35),(20,31):16.000000
(24,35),(21,31):54.399509
(24,35),(21,21):47.113796
(24,35),(12,21):6.185377
(24,35),(12,30):0.000000
(24,35),(10,30):0.000000
(24,35),(10,10):0.000000
(24,35),(7,10):0.000000
(24,35),(7,27):0.000000
(24,35),(6,27):0.000000
(24,35),(6,28):0.000000
(24,35),(2,28):0.000000
(24,35),(2,29):0.000000
(24,35),(1,29):0.000000
(24,35),(1,24):0.000000
(24,35),(5,24):0.000000
(24,35),(5,9):0.000000
(24,35),(4,9):0.000000
(24,35),(4,2):0.000000
(24,35),(3,2):0.000000
(24,35),(3,1):0.000000
(24,35),(8,1):0.000000
(24,35),(8,3):0.000000
(24,35),(9,3):0.000000
(24,35),(9,4):0.000000
(24,35),(11,4):0.000000
(24,35),(11,20):2.068277
(24,35),(15,20):8.064500
(24,35),(15,19):8.356652
(24,35),(13,19):3.851891
(24,35),(13,16):6.931891
(24,35),(17,16):0.000000
(24,35),(17,17):9.579191
(24,35),(22,17):20.226891
(24,35),(22,18):45.729179
(24,35),(23,18):35.153389
(24,35),(23,23):49.572620
(24,35),(25,23):39.799999
(24,35),(25,5):0.000000
(24,35),(28,5):0.000000
(24,35),(28,8):0.000000
(24,35),(30,8):0.000000
(24,35),(30,6):0.000000
(24,35),(35,6):0.000000
(24,35),(35,7):0.000000
(24,35),(32,7):0.000000
(24,35),(32,13):0.000000
(24,35),(37,13):0.000000
(24,35),(37,15):0.000000
(19,35),(19,37):13.000000
(19,35),(18,37):7.800000
(19,35),(18,36):45.450001
(19,35),(16,36):82.811905
(19,35),(16,34):66.311905
(19,35),(14,34):40.299999
(19,35),(14,32):30.083334
(19,35),(20,32):90.978569
(19,35),(20,31):20.833334
(19,35),(21,31):95.311905
(19,35),(21,21):49.761906
(19,35),(12,21):0.000000
(19,35),(12,30):0.000000
(19,35),(10,30):0.000000
(19,35),(10,10):0.000000
(19,35),(7,10):0.000000
(19,35),(7,27):0.000000
(19,35),(6,27):0.000000
(19,35),(6,28):0.000000
(19,35),(2,28):0.000000
(19,35),(2,29):0.000000
(19,35),(1,29):0.000000
(19,35),(1,24):0.000000
(19,35),(5,24):0.000000
(19,35),(5,9):0.000000
(19,35),(4,9):0.000000
(19,35),(4,2):0.000000
(19,35),(3,2):0.000000
(19,35),(3,1):0.000000
(19,35),(8,1):0.000000
(19,35),(8,3):0.000000
(19,35),(9,3):0.000000
(19,35),(9,4):0.000000
(19,35),(11,4):0.000000
(19,35),(11,20):0.000000
(19,35),(15,20):0.000000
(19,35),(15,19):0.000000
(19,35),(13,19):0.000000
(19,35),(13,16):0.000000
(19,35),(17,16):0.000000
(19,35),(17,17):0.000000
(19,35),(22,17):5.571429
(19,35),(22,18):23.287342
(19,35),(23,18):13.230769
(19,35),(23,23):74.800003
(19,35),(25,23):70.514282
(19,35),(25,5):13.389655
(19,35),(28,5):0.000000
(19,35),(28,8):0.000000
(19,35),(30,8):0.000000
(19,35),(30,6):0.000000
(19,35),(35,6):0.000000
(19,35),(35,7):0.000000
(19,35),(32,7):0.000000
(19,35),(32,13):0.000000
(19,35),(37,13):0.000000
(19,35),(37,15):0.000000
(19,37),(18,37):5.000000
(19,37),(18,36):13.000000
(19,37),(16,36):10.000000
(19,37),(16,34):12.500000
(19,37),(14,34):8.000000
(19,37),(14,32):12.500000
(19,37),(20,32):12.333333
(19,37),(20,31):0.000000
(19,37),(21,31):3.500000
(19,37),(21,21):0.000000
(19,37),(12,21):0.000000
(19,37),(12,30):0.000000
(19,37),(10,30):0.000000
(19,37),(10,10):0.000000
(19,37),(7,10):0.000000
(19,37),(7,27):0.000000
(19,37),(6,27):0.000000
(19,37),(6,28):0.000000
(19,37),(2,28):0.000000
(19,37),(2,29):0.000000
(19,37),(1,29):0.000000
(19,37),(1,24):0.000000
(19,37),(5,24):0.000000
(19,37),(5,9):0.000000
(19,37),(4,9):0.000000
(19,37),(4,2):0.000000
(19,37),(3,2):0.000000
(19,37),(3,1):0.000000
(19,37),(8,1):0.000000
(19,37),(8,3):0.000000
(19,37),(9,3):0.000000
(19,37),(9,4):0.000000
(19,37),(11,4):0.000000
(19,37),(11,20):0.000000
(19,37),(15,20):0.000000
(19,37),(15,19):0.000000
(19,37),(13,19):0.000000
(19,37),(13,16):0.000000
(19,37),(17,16):0.000000
(19,37),(17,17):0.000000
(19,37),(22,17):0.000000
(19,37),(22,18):0.000000
(19,37),(23,18):0.000000
(19,37),(23,23):0.000000
(19,37),(25,23):0.000000
(19,37),(25,5):0.000000
(19,37),(28,5):0.000000
(19,37),(28,8):0.000000
(19,37),(30,8):0.000000
(19,37),(30,6):0.000000
(19,37),(35,6):0.000000
(19,37),(35,7):0.000000
(19,37),(32,7):0.000000
(19,37),(32,13):0.000000
(19,37),(37,13):0.000000
(19,37),(37,15):0.000000
(18,37),(18,36):7.750000
(18,37),(16,36):6.500000
(18,37),(16,34):6.833333
(18,37),(14,34):4.050000
(18,37),(14,32):6.750000
(18,37),(20,32):7.133333
(18,37),(20,31):0.800000
(18,37),(21,31):4.800000
(18,37),(21,21):0.000000
(18,37),(12,21):0.000000
(18,37),(12,30):0.000000
(18,37),(10,30):0.000000
(18,37),(10,10):0.000000
(18,37),(7,10):0.000000
(18,37),(7,27):0.000000
(18,37),(6,27):0.000000
(18,37),(6,28):0.000000
(18,37),(2,28):0.000000
(18,37),(2,29):0.000000
(18,37),(1,29):0.000000
(18,37),(1,24):0.000000
(18,37),(5,24):0.000000
(18,37),(5,9):0.000000
(18,37),(4,9):0.000000
(18,37),(4,2):0.000000
(18,37),(3,2):0.000000
(18,37),(3,1):0.000000
(18,37),(8,1):0.000000
(18,37),(8,3):0.000000
(18,37),(9,3):0.000000
(18,37),(9,4):0.000000
(18,37),(11,4):0.000000
(18,37),(11,20):0.000000
(18,37),(15,20):0.000000
(18,37),(15,19):0.000000
(18,37),(13,19):0.000000
(18,37),(13,16):0.000000
(18,37),(17,16):0.000000
(18,37),(17,17):0.000000
(18,37),(22,17):0.000000
(18,37),(22,18):0.000000
(18,37),(23,18):0.000000
(18,37),(23,23):0.000000
(18,37),(25,23):0.000000
(18,37),(25,5):0.000000
(18,37),(28,5):0.000000
(18,37),(28,8):0.000000
(18,37),(30,8):0.000000
(18,37),(30,6):0.000000
(18,37),(35,6):0.000000
(18,37),(35,7):0.000000
(18,37),(32,7):0.000000
(18,37),(32,13):0.000000
(18,37),(37,13):0.000000
(18,37),(37,15):0.000000
(18,36),(16,36):30.500000
(18,36),(16,34):21.000000
(18,36),(14,34):13.000000
(18,36),(14,32):17.000000
(18,36),(20,32):33.083332
(18,36),(20,31):4.250000
(18,36),(21,31):34.450001
(18,36),(21,21):17.250000
(18,36),(12,21):0.000000
(18,36),(12,30):0.000000
(18,36),(10,30):0.000000
(18,36),(10,10):0.000000
(18,36),(7,10):0.000000
(18,36),(7,27):0.000000
(18,36),(6,27):0.000000
(18,36),(6,28):0.000000
(18,36),(2,28):0.000000
(18,36),(2,29):0.000000
(18,36),(1,29):0.000000
(18,36),(1,24):0.000000
(18,36),(5,24):0.000000
(18,36),(5,9):0.000000
(18,36),(4,9):0.000000
(18,36),(4,2):0.000000
(18,36),(3,2):0.000000
(18,36),(3,1):0.000000
(18,36),(8,1):0.000000
(18,36),(8,3):0.000000
(18,36),(9,3):0.000000
(18,36),(9,4):0.000000
(18,36),(11,4):0.000000
(18,36),(11,20):0.000000
(18,36),(15,20):0.000000
(18,36),(15,19):0.000000
(18,36),(13,19):0.000000
(18,36),(13,16):0.000000
(18,36),(17,16):0.000000
(18,36),(17,17):0.000000
(18,36),(22,17):2.487180
(18,36),(22,18):9.200000
(18,36),(23,18):5.696970
(18,36),(23,23):24.799999
(18,36),(25,23):26.700001
(18,36),(25,5):5.988095
(18,36),(28,5):0.000000
(18,36),(28,8):0.000000
(18,36),(30,8):0.000000
(18,36),(30,6):0.000000
(18,36),(35,6):0.000000
(18,36),(35,7):0.000000
(18,36),(32,7):0.000000
(18,36),(32,13):0.000000
(18,36),(37,13):0.000000
(18,36),(37,15):0.000000
(16,36),(16,34):59.351715
(16,36),(14,34):37.312500
(16,36),(14,32):22.166666
(16,36),(20,32):83.685051
(16,36),(20,31):16.833334
(16,36),(21,31):75.601715
(16,36),(21,21):38.454544
(16,36),(12,21):0.000000
(16,36),(12,30):0.000000
(16,36),(10,30):0.000000
(16,36),(10,10):0.000000
(16,36),(7,10):0.000000
(16,36),(7,27):0.000000
(16,36),(6,27):0.000000
(16,36),(6,28):0.000000
(16,36),(2,28):0.000000
(16,36),(2,29):0.000000
(16,36),(1,29):0.000000
(16,36),(1,24):0.000000
(16,36),(5,24):0.000000
(16,36),(5,9):0.000000
(16,36),(4,9):0.000000
(16,36),(4,2):0.000000
(16,36),(3,2):0.000000
(16,36),(3,1):0.000000
(16,36),(8,1):0.000000
(16,36),(8,3):0.000000
(16,36),(9,3):0.000000
(16,36),(9,4):0.000000
(16,36),(11,4):0.000000
(16,36),(11,20):0.000000
(16,36),(15,20):0.000000
(16,36),(15,19):0.000000
(16,36),(13,19):0.000000
(16,36),(13,16):0.000000
(16,36),(17,16):0.000000
(16,36),(17,17):0.000000
(16,36),(22,17):4.073171
(16,36),(22,18):15.764178
(16,36),(23,18):8.900901
(16,36),(23,23):57.827652
(16,36),(25,23):51.327587
(16,36),(25,5):8.516437
(16,36),(28,5):0.000000
(16,36),(28,8):0.000000
(16,36),(30,8):0.000000
(16,36),(30,6):0.000000
(16,36),(35,6):0.000000
(16,36),(35,7):0.000000
(16,36),(32,7):0.000000
(16,36),(32,13):0.000000
(16,36),(37,13):0.000000
(16,36),(37,15):0.000000
(16,34),(14,34):52.104168
(16,34),(14,32):33.500000
(16,34),(20,32):77.702209
(16,34),(20,31):27.937500
(16,34),(21,31):65.535538
(16,34),(21,21):36.750000
(16,34),(12,21):0.000000
(16,34),(12,30):0.000000
(16,34),(10,30):0.000000
(16,34),(10,10):0.000000
(16,34),(7,10):0.000000
(16,34),(7,27):0.000000
(16,34),(6,27):0.000000
(16,34),(6,28):0.000000
(16,34),(2,28):0.000000
(16,34),(2,29):0.000000
(16,34),(1,29):0.000000
(16,34),(1,24):0.000000
(16,34),(5,24):0.000000
(16,34),(5,9):0.000000
(16,34),(4,9):0.000000
(16,34),(4,2):0.000000
(16,34),(3,2):0.000000
(16,34),(3,1):0.000000
(16,34),(8,1):0.000000
(16,34),(8,3):0.000000
(16,34),(9,3):0.000000
(16,34),(9,4):0.000000
(16,34),(11,4):0.000000
(16,34),(11,20):0.000000
(16,34),(15,20):0.000000
(16,34),(15,19):0.000000
(16,34),(13,19):0.000000
(16,34),(13,16):0.000000
(16,34),(17,16):0.000000
(16,34),(17,17):0.000000
(16,34),(22,17):4.312169
(16,34),(22,18):15.430773
(16,34),(23,18):9.209936
(16,34),(23,23):53.776787
(16,34),(25,23):48.570835
(16,34),(25,5):5.536588
(16,34),(28,5):0.000000
(16,34),(28,8):0.000000
(16,34),(30,8):0.000000
(16,34),(30,6):0.000000
(16,34),(35,6):0.000000
(16,34),(35,7):0.000000
(16,34),(32,7):0.000000
(16,34),(32,13):0.000000
(16,34),(37,13):0.000000
(16,34),(37,15):0.000000
(14,34),(14,32):24.950001
(14,34),(20,32):53.116665
(14,34),(20,31):24.450001
(14,34),(21,31):43.116665
(14,34),(21,21):28.651516
(14,34),(12,21):0.000000
(14,34),(12,30):0.000000
(14,34),(10,30):0.000000
(14,34),(10,10):0.000000
(14,34),(7,10):0.000000
(14,34),(7,27):0.000000
(14,34),(6,27):0.000000
(14,34),(6,28):0.000000
(14,34),(2,28):0.000000
(14,34),(2,29):0.000000
(14,34),(1,29):0.000000
(14,34),(1,24):0.000000
(14,34),(5,24):0.000000
(14,34),(5,9):0.000000
(14,34),(4,9):0.000000
(14,34),(4,2):0.000000
(14,34),(3,2):0.000000
(14,34),(3,1):0.000000
(14,34),(8,1):0.000000
(14,34),(8,3):0.000000
(14,34),(9,3):0.000000
(14,34),(9,4):0.000000
(14,34),(11,4):0.000000
(14,34),(11,20):0.000000
(14,34),(15,20):0.000000
(14,34),(15,19):0.000000
(14,34),(13,19):0.000000
(14,34),(13,16):0.000000
(14,34),(17,16):0.000000
(14,34),(17,17):0.000000
(14,34),(22,17):2.805168
(14,34),(22,18):10.612924
(14,34),(23,18):5.989605
(14,34),(23,23):39.947727
(14,34),(25,23):36.849998
(14,34),(25,5):4.247706
(14,34),(28,5):0.000000
(14,34),(28,8):0.000000
(14,34),(30,8):0.000000
(14,34),(30,6):0.000000
(14,34),(35,6):0.000000
(14,34),(35,7):0.000000
(14,34),(32,7):0.000000
(14,34),(32,13):0.000000
(14,34),(37,13):0.000000
(14,34),(37,15):0.000000
(14,32),(20,32):38.000000
(14,32),(20,31):21.000000
(14,32),(21,31):26.833334
(14,32),(21,21):17.500000
(14,32),(12,21):0.000000
(14,32),(12,30):0.000000
(14,32),(10,30):0.000000
(14,32),(10,10):0.000000
(14,32),(7,10):0.000000
(14,32),(7,27):0.000000
(14,32),(6,27):0.000000
(14,32),(6,28):0.000000
(14,32),(2,28):0.000000
(14,32),(2,29):0.000000
(14,32),(1,29):0.000000
(14,32),(1,24):0.000000
(14,32),(5,24):0.000000
(14,32),(5,9):0.000000
(14,32),(4,9):0.000000
(14,32),(4,2):0.000000
(14,32),(3,2):0.000000
(14,32),(3,1):0.000000
(14,32),(8,1):0.000000
(14,32),(8,3):0.000000
(14,32),(9,3):0.000000
(14,32),(9,4):0.000000
(14,32),(11,4):0.000000
(14,32),(11,20):0.000000
(14,32),(15,20):0.000000
(14,32),(15,19):0.000000
(14,32),(13,19):0.000000
(14,32),(13,16):0.000000
(14,32),(17,16):0.000000
(14,32),(17,17):0.000000
(14,32),(22,17):3.535714
(14,32),(22,18):10.476923
(14,32),(23,18):7.153846
(14,32),(23,23):19.875000
(14,32),(25,23):21.549999
(14,32),(25,5):1.617647
(14,32),(28,5):0.000000
(14,32),(28,8):0.000000
(14,32),(30,8):0.000000
(14,32),(30,6):0.000000
(14,32),(35,6):0.000000
(14,32),(35,7):0.000000
(14,32),(32,7):0.000000
(14,32),(32,13):0.000000
(14,32),(37,13):0.000000
(14,32),(37,15):0.000000
(20,32),(20,31):34.000000
(20,32),(21,31):95.769234
(20,32),(21,21):53.000000
(20,32),(12,21):0.000000
(20,32),(12,30):0.000000
(20,32),(10,30):0.000000
(20,32),(10,10):0.000000
(20,32),(7,10):0.000000
(20,32),(7,27):0.000000
(20,32),(6,27):0.000000
(20,32),(6,28):0.000000
(20,32),(2,28):0.000000
(20,32),(2,29):0.000000
(20,32),(1,29):0.000000
(20,32),(1,24):0.000000
(20,32),(5,24):0.000000
(20,32),(5,9):0.000000
(20,32),(4,9):0.000000
(20,32),(4,2):0.000000
(20,32),(3,2):0.000000
(20,32),(3,1):0.000000
(20,32),(8,1):0.000000
(20,32),(8,3):0.000000
(20,32),(9,3):0.000000
(20,32),(9,4):0.000000
(20,32),(11,4):0.000000
(20,32),(11,20):0.000000
(20,32),(15,20):0.000000
(20,32),(15,19):0.000000
(20,32),(13,19):0.000000
(20,32),(13,16):0.000000
(20,32),(17,16):0.000000
(20,32),(17,17):0.000000
(20,32),(22,17):5.071429
(20,32),(22,18):19.615385
(20,32),(23,18):11.230769
(20,32),(23,23):77.000000
(20,32),(25,23):69.800003
(20,32),(25,5):9.614379
(20,32),(28,5):0.000000
(20,32),(28,8):0.000000
(20,32),(30,8):0.000000
(20,32),(30,6):0.000000
(20,32),(35,6):0.000000
(20,32),(35,7):0.000000
(20,32),(32,7):0.000000
(20,32),(32,13):0.000000
(20,32),(37,13):0.000000
(20,32),(37,15):0.000000
(20,31),(21,31):34.000000
(20,31),(21,21):28.000000
(20,31),(12,21):0.000000
(20,31),(12,30):0.000000
(20,31),(10,30):0.000000
(20,31),(10,10):0.000000
(20,31),(7,10):0.000000
(20,31),(7,27):0.000000
(20,31),(6,27):0.000000
(20,31),(6,28):0.000000
(20,31),(2,28):0.000000
(20,31),(2,29):0.000000
(20,31),(1,29):0.000000
(20,31),(1,24):0.000000
(20,31),(5,24):0.000000
(20,31),(5,9):0.000000
(20,31),(4,9):0.000000
(20,31),(4,2):0.000000
(20,31),(3,2):0.000000
(20,31),(3,1):0.000000
(20,31),(8,1):0.000000
(20,31),(8,3):0.000000
(20,31),(9,3):0.000000
(20,31),(9,4):0.000000
(20,31),(11,4):0.000000
(20,31),(11,20):0.000000
(20,31),(15,20):0.000000
(20,31),(15,19):0.000000
(20,31),(13,19):0.000000
(20,31),(13,16):0.000000
(20,31),(17,16):0.000000
(20,31),(17,17):0.000000
(20,31),(22,17):4.571429
(20,31),(22,18):14.215384
(20,31),(23,18):9.230769
(20,31),(23,23):32.000000
(20,31),(25,23):32.799999
(20,31),(25,5):3.176471
(20,31),(28,5):0.000000
(20,31),(28,8):0.000000
(20,31),(30,8):0.000000
(20,31),(30,6):0.000000
(20,31),(35,6):0.000000
(20,31),(35,7):0.000000
(20,31),(32,7):0.000000
(20,31),(32,13):0.000000
(20,31),(37,13):0.000000
(20,31),(37,15):0.000000
(21,31),(21,21):87.000000
(21,31),(12,21):6.166667
(21,31),(12,30):0.000000
(21,31),(10,30):0.000000
(21,31),(10,10):0.000000
(21,31),(7,10):0.000000
(21,31),(7,27):0.000000
(21,31),(6,27):0.000000
(21,31),(6,28):0.000000
(21,31),(2,28):0.000000
(21,31),(2,29):0.000000
(21,31),(1,29):0.000000
(21,31),(1,24):0.000000
(21,31),(5,24):0.000000
(21,31),(5,9):0.000000
(21,31),(4,9):0.000000
(21,31),(4,2):0.000000
(21,31),(3,2):0.000000
(21,31),(3,1):0.000000
(21,31),(8,1):0.000000
(21,31),(8,3):0.000000
(21,31),(9,3):0.000000
(21,31),(9,4):0.000000
(21,31),(11,4):0.000000
(21,31),(11,20):2.200000
(21,31),(15,20):7.333333
(21,31),(15,19):7.666667
(21,31),(13,19):3.000000
(21,31),(13,16):6.750000
(21,31),(17,16):0.000000
(21,31),(17,17):8.900000
(21,31),(22,17):18.571428
(21,31),(22,18):47.615383
(21,31),(23,18):35.230770
(21,31),(23,23):117.900002
(21,31),(25,23):101.800003
(21,31),(25,5):14.558824
(21,31),(28,5):0.000000
(21,31),(28,8):0.000000
(21,31),(30,8):0.000000
(21,31),(30,6):0.000000
(21,31),(35,6):0.000000
(21,31),(35,7):0.000000
(21,31),(32,7):0.000000
(21,31),(32,13):0.000000
(21,31),(37,13):0.000000
(21,31),(37,15):0.000000
(21,21),(12,21):23.216667
(21,21),(12,30):2.050000
(21,21),(10,30):2.161111
(21,21),(10,10):1.100000
(21,21),(7,10):0.000000
(21,21),(7,27):0.000000
(21,21),(6,27):0.000000
(21,21),(6,28):0.000000
(21,21),(2,28):0.000000
(21,21),(2,29):0.000000
(21,21),(1,29):0.000000
(21,21),(1,24):0.000000
(21,21),(5,24):0.000000
(21,21),(5,9):0.000000
(21,21),(4,9):0.000000
(21,21),(4,2):0.000000
(21,21),(3,2):0.000000
(21,21),(3,1):0.000000
(21,21),(8,1):0.000000
(21,21),(8,3):0.000000
(21,21),(9,3):0.000000
(21,21),(9,4):0.000000
(21,21),(11,4):1.050000
(21,21),(11,20):13.250000
(21,21),(15,20):37.833332
(21,21),(15,19):38.500000
(21,21),(13,19):21.833334
(21,21),(13,16):34.250000
(21,21),(17,16):15.083333
(21,21),(17,17):40.066666
(21,21),(22,17):46.500000
(21,21),(22,18):77.683334
(21,21),(23,18):55.333332
(21,21),(23,23):94.900002
(21,21),(25,23):75.800003
(21,21),(25,5):10.558824
(21,21),(28,5):0.000000
(21,21),(28,8):0.000000
(21,21),(30,8):0.000000
(21,21),(30,6):0.000000
(21,21),(35,6):0.000000
(21,21),(35,7):0.000000
(21,21),(32,7):0.000000
(21,21),(32,13):0.000000
(21,21),(37,13):0.000000
(21,21),(37,15):0.000000
(12,21),(12,30):20.500000
(12,21),(10,30):20.611111
(12,21),(10,10):15.500000
(12,21),(7,10):0.000000
(12,21),(7,27):0.000000
(12,21),(6,27):0.000000
(12,21),(6,28):0.000000
(12,21),(2,28):0.000000
(12,21),(2,29):0.000000
(12,21),(1,29):0.000000
(12,21),(1,24):0.000000
(12,21),(5,24):0.000000
(12,21),(5,9):0.000000
(12,21),(4,9):0.000000
(12,21),(4,2):0.000000
(12,21),(3,2):0.000000
(12,21),(3,1):0.000000
(12,21),(8,1):0.000000
(12,21),(8,3):0.000000
(12,21),(9,3):0.000000
(12,21),(9,4):0.000000
(12,21),(11,4):10.500000
(12,21),(11,20):31.500000
(12,21),(15,20):23.833334
(12,21),(15,19):18.166666
(12,21),(13,19):3.666667
(12,21),(13,16):16.439394
(12,21),(17,16):2.916667
(12,21),(17,17):18.400000
(12,21),(22,17):16.333334
(12,21),(22,18):20.195238
(12,21),(23,18):20.420454
(12,21),(23,23):9.531250
(12,21),(25,23):0.000000
(12,21),(25,5):0.000000
(12,21),(28,5):0.000000
(12,21),(28,8):0.000000
(12,21),(30,8):0.000000
(12,21),(30,6):0.000000
(12,21),(35,6):0.000000
(12,21),(35,7):0.000000
(12,21),(32,7):0.000000
(12,21),(32,13):0.000000
(12,21),(37,13):0.000000
(12,21),(37,15):0.000000
(12,30),(10,30):25.000000
(12,30),(10,10):20.000000
(12,30),(7,10):0.000000
(12,30),(7,27):0.000000
(12,30),(6,27):0.000000
(12,30),(6,28):0.000000
(12,30),(2,28):0.000000
(12,30),(2,29):0.000000
(12,30),(1,29):0.000000
(12,30),(1,24):0.000000
(12,30),(5,24):0.000000
(12,30),(5,9):0.000000
(12,30),(4,9):0.000000
(12,30),(4,2):0.000000
(12,30),(3,2):0.000000
(12,30),(3,1):0.000000
(12,30),(8,1):0.000000
(12,30),(8,3):0.000000
(12,30),(9,3):0.000000
(12,30),(9,4):0.000000
(12,30),(11,4):15.000000
(12,30),(11,20):25.000000
(12,30),(15,20):2.666667
(12,30),(15,19):0.000000
(12,30),(13,19):0.000000
(12,30),(13,16):0.000000
(12,30),(17,16):0.000000
(12,30),(17,17):0.000000
(12,30),(22,17):0.000000
(12,30),(22,18):0.314286
(12,30),(23,18):0.545455
(12,30),(23,23):0.000000
(12,30),(25,23):0.000000
(12,30),(25,5):0.000000
(12,30),(28,5):0.000000
(12,30),(28,8):0.000000
(12,30),(30,8):0.000000
(12,30),(30,6):0.000000
(12,30),(35,6):0.000000
(12,30),(35,7):0.000000
(12,30),(32,7):0.000000
(12,30),(32,13):0.000000
(12,30),(37,13):0.000000
(12,30),(37,15):0.000000
(10,30),(10,10):31.000000
(10,30),(7,10):6.000000
(10,30),(7,27):0.000000
(10,30),(6,27):0.000000
(10,30),(6,28):0.000000
(10,30),(2,28):0.000000
(10,30),(2,29):0.000000
(10,30),(1,29):0.000000
(10,30),(1,24):0.000000
(10,30),(5,24):0.000000
(10,30),(5,9):6.100000
(10,30),(4,9):5.000000
(10,30),(4,2):6.066667
(10,30),(3,2):0.000000
(10,30),(3,1):3.750000
(10,30),(8,1):0.000000
(10,30),(8,3):6.250000
(10,30),(9,3):0.000000
(10,30),(9,4):9.000000
(10,30),(11,4):26.000000
(10,30),(11,20):36.111111
(10,30),(15,20):2.777778
(10,30),(15,19):0.000000
(10,30),(13,19):0.000000
(10,30),(13,16):0.000000
(10,30),(17,16):0.000000
(10,30),(17,17):0.000000
(10,30),(22,17):0.000000
(10,30),(22,18):0.316707
(10,30),(23,18):0.552808
(10,30),(23,23):0.000000
(10,30),(25,23):0.000000
(10,30),(25,5):0.000000
(10,30),(28,5):0.000000
(10,30),(28,8):0.000000
(10,30),(30,8):0.000000
(10,30),(30,6):0.000000
(10,30),(35,6):0.000000
(10,30),(35,7):0.000000
(10,30),(32,7):0.000000
(10,30),(32,13):0.000000
(10,30),(37,13):0.000000
(10,30),(37,15):0.000000
(10,10),(7,10):53.282738
(10,10),(7,27):21.555555
(10,10),(6,27):22.145374
(10,10),(6,28):10.684211
(10,10),(2,28):0.000000
(10,10),(2,29):0.000000
(10,10),(1,29):0.000000
(10,10),(1,24):0.000000
(10,10),(5,24):22.928572
(10,10),(5,9):53.416668
(10,10),(4,9):47.245239
(10,10),(4,2):53.324898
(10,10),(3,2):3.946429
(10,10),(3,1):22.071428
(10,10),(8,1):34.703571
(10,10),(8,3):53.370239
(10,10),(9,3):33.816666
(10,10),(9,4):55.191666
(10,10),(11,4):60.900002
(10,10),(11,20):32.799999
(10,10),(15,20):1.586022
(10,10),(15,19):0.000000
(10,10),(13,19):0.000000
(10,10),(13,16):0.000000
(10,10),(17,16):0.000000
(10,10),(17,17):0.000000
(10,10),(22,17):0.000000
(10,10),(22,18):0.182832
(10,10),(23,18):0.314152
(10,10),(23,23):0.000000
(10,10),(25,23):0.000000
(10,10),(25,5):0.000000
(10,10),(28,5):0.000000
(10,10),(28,8):0.000000
(10,10),(30,8):0.000000
(10,10),(30,6):0.000000
(10,10),(35,6):0.000000
(10,10),(35,7):0.000000
(10,10),(32,7):0.000000
(10,10),(32,13):0.000000
(10,10),(37,13):0.000000
(10,10),(37,15):0.000000
(7,10),(7,27):56.198414
(7,10),(6,27):58.273575
(7,10),(6,28):29.797655
(7,10),(2,28):10.655112
(7,10),(2,29):0.000000
(7,10),(1,29):2.583333
(7,10),(1,24):8.113445
(7,10),(5,24):59.613445
(7,10),(5,9):88.792015
(7,10),(4,9):47.750000
(7,10),(4,2):65.012497
(7,10),(3,2):4.187500
(7,10),(3,1):22.487499
(7,10),(8,1):53.980980
(7,10),(8,3):65.937500
(7,10),(9,3):40.750000
(7,10),(9,4):57.937500
(7,10),(11,4):43.750000
(7,10),(11,20):7.800000
(7,10),(15,20):0.000000
(7,10),(15,19):0.000000
(7,10),(13,19):0.000000
(7,10),(13,16):0.000000
(7,10),(17,16):0.000000
(7,10),(17,17):0.000000
(7,10),(22,17):0.000000
(7,10),(22,18):0.000000
(7,10),(23,18):0.000000
(7,10),(23,23):0.000000
(7,10),(25,23):0.000000
(7,10),(25,5):0.000000
(7,10),(28,5):0.000000
(7,10),(28,8):0.000000
(7,10),(30,8):0.000000
(7,10),(30,6):0.000000
(7,10),(35,6):0.000000
(7,10),(35,7):0.000000
(7,10),(32,7):0.000000
(7,10),(32,13):0.000000
(7,10),(37,13):0.000000
(7,10),(37,15):0.000000
(7,27),(6,27):65.777779
(7,27),(6,28):39.684212
(7,27),(2,28):20.541666
(7,27),(2,29):3.000000
(7,27),(1,29):12.500000
(7,27),(1,24):18.000000
(7,27),(5,24):64.000000
(7,27),(5,9):55.555557
(7,27),(4,9):19.555555
(7,27),(4,2):33.555557
(7,27),(3,2):2.833333
(7,27),(3,1):7.305555
(7,27),(8,1):40.086956
(7,27),(8,3):35.555557
(7,27),(9,3):23.000000
(7,27),(9,4):27.055555
(7,27),(11,4):16.388889
(7,27),(11,20):0.000000
(7,27),(15,20):0.000000
(7,27),(15,19):0.000000
(7,27),(13,19):0.000000
(7,27),(13,16):0.000000
(7,27),(17,16):0.000000
(7,27),(17,17):0.000000
(7,27),(22,17):0.000000
(7,27),(22,18):0.000000
(7,27),(23,18):0.000000
(7,27),(23,23):0.000000
(7,27),(25,23):0.000000
(7,27),(25,5):0.000000
(7,27),(28,5):0.000000
(7,27),(28,8):0.000000
(7,27),(30,8):0.000000
(7,27),(30,6):0.000000
(7,27),(35,6):0.000000
(7,27),(35,7):0.000000
(7,27),(32,7):0.000000
(7,27),(32,13):0.000000
(7,27),(37,13):0.000000
(7,27),(37,15):0.000000
(6,27),(6,28):44.684212
(6,27),(2,28):25.666666
(6,27),(2,29):4.125000
(6,27),(1,29):14.125000
(6,27),(1,24):23.125000
(6,27),(5,24):71.507355
(6,27),(5,9):57.160130
(6,27),(4,9):20.130718
(6,27),(4,2):34.160130
(6,27),(3,2):2.916667
(6,27),(3,1):8.406863
(6,27),(8,1):41.203609
(6,27),(8,3):36.160130
(6,27),(9,3):23.441177
(6,27),(9,4):27.055555
(6,27),(11,4):16.753267
(6,27),(11,20):0.000000
(6,27),(15,20):0.000000
(6,27),(15,19):0.000000
(6,27),(13,19):0.000000
(6,27),(13,16):0.000000
(6,27),(17,16):0.000000
(6,27),(17,17):0.000000
(6,27),(22,17):0.000000
(6,27),(22,18):0.000000
(6,27),(23,18):0.000000
(6,27),(23,23):0.000000
(6,27),(25,23):0.000000
(6,27),(25,5):0.000000
(6,27),(28,5):0.000000
(6,27),(28,8):0.000000
(6,27),(30,8):0.000000
(6,27),(30,6):0.000000
(6,27),(35,6):0.000000
(6,27),(35,7):0.000000
(6,27),(32,7):0.000000
(6,27),(32,13):0.000000
(6,27),(37,13):0.000000
(6,27),(37,15):0.000000
(6,28),(2,28):20.666666
(6,28),(2,29):4.000000
(6,28),(1,29):12.625000
(6,28),(1,24):20.000000
(6,28),(5,24):43.000000
(6,28),(5,9):28.684210
(6,28),(4,9):9.684211
(6,28),(4,2):13.184211
(6,28),(3,2):1.394737
(6,28),(3,1):3.184211
(6,28),(8,1):25.227688
(6,28),(8,3):21.184210
(6,28),(9,3):13.197369
(6,28),(9,4):15.184211
(6,28),(11,4):8.907895
(6,28),(11,20):0.000000
(6,28),(15,20):0.000000
(6,28),(15,19):0.000000
(6,28),(13,19):0.000000
(6,28),(13,16):0.000000
(6,28),(17,16):0.000000
(6,28),(17,17):0.000000
(6,28),(22,17):0.000000
(6,28),(22,18):0.000000
(6,28),(23,18):0.000000
(6,28),(23,23):0.000000
(6,28),(25,23):0.000000
(6,28),(25,5):0.000000
(6,28),(28,5):0.000000
(6,28),(28,8):0.000000
(6,28),(30,8):0.000000
(6,28),(30,6):0.000000
(6,28),(35,6):0.000000
(6,28),(35,7):0.000000
(6,28),(32,7):0.000000
(6,28),(32,13):0.000000
(6,28),(37,13):0.000000
(6,28),(37,15):0.000000
(2,28),(2,29):5.000000
(2,28),(1,29):15.000000
(2,28),(1,24):23.875000
(2,28),(5,24):26.166666
(2,28),(5,9):9.541667
(2,28),(4,9):0.000000
(2,28),(4,2):0.166667
(2,28),(3,2):0.000000
(2,28),(3,1):0.000000
(2,28),(8,1):2.086957
(2,28),(8,3):0.000000
(2,28),(9,3):0.000000
(2,28),(9,4):0.000000
(2,28),(11,4):0.000000
(2,28),(11,20):0.000000
(2,28),(15,20):0.000000
(2,28),(15,19):0.000000
(2,28),(13,19):0.000000
(2,28),(13,16):0.000000
(2,28),(17,16):0.000000
(2,28),(17,17):0.000000
(2,28),(22,17):0.000000
(2,28),(22,18):0.000000
(2,28),(23,18):0.000000
(2,28),(23,23):0.000000
(2,28),(25,23):0.000000
(2,28),(25,5):0.000000
(2,28),(28,5):0.000000
(2,28),(28,8):0.000000
(2,28),(30,8):0.000000
(2,28),(30,6):0.000000
(2,28),(35,6):0.000000
(2,28),(35,7):0.000000
(2,28),(32,7):0.000000
(2,28),(32,13):0.000000
(2,28),(37,13):0.000000
(2,28),(37,15):0.000000
(2,29),(1,29):5.000000
(2,29),(1,24):5.000000
(2,29),(5,24):4.625000
(2,29),(5,9):0.000000
(2,29),(4,9):0.000000
(2,29),(4,2):0.000000
(2,29),(3,2):0.000000
(2,29),(3,1):0.000000
(2,29),(8,1):0.000000
(2,29),(8,3):0.000000
(2,29),(9,3):0.000000
(2,29),(9,4):0.000000
(2,29),(11,4):0.000000
(2,29),(11,20):0.000000
(2,29),(15,20):0.000000
(2,29),(15,19):0.000000
(2,29),(13,19):0.000000
(2,29),(13,16):0.000000
(2,29),(17,16):0.000000
(2,29),(17,17):0.000000
(2,29),(22,17):0.000000
(2,29),(22,18):0.000000
(2,29),(23,18):0.000000
(2,29),(23,23):0.000000
(2,29),(25,23):0.000000
(2,29),(25,5):0.000000
(2,29),(28,5):0.000000
(2,29),(28,8):0.000000
(2,29),(30,8):0.000000
(2,29),(30,6):0.000000
(2,29),(35,6):0.000000
(2,29),(35,7):0.000000
(2,29),(32,7):0.000000
(2,29),(32,13):0.000000
(2,29),(37,13):0.000000
(2,29),(37,15):0.000000
(1,29),(1,24):13.000000
(1,29),(5,24):14.625000
(1,29),(5,9):2.500000
(1,29),(4,9):0.000000
(1,29),(4,2):0.136364
(1,29),(3,2):0.000000
(1,29),(3,1):0.000000
(1,29),(8,1):0.544758
(1,29),(8,3):0.000000
(1,29),(9,3):0.000000
(1,29),(9,4):0.000000
(1,29),(11,4):0.000000
(1,29),(11,20):0.000000
(1,29),(15,20):0.000000
(1,29),(15,19):0.000000
(1,29),(13,19):0.000000
(1,29),(13,16):0.000000
(1,29),(17,16):0.000000
(1,29),(17,17):0.000000
(1,29),(22,17):0.000000
(1,29),(22,18):0.000000
(1,29),(23,18):0.000000
(1,29),(23,23):0.000000
(1,29),(25,23):0.000000
(1,29),(25,5):0.000000
(1,29),(28,5):0.000000
(1,29),(28,8):0.000000
(1,29),(30,8):0.000000
(1,29),(30,6):0.000000
(1,29),(35,6):0.000000
(1,29),(35,7):0.000000
(1,29),(32,7):0.000000
(1,29),(32,13):0.000000
(1,29),(37,13):0.000000
(1,29),(37,15):0.000000
(1,24),(5,24):23.625000
(1,24),(5,9):7.000000
(1,24),(4,9):0.000000
(1,24),(4,2):0.000000
(1,24),(3,2):0.000000
(1,24),(3,1):0.000000
(1,24),(8,1):1.932367
(1,24),(8,3):0.000000
(1,24),(9,3):0.000000
(1,24),(9,4):0.000000
(1,24),(11,4):0.000000
(1,24),(11,20):0.000000
(1,24),(15,20):0.000000
(1,24),(15,19):0.000000
(1,24),(13,19):0.000000
(1,24),(13,16):0.000000
(1,24),(17,16):0.000000
(1,24),(17,17):0.000000
(1,24),(22,17):0.000000
(1,24),(22,18):0.000000
(1,24),(23,18):0.000000
(1,24),(23,23):0.000000
(1,24),(25,23):0.000000
(1,24),(25,5):0.000000
(1,24),(28,5):0.000000
(1,24),(28,8):0.000000
(1,24),(30,8):0.000000
(1,24),(30,6):0.000000
(1,24),(35,6):0.000000
(1,24),(35,7):0.000000
(1,24),(32,7):0.000000
(1,24),(32,13):0.000000
(1,24),(37,13):0.000000
(1,24),(37,15):0.000000
(5,24),(5,9):58.500000
(5,24),(4,9):21.428572
(5,24),(4,2):35.500000
(5,24),(3,2):3.000000
(5,24),(3,1):9.937500
(5,24),(8,1):42.543480
(5,24),(8,3):37.500000
(5,24),(9,3):24.500000
(5,24),(9,4):27.500000
(5,24),(11,4):17.571428
(5,24),(11,20):0.000000
(5,24),(15,20):0.000000
(5,24),(15,19):0.000000
(5,24),(13,19):0.000000
(5,24),(13,16):0.000000
(5,24),(17,16):0.000000
(5,24),(17,17):0.000000
(5,24),(22,17):0.000000
(5,24),(22,18):0.000000
(5,24),(23,18):0.000000
(5,24),(23,23):0.000000
(5,24),(25,23):0.000000
(5,24),(25,5):0.000000
(5,24),(28,5):0.000000
(5,24),(28,8):0.000000
(5,24),(30,8):0.000000
(5,24),(30,6):0.000000
(5,24),(35,6):0.000000
(5,24),(35,7):0.000000
(5,24),(32,7):0.000000
(5,24),(32,13):0.000000
(5,24),(37,13):0.000000
(5,24),(37,15):0.000000
(5,9),(4,9):48.000000
(5,9),(4,2):65.246429
(5,9),(3,2):4.071429
(5,9),(3,1):22.371429
(5,9),(8,1):53.071430
(5,9),(8,3):66.171425
(5,9),(9,3):41.000000
(5,9),(9,4):58.171429
(5,9),(11,4):44.099998
(5,9),(11,20):7.900000
(5,9),(15,20):0.000000
(5,9),(15,19):0.000000
(5,9),(13,19):0.000000
(5,9),(13,16):0.000000
(5,9),(17,16):0.000000
(5,9),(17,17):0.000000
(5,9),(22,17):0.000000
(5,9),(22,18):0.000000
(5,9),(23,18):0.000000
(5,9),(23,23):0.000000
(5,9),(25,23):0.000000
(5,9),(25,5):0.000000
(5,9),(28,5):0.000000
(5,9),(28,8):0.000000
(5,9),(30,8):0.000000
(5,9),(30,6):0.000000
(5,9),(35,6):0.000000
(5,9),(35,7):0.000000
(5,9),(32,7):0.000000
(5,9),(32,13):0.000000
(5,9),(37,13):0.000000
(5,9),(37,15):0.000000
(4,9),(4,2):47.075001
(4,9),(3,2):4.000000
(4,9),(3,1):22.299999
(4,9),(8,1):32.000000
(4,9),(8,3):46.000000
(4,9),(9,3):30.000000
(4,9),(9,4):46.000000
(4,9),(11,4):35.000000
(4,9),(11,20):6.750000
(4,9),(15,20):0.000000
(4,9),(15,19):0.000000
(4,9),(13,19):0.000000
(4,9),(13,16):0.000000
(4,9),(17,16):0.000000
(4,9),(17,17):0.000000
(4,9),(22,17):0.000000
(4,9),(22,18):0.000000
(4,9),(23,18):0.000000
(4,9),(23,23):0.000000
(4,9),(25,23):0.000000
(4,9),(25,5):0.000000
(4,9),(28,5):0.000000
(4,9),(28,8):0.000000
(4,9),(30,8):0.000000
(4,9),(30,6):0.000000
(4,9),(35,6):0.000000
(4,9),(35,7):0.000000
(4,9),(32,7):0.000000
(4,9),(32,13):0.000000
(4,9),(37,13):0.000000
(4,9),(37,15):0.000000
(4,2),(3,2):5.000000
(4,2),(3,1):23.299999
(4,2),(8,1):42.718750
(4,2),(8,3):59.380951
(4,2),(9,3):37.827381
(4,2),(9,4):56.091667
(4,2),(11,4):42.925491
(4,2),(11,20):7.700000
(4,2),(15,20):0.000000
(4,2),(15,19):0.000000
(4,2),(13,19):0.000000
(4,2),(13,16):0.000000
(4,2),(17,16):0.000000
(4,2),(17,17):0.000000
(4,2),(22,17):0.000000
(4,2),(22,18):0.000000
(4,2),(23,18):0.000000
(4,2),(23,23):0.000000
(4,2),(25,23):0.000000
(4,2),(25,5):0.000000
(4,2),(28,5):0.000000
(4,2),(28,8):0.000000
(4,2),(30,8):0.000000
(4,2),(30,6):0.000000
(4,2),(35,6):0.000000
(4,2),(35,7):0.000000
(4,2),(32,7):0.000000
(4,2),(32,13):0.000000
(4,2),(37,13):0.000000
(4,2),(37,15):0.000000
(3,2),(3,1):5.000000
(3,2),(8,1):5.000000
(3,2),(8,3):4.875000
(3,2),(9,3):0.000000
(3,2),(9,4):3.300000
(3,2),(11,4):0.000000
(3,2),(11,20):0.000000
(3,2),(15,20):0.000000
(3,2),(15,19):0.000000
(3,2),(13,19):0.000000
(3,2),(13,16):0.000000
(3,2),(17,16):0.000000
(3,2),(17,17):0.000000
(3,2),(22,17):0.000000
(3,2),(22,18):0.000000
(3,2),(23,18):0.000000
(3,2),(23,23):0.000000
(3,2),(25,23):0.000000
(3,2),(25,5):0.000000
(3,2),(28,5):0.000000
(3,2),(28,8):0.000000
(3,2),(30,8):0.000000
(3,2),(30,6):0.000000
(3,2),(35,6):0.000000
(3,2),(35,7):0.000000
(3,2),(32,7):0.000000
(3,2),(32,13):0.000000
(3,2),(37,13):0.000000
(3,2),(37,15):0.000000
(3,1),(8,1):13.000000
(3,1),(8,3):22.174999
(3,1),(9,3):7.800000
(3,1),(9,4):21.100000
(3,1),(11,4):11.500000
(3,1),(11,20):5.119883
(3,1),(15,20):0.000000
(3,1),(15,19):0.000000
(3,1),(13,19):0.000000
(3,1),(13,16):0.000000
(3,1),(17,16):0.000000
(3,1),(17,17):0.000000
(3,1),(22,17):0.000000
(3,1),(22,18):0.000000
(3,1),(23,18):0.000000
(3,1),(23,23):0.000000
(3,1),(25,23):0.000000
(3,1),(25,5):0.000000
(3,1),(28,5):0.000000
(3,1),(28,8):0.000000
(3,1),(30,8):0.000000
(3,1),(30,6):0.000000
(3,1),(35,6):0.000000
(3,1),(35,7):0.000000
(3,1),(32,7):0.000000
(3,1),(32,13):0.000000
(3,1),(37,13):0.000000
(3,1),(37,15):0.000000
(8,1),(8,3):49.875000
(8,1),(9,3):34.000000
(8,1),(9,4):39.799999
(8,1),(11,4):26.000000
(8,1),(11,20):0.000000
(8,1),(15,20):0.000000
(8,1),(15,19):0.000000
(8,1),(13,19):0.000000
(8,1),(13,16):0.000000
(8,1),(17,16):0.000000
(8,1),(17,17):0.000000
(8,1),(22,17):0.000000
(8,1),(22,18):0.000000
(8,1),(23,18):0.000000
(8,1),(23,23):0.000000
(8,1),(25,23):0.000000
(8,1),(25,5):0.000000
(8,1),(28,5):0.000000
(8,1),(28,8):0.000000
(8,1),(30,8):0.000000
(8,1),(30,6):0.000000
(8,1),(35,6):0.000000
(8,1),(35,7):0.000000
(8,1),(32,7):0.000000
(8,1),(32,13):0.000000
(8,1),(37,13):0.000000
(8,1),(37,15):0.000000
(8,3),(9,3):41.000000
(8,3),(9,4):58.549999
(8,3),(11,4):43.750000
(8,3),(11,20):7.638889
(8,3),(15,20):0.000000
(8,3),(15,19):0.000000
(8,3),(13,19):0.000000
(8,3),(13,16):0.000000
(8,3),(17,16):0.000000
(8,3),(17,17):0.000000
(8,3),(22,17):0.000000
(8,3),(22,18):0.000000
(8,3),(23,18):0.000000
(8,3),(23,23):0.000000
(8,3),(25,23):0.000000
(8,3),(25,5):0.000000
(8,3),(28,5):0.000000
(8,3),(28,8):0.000000
(8,3),(30,8):0.000000
(8,3),(30,6):0.000000
(8,3),(35,6):0.000000
(8,3),(35,7):0.000000
(8,3),(32,7):0.000000
(8,3),(32,13):0.000000
(8,3),(37,13):0.000000
(8,3),(37,15):0.000000
(9,3),(9,4):40.000000
(9,3),(11,4):32.000000
(9,3),(11,20):0.000000
(9,3),(15,20):0.000000
(9,3),(15,19):0.000000
(9,3),(13,19):0.000000
(9,3),(13,16):0.000000
(9,3),(17,16):0.000000
(9,3),(17,17):0.000000
(9,3),(22,17):0.000000
(9,3),(22,18):0.000000
(9,3),(23,18):0.000000
(9,3),(23,23):0.000000
(9,3),(25,23):0.000000
(9,3),(25,5):0.000000
(9,3),(28,5):0.000000
(9,3),(28,8):0.000000
(9,3),(30,8):0.000000
(9,3),(30,6):0.000000
(9,3),(35,6):0.000000
(9,3),(35,7):0.000000
(9,3),(32,7):0.000000
(9,3),(32,13):0.000000
(9,3),(37,13):0.000000
(9,3),(37,15):0.000000
(9,4),(11,4):47.000000
(9,4),(11,20):10.800000
(9,4),(15,20):0.000000
(9,4),(15,19):0.000000
(9,4),(13,19):0.000000
(9,4),(13,16):0.000000
(9,4),(17,16):0.000000
(9,4),(17,17):0.000000
(9,4),(22,17):0.000000
(9,4),(22,18):0.000000
(9,4),(23,18):0.000000
(9,4),(23,23):0.000000
(9,4),(25,23):0.000000
(9,4),(25,5):0.000000
(9,4),(28,5):0.000000
(9,4),(28,8):0.000000
(9,4),(30,8):0.000000
(9,4),(30,6):0.000000
(9,4),(35,6):0.000000
(9,4),(35,7):0.000000
(9,4),(32,7):0.000000
(9,4),(32,13):0.000000
(9,4),(37,13):0.000000
(9,4),(37,15):0.000000
(11,4),(11,20):27.799999
(11,4),(15,20):1.500000
(11,4),(15,19):0.000000
(11,4),(13,19):0.000000
(11,4),(13,16):0.000000
(11,4),(17,16):0.000000
(11,4),(17,17):0.000000
(11,4),(22,17):0.000000
(11,4),(22,18):0.164286
(11,4),(23,18):0.284091
(11,4),(23,23):0.000000
(11,4),(25,23):0.000000
(11,4),(25,5):0.000000
(11,4),(28,5):0.000000
(11,4),(28,8):0.000000
(11,4),(30,8):0.000000
(11,4),(30,6):0.000000
(11,4),(35,6):0.000000
(11,4),(35,7):0.000000
(11,4),(32,7):0.000000
(11,4),(32,13):0.000000
(11,4),(37,13):0.000000
(11,4),(37,15):0.000000
(11,20),(15,20):13.866667
(11,20),(15,19):8.200000
(11,20),(13,19):0.000000
(11,20),(13,16):7.200000
(11,20),(17,16):2.250000
(11,20),(17,17):8.533334
(11,20),(22,17):8.216666
(11,20),(22,18):10.228572
(11,20),(23,18):10.620455
(11,20),(23,23):2.700000
(11,20),(25,23):0.000000
(11,20),(25,5):0.000000
(11,20),(28,5):0.000000
(11,20),(28,8):0.000000
(11,20),(30,8):0.000000
(11,20),(30,6):0.000000
(11,20),(35,6):0.000000
(11,20),(35,7):0.000000
(11,20),(32,7):0.000000
(11,20),(32,13):0.000000
(11,20),(37,13):0.000000
(11,20),(37,15):0.000000
(15,20),(15,19):33.333332
(15,20),(13,19):17.000000
(15,20),(13,16):28.500000
(15,20),(17,16):10.250000
(15,20),(17,17):33.566666
(15,20),(22,17):29.250000
(15,20),(22,18):33.761906
(15,20),(23,18):26.753788
(15,20),(23,23):15.233334
(15,20),(25,23):0.000000
(15,20),(25,5):0.000000
(15,20),(28,5):0.000000
(15,20),(28,8):0.000000
(15,20),(30,8):0.000000
(15,20),(30,6):0.000000
(15,20),(35,6):0.000000
(15,20),(35,7):0.000000
(15,20),(32,7):0.000000
(15,20),(32,13):0.000000
(15,20),(37,13):0.000000
(15,20),(37,15):0.000000
(15,19),(13,19):23.000000
(15,19),(13,16):34.833332
(15,19),(17,16):16.000000
(15,19),(17,17):39.566666
(15,19),(22,17):32.166668
(15,19),(22,18):37.266666
(15,19),(23,18):26.666666
(15,19),(23,23):15.566667
(15,19),(25,23):0.000000
(15,19),(25,5):0.000000
(15,19),(28,5):0.000000
(15,19),(28,8):0.000000
(15,19),(30,8):0.000000
(15,19),(30,6):0.000000
(15,19),(35,6):0.000000
(15,19),(35,7):0.000000
(15,19),(32,7):0.000000
(15,19),(32,13):0.000000
(15,19),(37,13):0.000000
(15,19),(37,15):0.000000
(13,19),(13,16):19.500000
(13,19),(17,16):12.000000
(13,19),(17,17):22.900000
(13,19),(22,17):18.000000
(13,19),(22,18):20.600000
(13,19),(23,18):10.000000
(13,19),(23,23):8.900000
(13,19),(25,23):0.000000
(13,19),(25,5):0.000000
(13,19),(28,5):0.000000
(13,19),(28,8):0.000000
(13,19),(30,8):0.000000
(13,19),(30,6):0.000000
(13,19),(35,6):0.000000
(13,19),(35,7):0.000000
(13,19),(32,7):0.000000
(13,19),(32,13):0.000000
(13,19),(37,13):0.000000
(13,19),(37,15):0.000000
(13,16),(17,16):14.666667
(13,16),(17,17):35.416668
(13,16),(22,17):27.854166
(13,16),(22,18):33.016666
(13,16),(23,18):25.416666
(13,16),(23,23):12.750000
(13,16),(25,23):0.000000
(13,16),(25,5):0.000000
(13,16),(28,5):0.000000
(13,16),(28,8):0.000000
(13,16),(30,8):0.000000
(13,16),(30,6):0.000000
(13,16),(35,6):0.000000
(13,16),(35,7):0.000000
(13,16),(32,7):0.000000
(13,16),(32,13):0.000000
(13,16),(37,13):0.000000
(13,16),(37,15):0.000000
(17,16),(17,17):16.250000
(17,16),(22,17):12.250000
(17,16),(22,18):13.850000
(17,16),(23,18):8.250000
(17,16),(23,23):0.000000
(17,16),(25,23):0.000000
(17,16),(25,5):0.000000
(17,16),(28,5):0.000000
(17,16),(28,8):0.000000
(17,16),(30,8):0.000000
(17,16),(30,6):0.000000
(17,16),(35,6):0.000000
(17,16),(35,7):0.000000
(17,16),(32,7):0.000000
(17,16),(32,13):0.000000
(17,16),(37,13):0.000000
(17,16),(37,15):0.000000
(17,17),(22,17):32.833332
(17,17),(22,18):38.833332
(17,17),(23,18):28.233334
(17,17),(23,23):16.799999
(17,17),(25,23):0.000000
(17,17),(25,5):0.000000
(17,17),(28,5):0.000000
(17,17),(28,8):0.000000
(17,17),(30,8):0.000000
(17,17),(30,6):0.000000
(17,17),(35,6):0.000000
(17,17),(35,7):0.000000
(17,17),(32,7):0.000000
(17,17),(32,13):0.000000
(17,17),(37,13):0.000000
(17,17),(37,15):0.000000
(22,17),(22,18):47.738094
(22,17),(23,18):38.738094
(22,17),(23,23):26.471428
(22,17),(25,23):12.571428
(22,17),(25,5):0.000000
(22,17),(28,5):0.000000
(22,17),(28,8):0.000000
(22,17),(30,8):0.000000
(22,17),(30,6):0.000000
(22,17),(35,6):0.000000
(22,17),(35,7):0.000000
(22,17),(32,7):0.000000
(22,17),(32,13):0.000000
(22,17),(37,13):0.000000
(22,17),(37,15):0.000000
(22,18),(23,18):56.589409
(22,18),(23,23):55.515385
(22,18),(25,23):36.415386
(22,18),(25,5):0.000000
(22,18),(28,5):0.000000
(22,18),(28,8):0.000000
(22,18),(30,8):0.000000
(22,18),(30,6):0.000000
(22,18),(35,6):0.000000
(22,18),(35,7):0.000000
(22,18),(32,7):0.000000
(22,18),(32,13):0.000000
(22,18),(37,13):0.000000
(22,18),(37,15):0.000000
(23,18),(23,23):39.730770
(23,18),(25,23):25.230770
(23,18),(25,5):0.000000
(23,18),(28,5):0.000000
(23,18),(28,8):0.000000
(23,18),(30,8):0.000000
(23,18),(30,6):0.000000
(23,18),(35,6):0.000000
(23,18),(35,7):0.000000
(23,18),(32,7):0.000000
(23,18),(32,13):0.000000
(23,18),(37,13):0.000000
(23,18),(37,15):0.000000
(23,23),(25,23):97.800003
(23,23),(25,5):13.529411
(23,23),(28,5):0.000000
(23,23),(28,8):0.000000
(23,23),(30,8):0.000000
(23,23),(30,6):0.000000
(23,23),(35,6):0.000000
(23,23),(35,7):0.000000
(23,23),(32,7):0.000000
(23,23),(32,13):0.000000
(23,23),(37,13):0.000000
(23,23),(37,15):0.000000
(25,23),(25,5):33.058823
(25,23),(28,5):9.000000
(25,23),(28,8):8.250000
(25,23),(30,8):3.750000
(25,23),(30,6):0.000000
(25,23),(35,6):0.000000
(25,23),(35,7):0.000000
(25,23),(32,7):1.126812
(25,23),(32,13):0.000000
(25,23),(37,13):0.000000
(25,23),(37,15):0.000000
(25,5),(28,5):19.500000
(25,5),(28,8):23.250000
(25,5),(30,8):13.875000
(25,5),(30,6):0.500000
(25,5),(35,6):0.000000
(25,5),(35,7):0.000000
(25,5),(32,7):8.250000
(25,5),(32,13):0.000000
(25,5),(37,13):0.000000
(25,5),(37,15):0.000000
(28,5),(28,8):18.750000
(28,5),(30,8):9.375000
(28,5),(30,6):0.000000
(28,5),(35,6):0.000000
(28,5),(35,7):0.000000
(28,5),(32,7):4.083333
(28,5),(32,13):0.000000
(28,5),(37,13):0.000000
(28,5),(37,15):0.000000
(28,8),(30,8):21.875000
(28,8),(30,6):6.500000
(28,8),(35,6):0.000000
(28,8),(35,7):0.000000
(28,8),(32,7):15.583333
(28,8),(32,13):5.750000
(28,8),(37,13):0.000000
(28,8),(37,15):0.000000
(30,8),(30,6):12.642858
(30,8),(35,6):3.666667
(30,8),(35,7):3.000000
(30,8),(32,7):21.583334
(30,8),(32,13):10.950000
(30,8),(37,13):0.366667
(30,8),(37,15):0.000000
(30,6),(35,6):5.666667
(30,6),(35,7):5.000000
(30,6),(32,7):15.100000
(30,6),(32,13):11.242857
(30,6),(37,13):0.642857
(30,6),(37,15):0.000000
(35,6),(35,7):5.000000
(35,6),(32,7):5.666667
(35,6),(32,13):2.666667
(35,6),(37,13):0.000000
(35,6),(37,15):0.000000
(35,7),(32,7):5.000000
(35,7),(32,13):2.000000
(35,7),(37,13):0.000000
(35,7),(37,15):0.000000
(32,7),(32,13):12.600000
(32,7),(37,13):1.300000
(32,7),(37,15):0.000000
(32,13),(37,13):8.125000
(32,13),(37,15):1.625000
(37,13),(37,15):2.500000
