68
(32,24):(32,24)	(32,29)	(32,30)	(32,31)	(32,32)	(32,33)	(33,24)	(33,33)	
(33,24):(32,24)	(32,29)	(32,30)	(32,31)	(32,32)	(32,33)	(33,24)	(33,33)	
(33,33):(29,34)	(30,28)	(30,29)	(30,30)	(30,31)	(30,32)	(30,33)	(31,29)	(31,30)	(31,31)	(31,32)	(31,33)	(32,24)	(32,29)	(32,30)	(32,31)	(32,32)	(32,33)	(33,24)	(33,33)	(34,33)	(34,34)	
(34,33):(29,34)	(30,33)	(31,33)	(32,33)	(33,33)	(34,33)	(34,34)	
(34,34):(29,34)	(30,30)	(30,31)	(30,32)	(30,33)	(31,31)	(31,32)	(31,33)	(32,32)	(32,33)	(33,33)	(34,33)	(34,34)	
(29,34):(29,23)	(29,24)	(29,25)	(29,34)	(30,22)	(30,28)	(30,29)	(30,30)	(30,31)	(30,32)	(30,33)	(31,28)	(31,29)	(31,30)	(31,31)	(31,32)	(31,33)	(32,29)	(32,30)	(32,31)	(32,32)	(32,33)	(33,33)	(34,33)	(34,34)	
(29,25):(21,19)	(21,21)	(21,25)	(22,20)	(22,21)	(22,22)	(22,23)	(22,24)	(23,21)	(23,22)	(23,23)	(23,24)	(24,22)	(24,23)	(24,24)	(25,22)	(25,23)	(25,24)	(26,23)	(26,24)	(27,23)	(27,24)	(28,23)	(28,24)	(29,23)	(29,24)	(29,25)	(29,34)	(30,22)	(30,28)	(30,29)	(30,30)	(30,31)	(30,32)	(30,33)	(31,31)	(31,32)	(31,33)	
(21,25):(21,21)	(21,25)	(22,21)	(22,22)	(22,23)	(22,24)	(23,19)	(23,20)	(23,21)	(23,22)	(23,23)	(23,24)	(24,20)	(24,21)	(24,22)	(24,23)	(24,24)	(25,19)	(25,22)	(25,23)	(25,24)	(26,23)	(26,24)	(27,23)	(27,24)	(28,23)	(28,24)	(29,23)	(29,24)	(29,25)	(30,22)	
(21,21):(21,21)	(21,25)	(22,21)	(22,22)	(22,23)	(22,24)	(23,21)	(23,22)	(23,23)	(23,24)	(24,21)	(24,22)	(24,23)	(24,24)	(25,22)	(25,23)	(25,24)	(26,23)	(26,24)	(27,23)	(27,24)	(28,23)	(28,24)	(29,23)	(29,24)	(29,25)	
(22,21):(21,21)	(21,25)	(22,15)	(22,16)	(22,17)	(22,18)	(22,19)	(22,20)	(22,21)	(22,22)	(22,23)	(22,24)	(23,15)	(23,16)	(23,19)	(23,20)	(23,21)	(23,22)	(23,23)	(23,24)	(24,20)	(24,21)	(24,22)	(24,23)	(24,24)	(25,19)	(25,22)	(25,23)	(25,24)	(26,23)	(26,24)	(27,23)	(27,24)	(28,23)	(28,24)	(29,24)	(29,25)	
(22,20):(17,18)	(18,19)	(18,20)	(19,19)	(19,20)	(20,15)	(20,18)	(20,19)	(21,15)	(21,16)	(21,17)	(21,18)	(21,19)	(22,15)	(22,16)	(22,17)	(22,18)	(22,19)	(22,20)	(22,21)	(22,22)	(22,23)	(22,24)	(23,15)	(23,16)	(23,19)	(23,20)	(23,21)	(23,22)	(23,23)	(23,24)	(24,20)	(24,21)	(24,22)	(24,23)	(24,24)	(25,19)	(25,22)	(25,23)	(25,24)	(26,23)	(26,24)	(27,24)	(28,24)	(29,25)	
(19,20):(16,29)	(16,30)	(17,18)	(17,26)	(17,27)	(17,28)	(17,29)	(17,30)	(18,19)	(18,20)	(18,21)	(18,22)	(18,23)	(18,24)	(18,25)	(18,26)	(18,27)	(19,19)	(19,20)	(19,27)	(20,18)	(20,19)	(21,16)	(21,17)	(21,18)	(21,19)	(22,15)	(22,16)	(22,17)	(22,18)	(22,19)	(22,20)	(23,15)	(23,16)	(23,19)	(23,20)	(24,15)	(24,20)	(25,19)	
(19,27):(9,26)	(10,27)	(11,27)	(12,27)	(13,27)	(14,27)	(15,27)	(16,27)	(17,18)	(17,26)	(17,27)	(18,19)	(18,20)	(18,21)	(18,22)	(18,23)	(18,24)	(18,25)	(18,26)	(18,27)	(19,19)	(19,20)	(19,27)	
(18,27):(6,31)	(9,26)	(9,30)	(10,27)	(10,28)	(10,29)	(10,30)	(11,27)	(11,28)	(11,29)	(11,30)	(12,27)	(12,28)	(12,29)	(12,30)	(13,27)	(13,28)	(13,29)	(13,30)	(14,27)	(14,28)	(14,29)	(14,30)	(15,27)	(15,28)	(15,29)	(15,30)	(16,27)	(16,28)	(16,29)	(16,30)	(17,18)	(17,26)	(17,27)	(17,28)	(17,29)	(17,30)	(18,19)	(18,20)	(18,21)	(18,22)	(18,23)	(18,24)	(18,25)	(18,26)	(18,27)	(18,31)	(19,19)	(19,20)	(19,27)	
(18,31):(4,30)	(4,31)	(5,30)	(5,31)	(6,31)	(9,26)	(9,30)	(10,27)	(10,28)	(10,29)	(10,30)	(11,27)	(11,28)	(11,29)	(11,30)	(12,27)	(12,28)	(12,29)	(12,30)	(13,27)	(13,28)	(13,29)	(13,30)	(14,27)	(14,28)	(14,29)	(14,30)	(15,27)	(15,28)	(15,29)	(15,30)	(16,27)	(16,28)	(16,29)	(16,30)	(17,18)	(17,26)	(17,27)	(17,28)	(17,29)	(17,30)	(18,19)	(18,20)	(18,21)	(18,22)	(18,23)	(18,24)	(18,25)	(18,26)	(18,27)	(18,31)	
(6,31):(3,32)	(4,29)	(4,30)	(4,31)	(5,30)	(5,31)	(6,31)	(6,32)	(9,30)	(10,30)	(11,30)	(12,29)	(12,30)	(13,29)	(13,30)	(14,29)	(14,30)	(15,28)	(15,29)	(15,30)	(16,28)	(16,29)	(16,30)	(17,28)	(17,29)	(17,30)	(18,27)	(18,31)	
(6,32):(3,32)	(4,28)	(4,29)	(4,30)	(4,31)	(5,30)	(5,31)	(6,31)	(6,32)	
(3,32):(3,17)	(3,32)	(4,17)	(4,23)	(4,24)	(4,25)	(4,26)	(4,27)	(4,28)	(4,29)	(4,30)	(4,31)	(5,23)	(5,30)	(5,31)	(6,31)	(6,32)	(9,30)	
(3,17):(3,17)	(3,32)	(4,17)	(4,23)	(4,24)	(4,25)	(4,26)	(4,27)	(4,28)	(4,29)	(4,30)	(4,31)	(5,30)	(5,31)	
(4,17):(3,17)	(3,32)	(4,17)	(4,23)	(4,24)	(4,25)	(4,26)	(4,27)	(4,28)	(4,29)	(4,30)	(4,31)	
(4,23):(3,17)	(3,32)	(4,17)	(4,23)	(4,24)	(4,25)	(4,26)	(4,27)	(4,28)	(4,29)	(4,30)	(4,31)	(5,23)	(5,30)	(5,31)	
(5,23):(3,32)	(4,23)	(4,24)	(4,25)	(4,26)	(4,27)	(4,28)	(4,29)	(4,30)	(4,31)	(5,23)	(5,30)	(5,31)	
(5,30):(3,17)	(3,32)	(4,23)	(4,24)	(4,25)	(4,26)	(4,27)	(4,28)	(4,29)	(4,30)	(4,31)	(5,23)	(5,30)	(5,31)	(6,31)	(6,32)	(9,30)	(10,30)	(11,30)	(12,30)	(13,30)	(14,30)	(15,30)	(16,30)	(17,30)	(18,31)	
(9,30):(3,32)	(4,30)	(4,31)	(5,30)	(5,31)	(6,31)	(9,26)	(9,30)	(10,27)	(10,28)	(10,29)	(10,30)	(11,27)	(11,28)	(11,29)	(11,30)	(12,27)	(12,28)	(12,29)	(12,30)	(13,27)	(13,28)	(13,29)	(13,30)	(14,27)	(14,28)	(14,29)	(14,30)	(15,27)	(15,28)	(15,29)	(15,30)	(16,27)	(16,28)	(16,29)	(16,30)	(17,26)	(17,27)	(17,28)	(17,29)	(17,30)	(18,26)	(18,27)	(18,31)	
(9,26):(9,26)	(9,30)	(10,27)	(10,28)	(10,29)	(10,30)	(11,27)	(11,28)	(11,29)	(11,30)	(12,27)	(12,28)	(12,29)	(12,30)	(13,27)	(13,28)	(13,29)	(13,30)	(14,27)	(14,28)	(14,29)	(14,30)	(15,27)	(15,28)	(15,29)	(15,30)	(16,27)	(16,28)	(16,29)	(16,30)	(17,26)	(17,27)	(17,28)	(17,29)	(17,30)	(18,26)	(18,27)	(18,31)	(19,27)	
(17,26):(9,26)	(9,30)	(10,27)	(10,28)	(10,29)	(10,30)	(11,27)	(11,28)	(11,29)	(11,30)	(12,27)	(12,28)	(12,29)	(12,30)	(13,27)	(13,28)	(13,29)	(13,30)	(14,27)	(14,28)	(14,29)	(14,30)	(15,27)	(15,28)	(15,29)	(15,30)	(16,27)	(16,28)	(16,29)	(16,30)	(17,18)	(17,26)	(17,27)	(17,28)	(17,29)	(17,30)	(18,19)	(18,20)	(18,21)	(18,22)	(18,23)	(18,24)	(18,25)	(18,26)	(18,27)	(18,31)	(19,19)	(19,20)	(19,27)	
(17,18):(17,18)	(17,26)	(17,27)	(17,28)	(17,29)	(17,30)	(18,19)	(18,20)	(18,21)	(18,22)	(18,23)	(18,24)	(18,25)	(18,26)	(18,27)	(18,31)	(19,19)	(19,20)	(19,27)	(20,18)	(20,19)	(21,18)	(21,19)	(22,18)	(22,19)	(22,20)	(23,19)	(23,20)	(24,20)	
(20,18):(17,18)	(18,19)	(18,20)	(18,21)	(18,22)	(19,19)	(19,20)	(20,15)	(20,18)	(20,19)	(21,15)	(21,16)	(21,17)	(21,18)	(21,19)	(22,15)	(22,16)	(22,17)	(22,18)	(22,19)	(22,20)	(23,15)	(23,16)	(23,19)	(23,20)	(23,21)	(24,15)	(24,20)	(24,21)	(24,22)	(25,22)	(25,23)	(26,23)	(26,24)	(27,24)	
(20,15):(11,15)	(12,14)	(13,14)	(20,15)	(20,18)	(20,19)	(21,15)	(21,16)	(21,17)	(21,18)	(21,19)	(22,15)	(22,16)	(22,17)	(22,18)	(22,19)	(22,20)	(23,15)	(23,16)	(23,19)	(23,20)	(23,21)	(23,22)	(24,15)	(24,21)	(24,22)	(24,23)	(24,24)	(25,15)	(25,22)	(25,23)	(25,24)	(26,15)	(26,24)	(27,15)	(28,14)	(28,16)	
(11,15):(11,12)	(11,13)	(11,15)	(12,11)	(12,12)	(12,13)	(12,14)	(13,12)	(13,14)	(20,15)	(21,15)	(22,15)	(23,15)	(24,15)	(25,15)	(26,15)	(27,15)	(28,14)	
(11,13):(2,7)	(2,13)	(3,8)	(3,9)	(3,10)	(3,11)	(3,12)	(4,9)	(4,10)	(4,11)	(4,12)	(5,9)	(5,10)	(5,11)	(5,12)	(6,10)	(6,11)	(6,12)	(7,11)	(7,12)	(8,11)	(8,12)	(9,12)	(10,12)	(11,12)	(11,13)	(11,15)	(12,11)	(12,12)	(12,13)	(12,14)	(13,12)	(13,14)	
(2,13):(2,3)	(2,4)	(2,5)	(2,6)	(2,7)	(2,13)	(3,3)	(3,4)	(3,5)	(3,6)	(3,7)	(3,8)	(3,9)	(3,10)	(3,11)	(3,12)	(4,3)	(4,4)	(4,5)	(4,6)	(4,7)	(4,8)	(4,9)	(4,10)	(4,11)	(4,12)	(5,3)	(5,4)	(5,5)	(5,6)	(5,7)	(5,8)	(5,9)	(5,10)	(5,11)	(5,12)	(6,3)	(6,4)	(6,5)	(6,6)	(6,7)	(6,8)	(6,9)	(6,10)	(6,11)	(6,12)	(7,2)	(7,3)	(7,4)	(7,5)	(7,6)	(7,7)	(7,8)	(7,9)	(7,10)	(7,11)	(7,12)	(8,4)	(8,5)	(8,6)	(8,7)	(8,8)	(8,9)	(8,10)	(8,11)	(8,12)	(9,4)	(9,5)	(9,6)	(9,7)	(9,8)	(9,9)	(9,12)	(10,3)	(10,9)	(10,12)	(11,12)	(11,13)	(12,11)	(12,12)	(12,13)	(13,12)	
(2,7):(1,2)	(1,7)	(2,3)	(2,4)	(2,5)	(2,6)	(2,7)	(2,13)	(3,3)	(3,4)	(3,5)	(3,6)	(3,7)	(3,8)	(3,9)	(3,10)	(3,11)	(3,12)	(4,3)	(4,4)	(4,5)	(4,6)	(4,7)	(4,8)	(4,9)	(4,10)	(4,11)	(4,12)	(5,3)	(5,4)	(5,5)	(5,6)	(5,7)	(5,8)	(5,9)	(5,10)	(5,11)	(5,12)	(6,3)	(6,4)	(6,5)	(6,6)	(6,7)	(6,8)	(6,9)	(6,10)	(6,11)	(6,12)	(7,2)	(7,3)	(7,4)	(7,5)	(7,6)	(7,7)	(7,8)	(7,9)	(7,10)	(7,11)	(7,12)	(8,4)	(8,5)	(8,6)	(8,7)	(8,8)	(8,9)	(8,10)	(8,11)	(8,12)	(9,4)	(9,5)	(9,6)	(9,7)	(9,8)	(9,9)	(9,12)	(10,3)	(10,9)	(11,13)	
(1,7):(1,2)	(1,7)	(2,3)	(2,4)	(2,5)	(2,6)	(2,7)	(3,3)	(3,4)	(3,5)	(3,6)	(3,7)	(4,3)	(4,4)	(4,5)	(4,6)	(4,7)	(5,3)	(5,4)	(5,5)	(5,6)	(5,7)	(6,3)	(6,4)	(6,5)	(6,6)	(6,7)	(7,2)	(7,3)	(7,4)	(7,5)	(7,6)	(7,7)	(8,4)	(8,5)	(8,6)	(8,7)	(9,4)	(9,5)	(9,6)	(9,7)	(10,3)	
(1,2):(1,2)	(1,7)	(2,3)	(2,4)	(2,5)	(2,6)	(2,7)	(3,3)	(3,4)	(3,5)	(3,6)	(3,7)	(3,8)	(3,9)	(3,10)	(3,11)	(3,12)	(4,3)	(4,4)	(4,5)	(4,6)	(4,7)	(4,8)	(4,9)	(4,10)	(4,11)	(4,12)	(5,3)	(5,4)	(5,5)	(5,6)	(5,7)	(5,8)	(5,9)	(5,10)	(5,11)	(5,12)	(6,3)	(6,4)	(6,5)	(6,6)	(6,7)	(6,8)	(6,9)	(6,10)	(6,11)	(6,12)	(7,2)	(7,3)	(7,4)	(7,5)	(7,6)	(7,7)	(7,8)	(7,9)	(7,10)	(7,11)	(7,12)	(8,4)	(8,5)	(8,6)	(8,7)	(8,8)	(8,9)	(8,10)	(8,11)	(8,12)	(9,4)	(9,5)	(9,6)	(9,7)	(9,8)	(9,9)	(10,9)	
(7,2):(1,2)	(1,7)	(2,3)	(2,4)	(2,5)	(2,6)	(2,7)	(2,13)	(3,3)	(3,4)	(3,5)	(3,6)	(3,7)	(3,8)	(3,9)	(3,10)	(3,11)	(3,12)	(4,3)	(4,4)	(4,5)	(4,6)	(4,7)	(4,8)	(4,9)	(4,10)	(4,11)	(4,12)	(5,3)	(5,4)	(5,5)	(5,6)	(5,7)	(5,8)	(5,9)	(5,10)	(5,11)	(5,12)	(6,3)	(6,4)	(6,5)	(6,6)	(6,7)	(6,8)	(6,9)	(6,10)	(6,11)	(6,12)	(7,2)	(7,3)	(7,4)	(7,5)	(7,6)	(7,7)	(7,8)	(7,9)	(7,10)	(7,11)	(7,12)	
(7,3):(1,2)	(1,7)	(2,3)	(2,4)	(2,5)	(2,6)	(2,7)	(2,13)	(3,3)	(3,4)	(3,5)	(3,6)	(3,7)	(3,8)	(3,9)	(3,10)	(3,11)	(3,12)	(4,3)	(4,4)	(4,5)	(4,6)	(4,7)	(4,8)	(4,9)	(4,10)	(4,11)	(4,12)	(5,3)	(5,4)	(5,5)	(5,6)	(5,7)	(5,8)	(5,9)	(5,10)	(5,11)	(5,12)	(6,3)	(6,4)	(6,5)	(6,6)	(6,7)	(6,8)	(6,9)	(6,10)	(6,11)	(6,12)	(7,2)	(7,3)	(7,4)	(7,5)	(7,6)	(7,7)	(7,8)	(7,9)	(7,10)	(7,11)	(7,12)	(8,4)	(8,5)	(8,6)	(8,7)	(8,8)	(8,9)	(8,10)	(8,11)	(8,12)	(9,4)	(9,5)	(9,6)	(9,7)	(9,8)	(9,9)	(10,3)	(10,9)	
(10,3):(1,7)	(2,3)	(2,4)	(2,5)	(2,6)	(2,7)	(2,13)	(3,3)	(3,4)	(3,5)	(3,6)	(3,7)	(3,8)	(3,9)	(3,10)	(3,11)	(3,12)	(4,3)	(4,4)	(4,5)	(4,6)	(4,7)	(4,8)	(4,9)	(4,10)	(4,11)	(4,12)	(5,3)	(5,4)	(5,5)	(5,6)	(5,7)	(5,8)	(5,9)	(5,10)	(5,11)	(5,12)	(6,3)	(6,4)	(6,5)	(6,6)	(6,7)	(6,8)	(6,9)	(6,10)	(6,11)	(6,12)	(7,3)	(7,4)	(7,5)	(7,6)	(7,7)	(7,8)	(7,9)	(7,10)	(7,11)	(7,12)	(8,4)	(8,5)	(8,6)	(8,7)	(8,8)	(8,9)	(8,10)	(9,4)	(9,5)	(9,6)	(9,7)	(9,8)	(9,9)	(10,3)	(10,9)	
(10,9):(1,2)	(2,3)	(2,4)	(2,5)	(2,6)	(2,7)	(2,13)	(3,3)	(3,4)	(3,5)	(3,6)	(3,7)	(3,8)	(3,9)	(3,10)	(3,11)	(3,12)	(4,3)	(4,4)	(4,5)	(4,6)	(4,7)	(4,8)	(4,9)	(4,10)	(4,11)	(4,12)	(5,3)	(5,4)	(5,5)	(5,6)	(5,7)	(5,8)	(5,9)	(5,10)	(5,11)	(6,3)	(6,4)	(6,5)	(6,6)	(6,7)	(6,8)	(6,9)	(6,10)	(6,11)	(7,3)	(7,4)	(7,5)	(7,6)	(7,7)	(7,8)	(7,9)	(7,10)	(8,4)	(8,5)	(8,6)	(8,7)	(8,8)	(8,9)	(8,10)	(9,4)	(9,5)	(9,6)	(9,7)	(9,8)	(9,9)	(10,3)	(10,9)	(14,9)	(15,9)	(16,9)	(17,9)	(18,9)	(19,9)	(20,9)	(21,9)	(22,9)	(23,9)	(24,9)	(25,9)	(26,10)	
(14,9):(3,9)	(3,10)	(4,9)	(4,10)	(5,9)	(5,10)	(6,9)	(6,10)	(7,9)	(7,10)	(8,9)	(8,10)	(9,9)	(10,9)	(14,1)	(14,9)	(15,1)	(15,6)	(15,7)	(15,8)	(15,9)	(16,6)	(16,8)	(16,9)	(17,9)	(18,9)	(19,9)	(20,9)	(21,9)	(22,9)	(23,9)	(24,8)	(24,9)	(25,8)	(25,9)	(26,10)	
(14,1):(14,1)	(14,9)	(15,1)	(15,6)	(15,7)	(15,8)	(15,9)	
(15,1):(14,1)	(14,9)	(15,1)	(15,6)	(15,7)	(15,8)	(15,9)	
(15,6):(14,1)	(14,9)	(15,1)	(15,6)	(15,7)	(15,8)	(15,9)	(16,6)	(16,8)	(16,9)	
(16,6):(14,9)	(15,6)	(15,7)	(15,8)	(15,9)	(16,6)	(16,8)	(16,9)	
(16,8):(14,9)	(15,6)	(15,7)	(15,8)	(15,9)	(16,6)	(16,8)	(16,9)	(17,9)	(18,9)	(19,9)	(20,9)	(21,9)	(22,9)	(23,9)	(24,8)	(24,9)	(25,8)	(25,9)	(26,10)	
(24,8):(4,10)	(5,10)	(6,10)	(7,10)	(8,10)	(14,9)	(15,8)	(15,9)	(16,8)	(16,9)	(17,9)	(18,9)	(19,9)	(20,9)	(21,9)	(22,9)	(23,9)	(24,4)	(24,8)	(24,9)	(25,5)	(25,6)	(25,7)	(25,8)	(25,9)	(26,5)	(26,10)	
(24,4):(24,4)	(24,8)	(24,9)	(25,5)	(25,6)	(25,7)	(25,8)	(25,9)	(26,5)	(26,10)	(27,4)	(27,5)	
(27,4):(24,4)	(25,5)	(25,6)	(26,5)	(27,4)	(27,5)	
(27,5):(24,4)	(25,5)	(26,5)	(27,4)	(27,5)	
(26,5):(24,4)	(24,8)	(24,9)	(25,5)	(25,6)	(25,7)	(25,8)	(25,9)	(26,5)	(26,10)	(27,4)	(27,5)	
(26,10):(3,9)	(3,10)	(4,9)	(4,10)	(5,9)	(5,10)	(6,9)	(6,10)	(7,9)	(7,10)	(8,9)	(8,10)	(9,9)	(10,9)	(14,9)	(15,8)	(15,9)	(16,8)	(16,9)	(17,9)	(18,9)	(19,9)	(20,9)	(21,9)	(22,9)	(23,9)	(24,4)	(24,8)	(24,9)	(25,5)	(25,6)	(25,7)	(25,8)	(25,9)	(26,5)	(26,10)	
(8,10):(1,2)	(2,3)	(2,4)	(2,5)	(2,6)	(2,7)	(2,13)	(3,3)	(3,4)	(3,5)	(3,6)	(3,7)	(3,8)	(3,9)	(3,10)	(3,11)	(3,12)	(4,3)	(4,4)	(4,5)	(4,6)	(4,7)	(4,8)	(4,9)	(4,10)	(4,11)	(4,12)	(5,3)	(5,4)	(5,5)	(5,6)	(5,7)	(5,8)	(5,9)	(5,10)	(5,11)	(5,12)	(6,3)	(6,4)	(6,5)	(6,6)	(6,7)	(6,8)	(6,9)	(6,10)	(6,11)	(6,12)	(7,3)	(7,4)	(7,5)	(7,6)	(7,7)	(7,8)	(7,9)	(7,10)	(7,11)	(7,12)	(8,4)	(8,5)	(8,6)	(8,7)	(8,8)	(8,9)	(8,10)	(8,11)	(8,12)	(9,4)	(9,5)	(9,6)	(9,7)	(9,8)	(9,9)	(10,3)	(10,9)	(14,9)	(15,9)	(16,9)	(17,9)	(18,9)	(19,9)	(20,9)	(21,9)	(22,9)	(23,9)	(24,8)	(24,9)	(25,8)	(25,9)	(26,10)	
(8,11):(1,2)	(2,3)	(2,4)	(2,5)	(2,6)	(2,7)	(2,13)	(3,3)	(3,4)	(3,5)	(3,6)	(3,7)	(3,8)	(3,9)	(3,10)	(3,11)	(3,12)	(4,3)	(4,4)	(4,5)	(4,6)	(4,7)	(4,8)	(4,9)	(4,10)	(4,11)	(4,12)	(5,3)	(5,4)	(5,5)	(5,6)	(5,7)	(5,8)	(5,9)	(5,10)	(5,11)	(5,12)	(6,3)	(6,4)	(6,5)	(6,6)	(6,7)	(6,8)	(6,9)	(6,10)	(6,11)	(6,12)	(7,3)	(7,4)	(7,5)	(7,6)	(7,7)	(7,8)	(7,9)	(7,10)	(7,11)	(7,12)	(8,4)	(8,5)	(8,6)	(8,7)	(8,8)	(8,9)	(8,10)	(8,11)	(8,12)	(9,12)	(10,12)	(11,12)	(11,13)	(12,11)	(12,12)	(12,13)	(13,14)	
(12,11):(2,13)	(3,11)	(3,12)	(4,11)	(4,12)	(5,11)	(5,12)	(6,11)	(6,12)	(7,11)	(7,12)	(8,11)	(8,12)	(9,12)	(10,12)	(11,12)	(11,13)	(11,15)	(12,11)	(12,12)	(12,13)	(12,14)	
(12,12):(2,13)	(3,10)	(3,11)	(3,12)	(4,10)	(4,11)	(4,12)	(5,11)	(5,12)	(6,11)	(6,12)	(7,11)	(7,12)	(8,11)	(8,12)	(9,12)	(10,12)	(11,12)	(11,13)	(11,15)	(12,11)	(12,12)	(12,13)	(12,14)	(13,12)	(13,14)	
(13,12):(2,13)	(3,12)	(4,12)	(5,12)	(6,12)	(7,12)	(8,12)	(9,12)	(10,12)	(11,12)	(11,13)	(11,15)	(12,12)	(12,13)	(12,14)	(13,12)	(13,14)	
(13,14):(3,8)	(3,9)	(4,9)	(5,10)	(6,10)	(7,11)	(8,11)	(9,12)	(10,12)	(11,12)	(11,13)	(11,15)	(12,12)	(12,13)	(12,14)	(13,12)	(13,14)	(20,15)	(21,15)	(22,15)	(23,15)	(24,15)	(25,15)	(26,15)	(27,15)	(28,14)	(28,16)	
(28,14):(11,15)	(12,14)	(13,14)	(20,15)	(21,15)	(21,16)	(22,15)	(22,16)	(23,15)	(23,16)	(24,15)	(25,15)	(26,15)	(27,15)	(28,14)	(28,16)	
(28,16):(12,14)	(13,14)	(20,15)	(21,15)	(21,16)	(22,15)	(22,16)	(23,15)	(23,16)	(24,15)	(25,15)	(26,15)	(27,15)	(28,14)	(28,16)	
(23,16):(18,20)	(18,21)	(19,19)	(19,20)	(20,15)	(20,18)	(20,19)	(21,15)	(21,16)	(21,17)	(21,18)	(21,19)	(22,15)	(22,16)	(22,17)	(22,18)	(22,19)	(22,20)	(22,21)	(22,22)	(22,23)	(22,24)	(23,15)	(23,16)	(23,19)	(23,20)	(23,21)	(23,22)	(23,23)	(23,24)	(24,15)	(25,15)	(26,15)	(27,15)	(28,14)	(28,16)	
(23,19):(17,18)	(18,19)	(18,20)	(19,19)	(19,20)	(20,15)	(20,18)	(20,19)	(21,15)	(21,16)	(21,17)	(21,18)	(21,19)	(21,25)	(22,15)	(22,16)	(22,17)	(22,18)	(22,19)	(22,20)	(22,21)	(22,22)	(22,23)	(22,24)	(23,15)	(23,16)	(23,19)	(23,20)	(23,21)	(23,22)	(23,23)	(23,24)	(24,20)	(24,21)	(24,22)	(24,23)	(24,24)	(25,19)	(25,22)	(25,23)	(25,24)	(26,24)	
(25,19):(18,19)	(18,20)	(19,19)	(19,20)	(20,19)	(21,19)	(21,25)	(22,19)	(22,20)	(22,21)	(22,22)	(22,23)	(22,24)	(23,19)	(23,20)	(23,21)	(23,22)	(23,23)	(23,24)	(24,20)	(24,21)	(24,22)	(24,23)	(24,24)	(25,19)	(25,22)	(25,23)	(25,24)	
(25,22):(20,15)	(20,18)	(21,16)	(21,17)	(21,18)	(21,19)	(21,21)	(21,25)	(22,18)	(22,19)	(22,20)	(22,21)	(22,22)	(22,23)	(22,24)	(23,19)	(23,20)	(23,21)	(23,22)	(23,23)	(23,24)	(24,20)	(24,21)	(24,22)	(24,23)	(24,24)	(25,19)	(25,22)	(25,23)	(25,24)	(26,23)	(26,24)	(27,23)	(27,24)	(28,23)	(28,24)	(29,23)	(29,24)	(29,25)	(30,22)	
(30,22):(21,25)	(22,22)	(22,23)	(22,24)	(23,22)	(23,23)	(23,24)	(24,22)	(24,23)	(24,24)	(25,22)	(25,23)	(25,24)	(26,23)	(26,24)	(27,23)	(27,24)	(28,23)	(28,24)	(29,23)	(29,24)	(29,25)	(29,34)	(30,22)	(30,28)	(30,29)	(30,30)	(30,31)	(30,32)	(30,33)	
(30,28):(29,23)	(29,24)	(29,25)	(29,34)	(30,22)	(30,28)	(30,29)	(30,30)	(30,31)	(30,32)	(30,33)	(31,28)	(31,29)	(31,30)	(31,31)	(31,32)	(31,33)	(32,30)	(32,31)	(32,32)	(32,33)	(33,33)	
(31,28):(29,34)	(30,28)	(30,29)	(30,30)	(30,31)	(30,32)	(30,33)	(31,28)	(31,29)	(31,30)	(31,31)	(31,32)	(31,33)	
(31,29):(29,34)	(30,28)	(30,29)	(30,30)	(30,31)	(30,32)	(30,33)	(31,28)	(31,29)	(31,30)	(31,31)	(31,32)	(31,33)	(32,29)	(32,30)	(32,31)	(32,32)	(32,33)	(33,33)	
(32,29):(29,34)	(30,29)	(30,30)	(30,31)	(30,32)	(30,33)	(31,29)	(31,30)	(31,31)	(31,32)	(31,33)	(32,24)	(32,29)	(32,30)	(32,31)	(32,32)	(32,33)	(33,24)	(33,33)	
(32,24):10.055555
(33,24):12.500000
(33,33):28.583334
(34,33):5.000000
(34,34):13.000000
(29,34):29.833334
(29,25):47.133335
(21,25):37.000000
(21,21):28.125000
(22,21):38.519047
(22,20):48.723808
(19,20):45.023811
(19,27):26.000000
(18,27):63.785713
(18,31):59.153847
(6,31):33.500000
(6,32):10.000000
(3,32):27.500000
(3,17):21.307692
(4,17):15.000000
(4,23):24.285715
(5,23):18.000000
(5,30):35.428570
(9,30):54.333332
(9,26):46.000000
(17,26):63.666668
(17,18):33.466667
(20,18):40.458332
(20,15):49.833332
(11,15):22.000000
(11,13):38.000000
(2,13):87.000000
(2,7):89.000000
(1,7):42.000000
(1,2):81.848412
(7,2):60.000000
(7,3):84.500000
(10,3):76.714287
(10,9):90.625000
(14,9):48.200001
(14,1):10.600000
(15,1):9.062500
(15,6):14.166667
(16,6):8.333333
(16,8):30.000000
(24,8):39.383335
(24,4):13.000000
(27,4):5.000000
(27,5):3.000000
(26,5):14.333333
(26,10):46.400002
(8,10):108.928574
(8,11):80.312500
(12,11):22.000000
(12,12):29.750000
(13,12):15.000000
(13,14):34.799999
(28,14):26.799999
(28,16):20.204166
(23,16):41.099998
(23,19):47.875000
(25,19):27.000000
(25,22):45.398811
(30,22):36.000000
(30,28):27.799999
(31,28):12.000000
(31,29):22.750000
(32,29):25.125000
(32,24),(33,24):10.000000
(32,24),(33,33):10.055555
(32,24),(34,33):1.055556
(32,24),(34,34):1.555556
(32,24),(29,34):5.888889
(32,24),(29,25):0.000000
(32,24),(21,25):0.000000
(32,24),(21,21):0.000000
(32,24),(22,21):0.000000
(32,24),(22,20):0.000000
(32,24),(19,20):0.000000
(32,24),(19,27):0.000000
(32,24),(18,27):0.000000
(32,24),(18,31):0.000000
(32,24),(6,31):0.000000
(32,24),(6,32):0.000000
(32,24),(3,32):0.000000
(32,24),(3,17):0.000000
(32,24),(4,17):0.000000
(32,24),(4,23):0.000000
(32,24),(5,23):0.000000
(32,24),(5,30):0.000000
(32,24),(9,30):0.000000
(32,24),(9,26):0.000000
(32,24),(17,26):0.000000
(32,24),(17,18):0.000000
(32,24),(20,18):0.000000
(32,24),(20,15):0.000000
(32,24),(11,15):0.000000
(32,24),(11,13):0.000000
(32,24),(2,13):0.000000
(32,24),(2,7):0.000000
(32,24),(1,7):0.000000
(32,24),(1,2):0.000000
(32,24),(7,2):0.000000
(32,24),(7,3):0.000000
(32,24),(10,3):0.000000
(32,24),(10,9):0.000000
(32,24),(14,9):0.000000
(32,24),(14,1):0.000000
(32,24),(15,1):0.000000
(32,24),(15,6):0.000000
(32,24),(16,6):0.000000
(32,24),(16,8):0.000000
(32,24),(24,8):0.000000
(32,24),(24,4):0.000000
(32,24),(27,4):0.000000
(32,24),(27,5):0.000000
(32,24),(26,5):0.000000
(32,24),(26,10):0.000000
(32,24),(8,10):0.000000
(32,24),(8,11):0.000000
(32,24),(12,11):0.000000
(32,24),(12,12):0.000000
(32,24),(13,12):0.000000
(32,24),(13,14):0.000000
(32,24),(28,14):0.000000
(32,24),(28,16):0.000000
(32,24),(23,16):0.000000
(32,24),(23,19):0.000000
(32,24),(25,19):0.000000
(32,24),(25,22):0.000000
(32,24),(30,22):0.000000
(32,24),(30,28):3.555556
(32,24),(31,28):0.000000
(32,24),(31,29):5.055555
(32,24),(32,29):10.055555
(33,24),(33,33):12.500000
(33,24),(34,33):1.900000
(33,24),(34,34):3.250000
(33,24),(29,34):8.333333
(33,24),(29,25):0.937500
(33,24),(21,25):0.000000
(33,24),(21,21):0.000000
(33,24),(22,21):0.000000
(33,24),(22,20):0.000000
(33,24),(19,20):0.000000
(33,24),(19,27):0.000000
(33,24),(18,27):0.000000
(33,24),(18,31):0.000000
(33,24),(6,31):0.000000
(33,24),(6,32):0.000000
(33,24),(3,32):0.000000
(33,24),(3,17):0.000000
(33,24),(4,17):0.000000
(33,24),(4,23):0.000000
(33,24),(5,23):0.000000
(33,24),(5,30):0.000000
(33,24),(9,30):0.000000
(33,24),(9,26):0.000000
(33,24),(17,26):0.000000
(33,24),(17,18):0.000000
(33,24),(20,18):0.000000
(33,24),(20,15):0.000000
(33,24),(11,15):0.000000
(33,24),(11,13):0.000000
(33,24),(2,13):0.000000
(33,24),(2,7):0.000000
(33,24),(1,7):0.000000
(33,24),(1,2):0.000000
(33,24),(7,2):0.000000
(33,24),(7,3):0.000000
(33,24),(10,3):0.000000
(33,24),(10,9):0.000000
(33,24),(14,9):0.000000
(33,24),(14,1):0.000000
(33,24),(15,1):0.000000
(33,24),(15,6):0.000000
(33,24),(16,6):0.000000
(33,24),(16,8):0.000000
(33,24),(24,8):0.000000
(33,24),(24,4):0.000000
(33,24),(27,4):0.000000
(33,24),(27,5):0.000000
(33,24),(26,5):0.000000
(33,24),(26,10):0.000000
(33,24),(8,10):0.000000
(33,24),(8,11):0.000000
(33,24),(12,11):0.000000
(33,24),(12,12):0.000000
(33,24),(13,12):0.000000
(33,24),(13,14):0.000000
(33,24),(28,14):0.000000
(33,24),(28,16):0.000000
(33,24),(23,16):0.000000
(33,24),(23,19):0.000000
(33,24),(25,19):0.000000
(33,24),(25,22):0.000000
(33,24),(30,22):0.000000
(33,24),(30,28):5.916667
(33,24),(31,28):0.000000
(33,24),(31,29):7.500000
(33,24),(32,29):12.500000
(33,33),(34,33):5.000000
(33,33),(34,34):13.000000
(33,33),(29,34):24.416666
(33,33),(29,25):12.833333
(33,33),(21,25):0.000000
(33,33),(21,21):0.000000
(33,33),(22,21):0.000000
(33,33),(22,20):0.000000
(33,33),(19,20):0.000000
(33,33),(19,27):0.000000
(33,33),(18,27):0.000000
(33,33),(18,31):0.000000
(33,33),(6,31):0.000000
(33,33),(6,32):0.000000
(33,33),(3,32):0.000000
(33,33),(3,17):0.000000
(33,33),(4,17):0.000000
(33,33),(4,23):0.000000
(33,33),(5,23):0.000000
(33,33),(5,30):0.000000
(33,33),(9,30):0.000000
(33,33),(9,26):0.000000
(33,33),(17,26):0.000000
(33,33),(17,18):0.000000
(33,33),(20,18):0.000000
(33,33),(20,15):0.000000
(33,33),(11,15):0.000000
(33,33),(11,13):0.000000
(33,33),(2,13):0.000000
(33,33),(2,7):0.000000
(33,33),(1,7):0.000000
(33,33),(1,2):0.000000
(33,33),(7,2):0.000000
(33,33),(7,3):0.000000
(33,33),(10,3):0.000000
(33,33),(10,9):0.000000
(33,33),(14,9):0.000000
(33,33),(14,1):0.000000
(33,33),(15,1):0.000000
(33,33),(15,6):0.000000
(33,33),(16,6):0.000000
(33,33),(16,8):0.000000
(33,33),(24,8):0.000000
(33,33),(24,4):0.000000
(33,33),(27,4):0.000000
(33,33),(27,5):0.000000
(33,33),(26,5):0.000000
(33,33),(26,10):0.000000
(33,33),(8,10):0.000000
(33,33),(8,11):0.000000
(33,33),(12,11):0.000000
(33,33),(12,12):0.000000
(33,33),(13,12):0.000000
(33,33),(13,14):0.000000
(33,33),(28,14):0.000000
(33,33),(28,16):0.000000
(33,33),(23,16):0.000000
(33,33),(23,19):0.000000
(33,33),(25,19):0.000000
(33,33),(25,22):0.000000
(33,33),(30,22):6.833333
(33,33),(30,28):20.883333
(33,33),(31,28):11.750000
(33,33),(31,29):22.500000
(33,33),(32,29):25.125000
(34,33),(34,34):5.000000
(34,33),(29,34):5.000000
(34,33),(29,25):2.833333
(34,33),(21,25):0.000000
(34,33),(21,21):0.000000
(34,33),(22,21):0.000000
(34,33),(22,20):0.000000
(34,33),(19,20):0.000000
(34,33),(19,27):0.000000
(34,33),(18,27):0.000000
(34,33),(18,31):0.000000
(34,33),(6,31):0.000000
(34,33),(6,32):0.000000
(34,33),(3,32):0.000000
(34,33),(3,17):0.000000
(34,33),(4,17):0.000000
(34,33),(4,23):0.000000
(34,33),(5,23):0.000000
(34,33),(5,30):0.000000
(34,33),(9,30):0.000000
(34,33),(9,26):0.000000
(34,33),(17,26):0.000000
(34,33),(17,18):0.000000
(34,33),(20,18):0.000000
(34,33),(20,15):0.000000
(34,33),(11,15):0.000000
(34,33),(11,13):0.000000
(34,33),(2,13):0.000000
(34,33),(2,7):0.000000
(34,33),(1,7):0.000000
(34,33),(1,2):0.000000
(34,33),(7,2):0.000000
(34,33),(7,3):0.000000
(34,33),(10,3):0.000000
(34,33),(10,9):0.000000
(34,33),(14,9):0.000000
(34,33),(14,1):0.000000
(34,33),(15,1):0.000000
(34,33),(15,6):0.000000
(34,33),(16,6):0.000000
(34,33),(16,8):0.000000
(34,33),(24,8):0.000000
(34,33),(24,4):0.000000
(34,33),(27,4):0.000000
(34,33),(27,5):0.000000
(34,33),(26,5):0.000000
(34,33),(26,10):0.000000
(34,33),(8,10):0.000000
(34,33),(8,11):0.000000
(34,33),(12,11):0.000000
(34,33),(12,12):0.000000
(34,33),(13,12):0.000000
(34,33),(13,14):0.000000
(34,33),(28,14):0.000000
(34,33),(28,16):0.000000
(34,33),(23,16):0.000000
(34,33),(23,19):0.000000
(34,33),(25,19):0.000000
(34,33),(25,22):0.000000
(34,33),(30,22):1.000000
(34,33),(30,28):4.300000
(34,33),(31,28):2.000000
(34,33),(31,29):4.250000
(34,33),(32,29):4.125000
(34,34),(29,34):13.000000
(34,34),(29,25):9.500000
(34,34),(21,25):0.000000
(34,34),(21,21):0.000000
(34,34),(22,21):0.000000
(34,34),(22,20):0.000000
(34,34),(19,20):0.000000
(34,34),(19,27):0.000000
(34,34),(18,27):0.000000
(34,34),(18,31):0.000000
(34,34),(6,31):0.000000
(34,34),(6,32):0.000000
(34,34),(3,32):0.000000
(34,34),(3,17):0.000000
(34,34),(4,17):0.000000
(34,34),(4,23):0.000000
(34,34),(5,23):0.000000
(34,34),(5,30):0.000000
(34,34),(9,30):0.000000
(34,34),(9,26):0.000000
(34,34),(17,26):0.000000
(34,34),(17,18):0.000000
(34,34),(20,18):0.000000
(34,34),(20,15):0.000000
(34,34),(11,15):0.000000
(34,34),(11,13):0.000000
(34,34),(2,13):0.000000
(34,34),(2,7):0.000000
(34,34),(1,7):0.000000
(34,34),(1,2):0.000000
(34,34),(7,2):0.000000
(34,34),(7,3):0.000000
(34,34),(10,3):0.000000
(34,34),(10,9):0.000000
(34,34),(14,9):0.000000
(34,34),(14,1):0.000000
(34,34),(15,1):0.000000
(34,34),(15,6):0.000000
(34,34),(16,6):0.000000
(34,34),(16,8):0.000000
(34,34),(24,8):0.000000
(34,34),(24,4):0.000000
(34,34),(27,4):0.000000
(34,34),(27,5):0.000000
(34,34),(26,5):0.000000
(34,34),(26,10):0.000000
(34,34),(8,10):0.000000
(34,34),(8,11):0.000000
(34,34),(12,11):0.000000
(34,34),(12,12):0.000000
(34,34),(13,12):0.000000
(34,34),(13,14):0.000000
(34,34),(28,14):0.000000
(34,34),(28,16):0.000000
(34,34),(23,16):0.000000
(34,34),(23,19):0.000000
(34,34),(25,19):0.000000
(34,34),(25,22):0.000000
(34,34),(30,22):4.500000
(34,34),(30,28):12.300000
(34,34),(31,28):8.000000
(34,34),(31,29):12.250000
(34,34),(32,29):12.125000
(29,34),(29,25):18.000000
(29,34),(21,25):3.000000
(29,34),(21,21):2.125000
(29,34),(22,21):1.785714
(29,34),(22,20):0.357143
(29,34),(19,20):0.000000
(29,34),(19,27):0.000000
(29,34),(18,27):0.000000
(29,34),(18,31):0.000000
(29,34),(6,31):0.000000
(29,34),(6,32):0.000000
(29,34),(3,32):0.000000
(29,34),(3,17):0.000000
(29,34),(4,17):0.000000
(29,34),(4,23):0.000000
(29,34),(5,23):0.000000
(29,34),(5,30):0.000000
(29,34),(9,30):0.000000
(29,34),(9,26):0.000000
(29,34),(17,26):0.000000
(29,34),(17,18):0.000000
(29,34),(20,18):0.000000
(29,34),(20,15):0.000000
(29,34),(11,15):0.000000
(29,34),(11,13):0.000000
(29,34),(2,13):0.000000
(29,34),(2,7):0.000000
(29,34),(1,7):0.000000
(29,34),(1,2):0.000000
(29,34),(7,2):0.000000
(29,34),(7,3):0.000000
(29,34),(10,3):0.000000
(29,34),(10,9):0.000000
(29,34),(14,9):0.000000
(29,34),(14,1):0.000000
(29,34),(15,1):0.000000
(29,34),(15,6):0.000000
(29,34),(16,6):0.000000
(29,34),(16,8):0.000000
(29,34),(24,8):0.000000
(29,34),(24,4):0.000000
(29,34),(27,4):0.000000
(29,34),(27,5):0.000000
(29,34),(26,5):0.000000
(29,34),(26,10):0.000000
(29,34),(8,10):0.000000
(29,34),(8,11):0.000000
(29,34),(12,11):0.000000
(29,34),(12,12):0.000000
(29,34),(13,12):0.000000
(29,34),(13,14):0.000000
(29,34),(28,14):0.000000
(29,34),(28,16):0.000000
(29,34),(23,16):0.000000
(29,34),(23,19):0.000000
(29,34),(25,19):0.000000
(29,34),(25,22):3.375000
(29,34),(30,22):12.000000
(29,34),(30,28):26.299999
(29,34),(31,28):12.000000
(29,34),(31,29):22.750000
(29,34),(32,29):20.958334
(29,25),(21,25):31.210526
(29,25),(21,21):27.458334
(29,25),(22,21):27.494047
(29,25),(22,20):20.157143
(29,25),(19,20):0.800000
(29,25),(19,27):0.000000
(29,25),(18,27):0.002381
(29,25),(18,31):0.000000
(29,25),(6,31):0.000000
(29,25),(6,32):0.000000
(29,25),(3,32):0.000000
(29,25),(3,17):0.000000
(29,25),(4,17):0.000000
(29,25),(4,23):0.000000
(29,25),(5,23):0.000000
(29,25),(5,30):0.000000
(29,25),(9,30):0.000000
(29,25),(9,26):0.000000
(29,25),(17,26):0.062821
(29,25),(17,18):0.847619
(29,25),(20,18):6.258333
(29,25),(20,15):11.160714
(29,25),(11,15):0.000000
(29,25),(11,13):0.000000
(29,25),(2,13):0.000000
(29,25),(2,7):0.000000
(29,25),(1,7):0.000000
(29,25),(1,2):0.000000
(29,25),(7,2):0.000000
(29,25),(7,3):0.000000
(29,25),(10,3):0.000000
(29,25),(10,9):0.000000
(29,25),(14,9):0.000000
(29,25),(14,1):0.000000
(29,25),(15,1):0.000000
(29,25),(15,6):0.000000
(29,25),(16,6):0.000000
(29,25),(16,8):0.000000
(29,25),(24,8):0.000000
(29,25),(24,4):0.000000
(29,25),(27,4):0.000000
(29,25),(27,5):0.000000
(29,25),(26,5):0.000000
(29,25),(26,10):0.000000
(29,25),(8,10):0.000000
(29,25),(8,11):0.000000
(29,25),(12,11):0.000000
(29,25),(12,12):0.000000
(29,25),(13,12):0.000000
(29,25),(13,14):0.000000
(29,25),(28,14):0.000000
(29,25),(28,16):0.000000
(29,25),(23,16):7.142596
(29,25),(23,19):19.133333
(29,25),(25,19):16.366667
(29,25),(25,22):32.508335
(29,25),(30,22):36.000000
(29,25),(30,28):19.500000
(29,25),(31,28):10.500000
(29,25),(31,29):12.500000
(29,25),(32,29):10.833333
(21,25),(21,21):27.875000
(21,25),(22,21):32.833332
(21,25),(22,20):24.750000
(21,25),(19,20):3.125000
(21,25),(19,27):0.000000
(21,25),(18,27):0.000000
(21,25),(18,31):0.000000
(21,25),(6,31):0.000000
(21,25),(6,32):0.000000
(21,25),(3,32):0.000000
(21,25),(3,17):0.000000
(21,25),(4,17):0.000000
(21,25),(4,23):0.000000
(21,25),(5,23):0.000000
(21,25),(5,30):0.000000
(21,25),(9,30):0.000000
(21,25),(9,26):0.000000
(21,25),(17,26):0.000000
(21,25),(17,18):4.455303
(21,25),(20,18):10.558333
(21,25),(20,15):13.624542
(21,25),(11,15):0.000000
(21,25),(11,13):0.000000
(21,25),(2,13):0.000000
(21,25),(2,7):0.000000
(21,25),(1,7):0.000000
(21,25),(1,2):0.000000
(21,25),(7,2):0.000000
(21,25),(7,3):0.000000
(21,25),(10,3):0.000000
(21,25),(10,9):0.000000
(21,25),(14,9):0.000000
(21,25),(14,1):0.000000
(21,25),(15,1):0.000000
(21,25),(15,6):0.000000
(21,25),(16,6):0.000000
(21,25),(16,8):0.000000
(21,25),(24,8):0.000000
(21,25),(24,4):0.000000
(21,25),(27,4):0.000000
(21,25),(27,5):0.000000
(21,25),(26,5):0.000000
(21,25),(26,10):0.000000
(21,25),(8,10):0.000000
(21,25),(8,11):0.000000
(21,25),(12,11):0.000000
(21,25),(12,12):0.000000
(21,25),(13,12):0.000000
(21,25),(13,14):0.000000
(21,25),(28,14):0.000000
(21,25),(28,16):0.000000
(21,25),(23,16):7.600000
(21,25),(23,19):24.000000
(21,25),(25,19):21.166666
(21,25),(25,22):36.636364
(21,25),(30,22):27.000000
(21,25),(30,28):4.500000
(21,25),(31,28):0.000000
(21,25),(31,29):0.000000
(21,25),(32,29):0.000000
(21,21),(22,21):27.083334
(21,21),(22,20):18.916666
(21,21),(19,20):0.000000
(21,21),(19,27):0.000000
(21,21),(18,27):0.000000
(21,21),(18,31):0.000000
(21,21),(6,31):0.000000
(21,21),(6,32):0.000000
(21,21),(3,32):0.000000
(21,21),(3,17):0.000000
(21,21),(4,17):0.000000
(21,21),(4,23):0.000000
(21,21),(5,23):0.000000
(21,21),(5,30):0.000000
(21,21),(9,30):0.000000
(21,21),(9,26):0.000000
(21,21),(17,26):0.000000
(21,21),(17,18):0.050000
(21,21),(20,18):5.625000
(21,21),(20,15):10.247619
(21,21),(11,15):0.000000
(21,21),(11,13):0.000000
(21,21),(2,13):0.000000
(21,21),(2,7):0.000000
(21,21),(1,7):0.000000
(21,21),(1,2):0.000000
(21,21),(7,2):0.000000
(21,21),(7,3):0.000000
(21,21),(10,3):0.000000
(21,21),(10,9):0.000000
(21,21),(14,9):0.000000
(21,21),(14,1):0.000000
(21,21),(15,1):0.000000
(21,21),(15,6):0.000000
(21,21),(16,6):0.000000
(21,21),(16,8):0.000000
(21,21),(24,8):0.000000
(21,21),(24,4):0.000000
(21,21),(27,4):0.000000
(21,21),(27,5):0.000000
(21,21),(26,5):0.000000
(21,21),(26,10):0.000000
(21,21),(8,10):0.000000
(21,21),(8,11):0.000000
(21,21),(12,11):0.000000
(21,21),(12,12):0.000000
(21,21),(13,12):0.000000
(21,21),(13,14):0.000000
(21,21),(28,14):0.000000
(21,21),(28,16):0.000000
(21,21),(23,16):5.600000
(21,21),(23,19):18.000000
(21,21),(25,19):15.666667
(21,21),(25,22):28.125000
(21,21),(30,22):24.125000
(21,21),(30,28):2.852273
(21,21),(31,28):0.000000
(21,21),(31,29):0.000000
(21,21),(32,29):0.000000
(22,21),(22,20):30.352381
(22,21),(19,20):8.400000
(22,21),(19,27):0.000000
(22,21),(18,27):0.000000
(22,21),(18,31):0.000000
(22,21),(6,31):0.000000
(22,21),(6,32):0.000000
(22,21),(3,32):0.000000
(22,21),(3,17):0.000000
(22,21),(4,17):0.000000
(22,21),(4,23):0.000000
(22,21),(5,23):0.000000
(22,21),(5,30):0.000000
(22,21),(9,30):0.000000
(22,21),(9,26):0.000000
(22,21),(17,26):0.000000
(22,21),(17,18):5.466667
(22,21),(20,18):15.858334
(22,21),(20,15):18.947618
(22,21),(11,15):1.300000
(22,21),(11,13):0.000000
(22,21),(2,13):0.000000
(22,21),(2,7):0.000000
(22,21),(1,7):0.000000
(22,21),(1,2):0.000000
(22,21),(7,2):0.000000
(22,21),(7,3):0.000000
(22,21),(10,3):0.000000
(22,21),(10,9):0.000000
(22,21),(14,9):0.000000
(22,21),(14,1):0.000000
(22,21),(15,1):0.000000
(22,21),(15,6):0.000000
(22,21),(16,6):0.000000
(22,21),(16,8):0.000000
(22,21),(24,8):0.000000
(22,21),(24,4):0.000000
(22,21),(27,4):0.000000
(22,21),(27,5):0.000000
(22,21),(26,5):0.000000
(22,21),(26,10):0.000000
(22,21),(8,10):0.000000
(22,21),(8,11):0.000000
(22,21),(12,11):0.000000
(22,21),(12,12):0.000000
(22,21),(13,12):0.000000
(22,21),(13,14):1.725397
(22,21),(28,14):2.600000
(22,21),(28,16):2.400000
(22,21),(23,16):13.000000
(22,21),(23,19):29.000000
(22,21),(25,19):21.666666
(22,21),(25,22):33.869049
(22,21),(30,22):23.119047
(22,21),(30,28):2.306548
(22,21),(31,28):0.000000
(22,21),(31,29):0.000000
(22,21),(32,29):0.000000
(22,20),(19,20):22.500000
(22,20),(19,27):4.000000
(22,20),(18,27):4.285714
(22,20),(18,31):2.000000
(22,20),(6,31):0.000000
(22,20),(6,32):0.000000
(22,20),(3,32):0.000000
(22,20),(3,17):0.000000
(22,20),(4,17):0.000000
(22,20),(4,23):0.000000
(22,20),(5,23):0.000000
(22,20),(5,30):0.000000
(22,20),(9,30):0.000000
(22,20),(9,26):0.000000
(22,20),(17,26):4.666667
(22,20),(17,18):15.466666
(22,20),(20,18):33.958332
(22,20),(20,15):31.247620
(22,20),(11,15):3.575000
(22,20),(11,13):0.000000
(22,20),(2,13):0.000000
(22,20),(2,7):0.000000
(22,20),(1,7):0.000000
(22,20),(1,2):0.000000
(22,20),(7,2):0.000000
(22,20),(7,3):0.000000
(22,20),(10,3):0.000000
(22,20),(10,9):0.000000
(22,20),(14,9):0.000000
(22,20),(14,1):0.000000
(22,20),(15,1):0.000000
(22,20),(15,6):0.000000
(22,20),(16,6):0.000000
(22,20),(16,8):0.000000
(22,20),(24,8):0.000000
(22,20),(24,4):0.000000
(22,20),(27,4):0.000000
(22,20),(27,5):0.000000
(22,20),(26,5):0.000000
(22,20),(26,10):0.000000
(22,20),(8,10):0.000000
(22,20),(8,11):0.000000
(22,20),(12,11):0.000000
(22,20),(12,12):0.000000
(22,20),(13,12):0.000000
(22,20),(13,14):4.303448
(22,20),(28,14):8.500000
(22,20),(28,16):6.700000
(22,20),(23,16):26.700001
(22,20),(23,19):44.200001
(22,20),(25,19):23.000000
(22,20),(25,22):32.890476
(22,20),(30,22):16.023809
(22,20),(30,28):0.380952
(22,20),(31,28):0.000000
(22,20),(31,29):0.000000
(22,20),(32,29):0.000000
(19,20),(19,27):18.166666
(19,20),(18,27):25.309525
(19,20),(18,31):16.023809
(19,20),(6,31):6.523809
(19,20),(6,32):0.000000
(19,20),(3,32):0.000000
(19,20),(3,17):0.000000
(19,20),(4,17):0.000000
(19,20),(4,23):0.000000
(19,20),(5,23):0.000000
(19,20),(5,30):2.000000
(19,20),(9,30):9.857142
(19,20),(9,26):9.023809
(19,20),(17,26):25.690475
(19,20),(17,18):30.523809
(19,20),(20,18):27.333334
(19,20),(20,15):16.375000
(19,20),(11,15):2.750000
(19,20),(11,13):0.000000
(19,20),(2,13):0.000000
(19,20),(2,7):0.000000
(19,20),(1,7):0.000000
(19,20),(1,2):0.000000
(19,20),(7,2):0.000000
(19,20),(7,3):0.000000
(19,20),(10,3):0.000000
(19,20),(10,9):0.000000
(19,20),(14,9):0.000000
(19,20),(14,1):0.000000
(19,20),(15,1):0.000000
(19,20),(15,6):0.000000
(19,20),(16,6):0.000000
(19,20),(16,8):0.000000
(19,20),(24,8):0.000000
(19,20),(24,4):0.000000
(19,20),(27,4):0.000000
(19,20),(27,5):0.000000
(19,20),(26,5):0.000000
(19,20),(26,10):0.000000
(19,20),(8,10):0.000000
(19,20),(8,11):0.000000
(19,20),(12,11):0.000000
(19,20),(12,12):0.000000
(19,20),(13,12):0.000000
(19,20),(13,14):3.600000
(19,20),(28,14):6.000000
(19,20),(28,16):5.000000
(19,20),(23,16):21.000000
(19,20),(23,19):22.500000
(19,20),(25,19):8.333333
(19,20),(25,22):9.000000
(19,20),(30,22):0.000000
(19,20),(30,28):0.000000
(19,20),(31,28):0.000000
(19,20),(31,29):0.000000
(19,20),(32,29):0.000000
(19,27),(18,27):26.000000
(19,27),(18,31):17.000000
(19,27),(6,31):0.000000
(19,27),(6,32):0.000000
(19,27),(3,32):0.000000
(19,27),(3,17):0.000000
(19,27),(4,17):0.000000
(19,27),(4,23):0.000000
(19,27),(5,23):0.000000
(19,27),(5,30):0.000000
(19,27),(9,30):10.833333
(19,27),(9,26):10.000000
(19,27),(17,26):26.000000
(19,27),(17,18):18.000000
(19,27),(20,18):8.000000
(19,27),(20,15):0.000000
(19,27),(11,15):0.000000
(19,27),(11,13):0.000000
(19,27),(2,13):0.000000
(19,27),(2,7):0.000000
(19,27),(1,7):0.000000
(19,27),(1,2):0.000000
(19,27),(7,2):0.000000
(19,27),(7,3):0.000000
(19,27),(10,3):0.000000
(19,27),(10,9):0.000000
(19,27),(14,9):0.000000
(19,27),(14,1):0.000000
(19,27),(15,1):0.000000
(19,27),(15,6):0.000000
(19,27),(16,6):0.000000
(19,27),(16,8):0.000000
(19,27),(24,8):0.000000
(19,27),(24,4):0.000000
(19,27),(27,4):0.000000
(19,27),(27,5):0.000000
(19,27),(26,5):0.000000
(19,27),(26,10):0.000000
(19,27),(8,10):0.000000
(19,27),(8,11):0.000000
(19,27),(12,11):0.000000
(19,27),(12,12):0.000000
(19,27),(13,12):0.000000
(19,27),(13,14):0.000000
(19,27),(28,14):0.000000
(19,27),(28,16):0.000000
(19,27),(23,16):3.333333
(19,27),(23,19):4.500000
(19,27),(25,19):2.333333
(19,27),(25,22):0.000000
(19,27),(30,22):0.000000
(19,27),(30,28):0.000000
(19,27),(31,28):0.000000
(19,27),(31,29):0.000000
(19,27),(32,29):0.000000
(18,27),(18,31):54.500000
(18,27),(6,31):24.000000
(18,27),(6,32):0.000000
(18,27),(3,32):0.000000
(18,27),(3,17):0.000000
(18,27),(4,17):0.000000
(18,27),(4,23):0.000000
(18,27),(5,23):0.000000
(18,27),(5,30):10.500000
(18,27),(9,30):48.333332
(18,27),(9,26):46.000000
(18,27),(17,26):63.285713
(18,27),(17,18):22.285715
(18,27),(20,18):8.285714
(18,27),(20,15):0.000000
(18,27),(11,15):0.000000
(18,27),(11,13):0.000000
(18,27),(2,13):0.000000
(18,27),(2,7):0.000000
(18,27),(1,7):0.000000
(18,27),(1,2):0.000000
(18,27),(7,2):0.000000
(18,27),(7,3):0.000000
(18,27),(10,3):0.000000
(18,27),(10,9):0.000000
(18,27),(14,9):0.000000
(18,27),(14,1):0.000000
(18,27),(15,1):0.000000
(18,27),(15,6):0.000000
(18,27),(16,6):0.000000
(18,27),(16,8):0.000000
(18,27),(24,8):0.000000
(18,27),(24,4):0.000000
(18,27),(27,4):0.000000
(18,27),(27,5):0.000000
(18,27),(26,5):0.000000
(18,27),(26,10):0.000000
(18,27),(8,10):0.000000
(18,27),(8,11):0.000000
(18,27),(12,11):0.000000
(18,27),(12,12):0.000000
(18,27),(13,12):0.000000
(18,27),(13,14):0.000000
(18,27),(28,14):0.000000
(18,27),(28,16):0.000000
(18,27),(23,16):3.473684
(18,27),(23,19):4.785714
(18,27),(25,19):2.404762
(18,27),(25,22):0.024845
(18,27),(30,22):0.000000
(18,27),(30,28):0.000000
(18,27),(31,28):0.000000
(18,27),(31,29):0.000000
(18,27),(32,29):0.000000
(18,31),(6,31):28.653847
(18,31),(6,32):3.153846
(18,31),(3,32):4.653846
(18,31),(3,17):2.230769
(18,31),(4,17):1.115385
(18,31),(4,23):2.225275
(18,31),(5,23):2.153846
(18,31),(5,30):15.153846
(18,31),(9,30):51.250000
(18,31),(9,26):45.000000
(18,31),(17,26):54.000000
(18,31),(17,18):13.000000
(18,31),(20,18):5.000000
(18,31),(20,15):0.000000
(18,31),(11,15):0.000000
(18,31),(11,13):0.000000
(18,31),(2,13):0.000000
(18,31),(2,7):0.000000
(18,31),(1,7):0.000000
(18,31),(1,2):0.000000
(18,31),(7,2):0.000000
(18,31),(7,3):0.000000
(18,31),(10,3):0.000000
(18,31),(10,9):0.000000
(18,31),(14,9):0.000000
(18,31),(14,1):0.000000
(18,31),(15,1):0.000000
(18,31),(15,6):0.000000
(18,31),(16,6):0.000000
(18,31),(16,8):0.000000
(18,31),(24,8):0.000000
(18,31),(24,4):0.000000
(18,31),(27,4):0.000000
(18,31),(27,5):0.000000
(18,31),(26,5):0.000000
(18,31),(26,10):0.000000
(18,31),(8,10):0.000000
(18,31),(8,11):0.000000
(18,31),(12,11):0.000000
(18,31),(12,12):0.000000
(18,31),(13,12):0.000000
(18,31),(13,14):0.000000
(18,31),(28,14):0.000000
(18,31),(28,16):0.000000
(18,31),(23,16):1.833333
(18,31),(23,19):2.375000
(18,31),(25,19):1.250000
(18,31),(25,22):0.000000
(18,31),(30,22):0.000000
(18,31),(30,28):0.000000
(18,31),(31,28):0.000000
(18,31),(31,29):0.000000
(18,31),(32,29):0.000000
(6,31),(6,32):8.000000
(6,31),(3,32):9.500000
(6,31),(3,17):6.307693
(6,31),(4,17):3.500000
(6,31),(4,23):6.285714
(6,31),(5,23):6.000000
(6,31),(5,30):20.000000
(6,31),(9,30):30.000000
(6,31),(9,26):22.500000
(6,31),(17,26):23.500000
(6,31),(17,18):3.833333
(6,31),(20,18):0.000000
(6,31),(20,15):0.000000
(6,31),(11,15):0.000000
(6,31),(11,13):0.000000
(6,31),(2,13):0.000000
(6,31),(2,7):0.000000
(6,31),(1,7):0.000000
(6,31),(1,2):0.000000
(6,31),(7,2):0.000000
(6,31),(7,3):0.000000
(6,31),(10,3):0.000000
(6,31),(10,9):0.000000
(6,31),(14,9):0.000000
(6,31),(14,1):0.000000
(6,31),(15,1):0.000000
(6,31),(15,6):0.000000
(6,31),(16,6):0.000000
(6,31),(16,8):0.000000
(6,31),(24,8):0.000000
(6,31),(24,4):0.000000
(6,31),(27,4):0.000000
(6,31),(27,5):0.000000
(6,31),(26,5):0.000000
(6,31),(26,10):0.000000
(6,31),(8,10):0.000000
(6,31),(8,11):0.000000
(6,31),(12,11):0.000000
(6,31),(12,12):0.000000
(6,31),(13,12):0.000000
(6,31),(13,14):0.000000
(6,31),(28,14):0.000000
(6,31),(28,16):0.000000
(6,31),(23,16):0.000000
(6,31),(23,19):0.000000
(6,31),(25,19):0.000000
(6,31),(25,22):0.000000
(6,31),(30,22):0.000000
(6,31),(30,28):0.000000
(6,31),(31,28):0.000000
(6,31),(31,29):0.000000
(6,31),(32,29):0.000000
(6,32),(3,32):10.000000
(6,32),(3,17):8.307693
(6,32),(4,17):5.000000
(6,32),(4,23):8.285714
(6,32),(5,23):8.000000
(6,32),(5,30):10.000000
(6,32),(9,30):4.500000
(6,32),(9,26):0.000000
(6,32),(17,26):0.000000
(6,32),(17,18):0.000000
(6,32),(20,18):0.000000
(6,32),(20,15):0.000000
(6,32),(11,15):0.000000
(6,32),(11,13):0.000000
(6,32),(2,13):0.000000
(6,32),(2,7):0.000000
(6,32),(1,7):0.000000
(6,32),(1,2):0.000000
(6,32),(7,2):0.000000
(6,32),(7,3):0.000000
(6,32),(10,3):0.000000
(6,32),(10,9):0.000000
(6,32),(14,9):0.000000
(6,32),(14,1):0.000000
(6,32),(15,1):0.000000
(6,32),(15,6):0.000000
(6,32),(16,6):0.000000
(6,32),(16,8):0.000000
(6,32),(24,8):0.000000
(6,32),(24,4):0.000000
(6,32),(27,4):0.000000
(6,32),(27,5):0.000000
(6,32),(26,5):0.000000
(6,32),(26,10):0.000000
(6,32),(8,10):0.000000
(6,32),(8,11):0.000000
(6,32),(12,11):0.000000
(6,32),(12,12):0.000000
(6,32),(13,12):0.000000
(6,32),(13,14):0.000000
(6,32),(28,14):0.000000
(6,32),(28,16):0.000000
(6,32),(23,16):0.000000
(6,32),(23,19):0.000000
(6,32),(25,19):0.000000
(6,32),(25,22):0.000000
(6,32),(30,22):0.000000
(6,32),(30,28):0.000000
(6,32),(31,28):0.000000
(6,32),(31,29):0.000000
(6,32),(32,29):0.000000
(3,32),(3,17):21.307692
(3,32),(4,17):15.000000
(3,32),(4,23):24.285715
(3,32),(5,23):18.000000
(3,32),(5,30):24.928572
(3,32),(9,30):6.000000
(3,32),(9,26):0.000000
(3,32),(17,26):0.000000
(3,32),(17,18):0.000000
(3,32),(20,18):0.000000
(3,32),(20,15):0.000000
(3,32),(11,15):0.000000
(3,32),(11,13):0.000000
(3,32),(2,13):0.000000
(3,32),(2,7):0.000000
(3,32),(1,7):0.000000
(3,32),(1,2):0.000000
(3,32),(7,2):0.000000
(3,32),(7,3):0.000000
(3,32),(10,3):0.000000
(3,32),(10,9):0.000000
(3,32),(14,9):0.000000
(3,32),(14,1):0.000000
(3,32),(15,1):0.000000
(3,32),(15,6):0.000000
(3,32),(16,6):0.000000
(3,32),(16,8):0.000000
(3,32),(24,8):0.000000
(3,32),(24,4):0.000000
(3,32),(27,4):0.000000
(3,32),(27,5):0.000000
(3,32),(26,5):0.000000
(3,32),(26,10):0.000000
(3,32),(8,10):0.000000
(3,32),(8,11):0.000000
(3,32),(12,11):0.000000
(3,32),(12,12):0.000000
(3,32),(13,12):0.000000
(3,32),(13,14):0.000000
(3,32),(28,14):0.000000
(3,32),(28,16):0.000000
(3,32),(23,16):0.000000
(3,32),(23,19):0.000000
(3,32),(25,19):0.000000
(3,32),(25,22):0.000000
(3,32),(30,22):0.000000
(3,32),(30,28):0.000000
(3,32),(31,28):0.000000
(3,32),(31,29):0.000000
(3,32),(32,29):0.000000
(3,17),(4,17):15.000000
(3,17),(4,23):21.285715
(3,17),(5,23):15.000000
(3,17),(5,30):18.736263
(3,17),(9,30):3.463415
(3,17),(9,26):0.000000
(3,17),(17,26):0.000000
(3,17),(17,18):0.000000
(3,17),(20,18):0.000000
(3,17),(20,15):0.000000
(3,17),(11,15):0.000000
(3,17),(11,13):0.000000
(3,17),(2,13):0.000000
(3,17),(2,7):0.000000
(3,17),(1,7):0.000000
(3,17),(1,2):0.000000
(3,17),(7,2):0.000000
(3,17),(7,3):0.000000
(3,17),(10,3):0.000000
(3,17),(10,9):0.000000
(3,17),(14,9):0.000000
(3,17),(14,1):0.000000
(3,17),(15,1):0.000000
(3,17),(15,6):0.000000
(3,17),(16,6):0.000000
(3,17),(16,8):0.000000
(3,17),(24,8):0.000000
(3,17),(24,4):0.000000
(3,17),(27,4):0.000000
(3,17),(27,5):0.000000
(3,17),(26,5):0.000000
(3,17),(26,10):0.000000
(3,17),(8,10):0.000000
(3,17),(8,11):0.000000
(3,17),(12,11):0.000000
(3,17),(12,12):0.000000
(3,17),(13,12):0.000000
(3,17),(13,14):0.000000
(3,17),(28,14):0.000000
(3,17),(28,16):0.000000
(3,17),(23,16):0.000000
(3,17),(23,19):0.000000
(3,17),(25,19):0.000000
(3,17),(25,22):0.000000
(3,17),(30,22):0.000000
(3,17),(30,28):0.000000
(3,17),(31,28):0.000000
(3,17),(31,29):0.000000
(3,17),(32,29):0.000000
(4,17),(4,23):15.000000
(4,17),(5,23):9.000000
(4,17),(5,30):12.428572
(4,17),(9,30):1.833333
(4,17),(9,26):0.000000
(4,17),(17,26):0.000000
(4,17),(17,18):0.000000
(4,17),(20,18):0.000000
(4,17),(20,15):0.000000
(4,17),(11,15):0.000000
(4,17),(11,13):0.000000
(4,17),(2,13):0.000000
(4,17),(2,7):0.000000
(4,17),(1,7):0.000000
(4,17),(1,2):0.000000
(4,17),(7,2):0.000000
(4,17),(7,3):0.000000
(4,17),(10,3):0.000000
(4,17),(10,9):0.000000
(4,17),(14,9):0.000000
(4,17),(14,1):0.000000
(4,17),(15,1):0.000000
(4,17),(15,6):0.000000
(4,17),(16,6):0.000000
(4,17),(16,8):0.000000
(4,17),(24,8):0.000000
(4,17),(24,4):0.000000
(4,17),(27,4):0.000000
(4,17),(27,5):0.000000
(4,17),(26,5):0.000000
(4,17),(26,10):0.000000
(4,17),(8,10):0.000000
(4,17),(8,11):0.000000
(4,17),(12,11):0.000000
(4,17),(12,12):0.000000
(4,17),(13,12):0.000000
(4,17),(13,14):0.000000
(4,17),(28,14):0.000000
(4,17),(28,16):0.000000
(4,17),(23,16):0.000000
(4,17),(23,19):0.000000
(4,17),(25,19):0.000000
(4,17),(25,22):0.000000
(4,17),(30,22):0.000000
(4,17),(30,28):0.000000
(4,17),(31,28):0.000000
(4,17),(31,29):0.000000
(4,17),(32,29):0.000000
(4,23),(5,23):18.000000
(4,23),(5,30):21.714285
(4,23),(9,30):3.454545
(4,23),(9,26):0.000000
(4,23),(17,26):0.000000
(4,23),(17,18):0.000000
(4,23),(20,18):0.000000
(4,23),(20,15):0.000000
(4,23),(11,15):0.000000
(4,23),(11,13):0.000000
(4,23),(2,13):0.000000
(4,23),(2,7):0.000000
(4,23),(1,7):0.000000
(4,23),(1,2):0.000000
(4,23),(7,2):0.000000
(4,23),(7,3):0.000000
(4,23),(10,3):0.000000
(4,23),(10,9):0.000000
(4,23),(14,9):0.000000
(4,23),(14,1):0.000000
(4,23),(15,1):0.000000
(4,23),(15,6):0.000000
(4,23),(16,6):0.000000
(4,23),(16,8):0.000000
(4,23),(24,8):0.000000
(4,23),(24,4):0.000000
(4,23),(27,4):0.000000
(4,23),(27,5):0.000000
(4,23),(26,5):0.000000
(4,23),(26,10):0.000000
(4,23),(8,10):0.000000
(4,23),(8,11):0.000000
(4,23),(12,11):0.000000
(4,23),(12,12):0.000000
(4,23),(13,12):0.000000
(4,23),(13,14):0.000000
(4,23),(28,14):0.000000
(4,23),(28,16):0.000000
(4,23),(23,16):0.000000
(4,23),(23,19):0.000000
(4,23),(25,19):0.000000
(4,23),(25,22):0.000000
(4,23),(30,22):0.000000
(4,23),(30,28):0.000000
(4,23),(31,28):0.000000
(4,23),(31,29):0.000000
(4,23),(32,29):0.000000
(5,23),(5,30):18.000000
(5,23),(9,30):3.333333
(5,23),(9,26):0.000000
(5,23),(17,26):0.000000
(5,23),(17,18):0.000000
(5,23),(20,18):0.000000
(5,23),(20,15):0.000000
(5,23),(11,15):0.000000
(5,23),(11,13):0.000000
(5,23),(2,13):0.000000
(5,23),(2,7):0.000000
(5,23),(1,7):0.000000
(5,23),(1,2):0.000000
(5,23),(7,2):0.000000
(5,23),(7,3):0.000000
(5,23),(10,3):0.000000
(5,23),(10,9):0.000000
(5,23),(14,9):0.000000
(5,23),(14,1):0.000000
(5,23),(15,1):0.000000
(5,23),(15,6):0.000000
(5,23),(16,6):0.000000
(5,23),(16,8):0.000000
(5,23),(24,8):0.000000
(5,23),(24,4):0.000000
(5,23),(27,4):0.000000
(5,23),(27,5):0.000000
(5,23),(26,5):0.000000
(5,23),(26,10):0.000000
(5,23),(8,10):0.000000
(5,23),(8,11):0.000000
(5,23),(12,11):0.000000
(5,23),(12,12):0.000000
(5,23),(13,12):0.000000
(5,23),(13,14):0.000000
(5,23),(28,14):0.000000
(5,23),(28,16):0.000000
(5,23),(23,16):0.000000
(5,23),(23,19):0.000000
(5,23),(25,19):0.000000
(5,23),(25,22):0.000000
(5,23),(30,22):0.000000
(5,23),(30,28):0.000000
(5,23),(31,28):0.000000
(5,23),(31,29):0.000000
(5,23),(32,29):0.000000
(5,30),(9,30):16.500000
(5,30),(9,26):9.000000
(5,30),(17,26):10.000000
(5,30),(17,18):1.000000
(5,30),(20,18):0.000000
(5,30),(20,15):0.000000
(5,30),(11,15):0.000000
(5,30),(11,13):0.000000
(5,30),(2,13):0.000000
(5,30),(2,7):0.000000
(5,30),(1,7):0.000000
(5,30),(1,2):0.000000
(5,30),(7,2):0.000000
(5,30),(7,3):0.000000
(5,30),(10,3):0.000000
(5,30),(10,9):0.000000
(5,30),(14,9):0.000000
(5,30),(14,1):0.000000
(5,30),(15,1):0.000000
(5,30),(15,6):0.000000
(5,30),(16,6):0.000000
(5,30),(16,8):0.000000
(5,30),(24,8):0.000000
(5,30),(24,4):0.000000
(5,30),(27,4):0.000000
(5,30),(27,5):0.000000
(5,30),(26,5):0.000000
(5,30),(26,10):0.000000
(5,30),(8,10):0.000000
(5,30),(8,11):0.000000
(5,30),(12,11):0.000000
(5,30),(12,12):0.000000
(5,30),(13,12):0.000000
(5,30),(13,14):0.000000
(5,30),(28,14):0.000000
(5,30),(28,16):0.000000
(5,30),(23,16):0.000000
(5,30),(23,19):0.000000
(5,30),(25,19):0.000000
(5,30),(25,22):0.000000
(5,30),(30,22):0.000000
(5,30),(30,28):0.000000
(5,30),(31,28):0.000000
(5,30),(31,29):0.000000
(5,30),(32,29):0.000000
(9,30),(9,26):45.833332
(9,30),(17,26):47.833332
(9,30),(17,18):6.833333
(9,30),(20,18):0.000000
(9,30),(20,15):0.000000
(9,30),(11,15):0.000000
(9,30),(11,13):0.000000
(9,30),(2,13):0.000000
(9,30),(2,7):0.000000
(9,30),(1,7):0.000000
(9,30),(1,2):0.000000
(9,30),(7,2):0.000000
(9,30),(7,3):0.000000
(9,30),(10,3):0.000000
(9,30),(10,9):0.000000
(9,30),(14,9):0.000000
(9,30),(14,1):0.000000
(9,30),(15,1):0.000000
(9,30),(15,6):0.000000
(9,30),(16,6):0.000000
(9,30),(16,8):0.000000
(9,30),(24,8):0.000000
(9,30),(24,4):0.000000
(9,30),(27,4):0.000000
(9,30),(27,5):0.000000
(9,30),(26,5):0.000000
(9,30),(26,10):0.000000
(9,30),(8,10):0.000000
(9,30),(8,11):0.000000
(9,30),(12,11):0.000000
(9,30),(12,12):0.000000
(9,30),(13,12):0.000000
(9,30),(13,14):0.000000
(9,30),(28,14):0.000000
(9,30),(28,16):0.000000
(9,30),(23,16):0.000000
(9,30),(23,19):0.000000
(9,30),(25,19):0.000000
(9,30),(25,22):0.000000
(9,30),(30,22):0.000000
(9,30),(30,28):0.000000
(9,30),(31,28):0.000000
(9,30),(31,29):0.000000
(9,30),(32,29):0.000000
(9,26),(17,26):46.000000
(9,26),(17,18):6.000000
(9,26),(20,18):0.000000
(9,26),(20,15):0.000000
(9,26),(11,15):0.000000
(9,26),(11,13):0.000000
(9,26),(2,13):0.000000
(9,26),(2,7):0.000000
(9,26),(1,7):0.000000
(9,26),(1,2):0.000000
(9,26),(7,2):0.000000
(9,26),(7,3):0.000000
(9,26),(10,3):0.000000
(9,26),(10,9):0.000000
(9,26),(14,9):0.000000
(9,26),(14,1):0.000000
(9,26),(15,1):0.000000
(9,26),(15,6):0.000000
(9,26),(16,6):0.000000
(9,26),(16,8):0.000000
(9,26),(24,8):0.000000
(9,26),(24,4):0.000000
(9,26),(27,4):0.000000
(9,26),(27,5):0.000000
(9,26),(26,5):0.000000
(9,26),(26,10):0.000000
(9,26),(8,10):0.000000
(9,26),(8,11):0.000000
(9,26),(12,11):0.000000
(9,26),(12,12):0.000000
(9,26),(13,12):0.000000
(9,26),(13,14):0.000000
(9,26),(28,14):0.000000
(9,26),(28,16):0.000000
(9,26),(23,16):0.000000
(9,26),(23,19):0.000000
(9,26),(25,19):0.000000
(9,26),(25,22):0.000000
(9,26),(30,22):0.000000
(9,26),(30,28):0.000000
(9,26),(31,28):0.000000
(9,26),(31,29):0.000000
(9,26),(32,29):0.000000
(17,26),(17,18):22.666666
(17,26),(20,18):8.666667
(17,26),(20,15):0.000000
(17,26),(11,15):0.000000
(17,26),(11,13):0.000000
(17,26),(2,13):0.000000
(17,26),(2,7):0.000000
(17,26),(1,7):0.000000
(17,26),(1,2):0.000000
(17,26),(7,2):0.000000
(17,26),(7,3):0.000000
(17,26),(10,3):0.000000
(17,26),(10,9):0.000000
(17,26),(14,9):0.000000
(17,26),(14,1):0.000000
(17,26),(15,1):0.000000
(17,26),(15,6):0.000000
(17,26),(16,6):0.000000
(17,26),(16,8):0.000000
(17,26),(24,8):0.000000
(17,26),(24,4):0.000000
(17,26),(27,4):0.000000
(17,26),(27,5):0.000000
(17,26),(26,5):0.000000
(17,26),(26,10):0.000000
(17,26),(8,10):0.000000
(17,26),(8,11):0.000000
(17,26),(12,11):0.000000
(17,26),(12,12):0.000000
(17,26),(13,12):0.000000
(17,26),(13,14):0.000000
(17,26),(28,14):0.000000
(17,26),(28,16):0.000000
(17,26),(23,16):3.714286
(17,26),(23,19):5.166667
(17,26),(25,19):2.500000
(17,26),(25,22):0.121212
(17,26),(30,22):0.000000
(17,26),(30,28):0.000000
(17,26),(31,28):0.000000
(17,26),(31,29):0.000000
(17,26),(32,29):0.000000
(17,18),(20,18):19.133333
(17,18),(20,15):7.250000
(17,18),(11,15):0.000000
(17,18),(11,13):0.000000
(17,18),(2,13):0.000000
(17,18),(2,7):0.000000
(17,18),(1,7):0.000000
(17,18),(1,2):0.000000
(17,18),(7,2):0.000000
(17,18),(7,3):0.000000
(17,18),(10,3):0.000000
(17,18),(10,9):0.000000
(17,18),(14,9):0.000000
(17,18),(14,1):0.000000
(17,18),(15,1):0.000000
(17,18),(15,6):0.000000
(17,18),(16,6):0.000000
(17,18),(16,8):0.000000
(17,18),(24,8):0.000000
(17,18),(24,4):0.000000
(17,18),(27,4):0.000000
(17,18),(27,5):0.000000
(17,18),(26,5):0.000000
(17,18),(26,10):0.000000
(17,18),(8,10):0.000000
(17,18),(8,11):0.000000
(17,18),(12,11):0.000000
(17,18),(12,12):0.000000
(17,18),(13,12):0.000000
(17,18),(13,14):0.000000
(17,18),(28,14):0.000000
(17,18),(28,16):0.000000
(17,18),(23,16):11.200000
(17,18),(23,19):15.966666
(17,18),(25,19):9.800000
(17,18),(25,22):8.133333
(17,18),(30,22):0.000000
(17,18),(30,28):0.000000
(17,18),(31,28):0.000000
(17,18),(31,29):0.000000
(17,18),(32,29):0.000000
(20,18),(20,15):26.047619
(20,18),(11,15):5.250000
(20,18),(11,13):0.000000
(20,18),(2,13):0.000000
(20,18),(2,7):0.000000
(20,18),(1,7):0.000000
(20,18),(1,2):0.000000
(20,18),(7,2):0.000000
(20,18),(7,3):0.000000
(20,18),(10,3):0.000000
(20,18),(10,9):0.000000
(20,18),(14,9):0.000000
(20,18),(14,1):0.000000
(20,18),(15,1):0.000000
(20,18),(15,6):0.000000
(20,18),(16,6):0.000000
(20,18),(16,8):0.000000
(20,18),(24,8):0.000000
(20,18),(24,4):0.000000
(20,18),(27,4):0.000000
(20,18),(27,5):0.000000
(20,18),(26,5):0.000000
(20,18),(26,10):0.000000
(20,18),(8,10):0.000000
(20,18),(8,11):0.000000
(20,18),(12,11):0.000000
(20,18),(12,12):0.000000
(20,18),(13,12):0.000000
(20,18),(13,14):6.441176
(20,18),(28,14):10.800000
(20,18),(28,16):9.000000
(20,18),(23,16):26.500000
(20,18),(23,19):31.333334
(20,18),(25,19):12.166667
(20,18),(25,22):18.208334
(20,18),(30,22):4.125000
(20,18),(30,28):0.000000
(20,18),(31,28):0.000000
(20,18),(31,29):0.000000
(20,18),(32,29):0.000000
(20,15),(11,15):17.285715
(20,15),(11,13):3.285714
(20,15),(2,13):0.000000
(20,15),(2,7):0.000000
(20,15),(1,7):0.000000
(20,15),(1,2):0.000000
(20,15),(7,2):0.000000
(20,15),(7,3):0.000000
(20,15),(10,3):0.000000
(20,15),(10,9):0.000000
(20,15),(14,9):0.000000
(20,15),(14,1):0.000000
(20,15),(15,1):0.000000
(20,15),(15,6):0.000000
(20,15),(16,6):0.000000
(20,15),(16,8):0.000000
(20,15),(24,8):0.000000
(20,15),(24,4):0.000000
(20,15),(27,4):0.000000
(20,15),(27,5):0.000000
(20,15),(26,5):0.000000
(20,15),(26,10):0.000000
(20,15),(8,10):0.000000
(20,15),(8,11):0.606061
(20,15),(12,11):1.214286
(20,15),(12,12):2.535714
(20,15),(13,12):2.285714
(20,15),(13,14):21.785715
(20,15),(28,14):26.799999
(20,15),(28,16):20.204166
(20,15),(23,16):30.750000
(20,15),(23,19):30.708334
(20,15),(25,19):12.333333
(20,15),(25,22):21.238094
(20,15),(30,22):8.014286
(20,15),(30,28):0.000000
(20,15),(31,28):0.000000
(20,15),(31,29):0.000000
(20,15),(32,29):0.000000
(11,15),(11,13):8.000000
(11,15),(2,13):3.000000
(11,15),(2,7):0.000000
(11,15),(1,7):0.000000
(11,15),(1,2):0.000000
(11,15),(7,2):0.000000
(11,15),(7,3):0.000000
(11,15),(10,3):0.000000
(11,15),(10,9):0.000000
(11,15),(14,9):0.000000
(11,15),(14,1):0.000000
(11,15),(15,1):0.000000
(11,15),(15,6):0.000000
(11,15),(16,6):0.000000
(11,15),(16,8):0.000000
(11,15),(24,8):0.000000
(11,15),(24,4):0.000000
(11,15),(27,4):0.000000
(11,15),(27,5):0.000000
(11,15),(26,5):0.000000
(11,15),(26,10):0.000000
(11,15),(8,10):0.000000
(11,15),(8,11):4.708333
(11,15),(12,11):4.000000
(11,15),(12,12):7.250000
(11,15),(13,12):6.000000
(11,15),(13,14):21.750000
(11,15),(28,14):17.000000
(11,15),(28,16):12.204166
(11,15),(23,16):9.500000
(11,15),(23,19):3.375000
(11,15),(25,19):0.000000
(11,15),(25,22):0.357143
(11,15),(30,22):0.000000
(11,15),(30,28):0.000000
(11,15),(31,28):0.000000
(11,15),(31,29):0.000000
(11,15),(32,29):0.000000
(11,13),(2,13):33.000000
(11,13),(2,7):27.000000
(11,13),(1,7):0.000000
(11,13),(1,2):21.955555
(11,13),(7,2):21.666666
(11,13),(7,3):24.250000
(11,13),(10,3):22.834286
(11,13),(10,9):15.428572
(11,13),(14,9):6.600000
(11,13),(14,1):0.000000
(11,13),(15,1):0.000000
(11,13),(15,6):0.000000
(11,13),(16,6):0.000000
(11,13),(16,8):0.000000
(11,13),(24,8):2.203318
(11,13),(24,4):0.000000
(11,13),(27,4):0.000000
(11,13),(27,5):0.000000
(11,13),(26,5):0.000000
(11,13),(26,10):4.887931
(11,13),(8,10):24.000000
(11,13),(8,11):34.708332
(11,13),(12,11):22.000000
(11,13),(12,12):29.750000
(11,13),(13,12):15.000000
(11,13),(13,14):16.299999
(11,13),(28,14):3.000000
(11,13),(28,16):0.287500
(11,13),(23,16):0.000000
(11,13),(23,19):0.000000
(11,13),(25,19):0.000000
(11,13),(25,22):0.000000
(11,13),(30,22):0.000000
(11,13),(30,28):0.000000
(11,13),(31,28):0.000000
(11,13),(31,29):0.000000
(11,13),(32,29):0.000000
(2,13),(2,7):81.000000
(2,13),(1,7):37.000000
(2,13),(1,2):75.205559
(2,13),(7,2):55.000000
(2,13),(7,3):78.250000
(2,13),(10,3):71.714287
(2,13),(10,9):68.750000
(2,13),(14,9):10.000000
(2,13),(14,1):0.000000
(2,13),(15,1):0.000000
(2,13),(15,6):0.000000
(2,13),(16,6):0.000000
(2,13),(16,8):0.000000
(2,13),(24,8):3.050000
(2,13),(24,4):0.000000
(2,13),(27,4):0.000000
(2,13),(27,5):0.000000
(2,13),(26,5):0.000000
(2,13),(26,10):9.000000
(2,13),(8,10):77.928574
(2,13),(8,11):73.812500
(2,13),(12,11):20.000000
(2,13),(12,12):25.500000
(2,13),(13,12):11.000000
(2,13),(13,14):11.300000
(2,13),(28,14):0.000000
(2,13),(28,16):0.000000
(2,13),(23,16):0.000000
(2,13),(23,19):0.000000
(2,13),(25,19):0.000000
(2,13),(25,22):0.000000
(2,13),(30,22):0.000000
(2,13),(30,28):0.000000
(2,13),(31,28):0.000000
(2,13),(31,29):0.000000
(2,13),(32,29):0.000000
(2,7),(1,7):42.000000
(2,7),(1,2):81.848412
(2,7),(7,2):60.000000
(2,7),(7,3):84.500000
(2,7),(10,3):76.714287
(2,7),(10,9):76.625000
(2,7),(14,9):13.000000
(2,7),(14,1):0.000000
(2,7),(15,1):0.001894
(2,7),(15,6):0.012821
(2,7),(16,6):0.047619
(2,7),(16,8):0.333333
(2,7),(24,8):5.621428
(2,7),(24,4):0.000000
(2,7),(27,4):0.000000
(2,7),(27,5):0.000000
(2,7),(26,5):0.000000
(2,7),(26,10):12.000000
(2,7),(8,10):85.678574
(2,7),(8,11):72.604164
(2,7),(12,11):15.000000
(2,7),(12,12):19.500000
(2,7),(13,12):8.250000
(2,7),(13,14):5.550000
(2,7),(28,14):0.000000
(2,7),(28,16):0.000000
(2,7),(23,16):0.000000
(2,7),(23,19):0.000000
(2,7),(25,19):0.000000
(2,7),(25,22):0.000000
(2,7),(30,22):0.000000
(2,7),(30,28):0.000000
(2,7),(31,28):0.000000
(2,7),(31,29):0.000000
(2,7),(32,29):0.000000
(1,7),(1,2):41.250000
(1,7),(7,2):30.000000
(1,7),(7,3):42.000000
(1,7),(10,3):36.000000
(1,7),(10,9):41.625000
(1,7),(14,9):0.000000
(1,7),(14,1):0.000000
(1,7),(15,1):0.000000
(1,7),(15,6):0.000000
(1,7),(16,6):0.000000
(1,7),(16,8):0.000000
(1,7),(24,8):0.000000
(1,7),(24,4):0.000000
(1,7),(27,4):0.000000
(1,7),(27,5):0.000000
(1,7),(26,5):0.000000
(1,7),(26,10):0.000000
(1,7),(8,10):41.678570
(1,7),(8,11):33.604168
(1,7),(12,11):0.000000
(1,7),(12,12):0.000000
(1,7),(13,12):0.000000
(1,7),(13,14):0.000000
(1,7),(28,14):0.000000
(1,7),(28,16):0.000000
(1,7),(23,16):0.000000
(1,7),(23,19):0.000000
(1,7),(25,19):0.000000
(1,7),(25,22):0.000000
(1,7),(30,22):0.000000
(1,7),(30,28):0.000000
(1,7),(31,28):0.000000
(1,7),(31,29):0.000000
(1,7),(32,29):0.000000
(1,2),(7,2):56.400002
(1,2),(7,3):80.150002
(1,2),(10,3):72.364288
(1,2),(10,9):71.245132
(1,2),(14,9):10.494470
(1,2),(14,1):0.000000
(1,2),(15,1):0.000000
(1,2),(15,6):0.000000
(1,2),(16,6):0.000000
(1,2),(16,8):0.000000
(1,2),(24,8):4.033688
(1,2),(24,4):0.000000
(1,2),(27,4):0.000000
(1,2),(27,5):0.000000
(1,2),(26,5):0.000000
(1,2),(26,10):9.970705
(1,2),(8,10):79.971428
(1,2),(8,11):67.476387
(1,2),(12,11):11.555555
(1,2),(12,12):15.113450
(1,2),(13,12):6.066667
(1,2),(13,14):4.727273
(1,2),(28,14):0.000000
(1,2),(28,16):0.000000
(1,2),(23,16):0.000000
(1,2),(23,19):0.000000
(1,2),(25,19):0.000000
(1,2),(25,22):0.000000
(1,2),(30,22):0.000000
(1,2),(30,28):0.000000
(1,2),(31,28):0.000000
(1,2),(31,29):0.000000
(1,2),(32,29):0.000000
(7,2),(7,3):60.000000
(7,2),(10,3):54.000000
(7,2),(10,9):53.375000
(7,2),(14,9):7.916667
(7,2),(14,1):0.000000
(7,2),(15,1):0.000000
(7,2),(15,6):0.000000
(7,2),(16,6):0.000000
(7,2),(16,8):0.000000
(7,2),(24,8):2.437500
(7,2),(24,4):0.000000
(7,2),(27,4):0.000000
(7,2),(27,5):0.000000
(7,2),(26,5):0.000000
(7,2),(26,10):6.718750
(7,2),(8,10):59.678570
(7,2),(8,11):59.604168
(7,2),(12,11):10.000000
(7,2),(12,12):14.375000
(7,2),(13,12):5.000000
(7,2),(13,14):4.250000
(7,2),(28,14):0.000000
(7,2),(28,16):0.000000
(7,2),(23,16):0.000000
(7,2),(23,19):0.000000
(7,2),(25,19):0.000000
(7,2),(25,22):0.000000
(7,2),(30,22):0.000000
(7,2),(30,28):0.000000
(7,2),(31,28):0.000000
(7,2),(31,29):0.000000
(7,2),(32,29):0.000000
(7,3),(10,3):76.714287
(7,3),(10,9):74.875000
(7,3),(14,9):11.250000
(7,3),(14,1):0.000000
(7,3),(15,1):0.000000
(7,3),(15,6):0.000000
(7,3),(16,6):0.000000
(7,3),(16,8):0.000000
(7,3),(24,8):4.061905
(7,3),(24,4):0.000000
(7,3),(27,4):0.000000
(7,3),(27,5):0.000000
(7,3),(26,5):0.000000
(7,3),(26,10):10.250000
(7,3),(8,10):83.928574
(7,3),(8,11):69.854164
(7,3),(12,11):12.250000
(7,3),(12,12):16.750000
(7,3),(13,12):6.187500
(7,3),(13,14):4.816667
(7,3),(28,14):0.000000
(7,3),(28,16):0.000000
(7,3),(23,16):0.000000
(7,3),(23,19):0.000000
(7,3),(25,19):0.000000
(7,3),(25,22):0.000000
(7,3),(30,22):0.000000
(7,3),(30,28):0.000000
(7,3),(31,28):0.000000
(7,3),(31,29):0.000000
(7,3),(32,29):0.000000
(10,3),(10,9):68.875000
(10,3),(14,9):11.000000
(10,3),(14,1):0.000000
(10,3),(15,1):0.000000
(10,3),(15,6):0.000000
(10,3),(16,6):0.000000
(10,3),(16,8):0.000000
(10,3),(24,8):3.850000
(10,3),(24,4):0.000000
(10,3),(27,4):0.000000
(10,3),(27,5):0.000000
(10,3),(26,5):0.000000
(10,3),(26,10):10.000000
(10,3),(8,10):76.464287
(10,3),(8,11):62.380951
(10,3),(12,11):10.857142
(10,3),(12,12):15.347619
(10,3),(13,12):5.285714
(10,3),(13,14):4.640701
(10,3),(28,14):0.000000
(10,3),(28,16):0.000000
(10,3),(23,16):0.000000
(10,3),(23,19):0.000000
(10,3),(25,19):0.000000
(10,3),(25,22):0.000000
(10,3),(30,22):0.000000
(10,3),(30,28):0.000000
(10,3),(31,28):0.000000
(10,3),(31,29):0.000000
(10,3),(32,29):0.000000
(10,9),(14,9):27.000000
(10,9),(14,1):1.700000
(10,9),(15,1):1.062500
(10,9),(15,6):2.916667
(10,9),(16,6):2.333333
(10,9),(16,8):13.000000
(10,9),(24,8):19.049999
(10,9),(24,4):2.000000
(10,9),(27,4):0.000000
(10,9),(27,5):0.000000
(10,9),(26,5):3.000000
(10,9),(26,10):26.000000
(10,9),(8,10):90.500000
(10,9),(8,11):60.416668
(10,9),(12,11):4.000000
(10,9),(12,12):8.166667
(10,9),(13,12):1.000000
(10,9),(13,14):4.129546
(10,9),(28,14):0.000000
(10,9),(28,16):0.000000
(10,9),(23,16):0.000000
(10,9),(23,19):0.000000
(10,9),(25,19):0.000000
(10,9),(25,22):0.000000
(10,9),(30,22):0.000000
(10,9),(30,28):0.000000
(10,9),(31,28):0.000000
(10,9),(31,29):0.000000
(10,9),(32,29):0.000000
(14,9),(14,1):10.600000
(14,9),(15,1):9.062500
(14,9),(15,6):14.166667
(14,9),(16,6):8.333333
(14,9),(16,8):30.000000
(14,9),(24,8):31.250000
(14,9),(24,4):4.200000
(14,9),(27,4):0.000000
(14,9),(27,5):0.000000
(14,9),(26,5):5.533333
(14,9),(26,10):36.599998
(14,9),(8,10):36.200001
(14,9),(8,11):9.000000
(14,9),(12,11):0.000000
(14,9),(12,12):2.700000
(14,9),(13,12):0.000000
(14,9),(13,14):1.881341
(14,9),(28,14):0.000000
(14,9),(28,16):0.000000
(14,9),(23,16):0.000000
(14,9),(23,19):0.000000
(14,9),(25,19):0.000000
(14,9),(25,22):0.000000
(14,9),(30,22):0.000000
(14,9),(30,28):0.000000
(14,9),(31,28):0.000000
(14,9),(31,29):0.000000
(14,9),(32,29):0.000000
(14,1),(15,1):9.000000
(14,1),(15,6):10.600000
(14,1),(16,6):5.600000
(14,1),(16,8):6.600000
(14,1),(24,8):3.200000
(14,1),(24,4):0.000000
(14,1),(27,4):0.000000
(14,1),(27,5):0.000000
(14,1),(26,5):0.000000
(14,1),(26,10):3.562500
(14,1),(8,10):1.906452
(14,1),(8,11):0.000000
(14,1),(12,11):0.000000
(14,1),(12,12):0.000000
(14,1),(13,12):0.000000
(14,1),(13,14):0.000000
(14,1),(28,14):0.000000
(14,1),(28,16):0.000000
(14,1),(23,16):0.000000
(14,1),(23,19):0.000000
(14,1),(25,19):0.000000
(14,1),(25,22):0.000000
(14,1),(30,22):0.000000
(14,1),(30,28):0.000000
(14,1),(31,28):0.000000
(14,1),(31,29):0.000000
(14,1),(32,29):0.000000
(15,1),(15,6):9.062500
(15,1),(16,6):4.062500
(15,1),(16,8):5.062500
(15,1),(24,8):2.062500
(15,1),(24,4):0.000000
(15,1),(27,4):0.000000
(15,1),(27,5):0.000000
(15,1),(26,5):0.000000
(15,1),(26,10):2.362500
(15,1),(8,10):1.145833
(15,1),(8,11):0.000000
(15,1),(12,11):0.000000
(15,1),(12,12):0.000000
(15,1),(13,12):0.000000
(15,1),(13,14):0.000000
(15,1),(28,14):0.000000
(15,1),(28,16):0.000000
(15,1),(23,16):0.000000
(15,1),(23,19):0.000000
(15,1),(25,19):0.000000
(15,1),(25,22):0.000000
(15,1),(30,22):0.000000
(15,1),(30,28):0.000000
(15,1),(31,28):0.000000
(15,1),(31,29):0.000000
(15,1),(32,29):0.000000
(15,6),(16,6):8.166667
(15,6),(16,8):10.166667
(15,6),(24,8):5.166667
(15,6),(24,4):0.000000
(15,6),(27,4):0.000000
(15,6),(27,5):0.000000
(15,6),(26,5):0.000000
(15,6),(26,10):5.566667
(15,6),(8,10):3.397436
(15,6),(8,11):0.000000
(15,6),(12,11):0.000000
(15,6),(12,12):0.000000
(15,6),(13,12):0.000000
(15,6),(13,14):0.000000
(15,6),(28,14):0.000000
(15,6),(28,16):0.000000
(15,6),(23,16):0.000000
(15,6),(23,19):0.000000
(15,6),(25,19):0.000000
(15,6),(25,22):0.000000
(15,6),(30,22):0.000000
(15,6),(30,28):0.000000
(15,6),(31,28):0.000000
(15,6),(31,29):0.000000
(15,6),(32,29):0.000000
(16,6),(16,8):8.333333
(16,6),(24,8):4.333333
(16,6),(24,4):0.000000
(16,6),(27,4):0.000000
(16,6),(27,5):0.000000
(16,6),(26,5):0.000000
(16,6),(26,10):4.733333
(16,6),(8,10):2.666667
(16,6),(8,11):0.000000
(16,6),(12,11):0.000000
(16,6),(12,12):0.000000
(16,6),(13,12):0.000000
(16,6),(13,14):0.000000
(16,6),(28,14):0.000000
(16,6),(28,16):0.000000
(16,6),(23,16):0.000000
(16,6),(23,19):0.000000
(16,6),(25,19):0.000000
(16,6),(25,22):0.000000
(16,6),(30,22):0.000000
(16,6),(30,28):0.000000
(16,6),(31,28):0.000000
(16,6),(31,29):0.000000
(16,6),(32,29):0.000000
(16,8),(24,8):25.000000
(16,8),(24,4):4.000000
(16,8),(27,4):0.000000
(16,8),(27,5):0.000000
(16,8),(26,5):5.333333
(16,8),(26,10):25.400000
(16,8),(8,10):22.000000
(16,8),(8,11):0.000000
(16,8),(12,11):0.000000
(16,8),(12,12):0.000000
(16,8),(13,12):0.000000
(16,8),(13,14):0.000000
(16,8),(28,14):0.000000
(16,8),(28,16):0.000000
(16,8),(23,16):0.000000
(16,8),(23,19):0.000000
(16,8),(25,19):0.000000
(16,8),(25,22):0.000000
(16,8),(30,22):0.000000
(16,8),(30,28):0.000000
(16,8),(31,28):0.000000
(16,8),(31,29):0.000000
(16,8),(32,29):0.000000
(24,8),(24,4):12.333333
(24,8),(27,4):4.333333
(24,8),(27,5):2.333333
(24,8),(26,5):13.666667
(24,8),(26,10):37.000000
(24,8),(8,10):28.299999
(24,8),(8,11):2.850000
(24,8),(12,11):0.000000
(24,8),(12,12):1.383333
(24,8),(13,12):0.000000
(24,8),(13,14):0.497988
(24,8),(28,14):0.000000
(24,8),(28,16):0.000000
(24,8),(23,16):0.000000
(24,8),(23,19):0.000000
(24,8),(25,19):0.000000
(24,8),(25,22):0.000000
(24,8),(30,22):0.000000
(24,8),(30,28):0.000000
(24,8),(31,28):0.000000
(24,8),(31,29):0.000000
(24,8),(32,29):0.000000
(24,4),(27,4):5.000000
(24,4),(27,5):3.000000
(24,4),(26,5):13.000000
(24,4),(26,10):12.000000
(24,4),(8,10):4.250000
(24,4),(8,11):0.000000
(24,4),(12,11):0.000000
(24,4),(12,12):0.000000
(24,4),(13,12):0.000000
(24,4),(13,14):0.000000
(24,4),(28,14):0.000000
(24,4),(28,16):0.000000
(24,4),(23,16):0.000000
(24,4),(23,19):0.000000
(24,4),(25,19):0.000000
(24,4),(25,22):0.000000
(24,4),(30,22):0.000000
(24,4),(30,28):0.000000
(24,4),(31,28):0.000000
(24,4),(31,29):0.000000
(24,4),(32,29):0.000000
(27,4),(27,5):3.000000
(27,4),(26,5):5.000000
(27,4),(26,10):4.000000
(27,4),(8,10):0.000000
(27,4),(8,11):0.000000
(27,4),(12,11):0.000000
(27,4),(12,12):0.000000
(27,4),(13,12):0.000000
(27,4),(13,14):0.000000
(27,4),(28,14):0.000000
(27,4),(28,16):0.000000
(27,4),(23,16):0.000000
(27,4),(23,19):0.000000
(27,4),(25,19):0.000000
(27,4),(25,22):0.000000
(27,4),(30,22):0.000000
(27,4),(30,28):0.000000
(27,4),(31,28):0.000000
(27,4),(31,29):0.000000
(27,4),(32,29):0.000000
(27,5),(26,5):3.000000
(27,5),(26,10):2.000000
(27,5),(8,10):0.000000
(27,5),(8,11):0.000000
(27,5),(12,11):0.000000
(27,5),(12,12):0.000000
(27,5),(13,12):0.000000
(27,5),(13,14):0.000000
(27,5),(28,14):0.000000
(27,5),(28,16):0.000000
(27,5),(23,16):0.000000
(27,5),(23,19):0.000000
(27,5),(25,19):0.000000
(27,5),(25,22):0.000000
(27,5),(30,22):0.000000
(27,5),(30,28):0.000000
(27,5),(31,28):0.000000
(27,5),(31,29):0.000000
(27,5),(32,29):0.000000
(26,5),(26,10):13.333333
(26,5),(8,10):5.583333
(26,5),(8,11):0.000000
(26,5),(12,11):0.000000
(26,5),(12,12):0.000000
(26,5),(13,12):0.000000
(26,5),(13,14):0.000000
(26,5),(28,14):0.000000
(26,5),(28,16):0.000000
(26,5),(23,16):0.000000
(26,5),(23,19):0.000000
(26,5),(25,19):0.000000
(26,5),(25,22):0.000000
(26,5),(30,22):0.000000
(26,5),(30,28):0.000000
(26,5),(31,28):0.000000
(26,5),(31,29):0.000000
(26,5),(32,29):0.000000
(26,10),(8,10):35.250000
(26,10),(8,11):7.875000
(26,10),(12,11):0.000000
(26,10),(12,12):0.500000
(26,10),(13,12):0.000000
(26,10),(13,14):2.257752
(26,10),(28,14):0.000000
(26,10),(28,16):0.000000
(26,10),(23,16):0.000000
(26,10),(23,19):0.000000
(26,10),(25,19):0.000000
(26,10),(25,22):0.000000
(26,10),(30,22):0.000000
(26,10),(30,28):0.000000
(26,10),(31,28):0.000000
(26,10),(31,29):0.000000
(26,10),(32,29):0.000000
(8,10),(8,11):69.595238
(8,10),(12,11):12.000000
(8,10),(12,12):16.500000
(8,10),(13,12):6.000000
(8,10),(13,14):4.800000
(8,10),(28,14):0.000000
(8,10),(28,16):0.000000
(8,10),(23,16):0.000000
(8,10),(23,19):0.000000
(8,10),(25,19):0.000000
(8,10),(25,22):0.000000
(8,10),(30,22):0.000000
(8,10),(30,28):0.000000
(8,10),(31,28):0.000000
(8,10),(31,29):0.000000
(8,10),(32,29):0.000000
(8,11),(12,11):20.333334
(8,11),(12,12):26.750000
(8,11),(13,12):12.208333
(8,11),(13,14):13.008333
(8,11),(28,14):0.583333
(8,11),(28,16):0.080550
(8,11),(23,16):0.000000
(8,11),(23,19):0.000000
(8,11),(25,19):0.000000
(8,11),(25,22):0.000000
(8,11),(30,22):0.000000
(8,11),(30,28):0.000000
(8,11),(31,28):0.000000
(8,11),(31,29):0.000000
(8,11),(32,29):0.000000
(12,11),(12,12):22.000000
(12,11),(13,12):12.000000
(12,11),(13,14):7.750000
(12,11),(28,14):1.000000
(12,11),(28,16):0.137500
(12,11),(23,16):0.000000
(12,11),(23,19):0.000000
(12,11),(25,19):0.000000
(12,11),(25,22):0.000000
(12,11),(30,22):0.000000
(12,11),(30,28):0.000000
(12,11),(31,28):0.000000
(12,11),(31,29):0.000000
(12,11),(32,29):0.000000
(12,12),(13,12):15.000000
(12,12),(13,14):11.250000
(12,12),(28,14):2.250000
(12,12),(28,16):0.270833
(12,12),(23,16):0.000000
(12,12),(23,19):0.000000
(12,12),(25,19):0.000000
(12,12),(25,22):0.000000
(12,12),(30,22):0.000000
(12,12),(30,28):0.000000
(12,12),(31,28):0.000000
(12,12),(31,29):0.000000
(12,12),(32,29):0.000000
(13,12),(13,14):7.000000
(13,12),(28,14):2.000000
(13,12),(28,16):0.266667
(13,12),(23,16):0.000000
(13,12),(23,19):0.000000
(13,12),(25,19):0.000000
(13,12),(25,22):0.000000
(13,12),(30,22):0.000000
(13,12),(30,28):0.000000
(13,12),(31,28):0.000000
(13,12),(31,29):0.000000
(13,12),(32,29):0.000000
(13,14),(28,14):21.500000
(13,14),(28,16):16.704166
(13,14),(23,16):14.000000
(13,14),(23,19):4.017857
(13,14),(25,19):0.000000
(13,14),(25,22):0.365915
(13,14),(30,22):0.000000
(13,14),(30,28):0.000000
(13,14),(31,28):0.000000
(13,14),(31,29):0.000000
(13,14),(32,29):0.000000
(28,14),(28,16):20.000000
(28,14),(23,16):19.299999
(28,14),(23,19):8.175000
(28,14),(25,19):0.000000
(28,14),(25,22):2.192230
(28,14),(30,22):0.000000
(28,14),(30,28):0.000000
(28,14),(31,28):0.000000
(28,14),(31,29):0.000000
(28,14),(32,29):0.000000
(28,16),(23,16):17.500000
(28,16),(23,19):6.375000
(28,16),(25,19):0.000000
(28,16),(25,22):1.023810
(28,16),(30,22):0.000000
(28,16),(30,28):0.000000
(28,16),(31,28):0.000000
(28,16),(31,29):0.000000
(28,16),(32,29):0.000000
(23,16),(23,19):28.475000
(23,16),(25,19):12.183333
(23,16),(25,22):15.457143
(23,16),(30,22):4.500000
(23,16),(30,28):0.000000
(23,16),(31,28):0.000000
(23,16),(31,29):0.000000
(23,16),(32,29):0.000000
(23,19),(25,19):26.333334
(23,19),(25,22):32.023811
(23,19),(30,22):14.750000
(23,19),(30,28):0.000000
(23,19),(31,28):0.000000
(23,19),(31,29):0.000000
(23,19),(32,29):0.000000
(25,19),(25,22):22.416666
(25,19),(30,22):12.000000
(25,19),(30,28):0.000000
(25,19),(31,28):0.000000
(25,19),(31,29):0.000000
(25,19),(32,29):0.000000
(25,22),(30,22):27.375000
(25,22),(30,28):4.875000
(25,22),(31,28):0.000000
(25,22),(31,29):0.000000
(25,22),(32,29):0.000000
(30,22),(30,28):13.500000
(30,22),(31,28):6.000000
(30,22),(31,29):6.500000
(30,22),(32,29):5.000000
(30,28),(31,28):12.000000
(30,28),(31,29):20.750000
(30,28),(32,29):18.125000
(31,28),(31,29):12.000000
(31,28),(32,29):10.000000
(31,29),(32,29):20.125000
