32
(14,6):(14,6)	(14,7)	(15,7)	(15,8)	(16,6)	(16,9)	
(16,6):(14,6)	(14,7)	(15,7)	(15,8)	(15,9)	(16,6)	(16,9)	
(16,9):(14,6)	(14,7)	(15,7)	(15,8)	(15,9)	(16,6)	(16,9)	
(15,9):(15,7)	(15,8)	(15,9)	(16,6)	(16,9)	
(15,8):(8,8)	(9,7)	(10,7)	(11,7)	(14,6)	(14,7)	(15,7)	(15,8)	(15,9)	(16,6)	(16,9)	
(8,8):(8,2)	(8,8)	(9,2)	(9,3)	(9,4)	(9,5)	(9,6)	(9,7)	(10,1)	(10,4)	(10,5)	(10,6)	(10,7)	(11,4)	(11,7)	(14,7)	(15,7)	(15,8)	
(8,2):(1,1)	(2,2)	(3,2)	(4,2)	(5,2)	(6,2)	(7,2)	(8,2)	(8,8)	(9,2)	(9,3)	(9,4)	(9,5)	(9,6)	(9,7)	(10,1)	(10,4)	(10,5)	(10,6)	(10,7)	(11,7)	
(7,2):(1,1)	(1,5)	(2,2)	(2,3)	(2,4)	(3,2)	(3,3)	(3,4)	(4,2)	(4,3)	(5,2)	(5,3)	(6,2)	(6,3)	(6,12)	(7,2)	(7,10)	(7,11)	(8,2)	(9,2)	(10,1)	
(7,10):(6,2)	(6,3)	(6,12)	(7,2)	(7,10)	(7,11)	(8,11)	(9,11)	(10,11)	(11,11)	(12,11)	(13,10)	(13,12)	
(13,10):(6,12)	(7,10)	(7,11)	(8,11)	(9,11)	(10,11)	(11,11)	(12,11)	(13,10)	(13,12)	
(13,12):(6,12)	(7,10)	(7,11)	(8,11)	(9,11)	(10,11)	(11,11)	(12,11)	(13,10)	(13,12)	
(6,12):(6,2)	(6,3)	(6,12)	(7,2)	(7,10)	(7,11)	(8,11)	(9,11)	(10,11)	(11,11)	(12,11)	(13,10)	(13,12)	
(6,3):(1,1)	(2,2)	(2,3)	(3,2)	(3,3)	(4,2)	(4,3)	(5,2)	(5,3)	(6,2)	(6,3)	(6,12)	(7,2)	(7,10)	(7,11)	
(5,3):(1,1)	(1,5)	(2,2)	(2,3)	(2,4)	(2,5)	(2,14)	(3,2)	(3,3)	(3,4)	(3,5)	(3,6)	(3,7)	(3,8)	(3,9)	(3,10)	(3,11)	(4,2)	(4,3)	(4,4)	(4,5)	(4,6)	(4,7)	(4,8)	(4,9)	(4,10)	(4,11)	(4,15)	(5,2)	(5,3)	(5,13)	(5,14)	(6,2)	(6,3)	(7,2)	
(5,13):(1,1)	(2,2)	(2,3)	(2,4)	(2,5)	(3,2)	(3,3)	(3,4)	(3,5)	(3,6)	(3,7)	(3,8)	(3,9)	(4,2)	(4,3)	(4,4)	(4,5)	(4,6)	(4,7)	(4,8)	(4,9)	(4,10)	(4,11)	(4,15)	(5,2)	(5,3)	(5,13)	(5,14)	(6,14)	(7,14)	(8,14)	(9,14)	(9,15)	(10,14)	(10,15)	(11,14)	(11,15)	(12,13)	(12,16)	
(12,13):(4,15)	(5,13)	(5,14)	(6,14)	(7,14)	(8,14)	(9,14)	(9,15)	(9,16)	(10,14)	(10,15)	(11,14)	(11,15)	(12,13)	(12,16)	
(12,16):(5,13)	(6,14)	(7,14)	(8,14)	(9,14)	(9,15)	(9,16)	(10,14)	(10,15)	(11,14)	(11,15)	(12,13)	(12,16)	
(9,16):(9,14)	(9,15)	(9,16)	(10,14)	(10,15)	(11,14)	(11,15)	(12,13)	(12,16)	
(9,15):(4,15)	(5,13)	(5,14)	(6,14)	(7,14)	(8,14)	(9,14)	(9,15)	(9,16)	(10,14)	(10,15)	(11,14)	(11,15)	(12,13)	(12,16)	
(4,15):(4,2)	(4,3)	(4,4)	(4,5)	(4,6)	(4,7)	(4,8)	(4,9)	(4,10)	(4,11)	(4,15)	(5,2)	(5,3)	(5,13)	(5,14)	(6,14)	(7,14)	(8,14)	(9,14)	(9,15)	(10,14)	(10,15)	(11,14)	(11,15)	(12,13)	
(4,11):(1,1)	(2,2)	(2,3)	(2,4)	(2,5)	(3,2)	(3,3)	(3,4)	(3,5)	(3,6)	(3,7)	(3,8)	(3,9)	(3,10)	(3,11)	(4,2)	(4,3)	(4,4)	(4,5)	(4,6)	(4,7)	(4,8)	(4,9)	(4,10)	(4,11)	(4,15)	(5,2)	(5,3)	(5,13)	(5,14)	
(3,11):(2,2)	(2,3)	(2,4)	(2,5)	(2,14)	(3,2)	(3,3)	(3,4)	(3,5)	(3,6)	(3,7)	(3,8)	(3,9)	(3,10)	(3,11)	(3,14)	(4,2)	(4,3)	(4,4)	(4,5)	(4,6)	(4,7)	(4,8)	(4,9)	(4,10)	(4,11)	(5,2)	(5,3)	
(3,14):(2,2)	(2,3)	(2,4)	(2,5)	(2,14)	(3,2)	(3,3)	(3,4)	(3,5)	(3,6)	(3,7)	(3,8)	(3,9)	(3,10)	(3,11)	(3,14)	
(2,14):(2,2)	(2,3)	(2,4)	(2,5)	(2,14)	(3,2)	(3,3)	(3,4)	(3,5)	(3,6)	(3,7)	(3,8)	(3,9)	(3,10)	(3,11)	(3,14)	(4,2)	(4,3)	(4,4)	(4,5)	(4,6)	(4,7)	(4,8)	(5,2)	(5,3)	
(2,5):(1,1)	(1,5)	(2,2)	(2,3)	(2,4)	(2,5)	(2,14)	(3,2)	(3,3)	(3,4)	(3,5)	(3,6)	(3,7)	(3,8)	(3,9)	(3,10)	(3,11)	(3,14)	(4,2)	(4,3)	(4,4)	(4,5)	(4,6)	(4,7)	(4,8)	(4,9)	(4,10)	(4,11)	(5,2)	(5,3)	(5,13)	(5,14)	(6,2)	
(1,5):(1,1)	(1,5)	(2,2)	(2,3)	(2,4)	(2,5)	(3,2)	(3,3)	(3,4)	(3,5)	(4,2)	(4,3)	(4,4)	(4,5)	(5,2)	(5,3)	(6,2)	(7,2)	
(1,1):(1,1)	(1,5)	(2,2)	(2,3)	(2,4)	(2,5)	(3,2)	(3,3)	(3,4)	(3,5)	(3,6)	(3,7)	(3,8)	(3,9)	(4,2)	(4,3)	(4,4)	(4,5)	(4,6)	(4,7)	(4,8)	(4,9)	(4,10)	(4,11)	(5,2)	(5,3)	(5,13)	(5,14)	(6,2)	(6,3)	(7,2)	(8,2)	(9,2)	(10,1)	
(10,1):(1,1)	(2,2)	(2,3)	(3,2)	(3,3)	(4,2)	(4,3)	(5,2)	(6,2)	(7,2)	(8,2)	(8,8)	(9,2)	(9,3)	(9,4)	(9,5)	(9,6)	(9,7)	(10,1)	(10,4)	(10,5)	(10,6)	(10,7)	
(10,4):(8,2)	(8,8)	(9,2)	(9,3)	(9,4)	(9,5)	(9,6)	(9,7)	(10,1)	(10,4)	(10,5)	(10,6)	(10,7)	(11,4)	(11,7)	
(11,4):(8,8)	(9,4)	(9,5)	(9,6)	(9,7)	(10,4)	(10,5)	(10,6)	(10,7)	(11,4)	(11,7)	
(11,7):(8,2)	(8,8)	(9,2)	(9,3)	(9,4)	(9,5)	(9,6)	(9,7)	(10,4)	(10,5)	(10,6)	(10,7)	(11,4)	(11,7)	(14,7)	(15,7)	(15,8)	
(14,7):(8,8)	(9,7)	(10,7)	(11,7)	(14,6)	(14,7)	(15,7)	(15,8)	(16,6)	(16,9)	
(14,6):4.750000
(16,6):6.000000
(16,9):4.500000
(15,9):3.000000
(15,8):12.125000
(8,8):23.333334
(8,2):24.799999
(7,2):28.000000
(7,10):23.285715
(13,10):14.000000
(13,12):14.166667
(6,12):23.049999
(6,3):21.785715
(5,3):44.875000
(5,13):48.666668
(12,13):19.000000
(12,16):15.047619
(9,16):9.000000
(9,15):19.250000
(4,15):28.166666
(4,11):37.750000
(3,11):34.833332
(3,14):13.888889
(2,14):27.545454
(2,5):42.083332
(1,5):20.000000
(1,1):39.252380
(10,1):27.000000
(10,4):18.666666
(11,4):12.000000
(11,7):21.924999
(14,7):10.500000
(14,6),(16,6):4.750000
(14,6),(16,9):4.250000
(14,6),(15,9):2.750000
(14,6),(15,8):4.750000
(14,6),(8,8):2.333333
(14,6),(8,2):0.000000
(14,6),(7,2):0.000000
(14,6),(7,10):0.000000
(14,6),(13,10):0.000000
(14,6),(13,12):0.000000
(14,6),(6,12):0.000000
(14,6),(6,3):0.000000
(14,6),(5,3):0.000000
(14,6),(5,13):0.000000
(14,6),(12,13):0.000000
(14,6),(12,16):0.000000
(14,6),(9,16):0.000000
(14,6),(9,15):0.000000
(14,6),(4,15):0.000000
(14,6),(4,11):0.000000
(14,6),(3,11):0.000000
(14,6),(3,14):0.000000
(14,6),(2,14):0.000000
(14,6),(2,5):0.000000
(14,6),(1,5):0.000000
(14,6),(1,1):0.000000
(14,6),(10,1):0.000000
(14,6),(10,4):0.000000
(14,6),(11,4):0.000000
(14,6),(11,7):2.125000
(14,6),(14,7):4.500000
(16,6),(16,9):4.500000
(16,6),(15,9):3.000000
(16,6),(15,8):6.000000
(16,6),(8,8):3.333333
(16,6),(8,2):0.000000
(16,6),(7,2):0.000000
(16,6),(7,10):0.000000
(16,6),(13,10):0.000000
(16,6),(13,12):0.000000
(16,6),(6,12):0.000000
(16,6),(6,3):0.000000
(16,6),(5,3):0.000000
(16,6),(5,13):0.000000
(16,6),(12,13):0.000000
(16,6),(12,16):0.000000
(16,6),(9,16):0.000000
(16,6),(9,15):0.000000
(16,6),(4,15):0.000000
(16,6),(4,11):0.000000
(16,6),(3,11):0.000000
(16,6),(3,14):0.000000
(16,6),(2,14):0.000000
(16,6),(2,5):0.000000
(16,6),(1,5):0.000000
(16,6),(1,1):0.000000
(16,6),(10,1):0.000000
(16,6),(10,4):0.000000
(16,6),(11,4):0.000000
(16,6),(11,7):3.125000
(16,6),(14,7):5.500000
(16,9),(15,9):3.000000
(16,9),(15,8):4.500000
(16,9),(8,8):1.833333
(16,9),(8,2):0.000000
(16,9),(7,2):0.000000
(16,9),(7,10):0.000000
(16,9),(13,10):0.000000
(16,9),(13,12):0.000000
(16,9),(6,12):0.000000
(16,9),(6,3):0.000000
(16,9),(5,3):0.000000
(16,9),(5,13):0.000000
(16,9),(12,13):0.000000
(16,9),(12,16):0.000000
(16,9),(9,16):0.000000
(16,9),(9,15):0.000000
(16,9),(4,15):0.000000
(16,9),(4,11):0.000000
(16,9),(3,11):0.000000
(16,9),(3,14):0.000000
(16,9),(2,14):0.000000
(16,9),(2,5):0.000000
(16,9),(1,5):0.000000
(16,9),(1,1):0.000000
(16,9),(10,1):0.000000
(16,9),(10,4):0.000000
(16,9),(11,4):0.000000
(16,9),(11,7):1.625000
(16,9),(14,7):4.000000
(15,9),(15,8):3.000000
(15,9),(8,8):1.250000
(15,9),(8,2):0.000000
(15,9),(7,2):0.000000
(15,9),(7,10):0.000000
(15,9),(13,10):0.000000
(15,9),(13,12):0.000000
(15,9),(6,12):0.000000
(15,9),(6,3):0.000000
(15,9),(5,3):0.000000
(15,9),(5,13):0.000000
(15,9),(12,13):0.000000
(15,9),(12,16):0.000000
(15,9),(9,16):0.000000
(15,9),(9,15):0.000000
(15,9),(4,15):0.000000
(15,9),(4,11):0.000000
(15,9),(3,11):0.000000
(15,9),(3,14):0.000000
(15,9),(2,14):0.000000
(15,9),(2,5):0.000000
(15,9),(1,5):0.000000
(15,9),(1,1):0.000000
(15,9),(10,1):0.000000
(15,9),(10,4):0.000000
(15,9),(11,4):0.000000
(15,9),(11,7):1.125000
(15,9),(14,7):2.500000
(15,8),(8,8):9.458333
(15,8),(8,2):4.425000
(15,8),(7,2):0.000000
(15,8),(7,10):0.000000
(15,8),(13,10):0.000000
(15,8),(13,12):0.000000
(15,8),(6,12):0.000000
(15,8),(6,3):0.000000
(15,8),(5,3):0.000000
(15,8),(5,13):0.000000
(15,8),(12,13):0.000000
(15,8),(12,16):0.000000
(15,8),(9,16):0.000000
(15,8),(9,15):0.000000
(15,8),(4,15):0.000000
(15,8),(4,11):0.000000
(15,8),(3,11):0.000000
(15,8),(3,14):0.000000
(15,8),(2,14):0.000000
(15,8),(2,5):0.000000
(15,8),(1,5):0.000000
(15,8),(1,1):0.000000
(15,8),(10,1):3.000000
(15,8),(10,4):4.291667
(15,8),(11,4):4.125000
(15,8),(11,7):9.250000
(15,8),(14,7):10.500000
(8,8),(8,2):17.799999
(8,8),(7,2):2.000000
(8,8),(7,10):0.000000
(8,8),(13,10):0.000000
(8,8),(13,12):0.000000
(8,8),(6,12):0.000000
(8,8),(6,3):0.000000
(8,8),(5,3):0.250000
(8,8),(5,13):0.000000
(8,8),(12,13):0.000000
(8,8),(12,16):0.000000
(8,8),(9,16):0.000000
(8,8),(9,15):0.000000
(8,8),(4,15):0.000000
(8,8),(4,11):0.000000
(8,8),(3,11):0.000000
(8,8),(3,14):0.000000
(8,8),(2,14):0.000000
(8,8),(2,5):0.000000
(8,8),(1,5):0.250000
(8,8),(1,1):2.285714
(8,8),(10,1):14.000000
(8,8),(10,4):18.166666
(8,8),(11,4):12.000000
(8,8),(11,7):21.500000
(8,8),(14,7):8.333333
(8,2),(7,2):9.000000
(8,2),(7,10):1.214286
(8,2),(13,10):0.000000
(8,2),(13,12):0.000000
(8,2),(6,12):1.050000
(8,2),(6,3):6.500000
(8,2),(5,3):7.000000
(8,2),(5,13):4.000000
(8,2),(12,13):0.000000
(8,2),(12,16):0.000000
(8,2),(9,16):0.000000
(8,2),(9,15):0.000000
(8,2),(4,15):1.125000
(8,2),(4,11):4.187500
(8,2),(3,11):3.958333
(8,2),(3,14):1.388889
(8,2),(2,14):3.409091
(8,2),(2,5):6.250000
(8,2),(1,5):7.000000
(8,2),(1,1):9.285714
(8,2),(10,1):21.000000
(8,2),(10,4):18.166666
(8,2),(11,4):11.500000
(8,2),(11,7):16.600000
(8,2),(14,7):3.300000
(7,2),(7,10):11.285714
(7,2),(13,10):2.000000
(7,2),(13,12):2.166667
(7,2),(6,12):11.050000
(7,2),(6,3):21.500000
(7,2),(5,3):17.000000
(7,2),(5,13):10.877193
(7,2),(12,13):0.000000
(7,2),(12,16):0.000000
(7,2),(9,16):0.000000
(7,2),(9,15):0.000000
(7,2),(4,15):2.416667
(7,2),(4,11):10.964286
(7,2),(3,11):10.064102
(7,2),(3,14):4.125731
(7,2),(2,14):8.795455
(7,2),(2,5):15.000000
(7,2),(1,5):16.000000
(7,2),(1,1):19.200001
(7,2),(10,1):15.000000
(7,2),(10,4):2.500000
(7,2),(11,4):0.000000
(7,2),(11,7):1.466667
(7,2),(14,7):0.000000
(7,10),(13,10):14.000000
(7,10),(13,12):14.166667
(7,10),(6,12):23.000000
(7,10),(6,3):11.571428
(7,10),(5,3):2.285714
(7,10),(5,13):0.000000
(7,10),(12,13):0.000000
(7,10),(12,16):0.000000
(7,10),(9,16):0.000000
(7,10),(9,15):0.000000
(7,10),(4,15):0.000000
(7,10),(4,11):0.000000
(7,10),(3,11):0.000000
(7,10),(3,14):0.000000
(7,10),(2,14):0.000000
(7,10),(2,5):1.256729
(7,10),(1,5):1.519048
(7,10),(1,1):2.485714
(7,10),(10,1):1.422078
(7,10),(10,4):0.000000
(7,10),(11,4):0.000000
(7,10),(11,7):0.000000
(7,10),(14,7):0.000000
(13,10),(13,12):14.000000
(13,10),(6,12):14.000000
(13,10),(6,3):2.285714
(13,10),(5,3):0.000000
(13,10),(5,13):0.000000
(13,10),(12,13):0.000000
(13,10),(12,16):0.000000
(13,10),(9,16):0.000000
(13,10),(9,15):0.000000
(13,10),(4,15):0.000000
(13,10),(4,11):0.000000
(13,10),(3,11):0.000000
(13,10),(3,14):0.000000
(13,10),(2,14):0.000000
(13,10),(2,5):0.000000
(13,10),(1,5):0.000000
(13,10),(1,1):0.000000
(13,10),(10,1):0.000000
(13,10),(10,4):0.000000
(13,10),(11,4):0.000000
(13,10),(11,7):0.000000
(13,10),(14,7):0.000000
(13,12),(6,12):14.166667
(13,12),(6,3):2.452381
(13,12),(5,3):0.000000
(13,12),(5,13):0.000000
(13,12),(12,13):0.000000
(13,12),(12,16):0.000000
(13,12),(9,16):0.000000
(13,12),(9,15):0.000000
(13,12),(4,15):0.000000
(13,12),(4,11):0.000000
(13,12),(3,11):0.000000
(13,12),(3,14):0.000000
(13,12),(2,14):0.000000
(13,12),(2,5):0.000000
(13,12),(1,5):0.000000
(13,12),(1,1):0.000000
(13,12),(10,1):0.000000
(13,12),(10,4):0.000000
(13,12),(11,4):0.000000
(13,12),(11,7):0.000000
(13,12),(14,7):0.000000
(6,12),(6,3):11.335714
(6,12),(5,3):2.050000
(6,12),(5,13):0.000000
(6,12),(12,13):0.000000
(6,12),(12,16):0.000000
(6,12),(9,16):0.000000
(6,12),(9,15):0.000000
(6,12),(4,15):0.000000
(6,12),(4,11):0.000000
(6,12),(3,11):0.000000
(6,12),(3,14):0.000000
(6,12),(2,14):0.000000
(6,12),(2,5):1.044048
(6,12),(1,5):1.300000
(6,12),(1,1):2.250000
(6,12),(10,1):1.216667
(6,12),(10,4):0.004545
(6,12),(11,4):0.000000
(6,12),(11,7):0.000000
(6,12),(14,7):0.000000
(6,3),(5,3):12.500000
(6,3),(5,13):7.916667
(6,3),(12,13):0.000000
(6,3),(12,16):0.000000
(6,3),(9,16):0.000000
(6,3),(9,15):0.000000
(6,3),(4,15):2.166667
(6,3),(4,11):8.083333
(6,3),(3,11):7.500000
(6,3),(3,14):2.666667
(6,3),(2,14):6.545455
(6,3),(2,5):11.000000
(6,3),(1,5):11.500000
(6,3),(1,1):12.700000
(6,3),(10,1):11.000000
(6,3),(10,4):0.250000
(6,3),(11,4):0.000000
(6,3),(11,7):0.112500
(6,3),(14,7):0.000000
(5,3),(5,13):32.666668
(5,3),(12,13):2.000000
(5,3),(12,16):0.714286
(5,3),(9,16):0.000000
(5,3),(9,15):2.250000
(5,3),(4,15):14.166667
(5,3),(4,11):36.750000
(5,3),(3,11):33.708332
(5,3),(3,14):12.763889
(5,3),(2,14):26.420454
(5,3),(2,5):40.375000
(5,3),(1,5):20.000000
(5,3),(1,1):36.166668
(5,3),(10,1):13.000000
(5,3),(10,4):0.666667
(5,3),(11,4):0.000000
(5,3),(11,7):0.492308
(5,3),(14,7):0.000000
(5,13),(12,13):18.000000
(5,13),(12,16):14.047619
(5,13),(9,16):8.000000
(5,13),(9,15):18.250000
(5,13),(4,15):28.000000
(5,13),(4,11):33.500000
(5,13),(3,11):27.333334
(5,13),(3,14):7.888889
(5,13),(2,14):20.600000
(5,13),(2,5):30.750000
(5,13),(1,5):14.666667
(5,13),(1,1):29.933332
(5,13),(10,1):8.870370
(5,13),(10,4):0.000000
(5,13),(11,4):0.000000
(5,13),(11,7):0.000000
(5,13),(14,7):0.000000
(12,13),(12,16):14.833333
(12,13),(9,16):9.000000
(12,13),(9,15):19.000000
(12,13),(4,15):16.000000
(12,13),(4,11):3.000000
(12,13),(3,11):0.000000
(12,13),(3,14):0.000000
(12,13),(2,14):0.000000
(12,13),(2,5):0.750000
(12,13),(1,5):0.000000
(12,13),(1,1):0.866667
(12,13),(10,1):0.000000
(12,13),(10,4):0.000000
(12,13),(11,4):0.000000
(12,13),(11,7):0.000000
(12,13),(14,7):0.000000
(12,16),(9,16):9.000000
(12,16),(9,15):15.047619
(12,16),(4,15):12.047619
(12,16),(4,11):0.847619
(12,16),(3,11):0.000000
(12,16),(3,14):0.000000
(12,16),(2,14):0.000000
(12,16),(2,5):0.268849
(12,16),(1,5):0.000000
(12,16),(1,1):0.315270
(12,16),(10,1):0.000000
(12,16),(10,4):0.000000
(12,16),(11,4):0.000000
(12,16),(11,7):0.000000
(12,16),(14,7):0.000000
(9,16),(9,15):9.000000
(9,16),(4,15):6.000000
(9,16),(4,11):0.000000
(9,16),(3,11):0.000000
(9,16),(3,14):0.000000
(9,16),(2,14):0.000000
(9,16),(2,5):0.000000
(9,16),(1,5):0.000000
(9,16),(1,1):0.000000
(9,16),(10,1):0.000000
(9,16),(10,4):0.000000
(9,16),(11,4):0.000000
(9,16),(11,7):0.000000
(9,16),(14,7):0.000000
(9,15),(4,15):16.250000
(9,15),(4,11):3.250000
(9,15),(3,11):0.000000
(9,15),(3,14):0.000000
(9,15),(2,14):0.000000
(9,15),(2,5):0.783333
(9,15),(1,5):0.000000
(9,15),(1,1):0.913725
(9,15),(10,1):0.000000
(9,15),(10,4):0.000000
(9,15),(11,4):0.000000
(9,15),(11,7):0.000000
(9,15),(14,7):0.000000
(4,15),(4,11):15.166667
(4,15),(3,11):10.166667
(4,15),(3,14):0.000000
(4,15),(2,14):5.666667
(4,15),(2,5):12.250000
(4,15),(1,5):4.166667
(4,15),(1,1):12.433333
(4,15),(10,1):1.995238
(4,15),(10,4):0.000000
(4,15),(11,4):0.000000
(4,15),(11,7):0.000000
(4,15),(14,7):0.000000
(4,11),(3,11):31.583334
(4,11),(3,14):10.888889
(4,11),(2,14):24.250000
(4,11),(2,5):34.833332
(4,11),(1,5):14.750000
(4,11),(1,1):30.516666
(4,11),(10,1):8.976087
(4,11),(10,4):0.000000
(4,11),(11,4):0.000000
(4,11),(11,7):0.000000
(4,11),(14,7):0.000000
(3,11),(3,14):13.888889
(3,11),(2,14):27.500000
(3,11),(2,5):34.833332
(3,11),(1,5):13.833333
(3,11),(1,1):27.333334
(3,11),(10,1):8.177831
(3,11),(10,4):0.000000
(3,11),(11,4):0.000000
(3,11),(11,7):0.000000
(3,11),(14,7):0.000000
(3,14),(2,14):13.000000
(3,14),(2,5):13.888889
(3,14),(1,5):4.888889
(3,14),(1,1):6.888889
(3,14),(10,1):3.293651
(3,14),(10,4):0.000000
(3,14),(11,4):0.000000
(3,14),(11,7):0.000000
(3,14),(14,7):0.000000
(2,14),(2,5):27.545454
(2,14),(1,5):12.545455
(2,14),(1,1):20.259741
(2,14),(10,1):7.028788
(2,14),(10,4):0.000000
(2,14),(11,4):0.000000
(2,14),(11,7):0.000000
(2,14),(14,7):0.000000
(2,5),(1,5):19.000000
(2,5),(1,1):34.500000
(2,5),(10,1):12.166667
(2,5),(10,4):0.200000
(2,5),(11,4):0.000000
(2,5),(11,7):0.085714
(2,5),(14,7):0.000000
(1,5),(1,1):20.000000
(1,5),(10,1):13.000000
(1,5),(10,4):0.666667
(1,5),(11,4):0.000000
(1,5),(11,7):0.492308
(1,5),(14,7):0.000000
(1,1),(10,1):15.285714
(1,1),(10,4):2.785714
(1,1),(11,4):0.000000
(1,1),(11,7):1.600000
(1,1),(14,7):0.000000
(10,1),(10,4):14.500000
(10,1),(11,4):8.000000
(10,1),(11,7):12.800000
(10,1),(14,7):2.000000
(10,4),(11,4):12.000000
(10,4),(11,7):16.966667
(10,4),(14,7):3.166667
(11,4),(11,7):12.000000
(11,4),(14,7):3.000000
(11,7),(14,7):8.125000
