40
(19,3):(7,6)	(8,5)	(9,4)	(9,5)	(10,2)	(10,3)	(10,4)	(10,5)	(11,2)	(11,3)	(11,4)	(11,5)	(12,2)	(12,3)	(12,4)	(12,5)	(12,6)	(12,8)	(13,2)	(13,3)	(13,4)	(13,5)	(13,6)	(13,7)	(14,3)	(14,4)	(14,5)	(14,6)	(14,7)	(15,3)	(15,4)	(15,5)	(15,6)	(15,7)	(16,3)	(16,4)	(16,5)	(16,6)	(16,7)	(16,8)	(16,9)	(17,3)	(17,4)	(17,5)	(17,6)	(17,7)	(18,3)	(18,4)	(18,5)	(19,3)	(19,5)	(20,2)	(20,3)	
(19,5):(7,4)	(8,5)	(9,1)	(9,4)	(9,5)	(10,2)	(10,3)	(10,4)	(10,5)	(11,2)	(11,3)	(11,4)	(11,5)	(12,2)	(12,3)	(12,4)	(12,5)	(13,2)	(13,3)	(13,4)	(13,5)	(14,3)	(14,4)	(14,5)	(15,3)	(15,4)	(15,5)	(16,3)	(16,4)	(16,5)	(17,3)	(17,4)	(17,5)	(18,3)	(18,4)	(18,5)	(19,3)	(19,5)	
(18,5):(7,4)	(7,6)	(8,5)	(9,1)	(9,4)	(9,5)	(10,2)	(10,3)	(10,4)	(10,5)	(11,2)	(11,3)	(11,4)	(11,5)	(12,2)	(12,3)	(12,4)	(12,5)	(12,6)	(12,8)	(13,2)	(13,3)	(13,4)	(13,5)	(13,6)	(13,7)	(14,3)	(14,4)	(14,5)	(14,6)	(14,7)	(15,3)	(15,4)	(15,5)	(15,6)	(15,7)	(15,13)	(16,3)	(16,4)	(16,5)	(16,6)	(16,7)	(16,8)	(16,9)	(16,10)	(16,11)	(16,12)	(17,3)	(17,4)	(17,5)	(17,6)	(17,7)	(17,8)	(17,9)	(17,10)	(17,11)	(17,12)	(18,3)	(18,4)	(18,5)	(18,13)	(19,3)	(19,5)	
(18,13):(13,2)	(13,3)	(14,3)	(14,4)	(14,5)	(15,3)	(15,4)	(15,5)	(15,6)	(15,7)	(15,13)	(16,3)	(16,4)	(16,5)	(16,6)	(16,7)	(16,8)	(16,9)	(16,10)	(16,11)	(16,12)	(17,3)	(17,4)	(17,5)	(17,6)	(17,7)	(17,8)	(17,9)	(17,10)	(17,11)	(17,12)	(18,3)	(18,4)	(18,5)	(18,13)	
(15,13):(15,3)	(15,4)	(15,5)	(15,6)	(15,7)	(15,13)	(16,3)	(16,4)	(16,5)	(16,6)	(16,7)	(16,8)	(16,9)	(16,10)	(16,11)	(16,12)	(17,3)	(17,4)	(17,5)	(17,6)	(17,7)	(17,8)	(17,9)	(17,10)	(17,11)	(17,12)	(18,3)	(18,4)	(18,5)	(18,13)	
(15,7):(7,4)	(9,1)	(9,4)	(9,5)	(10,2)	(10,3)	(10,4)	(10,5)	(11,2)	(11,3)	(11,4)	(11,5)	(12,2)	(12,3)	(12,4)	(12,5)	(12,6)	(13,2)	(13,3)	(13,4)	(13,5)	(13,6)	(13,7)	(14,3)	(14,4)	(14,5)	(14,6)	(14,7)	(15,3)	(15,4)	(15,5)	(15,6)	(15,7)	(15,13)	(16,3)	(16,4)	(16,5)	(16,6)	(16,7)	(16,8)	(16,9)	(16,10)	(16,11)	(16,12)	(17,3)	(17,4)	(17,5)	(17,6)	(17,7)	(17,8)	(17,9)	(17,10)	(17,11)	(17,12)	(18,3)	(18,4)	(18,5)	(18,13)	(19,3)	(20,2)	
(14,7):(9,1)	(9,4)	(9,19)	(10,2)	(10,3)	(10,4)	(10,5)	(10,16)	(10,17)	(10,18)	(10,19)	(11,2)	(11,3)	(11,4)	(11,5)	(11,10)	(11,11)	(11,12)	(11,13)	(11,14)	(11,15)	(11,16)	(11,17)	(11,18)	(11,19)	(12,2)	(12,3)	(12,4)	(12,5)	(12,6)	(12,8)	(12,9)	(12,10)	(12,11)	(12,12)	(12,13)	(12,14)	(12,15)	(12,16)	(12,17)	(12,18)	(12,19)	(13,2)	(13,3)	(13,4)	(13,5)	(13,6)	(13,7)	(13,8)	(13,9)	(13,10)	(13,11)	(13,12)	(13,13)	(13,14)	(13,15)	(13,16)	(13,17)	(13,18)	(13,19)	(14,3)	(14,4)	(14,5)	(14,6)	(14,7)	(14,17)	(14,18)	(14,19)	(15,3)	(15,4)	(15,5)	(15,6)	(15,7)	(16,3)	(16,4)	(16,5)	(16,6)	(16,7)	(17,3)	(17,4)	(17,5)	(17,6)	(17,7)	(18,3)	(18,4)	(18,5)	(19,3)	(20,2)	
(14,17):(2,20)	(3,19)	(4,19)	(5,18)	(5,19)	(6,16)	(6,17)	(6,18)	(6,19)	(7,16)	(7,17)	(7,18)	(7,19)	(8,16)	(8,17)	(8,18)	(8,19)	(9,17)	(9,18)	(9,19)	(10,10)	(10,16)	(10,17)	(10,18)	(10,19)	(11,8)	(11,10)	(11,11)	(11,12)	(11,13)	(11,14)	(11,15)	(11,16)	(11,17)	(11,18)	(11,19)	(12,2)	(12,3)	(12,4)	(12,5)	(12,6)	(12,8)	(12,9)	(12,10)	(12,11)	(12,12)	(12,13)	(12,14)	(12,15)	(12,16)	(12,17)	(12,18)	(12,19)	(13,2)	(13,3)	(13,4)	(13,5)	(13,6)	(13,7)	(13,8)	(13,9)	(13,10)	(13,11)	(13,12)	(13,13)	(13,14)	(13,15)	(13,16)	(13,17)	(13,18)	(13,19)	(14,3)	(14,4)	(14,5)	(14,6)	(14,7)	(14,17)	(14,18)	(14,19)	(15,18)	(15,19)	(16,18)	(16,19)	(16,20)	(17,17)	(17,19)	
(17,17):(2,20)	(3,19)	(4,19)	(5,18)	(5,19)	(6,17)	(6,18)	(6,19)	(7,17)	(7,18)	(7,19)	(8,17)	(8,18)	(8,19)	(9,17)	(9,18)	(9,19)	(10,17)	(10,18)	(10,19)	(11,17)	(11,18)	(11,19)	(12,17)	(12,18)	(12,19)	(13,17)	(13,18)	(13,19)	(14,17)	(14,18)	(14,19)	(15,18)	(15,19)	(16,18)	(16,19)	(17,17)	(17,19)	
(17,19):(3,18)	(3,19)	(4,18)	(4,19)	(5,15)	(5,18)	(5,19)	(6,16)	(6,17)	(6,18)	(6,19)	(7,16)	(7,17)	(7,18)	(7,19)	(8,16)	(8,17)	(8,18)	(8,19)	(9,17)	(9,18)	(9,19)	(10,16)	(10,17)	(10,18)	(10,19)	(11,15)	(11,16)	(11,17)	(11,18)	(11,19)	(12,16)	(12,17)	(12,18)	(12,19)	(13,17)	(13,18)	(13,19)	(14,17)	(14,18)	(14,19)	(15,18)	(15,19)	(16,18)	(16,19)	(17,17)	(17,19)	
(16,19):(2,20)	(3,18)	(3,19)	(4,18)	(4,19)	(5,15)	(5,18)	(5,19)	(6,16)	(6,17)	(6,18)	(6,19)	(7,16)	(7,17)	(7,18)	(7,19)	(8,16)	(8,17)	(8,18)	(8,19)	(9,17)	(9,18)	(9,19)	(10,16)	(10,17)	(10,18)	(10,19)	(11,14)	(11,15)	(11,16)	(11,17)	(11,18)	(11,19)	(12,15)	(12,16)	(12,17)	(12,18)	(12,19)	(13,16)	(13,17)	(13,18)	(13,19)	(14,17)	(14,18)	(14,19)	(15,18)	(15,19)	(16,18)	(16,19)	(16,20)	(17,17)	(17,19)	
(16,20):(2,20)	(3,18)	(3,19)	(4,18)	(4,19)	(5,15)	(5,18)	(5,19)	(6,15)	(6,16)	(6,17)	(6,18)	(6,19)	(7,16)	(7,17)	(7,18)	(7,19)	(8,16)	(8,17)	(8,18)	(8,19)	(9,17)	(9,18)	(9,19)	(10,16)	(10,17)	(10,18)	(10,19)	(11,13)	(11,14)	(11,15)	(11,16)	(11,17)	(11,18)	(11,19)	(12,14)	(12,15)	(12,16)	(12,17)	(12,18)	(12,19)	(13,16)	(13,17)	(13,18)	(13,19)	(14,17)	(14,18)	(14,19)	(15,18)	(15,19)	(16,18)	(16,19)	(16,20)	
(2,20):(2,12)	(2,20)	(3,11)	(3,14)	(3,15)	(3,16)	(3,17)	(3,18)	(3,19)	(4,14)	(4,18)	(4,19)	(5,18)	(5,19)	(6,18)	(6,19)	(7,17)	(7,18)	(7,19)	(8,16)	(8,17)	(8,18)	(8,19)	(9,17)	(9,18)	(9,19)	(10,16)	(10,17)	(10,18)	(10,19)	(11,16)	(11,17)	(11,18)	(11,19)	(12,15)	(12,16)	(12,17)	(12,18)	(12,19)	(13,15)	(13,16)	(13,17)	(13,18)	(13,19)	(14,17)	(14,18)	(14,19)	(15,18)	(15,19)	(16,18)	(16,19)	(16,20)	(17,17)	
(2,12):(1,11)	(1,12)	(2,12)	(2,20)	(3,11)	(3,14)	(3,15)	(3,16)	(3,17)	(3,18)	(3,19)	(4,18)	(4,19)	
(1,12):(1,11)	(1,12)	(2,12)	(3,11)	
(1,11):(1,11)	(1,12)	(2,12)	(3,11)	
(3,11):(1,11)	(1,12)	(2,12)	(2,20)	(3,11)	(3,14)	(3,15)	(3,16)	(3,17)	(3,18)	(3,19)	
(3,14):(2,12)	(2,20)	(3,11)	(3,14)	(3,15)	(3,16)	(3,17)	(3,18)	(3,19)	(4,14)	(4,18)	(4,19)	
(4,14):(2,20)	(3,14)	(3,15)	(3,16)	(3,17)	(3,18)	(3,19)	(4,14)	(4,18)	(4,19)	
(4,18):(2,12)	(2,20)	(3,14)	(3,15)	(3,16)	(3,17)	(3,18)	(3,19)	(4,14)	(4,18)	(4,19)	(5,18)	(5,19)	(6,18)	(6,19)	(7,18)	(7,19)	(8,18)	(8,19)	(9,18)	(9,19)	(10,18)	(10,19)	(11,18)	(11,19)	(12,18)	(12,19)	(13,18)	(13,19)	(14,18)	(14,19)	(15,18)	(15,19)	(16,18)	(16,19)	(16,20)	(17,19)	
(5,18):(2,20)	(3,18)	(3,19)	(4,18)	(4,19)	(5,15)	(5,18)	(5,19)	(6,15)	(6,16)	(6,17)	(6,18)	(6,19)	(7,12)	(7,13)	(7,14)	(7,15)	(7,16)	(7,17)	(7,18)	(7,19)	(8,9)	(8,16)	(8,17)	(8,18)	(8,19)	(9,17)	(9,18)	(9,19)	(10,16)	(10,17)	(10,18)	(10,19)	(11,16)	(11,17)	(11,18)	(11,19)	(12,16)	(12,17)	(12,18)	(12,19)	(13,15)	(13,16)	(13,17)	(13,18)	(13,19)	(14,17)	(14,18)	(14,19)	(15,18)	(15,19)	(16,18)	(16,19)	(16,20)	(17,17)	(17,19)	
(5,15):(5,15)	(5,18)	(5,19)	(6,15)	(6,16)	(6,17)	(6,18)	(6,19)	(7,15)	(7,16)	(7,17)	(7,18)	(7,19)	(8,16)	(8,17)	(8,18)	(8,19)	(9,17)	(9,18)	(9,19)	(10,17)	(10,18)	(10,19)	(11,17)	(11,18)	(11,19)	(12,18)	(12,19)	(13,18)	(13,19)	(14,18)	(14,19)	(15,19)	(16,19)	(16,20)	(17,19)	
(6,15):(5,15)	(5,18)	(5,19)	(6,9)	(6,15)	(6,16)	(6,17)	(6,18)	(6,19)	(7,10)	(7,11)	(7,12)	(7,13)	(7,14)	(7,15)	(7,16)	(7,17)	(7,18)	(7,19)	(8,9)	(8,16)	(8,17)	(8,18)	(8,19)	(9,17)	(9,18)	(9,19)	(10,17)	(10,18)	(10,19)	(11,18)	(11,19)	(12,18)	(12,19)	(13,19)	(14,19)	(16,20)	
(6,9):(6,9)	(6,15)	(6,16)	(6,17)	(6,18)	(6,19)	(7,10)	(7,11)	(7,12)	(7,13)	(7,14)	(7,15)	(7,16)	(7,17)	(7,18)	(7,19)	(8,9)	(8,16)	(8,17)	(8,18)	(8,19)	
(8,9):(5,18)	(5,19)	(6,9)	(6,15)	(6,16)	(6,17)	(6,18)	(6,19)	(7,10)	(7,11)	(7,12)	(7,13)	(7,14)	(7,15)	(7,16)	(7,17)	(7,18)	(7,19)	(8,9)	(8,16)	(8,17)	(8,18)	(8,19)	
(8,16):(2,20)	(4,19)	(5,15)	(5,18)	(5,19)	(6,9)	(6,15)	(6,16)	(6,17)	(6,18)	(6,19)	(7,10)	(7,11)	(7,12)	(7,13)	(7,14)	(7,15)	(7,16)	(7,17)	(7,18)	(7,19)	(8,9)	(8,16)	(8,17)	(8,18)	(8,19)	(9,17)	(9,18)	(9,19)	(10,16)	(10,17)	(10,18)	(10,19)	(11,16)	(11,17)	(11,18)	(11,19)	(12,16)	(12,17)	(12,18)	(12,19)	(13,16)	(13,17)	(13,18)	(13,19)	(14,17)	(14,18)	(14,19)	(15,18)	(15,19)	(16,18)	(16,19)	(16,20)	(17,19)	
(10,16):(2,20)	(3,19)	(4,19)	(5,18)	(5,19)	(6,16)	(6,17)	(6,18)	(6,19)	(7,16)	(7,17)	(7,18)	(7,19)	(8,16)	(8,17)	(8,18)	(8,19)	(9,17)	(9,18)	(9,19)	(10,10)	(10,16)	(10,17)	(10,18)	(10,19)	(11,10)	(11,11)	(11,12)	(11,13)	(11,14)	(11,15)	(11,16)	(11,17)	(11,18)	(11,19)	(12,8)	(12,9)	(12,10)	(12,11)	(12,12)	(12,13)	(12,14)	(12,15)	(12,16)	(12,17)	(12,18)	(12,19)	(13,4)	(13,5)	(13,6)	(13,7)	(13,8)	(13,9)	(13,10)	(13,11)	(13,12)	(13,13)	(13,14)	(13,15)	(13,16)	(13,17)	(13,18)	(13,19)	(14,3)	(14,4)	(14,5)	(14,6)	(14,7)	(14,17)	(14,18)	(14,19)	(15,3)	(15,4)	(15,18)	(15,19)	(16,18)	(16,19)	(16,20)	(17,19)	
(10,10):(10,10)	(10,16)	(10,17)	(10,18)	(10,19)	(11,10)	(11,11)	(11,12)	(11,13)	(11,14)	(11,15)	(11,16)	(11,17)	(11,18)	(11,19)	(12,10)	(12,11)	(12,12)	(12,13)	(12,14)	(12,15)	(12,16)	(12,17)	(12,18)	(12,19)	(13,10)	(13,11)	(13,12)	(13,13)	(13,14)	(13,15)	(13,16)	(13,17)	(13,18)	(13,19)	(14,17)	(14,18)	(14,19)	(15,19)	
(11,10):(10,10)	(10,16)	(10,17)	(10,18)	(10,19)	(11,8)	(11,10)	(11,11)	(11,12)	(11,13)	(11,14)	(11,15)	(11,16)	(11,17)	(11,18)	(11,19)	(12,8)	(12,9)	(12,10)	(12,11)	(12,12)	(12,13)	(12,14)	(12,15)	(12,16)	(12,17)	(12,18)	(12,19)	(13,6)	(13,7)	(13,8)	(13,9)	(13,10)	(13,11)	(13,12)	(13,13)	(13,14)	(13,15)	(13,16)	(13,17)	(13,18)	(13,19)	(14,4)	(14,5)	(14,6)	(14,7)	(14,17)	(14,18)	(14,19)	(15,3)	(15,4)	(15,5)	(15,6)	(16,3)	(16,4)	(16,5)	(17,3)	(17,4)	(18,3)	
(11,8):(11,8)	(11,10)	(11,11)	(11,12)	(11,13)	(11,14)	(11,15)	(11,16)	(11,17)	(11,18)	(11,19)	(12,8)	(12,9)	(12,10)	(12,11)	(12,12)	(12,13)	(12,14)	(12,15)	(12,16)	(12,17)	(12,18)	(12,19)	(13,8)	(13,9)	(13,10)	(13,11)	(13,12)	(13,13)	(13,14)	(13,15)	(13,16)	(13,17)	(13,18)	(13,19)	(14,17)	(14,18)	(14,19)	
(12,8):(10,16)	(10,17)	(10,18)	(10,19)	(11,8)	(11,10)	(11,11)	(11,12)	(11,13)	(11,14)	(11,15)	(11,16)	(11,17)	(11,18)	(11,19)	(12,2)	(12,3)	(12,4)	(12,5)	(12,6)	(12,8)	(12,9)	(12,10)	(12,11)	(12,12)	(12,13)	(12,14)	(12,15)	(12,16)	(12,17)	(12,18)	(12,19)	(13,1)	(13,2)	(13,3)	(13,4)	(13,5)	(13,6)	(13,7)	(13,8)	(13,9)	(13,10)	(13,11)	(13,12)	(13,13)	(13,14)	(13,15)	(13,16)	(13,17)	(13,18)	(13,19)	(14,3)	(14,4)	(14,5)	(14,6)	(14,7)	(14,17)	(14,18)	(14,19)	(15,3)	(15,4)	(15,5)	(15,6)	(16,3)	(16,4)	(16,5)	(16,6)	(17,3)	(17,4)	(17,5)	(18,3)	(18,4)	(18,5)	(19,3)	(20,2)	
(12,6):(7,4)	(7,6)	(8,5)	(9,1)	(9,4)	(9,5)	(10,2)	(10,3)	(10,4)	(10,5)	(11,2)	(11,3)	(11,4)	(11,5)	(12,2)	(12,3)	(12,4)	(12,5)	(12,6)	(12,8)	(12,9)	(12,10)	(12,11)	(12,12)	(12,13)	(12,14)	(12,15)	(12,16)	(12,17)	(12,18)	(12,19)	(13,1)	(13,2)	(13,3)	(13,4)	(13,5)	(13,6)	(13,7)	(13,8)	(13,9)	(13,10)	(13,11)	(13,12)	(13,13)	(13,14)	(13,15)	(13,16)	(13,17)	(13,18)	(13,19)	(14,3)	(14,4)	(14,5)	(14,6)	(14,7)	(14,17)	(14,18)	(14,19)	(15,3)	(15,4)	(15,5)	(15,6)	(15,7)	(16,3)	(16,4)	(16,5)	(16,6)	(16,7)	(17,3)	(17,4)	(17,5)	(17,6)	(17,7)	(18,3)	(18,4)	(18,5)	(19,3)	(20,2)	
(7,6):(7,4)	(7,6)	(8,5)	(9,4)	(9,5)	(10,3)	(10,4)	(10,5)	(11,2)	(11,3)	(11,4)	(11,5)	(12,2)	(12,3)	(12,4)	(12,5)	(12,6)	(13,1)	(13,2)	(13,3)	(13,4)	(13,5)	(13,6)	(14,3)	(14,4)	(14,5)	(14,6)	(15,3)	(15,4)	(15,5)	(15,6)	(16,3)	(16,4)	(16,5)	(16,6)	(17,3)	(17,4)	(17,5)	(17,6)	(18,3)	(18,4)	(18,5)	(19,3)	(20,2)	
(7,4):(7,4)	(7,6)	(8,5)	(9,4)	(9,5)	(10,4)	(10,5)	(11,4)	(11,5)	(12,4)	(12,5)	(12,6)	(13,4)	(13,5)	(13,6)	(14,4)	(14,5)	(14,6)	(15,4)	(15,5)	(15,6)	(15,7)	(16,4)	(16,5)	(16,6)	(16,7)	(17,4)	(17,5)	(17,6)	(17,7)	(18,4)	(18,5)	(19,5)	
(9,4):(7,4)	(7,6)	(8,5)	(9,1)	(9,4)	(9,5)	(10,2)	(10,3)	(10,4)	(10,5)	(11,2)	(11,3)	(11,4)	(11,5)	(12,2)	(12,3)	(12,4)	(12,5)	(12,6)	(13,1)	(13,2)	(13,3)	(13,4)	(13,5)	(13,6)	(14,3)	(14,4)	(14,5)	(14,6)	(14,7)	(15,3)	(15,4)	(15,5)	(15,6)	(15,7)	(16,3)	(16,4)	(16,5)	(16,6)	(16,7)	(17,3)	(17,4)	(17,5)	(17,6)	(17,7)	(17,8)	(18,3)	(18,4)	(18,5)	(19,3)	(19,5)	(20,2)	
(9,1):(9,1)	(9,4)	(9,5)	(10,2)	(10,3)	(10,4)	(10,5)	(11,2)	(11,3)	(11,4)	(11,5)	(12,2)	(12,3)	(12,4)	(12,5)	(12,6)	(13,1)	(13,2)	(13,3)	(13,4)	(13,5)	(13,6)	(13,7)	(14,3)	(14,4)	(14,5)	(14,6)	(14,7)	(15,3)	(15,4)	(15,5)	(15,6)	(15,7)	(16,3)	(16,4)	(16,5)	(16,6)	(16,7)	(16,8)	(17,3)	(17,4)	(17,5)	(17,6)	(17,7)	(17,8)	(17,9)	(18,4)	(18,5)	(19,5)	
(13,1):(7,6)	(8,5)	(9,1)	(9,4)	(9,5)	(10,2)	(10,3)	(10,4)	(10,5)	(11,2)	(11,3)	(11,4)	(11,5)	(11,15)	(11,16)	(11,17)	(11,18)	(11,19)	(12,2)	(12,3)	(12,4)	(12,5)	(12,6)	(12,8)	(12,9)	(12,10)	(12,11)	(12,12)	(12,13)	(12,14)	(12,15)	(12,16)	(12,17)	(12,18)	(12,19)	(13,1)	(13,2)	(13,3)	(13,4)	(13,5)	(13,6)	(13,7)	(13,8)	(13,9)	(13,10)	(13,11)	(13,12)	(13,13)	(13,14)	(13,15)	(13,16)	(13,17)	(13,18)	(13,19)	
(13,2):(7,6)	(8,5)	(9,1)	(9,4)	(9,5)	(10,2)	(10,3)	(10,4)	(10,5)	(11,2)	(11,3)	(11,4)	(11,5)	(11,14)	(11,15)	(11,16)	(11,17)	(11,18)	(11,19)	(12,2)	(12,3)	(12,4)	(12,5)	(12,6)	(12,8)	(12,9)	(12,10)	(12,11)	(12,12)	(12,13)	(12,14)	(12,15)	(12,16)	(12,17)	(12,18)	(12,19)	(13,1)	(13,2)	(13,3)	(13,4)	(13,5)	(13,6)	(13,7)	(13,8)	(13,9)	(13,10)	(13,11)	(13,12)	(13,13)	(13,14)	(13,15)	(13,16)	(13,17)	(13,18)	(13,19)	(14,3)	(14,4)	(14,5)	(14,6)	(14,7)	(14,17)	(14,18)	(14,19)	(15,3)	(15,4)	(15,5)	(15,6)	(15,7)	(16,3)	(16,4)	(16,5)	(16,6)	(16,7)	(16,8)	(16,9)	(17,3)	(17,4)	(17,5)	(17,6)	(17,7)	(17,8)	(17,9)	(17,10)	(17,11)	(17,12)	(18,3)	(18,4)	(18,5)	(18,13)	(19,3)	(19,5)	(20,2)	(20,3)	
(20,2):(7,6)	(8,5)	(9,4)	(9,5)	(10,2)	(10,3)	(10,4)	(10,5)	(11,2)	(11,3)	(11,4)	(11,5)	(12,2)	(12,3)	(12,4)	(12,5)	(12,6)	(12,8)	(13,2)	(13,3)	(13,4)	(13,5)	(13,6)	(13,7)	(14,3)	(14,4)	(14,5)	(14,6)	(14,7)	(15,3)	(15,4)	(15,5)	(15,6)	(15,7)	(16,3)	(16,4)	(16,5)	(16,6)	(17,3)	(17,4)	(17,5)	(18,3)	(18,4)	(19,3)	(20,2)	(20,3)	
(20,3):(10,2)	(10,3)	(11,2)	(11,3)	(12,2)	(12,3)	(13,2)	(13,3)	(14,3)	(15,3)	(16,3)	(17,3)	(18,3)	(19,3)	(20,2)	(20,3)	
(19,3):56.376190
(19,5):35.000000
(18,5):71.416664
(18,13):39.772728
(15,13):34.687500
(15,7):66.800003
(14,7):98.055557
(14,17):95.489395
(17,17):40.375000
(17,19):38.987179
(16,19):55.833332
(16,20):58.333332
(2,20):61.964287
(2,12):15.666667
(1,12):2.000000
(1,11):2.500000
(3,11):10.000000
(3,14):15.750000
(4,14):12.000000
(4,18):39.041668
(5,18):62.200001
(5,15):36.500000
(6,15):43.666668
(6,9):24.285715
(8,9):26.166666
(8,16):61.250000
(10,16):89.797226
(10,10):42.571430
(11,10):64.761902
(11,8):37.500000
(12,8):80.392860
(12,6):82.020561
(7,6):43.329544
(7,4):29.437500
(9,4):55.533333
(9,1):50.333332
(13,1):46.785713
(13,2):102.099998
(20,2):46.011364
(20,3):12.142858
(19,3),(19,5):33.133335
(19,3),(18,5):54.383335
(19,3),(18,13):24.272728
(19,3),(15,13):19.687500
(19,3),(15,7):49.133335
(19,3),(14,7):45.884525
(19,3),(14,17):13.953794
(19,3),(17,17):0.000000
(19,3),(17,19):0.000000
(19,3),(16,19):0.000000
(19,3),(16,20):0.000000
(19,3),(2,20):0.000000
(19,3),(2,12):0.000000
(19,3),(1,12):0.000000
(19,3),(1,11):0.000000
(19,3),(3,11):0.000000
(19,3),(3,14):0.000000
(19,3),(4,14):0.000000
(19,3),(4,18):0.000000
(19,3),(5,18):0.000000
(19,3),(5,15):0.000000
(19,3),(6,15):0.000000
(19,3),(6,9):0.000000
(19,3),(8,9):0.000000
(19,3),(8,16):0.000000
(19,3),(10,16):13.176658
(19,3),(10,10):0.000000
(19,3),(11,10):15.742857
(19,3),(11,8):0.867857
(19,3),(12,8):31.719048
(19,3),(12,6):52.007141
(19,3),(7,6):41.665260
(19,3),(7,4):27.181580
(19,3),(9,4):50.178787
(19,3),(9,1):42.396397
(19,3),(13,1):22.062366
(19,3),(13,2):53.190170
(19,3),(20,2):45.861362
(19,3),(20,3):12.142858
(19,5),(18,5):35.000000
(19,5),(18,13):14.333333
(19,5),(15,13):10.666667
(19,5),(15,7):34.000000
(19,5),(14,7):32.750000
(19,5),(14,17):8.184091
(19,5),(17,17):0.000000
(19,5),(17,19):0.000000
(19,5),(16,19):0.000000
(19,5),(16,20):0.000000
(19,5),(2,20):0.000000
(19,5),(2,12):0.000000
(19,5),(1,12):0.000000
(19,5),(1,11):0.000000
(19,5),(3,11):0.000000
(19,5),(3,14):0.000000
(19,5),(4,14):0.000000
(19,5),(4,18):0.000000
(19,5),(5,18):0.000000
(19,5),(5,15):0.000000
(19,5),(6,15):0.000000
(19,5),(6,9):0.000000
(19,5),(8,9):0.000000
(19,5),(8,16):0.000000
(19,5),(10,16):7.291667
(19,5),(10,10):0.000000
(19,5),(11,10):9.750000
(19,5),(11,8):0.000000
(19,5),(12,8):21.000000
(19,5),(12,6):34.916668
(19,5),(7,6):30.621212
(19,5),(7,4):12.000000
(19,5),(9,4):35.000000
(19,5),(9,1):28.500000
(19,5),(13,1):15.666667
(19,5),(13,2):34.000000
(19,5),(20,2):29.636364
(19,5),(20,3):11.142858
(18,5),(18,13):39.357143
(18,5),(15,13):34.687500
(18,5),(15,7):65.916664
(18,5),(14,7):47.166668
(18,5),(14,17):13.439394
(18,5),(17,17):0.000000
(18,5),(17,19):0.000000
(18,5),(16,19):0.000000
(18,5),(16,20):0.000000
(18,5),(2,20):0.000000
(18,5),(2,12):0.000000
(18,5),(1,12):0.000000
(18,5),(1,11):0.000000
(18,5),(3,11):0.000000
(18,5),(3,14):0.000000
(18,5),(4,14):0.000000
(18,5),(4,18):0.000000
(18,5),(5,18):0.000000
(18,5),(5,15):0.000000
(18,5),(6,15):0.000000
(18,5),(6,9):0.000000
(18,5),(8,9):0.000000
(18,5),(8,16):0.000000
(18,5),(10,16):12.055555
(18,5),(10,10):0.000000
(18,5),(11,10):14.500000
(18,5),(11,8):0.000000
(18,5),(12,8):30.299999
(18,5),(12,6):54.833332
(18,5),(7,6):41.954544
(18,5),(7,4):29.437500
(18,5),(9,4):53.952381
(18,5),(9,1):48.243591
(18,5),(13,1):23.416666
(18,5),(13,2):63.216667
(18,5),(20,2):43.886364
(18,5),(20,3):11.392858
(18,13),(15,13):33.000000
(18,13),(15,7):39.772728
(18,13),(14,7):21.772728
(18,13),(14,17):2.772727
(18,13),(17,17):0.000000
(18,13),(17,19):0.000000
(18,13),(16,19):0.000000
(18,13),(16,20):0.000000
(18,13),(2,20):0.000000
(18,13),(2,12):0.000000
(18,13),(1,12):0.000000
(18,13),(1,11):0.000000
(18,13),(3,11):0.000000
(18,13),(3,14):0.000000
(18,13),(4,14):0.000000
(18,13),(4,18):0.000000
(18,13),(5,18):0.000000
(18,13),(5,15):0.000000
(18,13),(6,15):0.000000
(18,13),(6,9):0.000000
(18,13),(8,9):0.000000
(18,13),(8,16):0.000000
(18,13),(10,16):6.668301
(18,13),(10,10):0.000000
(18,13),(11,10):10.458333
(18,13),(11,8):0.000000
(18,13),(12,8):17.972727
(18,13),(12,6):23.272728
(18,13),(7,6):18.522728
(18,13),(7,4):12.937500
(18,13),(9,4):24.022728
(18,13),(9,1):23.147728
(18,13),(13,1):0.772727
(18,13),(13,2):32.572727
(18,13),(20,2):16.750000
(18,13),(20,3):5.269231
(15,13),(15,7):34.687500
(15,13),(14,7):16.687500
(15,13),(14,17):0.000000
(15,13),(17,17):0.000000
(15,13),(17,19):0.000000
(15,13),(16,19):0.000000
(15,13),(16,20):0.000000
(15,13),(2,20):0.000000
(15,13),(2,12):0.000000
(15,13),(1,12):0.000000
(15,13),(1,11):0.000000
(15,13),(3,11):0.000000
(15,13),(3,14):0.000000
(15,13),(4,14):0.000000
(15,13),(4,18):0.000000
(15,13),(5,18):0.000000
(15,13),(5,15):0.000000
(15,13),(6,15):0.000000
(15,13),(6,9):0.000000
(15,13),(8,9):0.000000
(15,13),(8,16):0.000000
(15,13),(10,16):1.680556
(15,13),(10,10):0.000000
(15,13),(11,10):8.000000
(15,13),(11,8):0.000000
(15,13),(12,8):12.937500
(15,13),(12,6):18.187500
(15,13),(7,6):13.687500
(15,13),(7,4):10.875000
(15,13),(9,4):18.937500
(15,13),(9,1):17.400000
(15,13),(13,1):0.000000
(15,13),(13,2):27.487499
(15,13),(20,2):11.887500
(15,13),(20,3):3.937500
(15,7),(14,7):46.966667
(15,7),(14,17):13.072727
(15,7),(17,17):0.000000
(15,7),(17,19):0.000000
(15,7),(16,19):0.000000
(15,7),(16,20):0.000000
(15,7),(2,20):0.000000
(15,7),(2,12):0.000000
(15,7),(1,12):0.000000
(15,7),(1,11):0.000000
(15,7),(3,11):0.000000
(15,7),(3,14):0.000000
(15,7),(4,14):0.000000
(15,7),(4,18):0.000000
(15,7),(5,18):0.000000
(15,7),(5,15):0.000000
(15,7),(6,15):0.000000
(15,7),(6,9):0.000000
(15,7),(8,9):0.000000
(15,7),(8,16):0.000000
(15,7),(10,16):11.180555
(15,7),(10,10):0.000000
(15,7),(11,10):13.750000
(15,7),(11,8):0.000000
(15,7),(12,8):29.966667
(15,7),(12,6):50.299999
(15,7),(7,6):38.299999
(15,7),(7,4):24.937500
(15,7),(9,4):50.299999
(15,7),(9,1):46.666668
(15,7),(13,1):19.761538
(15,7),(13,2):58.866665
(15,7),(20,2):38.970589
(15,7),(20,3):11.642858
(14,7),(14,17):63.978283
(14,7),(17,17):15.333333
(14,7),(17,19):15.333333
(14,7),(16,19):23.555555
(14,7),(16,20):27.555555
(14,7),(2,20):23.555555
(14,7),(2,12):0.000000
(14,7),(1,12):0.000000
(14,7),(1,11):0.000000
(14,7),(3,11):0.000000
(14,7),(3,14):0.000000
(14,7),(4,14):0.000000
(14,7),(4,18):10.666667
(14,7),(5,18):22.755556
(14,7),(5,15):14.136201
(14,7),(6,15):11.373737
(14,7),(6,9):0.580400
(14,7),(8,9):0.000000
(14,7),(8,16):19.555555
(14,7),(10,16):61.656567
(14,7),(10,10):39.500000
(14,7),(11,10):62.083332
(14,7),(11,8):35.750000
(14,7),(12,8):79.000000
(14,7),(12,6):73.250000
(14,7),(7,6):36.750000
(14,7),(7,4):21.500000
(14,7),(9,4):46.583332
(14,7),(9,1):43.233334
(14,7),(13,1):42.035713
(14,7),(13,2):85.125000
(14,7),(20,2):39.908333
(14,7),(20,3):11.742857
(14,17),(17,17):40.250000
(14,17),(17,19):37.583332
(14,17),(16,19):54.250000
(14,17),(16,20):56.250000
(14,17),(2,20):50.464287
(14,17),(2,12):4.220238
(14,17),(1,12):0.000000
(14,17),(1,11):0.000000
(14,17),(3,11):1.722222
(14,17),(3,14):4.054054
(14,17),(4,14):3.555556
(14,17),(4,18):28.500000
(14,17),(5,18):53.450001
(14,17),(5,15):34.250000
(14,17),(6,15):29.416666
(14,17),(6,9):10.619047
(14,17),(8,9):12.429825
(14,17),(8,16):47.000000
(14,17),(10,16):84.241669
(14,17),(10,10):42.571430
(14,17),(11,10):53.261906
(14,17),(11,8):37.500000
(14,17),(12,8):60.966667
(14,17),(12,6):40.057575
(14,17),(7,6):10.889744
(14,17),(7,4):5.163636
(14,17),(9,4):12.572727
(14,17),(9,1):14.447727
(14,17),(13,1):31.525108
(14,17),(13,2):51.539394
(14,17),(20,2):13.829545
(14,17),(20,3):2.855151
(17,17),(17,19):26.625000
(17,17),(16,19):40.375000
(17,17),(16,20):38.375000
(17,17),(2,20):39.589287
(17,17),(2,12):4.332207
(17,17),(1,12):0.000000
(17,17),(1,11):0.000000
(17,17),(3,11):1.791667
(17,17),(3,14):4.165816
(17,17),(4,14):3.666667
(17,17),(4,18):28.375000
(17,17),(5,18):40.375000
(17,17),(5,15):28.750000
(17,17),(6,15):24.616667
(17,17),(6,9):8.142858
(17,17),(8,9):9.500000
(17,17),(8,16):37.000000
(17,17),(10,16):37.825001
(17,17),(10,10):14.550000
(17,17),(11,10):15.178572
(17,17),(11,8):10.500000
(17,17),(12,8):14.875000
(17,17),(12,6):6.818182
(17,17),(7,6):0.000000
(17,17),(7,4):0.000000
(17,17),(9,4):0.000000
(17,17),(9,1):0.000000
(17,17),(13,1):7.500000
(17,17),(13,2):11.550000
(17,17),(20,2):0.000000
(17,17),(20,3):0.000000
(17,19),(16,19):38.987179
(17,19),(16,20):36.987179
(17,19),(2,20):33.260990
(17,19),(2,12):2.320513
(17,19),(1,12):0.000000
(17,19),(1,11):0.000000
(17,19),(3,11):1.115385
(17,19),(3,14):2.278846
(17,19),(4,14):2.153846
(17,19),(4,18):15.153846
(17,19),(5,18):37.531250
(17,19),(5,15):24.000000
(17,19),(6,15):19.666666
(17,19),(6,9):7.952381
(17,19),(8,9):9.316667
(17,19),(8,16):33.750000
(17,19),(10,16):34.458332
(17,19),(10,10):14.476191
(17,19),(11,10):14.940476
(17,19),(11,8):9.666667
(17,19),(12,8):14.902778
(17,19),(12,6):5.696970
(17,19),(7,6):0.000000
(17,19),(7,4):0.000000
(17,19),(9,4):0.000000
(17,19),(9,1):0.000000
(17,19),(13,1):7.809524
(17,19),(13,2):11.141666
(17,19),(20,2):0.000000
(17,19),(20,3):0.000000
(16,19),(16,20):53.833332
(16,19),(2,20):48.130951
(16,19),(2,12):4.833333
(16,19),(1,12):0.000000
(16,19),(1,11):0.000000
(16,19),(3,11):2.125000
(16,19),(3,14):4.666667
(16,19),(4,14):4.166667
(16,19),(4,18):29.166666
(16,19),(5,18):52.452381
(16,19),(5,15):35.166668
(16,19),(6,15):30.333334
(16,19),(6,9):11.035714
(16,19),(8,9):12.907408
(16,19),(8,16):47.416668
(16,19),(10,16):51.075001
(16,19),(10,10):22.571428
(16,19),(11,10):23.261906
(16,19),(11,8):15.000000
(16,19),(12,8):23.000000
(16,19),(12,6):8.818182
(16,19),(7,6):0.000000
(16,19),(7,4):0.000000
(16,19),(9,4):0.000000
(16,19),(9,1):0.000000
(16,19),(13,1):11.723214
(16,19),(13,2):16.799999
(16,19),(20,2):0.000000
(16,19),(20,3):0.000000
(16,20),(2,20):47.083332
(16,20),(2,12):5.000000
(16,20),(1,12):0.000000
(16,20),(1,11):0.000000
(16,20),(3,11):2.250000
(16,20),(3,14):4.833333
(16,20),(4,14):4.333333
(16,20),(4,18):28.333334
(16,20),(5,18):51.421051
(16,20),(5,15):35.333332
(16,20),(6,15):30.666666
(16,20),(6,9):11.285714
(16,20),(8,9):13.166667
(16,20),(8,16):46.333332
(16,20),(10,16):53.700001
(16,20),(10,10):26.571428
(16,20),(11,10):27.261906
(16,20),(11,8):17.250000
(16,20),(12,8):26.857143
(16,20),(12,6):9.818182
(16,20),(7,6):0.000000
(16,20),(7,4):0.000000
(16,20),(9,4):0.000000
(16,20),(9,1):0.000000
(16,20),(13,1):13.418067
(16,20),(13,2):18.900000
(16,20),(20,2):0.000000
(16,20),(20,3):0.000000
(2,20),(2,12):14.666667
(2,20),(1,12):1.000000
(2,20),(1,11):1.500000
(2,20),(3,11):9.000000
(2,20),(3,14):15.500000
(2,20),(4,14):12.000000
(2,20),(4,18):38.839287
(2,20),(5,18):50.164288
(2,20),(5,15):30.470589
(2,20),(6,15):25.666666
(2,20),(6,9):8.952381
(2,20),(8,9):9.666667
(2,20),(8,16):43.214287
(2,20),(10,16):48.039288
(2,20),(10,10):22.571428
(2,20),(11,10):23.261906
(2,20),(11,8):17.250000
(2,20),(12,8):23.000000
(2,20),(12,6):11.818182
(2,20),(7,6):0.000000
(2,20),(7,4):0.000000
(2,20),(9,4):0.000000
(2,20),(9,1):0.000000
(2,20),(13,1):11.766483
(2,20),(13,2):18.845455
(2,20),(20,2):0.000000
(2,20),(20,3):0.000000
(2,12),(1,12):2.000000
(2,12),(1,11):2.500000
(2,12),(3,11):10.000000
(2,12),(3,14):14.750000
(2,12),(4,14):11.000000
(2,12),(4,18):13.708333
(2,12),(5,18):4.666667
(2,12),(5,15):0.000000
(2,12),(6,15):0.083333
(2,12),(6,9):0.000000
(2,12),(8,9):0.083333
(2,12),(8,16):1.939394
(2,12),(10,16):3.043137
(2,12),(10,10):0.000000
(2,12),(11,10):0.000000
(2,12),(11,8):0.000000
(2,12),(12,8):0.000000
(2,12),(12,6):0.000000
(2,12),(7,6):0.000000
(2,12),(7,4):0.000000
(2,12),(9,4):0.000000
(2,12),(9,1):0.000000
(2,12),(13,1):0.000000
(2,12),(13,2):0.000000
(2,12),(20,2):0.000000
(2,12),(20,3):0.000000
(1,12),(1,11):2.000000
(1,12),(3,11):2.000000
(1,12),(3,14):1.250000
(1,12),(4,14):0.000000
(1,12),(4,18):0.541667
(1,12),(5,18):0.000000
(1,12),(5,15):0.000000
(1,12),(6,15):0.000000
(1,12),(6,9):0.000000
(1,12),(8,9):0.000000
(1,12),(8,16):0.000000
(1,12),(10,16):0.000000
(1,12),(10,10):0.000000
(1,12),(11,10):0.000000
(1,12),(11,8):0.000000
(1,12),(12,8):0.000000
(1,12),(12,6):0.000000
(1,12),(7,6):0.000000
(1,12),(7,4):0.000000
(1,12),(9,4):0.000000
(1,12),(9,1):0.000000
(1,12),(13,1):0.000000
(1,12),(13,2):0.000000
(1,12),(20,2):0.000000
(1,12),(20,3):0.000000
(1,11),(3,11):2.500000
(1,11),(3,14):1.750000
(1,11),(4,14):0.000000
(1,11),(4,18):0.708333
(1,11),(5,18):0.000000
(1,11),(5,15):0.000000
(1,11),(6,15):0.000000
(1,11),(6,9):0.000000
(1,11),(8,9):0.000000
(1,11),(8,16):0.000000
(1,11),(10,16):0.000000
(1,11),(10,10):0.000000
(1,11),(11,10):0.000000
(1,11),(11,8):0.000000
(1,11),(12,8):0.000000
(1,11),(12,6):0.000000
(1,11),(7,6):0.000000
(1,11),(7,4):0.000000
(1,11),(9,4):0.000000
(1,11),(9,1):0.000000
(1,11),(13,1):0.000000
(1,11),(13,2):0.000000
(1,11),(20,2):0.000000
(1,11),(20,3):0.000000
(3,11),(3,14):9.250000
(3,11),(4,14):6.000000
(3,11),(4,18):8.041667
(3,11),(5,18):2.000000
(3,11),(5,15):0.000000
(3,11),(6,15):0.000000
(3,11),(6,9):0.000000
(3,11),(8,9):0.000000
(3,11),(8,16):0.333333
(3,11),(10,16):1.000000
(3,11),(10,10):0.000000
(3,11),(11,10):0.000000
(3,11),(11,8):0.000000
(3,11),(12,8):0.000000
(3,11),(12,6):0.000000
(3,11),(7,6):0.000000
(3,11),(7,4):0.000000
(3,11),(9,4):0.000000
(3,11),(9,1):0.000000
(3,11),(13,1):0.000000
(3,11),(13,2):0.000000
(3,11),(20,2):0.000000
(3,11),(20,3):0.000000
(3,14),(4,14):12.000000
(3,14),(4,18):14.541667
(3,14),(5,18):4.500000
(3,14),(5,15):0.000000
(3,14),(6,15):0.023810
(3,14),(6,9):0.000000
(3,14),(8,9):0.023810
(3,14),(8,16):1.785714
(3,14),(10,16):2.881818
(3,14),(10,10):0.000000
(3,14),(11,10):0.000000
(3,14),(11,8):0.000000
(3,14),(12,8):0.000000
(3,14),(12,6):0.000000
(3,14),(7,6):0.000000
(3,14),(7,4):0.000000
(3,14),(9,4):0.000000
(3,14),(9,1):0.000000
(3,14),(13,1):0.000000
(3,14),(13,2):0.000000
(3,14),(20,2):0.000000
(3,14),(20,3):0.000000
(4,14),(4,18):12.000000
(4,14),(5,18):4.000000
(4,14),(5,15):0.000000
(4,14),(6,15):0.000000
(4,14),(6,9):0.000000
(4,14),(8,9):0.000000
(4,14),(8,16):1.333333
(4,14),(10,16):2.400000
(4,14),(10,10):0.000000
(4,14),(11,10):0.000000
(4,14),(11,8):0.000000
(4,14),(12,8):0.000000
(4,14),(12,6):0.000000
(4,14),(7,6):0.000000
(4,14),(7,4):0.000000
(4,14),(9,4):0.000000
(4,14),(9,1):0.000000
(4,14),(13,1):0.000000
(4,14),(13,2):0.000000
(4,14),(20,2):0.000000
(4,14),(20,3):0.000000
(4,18),(5,18):29.000000
(4,18),(5,15):21.500000
(4,18),(6,15):18.666666
(4,18),(6,9):5.714286
(4,18),(8,9):6.666667
(4,18),(8,16):26.000000
(4,18),(10,16):27.200001
(4,18),(10,10):10.285714
(4,18),(11,10):10.714286
(4,18),(11,8):7.333333
(4,18),(12,8):10.388889
(4,18),(12,6):4.727273
(4,18),(7,6):0.000000
(4,18),(7,4):0.000000
(4,18),(9,4):0.000000
(4,18),(9,1):0.000000
(4,18),(13,1):5.142857
(4,18),(13,2):7.933333
(4,18),(20,2):0.000000
(4,18),(20,3):0.000000
(5,18),(5,15):36.500000
(5,18),(6,15):37.666668
(5,18),(6,9):18.285715
(5,18),(8,9):20.166666
(5,18),(8,16):55.250000
(5,18),(10,16):50.275002
(5,18),(10,10):21.771429
(5,18),(11,10):22.461905
(5,18),(11,8):16.500000
(5,18),(12,8):22.200001
(5,18),(12,6):11.218182
(5,18),(7,6):0.000000
(5,18),(7,4):0.000000
(5,18),(9,4):0.000000
(5,18),(9,1):0.000000
(5,18),(13,1):11.358441
(5,18),(13,2):18.071428
(5,18),(20,2):0.000000
(5,18),(20,3):0.000000
(5,15),(6,15):31.000000
(5,15),(6,9):12.285714
(5,15),(8,9):13.500000
(5,15),(8,16):36.500000
(5,15),(10,16):33.500000
(5,15),(10,10):12.885154
(5,15),(11,10):13.643484
(5,15),(11,8):8.812500
(5,15),(12,8):13.495384
(5,15),(12,6):5.388074
(5,15),(7,6):0.000000
(5,15),(7,4):0.000000
(5,15),(9,4):0.000000
(5,15),(9,1):0.000000
(5,15),(13,1):6.846320
(5,15),(13,2):10.055383
(5,15),(20,2):0.000000
(5,15),(20,3):0.000000
(6,15),(6,9):24.285715
(6,15),(8,9):26.166666
(6,15),(8,16):43.666668
(6,15),(10,16):28.666666
(6,15),(10,10):8.971429
(6,15),(11,10):10.094072
(6,15),(11,8):5.950000
(6,15),(12,8):10.388889
(6,15),(12,6):3.418182
(6,15),(7,6):0.000000
(6,15),(7,4):0.000000
(6,15),(9,4):0.000000
(6,15),(9,1):0.000000
(6,15),(13,1):5.369048
(6,15),(13,2):7.469761
(6,15),(20,2):0.000000
(6,15),(20,3):0.000000
(6,9),(8,9):22.000000
(6,9),(8,16):24.285715
(6,9),(10,16):10.285714
(6,9),(10,10):0.000000
(6,9),(11,10):0.000000
(6,9),(11,8):0.000000
(6,9),(12,8):0.019048
(6,9),(12,6):0.000000
(6,9),(7,6):0.000000
(6,9),(7,4):0.000000
(6,9),(9,4):0.000000
(6,9),(9,1):0.000000
(6,9),(13,1):0.000000
(6,9),(13,2):0.000000
(6,9),(20,2):0.000000
(6,9),(20,3):0.000000
(8,9),(8,16):26.166666
(8,9),(10,16):12.000000
(8,9),(10,10):0.000000
(8,9),(11,10):0.000000
(8,9),(11,8):0.000000
(8,9),(12,8):0.000000
(8,9),(12,6):0.000000
(8,9),(7,6):0.000000
(8,9),(7,4):0.000000
(8,9),(9,4):0.000000
(8,9),(9,1):0.000000
(8,9),(13,1):0.000000
(8,9),(13,2):0.000000
(8,9),(20,2):0.000000
(8,9),(20,3):0.000000
(8,16),(10,16):45.875000
(8,16),(10,10):18.571428
(8,16),(11,10):19.261906
(8,16),(11,8):13.500000
(8,16),(12,8):19.000000
(8,16),(12,6):8.818182
(8,16),(7,6):0.000000
(8,16),(7,4):0.000000
(8,16),(9,4):0.000000
(8,16),(9,1):0.000000
(8,16),(13,1):9.714286
(8,16),(13,2):14.966666
(8,16),(20,2):0.000000
(8,16),(20,3):0.000000
(10,16),(10,10):42.571430
(10,16),(11,10):57.484127
(10,16),(11,8):37.166668
(10,16),(12,8):60.722221
(10,16),(12,6):37.873737
(10,16),(7,6):9.333333
(10,16),(7,4):5.246998
(10,16),(9,4):10.817460
(10,16),(9,1):11.603187
(10,16),(13,1):24.285715
(10,16),(13,2):49.355556
(10,16),(20,2):13.305940
(10,16),(20,3):2.625000
(10,10),(11,10):41.928570
(10,10),(11,8):31.500000
(10,10),(12,8):40.000000
(10,10),(12,6):20.818182
(10,10),(7,6):0.000000
(10,10),(7,4):0.000000
(10,10),(9,4):0.000000
(10,10),(9,1):0.000000
(10,10),(13,1):20.000000
(10,10),(13,2):31.966667
(10,10),(20,2):0.000000
(10,10),(20,3):0.000000
(11,10),(11,8):37.500000
(11,10),(12,8):62.833332
(11,10),(12,6):40.318180
(11,10),(7,6):12.000000
(11,10),(7,4):6.119048
(11,10),(9,4):13.583333
(11,10),(9,1):12.223232
(11,10),(13,1):23.285715
(11,10),(13,2):51.799999
(11,10),(20,2):15.875000
(11,10),(20,3):3.750000
(11,8),(12,8):37.000000
(11,8),(12,6):24.818182
(11,8),(7,6):0.000000
(11,8),(7,4):0.000000
(11,8),(9,4):0.000000
(11,8),(9,1):0.533333
(11,8),(13,1):20.500000
(11,8),(13,2):33.299999
(11,8),(20,2):0.975000
(11,8),(20,3):0.000000
(12,8),(12,6):57.211040
(12,8),(7,6):27.392857
(12,8),(7,4):13.527778
(12,8),(9,4):29.726191
(12,8),(9,1):26.583334
(12,8),(13,1):29.285715
(12,8),(13,2):68.692856
(12,8),(20,2):29.517857
(12,8),(20,3):7.714286
(12,6),(7,6):43.202381
(12,6),(7,4):29.166666
(12,6),(9,4):54.535713
(12,6),(9,1):47.250000
(12,6),(13,1):36.500000
(12,6),(13,2):80.502380
(12,6),(20,2):45.088745
(12,6),(20,3):11.928572
(7,6),(7,4):22.954546
(7,6),(9,4):43.329544
(7,6),(9,1):33.954544
(7,6),(13,1):18.000000
(7,6),(13,2):42.329544
(7,6),(20,2):38.011364
(7,6),(20,3):9.625000
(7,4),(9,4):29.437500
(7,4),(9,1):25.437500
(7,4),(13,1):10.700000
(7,4),(13,2):28.437500
(7,4),(20,2):21.886364
(7,4),(20,3):0.000000
(9,4),(9,1):46.083332
(9,4),(13,1):22.833334
(9,4),(13,2):54.533333
(9,4),(20,2):42.882660
(9,4),(20,3):12.092857
(9,1),(13,1):20.833334
(9,1),(13,2):50.333332
(9,1),(20,2):34.844444
(9,1),(20,3):7.142857
(13,1),(13,2):46.785713
(13,1),(20,2):20.786036
(13,1),(20,3):5.142857
(13,2),(20,2):44.709679
(13,2),(20,3):12.142858
(20,2),(20,3):11.000000
