44
(13,16):(12,15)	(12,21)	(13,16)	(13,19)	(13,20)	(17,15)	(18,15)	(19,15)	(20,15)	(21,14)	(21,15)	(22,16)	
(13,19):(12,15)	(12,21)	(13,16)	(13,19)	(13,20)	(14,20)	(15,20)	(16,20)	(17,20)	(18,20)	(19,20)	(20,19)	(20,21)	
(20,19):(12,21)	(13,19)	(13,20)	(14,20)	(15,20)	(16,20)	(17,20)	(18,20)	(19,20)	(20,19)	(20,21)	
(20,21):(12,21)	(13,19)	(13,20)	(14,20)	(15,20)	(16,20)	(17,20)	(18,20)	(19,20)	(20,19)	(20,21)	
(12,21):(12,15)	(12,21)	(13,16)	(13,19)	(13,20)	(14,20)	(15,20)	(16,20)	(17,20)	(18,20)	(19,20)	(20,19)	(20,21)	
(12,15):(12,15)	(12,21)	(13,16)	(13,19)	(13,20)	(17,15)	(18,15)	(19,15)	(20,15)	(21,15)	(22,16)	
(17,15):(12,15)	(13,16)	(17,9)	(17,10)	(17,15)	(18,9)	(18,10)	(18,11)	(18,12)	(18,13)	(18,14)	(18,15)	(19,8)	(19,9)	(19,10)	(19,11)	(19,12)	(19,13)	(19,14)	(19,15)	(20,10)	(20,11)	(20,12)	(20,13)	(20,14)	(20,15)	(21,9)	(21,12)	(21,13)	(21,14)	(21,15)	(22,12)	(22,16)	
(17,10):(6,6)	(6,7)	(6,8)	(6,9)	(6,10)	(7,6)	(7,7)	(7,8)	(7,9)	(7,10)	(8,6)	(8,7)	(8,8)	(8,9)	(8,10)	(9,7)	(9,8)	(9,9)	(9,10)	(10,7)	(10,8)	(10,9)	(10,10)	(11,7)	(11,8)	(11,9)	(12,7)	(12,8)	(12,9)	(13,7)	(13,8)	(13,9)	(14,7)	(14,8)	(14,9)	(15,8)	(15,9)	(16,9)	(17,9)	(17,10)	(17,15)	(18,9)	(18,10)	(18,11)	(18,12)	(18,13)	(18,14)	(18,15)	(19,8)	(19,9)	(19,10)	(19,11)	(19,12)	(19,13)	(19,14)	(19,15)	(20,10)	(20,11)	(20,12)	(20,13)	(20,14)	(20,15)	(21,9)	(21,12)	(21,13)	(21,14)	(21,15)	(22,16)	
(10,10):(2,18)	(2,19)	(3,13)	(3,17)	(3,18)	(4,12)	(4,16)	(4,17)	(5,1)	(5,11)	(5,12)	(5,15)	(5,16)	(6,2)	(6,3)	(6,4)	(6,5)	(6,6)	(6,7)	(6,8)	(6,9)	(6,10)	(6,11)	(6,12)	(6,13)	(6,14)	(6,15)	(6,16)	(7,4)	(7,5)	(7,6)	(7,7)	(7,8)	(7,9)	(7,10)	(7,11)	(7,12)	(7,13)	(7,14)	(7,15)	(7,16)	(8,6)	(8,7)	(8,8)	(8,9)	(8,10)	(8,11)	(8,12)	(8,13)	(8,14)	(8,15)	(8,16)	(9,7)	(9,8)	(9,9)	(9,10)	(9,11)	(9,12)	(9,13)	(9,14)	(9,15)	(9,16)	(9,17)	(9,18)	(10,7)	(10,8)	(10,9)	(10,10)	(10,18)	(11,7)	(11,8)	(11,9)	(12,7)	(12,8)	(12,9)	(13,7)	(13,8)	(13,9)	(14,7)	(14,8)	(14,9)	(15,7)	(15,8)	(15,9)	(16,6)	(16,9)	(17,9)	(17,10)	(18,9)	(18,10)	(19,8)	(19,9)	(19,10)	(20,10)	(21,9)	
(10,18):(5,1)	(5,11)	(6,2)	(6,3)	(6,4)	(6,5)	(6,6)	(6,7)	(6,8)	(6,9)	(6,10)	(6,11)	(6,12)	(6,13)	(6,14)	(7,3)	(7,4)	(7,5)	(7,6)	(7,7)	(7,8)	(7,9)	(7,10)	(7,11)	(7,12)	(7,13)	(7,14)	(7,15)	(8,6)	(8,7)	(8,8)	(8,9)	(8,10)	(8,11)	(8,12)	(8,13)	(8,14)	(8,15)	(8,16)	(9,7)	(9,8)	(9,9)	(9,10)	(9,11)	(9,12)	(9,13)	(9,14)	(9,15)	(9,16)	(9,17)	(9,18)	(10,7)	(10,8)	(10,9)	(10,10)	(10,18)	
(9,18):(9,7)	(9,8)	(9,9)	(9,10)	(9,11)	(9,12)	(9,13)	(9,14)	(9,15)	(9,16)	(9,17)	(9,18)	(10,7)	(10,8)	(10,9)	(10,10)	(10,18)	
(9,17):(1,14)	(2,15)	(2,16)	(2,17)	(3,15)	(3,16)	(3,17)	(4,15)	(4,16)	(4,17)	(5,1)	(5,11)	(5,15)	(5,16)	(6,2)	(6,3)	(6,4)	(6,5)	(6,6)	(6,7)	(6,8)	(6,9)	(6,10)	(6,11)	(6,12)	(6,13)	(6,14)	(6,15)	(6,16)	(7,3)	(7,4)	(7,5)	(7,6)	(7,7)	(7,8)	(7,9)	(7,10)	(7,11)	(7,12)	(7,13)	(7,14)	(7,15)	(7,16)	(8,6)	(8,7)	(8,8)	(8,9)	(8,10)	(8,11)	(8,12)	(8,13)	(8,14)	(8,15)	(8,16)	(9,7)	(9,8)	(9,9)	(9,10)	(9,11)	(9,12)	(9,13)	(9,14)	(9,15)	(9,16)	(9,17)	(9,18)	(10,7)	(10,8)	(10,9)	(10,10)	(10,18)	
(4,17):(1,14)	(2,15)	(2,16)	(2,17)	(2,18)	(2,19)	(2,20)	(3,15)	(3,16)	(3,17)	(3,18)	(3,19)	(4,15)	(4,16)	(4,17)	(4,20)	(5,15)	(5,16)	(6,14)	(6,15)	(6,16)	(7,13)	(7,14)	(7,15)	(7,16)	(8,11)	(8,12)	(8,13)	(8,14)	(8,15)	(8,16)	(9,10)	(9,11)	(9,12)	(9,13)	(9,14)	(9,15)	(9,16)	(9,17)	(10,8)	(10,9)	(10,10)	(11,7)	(11,8)	(12,7)	
(4,20):(1,14)	(2,15)	(2,16)	(2,17)	(2,18)	(2,19)	(2,20)	(3,15)	(3,16)	(3,17)	(3,18)	(3,19)	(4,15)	(4,16)	(4,17)	(4,20)	
(2,20):(1,14)	(1,22)	(2,15)	(2,16)	(2,17)	(2,18)	(2,19)	(2,20)	(2,22)	(3,15)	(3,16)	(3,17)	(3,18)	(3,19)	(4,15)	(4,16)	(4,17)	(4,20)	(5,15)	(6,14)	
(2,22):(1,14)	(1,22)	(2,15)	(2,16)	(2,17)	(2,18)	(2,19)	(2,20)	(2,22)	
(1,22):(1,14)	(1,22)	(2,15)	(2,16)	(2,17)	(2,18)	(2,19)	(2,20)	(2,22)	(3,15)	(3,16)	(3,17)	(3,18)	(4,15)	(4,16)	
(1,14):(1,14)	(1,22)	(2,15)	(2,16)	(2,17)	(2,18)	(2,19)	(2,20)	(2,22)	(3,15)	(3,16)	(3,17)	(3,18)	(3,19)	(4,15)	(4,16)	(4,17)	(4,20)	(5,15)	(5,16)	(6,14)	(6,15)	(6,16)	(7,14)	(7,15)	(7,16)	(8,14)	(8,15)	(8,16)	(9,14)	(9,15)	(9,16)	(9,17)	
(6,14):(1,14)	(2,15)	(2,16)	(2,17)	(2,18)	(2,19)	(2,20)	(3,15)	(3,16)	(3,17)	(3,18)	(4,15)	(4,16)	(4,17)	(5,15)	(5,16)	(6,2)	(6,3)	(6,4)	(6,5)	(6,6)	(6,7)	(6,8)	(6,9)	(6,10)	(6,11)	(6,12)	(6,13)	(6,14)	(6,15)	(6,16)	(7,1)	(7,3)	(7,4)	(7,5)	(7,6)	(7,7)	(7,8)	(7,9)	(7,10)	(7,11)	(7,12)	(7,13)	(7,14)	(7,15)	(7,16)	(8,4)	(8,5)	(8,6)	(8,7)	(8,8)	(8,9)	(8,10)	(8,11)	(8,12)	(8,13)	(8,14)	(8,15)	(8,16)	(9,7)	(9,8)	(9,9)	(9,10)	(9,11)	(9,12)	(9,13)	(9,14)	(9,15)	(9,16)	(9,17)	(10,7)	(10,8)	(10,9)	(10,10)	(10,18)	(11,7)	(11,8)	(11,9)	(12,7)	(12,8)	(13,7)	
(6,13):(3,11)	(3,13)	(4,12)	(5,1)	(5,11)	(5,12)	(6,2)	(6,3)	(6,4)	(6,5)	(6,6)	(6,7)	(6,8)	(6,9)	(6,10)	(6,11)	(6,12)	(6,13)	(6,14)	(6,15)	(6,16)	(7,1)	(7,3)	(7,4)	(7,5)	(7,6)	(7,7)	(7,8)	(7,9)	(7,10)	(7,11)	(7,12)	(7,13)	(7,14)	(7,15)	(7,16)	(8,4)	(8,5)	(8,6)	(8,7)	(8,8)	(8,9)	(8,10)	(8,11)	(8,12)	(8,13)	(8,14)	(8,15)	(8,16)	(9,7)	(9,8)	(9,9)	(9,10)	(9,11)	(9,12)	(9,13)	(9,14)	(9,15)	(9,16)	(9,17)	(10,7)	(10,8)	(10,9)	(10,10)	(10,18)	(11,7)	(11,8)	(11,9)	(12,7)	(12,8)	(13,7)	(14,7)	
(3,13):(3,11)	(3,13)	(4,12)	(5,11)	(5,12)	(6,10)	(6,11)	(6,12)	(6,13)	(7,9)	(7,10)	(7,11)	(7,12)	(7,13)	(8,8)	(8,9)	(8,10)	(8,11)	(8,12)	(8,13)	(9,7)	(9,8)	(9,9)	(9,10)	(9,11)	(9,12)	(9,13)	(10,7)	(10,8)	(10,9)	(10,10)	(11,7)	(11,8)	(11,9)	(12,7)	(12,8)	(12,9)	(13,7)	(13,8)	(14,7)	(14,8)	(15,7)	(16,6)	
(3,11):(3,11)	(3,13)	(4,12)	(5,11)	(5,12)	(6,11)	(6,12)	(6,13)	(7,11)	(7,12)	(7,13)	(8,11)	(8,12)	(8,13)	(8,14)	(9,11)	(9,12)	(9,13)	(9,14)	(9,15)	
(5,11):(3,11)	(3,13)	(4,12)	(5,1)	(5,11)	(5,12)	(6,2)	(6,3)	(6,4)	(6,5)	(6,6)	(6,7)	(6,8)	(6,9)	(6,10)	(6,11)	(6,12)	(6,13)	(7,1)	(7,3)	(7,4)	(7,5)	(7,6)	(7,7)	(7,8)	(7,9)	(7,10)	(7,11)	(7,12)	(7,13)	(7,14)	(7,15)	(8,4)	(8,5)	(8,6)	(8,7)	(8,8)	(8,9)	(8,10)	(8,11)	(8,12)	(8,13)	(8,14)	(8,15)	(8,16)	(9,7)	(9,8)	(9,9)	(9,10)	(9,11)	(9,12)	(9,13)	(9,14)	(9,15)	(9,16)	(9,17)	(10,7)	(10,8)	(10,9)	(10,10)	(10,18)	(11,7)	(11,8)	(11,9)	(12,7)	(12,8)	(12,9)	(13,7)	(13,8)	(13,9)	(14,7)	(14,8)	(14,9)	(15,7)	(15,8)	(15,9)	(16,6)	(19,8)	
(5,1):(5,1)	(5,11)	(5,12)	(6,2)	(6,3)	(6,4)	(6,5)	(6,6)	(6,7)	(6,8)	(6,9)	(6,10)	(6,11)	(6,12)	(6,13)	(7,1)	(7,3)	(7,4)	(7,5)	(7,6)	(7,7)	(7,8)	(7,9)	(7,10)	(7,11)	(7,12)	(7,13)	(7,14)	(7,15)	(7,16)	(8,4)	(8,5)	(8,6)	(8,7)	(8,8)	(8,9)	(8,10)	(8,11)	(8,12)	(8,13)	(8,14)	(8,15)	(8,16)	(9,8)	(9,9)	(9,10)	(9,11)	(9,12)	(9,13)	(9,14)	(9,15)	(9,16)	(9,17)	(10,10)	(10,18)	
(7,1):(5,1)	(5,11)	(5,12)	(6,2)	(6,3)	(6,4)	(6,5)	(6,6)	(6,7)	(6,8)	(6,9)	(6,10)	(6,11)	(6,12)	(6,13)	(6,14)	(6,15)	(6,16)	(7,1)	(7,3)	(7,4)	(7,5)	(7,6)	(7,7)	(7,8)	(7,9)	(7,10)	(7,11)	(7,12)	(7,13)	(7,14)	(7,15)	(7,16)	
(7,3):(5,1)	(5,11)	(5,12)	(6,2)	(6,3)	(6,4)	(6,5)	(6,6)	(6,7)	(6,8)	(6,9)	(6,10)	(6,11)	(6,12)	(6,13)	(6,14)	(6,15)	(6,16)	(7,1)	(7,3)	(7,4)	(7,5)	(7,6)	(7,7)	(7,8)	(7,9)	(7,10)	(7,11)	(7,12)	(7,13)	(7,14)	(7,15)	(7,16)	(8,4)	(8,5)	(8,6)	(8,7)	(8,8)	(8,9)	(8,10)	(8,11)	(8,12)	(8,13)	(8,14)	(8,15)	(8,16)	(9,4)	(9,9)	(9,10)	(9,11)	(9,12)	(9,13)	(9,14)	(9,15)	(9,16)	(9,17)	(10,4)	(10,18)	(11,3)	(11,4)	
(11,3):(6,3)	(6,4)	(6,5)	(6,6)	(7,3)	(7,4)	(7,5)	(8,4)	(8,5)	(9,4)	(10,4)	(11,3)	(11,4)	
(11,4):(6,3)	(6,4)	(6,5)	(7,3)	(7,4)	(7,5)	(8,4)	(8,5)	(9,4)	(10,4)	(11,3)	(11,4)	(14,4)	(15,4)	(16,4)	(17,4)	(18,5)	
(14,4):(6,4)	(6,5)	(7,4)	(7,5)	(8,4)	(8,5)	(9,4)	(10,4)	(11,4)	(14,2)	(14,4)	(15,3)	(15,4)	(16,3)	(16,4)	(17,3)	(17,4)	(18,2)	(18,5)	
(14,2):(14,2)	(14,4)	(15,3)	(15,4)	(16,3)	(16,4)	(17,3)	(17,4)	(18,2)	(18,5)	
(18,2):(14,2)	(14,4)	(15,3)	(15,4)	(16,3)	(16,4)	(17,3)	(17,4)	(18,2)	(18,5)	
(18,5):(6,4)	(6,5)	(7,4)	(7,5)	(8,4)	(8,5)	(9,4)	(10,4)	(11,4)	(14,2)	(14,4)	(15,3)	(15,4)	(16,3)	(16,4)	(17,3)	(17,4)	(18,2)	(18,5)	
(8,5):(5,1)	(5,11)	(5,12)	(6,2)	(6,3)	(6,4)	(6,5)	(6,6)	(6,7)	(6,8)	(6,9)	(6,10)	(6,11)	(6,12)	(6,13)	(6,14)	(6,15)	(6,16)	(7,3)	(7,4)	(7,5)	(7,6)	(7,7)	(7,8)	(7,9)	(7,10)	(7,11)	(7,12)	(7,13)	(7,14)	(7,15)	(7,16)	(8,4)	(8,5)	(8,6)	(8,7)	(8,8)	(8,9)	(8,10)	(8,11)	(8,12)	(8,13)	(8,14)	(8,15)	(8,16)	(9,4)	(10,4)	(11,3)	(11,4)	(14,4)	(15,4)	(16,4)	(17,4)	(18,5)	
(8,6):(5,1)	(5,11)	(5,12)	(6,2)	(6,3)	(6,4)	(6,5)	(6,6)	(6,7)	(6,8)	(6,9)	(6,10)	(6,11)	(6,12)	(6,13)	(6,14)	(6,15)	(6,16)	(7,3)	(7,4)	(7,5)	(7,6)	(7,7)	(7,8)	(7,9)	(7,10)	(7,11)	(7,12)	(7,13)	(7,14)	(7,15)	(7,16)	(8,4)	(8,5)	(8,6)	(8,7)	(8,8)	(8,9)	(8,10)	(8,11)	(8,12)	(8,13)	(8,14)	(8,15)	(8,16)	(9,7)	(9,8)	(9,9)	(9,10)	(9,11)	(9,12)	(9,13)	(9,14)	(9,15)	(9,16)	(9,17)	(10,7)	(10,8)	(10,9)	(10,10)	(10,18)	(11,7)	(11,8)	(11,9)	(12,7)	(12,8)	(12,9)	(13,7)	(13,8)	(13,9)	(14,7)	(14,8)	(14,9)	(15,7)	(15,8)	(15,9)	(16,6)	(16,7)	(16,9)	(17,9)	(17,10)	(18,9)	(18,10)	(19,10)	(20,10)	(20,11)	
(16,6):(3,13)	(4,12)	(5,11)	(5,12)	(6,6)	(6,7)	(6,8)	(6,9)	(6,10)	(6,11)	(6,12)	(7,6)	(7,7)	(7,8)	(7,9)	(7,10)	(7,11)	(7,12)	(8,6)	(8,7)	(8,8)	(8,9)	(8,10)	(8,11)	(9,7)	(9,8)	(9,9)	(9,10)	(10,7)	(10,8)	(10,9)	(10,10)	(11,7)	(11,8)	(11,9)	(12,7)	(12,8)	(12,9)	(13,7)	(13,8)	(13,9)	(14,7)	(14,8)	(15,7)	(16,6)	(16,7)	
(16,7):(6,6)	(6,7)	(7,6)	(7,7)	(8,6)	(8,7)	(9,7)	(10,7)	(11,7)	(12,7)	(13,7)	(14,7)	(15,7)	(16,6)	(16,7)	
(15,7):(3,13)	(4,12)	(5,11)	(5,12)	(6,6)	(6,7)	(6,8)	(6,9)	(6,10)	(6,11)	(6,12)	(7,6)	(7,7)	(7,8)	(7,9)	(7,10)	(7,11)	(8,6)	(8,7)	(8,8)	(8,9)	(8,10)	(8,11)	(9,7)	(9,8)	(9,9)	(9,10)	(10,7)	(10,8)	(10,9)	(10,10)	(11,7)	(11,8)	(11,9)	(12,7)	(12,8)	(12,9)	(13,7)	(13,8)	(13,9)	(14,7)	(14,8)	(14,9)	(15,7)	(15,8)	(15,9)	(16,6)	(16,7)	
(15,8):(4,12)	(5,11)	(5,12)	(6,6)	(6,7)	(6,8)	(6,9)	(6,10)	(6,11)	(7,6)	(7,7)	(7,8)	(7,9)	(7,10)	(7,11)	(8,6)	(8,7)	(8,8)	(8,9)	(8,10)	(9,7)	(9,8)	(9,9)	(9,10)	(10,7)	(10,8)	(10,9)	(10,10)	(11,7)	(11,8)	(11,9)	(12,7)	(12,8)	(12,9)	(13,7)	(13,8)	(13,9)	(14,7)	(14,8)	(14,9)	(15,7)	(15,8)	(15,9)	(16,9)	(17,9)	(17,10)	(18,9)	(18,10)	(18,11)	(19,8)	(19,9)	(19,10)	(19,11)	(19,12)	(20,10)	(20,11)	(20,12)	(20,13)	(21,12)	(21,13)	(21,14)	
(19,8):(5,11)	(6,8)	(6,9)	(6,10)	(7,8)	(7,9)	(7,10)	(8,8)	(8,9)	(8,10)	(9,8)	(9,9)	(9,10)	(10,8)	(10,9)	(10,10)	(11,8)	(11,9)	(12,8)	(12,9)	(13,8)	(13,9)	(14,8)	(14,9)	(15,8)	(15,9)	(16,9)	(17,9)	(17,10)	(17,15)	(18,9)	(18,10)	(18,11)	(18,12)	(18,13)	(18,14)	(18,15)	(19,8)	(19,9)	(19,10)	(19,11)	(19,12)	(19,13)	(19,14)	(19,15)	
(19,9):(6,6)	(6,7)	(6,8)	(6,9)	(6,10)	(7,6)	(7,7)	(7,8)	(7,9)	(7,10)	(8,7)	(8,8)	(8,9)	(8,10)	(9,7)	(9,8)	(9,9)	(9,10)	(10,7)	(10,8)	(10,9)	(10,10)	(11,7)	(11,8)	(11,9)	(12,8)	(12,9)	(13,8)	(13,9)	(14,8)	(14,9)	(15,8)	(15,9)	(16,9)	(17,9)	(17,10)	(17,15)	(18,9)	(18,10)	(18,11)	(18,12)	(18,13)	(18,14)	(18,15)	(19,8)	(19,9)	(19,10)	(19,11)	(19,12)	(19,13)	(19,14)	(19,15)	(20,10)	(20,11)	(20,12)	(20,13)	(20,14)	(20,15)	(21,9)	(21,12)	(21,13)	(21,14)	(21,15)	(22,16)	
(21,9):(6,9)	(6,10)	(7,9)	(7,10)	(8,9)	(8,10)	(9,9)	(9,10)	(10,9)	(10,10)	(11,9)	(12,9)	(13,9)	(14,9)	(15,9)	(16,9)	(17,9)	(17,10)	(17,15)	(18,9)	(18,10)	(18,11)	(18,12)	(18,13)	(18,14)	(18,15)	(19,9)	(19,10)	(19,11)	(19,12)	(19,13)	(19,14)	(19,15)	(20,10)	(20,11)	(20,12)	(20,13)	(20,14)	(20,15)	(21,9)	(21,12)	(21,13)	(21,14)	(21,15)	
(21,12):(11,7)	(12,7)	(13,7)	(13,8)	(14,8)	(15,8)	(15,9)	(16,9)	(17,9)	(17,10)	(17,15)	(18,9)	(18,10)	(18,11)	(18,12)	(18,13)	(18,14)	(18,15)	(19,9)	(19,10)	(19,11)	(19,12)	(19,13)	(19,14)	(19,15)	(20,10)	(20,11)	(20,12)	(20,13)	(20,14)	(20,15)	(21,9)	(21,12)	(21,13)	(21,14)	(21,15)	(22,12)	(22,16)	
(22,12):(17,15)	(18,12)	(18,13)	(18,14)	(18,15)	(19,12)	(19,13)	(19,14)	(19,15)	(20,12)	(20,13)	(20,14)	(20,15)	(21,12)	(21,13)	(21,14)	(21,15)	(22,12)	(22,16)	
(22,16):(12,15)	(13,16)	(17,9)	(17,10)	(17,15)	(18,9)	(18,10)	(18,11)	(18,12)	(18,13)	(18,14)	(18,15)	(19,9)	(19,10)	(19,11)	(19,12)	(19,13)	(19,14)	(19,15)	(20,10)	(20,11)	(20,12)	(20,13)	(20,14)	(20,15)	(21,12)	(21,13)	(21,14)	(21,15)	(22,12)	(22,16)	
(13,16):18.125000
(13,19):20.000000
(20,19):16.000000
(20,21):16.142857
(12,21):20.100000
(12,15):15.500000
(17,15):39.125000
(17,10):77.750000
(10,10):102.800003
(10,18):58.950001
(9,18):13.000000
(9,17):79.948051
(4,17):54.273811
(4,20):18.000000
(2,20):23.000000
(2,22):8.000000
(1,22):17.000000
(1,14):38.187500
(6,14):82.694443
(6,13):79.791664
(3,13):41.892857
(3,11):19.333334
(5,11):86.366669
(5,1):61.008335
(7,1):28.746155
(7,3):67.837662
(11,3):15.000000
(11,4):21.000000
(14,4):21.750000
(14,2):12.000000
(18,2):13.000000
(18,5):23.571428
(8,5):57.333332
(8,6):98.025574
(16,6):47.840908
(16,7):11.562500
(15,7):52.342857
(15,8):68.152382
(19,8):43.158730
(19,9):71.305557
(21,9):41.469696
(21,12):43.333332
(22,12):20.833334
(22,16):39.327381
(13,16),(13,19):6.000000
(13,16),(20,19):2.000000
(13,16),(20,21):2.142857
(13,16),(12,21):6.100000
(13,16),(12,15):15.000000
(13,16),(17,15):13.250000
(13,16),(17,10):8.125000
(13,16),(10,10):0.000000
(13,16),(10,18):0.000000
(13,16),(9,18):0.000000
(13,16),(9,17):0.000000
(13,16),(4,17):0.000000
(13,16),(4,20):0.000000
(13,16),(2,20):0.000000
(13,16),(2,22):0.000000
(13,16),(1,22):0.000000
(13,16),(1,14):0.000000
(13,16),(6,14):0.000000
(13,16),(6,13):0.000000
(13,16),(3,13):0.000000
(13,16),(3,11):0.000000
(13,16),(5,11):0.000000
(13,16),(5,1):0.000000
(13,16),(7,1):0.000000
(13,16),(7,3):0.000000
(13,16),(11,3):0.000000
(13,16),(11,4):0.000000
(13,16),(14,4):0.000000
(13,16),(14,2):0.000000
(13,16),(18,2):0.000000
(13,16),(18,5):0.000000
(13,16),(8,5):0.000000
(13,16),(8,6):0.000000
(13,16),(16,6):0.000000
(13,16),(16,7):0.000000
(13,16),(15,7):0.000000
(13,16),(15,8):0.625000
(13,16),(19,8):2.642857
(13,16),(19,9):8.291667
(13,16),(21,9):6.333333
(13,16),(21,12):8.791667
(13,16),(22,12):8.958333
(13,16),(22,16):13.125000
(13,19),(20,19):16.000000
(13,19),(20,21):16.142857
(13,19),(12,21):20.000000
(13,19),(12,15):6.500000
(13,19),(17,15):1.125000
(13,19),(17,10):0.000000
(13,19),(10,10):0.000000
(13,19),(10,18):0.000000
(13,19),(9,18):0.000000
(13,19),(9,17):0.000000
(13,19),(4,17):0.000000
(13,19),(4,20):0.000000
(13,19),(2,20):0.000000
(13,19),(2,22):0.000000
(13,19),(1,22):0.000000
(13,19),(1,14):0.000000
(13,19),(6,14):0.000000
(13,19),(6,13):0.000000
(13,19),(3,13):0.000000
(13,19),(3,11):0.000000
(13,19),(5,11):0.000000
(13,19),(5,1):0.000000
(13,19),(7,1):0.000000
(13,19),(7,3):0.000000
(13,19),(11,3):0.000000
(13,19),(11,4):0.000000
(13,19),(14,4):0.000000
(13,19),(14,2):0.000000
(13,19),(18,2):0.000000
(13,19),(18,5):0.000000
(13,19),(8,5):0.000000
(13,19),(8,6):0.000000
(13,19),(16,6):0.000000
(13,19),(16,7):0.000000
(13,19),(15,7):0.000000
(13,19),(15,8):0.000000
(13,19),(19,8):0.000000
(13,19),(19,9):0.000000
(13,19),(21,9):0.000000
(13,19),(21,12):0.000000
(13,19),(22,12):0.000000
(13,19),(22,16):1.000000
(20,19),(20,21):16.000000
(20,19),(12,21):16.000000
(20,19),(12,15):2.500000
(20,19),(17,15):0.000000
(20,19),(17,10):0.000000
(20,19),(10,10):0.000000
(20,19),(10,18):0.000000
(20,19),(9,18):0.000000
(20,19),(9,17):0.000000
(20,19),(4,17):0.000000
(20,19),(4,20):0.000000
(20,19),(2,20):0.000000
(20,19),(2,22):0.000000
(20,19),(1,22):0.000000
(20,19),(1,14):0.000000
(20,19),(6,14):0.000000
(20,19),(6,13):0.000000
(20,19),(3,13):0.000000
(20,19),(3,11):0.000000
(20,19),(5,11):0.000000
(20,19),(5,1):0.000000
(20,19),(7,1):0.000000
(20,19),(7,3):0.000000
(20,19),(11,3):0.000000
(20,19),(11,4):0.000000
(20,19),(14,4):0.000000
(20,19),(14,2):0.000000
(20,19),(18,2):0.000000
(20,19),(18,5):0.000000
(20,19),(8,5):0.000000
(20,19),(8,6):0.000000
(20,19),(16,6):0.000000
(20,19),(16,7):0.000000
(20,19),(15,7):0.000000
(20,19),(15,8):0.000000
(20,19),(19,8):0.000000
(20,19),(19,9):0.000000
(20,19),(21,9):0.000000
(20,19),(21,12):0.000000
(20,19),(22,12):0.000000
(20,19),(22,16):0.000000
(20,21),(12,21):16.142857
(20,21),(12,15):2.642857
(20,21),(17,15):0.000000
(20,21),(17,10):0.000000
(20,21),(10,10):0.000000
(20,21),(10,18):0.000000
(20,21),(9,18):0.000000
(20,21),(9,17):0.000000
(20,21),(4,17):0.000000
(20,21),(4,20):0.000000
(20,21),(2,20):0.000000
(20,21),(2,22):0.000000
(20,21),(1,22):0.000000
(20,21),(1,14):0.000000
(20,21),(6,14):0.000000
(20,21),(6,13):0.000000
(20,21),(3,13):0.000000
(20,21),(3,11):0.000000
(20,21),(5,11):0.000000
(20,21),(5,1):0.000000
(20,21),(7,1):0.000000
(20,21),(7,3):0.000000
(20,21),(11,3):0.000000
(20,21),(11,4):0.000000
(20,21),(14,4):0.000000
(20,21),(14,2):0.000000
(20,21),(18,2):0.000000
(20,21),(18,5):0.000000
(20,21),(8,5):0.000000
(20,21),(8,6):0.000000
(20,21),(16,6):0.000000
(20,21),(16,7):0.000000
(20,21),(15,7):0.000000
(20,21),(15,8):0.000000
(20,21),(19,8):0.000000
(20,21),(19,9):0.000000
(20,21),(21,9):0.000000
(20,21),(21,12):0.000000
(20,21),(22,12):0.000000
(20,21),(22,16):0.000000
(12,21),(12,15):6.600000
(12,21),(17,15):1.225000
(12,21),(17,10):0.000000
(12,21),(10,10):0.000000
(12,21),(10,18):0.000000
(12,21),(9,18):0.000000
(12,21),(9,17):0.000000
(12,21),(4,17):0.000000
(12,21),(4,20):0.000000
(12,21),(2,20):0.000000
(12,21),(2,22):0.000000
(12,21),(1,22):0.000000
(12,21),(1,14):0.000000
(12,21),(6,14):0.000000
(12,21),(6,13):0.000000
(12,21),(3,13):0.000000
(12,21),(3,11):0.000000
(12,21),(5,11):0.000000
(12,21),(5,1):0.000000
(12,21),(7,1):0.000000
(12,21),(7,3):0.000000
(12,21),(11,3):0.000000
(12,21),(11,4):0.000000
(12,21),(14,4):0.000000
(12,21),(14,2):0.000000
(12,21),(18,2):0.000000
(12,21),(18,5):0.000000
(12,21),(8,5):0.000000
(12,21),(8,6):0.000000
(12,21),(16,6):0.000000
(12,21),(16,7):0.000000
(12,21),(15,7):0.000000
(12,21),(15,8):0.000000
(12,21),(19,8):0.000000
(12,21),(19,9):0.000000
(12,21),(21,9):0.000000
(12,21),(21,12):0.000000
(12,21),(22,12):0.000000
(12,21),(22,16):1.100000
(12,15),(17,15):10.125000
(12,15),(17,10):5.000000
(12,15),(10,10):0.000000
(12,15),(10,18):0.000000
(12,15),(9,18):0.000000
(12,15),(9,17):0.000000
(12,15),(4,17):0.000000
(12,15),(4,20):0.000000
(12,15),(2,20):0.000000
(12,15),(2,22):0.000000
(12,15),(1,22):0.000000
(12,15),(1,14):0.000000
(12,15),(6,14):0.000000
(12,15),(6,13):0.000000
(12,15),(3,13):0.000000
(12,15),(3,11):0.000000
(12,15),(5,11):0.000000
(12,15),(5,1):0.000000
(12,15),(7,1):0.000000
(12,15),(7,3):0.000000
(12,15),(11,3):0.000000
(12,15),(11,4):0.000000
(12,15),(14,4):0.000000
(12,15),(14,2):0.000000
(12,15),(18,2):0.000000
(12,15),(18,5):0.000000
(12,15),(8,5):0.000000
(12,15),(8,6):0.000000
(12,15),(16,6):0.000000
(12,15),(16,7):0.000000
(12,15),(15,7):0.000000
(12,15),(15,8):0.000000
(12,15),(19,8):2.142857
(12,15),(19,9):5.166667
(12,15),(21,9):4.333333
(12,15),(21,12):5.666667
(12,15),(22,12):5.833333
(12,15),(22,16):10.000000
(17,15),(17,10):33.750000
(17,15),(10,10):6.000000
(17,15),(10,18):0.000000
(17,15),(9,18):0.000000
(17,15),(9,17):0.000000
(17,15),(4,17):0.000000
(17,15),(4,20):0.000000
(17,15),(2,20):0.000000
(17,15),(2,22):0.000000
(17,15),(1,22):0.000000
(17,15),(1,14):0.000000
(17,15),(6,14):0.000000
(17,15),(6,13):0.000000
(17,15),(3,13):0.000000
(17,15),(3,11):0.000000
(17,15),(5,11):0.800000
(17,15),(5,1):0.000000
(17,15),(7,1):0.000000
(17,15),(7,3):0.000000
(17,15),(11,3):0.000000
(17,15),(11,4):0.000000
(17,15),(14,4):0.000000
(17,15),(14,2):0.000000
(17,15),(18,2):0.000000
(17,15),(18,5):0.000000
(17,15),(8,5):0.000000
(17,15),(8,6):6.984127
(17,15),(16,6):0.000000
(17,15),(16,7):0.000000
(17,15),(15,7):0.000000
(17,15),(15,8):15.666667
(17,15),(19,8):16.142857
(17,15),(19,9):33.416668
(17,15),(21,9):28.333334
(17,15),(21,12):34.333332
(17,15),(22,12):20.833334
(17,15),(22,16):37.660713
(17,10),(10,10):50.000000
(17,10),(10,18):22.000000
(17,10),(9,18):5.000000
(17,10),(9,17):23.142857
(17,10),(4,17):6.807693
(17,10),(4,20):0.000000
(17,10),(2,20):0.000000
(17,10),(2,22):0.000000
(17,10),(1,22):0.000000
(17,10),(1,14):0.000000
(17,10),(6,14):24.638889
(17,10),(6,13):31.500000
(17,10),(3,13):20.650000
(17,10),(3,11):0.000000
(17,10),(5,11):39.900002
(17,10),(5,1):18.799999
(17,10),(7,1):9.777778
(17,10),(7,3):16.666666
(17,10),(11,3):2.450000
(17,10),(11,4):1.142857
(17,10),(14,4):0.568182
(17,10),(14,2):0.000000
(17,10),(18,2):0.000000
(17,10),(18,5):0.125000
(17,10),(8,5):14.000000
(17,10),(8,6):50.412697
(17,10),(16,6):33.750000
(17,10),(16,7):9.062500
(17,10),(15,7):38.642857
(17,10),(15,8):58.952381
(17,10),(19,8):40.000000
(17,10),(19,9):69.750000
(17,10),(21,9):40.000000
(17,10),(21,12):42.416668
(17,10),(22,12):19.750000
(17,10),(22,16):34.077381
(10,10),(10,18):55.818966
(10,10),(9,18):13.000000
(10,10),(9,17):65.871117
(10,10),(4,17):37.273811
(10,10),(4,20):3.642857
(10,10),(2,20):4.750000
(10,10),(2,22):1.416667
(10,10),(1,22):3.150000
(10,10),(1,14):19.937500
(10,10),(6,14):64.250000
(10,10),(6,13):74.641670
(10,10),(3,13):41.442856
(10,10),(3,11):18.933332
(10,10),(5,11):80.616669
(10,10),(5,1):56.758335
(10,10),(7,1):26.496155
(10,10),(7,3):55.587662
(10,10),(11,3):6.937500
(10,10),(11,4):5.928571
(10,10),(14,4):2.980769
(10,10),(14,2):0.000000
(10,10),(18,2):0.000000
(10,10),(18,5):3.590659
(10,10),(8,5):39.750000
(10,10),(8,6):90.586685
(10,10),(16,6):47.540909
(10,10),(16,7):11.262500
(10,10),(15,7):52.042858
(10,10),(15,8):57.985714
(10,10),(19,8):31.015873
(10,10),(19,9):43.888889
(10,10),(21,9):17.136364
(10,10),(21,12):14.666667
(10,10),(22,12):0.000000
(10,10),(22,16):6.827381
(10,18),(9,18):12.000000
(10,18),(9,17):58.849998
(10,18),(4,17):19.500000
(10,18),(4,20):0.000000
(10,18),(2,20):0.000000
(10,18),(2,22):0.000000
(10,18),(1,22):0.000000
(10,18),(1,14):7.687500
(10,18),(6,14):46.849998
(10,18),(6,13):58.575001
(10,18),(3,13):22.100000
(10,18),(3,11):14.933333
(10,18),(5,11):58.116665
(10,18),(5,1):55.071213
(10,18),(7,1):24.520000
(10,18),(7,3):52.707142
(10,18),(11,3):8.325000
(10,18),(11,4):7.328948
(10,18),(14,4):3.497748
(10,18),(14,2):0.000000
(10,18),(18,2):0.000000
(10,18),(18,5):4.508420
(10,18),(8,5):35.711540
(10,18),(8,6):58.509308
(10,18),(16,6):27.844347
(10,18),(16,7):5.562500
(10,18),(15,7):27.891014
(10,18),(15,8):26.448227
(10,18),(19,8):12.831224
(10,18),(19,9):20.763889
(10,18),(21,9):6.136364
(10,18),(21,12):0.250000
(10,18),(22,12):0.000000
(10,18),(22,16):0.000000
(9,18),(9,17):13.000000
(9,18),(4,17):8.557693
(9,18),(4,20):0.000000
(9,18),(2,20):0.000000
(9,18),(2,22):0.000000
(9,18),(1,22):0.000000
(9,18),(1,14):3.187500
(9,18),(6,14):12.500000
(9,18),(6,13):12.625000
(9,18),(3,13):7.500000
(9,18),(3,11):4.333333
(9,18),(5,11):12.666667
(9,18),(5,1):9.397988
(9,18),(7,1):0.000000
(9,18),(7,3):7.428571
(9,18),(11,3):0.000000
(9,18),(11,4):0.000000
(9,18),(14,4):0.000000
(9,18),(14,2):0.000000
(9,18),(18,2):0.000000
(9,18),(18,5):0.000000
(9,18),(8,5):0.000000
(9,18),(8,6):12.954545
(9,18),(16,6):5.333333
(9,18),(16,7):1.437500
(9,18),(15,7):5.300000
(9,18),(15,8):5.200000
(9,18),(19,8):2.361111
(9,18),(19,9):4.070707
(9,18),(21,9):1.107955
(9,18),(21,12):0.529412
(9,18),(22,12):0.000000
(9,18),(22,16):0.000000
(9,17),(4,17):39.363636
(9,17),(4,20):9.000000
(9,17),(2,20):12.000000
(9,17),(2,22):3.000000
(9,17),(1,22):9.750000
(9,17),(1,14):27.187500
(9,17),(6,14):67.948051
(9,17),(6,13):64.573051
(9,17),(3,13):23.142857
(9,17),(3,11):14.833333
(9,17),(5,11):60.614719
(9,17),(5,1):59.248260
(9,17),(7,1):27.428860
(9,17),(7,3):58.017857
(9,17),(11,3):8.633766
(9,17),(11,4):7.635027
(9,17),(14,4):3.612958
(9,17),(14,2):0.000000
(9,17),(18,2):0.000000
(9,17),(18,5):4.702409
(9,17),(8,5):40.990910
(9,17),(8,6):65.554054
(9,17),(16,6):28.906040
(9,17),(16,7):6.062500
(9,17),(15,7):28.954149
(9,17),(15,8):27.532574
(9,17),(19,8):13.107876
(9,17),(19,9):21.492336
(9,17),(21,9):6.207792
(9,17),(21,12):0.576190
(9,17),(22,12):0.000000
(9,17),(22,16):0.000000
(4,17),(4,20):18.000000
(4,17),(2,20):21.750000
(4,17),(2,22):6.750000
(4,17),(1,22):15.750000
(4,17),(1,14):36.750000
(4,17),(6,14):51.273811
(4,17),(6,13):29.523809
(4,17),(3,13):13.857142
(4,17),(3,11):10.564102
(4,17),(5,11):25.666666
(4,17),(5,1):23.168100
(4,17),(7,1):4.096154
(4,17),(7,3):22.631313
(4,17),(11,3):0.000000
(4,17),(11,4):0.000000
(4,17),(14,4):0.000000
(4,17),(14,2):0.000000
(4,17),(18,2):0.000000
(4,17),(18,5):0.000000
(4,17),(8,5):10.000000
(4,17),(8,6):30.648809
(4,17),(16,6):7.923810
(4,17),(16,7):2.000000
(4,17),(15,7):7.746032
(4,17),(15,8):7.341991
(4,17),(19,8):3.279503
(4,17),(19,9):4.721513
(4,17),(21,9):1.514593
(4,17),(21,12):1.978409
(4,17),(22,12):0.000000
(4,17),(22,16):0.000000
(4,20),(2,20):18.000000
(4,20),(2,22):6.000000
(4,20),(1,22):14.000000
(4,20),(1,14):18.000000
(4,20),(6,14):15.000000
(4,20),(6,13):0.000000
(4,20),(3,13):0.000000
(4,20),(3,11):0.000000
(4,20),(5,11):0.000000
(4,20),(5,1):0.000000
(4,20),(7,1):0.000000
(4,20),(7,3):0.000000
(4,20),(11,3):0.000000
(4,20),(11,4):0.000000
(4,20),(14,4):0.000000
(4,20),(14,2):0.000000
(4,20),(18,2):0.000000
(4,20),(18,5):0.000000
(4,20),(8,5):0.000000
(4,20),(8,6):0.000000
(4,20),(16,6):0.000000
(4,20),(16,7):0.000000
(4,20),(15,7):0.000000
(4,20),(15,8):0.000000
(4,20),(19,8):0.000000
(4,20),(19,9):0.000000
(4,20),(21,9):0.000000
(4,20),(21,12):0.000000
(4,20),(22,12):0.000000
(4,20),(22,16):0.000000
(2,20),(2,22):8.000000
(2,20),(1,22):17.000000
(2,20),(1,14):23.000000
(2,20),(6,14):18.750000
(2,20),(6,13):0.000000
(2,20),(3,13):0.000000
(2,20),(3,11):0.000000
(2,20),(5,11):0.000000
(2,20),(5,1):0.000000
(2,20),(7,1):0.000000
(2,20),(7,3):0.000000
(2,20),(11,3):0.000000
(2,20),(11,4):0.000000
(2,20),(14,4):0.000000
(2,20),(14,2):0.000000
(2,20),(18,2):0.000000
(2,20),(18,5):0.000000
(2,20),(8,5):0.000000
(2,20),(8,6):0.000000
(2,20),(16,6):0.000000
(2,20),(16,7):0.000000
(2,20),(15,7):0.000000
(2,20),(15,8):0.000000
(2,20),(19,8):0.000000
(2,20),(19,9):0.000000
(2,20),(21,9):0.000000
(2,20),(21,12):0.000000
(2,20),(22,12):0.000000
(2,20),(22,16):0.000000
(2,22),(1,22):8.000000
(2,22),(1,14):8.000000
(2,22),(6,14):6.750000
(2,22),(6,13):0.000000
(2,22),(3,13):0.000000
(2,22),(3,11):0.000000
(2,22),(5,11):0.000000
(2,22),(5,1):0.000000
(2,22),(7,1):0.000000
(2,22),(7,3):0.000000
(2,22),(11,3):0.000000
(2,22),(11,4):0.000000
(2,22),(14,4):0.000000
(2,22),(14,2):0.000000
(2,22),(18,2):0.000000
(2,22),(18,5):0.000000
(2,22),(8,5):0.000000
(2,22),(8,6):0.000000
(2,22),(16,6):0.000000
(2,22),(16,7):0.000000
(2,22),(15,7):0.000000
(2,22),(15,8):0.000000
(2,22),(19,8):0.000000
(2,22),(19,9):0.000000
(2,22),(21,9):0.000000
(2,22),(21,12):0.000000
(2,22),(22,12):0.000000
(2,22),(22,16):0.000000
(1,22),(1,14):17.000000
(1,22),(6,14):15.750000
(1,22),(6,13):0.000000
(1,22),(3,13):0.000000
(1,22),(3,11):0.000000
(1,22),(5,11):0.000000
(1,22),(5,1):0.000000
(1,22),(7,1):0.000000
(1,22),(7,3):0.000000
(1,22),(11,3):0.000000
(1,22),(11,4):0.000000
(1,22),(14,4):0.000000
(1,22),(14,2):0.000000
(1,22),(18,2):0.000000
(1,22),(18,5):0.000000
(1,22),(8,5):0.000000
(1,22),(8,6):0.000000
(1,22),(16,6):0.000000
(1,22),(16,7):0.000000
(1,22),(15,7):0.000000
(1,22),(15,8):0.000000
(1,22),(19,8):0.000000
(1,22),(19,9):0.000000
(1,22),(21,9):0.000000
(1,22),(21,12):0.000000
(1,22),(22,12):0.000000
(1,22),(22,16):0.000000
(1,14),(6,14):33.937500
(1,14),(6,13):12.187500
(1,14),(3,13):0.000000
(1,14),(3,11):2.083333
(1,14),(5,11):8.437500
(1,14),(5,1):11.562500
(1,14),(7,1):3.346154
(1,14),(7,3):12.596591
(1,14),(11,3):0.000000
(1,14),(11,4):0.000000
(1,14),(14,4):0.000000
(1,14),(14,2):0.000000
(1,14),(18,2):0.000000
(1,14),(18,5):0.000000
(1,14),(8,5):7.000000
(1,14),(8,6):13.312500
(1,14),(16,6):0.000000
(1,14),(16,7):0.000000
(1,14),(15,7):0.000000
(1,14),(15,8):0.000000
(1,14),(19,8):0.000000
(1,14),(19,9):0.000000
(1,14),(21,9):0.000000
(1,14),(21,12):0.000000
(1,14),(22,12):0.000000
(1,14),(22,16):0.000000
(6,14),(6,13):60.944443
(6,14),(3,13):28.000000
(6,14),(3,11):13.333333
(6,14),(5,11):56.944443
(6,14),(5,1):48.174244
(6,14),(7,1):16.346153
(6,14),(7,3):47.353535
(6,14),(11,3):5.777778
(6,14),(11,4):5.236111
(6,14),(14,4):2.444444
(6,14),(14,2):0.000000
(6,14),(18,2):0.000000
(6,14),(18,5):3.362637
(6,14),(8,5):30.444445
(6,14),(8,6):60.958332
(6,14),(16,6):29.333334
(6,14),(16,7):7.750000
(6,14),(15,7):29.085714
(6,14),(15,8):27.771429
(6,14),(19,8):11.777778
(6,14),(19,9):20.113890
(6,14),(21,9):5.227273
(6,14),(21,12):3.366667
(6,14),(22,12):0.000000
(6,14),(22,16):0.000000
(6,13),(3,13):37.166668
(6,13),(3,11):19.333334
(6,13),(5,11):75.791664
(6,13),(5,1):60.316956
(6,13),(7,1):28.400000
(6,13),(7,3):59.625000
(6,13),(11,3):9.500000
(6,13),(11,4):8.500000
(6,13),(14,4):3.875000
(6,13),(14,2):0.000000
(6,13),(18,2):0.000000
(6,13),(18,5):5.174877
(6,13),(8,5):42.500000
(6,13),(8,6):75.824997
(6,13),(16,6):42.007576
(6,13),(16,7):10.229167
(6,13),(15,7):42.009525
(6,13),(15,8):39.110714
(6,13),(19,8):15.682540
(6,13),(19,9):26.045139
(6,13),(21,9):6.803030
(6,13),(21,12):4.055882
(6,13),(22,12):0.000000
(6,13),(22,16):0.000000
(3,13),(3,11):14.000000
(3,13),(5,11):41.892857
(3,13),(5,1):20.522728
(3,13),(7,1):6.400000
(3,13),(7,3):18.500000
(3,13),(11,3):0.000000
(3,13),(11,4):0.000000
(3,13),(14,4):0.000000
(3,13),(14,2):0.000000
(3,13),(18,2):0.000000
(3,13),(18,5):0.000000
(3,13),(8,5):11.500000
(3,13),(8,6):39.092857
(3,13),(16,6):33.590908
(3,13),(16,7):6.250000
(3,13),(15,7):33.592857
(3,13),(15,8):29.342857
(3,13),(19,8):13.182540
(3,13),(19,9):16.557896
(3,13),(21,9):5.466667
(3,13),(21,12):5.139353
(3,13),(22,12):0.000000
(3,13),(22,16):0.000000
(3,11),(5,11):19.333334
(3,11),(5,1):15.333333
(3,11),(7,1):4.733333
(3,11),(7,3):15.666667
(3,11),(11,3):0.000000
(3,11),(11,4):0.000000
(3,11),(14,4):0.000000
(3,11),(14,2):0.000000
(3,11),(18,2):0.000000
(3,11),(18,5):0.000000
(3,11),(8,5):8.333333
(3,11),(8,6):16.533333
(3,11),(16,6):7.090909
(3,11),(16,7):0.000000
(3,11),(15,7):6.533333
(3,11),(15,8):3.450000
(3,11),(19,8):0.265873
(3,11),(19,9):0.000000
(3,11),(21,9):0.000000
(3,11),(21,12):0.000000
(3,11),(22,12):0.000000
(3,11),(22,16):0.000000
(5,11),(5,1):57.119049
(5,11),(7,1):25.400000
(5,11),(7,3):56.166668
(5,11),(11,3):10.000000
(5,11),(11,4):9.000000
(5,11),(14,4):4.000000
(5,11),(14,2):0.000000
(5,11),(18,2):0.000000
(5,11),(18,5):5.404762
(5,11),(8,5):39.000000
(5,11),(8,6):80.529411
(5,11),(16,6):47.140907
(5,11),(16,7):11.362500
(5,11),(15,7):49.642857
(5,11),(15,8):48.385715
(5,11),(19,8):22.915873
(5,11),(19,9):33.788887
(5,11),(21,9):8.636364
(5,11),(21,12):8.254902
(5,11),(22,12):0.000000
(5,11),(22,16):1.678697
(5,1),(7,1):27.333334
(5,1),(7,3):58.208332
(5,1),(11,3):9.000000
(5,1),(11,4):8.000000
(5,1),(14,4):4.250000
(5,1),(14,2):0.000000
(5,1),(18,2):0.000000
(5,1),(18,5):5.321429
(5,1),(8,5):40.333332
(5,1),(8,6):59.841667
(5,1),(16,6):25.049999
(5,1),(16,7):3.862500
(5,1),(15,7):24.942858
(5,1),(15,8):23.085714
(5,1),(19,8):12.377778
(5,1),(19,9):18.541830
(5,1),(21,9):6.236363
(5,1),(21,12):0.000000
(5,1),(22,12):0.000000
(5,1),(22,16):0.000000
(7,1),(7,3):28.746155
(7,1),(11,3):6.666667
(7,1),(11,4):5.833333
(7,1),(14,4):2.666667
(7,1),(14,2):0.000000
(7,1),(18,2):0.000000
(7,1),(18,5):3.428571
(7,1),(8,5):27.746155
(7,1),(8,6):28.079487
(7,1),(16,6):13.650000
(7,1),(16,7):2.500000
(7,1),(15,7):13.771428
(7,1),(15,8):12.451552
(7,1),(19,8):5.779070
(7,1),(19,9):9.388889
(7,1),(21,9):2.727273
(7,1),(21,12):0.000000
(7,1),(22,12):0.000000
(7,1),(22,16):0.000000
(7,3),(11,3):15.000000
(7,3),(11,4):16.000000
(7,3),(14,4):8.750000
(7,3),(14,2):0.125000
(7,3),(18,2):0.750000
(7,3),(18,5):10.571428
(7,3),(8,5):49.909092
(7,3),(8,6):59.170994
(7,3),(16,6):23.295454
(7,3),(16,7):3.729167
(7,3),(15,7):23.198412
(7,3),(15,8):21.012838
(7,3),(19,8):10.733435
(7,3),(19,9):16.395382
(7,3),(21,9):5.283422
(7,3),(21,12):0.000000
(7,3),(22,12):0.000000
(7,3),(22,16):0.000000
(11,3),(11,4):13.500000
(11,3),(14,4):6.750000
(11,3),(14,2):0.000000
(11,3),(18,2):0.000000
(11,3),(18,5):8.571428
(11,3),(8,5):15.000000
(11,3),(8,6):9.000000
(11,3),(16,6):0.750000
(11,3),(16,7):1.194079
(11,3),(15,7):1.260504
(11,3),(15,8):1.810714
(11,3),(19,8):0.000000
(11,3),(19,9):1.227273
(11,3),(21,9):0.000000
(11,3),(21,12):0.000000
(11,3),(22,12):0.000000
(11,3),(22,16):0.000000
(11,4),(14,4):13.750000
(11,4),(14,2):4.000000
(11,4),(18,2):5.000000
(11,4),(18,5):15.571428
(11,4),(8,5):21.000000
(11,4),(8,6):8.000000
(11,4),(16,6):0.000000
(11,4),(16,7):0.153409
(11,4),(15,7):0.192857
(11,4),(15,8):0.593407
(11,4),(19,8):0.000000
(11,4),(19,9):0.214286
(11,4),(21,9):0.000000
(11,4),(21,12):0.000000
(11,4),(22,12):0.000000
(11,4),(22,16):0.000000
(14,4),(14,2):12.000000
(14,4),(18,2):13.000000
(14,4),(18,5):21.000000
(14,4),(8,5):15.083333
(14,4),(8,6):3.750000
(14,4),(16,6):0.000000
(14,4),(16,7):0.000000
(14,4),(15,7):0.000000
(14,4),(15,8):0.140977
(14,4),(19,8):0.000000
(14,4),(19,9):0.000000
(14,4),(21,9):0.000000
(14,4),(21,12):0.000000
(14,4),(22,12):0.000000
(14,4),(22,16):0.000000
(14,2),(18,2):12.000000
(14,2),(18,5):12.000000
(14,2),(8,5):5.333333
(14,2),(8,6):0.000000
(14,2),(16,6):0.000000
(14,2),(16,7):0.000000
(14,2),(15,7):0.000000
(14,2),(15,8):0.000000
(14,2),(19,8):0.000000
(14,2),(19,9):0.000000
(14,2),(21,9):0.000000
(14,2),(21,12):0.000000
(14,2),(22,12):0.000000
(14,2),(22,16):0.000000
(18,2),(18,5):13.000000
(18,2),(8,5):6.333333
(18,2),(8,6):0.000000
(18,2),(16,6):0.000000
(18,2),(16,7):0.000000
(18,2),(15,7):0.000000
(18,2),(15,8):0.000000
(18,2),(19,8):0.000000
(18,2),(19,9):0.000000
(18,2),(21,9):0.000000
(18,2),(21,12):0.000000
(18,2),(22,12):0.000000
(18,2),(22,16):0.000000
(18,5),(8,5):16.904762
(18,5),(8,6):4.928571
(18,5),(16,6):0.000000
(18,5),(16,7):0.000000
(18,5),(15,7):0.000000
(18,5),(15,8):0.000000
(18,5),(19,8):0.000000
(18,5),(19,9):0.000000
(18,5),(21,9):0.000000
(18,5),(21,12):0.000000
(18,5),(22,12):0.000000
(18,5),(22,16):0.000000
(8,5),(8,6):43.000000
(8,5),(16,6):19.916666
(8,5),(16,7):3.562500
(8,5),(15,7):19.942858
(8,5),(15,8):17.798214
(8,5),(19,8):8.336805
(8,5),(19,9):13.541667
(8,5),(21,9):3.954545
(8,5),(21,12):0.000000
(8,5),(22,12):0.000000
(8,5),(22,16):0.000000
(8,6),(16,6):45.950001
(8,6),(16,7):11.562500
(8,6),(15,7):50.342857
(8,6),(15,8):57.093151
(8,6),(19,8):29.385225
(8,6),(19,9):44.301586
(8,6),(21,9):19.799063
(8,6),(21,12):15.412699
(8,6),(22,12):0.000000
(8,6),(22,16):7.403846
(16,6),(16,7):11.000000
(16,6),(15,7):47.090908
(16,6),(15,8):42.390907
(16,6),(19,8):18.804348
(16,6),(19,9):29.288889
(16,6),(21,9):8.636364
(16,6),(21,12):4.966667
(16,6),(22,12):0.000000
(16,6),(22,16):0.000000
(16,7),(15,7):11.562500
(16,7),(15,8):10.562500
(16,7),(19,8):0.000000
(16,7),(19,9):4.437500
(16,7),(21,9):0.000000
(16,7),(21,12):2.750000
(16,7),(22,12):0.000000
(16,7),(22,16):0.000000
(15,7),(15,8):47.642857
(15,7),(19,8):22.812500
(15,7),(19,9):33.865078
(15,7),(21,9):11.136364
(15,7),(21,12):6.000000
(15,7),(22,12):0.000000
(15,7),(22,16):0.000000
(15,8),(19,8):32.857143
(15,8),(19,9):53.138889
(15,8),(21,9):24.636364
(15,8),(21,12):24.333334
(15,8),(22,12):4.166667
(15,8),(22,16):16.285715
(19,8),(19,9):41.531746
(19,8),(21,9):27.279221
(19,8),(21,12):19.809525
(19,8),(22,12):8.142858
(19,8),(22,16):17.595238
(19,9),(21,9):41.303032
(19,9),(21,12):38.083332
(19,9),(22,12):19.416666
(19,9),(22,16):33.744049
(21,9),(21,12):29.333334
(21,9),(22,12):16.333334
(21,9),(22,16):27.625000
(21,12),(22,12):20.666666
(21,12),(22,16):34.875000
(22,12),(22,16):20.833334
