56
(27,5):(27,5)	(27,9)	(27,10)	(28,5)	(28,11)	
(28,5):(27,5)	(27,9)	(27,10)	(28,5)	(28,11)	
(28,11):(13,8)	(14,9)	(14,10)	(14,11)	(15,9)	(15,10)	(15,11)	(16,8)	(16,9)	(16,10)	(16,11)	(17,8)	(17,9)	(17,10)	(17,11)	(18,8)	(18,9)	(18,10)	(18,11)	(19,8)	(19,9)	(19,10)	(19,11)	(20,9)	(20,10)	(20,11)	(21,9)	(21,10)	(21,11)	(22,9)	(22,10)	(23,10)	(24,10)	(25,10)	(26,9)	(26,10)	(27,5)	(27,9)	(27,10)	(28,5)	(28,11)	
(21,11):(7,20)	(8,16)	(8,17)	(8,18)	(8,19)	(9,16)	(9,17)	(9,18)	(9,19)	(10,16)	(10,17)	(10,18)	(11,15)	(11,16)	(11,17)	(11,18)	(12,15)	(12,16)	(12,17)	(13,8)	(13,14)	(13,15)	(13,16)	(14,9)	(14,10)	(14,11)	(14,12)	(14,13)	(14,14)	(14,15)	(14,16)	(15,9)	(15,10)	(15,11)	(15,12)	(15,13)	(15,14)	(15,15)	(16,2)	(16,3)	(16,8)	(16,9)	(16,10)	(16,11)	(16,12)	(16,13)	(16,14)	(16,15)	(17,2)	(17,3)	(17,4)	(17,5)	(17,6)	(17,7)	(17,8)	(17,9)	(17,10)	(17,11)	(17,12)	(17,13)	(17,14)	(17,15)	(18,2)	(18,3)	(18,4)	(18,5)	(18,6)	(18,7)	(18,8)	(18,9)	(18,10)	(18,11)	(18,12)	(18,13)	(18,14)	(19,2)	(19,3)	(19,4)	(19,5)	(19,6)	(19,7)	(19,8)	(19,9)	(19,10)	(19,11)	(19,12)	(19,13)	(20,2)	(20,3)	(20,4)	(20,5)	(20,6)	(20,7)	(20,8)	(20,9)	(20,10)	(20,11)	(20,12)	(20,13)	(20,18)	(21,2)	(21,3)	(21,4)	(21,5)	(21,6)	(21,7)	(21,8)	(21,9)	(21,10)	(21,11)	(21,12)	(21,13)	(21,14)	(21,15)	(21,16)	(21,17)	(22,2)	(22,3)	(22,4)	(22,5)	(22,6)	(22,7)	(22,8)	(22,9)	(22,10)	(23,2)	(23,3)	(23,4)	(23,5)	(23,6)	(23,7)	(23,8)	(23,9)	(23,10)	(24,1)	(24,2)	(24,3)	(24,4)	(24,5)	(24,6)	(24,7)	(24,8)	(24,9)	(24,10)	(25,2)	(25,10)	(26,10)	(27,10)	(28,11)	
(21,12):(8,16)	(8,17)	(8,18)	(9,15)	(9,16)	(9,17)	(9,18)	(10,15)	(10,16)	(10,17)	(11,15)	(11,16)	(11,17)	(12,15)	(12,16)	(13,8)	(13,14)	(13,15)	(13,16)	(14,9)	(14,10)	(14,11)	(14,12)	(14,13)	(14,14)	(14,15)	(15,9)	(15,10)	(15,11)	(15,12)	(15,13)	(15,14)	(15,15)	(16,2)	(16,3)	(16,8)	(16,9)	(16,10)	(16,11)	(16,12)	(16,13)	(16,14)	(17,2)	(17,3)	(17,4)	(17,5)	(17,6)	(17,7)	(17,8)	(17,9)	(17,10)	(17,11)	(17,12)	(17,13)	(17,14)	(18,2)	(18,3)	(18,4)	(18,5)	(18,6)	(18,7)	(18,8)	(18,9)	(18,10)	(18,11)	(18,12)	(18,13)	(19,2)	(19,3)	(19,4)	(19,5)	(19,6)	(19,7)	(19,8)	(19,9)	(19,10)	(19,11)	(19,12)	(19,13)	(20,2)	(20,3)	(20,4)	(20,5)	(20,6)	(20,7)	(20,8)	(20,9)	(20,10)	(20,11)	(20,12)	(20,13)	(20,18)	(21,2)	(21,3)	(21,4)	(21,5)	(21,6)	(21,7)	(21,8)	(21,9)	(21,10)	(21,11)	(21,12)	(21,13)	(21,14)	(21,15)	(21,16)	(21,17)	(22,13)	(22,14)	(22,15)	(22,16)	(22,17)	(22,18)	(23,12)	(23,17)	
(23,12):(8,15)	(9,15)	(10,15)	(11,15)	(13,14)	(14,12)	(14,13)	(14,14)	(15,12)	(15,13)	(15,14)	(16,12)	(16,13)	(17,12)	(17,13)	(18,12)	(18,13)	(19,12)	(19,13)	(20,12)	(20,13)	(20,18)	(21,12)	(21,13)	(21,14)	(21,15)	(21,16)	(21,17)	(22,13)	(22,14)	(22,15)	(22,16)	(22,17)	(23,12)	(23,17)	
(23,17):(16,2)	(16,3)	(17,2)	(17,3)	(17,4)	(17,5)	(17,6)	(17,7)	(17,8)	(17,9)	(18,5)	(18,6)	(18,7)	(18,8)	(18,9)	(18,10)	(19,7)	(19,8)	(19,9)	(19,10)	(19,11)	(20,10)	(20,11)	(20,12)	(20,13)	(21,12)	(21,13)	(21,14)	(21,15)	(21,16)	(21,17)	(22,13)	(22,14)	(22,15)	(22,16)	(22,17)	(23,12)	(23,17)	
(22,17):(16,2)	(16,3)	(17,2)	(17,3)	(17,4)	(17,5)	(17,6)	(17,7)	(18,2)	(18,3)	(18,4)	(18,5)	(18,6)	(18,7)	(18,8)	(18,9)	(19,2)	(19,3)	(19,4)	(19,5)	(19,6)	(19,7)	(19,8)	(19,9)	(19,10)	(19,11)	(20,7)	(20,8)	(20,9)	(20,10)	(20,11)	(20,12)	(20,13)	(20,18)	(21,12)	(21,13)	(21,14)	(21,15)	(21,16)	(21,17)	(22,13)	(22,14)	(22,15)	(22,16)	(22,17)	(22,18)	(23,12)	(23,17)	
(22,18):(16,2)	(16,3)	(17,2)	(17,3)	(17,4)	(17,5)	(18,2)	(18,3)	(18,4)	(18,5)	(18,6)	(18,7)	(18,8)	(19,2)	(19,3)	(19,4)	(19,5)	(19,6)	(19,7)	(19,8)	(19,9)	(19,10)	(20,6)	(20,7)	(20,8)	(20,9)	(20,10)	(20,11)	(20,12)	(20,13)	(20,18)	(21,12)	(21,13)	(21,14)	(21,15)	(21,16)	(21,17)	(22,13)	(22,14)	(22,15)	(22,16)	(22,17)	(22,18)	
(20,18):(20,2)	(20,3)	(20,4)	(20,5)	(20,6)	(20,7)	(20,8)	(20,9)	(20,10)	(20,11)	(20,12)	(20,13)	(20,18)	(21,2)	(21,3)	(21,4)	(21,5)	(21,6)	(21,7)	(21,8)	(21,9)	(21,10)	(21,11)	(21,12)	(21,13)	(21,14)	(21,15)	(21,16)	(21,17)	(22,2)	(22,3)	(22,4)	(22,13)	(22,14)	(22,15)	(22,16)	(22,17)	(22,18)	(23,12)	
(20,13):(13,8)	(14,9)	(14,10)	(14,11)	(14,12)	(14,13)	(15,9)	(15,10)	(15,11)	(15,12)	(15,13)	(16,2)	(16,3)	(16,8)	(16,9)	(16,10)	(16,11)	(16,12)	(16,13)	(17,2)	(17,3)	(17,4)	(17,5)	(17,6)	(17,7)	(17,8)	(17,9)	(17,10)	(17,11)	(17,12)	(17,13)	(18,2)	(18,3)	(18,4)	(18,5)	(18,6)	(18,7)	(18,8)	(18,9)	(18,10)	(18,11)	(18,12)	(18,13)	(19,2)	(19,3)	(19,4)	(19,5)	(19,6)	(19,7)	(19,8)	(19,9)	(19,10)	(19,11)	(19,12)	(19,13)	(20,2)	(20,3)	(20,4)	(20,5)	(20,6)	(20,7)	(20,8)	(20,9)	(20,10)	(20,11)	(20,12)	(20,13)	(20,18)	(21,2)	(21,3)	(21,4)	(21,5)	(21,6)	(21,7)	(21,8)	(21,9)	(21,10)	(21,11)	(21,12)	(21,13)	(21,14)	(21,15)	(21,16)	(21,17)	(22,2)	(22,3)	(22,4)	(22,5)	(22,6)	(22,7)	(22,8)	(22,9)	(22,13)	(22,14)	(22,15)	(22,16)	(22,17)	(22,18)	(23,2)	(23,3)	(23,4)	(23,5)	(23,6)	(23,7)	(23,12)	(23,17)	(24,1)	(24,2)	(24,3)	(24,4)	(24,5)	(25,2)	
(19,13):(7,15)	(7,20)	(8,15)	(8,16)	(8,17)	(8,18)	(8,19)	(9,15)	(9,16)	(9,17)	(9,18)	(9,19)	(10,15)	(10,16)	(10,17)	(10,18)	(11,15)	(11,16)	(11,17)	(12,15)	(12,16)	(12,17)	(13,8)	(13,14)	(13,15)	(13,16)	(14,9)	(14,10)	(14,11)	(14,12)	(14,13)	(14,14)	(14,15)	(14,16)	(15,9)	(15,10)	(15,11)	(15,12)	(15,13)	(15,14)	(15,15)	(16,2)	(16,3)	(16,8)	(16,9)	(16,10)	(16,11)	(16,12)	(16,13)	(16,14)	(16,15)	(17,2)	(17,3)	(17,4)	(17,5)	(17,6)	(17,7)	(17,8)	(17,9)	(17,10)	(17,11)	(17,12)	(17,13)	(17,14)	(17,15)	(18,2)	(18,3)	(18,4)	(18,5)	(18,6)	(18,7)	(18,8)	(18,9)	(18,10)	(18,11)	(18,12)	(18,13)	(18,14)	(18,15)	(19,2)	(19,3)	(19,4)	(19,5)	(19,6)	(19,7)	(19,8)	(19,9)	(19,10)	(19,11)	(19,12)	(19,13)	(19,16)	(20,2)	(20,3)	(20,4)	(20,5)	(20,6)	(20,7)	(20,8)	(20,9)	(20,10)	(20,11)	(20,12)	(20,13)	(21,2)	(21,3)	(21,4)	(21,5)	(21,6)	(21,7)	(21,8)	(21,9)	(21,10)	(21,11)	(21,12)	(21,13)	(22,2)	(22,3)	(22,4)	(22,5)	(22,6)	(22,7)	(22,8)	(22,9)	(22,10)	(22,13)	(23,2)	(23,3)	(23,4)	(23,5)	(23,6)	(23,7)	(23,8)	(23,9)	(23,12)	(24,1)	(24,2)	(24,3)	(24,4)	(24,5)	(24,6)	(24,7)	(24,8)	(25,2)	
(19,16):(2,14)	(7,15)	(8,15)	(8,16)	(9,15)	(9,16)	(10,15)	(10,16)	(11,15)	(11,16)	(12,15)	(12,16)	(13,8)	(13,14)	(13,15)	(13,16)	(14,9)	(14,10)	(14,11)	(14,12)	(14,13)	(14,14)	(14,15)	(14,16)	(15,9)	(15,10)	(15,11)	(15,12)	(15,13)	(15,14)	(15,15)	(16,2)	(16,3)	(16,8)	(16,9)	(16,10)	(16,11)	(16,12)	(16,13)	(16,14)	(16,15)	(17,2)	(17,3)	(17,4)	(17,5)	(17,6)	(17,7)	(17,8)	(17,9)	(17,10)	(17,11)	(17,12)	(17,13)	(17,14)	(17,15)	(18,2)	(18,3)	(18,4)	(18,5)	(18,6)	(18,7)	(18,8)	(18,9)	(18,10)	(18,11)	(18,12)	(18,13)	(18,14)	(18,15)	(19,2)	(19,3)	(19,4)	(19,5)	(19,6)	(19,7)	(19,8)	(19,9)	(19,10)	(19,11)	(19,12)	(19,13)	(19,16)	
(14,16):(2,14)	(7,15)	(7,20)	(8,15)	(8,16)	(8,17)	(8,18)	(8,19)	(8,24)	(9,15)	(9,16)	(9,17)	(9,18)	(9,19)	(9,23)	(10,15)	(10,16)	(10,17)	(10,18)	(10,19)	(10,20)	(10,21)	(10,22)	(11,15)	(11,16)	(11,17)	(11,18)	(11,19)	(11,20)	(12,15)	(12,16)	(12,17)	(12,18)	(12,19)	(13,8)	(13,14)	(13,15)	(13,16)	(13,17)	(13,18)	(14,9)	(14,10)	(14,11)	(14,12)	(14,13)	(14,14)	(14,15)	(14,16)	(14,19)	(15,9)	(15,10)	(15,11)	(15,12)	(15,13)	(15,14)	(15,15)	(16,8)	(16,9)	(16,10)	(16,11)	(16,12)	(16,13)	(16,14)	(16,15)	(17,4)	(17,5)	(17,6)	(17,7)	(17,8)	(17,9)	(17,10)	(17,11)	(17,12)	(17,13)	(17,14)	(17,15)	(18,2)	(18,3)	(18,4)	(18,5)	(18,6)	(18,7)	(18,8)	(18,9)	(18,10)	(18,11)	(18,12)	(18,13)	(18,14)	(18,15)	(19,2)	(19,3)	(19,4)	(19,5)	(19,6)	(19,7)	(19,8)	(19,9)	(19,10)	(19,11)	(19,12)	(19,13)	(19,16)	(20,2)	(20,3)	(20,4)	(20,5)	(20,6)	(20,7)	(20,8)	(20,9)	(20,10)	(20,11)	(20,12)	(21,2)	(21,3)	(21,4)	(21,5)	(21,6)	(21,7)	(21,8)	(21,9)	(21,10)	(21,11)	(22,2)	(22,3)	(22,4)	(22,5)	(22,6)	(22,7)	(22,8)	(22,9)	(22,10)	(23,2)	(23,3)	(23,4)	(23,5)	(23,6)	(23,7)	(23,8)	(23,9)	(24,1)	(24,2)	(24,3)	(24,4)	(24,5)	(24,6)	(24,7)	(24,8)	(25,2)	
(14,19):(7,15)	(8,15)	(8,16)	(8,17)	(8,18)	(8,19)	(9,15)	(9,16)	(9,17)	(9,18)	(9,19)	(10,15)	(10,16)	(10,17)	(10,18)	(10,19)	(11,15)	(11,16)	(11,17)	(11,18)	(11,19)	(12,15)	(12,16)	(12,17)	(12,18)	(12,19)	(13,8)	(13,14)	(13,15)	(13,16)	(13,17)	(13,18)	(14,9)	(14,10)	(14,11)	(14,12)	(14,13)	(14,14)	(14,15)	(14,16)	(14,19)	
(12,19):(6,25)	(7,15)	(7,20)	(7,24)	(8,15)	(8,16)	(8,17)	(8,18)	(8,19)	(8,23)	(8,24)	(9,15)	(9,16)	(9,17)	(9,18)	(9,19)	(9,22)	(9,23)	(9,24)	(10,15)	(10,16)	(10,17)	(10,18)	(10,19)	(10,20)	(10,21)	(10,22)	(10,23)	(10,24)	(11,15)	(11,16)	(11,17)	(11,18)	(11,19)	(11,20)	(11,21)	(11,22)	(11,23)	(11,24)	(12,15)	(12,16)	(12,17)	(12,18)	(12,19)	(12,24)	(13,14)	(13,15)	(13,16)	(13,17)	(13,18)	(14,9)	(14,10)	(14,11)	(14,12)	(14,13)	(14,14)	(14,15)	(14,16)	(14,19)	(15,9)	(15,10)	(15,11)	(15,12)	(15,13)	(15,14)	(16,8)	(16,9)	(16,10)	(16,11)	(16,12)	(16,13)	(17,6)	(17,7)	(17,8)	(17,9)	(17,10)	(17,11)	(18,3)	(18,4)	(18,5)	(18,6)	(18,7)	(18,8)	(18,9)	(18,10)	(19,2)	(19,3)	(19,4)	(19,5)	(19,6)	(19,7)	(19,8)	(20,2)	(20,3)	(20,4)	(20,5)	(20,6)	(20,7)	(21,2)	(21,3)	(21,4)	(21,5)	(22,2)	(22,3)	(22,4)	(23,2)	(24,1)	
(12,24):(3,22)	(4,23)	(5,23)	(5,24)	(5,25)	(6,23)	(6,24)	(6,25)	(7,23)	(7,24)	(8,15)	(8,16)	(8,21)	(8,22)	(8,23)	(8,24)	(9,15)	(9,16)	(9,17)	(9,18)	(9,22)	(9,23)	(9,24)	(10,15)	(10,16)	(10,17)	(10,18)	(10,19)	(10,20)	(10,21)	(10,22)	(10,23)	(10,24)	(11,15)	(11,16)	(11,17)	(11,18)	(11,19)	(11,20)	(11,21)	(11,22)	(11,23)	(11,24)	(12,15)	(12,16)	(12,17)	(12,18)	(12,19)	(12,24)	(17,25)	(18,24)	
(18,24):(5,24)	(5,25)	(6,24)	(6,25)	(7,24)	(8,24)	(9,24)	(10,24)	(11,24)	(12,24)	(17,25)	(17,26)	(18,24)	(18,26)	
(18,26):(17,25)	(17,26)	(18,24)	(18,26)	
(17,26):(17,25)	(17,26)	(18,24)	(18,26)	
(17,25):(4,23)	(5,23)	(5,24)	(5,25)	(6,23)	(6,24)	(6,25)	(7,23)	(7,24)	(8,24)	(9,24)	(10,24)	(11,24)	(12,24)	(17,25)	(17,26)	(18,24)	(18,26)	
(6,25):(3,22)	(4,23)	(4,28)	(5,23)	(5,24)	(5,25)	(5,26)	(5,27)	(6,23)	(6,24)	(6,25)	(6,27)	(7,23)	(7,24)	(8,22)	(8,23)	(8,24)	(9,22)	(9,23)	(9,24)	(10,21)	(10,22)	(10,23)	(10,24)	(11,20)	(11,21)	(11,22)	(11,23)	(11,24)	(12,19)	(12,24)	(17,25)	(18,24)	
(6,27):(4,23)	(4,28)	(5,23)	(5,24)	(5,25)	(5,26)	(5,27)	(6,23)	(6,24)	(6,25)	(6,27)	(15,27)	(15,28)	
(15,27):(4,28)	(5,27)	(6,27)	(15,27)	(15,28)	
(15,28):(4,28)	(5,27)	(6,27)	(15,27)	(15,28)	
(4,28):(4,23)	(4,28)	(5,23)	(5,24)	(5,25)	(5,26)	(5,27)	(6,23)	(6,24)	(6,25)	(6,27)	(7,23)	(8,22)	(15,27)	(15,28)	
(4,23):(3,22)	(3,23)	(4,23)	(4,28)	(5,23)	(5,24)	(5,25)	(5,26)	(5,27)	(6,23)	(6,24)	(6,25)	(6,27)	(7,23)	(7,24)	(8,22)	(8,23)	(8,24)	(9,22)	(9,23)	(9,24)	(10,22)	(10,23)	(10,24)	(11,22)	(11,23)	(11,24)	(12,24)	(17,25)	
(3,23):(3,22)	(3,23)	(4,23)	(5,23)	(6,23)	(7,23)	(8,22)	(8,23)	(9,22)	(9,23)	(10,22)	(10,23)	(11,22)	(11,23)	
(3,22):(3,22)	(3,23)	(4,23)	(5,23)	(5,24)	(6,23)	(6,24)	(6,25)	(7,23)	(7,24)	(8,22)	(8,23)	(8,24)	(9,22)	(9,23)	(9,24)	(10,22)	(10,23)	(10,24)	(11,22)	(11,23)	(11,24)	(12,24)	
(8,22):(3,22)	(3,23)	(4,23)	(4,28)	(5,23)	(5,24)	(5,25)	(5,26)	(6,23)	(6,24)	(6,25)	(7,23)	(7,24)	(8,21)	(8,22)	(8,23)	(8,24)	(9,22)	(9,23)	(9,24)	(10,21)	(10,22)	(10,23)	(10,24)	(11,21)	(11,22)	(11,23)	(11,24)	(12,24)	
(8,21):(8,21)	(8,22)	(8,23)	(8,24)	(9,22)	(9,23)	(9,24)	(10,21)	(10,22)	(10,23)	(10,24)	(11,21)	(11,22)	(11,23)	(11,24)	(12,24)	
(10,21):(5,24)	(5,25)	(5,26)	(6,23)	(6,24)	(6,25)	(7,23)	(7,24)	(8,21)	(8,22)	(8,23)	(8,24)	(9,22)	(9,23)	(9,24)	(10,15)	(10,16)	(10,17)	(10,18)	(10,19)	(10,20)	(10,21)	(10,22)	(10,23)	(10,24)	(11,15)	(11,16)	(11,17)	(11,18)	(11,19)	(11,20)	(11,21)	(11,22)	(11,23)	(11,24)	(12,15)	(12,16)	(12,17)	(12,18)	(12,19)	(12,24)	(13,14)	(13,15)	(13,16)	(13,17)	(13,18)	(14,12)	(14,13)	(14,14)	(14,15)	(14,16)	(15,10)	(15,11)	(15,12)	(15,13)	(15,14)	(16,8)	(16,9)	(16,10)	(16,11)	(16,12)	(16,13)	(17,6)	(17,7)	(17,8)	(17,9)	(17,10)	(17,11)	(17,12)	(18,4)	(18,5)	(18,6)	(18,7)	(18,8)	(18,9)	(18,10)	(18,11)	(19,2)	(19,3)	(19,4)	(19,5)	(19,6)	(19,7)	(19,8)	(19,9)	(20,2)	(20,3)	(20,4)	(20,5)	(20,6)	(20,7)	(20,8)	(21,2)	(21,3)	(21,4)	(21,5)	(21,6)	(21,7)	(22,2)	(22,3)	(22,4)	(22,5)	(22,6)	(23,2)	(23,3)	(23,4)	(24,1)	(24,2)	(24,3)	(25,2)	
(10,20):(7,15)	(7,20)	(8,15)	(8,16)	(8,17)	(8,18)	(8,19)	(9,15)	(9,16)	(9,17)	(9,18)	(9,19)	(10,15)	(10,16)	(10,17)	(10,18)	(10,19)	(10,20)	(10,21)	(10,22)	(10,23)	(10,24)	(11,15)	(11,16)	(11,17)	(11,18)	(11,19)	(11,20)	(11,21)	(11,22)	(11,23)	(11,24)	(12,15)	(12,16)	(12,17)	(12,18)	(12,19)	(12,24)	(13,14)	(13,15)	(13,16)	(13,17)	(13,18)	(14,12)	(14,13)	(14,14)	(14,15)	(14,16)	(15,10)	(15,11)	(15,12)	(15,13)	(15,14)	(15,15)	(16,8)	(16,9)	(16,10)	(16,11)	(16,12)	(16,13)	(16,14)	(17,6)	(17,7)	(17,8)	(17,9)	(17,10)	(17,11)	(17,12)	(17,13)	(18,4)	(18,5)	(18,6)	(18,7)	(18,8)	(18,9)	(18,10)	(18,11)	(18,12)	(19,2)	(19,3)	(19,4)	(19,5)	(19,6)	(19,7)	(19,8)	(19,9)	(19,10)	(19,11)	(20,2)	(20,3)	(20,4)	(20,5)	(20,6)	(20,7)	(20,8)	(20,9)	(20,10)	(21,2)	(21,3)	(21,4)	(21,5)	(21,6)	(21,7)	(21,8)	(21,9)	(22,2)	(22,3)	(22,4)	(22,5)	(22,6)	(22,7)	(22,8)	(23,2)	(23,3)	(23,4)	(23,5)	(23,6)	(23,7)	(24,1)	(24,2)	(24,3)	(24,4)	(24,5)	(24,6)	(25,2)	
(7,20):(7,15)	(7,20)	(8,15)	(8,16)	(8,17)	(8,18)	(8,19)	(9,15)	(9,16)	(9,17)	(9,18)	(9,19)	(10,15)	(10,16)	(10,17)	(10,18)	(10,19)	(10,20)	(11,15)	(11,16)	(11,17)	(11,18)	(11,19)	(11,20)	(12,15)	(12,16)	(12,17)	(12,18)	(12,19)	(13,14)	(13,15)	(13,16)	(13,17)	(13,18)	(14,13)	(14,14)	(14,15)	(14,16)	(15,12)	(15,13)	(15,14)	(15,15)	(16,11)	(16,12)	(16,13)	(16,14)	(17,10)	(17,11)	(17,12)	(17,13)	(17,14)	(18,9)	(18,10)	(18,11)	(18,12)	(18,13)	(19,8)	(19,9)	(19,10)	(19,11)	(19,12)	(19,13)	(20,7)	(20,8)	(20,9)	(20,10)	(20,11)	(20,12)	(21,6)	(21,7)	(21,8)	(21,9)	(21,10)	(21,11)	(22,5)	(22,6)	(22,7)	(22,8)	(22,9)	(22,10)	(23,4)	(23,5)	(23,6)	(23,7)	(23,8)	(23,9)	(24,3)	(24,4)	(24,5)	(24,6)	(24,7)	(24,8)	(24,9)	(25,2)	
(7,15):(1,15)	(2,14)	(7,15)	(7,20)	(8,15)	(8,16)	(8,17)	(8,18)	(8,19)	(9,15)	(9,16)	(9,17)	(9,18)	(9,19)	(10,15)	(10,16)	(10,17)	(10,18)	(10,19)	(10,20)	(11,15)	(11,16)	(11,17)	(11,18)	(11,19)	(11,20)	(11,21)	(12,15)	(12,16)	(12,17)	(12,18)	(12,19)	(13,14)	(13,15)	(13,16)	(13,17)	(13,18)	(14,14)	(14,15)	(14,16)	(14,19)	(15,14)	(15,15)	(16,14)	(16,15)	(17,14)	(17,15)	(18,14)	(18,15)	(19,13)	(19,16)	
(1,15):(1,7)	(1,15)	(2,7)	(2,14)	(7,15)	(8,15)	(9,15)	(10,15)	(11,15)	(12,15)	(13,14)	(13,15)	(14,14)	(14,15)	(15,14)	(15,15)	(16,14)	(16,15)	(17,14)	(17,15)	(18,14)	(18,15)	
(1,7):(1,7)	(1,15)	(2,7)	(2,14)	
(2,7):(1,7)	(1,15)	(2,7)	(2,14)	
(2,14):(1,7)	(1,15)	(2,7)	(2,14)	(7,15)	(8,15)	(9,15)	(10,15)	(11,15)	(12,15)	(12,16)	(13,14)	(13,15)	(13,16)	(14,14)	(14,15)	(14,16)	(15,14)	(15,15)	(16,14)	(16,15)	(17,14)	(17,15)	(18,14)	(18,15)	(19,16)	
(13,14):(1,15)	(2,14)	(7,15)	(7,20)	(8,15)	(8,16)	(8,17)	(8,18)	(8,19)	(9,15)	(9,16)	(9,17)	(9,18)	(9,19)	(9,24)	(10,15)	(10,16)	(10,17)	(10,18)	(10,19)	(10,20)	(10,21)	(10,22)	(10,23)	(10,24)	(11,15)	(11,16)	(11,17)	(11,18)	(11,19)	(11,20)	(11,21)	(11,22)	(11,23)	(11,24)	(12,15)	(12,16)	(12,17)	(12,18)	(12,19)	(13,8)	(13,14)	(13,15)	(13,16)	(13,17)	(13,18)	(14,9)	(14,10)	(14,11)	(14,12)	(14,13)	(14,14)	(14,15)	(14,16)	(14,19)	(15,9)	(15,10)	(15,11)	(15,12)	(15,13)	(15,14)	(15,15)	(16,8)	(16,9)	(16,10)	(16,11)	(16,12)	(16,13)	(16,14)	(16,15)	(17,6)	(17,7)	(17,8)	(17,9)	(17,10)	(17,11)	(17,12)	(17,13)	(17,14)	(17,15)	(18,4)	(18,5)	(18,6)	(18,7)	(18,8)	(18,9)	(18,10)	(18,11)	(18,12)	(18,13)	(18,14)	(18,15)	(19,2)	(19,3)	(19,4)	(19,5)	(19,6)	(19,7)	(19,8)	(19,9)	(19,10)	(19,11)	(19,12)	(19,13)	(19,16)	(20,2)	(20,3)	(20,4)	(20,5)	(20,6)	(20,7)	(20,8)	(20,9)	(20,10)	(20,11)	(20,12)	(21,2)	(21,3)	(21,4)	(21,5)	(21,6)	(21,7)	(21,8)	(21,9)	(21,10)	(21,11)	(21,12)	(22,2)	(22,3)	(22,4)	(22,5)	(22,6)	(22,7)	(22,8)	(22,9)	(22,10)	(23,2)	(23,3)	(23,4)	(23,5)	(23,6)	(23,7)	(23,8)	(23,9)	(23,10)	(23,12)	(24,1)	(24,2)	(24,3)	(24,4)	(24,5)	(24,6)	(24,7)	(24,8)	(24,9)	(25,2)	
(13,8):(13,8)	(13,14)	(13,15)	(13,16)	(13,17)	(13,18)	(14,9)	(14,10)	(14,11)	(14,12)	(14,13)	(14,14)	(14,15)	(14,16)	(14,19)	(15,9)	(15,10)	(15,11)	(15,12)	(15,13)	(15,14)	(15,15)	(16,8)	(16,9)	(16,10)	(16,11)	(16,12)	(16,13)	(16,14)	(16,15)	(17,8)	(17,9)	(17,10)	(17,11)	(17,12)	(17,13)	(17,14)	(17,15)	(18,8)	(18,9)	(18,10)	(18,11)	(18,12)	(18,13)	(18,14)	(18,15)	(19,8)	(19,9)	(19,10)	(19,11)	(19,12)	(19,13)	(19,16)	(20,8)	(20,9)	(20,10)	(20,11)	(20,12)	(20,13)	(21,8)	(21,9)	(21,10)	(21,11)	(21,12)	(21,13)	(22,8)	(22,9)	(22,10)	(22,13)	(22,14)	(23,8)	(23,9)	(23,10)	(24,8)	(24,9)	(24,10)	(25,10)	(28,11)	
(16,8):(9,24)	(10,20)	(10,21)	(10,22)	(10,23)	(10,24)	(11,18)	(11,19)	(11,20)	(11,21)	(12,16)	(12,17)	(12,18)	(12,19)	(13,8)	(13,14)	(13,15)	(13,16)	(13,17)	(13,18)	(14,9)	(14,10)	(14,11)	(14,12)	(14,13)	(14,14)	(14,15)	(14,16)	(15,9)	(15,10)	(15,11)	(15,12)	(15,13)	(15,14)	(15,15)	(16,2)	(16,3)	(16,8)	(16,9)	(16,10)	(16,11)	(16,12)	(16,13)	(16,14)	(16,15)	(17,2)	(17,3)	(17,4)	(17,5)	(17,6)	(17,7)	(17,8)	(17,9)	(17,10)	(17,11)	(17,12)	(17,13)	(17,14)	(17,15)	(18,2)	(18,3)	(18,4)	(18,5)	(18,6)	(18,7)	(18,8)	(18,9)	(18,10)	(18,11)	(18,12)	(18,13)	(18,14)	(18,15)	(19,2)	(19,3)	(19,4)	(19,5)	(19,6)	(19,7)	(19,8)	(19,9)	(19,10)	(19,11)	(19,12)	(19,13)	(19,16)	(20,2)	(20,3)	(20,4)	(20,5)	(20,6)	(20,7)	(20,8)	(20,9)	(20,10)	(20,11)	(20,12)	(20,13)	(21,2)	(21,3)	(21,4)	(21,5)	(21,6)	(21,7)	(21,8)	(21,9)	(21,10)	(21,11)	(21,12)	(21,13)	(21,14)	(22,2)	(22,3)	(22,4)	(22,5)	(22,6)	(22,7)	(22,8)	(22,9)	(22,10)	(22,13)	(22,14)	(22,15)	(23,2)	(23,3)	(23,4)	(23,5)	(23,6)	(23,7)	(23,8)	(23,9)	(23,10)	(24,1)	(24,2)	(24,3)	(24,4)	(24,5)	(24,6)	(24,7)	(24,8)	(24,9)	(24,10)	(25,2)	(25,10)	(28,11)	
(16,3):(9,1)	(10,2)	(10,3)	(11,2)	(11,3)	(12,2)	(13,2)	(14,2)	(15,2)	(16,2)	(16,3)	(16,8)	(16,9)	(16,10)	(16,11)	(16,12)	(16,13)	(16,14)	(16,15)	(17,2)	(17,3)	(17,4)	(17,5)	(17,6)	(17,7)	(17,8)	(17,9)	(17,10)	(17,11)	(17,12)	(17,13)	(17,14)	(17,15)	(18,2)	(18,3)	(18,4)	(18,5)	(18,6)	(18,7)	(18,8)	(18,9)	(18,10)	(18,11)	(18,12)	(18,13)	(18,14)	(18,15)	(19,2)	(19,3)	(19,4)	(19,5)	(19,6)	(19,7)	(19,8)	(19,9)	(19,10)	(19,11)	(19,12)	(19,13)	(19,16)	(20,2)	(20,3)	(20,4)	(20,5)	(20,6)	(20,7)	(20,8)	(20,9)	(20,10)	(20,11)	(20,12)	(20,13)	(21,2)	(21,3)	(21,4)	(21,5)	(21,6)	(21,7)	(21,8)	(21,9)	(21,10)	(21,11)	(21,12)	(21,13)	(21,14)	(21,15)	(22,2)	(22,3)	(22,4)	(22,5)	(22,6)	(22,7)	(22,8)	(22,9)	(22,10)	(22,14)	(22,15)	(22,16)	(22,17)	(22,18)	(23,2)	(23,3)	(23,4)	(23,5)	(23,6)	(23,7)	(23,8)	(23,9)	(23,10)	(23,17)	(24,1)	(24,2)	(24,3)	(24,4)	(24,5)	(24,6)	(24,7)	(24,8)	(24,9)	(24,10)	(25,2)	(25,10)	
(11,3):(5,6)	(7,5)	(8,5)	(9,1)	(9,4)	(9,5)	(10,2)	(10,3)	(10,4)	(10,5)	(11,2)	(11,3)	(11,6)	(12,2)	(13,2)	(14,2)	(15,2)	(16,2)	(16,3)	(17,2)	(17,3)	(18,2)	(18,3)	(19,2)	(19,3)	(20,2)	(20,3)	(21,2)	(21,3)	(22,2)	(22,3)	(23,2)	(23,3)	(24,1)	(24,2)	(24,3)	(25,2)	
(11,6):(5,4)	(5,6)	(6,5)	(7,5)	(8,5)	(9,1)	(9,4)	(9,5)	(10,2)	(10,3)	(10,4)	(10,5)	(11,2)	(11,3)	(11,6)	
(5,6):(5,4)	(5,6)	(6,5)	(7,5)	(8,5)	(9,4)	(9,5)	(10,4)	(10,5)	(11,3)	(11,6)	
(5,4):(5,4)	(5,6)	(6,5)	(7,5)	(8,5)	(9,4)	(9,5)	(10,4)	(10,5)	(11,6)	
(9,4):(5,4)	(5,6)	(6,5)	(7,5)	(8,5)	(9,1)	(9,4)	(9,5)	(10,2)	(10,3)	(10,4)	(10,5)	(11,2)	(11,3)	(11,6)	(12,2)	(13,2)	
(9,1):(9,1)	(9,4)	(9,5)	(10,2)	(10,3)	(10,4)	(10,5)	(11,2)	(11,3)	(11,6)	(12,2)	(13,2)	(14,2)	(15,2)	(16,2)	(16,3)	(17,2)	(17,3)	(18,2)	(18,3)	(19,2)	(19,3)	(20,2)	(20,3)	(20,4)	(21,2)	(21,3)	(21,4)	(22,2)	(22,3)	(22,4)	(23,2)	(23,3)	(23,4)	(23,5)	(24,1)	(24,2)	(24,3)	(24,4)	(24,5)	
(24,1):(8,24)	(9,1)	(9,19)	(9,23)	(10,2)	(10,3)	(10,18)	(10,19)	(10,20)	(10,21)	(10,22)	(11,2)	(11,3)	(11,17)	(11,18)	(11,19)	(11,20)	(12,2)	(12,16)	(12,17)	(12,18)	(12,19)	(13,2)	(13,14)	(13,15)	(13,16)	(13,17)	(14,2)	(14,10)	(14,11)	(14,12)	(14,13)	(14,14)	(14,15)	(14,16)	(15,2)	(15,9)	(15,10)	(15,11)	(15,12)	(15,13)	(15,14)	(15,15)	(16,2)	(16,3)	(16,8)	(16,9)	(16,10)	(16,11)	(16,12)	(16,13)	(16,14)	(16,15)	(17,2)	(17,3)	(17,4)	(17,5)	(17,6)	(17,7)	(17,8)	(17,9)	(17,10)	(17,11)	(17,12)	(17,13)	(17,14)	(17,15)	(18,2)	(18,3)	(18,4)	(18,5)	(18,6)	(18,7)	(18,8)	(18,9)	(18,10)	(18,11)	(18,12)	(18,13)	(18,14)	(18,15)	(19,2)	(19,3)	(19,4)	(19,5)	(19,6)	(19,7)	(19,8)	(19,9)	(19,10)	(19,11)	(19,12)	(19,13)	(20,2)	(20,3)	(20,4)	(20,5)	(20,6)	(20,7)	(20,8)	(20,9)	(20,10)	(20,11)	(20,12)	(20,13)	(21,2)	(21,3)	(21,4)	(21,5)	(21,6)	(21,7)	(21,8)	(21,9)	(21,10)	(21,11)	(22,2)	(22,3)	(22,4)	(22,5)	(22,6)	(22,7)	(22,8)	(22,9)	(22,10)	(23,2)	(23,3)	(23,4)	(23,5)	(23,6)	(23,7)	(23,8)	(23,9)	(23,10)	(24,1)	(24,2)	(24,3)	(24,4)	(24,5)	(24,6)	(24,7)	(24,8)	(24,9)	(24,10)	
(24,2):(8,24)	(9,1)	(9,19)	(9,23)	(10,2)	(10,3)	(10,18)	(10,19)	(10,20)	(10,21)	(11,2)	(11,3)	(11,17)	(11,18)	(11,19)	(11,20)	(12,2)	(12,16)	(12,17)	(12,18)	(13,2)	(13,14)	(13,15)	(13,16)	(13,17)	(14,2)	(14,10)	(14,11)	(14,12)	(14,13)	(14,14)	(14,15)	(14,16)	(15,2)	(15,9)	(15,10)	(15,11)	(15,12)	(15,13)	(15,14)	(15,15)	(16,2)	(16,3)	(16,8)	(16,9)	(16,10)	(16,11)	(16,12)	(16,13)	(16,14)	(16,15)	(17,2)	(17,3)	(17,4)	(17,5)	(17,6)	(17,7)	(17,8)	(17,9)	(17,10)	(17,11)	(17,12)	(17,13)	(17,14)	(17,15)	(18,2)	(18,3)	(18,4)	(18,5)	(18,6)	(18,7)	(18,8)	(18,9)	(18,10)	(18,11)	(18,12)	(18,13)	(18,14)	(18,15)	(19,2)	(19,3)	(19,4)	(19,5)	(19,6)	(19,7)	(19,8)	(19,9)	(19,10)	(19,11)	(19,12)	(19,13)	(20,2)	(20,3)	(20,4)	(20,5)	(20,6)	(20,7)	(20,8)	(20,9)	(20,10)	(20,11)	(20,12)	(20,13)	(21,2)	(21,3)	(21,4)	(21,5)	(21,6)	(21,7)	(21,8)	(21,9)	(21,10)	(21,11)	(22,2)	(22,3)	(22,4)	(22,5)	(22,6)	(22,7)	(22,8)	(22,9)	(22,10)	(23,2)	(23,3)	(23,4)	(23,5)	(23,6)	(23,7)	(23,8)	(23,9)	(23,10)	(24,1)	(24,2)	(24,3)	(24,4)	(24,5)	(24,6)	(24,7)	(24,8)	(24,9)	(24,10)	(25,2)	(25,10)	
(25,2):(7,20)	(8,19)	(9,18)	(9,19)	(10,2)	(10,3)	(10,17)	(10,18)	(10,19)	(10,20)	(10,21)	(11,2)	(11,3)	(11,16)	(11,17)	(11,18)	(11,19)	(12,2)	(12,15)	(12,16)	(12,17)	(12,18)	(13,2)	(13,14)	(13,15)	(13,16)	(13,17)	(14,2)	(14,10)	(14,11)	(14,12)	(14,13)	(14,14)	(14,15)	(14,16)	(15,2)	(15,9)	(15,10)	(15,11)	(15,12)	(15,13)	(15,14)	(15,15)	(16,2)	(16,3)	(16,8)	(16,9)	(16,10)	(16,11)	(16,12)	(16,13)	(16,14)	(16,15)	(17,2)	(17,3)	(17,4)	(17,5)	(17,6)	(17,7)	(17,8)	(17,9)	(17,10)	(17,11)	(17,12)	(17,13)	(17,14)	(17,15)	(18,2)	(18,3)	(18,4)	(18,5)	(18,6)	(18,7)	(18,8)	(18,9)	(18,10)	(18,11)	(18,12)	(18,13)	(18,14)	(19,2)	(19,3)	(19,4)	(19,5)	(19,6)	(19,7)	(19,8)	(19,9)	(19,10)	(19,11)	(19,12)	(19,13)	(20,2)	(20,3)	(20,4)	(20,5)	(20,6)	(20,7)	(20,8)	(20,9)	(20,10)	(20,11)	(20,12)	(20,13)	(21,2)	(21,3)	(21,4)	(21,5)	(21,6)	(21,7)	(21,8)	(21,9)	(21,10)	(21,11)	(22,2)	(22,3)	(22,4)	(22,5)	(22,6)	(22,7)	(22,8)	(22,9)	(22,10)	(23,2)	(23,3)	(23,4)	(23,5)	(23,6)	(23,7)	(23,8)	(23,9)	(23,10)	(24,2)	(24,3)	(24,4)	(24,5)	(24,6)	(24,7)	(24,8)	(24,9)	(24,10)	(25,2)	(25,10)	
(25,10):(13,8)	(14,9)	(14,10)	(14,11)	(14,12)	(15,2)	(15,9)	(15,10)	(15,11)	(15,12)	(16,2)	(16,3)	(16,8)	(16,9)	(16,10)	(16,11)	(16,12)	(17,2)	(17,3)	(17,4)	(17,5)	(17,6)	(17,7)	(17,8)	(17,9)	(17,10)	(17,11)	(17,12)	(18,2)	(18,3)	(18,4)	(18,5)	(18,6)	(18,7)	(18,8)	(18,9)	(18,10)	(18,11)	(19,2)	(19,3)	(19,4)	(19,5)	(19,6)	(19,7)	(19,8)	(19,9)	(19,10)	(19,11)	(20,2)	(20,3)	(20,4)	(20,5)	(20,6)	(20,7)	(20,8)	(20,9)	(20,10)	(20,11)	(21,2)	(21,3)	(21,4)	(21,5)	(21,6)	(21,7)	(21,8)	(21,9)	(21,10)	(21,11)	(22,2)	(22,3)	(22,4)	(22,5)	(22,6)	(22,7)	(22,8)	(22,9)	(22,10)	(23,2)	(23,3)	(23,4)	(23,5)	(23,6)	(23,7)	(23,8)	(23,9)	(23,10)	(24,2)	(24,3)	(24,4)	(24,5)	(24,6)	(24,7)	(24,8)	(24,9)	(24,10)	(25,2)	(25,10)	(26,10)	(27,10)	(28,11)	
(26,10):(14,10)	(14,11)	(14,12)	(15,10)	(15,11)	(15,12)	(16,10)	(16,11)	(16,12)	(17,10)	(17,11)	(18,10)	(18,11)	(19,10)	(19,11)	(20,10)	(20,11)	(21,10)	(21,11)	(22,10)	(23,10)	(24,10)	(25,10)	(26,9)	(26,10)	(27,9)	(27,10)	(28,11)	
(26,9):(26,9)	(26,10)	(27,9)	(27,10)	(28,11)	
(27,9):(26,9)	(26,10)	(27,5)	(27,9)	(27,10)	(28,5)	(28,11)	
(27,5):6.000000
(28,5):6.500000
(28,11):40.500000
(21,11):159.199997
(21,12):117.611115
(23,12):32.299999
(23,17):40.133335
(22,17):48.757141
(22,18):41.716667
(20,18):34.892857
(20,13):114.800003
(19,13):150.266663
(19,16):86.020363
(14,16):164.872620
(14,19):41.875000
(12,19):113.115906
(12,24):58.370834
(18,24):15.166667
(18,26):2.500000
(17,26):2.000000
(17,25):22.023077
(6,25):42.166668
(6,27):21.250000
(15,27):11.000000
(15,28):11.222222
(4,28):24.000000
(4,23):37.076923
(3,23):10.600000
(3,22):25.250000
(8,22):34.000000
(8,21):16.666666
(10,21):109.686356
(10,20):123.800003
(7,20):94.147621
(7,15):62.433334
(1,15):26.500000
(1,7):8.071428
(2,7):8.000000
(2,14):34.900002
(13,14):171.245239
(13,8):79.464287
(16,8):157.046860
(16,3):130.042862
(11,3):41.000000
(11,6):18.000000
(5,6):13.000000
(5,4):12.000000
(9,4):22.000000
(9,1):48.538094
(24,1):148.992630
(24,2):157.762054
(25,2):141.307678
(25,10):111.508926
(26,10):23.900000
(26,9):4.000000
(27,9):8.500000
(27,5),(28,5):6.000000
(27,5),(28,11):6.000000
(27,5),(21,11):1.300000
(27,5),(21,12):0.000000
(27,5),(23,12):0.000000
(27,5),(23,17):0.000000
(27,5),(22,17):0.000000
(27,5),(22,18):0.000000
(27,5),(20,18):0.000000
(27,5),(20,13):0.000000
(27,5),(19,13):0.000000
(27,5),(19,16):0.000000
(27,5),(14,16):0.000000
(27,5),(14,19):0.000000
(27,5),(12,19):0.000000
(27,5),(12,24):0.000000
(27,5),(18,24):0.000000
(27,5),(18,26):0.000000
(27,5),(17,26):0.000000
(27,5),(17,25):0.000000
(27,5),(6,25):0.000000
(27,5),(6,27):0.000000
(27,5),(15,27):0.000000
(27,5),(15,28):0.000000
(27,5),(4,28):0.000000
(27,5),(4,23):0.000000
(27,5),(3,23):0.000000
(27,5),(3,22):0.000000
(27,5),(8,22):0.000000
(27,5),(8,21):0.000000
(27,5),(10,21):0.000000
(27,5),(10,20):0.000000
(27,5),(7,20):0.000000
(27,5),(7,15):0.000000
(27,5),(1,15):0.000000
(27,5),(1,7):0.000000
(27,5),(2,7):0.000000
(27,5),(2,14):0.000000
(27,5),(13,14):0.000000
(27,5),(13,8):0.583333
(27,5),(16,8):0.444444
(27,5),(16,3):0.000000
(27,5),(11,3):0.000000
(27,5),(11,6):0.000000
(27,5),(5,6):0.000000
(27,5),(5,4):0.000000
(27,5),(9,4):0.000000
(27,5),(9,1):0.000000
(27,5),(24,1):0.000000
(27,5),(24,2):0.000000
(27,5),(25,2):0.000000
(27,5),(25,10):1.000000
(27,5),(26,10):2.500000
(27,5),(26,9):2.000000
(27,5),(27,9):6.000000
(28,5),(28,11):6.500000
(28,5),(21,11):1.715789
(28,5),(21,12):0.000000
(28,5),(23,12):0.000000
(28,5),(23,17):0.000000
(28,5),(22,17):0.000000
(28,5),(22,18):0.000000
(28,5),(20,18):0.000000
(28,5),(20,13):0.000000
(28,5),(19,13):0.000000
(28,5),(19,16):0.000000
(28,5),(14,16):0.000000
(28,5),(14,19):0.000000
(28,5),(12,19):0.000000
(28,5),(12,24):0.000000
(28,5),(18,24):0.000000
(28,5),(18,26):0.000000
(28,5),(17,26):0.000000
(28,5),(17,25):0.000000
(28,5),(6,25):0.000000
(28,5),(6,27):0.000000
(28,5),(15,27):0.000000
(28,5),(15,28):0.000000
(28,5),(4,28):0.000000
(28,5),(4,23):0.000000
(28,5),(3,23):0.000000
(28,5),(3,22):0.000000
(28,5),(8,22):0.000000
(28,5),(8,21):0.000000
(28,5),(10,21):0.000000
(28,5),(10,20):0.000000
(28,5),(7,20):0.000000
(28,5),(7,15):0.000000
(28,5),(1,15):0.000000
(28,5),(1,7):0.000000
(28,5),(2,7):0.000000
(28,5),(2,14):0.000000
(28,5),(13,14):0.000000
(28,5),(13,8):0.870000
(28,5),(16,8):0.697368
(28,5),(16,3):0.000000
(28,5),(11,3):0.000000
(28,5),(11,6):0.000000
(28,5),(5,6):0.000000
(28,5),(5,4):0.000000
(28,5),(9,4):0.000000
(28,5),(9,1):0.000000
(28,5),(24,1):0.000000
(28,5),(24,2):0.000000
(28,5),(25,2):0.000000
(28,5),(25,10):1.375000
(28,5),(26,10):3.000000
(28,5),(26,9):2.500000
(28,5),(27,9):6.500000
(28,11),(21,11):34.900002
(28,11),(21,12):24.833334
(28,11),(23,12):0.000000
(28,11),(23,17):9.302564
(28,11),(22,17):6.942857
(28,11),(22,18):5.828582
(28,11),(20,18):2.871212
(28,11),(20,13):26.000000
(28,11),(19,13):26.875000
(28,11),(19,16):19.500000
(28,11),(14,16):27.316433
(28,11),(14,19):3.000000
(28,11),(12,19):14.622686
(28,11),(12,24):0.000000
(28,11),(18,24):0.000000
(28,11),(18,26):0.000000
(28,11),(17,26):0.000000
(28,11),(17,25):0.000000
(28,11),(6,25):0.000000
(28,11),(6,27):0.000000
(28,11),(15,27):0.000000
(28,11),(15,28):0.000000
(28,11),(4,28):0.000000
(28,11),(4,23):0.000000
(28,11),(3,23):0.000000
(28,11),(3,22):0.000000
(28,11),(8,22):0.000000
(28,11),(8,21):0.000000
(28,11),(10,21):13.856391
(28,11),(10,20):15.910714
(28,11),(7,20):12.621951
(28,11),(7,15):0.000000
(28,11),(1,15):0.000000
(28,11),(1,7):0.000000
(28,11),(2,7):0.000000
(28,11),(2,14):0.000000
(28,11),(13,14):28.462185
(28,11),(13,8):32.250000
(28,11),(16,8):33.500000
(28,11),(16,3):23.142857
(28,11),(11,3):0.000000
(28,11),(11,6):0.000000
(28,11),(5,6):0.000000
(28,11),(5,4):0.000000
(28,11),(9,4):0.000000
(28,11),(9,1):0.000000
(28,11),(24,1):26.395834
(28,11),(24,2):28.187500
(28,11),(25,2):28.500000
(28,11),(25,10):34.500000
(28,11),(26,10):17.500000
(28,11),(26,9):4.000000
(28,11),(27,9):8.500000
(21,11),(21,12):104.361115
(21,11),(23,12):18.500000
(21,11),(23,17):30.133333
(21,11),(22,17):37.757141
(21,11),(22,18):35.716667
(21,11),(20,18):24.142857
(21,11),(20,13):103.800003
(21,11),(19,13):140.016663
(21,11),(19,16):70.294868
(21,11),(14,16):136.510712
(21,11),(14,19):27.950001
(21,11),(12,19):78.540909
(21,11),(12,24):11.548402
(21,11),(18,24):0.000000
(21,11),(18,26):0.000000
(21,11),(17,26):0.000000
(21,11),(17,25):0.000000
(21,11),(6,25):0.000000
(21,11),(6,27):0.000000
(21,11),(15,27):0.000000
(21,11),(15,28):0.000000
(21,11),(4,28):0.000000
(21,11),(4,23):0.000000
(21,11),(3,23):0.000000
(21,11),(3,22):0.000000
(21,11),(8,22):0.000000
(21,11),(8,21):0.000000
(21,11),(10,21):73.379807
(21,11),(10,20):98.300003
(21,11),(7,20):78.573807
(21,11),(7,15):32.549999
(21,11),(1,15):6.969697
(21,11),(1,7):0.000000
(21,11),(2,7):0.000000
(21,11),(2,14):12.421196
(21,11),(13,14):133.966660
(21,11),(13,8):68.464287
(21,11),(16,8):133.347229
(21,11),(16,3):106.642860
(21,11),(11,3):18.250000
(21,11),(11,6):0.000000
(21,11),(5,6):0.000000
(21,11),(5,4):0.000000
(21,11),(9,4):0.011905
(21,11),(9,1):29.788095
(21,11),(24,1):123.509933
(21,11),(24,2):134.237503
(21,11),(25,2):126.737503
(21,11),(25,10):110.187500
(21,11),(26,10):21.799999
(21,11),(26,9):2.400000
(21,11),(27,9):2.900000
(21,12),(23,12):31.400000
(21,12),(23,17):40.133335
(21,12),(22,17):48.757141
(21,12),(22,18):41.716667
(21,12),(20,18):27.750000
(21,12),(20,13):91.800003
(21,12),(19,13):103.099998
(21,12),(19,16):67.961540
(21,12),(14,16):93.175003
(21,12),(14,19):24.250000
(21,12),(12,19):65.865906
(21,12),(12,24):9.875000
(21,12),(18,24):0.000000
(21,12),(18,26):0.000000
(21,12),(17,26):0.000000
(21,12),(17,25):0.000000
(21,12),(6,25):0.000000
(21,12),(6,27):0.000000
(21,12),(15,27):0.000000
(21,12),(15,28):0.000000
(21,12),(4,28):0.000000
(21,12),(4,23):0.000000
(21,12),(3,23):0.000000
(21,12),(3,22):0.000000
(21,12),(8,22):0.000000
(21,12),(8,21):0.000000
(21,12),(10,21):56.061356
(21,12),(10,20):69.250000
(21,12),(7,20):48.333332
(21,12),(7,15):22.500000
(21,12),(1,15):5.800000
(21,12),(1,7):0.000000
(21,12),(2,7):0.000000
(21,12),(2,14):9.349206
(21,12),(13,14):88.916664
(21,12),(13,8):53.214287
(21,12),(16,8):91.358330
(21,12),(16,3):70.761108
(21,12),(11,3):11.111111
(21,12),(11,6):0.000000
(21,12),(5,6):0.000000
(21,12),(5,4):0.000000
(21,12),(9,4):0.002415
(21,12),(9,1):14.682540
(21,12),(24,1):83.773613
(21,12),(24,2):84.620728
(21,12),(25,2):79.402779
(21,12),(25,10):68.111115
(21,12),(26,10):14.400000
(21,12),(26,9):0.000000
(21,12),(27,9):0.000000
(23,12),(23,17):15.375000
(23,12),(22,17):17.150000
(23,12),(22,18):12.100000
(23,12),(20,18):16.650000
(23,12),(20,13):23.900000
(23,12),(19,13):18.400000
(23,12),(19,16):14.400000
(23,12),(14,16):15.233334
(23,12),(14,19):6.275000
(23,12),(12,19):9.983334
(23,12),(12,24):2.813384
(23,12),(18,24):0.000000
(23,12),(18,26):0.000000
(23,12),(17,26):0.000000
(23,12),(17,25):0.000000
(23,12),(6,25):0.000000
(23,12),(6,27):0.000000
(23,12),(15,27):0.000000
(23,12),(15,28):0.000000
(23,12),(4,28):0.000000
(23,12),(4,23):0.000000
(23,12),(3,23):0.000000
(23,12),(3,22):0.000000
(23,12),(8,22):0.000000
(23,12),(8,21):0.000000
(23,12),(10,21):8.111608
(23,12),(10,20):11.233334
(23,12),(7,20):13.257143
(23,12),(7,15):5.400000
(23,12),(1,15):2.750000
(23,12),(1,7):0.000000
(23,12),(2,7):0.000000
(23,12),(2,14):3.338889
(23,12),(13,14):17.066668
(23,12),(13,8):16.714285
(23,12),(16,8):18.596428
(23,12),(16,3):13.458333
(23,12),(11,3):0.000000
(23,12),(11,6):0.000000
(23,12),(5,6):0.000000
(23,12),(5,4):0.000000
(23,12),(9,4):0.000000
(23,12),(9,1):0.000000
(23,12),(24,1):12.450813
(23,12),(24,2):12.315315
(23,12),(25,2):12.013889
(23,12),(25,10):2.000000
(23,12),(26,10):0.900000
(23,12),(26,9):0.000000
(23,12),(27,9):0.000000
(23,17),(22,17):34.657143
(23,17),(22,18):25.600000
(23,17),(20,18):16.000000
(23,17),(20,13):39.933334
(23,17),(19,13):27.733334
(23,17),(19,16):19.261538
(23,17),(14,16):19.049406
(23,17),(14,19):0.000000
(23,17),(12,19):10.894296
(23,17),(12,24):0.000000
(23,17),(18,24):0.000000
(23,17),(18,26):0.000000
(23,17),(17,26):0.000000
(23,17),(17,25):0.000000
(23,17),(6,25):0.000000
(23,17),(6,27):0.000000
(23,17),(15,27):0.000000
(23,17),(15,28):0.000000
(23,17),(4,28):0.000000
(23,17),(4,23):0.000000
(23,17),(3,23):0.000000
(23,17),(3,22):0.000000
(23,17),(8,22):0.000000
(23,17),(8,21):0.000000
(23,17),(10,21):11.822113
(23,17),(10,20):13.429365
(23,17),(7,20):8.112164
(23,17),(7,15):0.000000
(23,17),(1,15):0.000000
(23,17),(1,7):0.000000
(23,17),(2,7):0.000000
(23,17),(2,14):0.000000
(23,17),(13,14):18.312963
(23,17),(13,8):15.389286
(23,17),(16,8):31.158333
(23,17),(16,3):33.333332
(23,17),(11,3):3.000000
(23,17),(11,6):0.000000
(23,17),(5,6):0.000000
(23,17),(5,4):0.000000
(23,17),(9,4):0.000000
(23,17),(9,1):3.316129
(23,17),(24,1):25.885714
(23,17),(24,2):25.724243
(23,17),(25,2):23.813597
(23,17),(25,10):23.473045
(23,17),(26,10):2.803663
(23,17),(26,9):0.000000
(23,17),(27,9):0.000000
(22,17),(22,18):39.700001
(22,17),(20,18):19.250000
(22,17),(20,13):48.700001
(22,17),(19,13):34.500000
(22,17),(19,16):21.361538
(22,17),(14,16):25.559341
(22,17),(14,19):0.000000
(22,17),(12,19):15.295421
(22,17),(12,24):0.000000
(22,17),(18,24):0.000000
(22,17),(18,26):0.000000
(22,17),(17,26):0.000000
(22,17),(17,25):0.000000
(22,17),(6,25):0.000000
(22,17),(6,27):0.000000
(22,17),(15,27):0.000000
(22,17),(15,28):0.000000
(22,17),(4,28):0.000000
(22,17),(4,23):0.000000
(22,17),(3,23):0.000000
(22,17),(3,22):0.000000
(22,17),(8,22):0.000000
(22,17),(8,21):0.000000
(22,17),(10,21):15.377173
(22,17),(10,20):16.875000
(22,17),(7,20):8.561627
(22,17),(7,15):0.000000
(22,17),(1,15):0.000000
(22,17),(1,7):0.000000
(22,17),(2,7):0.000000
(22,17),(2,14):0.000000
(22,17),(13,14):21.868589
(22,17),(13,8):13.864285
(22,17),(16,8):37.924999
(22,17),(16,3):40.157143
(22,17),(11,3):6.857143
(22,17),(11,6):0.000000
(22,17),(5,6):0.000000
(22,17),(5,4):0.000000
(22,17),(9,4):0.000000
(22,17),(9,1):8.408658
(22,17),(24,1):32.483810
(22,17),(24,2):32.319641
(22,17),(25,2):28.408251
(22,17),(25,10):30.296825
(22,17),(26,10):2.309790
(22,17),(26,9):0.000000
(22,17),(27,9):0.000000
(22,18),(20,18):15.000000
(22,18),(20,13):41.716667
(22,18),(19,13):31.516666
(22,18),(19,16):17.711538
(22,18),(14,16):24.759710
(22,18),(14,19):0.000000
(22,18),(12,19):14.955194
(22,18),(12,24):0.000000
(22,18),(18,24):0.000000
(22,18),(18,26):0.000000
(22,18),(17,26):0.000000
(22,18),(17,25):0.000000
(22,18),(6,25):0.000000
(22,18),(6,27):0.000000
(22,18),(15,27):0.000000
(22,18),(15,28):0.000000
(22,18),(4,28):0.000000
(22,18),(4,23):0.000000
(22,18),(3,23):0.000000
(22,18),(3,22):0.000000
(22,18),(8,22):0.000000
(22,18),(8,21):0.000000
(22,18),(10,21):15.021851
(22,18),(10,20):16.384920
(22,18),(7,20):8.143358
(22,18),(7,15):0.000000
(22,18),(1,15):0.000000
(22,18),(1,7):0.000000
(22,18),(2,7):0.000000
(22,18),(2,14):0.000000
(22,18),(13,14):20.855904
(22,18),(13,8):10.845238
(22,18),(16,8):33.016666
(22,18),(16,3):35.816666
(22,18),(11,3):7.466667
(22,18),(11,6):0.000000
(22,18),(5,6):0.000000
(22,18),(5,4):0.000000
(22,18),(9,4):0.000000
(22,18),(9,1):9.304167
(22,18),(24,1):30.436905
(22,18),(24,2):30.272223
(22,18),(25,2):26.052273
(22,18),(25,10):28.364849
(22,18),(26,10):2.047312
(22,18),(26,9):0.000000
(22,18),(27,9):0.000000
(20,18),(20,13):34.892857
(20,18),(19,13):21.142857
(20,18),(19,16):0.000000
(20,18),(14,16):18.242857
(20,18),(14,19):0.000000
(20,18),(12,19):9.642858
(20,18),(12,24):0.000000
(20,18),(18,24):0.000000
(20,18),(18,26):0.000000
(20,18),(17,26):0.000000
(20,18),(17,25):0.000000
(20,18),(6,25):0.000000
(20,18),(6,27):0.000000
(20,18),(15,27):0.000000
(20,18),(15,28):0.000000
(20,18),(4,28):0.000000
(20,18),(4,23):0.000000
(20,18),(3,23):0.000000
(20,18),(3,22):0.000000
(20,18),(8,22):0.000000
(20,18),(8,21):0.000000
(20,18),(10,21):12.795031
(20,18),(10,20):15.309524
(20,18),(7,20):7.708333
(20,18),(7,15):0.000000
(20,18),(1,15):0.000000
(20,18),(1,7):0.000000
(20,18),(2,7):0.000000
(20,18),(2,14):0.000000
(20,18),(13,14):19.892857
(20,18),(13,8):9.857142
(20,18),(16,8):25.150000
(20,18),(16,3):26.292856
(20,18),(11,3):4.571429
(20,18),(11,6):0.000000
(20,18),(5,6):0.000000
(20,18),(5,4):0.000000
(20,18),(9,4):0.000000
(20,18),(9,1):7.464986
(20,18),(24,1):18.809525
(20,18),(24,2):18.642857
(20,18),(25,2):15.910714
(20,18),(25,10):17.267857
(20,18),(26,10):1.171429
(20,18),(26,9):0.000000
(20,18),(27,9):0.000000
(20,13),(19,13):100.599998
(20,13),(19,16):51.461540
(20,13),(14,16):90.675003
(20,13),(14,19):5.000000
(20,13),(12,19):50.590908
(20,13),(12,24):0.000000
(20,13),(18,24):0.000000
(20,13),(18,26):0.000000
(20,13),(17,26):0.000000
(20,13),(17,25):0.000000
(20,13),(6,25):0.000000
(20,13),(6,27):0.000000
(20,13),(15,27):0.000000
(20,13),(15,28):0.000000
(20,13),(4,28):0.000000
(20,13),(4,23):0.000000
(20,13),(3,23):0.000000
(20,13),(3,22):0.000000
(20,13),(8,22):0.000000
(20,13),(8,21):0.000000
(20,13),(10,21):56.967308
(20,13),(10,20):67.000000
(20,13),(7,20):35.333332
(20,13),(7,15):0.000000
(20,13),(1,15):0.000000
(20,13),(1,7):0.000000
(20,13),(2,7):0.000000
(20,13),(2,14):0.000000
(20,13),(13,14):86.416664
(20,13),(13,8):46.464287
(20,13),(16,8):104.025002
(20,13),(16,3):91.199997
(20,13),(11,3):17.799999
(20,13),(11,6):0.000000
(20,13),(5,6):0.000000
(20,13),(5,4):0.000000
(20,13),(9,4):0.000000
(20,13),(9,1):27.891666
(20,13),(24,1):92.529167
(20,13),(24,2):94.925003
(20,13),(25,2):86.324997
(20,13),(25,10):90.737503
(20,13),(26,10):14.650000
(20,13),(26,9):0.000000
(20,13),(27,9):0.000000
(19,13),(19,16):78.461540
(19,13),(14,16):140.341660
(19,13),(14,19):30.500000
(19,13),(12,19):80.157578
(19,13),(12,24):13.421795
(19,13),(18,24):0.000000
(19,13),(18,26):0.000000
(19,13),(17,26):0.000000
(19,13),(17,25):0.000000
(19,13),(6,25):0.000000
(19,13),(6,27):0.000000
(19,13),(15,27):0.000000
(19,13),(15,28):0.000000
(19,13),(4,28):0.000000
(19,13),(4,23):0.000000
(19,13),(3,23):0.000000
(19,13),(3,22):0.000000
(19,13),(8,22):0.000000
(19,13),(8,21):0.000000
(19,13),(10,21):73.403023
(19,13),(10,20):99.916664
(19,13),(7,20):77.357140
(19,13),(7,15):38.666668
(19,13),(1,15):10.500000
(19,13),(1,7):0.000000
(19,13),(2,7):0.000000
(19,13),(2,14):18.799999
(19,13),(13,14):136.083328
(19,13),(13,8):63.799999
(19,13),(16,8):127.339287
(19,13),(16,3):100.877777
(19,13),(11,3):17.600000
(19,13),(11,6):0.000000
(19,13),(5,6):0.000000
(19,13),(5,4):0.000000
(19,13),(9,4):0.000000
(19,13),(9,1):29.138096
(19,13),(24,1):118.796875
(19,13),(24,2):125.698067
(19,13),(25,2):118.473236
(19,13),(25,10):98.537498
(19,13),(26,10):14.900000
(19,13),(26,9):0.000000
(19,13),(27,9):0.000000
(19,16),(14,16):78.362396
(19,16),(14,19):20.875000
(19,16),(12,19):50.365910
(19,16),(12,24):9.000000
(19,16),(18,24):0.000000
(19,16),(18,26):0.000000
(19,16),(17,26):0.000000
(19,16),(17,25):0.000000
(19,16),(6,25):0.000000
(19,16),(6,27):0.000000
(19,16),(15,27):0.000000
(19,16),(15,28):0.000000
(19,16),(4,28):0.000000
(19,16),(4,23):0.000000
(19,16),(3,23):0.000000
(19,16),(3,22):0.000000
(19,16),(8,22):0.000000
(19,16),(8,21):0.000000
(19,16),(10,21):40.410713
(19,16),(10,20):47.799999
(19,16),(7,20):34.857143
(19,16),(7,15):31.558823
(19,16),(1,15):18.058823
(19,16),(1,7):0.625089
(19,16),(2,7):0.600490
(19,16),(2,14):26.058823
(19,16),(13,14):73.500000
(19,16),(13,8):48.000000
(19,16),(16,8):70.000000
(19,16),(16,3):45.461540
(19,16),(11,3):6.461538
(19,16),(11,6):0.000000
(19,16),(5,6):0.000000
(19,16),(5,4):0.000000
(19,16),(9,4):0.000000
(19,16),(9,1):7.747253
(19,16),(24,1):65.341347
(19,16),(24,2):65.874420
(19,16),(25,2):62.660839
(19,16),(25,10):46.961540
(19,16),(26,10):12.000000
(19,16),(26,9):0.000000
(19,16),(27,9):0.000000
(14,16),(14,19):41.875000
(14,16),(12,19):99.515907
(14,16),(12,24):25.400000
(14,16),(18,24):1.133333
(14,16),(18,26):0.000000
(14,16),(17,26):0.000000
(14,16),(17,25):1.821907
(14,16),(6,25):4.400000
(14,16),(6,27):0.000000
(14,16),(15,27):0.000000
(14,16),(15,28):0.000000
(14,16),(4,28):0.000000
(14,16),(4,23):3.375000
(14,16),(3,23):1.156777
(14,16),(3,22):3.000000
(14,16),(8,22):3.900000
(14,16),(8,21):2.833333
(14,16),(10,21):85.753021
(14,16),(10,20):114.550003
(14,16),(7,20):93.209526
(14,16),(7,15):56.880325
(14,16),(1,15):17.011906
(14,16),(1,7):0.303571
(14,16),(2,7):0.297619
(14,16),(2,14):25.411905
(14,16),(13,14):155.864288
(14,16),(13,8):66.085716
(14,16),(16,8):130.585709
(14,16),(16,3):94.960716
(14,16),(11,3):14.000000
(14,16),(11,6):0.000000
(14,16),(5,6):0.000000
(14,16),(5,4):0.000000
(14,16),(9,4):0.000000
(14,16),(9,1):25.329762
(14,16),(24,1):124.361908
(14,16),(24,2):130.873093
(14,16),(25,2):123.431587
(14,16),(25,10):94.098213
(14,16),(26,10):15.100000
(14,16),(26,9):0.000000
(14,16),(27,9):0.000000
(14,19),(12,19):38.125000
(14,19),(12,24):18.750000
(14,19),(18,24):0.000000
(14,19),(18,26):0.000000
(14,19),(17,26):0.000000
(14,19),(17,25):0.000000
(14,19),(6,25):0.000000
(14,19),(6,27):0.000000
(14,19),(15,27):0.000000
(14,19),(15,28):0.000000
(14,19),(4,28):0.000000
(14,19),(4,23):0.000000
(14,19),(3,23):0.000000
(14,19),(3,22):0.000000
(14,19),(8,22):0.000000
(14,19),(8,21):0.000000
(14,19),(10,21):19.166666
(14,19),(10,20):35.299999
(14,19),(7,20):35.099998
(14,19),(7,15):35.958332
(14,19),(1,15):7.916667
(14,19),(1,7):0.000000
(14,19),(2,7):0.000000
(14,19),(2,14):12.775000
(14,19),(13,14):41.875000
(14,19),(13,8):11.000000
(14,19),(16,8):16.125000
(14,19),(16,3):0.000000
(14,19),(11,3):0.000000
(14,19),(11,6):0.000000
(14,19),(5,6):0.000000
(14,19),(5,4):0.000000
(14,19),(9,4):0.000000
(14,19),(9,1):0.000000
(14,19),(24,1):16.389423
(14,19),(24,2):17.369047
(14,19),(25,2):18.297619
(14,19),(25,10):4.875000
(14,19),(26,10):2.500000
(14,19),(26,9):0.000000
(14,19),(27,9):0.000000
(12,19),(12,24):39.000000
(12,19),(18,24):5.500000
(12,19),(18,26):0.000000
(12,19),(17,26):0.000000
(12,19),(17,25):7.583333
(12,19),(6,25):18.000000
(12,19),(6,27):0.000000
(12,19),(15,27):0.000000
(12,19),(15,28):0.000000
(12,19),(4,28):0.000000
(12,19),(4,23):15.333333
(12,19),(3,23):4.975000
(12,19),(3,22):13.500000
(12,19),(8,22):17.000000
(12,19),(8,21):14.000000
(12,19),(10,21):85.978020
(12,19),(10,20):95.050003
(12,19),(7,20):49.099998
(12,19),(7,15):45.802082
(12,19),(1,15):8.865196
(12,19),(1,7):0.000000
(12,19),(2,7):0.000000
(12,19),(2,14):13.858334
(12,19),(13,14):101.603569
(12,19),(13,8):28.733334
(12,19),(16,8):73.512764
(12,19),(16,3):39.090908
(12,19),(11,3):10.303030
(12,19),(11,6):0.000000
(12,19),(5,6):0.000000
(12,19),(5,4):0.000000
(12,19),(9,4):0.000000
(12,19),(9,1):15.208556
(12,19),(24,1):72.603493
(12,19),(24,2):72.527664
(12,19),(25,2):66.436089
(12,19),(25,10):49.236305
(12,19),(26,10):8.119552
(12,19),(26,9):0.000000
(12,19),(27,9):0.000000
(12,24),(18,24):14.266666
(12,24),(18,26):1.600000
(12,24),(17,26):1.100000
(12,24),(17,25):21.123077
(12,24),(6,25):36.500000
(12,24),(6,27):6.583333
(12,24),(15,27):0.000000
(12,24),(15,28):0.000000
(12,24),(4,28):9.333333
(12,24),(4,23):31.097757
(12,24),(3,23):10.537500
(12,24),(3,22):25.187500
(12,24),(8,22):31.270834
(12,24),(8,21):16.666666
(12,24),(10,21):38.666668
(12,24),(10,20):31.250000
(12,24),(7,20):21.000000
(12,24),(7,15):24.333334
(12,24),(1,15):4.750000
(12,24),(1,7):0.000000
(12,24),(2,7):0.000000
(12,24),(2,14):7.222222
(12,24),(13,14):30.828571
(12,24),(13,8):0.000000
(12,24),(16,8):11.146853
(12,24),(16,3):0.000000
(12,24),(11,3):0.000000
(12,24),(11,6):0.000000
(12,24),(5,6):0.000000
(12,24),(5,4):0.000000
(12,24),(9,4):0.000000
(12,24),(9,1):0.000000
(12,24),(24,1):11.819481
(12,24),(24,2):11.005737
(12,24),(25,2):9.448906
(12,24),(25,10):0.000000
(12,24),(26,10):0.000000
(12,24),(26,9):0.000000
(12,24),(27,9):0.000000
(18,24),(18,26):2.500000
(18,24),(17,26):2.000000
(18,24),(17,25):15.000000
(18,24),(6,25):14.166667
(18,24),(6,27):2.166667
(18,24),(15,27):0.000000
(18,24),(15,28):0.000000
(18,24),(4,28):2.500000
(18,24),(4,23):11.993589
(18,24),(3,23):0.000000
(18,24),(3,22):8.750000
(18,24),(8,22):9.166667
(18,24),(8,21):4.666667
(18,24),(10,21):8.500000
(18,24),(10,20):2.250000
(18,24),(7,20):0.000000
(18,24),(7,15):0.000000
(18,24),(1,15):0.000000
(18,24),(1,7):0.000000
(18,24),(2,7):0.000000
(18,24),(2,14):0.000000
(18,24),(13,14):2.400000
(18,24),(13,8):0.000000
(18,24),(16,8):1.615385
(18,24),(16,3):0.000000
(18,24),(11,3):0.000000
(18,24),(11,6):0.000000
(18,24),(5,6):0.000000
(18,24),(5,4):0.000000
(18,24),(9,4):0.000000
(18,24),(9,1):0.000000
(18,24),(24,1):0.783333
(18,24),(24,2):0.507519
(18,24),(25,2):0.084586
(18,24),(25,10):0.000000
(18,24),(26,10):0.000000
(18,24),(26,9):0.000000
(18,24),(27,9):0.000000
(18,26),(17,26):2.000000
(18,26),(17,25):2.500000
(18,26),(6,25):1.500000
(18,26),(6,27):0.000000
(18,26),(15,27):0.000000
(18,26),(15,28):0.000000
(18,26),(4,28):0.000000
(18,26),(4,23):0.469780
(18,26),(3,23):0.000000
(18,26),(3,22):0.000000
(18,26),(8,22):0.000000
(18,26),(8,21):0.000000
(18,26),(10,21):0.000000
(18,26),(10,20):0.000000
(18,26),(7,20):0.000000
(18,26),(7,15):0.000000
(18,26),(1,15):0.000000
(18,26),(1,7):0.000000
(18,26),(2,7):0.000000
(18,26),(2,14):0.000000
(18,26),(13,14):0.000000
(18,26),(13,8):0.000000
(18,26),(16,8):0.000000
(18,26),(16,3):0.000000
(18,26),(11,3):0.000000
(18,26),(11,6):0.000000
(18,26),(5,6):0.000000
(18,26),(5,4):0.000000
(18,26),(9,4):0.000000
(18,26),(9,1):0.000000
(18,26),(24,1):0.000000
(18,26),(24,2):0.000000
(18,26),(25,2):0.000000
(18,26),(25,10):0.000000
(18,26),(26,10):0.000000
(18,26),(26,9):0.000000
(18,26),(27,9):0.000000
(17,26),(17,25):2.000000
(17,26),(6,25):1.000000
(17,26),(6,27):0.000000
(17,26),(15,27):0.000000
(17,26),(15,28):0.000000
(17,26),(4,28):0.000000
(17,26),(4,23):0.389423
(17,26),(3,23):0.000000
(17,26),(3,22):0.000000
(17,26),(8,22):0.000000
(17,26),(8,21):0.000000
(17,26),(10,21):0.000000
(17,26),(10,20):0.000000
(17,26),(7,20):0.000000
(17,26),(7,15):0.000000
(17,26),(1,15):0.000000
(17,26),(1,7):0.000000
(17,26),(2,7):0.000000
(17,26),(2,14):0.000000
(17,26),(13,14):0.000000
(17,26),(13,8):0.000000
(17,26),(16,8):0.000000
(17,26),(16,3):0.000000
(17,26),(11,3):0.000000
(17,26),(11,6):0.000000
(17,26),(5,6):0.000000
(17,26),(5,4):0.000000
(17,26),(9,4):0.000000
(17,26),(9,1):0.000000
(17,26),(24,1):0.000000
(17,26),(24,2):0.000000
(17,26),(25,2):0.000000
(17,26),(25,10):0.000000
(17,26),(26,10):0.000000
(17,26),(26,9):0.000000
(17,26),(27,9):0.000000
(17,25),(6,25):20.625000
(17,25),(6,27):4.900000
(17,25),(15,27):0.000000
(17,25),(15,28):0.000000
(17,25),(4,28):6.223529
(17,25),(4,23):18.850000
(17,25),(3,23):1.523077
(17,25),(3,22):15.273077
(17,25),(8,22):16.023077
(17,25),(8,21):6.266667
(17,25),(10,21):12.904762
(17,25),(10,20):2.650000
(17,25),(7,20):0.000000
(17,25),(7,15):0.000000
(17,25),(1,15):0.000000
(17,25),(1,7):0.000000
(17,25),(2,7):0.000000
(17,25),(2,14):0.000000
(17,25),(13,14):3.298207
(17,25),(13,8):0.000000
(17,25),(16,8):2.355972
(17,25),(16,3):0.000000
(17,25),(11,3):0.000000
(17,25),(11,6):0.000000
(17,25),(5,6):0.000000
(17,25),(5,4):0.000000
(17,25),(9,4):0.000000
(17,25),(9,1):0.000000
(17,25),(24,1):1.277503
(17,25),(24,2):0.845523
(17,25),(25,2):0.145371
(17,25),(25,10):0.000000
(17,25),(26,10):0.000000
(17,25),(26,9):0.000000
(17,25),(27,9):0.000000
(6,25),(6,27):12.250000
(6,25),(15,27):2.000000
(6,25),(15,28):2.222222
(6,25),(4,28):15.000000
(6,25),(4,23):36.250000
(6,25),(3,23):10.100000
(6,25),(3,22):24.750000
(6,25),(8,22):33.166668
(6,25),(8,21):16.333334
(6,25),(10,21):28.000000
(6,25),(10,20):10.250000
(6,25),(7,20):0.500000
(6,25),(7,15):3.520833
(6,25),(1,15):0.000000
(6,25),(1,7):0.000000
(6,25),(2,7):0.000000
(6,25),(2,14):0.000000
(6,25),(13,14):9.828571
(6,25),(13,8):0.000000
(6,25),(16,8):7.146853
(6,25),(16,3):0.000000
(6,25),(11,3):0.000000
(6,25),(11,6):0.000000
(6,25),(5,6):0.000000
(6,25),(5,4):0.000000
(6,25),(9,4):0.000000
(6,25),(9,1):0.000000
(6,25),(24,1):3.600000
(6,25),(24,2):2.216165
(6,25),(25,2):0.327694
(6,25),(25,10):0.000000
(6,25),(26,10):0.000000
(6,25),(26,9):0.000000
(6,25),(27,9):0.000000
(6,27),(15,27):11.000000
(6,27),(15,28):11.222222
(6,27),(4,28):21.000000
(6,27),(4,23):12.500000
(6,27),(3,23):2.250000
(6,27),(3,22):4.250000
(6,27),(8,22):9.250000
(6,27),(8,21):0.000000
(6,27),(10,21):5.000000
(6,27),(10,20):0.000000
(6,27),(7,20):0.000000
(6,27),(7,15):0.000000
(6,27),(1,15):0.000000
(6,27),(1,7):0.000000
(6,27),(2,7):0.000000
(6,27),(2,14):0.000000
(6,27),(13,14):0.000000
(6,27),(13,8):0.000000
(6,27),(16,8):0.000000
(6,27),(16,3):0.000000
(6,27),(11,3):0.000000
(6,27),(11,6):0.000000
(6,27),(5,6):0.000000
(6,27),(5,4):0.000000
(6,27),(9,4):0.000000
(6,27),(9,1):0.000000
(6,27),(24,1):0.000000
(6,27),(24,2):0.000000
(6,27),(25,2):0.000000
(6,27),(25,10):0.000000
(6,27),(26,10):0.000000
(6,27),(26,9):0.000000
(6,27),(27,9):0.000000
(15,27),(15,28):11.000000
(15,27),(4,28):11.000000
(15,27),(4,23):2.250000
(15,27),(3,23):0.000000
(15,27),(3,22):0.000000
(15,27),(8,22):0.333333
(15,27),(8,21):0.000000
(15,27),(10,21):0.000000
(15,27),(10,20):0.000000
(15,27),(7,20):0.000000
(15,27),(7,15):0.000000
(15,27),(1,15):0.000000
(15,27),(1,7):0.000000
(15,27),(2,7):0.000000
(15,27),(2,14):0.000000
(15,27),(13,14):0.000000
(15,27),(13,8):0.000000
(15,27),(16,8):0.000000
(15,27),(16,3):0.000000
(15,27),(11,3):0.000000
(15,27),(11,6):0.000000
(15,27),(5,6):0.000000
(15,27),(5,4):0.000000
(15,27),(9,4):0.000000
(15,27),(9,1):0.000000
(15,27),(24,1):0.000000
(15,27),(24,2):0.000000
(15,27),(25,2):0.000000
(15,27),(25,10):0.000000
(15,27),(26,10):0.000000
(15,27),(26,9):0.000000
(15,27),(27,9):0.000000
(15,28),(4,28):11.222222
(15,28),(4,23):2.472222
(15,28),(3,23):0.000000
(15,28),(3,22):0.000000
(15,28),(8,22):0.463602
(15,28),(8,21):0.000000
(15,28),(10,21):0.022222
(15,28),(10,20):0.000000
(15,28),(7,20):0.000000
(15,28),(7,15):0.000000
(15,28),(1,15):0.000000
(15,28),(1,7):0.000000
(15,28),(2,7):0.000000
(15,28),(2,14):0.000000
(15,28),(13,14):0.000000
(15,28),(13,8):0.000000
(15,28),(16,8):0.000000
(15,28),(16,3):0.000000
(15,28),(11,3):0.000000
(15,28),(11,6):0.000000
(15,28),(5,6):0.000000
(15,28),(5,4):0.000000
(15,28),(9,4):0.000000
(15,28),(9,1):0.000000
(15,28),(24,1):0.000000
(15,28),(24,2):0.000000
(15,28),(25,2):0.000000
(15,28),(25,10):0.000000
(15,28),(26,10):0.000000
(15,28),(26,9):0.000000
(15,28),(27,9):0.000000
(4,28),(4,23):15.250000
(4,28),(3,23):3.666667
(4,28),(3,22):7.000000
(4,28),(8,22):12.000000
(4,28),(8,21):0.000000
(4,28),(10,21):7.000000
(4,28),(10,20):0.000000
(4,28),(7,20):0.000000
(4,28),(7,15):0.000000
(4,28),(1,15):0.000000
(4,28),(1,7):0.000000
(4,28),(2,7):0.000000
(4,28),(2,14):0.000000
(4,28),(13,14):0.000000
(4,28),(13,8):0.000000
(4,28),(16,8):0.000000
(4,28),(16,3):0.000000
(4,28),(11,3):0.000000
(4,28),(11,6):0.000000
(4,28),(5,6):0.000000
(4,28),(5,4):0.000000
(4,28),(9,4):0.000000
(4,28),(9,1):0.000000
(4,28),(24,1):0.000000
(4,28),(24,2):0.000000
(4,28),(25,2):0.000000
(4,28),(25,10):0.000000
(4,28),(26,10):0.000000
(4,28),(26,9):0.000000
(4,28),(27,9):0.000000
(4,23),(3,23):10.600000
(4,23),(3,22):25.250000
(4,23),(8,22):31.000000
(4,23),(8,21):14.666667
(4,23),(10,21):24.333334
(4,23),(10,20):7.750000
(4,23),(7,20):0.000000
(4,23),(7,15):1.420290
(4,23),(1,15):0.000000
(4,23),(1,7):0.000000
(4,23),(2,7):0.000000
(4,23),(2,14):0.000000
(4,23),(13,14):7.689624
(4,23),(13,8):0.000000
(4,23),(16,8):5.381636
(4,23),(16,3):0.000000
(4,23),(11,3):0.000000
(4,23),(11,6):0.000000
(4,23),(5,6):0.000000
(4,23),(5,4):0.000000
(4,23),(9,4):0.000000
(4,23),(9,1):0.000000
(4,23),(24,1):2.593939
(4,23),(24,2):1.657610
(4,23),(25,2):0.271410
(4,23),(25,10):0.000000
(4,23),(26,10):0.000000
(4,23),(26,9):0.000000
(4,23),(27,9):0.000000
(3,23),(3,22):9.000000
(3,23),(8,22):10.600000
(3,23),(8,21):5.600000
(3,23),(10,21):6.600000
(3,23),(10,20):3.200000
(3,23),(7,20):0.000000
(3,23),(7,15):1.185714
(3,23),(1,15):0.000000
(3,23),(1,7):0.000000
(3,23),(2,7):0.000000
(3,23),(2,14):0.000000
(3,23),(13,14):2.876935
(3,23),(13,8):0.000000
(3,23),(16,8):2.071480
(3,23),(16,3):0.000000
(3,23),(11,3):0.000000
(3,23),(11,6):0.000000
(3,23),(5,6):0.000000
(3,23),(5,4):0.000000
(3,23),(9,4):0.000000
(3,23),(9,1):0.000000
(3,23),(24,1):0.981694
(3,23),(24,2):0.618129
(3,23),(25,2):0.099180
(3,23),(25,10):0.000000
(3,23),(26,10):0.000000
(3,23),(26,9):0.000000
(3,23),(27,9):0.000000
(3,22),(8,22):24.000000
(3,22),(8,21):12.666667
(3,22),(10,21):18.666666
(3,22),(10,20):6.250000
(3,22),(7,20):0.000000
(3,22),(7,15):0.533333
(3,22),(1,15):0.000000
(3,22),(1,7):0.000000
(3,22),(2,7):0.000000
(3,22),(2,14):0.000000
(3,22),(13,14):6.514286
(3,22),(13,8):0.000000
(3,22),(16,8):4.552447
(3,22),(16,3):0.000000
(3,22),(11,3):0.000000
(3,22),(11,6):0.000000
(3,22),(5,6):0.000000
(3,22),(5,4):0.000000
(3,22),(9,4):0.000000
(3,22),(9,1):0.000000
(3,22),(24,1):2.250000
(3,22),(24,2):1.454887
(3,22),(25,2):0.242481
(3,22),(25,10):0.000000
(3,22),(26,10):0.000000
(3,22),(26,9):0.000000
(3,22),(27,9):0.000000
(8,22),(8,21):16.666666
(8,22),(10,21):27.333334
(8,22),(10,20):9.250000
(8,22),(7,20):0.000000
(8,22),(7,15):2.564103
(8,22),(1,15):0.000000
(8,22),(1,7):0.000000
(8,22),(2,7):0.000000
(8,22),(2,14):0.000000
(8,22),(13,14):8.939683
(8,22),(13,8):0.000000
(8,22),(16,8):6.369075
(8,22),(16,3):0.000000
(8,22),(11,3):0.000000
(8,22),(11,6):0.000000
(8,22),(5,6):0.000000
(8,22),(5,4):0.000000
(8,22),(9,4):0.000000
(8,22),(9,1):0.000000
(8,22),(24,1):3.100000
(8,22),(24,2):1.966165
(8,22),(25,2):0.317890
(8,22),(25,10):0.000000
(8,22),(26,10):0.000000
(8,22),(26,9):0.000000
(8,22),(27,9):0.000000
(8,21),(10,21):16.333334
(8,21),(10,20):8.250000
(8,21),(7,20):0.000000
(8,21),(7,15):1.633333
(8,21),(1,15):0.000000
(8,21),(1,7):0.000000
(8,21),(2,7):0.000000
(8,21),(2,14):0.000000
(8,21),(13,14):8.228572
(8,21),(13,8):0.000000
(8,21),(16,8):5.874126
(8,21),(16,3):0.000000
(8,21),(11,3):0.000000
(8,21),(11,6):0.000000
(8,21),(5,6):0.000000
(8,21),(5,4):0.000000
(8,21),(9,4):0.000000
(8,21),(9,1):0.000000
(8,21),(24,1):2.476191
(8,21),(24,2):1.414286
(8,21),(25,2):0.197186
(8,21),(25,10):0.000000
(8,21),(26,10):0.000000
(8,21),(26,9):0.000000
(8,21),(27,9):0.000000
(10,21),(10,20):89.375000
(10,21),(7,20):38.375000
(10,21),(7,15):25.583334
(10,21),(1,15):5.501786
(10,21),(1,7):0.000000
(10,21),(2,7):0.000000
(10,21),(2,14):9.600000
(10,21),(13,14):90.239288
(10,21),(13,8):27.385714
(10,21),(16,8):79.333206
(10,21),(16,3):49.567307
(10,21),(11,3):11.236539
(10,21),(11,6):0.000000
(10,21),(5,6):0.000000
(10,21),(5,4):0.000000
(10,21),(9,4):0.000000
(10,21),(9,1):18.735712
(10,21),(24,1):77.631271
(10,21),(24,2):77.308594
(10,21),(25,2):70.261665
(10,21),(25,10):55.124271
(10,21),(26,10):7.759375
(10,21),(26,9):0.000000
(10,21),(27,9):0.000000
(10,20),(7,20):72.500000
(10,20),(7,15):45.533333
(10,20),(1,15):9.209091
(10,20),(1,7):0.000000
(10,20),(2,7):0.000000
(10,20),(2,14):14.200000
(10,20),(13,14):119.949997
(10,20),(13,8):33.250000
(10,20),(16,8):89.178574
(10,20),(16,3):63.250000
(10,20),(11,3):11.000000
(10,20),(11,6):0.000000
(10,20),(5,6):0.000000
(10,20),(5,4):0.000000
(10,20),(9,4):0.000000
(10,20),(9,1):21.629862
(10,20),(24,1):87.980766
(10,20),(24,2):91.949997
(10,20),(25,2):87.681816
(10,20),(25,10):66.306549
(10,20),(26,10):8.944445
(10,20),(26,9):0.000000
(10,20),(27,9):0.000000
(7,20),(7,15):45.457142
(7,20),(1,15):10.612804
(7,20),(1,7):0.000000
(7,20),(2,7):0.000000
(7,20),(2,14):15.400000
(7,20),(13,14):94.047623
(7,20),(13,8):41.247620
(7,20),(16,8):66.076324
(7,20),(16,3):47.190475
(7,20),(11,3):0.500000
(7,20),(11,6):0.000000
(7,20),(5,6):0.000000
(7,20),(5,4):0.000000
(7,20),(9,4):0.000000
(7,20),(9,1):4.958234
(7,20),(24,1):64.063210
(7,20),(24,2):71.183388
(7,20),(25,2):72.045486
(7,20),(25,10):39.523811
(7,20),(26,10):8.402778
(7,20),(26,9):0.000000
(7,20),(27,9):0.000000
(7,15),(1,15):19.600000
(7,15),(1,7):1.171429
(7,15),(2,7):1.100000
(7,15),(2,14):28.000000
(7,15),(13,14):60.924999
(7,15),(13,8):18.000000
(7,15),(16,8):26.082546
(7,15),(16,3):8.250000
(7,15),(11,3):0.000000
(7,15),(11,6):0.000000
(7,15),(5,6):0.000000
(7,15),(5,4):0.000000
(7,15),(9,4):0.000000
(7,15),(9,1):0.000000
(7,15),(24,1):27.724190
(7,15),(24,2):28.237154
(7,15),(25,2):28.524836
(7,15),(25,10):0.000000
(7,15),(26,10):0.000000
(7,15),(26,9):0.000000
(7,15),(27,9):0.000000
(1,15),(1,7):8.071428
(1,15),(2,7):8.000000
(1,15),(2,14):25.000000
(1,15),(13,14):19.500000
(1,15),(13,8):7.500000
(1,15),(16,8):7.750000
(1,15),(16,3):4.125000
(1,15),(11,3):0.000000
(1,15),(11,6):0.000000
(1,15),(5,6):0.000000
(1,15),(5,4):0.000000
(1,15),(9,4):0.000000
(1,15),(9,1):0.000000
(1,15),(24,1):7.143701
(1,15),(24,2):7.108297
(1,15),(25,2):6.980519
(1,15),(25,10):0.000000
(1,15),(26,10):0.000000
(1,15),(26,9):0.000000
(1,15),(27,9):0.000000
(1,7),(2,7):8.000000
(1,7),(2,14):8.071428
(1,7),(13,14):1.071429
(1,7),(13,8):0.000000
(1,7),(16,8):0.000000
(1,7),(16,3):0.000000
(1,7),(11,3):0.000000
(1,7),(11,6):0.000000
(1,7),(5,6):0.000000
(1,7),(5,4):0.000000
(1,7),(9,4):0.000000
(1,7),(9,1):0.000000
(1,7),(24,1):0.000000
(1,7),(24,2):0.000000
(1,7),(25,2):0.000000
(1,7),(25,10):0.000000
(1,7),(26,10):0.000000
(1,7),(26,9):0.000000
(1,7),(27,9):0.000000
(2,7),(2,14):8.000000
(2,7),(13,14):1.000000
(2,7),(13,8):0.000000
(2,7),(16,8):0.000000
(2,7),(16,3):0.000000
(2,7),(11,3):0.000000
(2,7),(11,6):0.000000
(2,7),(5,6):0.000000
(2,7),(5,4):0.000000
(2,7),(9,4):0.000000
(2,7),(9,1):0.000000
(2,7),(24,1):0.000000
(2,7),(24,2):0.000000
(2,7),(25,2):0.000000
(2,7),(25,10):0.000000
(2,7),(26,10):0.000000
(2,7),(26,9):0.000000
(2,7),(27,9):0.000000
(2,14),(13,14):27.900000
(2,14),(13,8):12.300000
(2,14),(16,8):13.380953
(2,14),(16,3):6.000000
(2,14),(11,3):0.000000
(2,14),(11,6):0.000000
(2,14),(5,6):0.000000
(2,14),(5,4):0.000000
(2,14),(9,4):0.000000
(2,14),(9,1):0.000000
(2,14),(24,1):12.337590
(2,14),(24,2):12.306466
(2,14),(25,2):12.080527
(2,14),(25,10):0.000000
(2,14),(26,10):0.000000
(2,14),(26,9):0.000000
(2,14),(27,9):0.000000
(13,14),(13,8):70.000000
(13,14),(16,8):133.404663
(13,14),(16,3):92.529663
(13,14),(11,3):11.000000
(13,14),(11,6):0.000000
(13,14),(5,6):0.000000
(13,14),(5,4):0.000000
(13,14),(9,4):0.000000
(13,14),(9,1):21.756845
(13,14),(24,1):118.308838
(13,14),(24,2):126.398872
(13,14),(25,2):121.731171
(13,14),(25,10):90.687500
(13,14),(26,10):15.733334
(13,14),(26,9):0.000000
(13,14),(27,9):0.000000
(13,8),(16,8):77.489288
(13,8),(16,3):48.353382
(13,8),(11,3):0.000000
(13,8),(11,6):0.000000
(13,8),(5,6):0.000000
(13,8),(5,4):0.000000
(13,8),(9,4):0.000000
(13,8),(9,1):0.000000
(13,8),(24,1):61.384560
(13,8),(24,2):64.707428
(13,8),(25,2):64.296272
(13,8),(25,10):46.250000
(13,8),(26,10):20.650000
(13,8),(26,9):1.333333
(13,8),(27,9):1.821429
(16,8),(16,3):112.667854
(16,8),(11,3):17.000000
(16,8),(11,6):0.000000
(16,8),(5,6):0.000000
(16,8),(5,4):0.000000
(16,8),(9,4):0.000000
(16,8),(9,1):28.538095
(16,8),(24,1):126.410225
(16,8),(24,2):134.459183
(16,8),(25,2):124.847969
(16,8),(25,10):107.937500
(16,8),(26,10):20.400000
(16,8),(26,9):1.111111
(16,8),(27,9):1.590909
(16,3),(11,3):31.000000
(16,3),(11,6):4.000000
(16,3),(5,6):0.000000
(16,3),(5,4):0.000000
(16,3),(9,4):8.000000
(16,3),(9,1):42.538094
(16,3),(24,1):110.639282
(16,3),(24,2):119.426140
(16,3),(25,2):103.663879
(16,3),(25,10):95.276787
(16,3),(26,10):12.142858
(16,3),(26,9):0.031746
(16,3),(27,9):0.361607
(11,3),(11,6):14.000000
(11,3),(5,6):9.000000
(11,3),(5,4):8.000000
(11,3),(9,4):18.000000
(11,3),(9,1):36.966667
(11,3),(24,1):30.307692
(11,3),(24,2):31.153847
(11,3),(25,2):16.142857
(11,3),(25,10):19.508928
(11,3),(26,10):0.000000
(11,3),(26,9):0.000000
(11,3),(27,9):0.000000
(11,6),(5,6):13.000000
(11,6),(5,4):12.000000
(11,6),(9,4):18.000000
(11,6),(9,1):10.000000
(11,6),(24,1):4.307693
(11,6),(24,2):4.153846
(11,6),(25,2):2.142857
(11,6),(25,10):0.000000
(11,6),(26,10):0.000000
(11,6),(26,9):0.000000
(11,6),(27,9):0.000000
(5,6),(5,4):12.000000
(5,6),(9,4):13.000000
(5,6),(9,1):5.000000
(5,6),(24,1):0.000000
(5,6),(24,2):0.000000
(5,6),(25,2):0.000000
(5,6),(25,10):0.000000
(5,6),(26,10):0.000000
(5,6),(26,9):0.000000
(5,6),(27,9):0.000000
(5,4),(9,4):12.000000
(5,4),(9,1):4.000000
(5,4),(24,1):0.000000
(5,4),(24,2):0.000000
(5,4),(25,2):0.000000
(5,4),(25,10):0.000000
(5,4),(26,10):0.000000
(5,4),(26,9):0.000000
(5,4),(27,9):0.000000
(9,4),(9,1):14.000000
(9,4),(24,1):8.307693
(9,4),(24,2):8.153846
(9,4),(25,2):3.142857
(9,4),(25,10):0.375776
(9,4),(26,10):0.000000
(9,4),(26,9):0.000000
(9,4),(27,9):0.000000
(9,1),(24,1):39.450550
(9,1),(24,2):42.691940
(9,1),(25,2):27.680952
(9,1),(25,10):31.047024
(9,1),(26,10):0.000000
(9,1),(26,9):0.000000
(9,1),(27,9):0.000000
(24,1),(24,2):146.573090
(24,1),(25,2):128.314911
(24,1),(25,10):95.571426
(24,1),(26,10):17.176786
(24,1),(26,9):0.000000
(24,1),(27,9):0.000000
(24,2),(25,2):139.169083
(24,2),(25,10):105.196426
(24,2),(26,10):18.420834
(24,2),(26,9):0.000000
(24,2),(27,9):0.006944
(25,2),(25,10):95.642860
(25,2),(26,10):18.400000
(25,2),(26,9):0.000000
(25,2),(27,9):0.000000
(25,10),(26,10):21.400000
(25,10),(26,9):2.000000
(25,10),(27,9):2.500000
(26,10),(26,9):4.000000
(26,10),(27,9):5.000000
(26,9),(27,9):4.000000
