38
(18,16):(18,16)	(18,17)	(19,16)	(19,18)	
(19,16):(18,16)	(18,17)	(19,16)	(19,18)	
(19,18):(16,18)	(17,17)	(18,16)	(18,17)	(19,16)	(19,18)	
(16,18):(16,14)	(16,18)	(17,13)	(17,17)	(18,17)	(19,18)	
(16,14):(1,11)	(2,12)	(2,13)	(2,14)	(3,12)	(3,13)	(3,14)	(4,12)	(4,13)	(4,14)	(5,12)	(5,13)	(5,14)	(6,12)	(6,13)	(6,14)	(7,13)	(7,14)	(8,13)	(8,14)	(9,10)	(9,12)	(9,13)	(9,14)	(10,11)	(10,12)	(10,13)	(10,14)	(11,11)	(11,12)	(11,13)	(11,14)	(12,10)	(12,11)	(12,12)	(12,13)	(12,14)	(13,11)	(13,12)	(13,13)	(13,14)	(14,12)	(14,13)	(14,14)	(15,13)	(16,14)	(16,18)	(17,13)	(17,17)	
(14,14):(1,11)	(2,12)	(2,13)	(2,14)	(2,15)	(3,12)	(3,13)	(3,14)	(4,12)	(4,13)	(4,14)	(5,12)	(5,13)	(5,14)	(6,12)	(6,13)	(6,14)	(7,13)	(7,14)	(8,13)	(8,14)	(9,10)	(9,12)	(9,13)	(9,14)	(10,11)	(10,12)	(10,13)	(10,14)	(11,11)	(11,12)	(11,13)	(11,14)	(12,6)	(12,7)	(12,10)	(12,11)	(12,12)	(12,13)	(12,14)	(13,9)	(13,10)	(13,11)	(13,12)	(13,13)	(13,14)	(14,10)	(14,11)	(14,12)	(14,13)	(14,14)	(14,15)	(15,9)	(15,13)	(16,14)	(17,13)	
(14,15):(1,11)	(2,12)	(2,13)	(2,14)	(2,15)	(3,11)	(3,12)	(3,13)	(3,14)	(4,12)	(4,13)	(4,14)	(5,12)	(5,13)	(5,14)	(6,12)	(6,13)	(6,14)	(7,13)	(7,14)	(8,13)	(8,14)	(9,10)	(9,12)	(9,13)	(9,14)	(10,11)	(10,12)	(10,13)	(10,14)	(11,11)	(11,12)	(11,13)	(11,14)	(12,6)	(12,7)	(12,10)	(12,11)	(12,12)	(12,13)	(12,14)	(13,9)	(13,10)	(13,11)	(13,12)	(13,13)	(13,14)	(14,10)	(14,11)	(14,12)	(14,13)	(14,14)	(14,15)	
(2,15):(1,11)	(1,19)	(2,12)	(2,13)	(2,14)	(2,15)	(2,19)	(3,11)	(3,12)	(3,13)	(3,14)	(4,9)	(4,10)	(4,11)	(4,12)	(4,13)	(4,14)	(5,9)	(5,10)	(5,11)	(5,12)	(5,13)	(5,14)	(6,8)	(6,12)	(6,13)	(6,14)	(7,13)	(7,14)	(8,13)	(8,14)	(9,12)	(9,13)	(9,14)	(10,12)	(10,13)	(10,14)	(11,12)	(11,13)	(11,14)	(12,11)	(12,12)	(12,13)	(12,14)	(13,11)	(13,12)	(13,13)	(13,14)	(14,10)	(14,11)	(14,12)	(14,13)	(14,14)	(14,15)	(15,13)	(17,13)	
(2,19):(1,11)	(1,19)	(2,12)	(2,13)	(2,14)	(2,15)	(2,19)	
(1,19):(1,11)	(1,19)	(2,12)	(2,13)	(2,14)	(2,15)	(2,19)	(3,11)	
(1,11):(1,11)	(1,19)	(2,12)	(2,13)	(2,14)	(2,15)	(2,19)	(3,11)	(3,12)	(3,13)	(3,14)	(4,11)	(4,12)	(4,13)	(4,14)	(5,11)	(5,12)	(5,13)	(5,14)	(6,12)	(6,13)	(6,14)	(7,13)	(7,14)	(8,13)	(8,14)	(9,13)	(9,14)	(10,13)	(10,14)	(11,13)	(11,14)	(12,14)	(13,14)	(14,14)	(14,15)	(16,14)	
(3,11):(1,11)	(1,19)	(2,12)	(2,13)	(2,14)	(2,15)	(3,8)	(3,11)	(3,12)	(3,13)	(3,14)	(4,9)	(4,10)	(4,11)	(4,12)	(4,13)	(4,14)	(5,9)	(5,10)	(5,11)	(5,12)	(5,13)	(5,14)	(6,8)	(6,12)	(6,13)	(6,14)	(7,13)	(7,14)	(8,13)	(8,14)	(9,13)	(9,14)	(10,14)	(11,14)	(12,14)	(14,15)	
(3,8):(3,8)	(3,11)	(3,12)	(3,13)	(3,14)	(4,9)	(4,10)	(4,11)	(4,12)	(4,13)	(4,14)	(5,9)	(5,10)	(5,11)	(5,12)	(5,13)	(5,14)	(6,8)	(6,12)	(6,13)	(6,14)	(7,14)	
(6,8):(2,12)	(2,13)	(2,14)	(2,15)	(3,8)	(3,11)	(3,12)	(3,13)	(3,14)	(4,9)	(4,10)	(4,11)	(4,12)	(4,13)	(4,14)	(5,9)	(5,10)	(5,11)	(5,12)	(5,13)	(5,14)	(6,8)	(6,12)	(6,13)	(6,14)	
(6,12):(1,11)	(2,12)	(2,13)	(2,14)	(2,15)	(3,8)	(3,11)	(3,12)	(3,13)	(3,14)	(4,9)	(4,10)	(4,11)	(4,12)	(4,13)	(4,14)	(5,9)	(5,10)	(5,11)	(5,12)	(5,13)	(5,14)	(6,8)	(6,12)	(6,13)	(6,14)	(7,13)	(7,14)	(8,13)	(8,14)	(9,12)	(9,13)	(9,14)	(10,12)	(10,13)	(10,14)	(11,12)	(11,13)	(11,14)	(12,12)	(12,13)	(12,14)	(13,12)	(13,13)	(13,14)	(14,12)	(14,13)	(14,14)	(14,15)	(15,13)	(16,14)	
(9,12):(2,12)	(2,13)	(2,14)	(2,15)	(3,12)	(3,13)	(3,14)	(4,12)	(4,13)	(4,14)	(5,12)	(5,13)	(5,14)	(6,12)	(6,13)	(6,14)	(7,13)	(7,14)	(8,13)	(8,14)	(9,10)	(9,12)	(9,13)	(9,14)	(10,11)	(10,12)	(10,13)	(10,14)	(11,11)	(11,12)	(11,13)	(11,14)	(12,10)	(12,11)	(12,12)	(12,13)	(12,14)	(13,10)	(13,11)	(13,12)	(13,13)	(13,14)	(14,10)	(14,11)	(14,12)	(14,13)	(14,14)	(14,15)	(15,9)	(15,13)	(16,14)	
(9,10):(9,10)	(9,12)	(9,13)	(9,14)	(10,11)	(10,12)	(10,13)	(10,14)	(11,11)	(11,12)	(11,13)	(11,14)	(12,10)	(12,11)	(12,12)	(12,13)	(12,14)	(13,10)	(13,11)	(13,12)	(13,13)	(13,14)	(14,10)	(14,11)	(14,12)	(14,13)	(14,14)	(14,15)	(15,13)	(16,14)	
(12,10):(6,14)	(7,14)	(8,13)	(8,14)	(9,10)	(9,12)	(9,13)	(9,14)	(10,11)	(10,12)	(10,13)	(10,14)	(11,11)	(11,12)	(11,13)	(11,14)	(12,6)	(12,7)	(12,10)	(12,11)	(12,12)	(12,13)	(12,14)	(13,5)	(13,9)	(13,10)	(13,11)	(13,12)	(13,13)	(13,14)	(14,10)	(14,11)	(14,12)	(14,13)	(14,14)	(14,15)	(15,9)	(15,13)	(16,14)	
(12,7):(4,6)	(4,7)	(5,6)	(6,4)	(6,5)	(6,6)	(7,5)	(7,6)	(8,5)	(8,6)	(9,6)	(10,6)	(11,6)	(12,6)	(12,7)	(12,10)	(12,11)	(12,12)	(12,13)	(12,14)	(13,5)	(13,9)	(13,10)	(13,11)	(13,12)	(13,13)	(13,14)	(14,11)	(14,12)	(14,13)	(14,14)	(14,15)	(15,13)	
(4,7):(4,6)	(4,7)	(5,6)	(6,5)	(6,6)	(7,4)	(7,5)	(7,6)	(8,4)	(8,5)	(8,6)	(9,6)	(10,6)	(11,6)	(12,6)	(12,7)	(13,5)	
(4,6):(4,6)	(4,7)	(5,6)	(6,6)	(7,6)	(8,6)	(9,6)	(10,6)	(11,6)	(12,6)	(12,7)	
(5,6):(4,6)	(4,7)	(5,2)	(5,6)	(6,3)	(6,4)	(6,5)	(6,6)	(7,2)	(7,3)	(7,4)	(7,5)	(7,6)	(8,4)	(8,5)	(8,6)	(9,6)	(10,6)	(11,6)	(12,6)	(12,7)	(13,5)	
(5,2):(5,2)	(5,6)	(6,3)	(6,4)	(6,5)	(6,6)	(7,2)	(7,3)	(7,4)	(7,5)	(7,6)	(8,4)	(8,5)	(8,6)	(9,6)	
(7,2):(5,2)	(5,6)	(6,3)	(6,4)	(6,5)	(6,6)	(7,2)	(7,3)	(7,4)	(7,5)	(7,6)	
(7,3):(5,2)	(5,6)	(6,3)	(6,4)	(6,5)	(6,6)	(7,2)	(7,3)	(7,4)	(7,5)	(7,6)	(8,4)	(8,5)	(8,6)	(10,3)	(11,4)	
(10,3):(6,3)	(6,4)	(6,5)	(7,3)	(7,4)	(8,4)	(10,1)	(10,3)	(11,1)	(11,4)	
(10,1):(10,1)	(10,3)	(11,1)	(11,4)	
(11,1):(10,1)	(10,3)	(11,1)	(11,4)	
(11,4):(6,3)	(6,4)	(7,3)	(7,4)	(8,4)	(10,1)	(10,3)	(11,1)	(11,4)	
(8,4):(4,7)	(5,2)	(5,6)	(6,3)	(6,4)	(6,5)	(6,6)	(7,3)	(7,4)	(7,5)	(7,6)	(8,4)	(8,5)	(8,6)	(10,3)	(11,4)	
(8,5):(4,7)	(5,2)	(5,6)	(6,3)	(6,4)	(6,5)	(6,6)	(7,3)	(7,4)	(7,5)	(7,6)	(8,4)	(8,5)	(8,6)	(9,6)	(10,6)	(11,6)	(12,6)	(12,7)	(13,5)	
(13,5):(4,7)	(5,6)	(6,5)	(6,6)	(7,5)	(7,6)	(8,5)	(8,6)	(9,6)	(10,6)	(11,6)	(12,6)	(12,7)	(12,10)	(12,11)	(12,12)	(12,13)	(12,14)	(13,5)	(13,9)	(13,10)	(13,11)	(13,12)	(13,13)	(13,14)	
(13,9):(8,14)	(9,13)	(9,14)	(10,12)	(10,13)	(10,14)	(11,11)	(11,12)	(11,13)	(11,14)	(12,6)	(12,7)	(12,10)	(12,11)	(12,12)	(12,13)	(12,14)	(13,5)	(13,9)	(13,10)	(13,11)	(13,12)	(13,13)	(13,14)	(14,10)	(14,11)	(14,12)	(14,13)	(14,14)	(14,15)	(15,9)	(15,13)	
(15,9):(5,14)	(6,14)	(7,13)	(7,14)	(8,13)	(8,14)	(9,12)	(9,13)	(9,14)	(10,11)	(10,12)	(10,13)	(10,14)	(11,11)	(11,12)	(11,13)	(11,14)	(12,10)	(12,11)	(12,12)	(12,13)	(12,14)	(13,9)	(13,10)	(13,11)	(13,12)	(13,13)	(13,14)	(14,10)	(14,11)	(14,12)	(14,13)	(14,14)	(15,9)	(15,13)	
(15,13):(2,12)	(2,13)	(2,14)	(2,15)	(3,12)	(3,13)	(3,14)	(4,12)	(4,13)	(4,14)	(5,12)	(5,13)	(5,14)	(6,12)	(6,13)	(6,14)	(7,13)	(7,14)	(8,13)	(8,14)	(9,10)	(9,12)	(9,13)	(9,14)	(10,11)	(10,12)	(10,13)	(10,14)	(11,11)	(11,12)	(11,13)	(11,14)	(12,7)	(12,10)	(12,11)	(12,12)	(12,13)	(12,14)	(13,9)	(13,10)	(13,11)	(13,12)	(13,13)	(13,14)	(14,10)	(14,11)	(14,12)	(14,13)	(14,14)	(15,9)	(15,13)	(16,14)	(17,13)	
(17,13):(2,13)	(2,14)	(2,15)	(3,13)	(3,14)	(4,13)	(4,14)	(5,13)	(5,14)	(6,13)	(6,14)	(7,13)	(7,14)	(8,13)	(8,14)	(9,13)	(9,14)	(10,13)	(10,14)	(11,13)	(11,14)	(12,13)	(12,14)	(13,13)	(13,14)	(14,13)	(14,14)	(15,13)	(16,14)	(16,18)	(17,13)	(17,17)	
(17,17):(16,14)	(16,18)	(17,13)	(17,17)	(18,17)	(19,18)	
(18,17):(16,18)	(17,17)	(18,16)	(18,17)	(19,16)	(19,18)	
(18,16):2.000000
(19,16):2.500000
(19,18):4.250000
(16,18):7.250000
(16,14):44.166668
(14,14):64.013092
(14,15):57.854168
(2,15):67.214287
(2,19):8.000000
(1,19):10.000000
(1,11):42.000000
(3,11):44.333332
(3,8):24.375000
(6,8):27.875000
(6,12):57.252777
(9,12):57.273811
(9,10):30.285715
(12,10):43.250000
(12,7):34.500000
(4,7):19.166666
(4,6):9.062500
(5,6):25.821428
(5,2):16.000000
(7,2):10.250000
(7,3):18.333334
(10,3):10.250000
(10,1):3.000000
(11,1):3.250000
(11,4):8.500000
(8,4):17.416666
(8,5):24.833334
(13,5):27.437500
(13,9):34.750000
(15,9):39.400002
(15,13):60.465813
(17,13):31.566668
(17,17):7.166667
(18,17):4.000000
(18,16),(19,16):2.000000
(18,16),(19,18):2.000000
(18,16),(16,18):1.250000
(18,16),(16,14):0.000000
(18,16),(14,14):0.000000
(18,16),(14,15):0.000000
(18,16),(2,15):0.000000
(18,16),(2,19):0.000000
(18,16),(1,19):0.000000
(18,16),(1,11):0.000000
(18,16),(3,11):0.000000
(18,16),(3,8):0.000000
(18,16),(6,8):0.000000
(18,16),(6,12):0.000000
(18,16),(9,12):0.000000
(18,16),(9,10):0.000000
(18,16),(12,10):0.000000
(18,16),(12,7):0.000000
(18,16),(4,7):0.000000
(18,16),(4,6):0.000000
(18,16),(5,6):0.000000
(18,16),(5,2):0.000000
(18,16),(7,2):0.000000
(18,16),(7,3):0.000000
(18,16),(10,3):0.000000
(18,16),(10,1):0.000000
(18,16),(11,1):0.000000
(18,16),(11,4):0.000000
(18,16),(8,4):0.000000
(18,16),(8,5):0.000000
(18,16),(13,5):0.000000
(18,16),(13,9):0.000000
(18,16),(15,9):0.000000
(18,16),(15,13):0.000000
(18,16),(17,13):0.000000
(18,16),(17,17):1.000000
(18,16),(18,17):2.000000
(19,16),(19,18):2.500000
(19,16),(16,18):1.750000
(19,16),(16,14):0.041667
(19,16),(14,14):0.000000
(19,16),(14,15):0.000000
(19,16),(2,15):0.000000
(19,16),(2,19):0.000000
(19,16),(1,19):0.000000
(19,16),(1,11):0.000000
(19,16),(3,11):0.000000
(19,16),(3,8):0.000000
(19,16),(6,8):0.000000
(19,16),(6,12):0.000000
(19,16),(9,12):0.000000
(19,16),(9,10):0.000000
(19,16),(12,10):0.000000
(19,16),(12,7):0.000000
(19,16),(4,7):0.000000
(19,16),(4,6):0.000000
(19,16),(5,6):0.000000
(19,16),(5,2):0.000000
(19,16),(7,2):0.000000
(19,16),(7,3):0.000000
(19,16),(10,3):0.000000
(19,16),(10,1):0.000000
(19,16),(11,1):0.000000
(19,16),(11,4):0.000000
(19,16),(8,4):0.000000
(19,16),(8,5):0.000000
(19,16),(13,5):0.000000
(19,16),(13,9):0.000000
(19,16),(15,9):0.000000
(19,16),(15,13):0.000000
(19,16),(17,13):0.000000
(19,16),(17,17):1.500000
(19,16),(18,17):2.500000
(19,18),(16,18):3.500000
(19,18),(16,14):1.416667
(19,18),(14,14):0.000000
(19,18),(14,15):0.000000
(19,18),(2,15):0.000000
(19,18),(2,19):0.000000
(19,18),(1,19):0.000000
(19,18),(1,11):0.000000
(19,18),(3,11):0.000000
(19,18),(3,8):0.000000
(19,18),(6,8):0.000000
(19,18),(6,12):0.000000
(19,18),(9,12):0.000000
(19,18),(9,10):0.000000
(19,18),(12,10):0.000000
(19,18),(12,7):0.000000
(19,18),(4,7):0.000000
(19,18),(4,6):0.000000
(19,18),(5,6):0.000000
(19,18),(5,2):0.000000
(19,18),(7,2):0.000000
(19,18),(7,3):0.000000
(19,18),(10,3):0.000000
(19,18),(10,1):0.000000
(19,18),(11,1):0.000000
(19,18),(11,4):0.000000
(19,18),(8,4):0.000000
(19,18),(8,5):0.000000
(19,18),(13,5):0.000000
(19,18),(13,9):0.000000
(19,18),(15,9):0.000000
(19,18),(15,13):0.000000
(19,18),(17,13):1.250000
(19,18),(17,17):3.250000
(19,18),(18,17):4.000000
(16,18),(16,14):5.166667
(16,18),(14,14):1.000000
(16,18),(14,15):0.000000
(16,18),(2,15):0.791667
(16,18),(2,19):0.000000
(16,18),(1,19):0.000000
(16,18),(1,11):0.000000
(16,18),(3,11):0.000000
(16,18),(3,8):0.000000
(16,18),(6,8):0.000000
(16,18),(6,12):0.933333
(16,18),(9,12):0.892857
(16,18),(9,10):0.535714
(16,18),(12,10):0.000000
(16,18),(12,7):0.000000
(16,18),(4,7):0.000000
(16,18),(4,6):0.000000
(16,18),(5,6):0.000000
(16,18),(5,2):0.000000
(16,18),(7,2):0.000000
(16,18),(7,3):0.000000
(16,18),(10,3):0.000000
(16,18),(10,1):0.000000
(16,18),(11,1):0.000000
(16,18),(11,4):0.000000
(16,18),(8,4):0.000000
(16,18),(8,5):0.000000
(16,18),(13,5):0.000000
(16,18),(13,9):0.000000
(16,18),(15,9):0.000000
(16,18),(15,13):1.500000
(16,18),(17,13):5.000000
(16,18),(17,17):7.000000
(16,18),(18,17):3.250000
(16,14),(14,14):40.000000
(16,14),(14,15):36.500000
(16,14),(2,15):35.375000
(16,14),(2,19):2.900000
(16,14),(1,19):4.494048
(16,14),(1,11):22.500000
(16,14),(3,11):18.500000
(16,14),(3,8):8.400000
(16,14),(6,8):10.833333
(16,14),(6,12):31.877777
(16,14),(9,12):37.309525
(16,14),(9,10):20.785715
(16,14),(12,10):23.000000
(16,14),(12,7):7.750000
(16,14),(4,7):0.000000
(16,14),(4,6):0.000000
(16,14),(5,6):0.000000
(16,14),(5,2):0.000000
(16,14),(7,2):0.000000
(16,14),(7,3):0.000000
(16,14),(10,3):0.000000
(16,14),(10,1):0.000000
(16,14),(11,1):0.000000
(16,14),(11,4):0.000000
(16,14),(8,4):0.000000
(16,14),(8,5):0.000000
(16,14),(13,5):5.100000
(16,14),(13,9):15.750000
(16,14),(15,9):22.000000
(16,14),(15,13):39.388889
(16,14),(17,13):20.000000
(16,14),(17,17):5.333333
(16,14),(18,17):1.166667
(14,14),(14,15):56.900002
(14,14),(2,15):53.380951
(14,14),(2,19):4.041667
(14,14),(1,19):5.924020
(14,14),(1,11):36.041668
(14,14),(3,11):31.375000
(14,14),(3,8):13.500000
(14,14),(6,8):16.141666
(14,14),(6,12):45.819443
(14,14),(9,12):56.958332
(14,14),(9,10):30.000000
(14,14),(12,10):41.650002
(14,14),(12,7):16.221428
(14,14),(4,7):1.371429
(14,14),(4,6):0.665934
(14,14),(5,6):1.397899
(14,14),(5,2):0.000000
(14,14),(7,2):0.000000
(14,14),(7,3):0.000000
(14,14),(10,3):0.000000
(14,14),(10,1):0.000000
(14,14),(11,1):0.000000
(14,14),(11,4):0.000000
(14,14),(8,4):0.000000
(14,14),(8,5):1.471429
(14,14),(13,5):11.471429
(14,14),(13,9):32.721428
(14,14),(15,9):39.400002
(14,14),(15,13):59.930557
(14,14),(17,13):27.541666
(14,14),(17,17):1.166667
(14,14),(18,17):0.000000
(14,15),(2,15):48.042858
(14,15),(2,19):4.000000
(14,15),(1,19):6.000000
(14,15),(1,11):36.266666
(14,15),(3,11):32.020832
(14,15),(3,8):14.062500
(14,15),(6,8):16.687500
(14,15),(6,12):42.687500
(14,15),(9,12):50.250000
(14,15),(9,10):25.000000
(14,15),(12,10):36.416668
(14,15),(12,7):14.166667
(14,15),(4,7):1.500000
(14,15),(4,6):0.736702
(14,15),(5,6):1.532520
(14,15),(5,2):0.000000
(14,15),(7,2):0.000000
(14,15),(7,3):0.000000
(14,15),(10,3):0.000000
(14,15),(10,1):0.000000
(14,15),(11,1):0.000000
(14,15),(11,4):0.000000
(14,15),(8,4):0.000000
(14,15),(8,5):1.621212
(14,15),(13,5):11.666667
(14,15),(13,9):27.666666
(14,15),(15,9):34.400002
(14,15),(15,13):52.888889
(14,15),(17,13):24.500000
(14,15),(17,17):0.000000
(14,15),(18,17):0.000000
(2,15),(2,19):8.000000
(2,15),(1,19):10.000000
(2,15),(1,11):41.882355
(2,15),(3,11):43.208332
(2,15),(3,8):23.250000
(2,15),(6,8):26.750000
(2,15),(6,12):55.652779
(2,15),(9,12):50.220238
(2,15),(9,10):25.011906
(2,15),(12,10):31.810440
(2,15),(12,7):11.319664
(2,15),(4,7):0.000000
(2,15),(4,6):0.000000
(2,15),(5,6):0.000000
(2,15),(5,2):0.000000
(2,15),(7,2):0.000000
(2,15),(7,3):0.000000
(2,15),(10,3):0.000000
(2,15),(10,1):0.000000
(2,15),(11,1):0.000000
(2,15),(11,4):0.000000
(2,15),(8,4):0.000000
(2,15),(8,5):0.000000
(2,15),(13,5):6.944196
(2,15),(13,9):25.999287
(2,15),(15,9):33.572620
(2,15),(15,13):51.305099
(2,15),(17,13):27.191668
(2,15),(17,17):0.953829
(2,15),(18,17):0.000000
(2,19),(1,19):8.000000
(2,19),(1,11):8.000000
(2,19),(3,11):6.000000
(2,19),(3,8):0.000000
(2,19),(6,8):3.375000
(2,19),(6,12):4.375000
(2,19),(9,12):3.214286
(2,19),(9,10):0.000000
(2,19),(12,10):0.000000
(2,19),(12,7):0.000000
(2,19),(4,7):0.000000
(2,19),(4,6):0.000000
(2,19),(5,6):0.000000
(2,19),(5,2):0.000000
(2,19),(7,2):0.000000
(2,19),(7,3):0.000000
(2,19),(10,3):0.000000
(2,19),(10,1):0.000000
(2,19),(11,1):0.000000
(2,19),(11,4):0.000000
(2,19),(8,4):0.000000
(2,19),(8,5):0.000000
(2,19),(13,5):0.000000
(2,19),(13,9):0.000000
(2,19),(15,9):0.000000
(2,19),(15,13):3.576923
(2,19),(17,13):2.066667
(2,19),(17,17):0.000000
(2,19),(18,17):0.000000
(1,19),(1,11):10.000000
(1,19),(3,11):8.000000
(1,19),(3,8):0.000000
(1,19),(6,8):4.875000
(1,19),(6,12):6.375000
(1,19),(9,12):4.339286
(1,19),(9,10):0.000000
(1,19),(12,10):0.000000
(1,19),(12,7):0.000000
(1,19),(4,7):0.000000
(1,19),(4,6):0.000000
(1,19),(5,6):0.000000
(1,19),(5,2):0.000000
(1,19),(7,2):0.000000
(1,19),(7,3):0.000000
(1,19),(10,3):0.000000
(1,19),(10,1):0.000000
(1,19),(11,1):0.000000
(1,19),(11,4):0.000000
(1,19),(8,4):0.000000
(1,19),(8,5):0.000000
(1,19),(13,5):0.000000
(1,19),(13,9):0.000000
(1,19),(15,9):0.000000
(1,19),(15,13):5.019866
(1,19),(17,13):2.566667
(1,19),(17,17):0.000000
(1,19),(18,17):0.000000
(1,11),(3,11):35.333332
(1,11),(3,8):15.375000
(1,11),(6,8):18.875000
(1,11),(6,12):38.375000
(1,11),(9,12):33.214287
(1,11),(9,10):9.900000
(1,11),(12,10):16.442308
(1,11),(12,7):3.572222
(1,11),(4,7):0.000000
(1,11),(4,6):0.000000
(1,11),(5,6):0.000000
(1,11),(5,2):0.000000
(1,11),(7,2):0.000000
(1,11),(7,3):0.000000
(1,11),(10,3):0.000000
(1,11),(10,1):0.000000
(1,11),(11,1):0.000000
(1,11),(11,4):0.000000
(1,11),(8,4):0.000000
(1,11),(8,5):0.000000
(1,11),(13,5):3.215385
(1,11),(13,9):11.805555
(1,11),(15,9):18.442858
(1,11),(15,13):33.965813
(1,11),(17,13):24.066668
(1,11),(17,17):0.000000
(1,11),(18,17):0.000000
(3,11),(3,8):24.375000
(3,11),(6,8):27.875000
(3,11),(6,12):42.708332
(3,11),(9,12):28.547619
(3,11),(9,10):5.833333
(3,11),(12,10):12.083333
(3,11),(12,7):1.333333
(3,11),(4,7):0.000000
(3,11),(4,6):0.000000
(3,11),(5,6):0.000000
(3,11),(5,2):0.000000
(3,11),(7,2):0.000000
(3,11),(7,3):0.000000
(3,11),(10,3):0.000000
(3,11),(10,1):0.000000
(3,11),(11,1):0.000000
(3,11),(11,4):0.000000
(3,11),(8,4):0.000000
(3,11),(8,5):0.000000
(3,11),(13,5):1.833333
(3,11),(13,9):7.833333
(3,11),(15,9):14.175000
(3,11),(15,13):29.465813
(3,11),(17,13):20.733334
(3,11),(17,17):0.000000
(3,11),(18,17):0.000000
(3,8),(6,8):21.000000
(3,8),(6,12):24.375000
(3,8),(9,12):12.375000
(3,8),(9,10):0.000000
(3,8),(12,10):3.125000
(3,8),(12,7):0.000000
(3,8),(4,7):0.000000
(3,8),(4,6):0.000000
(3,8),(5,6):0.000000
(3,8),(5,2):0.000000
(3,8),(7,2):0.000000
(3,8),(7,3):0.000000
(3,8),(10,3):0.000000
(3,8),(10,1):0.000000
(3,8),(11,1):0.000000
(3,8),(11,4):0.000000
(3,8),(8,4):0.000000
(3,8),(8,5):0.000000
(3,8),(13,5):0.000000
(3,8),(13,9):0.446429
(3,8),(15,9):5.011364
(3,8),(15,13):12.875000
(3,8),(17,13):9.000000
(3,8),(17,17):0.000000
(3,8),(18,17):0.000000
(6,8),(6,12):27.375000
(6,8),(9,12):14.714286
(6,8),(9,10):0.000000
(6,8),(12,10):0.750000
(6,8),(12,7):0.000000
(6,8),(4,7):0.000000
(6,8),(4,6):0.000000
(6,8),(5,6):0.000000
(6,8),(5,2):0.000000
(6,8),(7,2):0.000000
(6,8),(7,3):0.000000
(6,8),(10,3):0.000000
(6,8),(10,1):0.000000
(6,8),(11,1):0.000000
(6,8),(11,4):0.000000
(6,8),(8,4):0.000000
(6,8),(8,5):0.000000
(6,8),(13,5):0.000000
(6,8),(13,9):0.000000
(6,8),(15,9):2.250000
(6,8),(15,13):15.376923
(6,8),(17,13):10.066667
(6,8),(17,17):0.000000
(6,8),(18,17):0.000000
(6,12),(9,12):42.980953
(6,12),(9,10):18.100000
(6,12),(12,10):24.250000
(6,12),(12,7):8.000000
(6,12),(4,7):0.000000
(6,12),(4,6):0.000000
(6,12),(5,6):0.000000
(6,12),(5,2):0.000000
(6,12),(7,2):0.000000
(6,12),(7,3):0.000000
(6,12),(10,3):0.000000
(6,12),(10,1):0.000000
(6,12),(11,1):0.000000
(6,12),(11,4):0.000000
(6,12),(8,4):0.000000
(6,12),(8,5):0.000000
(6,12),(13,5):5.100000
(6,12),(13,9):18.750000
(6,12),(15,9):25.900000
(6,12),(15,13):43.843590
(6,12),(17,13):27.444445
(6,12),(17,17):1.070086
(6,12),(18,17):0.000000
(9,12),(9,10):30.142857
(9,12),(12,10):38.500000
(9,12),(12,7):12.562500
(9,12),(4,7):0.000000
(9,12),(4,6):0.000000
(9,12),(5,6):0.000000
(9,12),(5,2):0.000000
(9,12),(7,2):0.000000
(9,12),(7,3):0.000000
(9,12),(10,3):0.000000
(9,12),(10,1):0.000000
(9,12),(11,1):0.000000
(9,12),(11,4):0.000000
(9,12),(8,4):0.000000
(9,12),(8,5):0.000000
(9,12),(13,5):7.833333
(9,12),(13,9):29.000000
(9,12),(15,9):38.650002
(9,12),(15,13):56.636448
(9,12),(17,13):27.376190
(9,12),(17,17):1.015406
(9,12),(18,17):0.000000
(9,10),(12,10):29.500000
(9,10),(12,7):12.000000
(9,10),(4,7):0.000000
(9,10),(4,6):0.000000
(9,10),(5,6):0.000000
(9,10),(5,2):0.000000
(9,10),(7,2):0.000000
(9,10),(7,3):0.000000
(9,10),(10,3):0.000000
(9,10),(10,1):0.000000
(9,10),(11,1):0.000000
(9,10),(11,4):0.000000
(9,10),(8,4):0.000000
(9,10),(8,5):0.000000
(9,10),(13,5):7.500000
(9,10),(13,9):24.750000
(9,10),(15,9):27.400000
(9,10),(15,13):29.785715
(9,10),(17,13):10.785714
(9,10),(17,17):0.585714
(9,10),(18,17):0.000000
(12,10),(12,7):17.250000
(12,10),(4,7):2.000000
(12,10),(4,6):1.062500
(12,10),(5,6):2.071429
(12,10),(5,2):0.000000
(12,10),(7,2):0.000000
(12,10),(7,3):0.000000
(12,10),(10,3):0.000000
(12,10),(10,1):0.000000
(12,10),(11,1):0.000000
(12,10),(11,4):0.000000
(12,10),(8,4):0.000000
(12,10),(8,5):2.250000
(12,10),(13,5):12.500000
(12,10),(13,9):33.750000
(12,10),(15,9):37.150002
(12,10),(15,13):39.750000
(12,10),(17,13):16.000000
(12,10),(17,17):0.000000
(12,10),(18,17):0.000000
(12,7),(4,7):17.166666
(12,7),(4,6):9.062500
(12,7),(5,6):19.321428
(12,7),(5,2):10.250000
(12,7),(7,2):6.250000
(12,7),(7,3):9.583333
(12,7),(10,3):2.000000
(12,7),(10,1):0.000000
(12,7),(11,1):0.000000
(12,7),(11,4):0.250000
(12,7),(8,4):8.916667
(12,7),(8,5):19.333334
(12,7),(13,5):24.937500
(12,7),(13,9):18.250000
(12,7),(15,9):12.900000
(12,7),(15,13):13.750000
(12,7),(17,13):3.916667
(12,7),(17,17):0.000000
(12,7),(18,17):0.000000
(4,7),(4,6):9.000000
(4,7),(5,6):19.166666
(4,7),(5,2):9.516666
(4,7),(7,2):4.250000
(4,7),(7,3):9.500000
(4,7),(10,3):1.666667
(4,7),(10,1):0.000000
(4,7),(11,1):0.000000
(4,7),(11,4):1.166667
(4,7),(8,4):8.833333
(4,7),(8,5):18.333334
(4,7),(13,5):16.437500
(4,7),(13,9):3.000000
(4,7),(15,9):0.000000
(4,7),(15,13):0.000000
(4,7),(17,13):0.000000
(4,7),(17,17):0.000000
(4,7),(18,17):0.000000
(4,6),(5,6):9.062500
(4,6),(5,2):4.500000
(4,6),(7,2):2.250000
(4,6),(7,3):4.083333
(4,6),(10,3):0.000000
(4,6),(10,1):0.000000
(4,6),(11,1):0.000000
(4,6),(11,4):0.000000
(4,6),(8,4):3.666667
(4,6),(8,5):8.895833
(4,6),(13,5):9.000000
(4,6),(13,9):1.312500
(4,6),(15,9):0.000000
(4,6),(15,13):0.000000
(4,6),(17,13):0.000000
(4,6),(17,17):0.000000
(4,6),(18,17):0.000000
(5,6),(5,2):15.857142
(5,6),(7,2):10.250000
(5,6),(7,3):16.083334
(5,6),(10,3):6.000000
(5,6),(10,1):0.000000
(5,6),(11,1):0.000000
(5,6),(11,4):4.250000
(5,6),(8,4):14.916667
(5,6),(8,5):24.654762
(5,6),(13,5):17.008928
(5,6),(13,9):3.071429
(5,6),(15,9):0.000000
(5,6),(15,13):0.000000
(5,6),(17,13):0.000000
(5,6),(17,17):0.000000
(5,6),(18,17):0.000000
(5,2),(7,2):10.000000
(5,2),(7,3):15.000000
(5,2),(10,3):5.250000
(5,2),(10,1):0.000000
(5,2),(11,1):0.000000
(5,2),(11,4):3.500000
(5,2),(8,4):13.500000
(5,2),(8,5):15.500000
(5,2),(13,5):8.000000
(5,2),(13,9):0.000000
(5,2),(15,9):0.000000
(5,2),(15,13):0.000000
(5,2),(17,13):0.000000
(5,2),(17,17):0.000000
(5,2),(18,17):0.000000
(7,2),(7,3):10.250000
(7,2),(10,3):4.000000
(7,2),(10,1):0.000000
(7,2),(11,1):0.000000
(7,2),(11,4):2.500000
(7,2),(8,4):9.750000
(7,2),(8,5):10.000000
(7,2),(13,5):4.250000
(7,2),(13,9):0.000000
(7,2),(15,9):0.000000
(7,2),(15,13):0.000000
(7,2),(17,13):0.000000
(7,2),(17,17):0.000000
(7,2),(18,17):0.000000
(7,3),(10,3):8.250000
(7,3),(10,1):1.000000
(7,3),(11,1):1.250000
(7,3),(11,4):6.500000
(7,3),(8,4):16.833334
(7,3),(8,5):15.083333
(7,3),(13,5):7.333333
(7,3),(13,9):0.000000
(7,3),(15,9):0.000000
(7,3),(15,13):0.000000
(7,3),(17,13):0.000000
(7,3),(17,17):0.000000
(7,3),(18,17):0.000000
(10,3),(10,1):3.000000
(10,3),(11,1):3.250000
(10,3),(11,4):8.000000
(10,3),(8,4):8.500000
(10,3),(8,5):5.250000
(10,3),(13,5):0.250000
(10,3),(13,9):0.000000
(10,3),(15,9):0.000000
(10,3),(15,13):0.000000
(10,3),(17,13):0.000000
(10,3),(17,17):0.000000
(10,3),(18,17):0.000000
(10,1),(11,1):3.000000
(10,1),(11,4):3.000000
(10,1),(8,4):1.250000
(10,1),(8,5):0.000000
(10,1),(13,5):0.000000
(10,1),(13,9):0.000000
(10,1),(15,9):0.000000
(10,1),(15,13):0.000000
(10,1),(17,13):0.000000
(10,1),(17,17):0.000000
(10,1),(18,17):0.000000
(11,1),(11,4):3.250000
(11,1),(8,4):1.500000
(11,1),(8,5):0.000000
(11,1),(13,5):0.000000
(11,1),(13,9):0.000000
(11,1),(15,9):0.000000
(11,1),(15,13):0.000000
(11,1),(17,13):0.000000
(11,1),(17,17):0.000000
(11,1),(18,17):0.000000
(11,4),(8,4):6.750000
(11,4),(8,5):3.500000
(11,4),(13,5):0.000000
(11,4),(13,9):0.000000
(11,4),(15,9):0.000000
(11,4),(15,13):0.000000
(11,4),(17,13):0.000000
(11,4),(17,17):0.000000
(11,4),(18,17):0.000000
(8,4),(8,5):14.166667
(8,4),(13,5):6.666667
(8,4),(13,9):0.000000
(8,4),(15,9):0.000000
(8,4),(15,13):0.000000
(8,4),(17,13):0.000000
(8,4),(17,17):0.000000
(8,4),(18,17):0.000000
(8,5),(13,5):17.083334
(8,5),(13,9):3.250000
(8,5),(15,9):0.000000
(8,5),(15,13):0.000000
(8,5),(17,13):0.000000
(8,5),(17,17):0.000000
(8,5),(18,17):0.000000
(13,5),(13,9):13.500000
(13,5),(15,9):8.500000
(13,5),(15,13):9.500000
(13,5),(17,13):2.933333
(13,5),(17,17):0.000000
(13,5),(18,17):0.000000
(13,9),(15,9):29.400000
(13,9),(15,13):30.250000
(13,9),(17,13):11.750000
(13,9),(17,17):0.000000
(13,9),(18,17):0.000000
(15,9),(15,13):39.000000
(15,9),(17,13):17.500000
(15,9),(17,17):0.000000
(15,9),(18,17):0.000000
(15,13),(17,13):28.066668
(15,13),(17,17):1.666667
(15,13),(18,17):0.000000
(17,13),(17,17):5.166667
(17,13),(18,17):1.000000
(17,17),(18,17):3.000000
