68
(30,18):(25,24)	(25,25)	(26,20)	(26,21)	(26,22)	(26,23)	(26,24)	(26,25)	(27,19)	(27,20)	(27,21)	(27,22)	(27,23)	(27,24)	(27,25)	(28,14)	(28,15)	(28,16)	(28,17)	(28,18)	(28,19)	(28,20)	(28,21)	(28,22)	(28,23)	(28,24)	(28,25)	(29,16)	(29,17)	(29,18)	(29,19)	(29,20)	(29,21)	(29,22)	(29,23)	(29,24)	(29,25)	(30,17)	(30,18)	(30,26)	(31,16)	(31,17)	(32,14)	(32,15)	(32,16)	(32,17)	(33,17)	(34,17)	(34,18)	
(30,26):(16,23)	(17,24)	(17,25)	(17,26)	(18,24)	(18,25)	(18,26)	(19,24)	(19,25)	(19,26)	(20,24)	(20,25)	(20,26)	(21,24)	(21,25)	(21,26)	(22,25)	(22,26)	(23,25)	(23,26)	(24,25)	(25,19)	(25,24)	(25,25)	(26,20)	(26,21)	(26,22)	(26,23)	(26,24)	(26,25)	(27,9)	(27,19)	(27,20)	(27,21)	(27,22)	(27,23)	(27,24)	(27,25)	(28,10)	(28,11)	(28,12)	(28,13)	(28,14)	(28,15)	(28,16)	(28,17)	(28,18)	(28,19)	(28,20)	(28,21)	(28,22)	(28,23)	(28,24)	(28,25)	(29,16)	(29,17)	(29,18)	(29,19)	(29,20)	(29,21)	(29,22)	(29,23)	(29,24)	(29,25)	(30,17)	(30,18)	(30,26)	
(23,26):(16,23)	(17,24)	(17,25)	(17,26)	(17,27)	(18,22)	(18,23)	(18,24)	(18,25)	(18,26)	(19,22)	(19,23)	(19,24)	(19,25)	(19,26)	(20,23)	(20,24)	(20,25)	(20,26)	(21,24)	(21,25)	(21,26)	(22,25)	(22,26)	(23,25)	(23,26)	(23,27)	(24,25)	(25,24)	(25,25)	(26,23)	(26,24)	(26,25)	(27,22)	(27,23)	(27,24)	(27,25)	(28,21)	(28,22)	(28,23)	(28,24)	(28,25)	(29,20)	(29,21)	(29,22)	(29,23)	(29,24)	(29,25)	(30,26)	
(23,27):(16,23)	(17,24)	(17,25)	(17,26)	(17,27)	(18,22)	(18,23)	(18,24)	(18,25)	(18,26)	(19,22)	(19,23)	(19,24)	(19,25)	(19,26)	(20,23)	(20,24)	(20,25)	(20,26)	(21,24)	(21,25)	(21,26)	(22,25)	(22,26)	(23,25)	(23,26)	(23,27)	
(17,27):(16,23)	(16,33)	(17,24)	(17,25)	(17,26)	(17,27)	(17,29)	(17,30)	(17,31)	(17,32)	(17,33)	(18,23)	(18,24)	(18,25)	(18,26)	(19,22)	(19,23)	(19,24)	(19,25)	(19,26)	(20,21)	(20,22)	(20,23)	(20,24)	(20,25)	(20,26)	(21,24)	(21,25)	(21,26)	(22,25)	(22,26)	(23,25)	(23,26)	(23,27)	(24,25)	(25,24)	(25,25)	(26,24)	(26,25)	(27,24)	(27,25)	(28,23)	(28,24)	(28,25)	(29,23)	(29,24)	(29,25)	
(17,29):(16,23)	(16,33)	(17,24)	(17,25)	(17,26)	(17,27)	(17,29)	(17,30)	(17,31)	(17,32)	(17,33)	(18,30)	(18,31)	(18,32)	(18,33)	(19,30)	(19,31)	(19,32)	(19,33)	(20,30)	(20,31)	(20,32)	(20,33)	(21,30)	(21,31)	(21,32)	(21,33)	(22,30)	(22,31)	(22,32)	(22,33)	(23,30)	(23,31)	(23,32)	(23,33)	(24,30)	(24,31)	(24,32)	(24,33)	(25,30)	(25,31)	(25,32)	(25,33)	(26,30)	(26,31)	(26,32)	(26,34)	(27,30)	(27,31)	(28,29)	(28,31)	(32,32)	
(28,29):(16,33)	(17,29)	(17,30)	(17,31)	(17,32)	(17,33)	(18,30)	(18,31)	(18,32)	(18,33)	(19,30)	(19,31)	(19,32)	(19,33)	(20,30)	(20,31)	(20,32)	(20,33)	(21,30)	(21,31)	(21,32)	(21,33)	(22,30)	(22,31)	(22,32)	(22,33)	(23,30)	(23,31)	(23,32)	(23,33)	(24,30)	(24,31)	(24,32)	(24,33)	(25,30)	(25,31)	(25,32)	(25,33)	(26,30)	(26,31)	(26,32)	(27,30)	(27,31)	(28,29)	(28,31)	
(28,31):(16,33)	(17,29)	(17,30)	(17,31)	(17,32)	(17,33)	(18,30)	(18,31)	(18,32)	(18,33)	(19,30)	(19,31)	(19,32)	(19,33)	(20,30)	(20,31)	(20,32)	(20,33)	(21,30)	(21,31)	(21,32)	(21,33)	(22,30)	(22,31)	(22,32)	(22,33)	(23,30)	(23,31)	(23,32)	(23,33)	(24,30)	(24,31)	(24,32)	(24,33)	(25,30)	(25,31)	(25,32)	(26,30)	(26,31)	(26,32)	(27,30)	(27,31)	(28,29)	(28,31)	(32,31)	(32,32)	
(32,31):(9,34)	(16,33)	(17,31)	(17,32)	(17,33)	(18,31)	(18,32)	(18,33)	(19,31)	(19,32)	(19,33)	(20,31)	(20,32)	(20,33)	(21,31)	(21,32)	(22,31)	(22,32)	(23,31)	(23,32)	(24,31)	(24,32)	(25,31)	(25,32)	(26,31)	(26,32)	(27,31)	(28,31)	(32,31)	(32,32)	
(32,32):(17,29)	(17,30)	(17,31)	(17,32)	(18,30)	(18,31)	(18,32)	(19,30)	(19,31)	(19,32)	(20,30)	(20,31)	(20,32)	(21,30)	(21,31)	(21,32)	(22,30)	(22,31)	(22,32)	(23,30)	(23,31)	(23,32)	(24,30)	(24,31)	(24,32)	(25,31)	(25,32)	(26,31)	(26,32)	(27,31)	(28,31)	(32,31)	(32,32)	
(26,32):(9,34)	(16,33)	(17,29)	(17,30)	(17,31)	(17,32)	(17,33)	(18,30)	(18,31)	(18,32)	(18,33)	(19,30)	(19,31)	(19,32)	(19,33)	(20,30)	(20,31)	(20,32)	(20,33)	(21,30)	(21,31)	(21,32)	(21,33)	(22,30)	(22,31)	(22,32)	(22,33)	(23,30)	(23,31)	(23,32)	(23,33)	(24,30)	(24,31)	(24,32)	(24,33)	(25,30)	(25,31)	(25,32)	(25,33)	(26,30)	(26,31)	(26,32)	(26,34)	(27,30)	(27,31)	(28,29)	(28,31)	(32,31)	(32,32)	
(26,34):(9,33)	(9,34)	(16,33)	(17,29)	(17,30)	(17,31)	(17,32)	(17,33)	(18,30)	(18,31)	(18,32)	(18,33)	(19,30)	(19,31)	(19,32)	(19,33)	(20,30)	(20,31)	(20,32)	(20,33)	(21,30)	(21,31)	(21,32)	(21,33)	(22,30)	(22,31)	(22,32)	(22,33)	(23,30)	(23,31)	(23,32)	(23,33)	(24,30)	(24,31)	(24,32)	(24,33)	(25,30)	(25,31)	(25,32)	(25,33)	(26,30)	(26,31)	(26,32)	(26,34)	
(9,34):(9,33)	(9,34)	(16,33)	(17,33)	(18,33)	(19,33)	(20,33)	(21,33)	(22,33)	(23,32)	(23,33)	(24,32)	(24,33)	(25,32)	(25,33)	(26,32)	(26,34)	(32,31)	
(9,33):(9,33)	(9,34)	(16,33)	(17,33)	(18,33)	(19,33)	(20,33)	(21,33)	(22,33)	(23,33)	(24,33)	(25,33)	(26,34)	
(16,33):(9,33)	(9,34)	(16,23)	(16,33)	(17,24)	(17,25)	(17,26)	(17,27)	(17,29)	(17,30)	(17,31)	(17,32)	(17,33)	(18,30)	(18,31)	(18,32)	(18,33)	(19,30)	(19,31)	(19,32)	(19,33)	(20,30)	(20,31)	(20,32)	(20,33)	(21,30)	(21,31)	(21,32)	(21,33)	(22,30)	(22,31)	(22,32)	(22,33)	(23,30)	(23,31)	(23,32)	(23,33)	(24,30)	(24,31)	(24,32)	(24,33)	(25,30)	(25,31)	(25,32)	(25,33)	(26,30)	(26,31)	(26,32)	(26,34)	(27,30)	(27,31)	(28,29)	(28,31)	(32,31)	
(16,23):(16,23)	(16,33)	(17,24)	(17,25)	(17,26)	(17,27)	(17,29)	(17,30)	(17,31)	(17,32)	(17,33)	(18,23)	(18,24)	(18,25)	(18,26)	(19,23)	(19,24)	(19,25)	(19,26)	(20,23)	(20,24)	(20,25)	(20,26)	(21,24)	(21,25)	(21,26)	(22,25)	(22,26)	(23,25)	(23,26)	(23,27)	(24,25)	(25,25)	(26,25)	(30,26)	
(18,23):(16,23)	(17,24)	(17,25)	(17,26)	(17,27)	(18,22)	(18,23)	(18,24)	(18,25)	(18,26)	(19,22)	(19,23)	(19,24)	(19,25)	(19,26)	(20,21)	(20,22)	(20,23)	(20,24)	(20,25)	(20,26)	(21,24)	(21,25)	(21,26)	(22,25)	(22,26)	(23,25)	(23,26)	(23,27)	(24,25)	
(18,22):(15,21)	(15,22)	(18,22)	(18,23)	(18,24)	(18,25)	(18,26)	(19,22)	(19,23)	(19,24)	(19,25)	(19,26)	(20,21)	(20,22)	(20,23)	(20,24)	(20,25)	(20,26)	(21,24)	(21,25)	(21,26)	(22,25)	(22,26)	(23,26)	(23,27)	
(15,22):(15,21)	(15,22)	(18,22)	(19,22)	(20,21)	(20,22)	
(15,21):(15,21)	(15,22)	(18,22)	(19,22)	(20,21)	(20,22)	
(20,21):(15,21)	(15,22)	(17,24)	(17,25)	(17,26)	(17,27)	(18,22)	(18,23)	(18,24)	(18,25)	(18,26)	(19,22)	(19,23)	(19,24)	(19,25)	(19,26)	(20,12)	(20,21)	(20,22)	(20,23)	(20,24)	(20,25)	(20,26)	(21,11)	(21,24)	(21,25)	(21,26)	
(20,12):(6,11)	(6,12)	(7,11)	(8,11)	(9,11)	(10,11)	(11,11)	(12,11)	(20,12)	(20,21)	(20,22)	(20,23)	(20,24)	(20,25)	(20,26)	(21,11)	(21,24)	(21,25)	(21,26)	
(6,12):(5,10)	(5,28)	(5,29)	(6,11)	(6,12)	(6,14)	(6,15)	(6,16)	(6,17)	(6,18)	(6,19)	(6,20)	(6,21)	(6,22)	(6,23)	(6,24)	(6,25)	(6,26)	(6,27)	(6,28)	(6,29)	(7,11)	(8,11)	(9,11)	(10,10)	(10,11)	(11,10)	(11,11)	(12,11)	(20,12)	(21,11)	
(6,14):(5,10)	(5,28)	(5,29)	(6,11)	(6,12)	(6,14)	(6,15)	(6,16)	(6,17)	(6,18)	(6,19)	(6,20)	(6,21)	(6,22)	(6,23)	(6,24)	(6,25)	(6,26)	(6,27)	(6,28)	(6,29)	(7,15)	(7,16)	(7,17)	(7,18)	(7,19)	(7,20)	(7,21)	(7,22)	(7,23)	(7,24)	(7,25)	(7,30)	(8,14)	(8,25)	
(8,14):(5,28)	(5,29)	(6,14)	(6,15)	(6,16)	(6,17)	(6,18)	(6,19)	(6,20)	(6,21)	(6,22)	(6,23)	(6,24)	(6,25)	(6,26)	(6,27)	(6,28)	(6,29)	(7,15)	(7,16)	(7,17)	(7,18)	(7,19)	(7,20)	(7,21)	(7,22)	(7,23)	(7,24)	(7,25)	(8,14)	(8,25)	
(8,25):(5,10)	(6,14)	(6,15)	(6,16)	(6,17)	(6,18)	(6,19)	(6,20)	(6,21)	(6,22)	(6,23)	(6,24)	(6,25)	(7,15)	(7,16)	(7,17)	(7,18)	(7,19)	(7,20)	(7,21)	(7,22)	(7,23)	(7,24)	(7,25)	(8,14)	(8,25)	
(7,25):(5,10)	(5,28)	(5,29)	(6,14)	(6,15)	(6,16)	(6,17)	(6,18)	(6,19)	(6,20)	(6,21)	(6,22)	(6,23)	(6,24)	(6,25)	(6,26)	(6,27)	(6,28)	(6,29)	(7,15)	(7,16)	(7,17)	(7,18)	(7,19)	(7,20)	(7,21)	(7,22)	(7,23)	(7,24)	(7,25)	(7,30)	(8,14)	(8,25)	
(7,30):(1,30)	(2,27)	(2,28)	(2,29)	(3,28)	(3,29)	(4,28)	(4,29)	(5,10)	(5,28)	(5,29)	(6,14)	(6,15)	(6,16)	(6,17)	(6,18)	(6,19)	(6,20)	(6,21)	(6,22)	(6,23)	(6,24)	(6,25)	(6,26)	(6,27)	(6,28)	(6,29)	(7,15)	(7,16)	(7,17)	(7,18)	(7,19)	(7,20)	(7,21)	(7,22)	(7,23)	(7,24)	(7,25)	(7,30)	
(1,30):(1,20)	(1,30)	(2,20)	(2,21)	(2,22)	(2,23)	(2,24)	(2,25)	(2,26)	(2,27)	(2,28)	(2,29)	(3,13)	(3,15)	(3,16)	(3,17)	(3,18)	(3,19)	(3,20)	(3,21)	(3,22)	(3,23)	(3,24)	(3,25)	(3,26)	(3,27)	(3,28)	(3,29)	(4,15)	(4,28)	(4,29)	(5,28)	(5,29)	(6,28)	(6,29)	(7,30)	
(1,20):(1,20)	(1,30)	(2,20)	(2,21)	(2,22)	(2,23)	(2,24)	(2,25)	(2,26)	(2,27)	(2,28)	(2,29)	(3,20)	(3,21)	(3,22)	(3,23)	(3,24)	(3,25)	(3,26)	(3,27)	(3,28)	(3,29)	(4,28)	(4,29)	
(2,20):(1,20)	(1,30)	(2,13)	(2,20)	(2,21)	(2,22)	(2,23)	(2,24)	(2,25)	(2,26)	(2,27)	(2,28)	(2,29)	(3,13)	(3,15)	(3,16)	(3,17)	(3,18)	(3,19)	(3,20)	(3,21)	(3,22)	(3,23)	(3,24)	(3,25)	(3,26)	(3,27)	(3,28)	(3,29)	(4,15)	(4,28)	(4,29)	
(2,13):(2,13)	(2,20)	(2,21)	(2,22)	(2,23)	(2,24)	(2,25)	(2,26)	(2,27)	(2,28)	(2,29)	(3,13)	(3,15)	(3,16)	(3,17)	(3,18)	(3,19)	(3,20)	(3,21)	(3,22)	(3,23)	(3,24)	(3,25)	(3,26)	(3,27)	(3,28)	(3,29)	(4,28)	(4,29)	
(3,13):(1,30)	(2,13)	(2,20)	(2,21)	(2,22)	(2,23)	(2,24)	(2,25)	(2,26)	(2,27)	(2,28)	(2,29)	(3,13)	(3,15)	(3,16)	(3,17)	(3,18)	(3,19)	(3,20)	(3,21)	(3,22)	(3,23)	(3,24)	(3,25)	(3,26)	(3,27)	(3,28)	(3,29)	
(3,15):(1,30)	(2,13)	(2,20)	(2,21)	(2,22)	(2,23)	(2,24)	(2,25)	(2,26)	(2,27)	(2,28)	(2,29)	(3,13)	(3,15)	(3,16)	(3,17)	(3,18)	(3,19)	(3,20)	(3,21)	(3,22)	(3,23)	(3,24)	(3,25)	(3,26)	(3,27)	(3,28)	(3,29)	(4,15)	(4,28)	(4,29)	
(4,15):(1,30)	(2,20)	(2,21)	(2,22)	(2,23)	(2,24)	(2,25)	(2,26)	(2,27)	(2,28)	(2,29)	(3,15)	(3,16)	(3,17)	(3,18)	(3,19)	(3,20)	(3,21)	(3,22)	(3,23)	(3,24)	(3,25)	(3,26)	(3,27)	(3,28)	(3,29)	(4,15)	(4,28)	(4,29)	
(4,28):(1,20)	(1,30)	(2,13)	(2,20)	(2,21)	(2,22)	(2,23)	(2,24)	(2,25)	(2,26)	(2,27)	(2,28)	(2,29)	(3,15)	(3,16)	(3,17)	(3,18)	(3,19)	(3,20)	(3,21)	(3,22)	(3,23)	(3,24)	(3,25)	(3,26)	(3,27)	(3,28)	(3,29)	(4,15)	(4,28)	(4,29)	(5,28)	(5,29)	(6,28)	(6,29)	(7,30)	
(5,28):(1,30)	(2,28)	(2,29)	(3,28)	(3,29)	(4,28)	(4,29)	(5,10)	(5,28)	(5,29)	(6,11)	(6,12)	(6,14)	(6,15)	(6,16)	(6,17)	(6,18)	(6,19)	(6,20)	(6,21)	(6,22)	(6,23)	(6,24)	(6,25)	(6,26)	(6,27)	(6,28)	(6,29)	(7,15)	(7,16)	(7,17)	(7,18)	(7,19)	(7,20)	(7,21)	(7,22)	(7,23)	(7,24)	(7,25)	(7,30)	(8,14)	
(5,10):(5,10)	(5,28)	(5,29)	(6,11)	(6,12)	(6,14)	(6,15)	(6,16)	(6,17)	(6,18)	(6,19)	(6,20)	(6,21)	(6,22)	(6,23)	(6,24)	(6,25)	(6,26)	(6,27)	(6,28)	(6,29)	(7,11)	(7,18)	(7,19)	(7,20)	(7,21)	(7,22)	(7,23)	(7,24)	(7,25)	(7,30)	(8,11)	(8,25)	(9,11)	(10,10)	(10,11)	(11,10)	(11,11)	(12,11)	
(10,10):(5,10)	(6,11)	(6,12)	(7,11)	(8,11)	(9,11)	(10,6)	(10,10)	(10,11)	(11,6)	(11,7)	(11,8)	(11,9)	(11,10)	(11,11)	(12,7)	(12,11)	
(10,6):(10,6)	(10,10)	(10,11)	(11,6)	(11,7)	(11,8)	(11,9)	(11,10)	(11,11)	(12,11)	
(11,6):(10,6)	(10,10)	(10,11)	(11,6)	(11,7)	(11,8)	(11,9)	(11,10)	(11,11)	
(11,7):(10,6)	(10,10)	(10,11)	(11,6)	(11,7)	(11,8)	(11,9)	(11,10)	(11,11)	(12,7)	(12,11)	
(12,7):(10,10)	(10,11)	(11,7)	(11,8)	(11,9)	(11,10)	(11,11)	(12,7)	(12,11)	
(12,11):(5,10)	(6,11)	(6,12)	(7,11)	(8,11)	(9,11)	(10,6)	(10,10)	(10,11)	(11,7)	(11,8)	(11,9)	(11,10)	(11,11)	(12,7)	(12,11)	(20,12)	(21,11)	
(21,11):(6,11)	(6,12)	(7,11)	(8,11)	(9,11)	(10,11)	(11,11)	(12,11)	(20,12)	(20,21)	(20,22)	(20,23)	(20,24)	(20,25)	(20,26)	(21,11)	(21,24)	(21,25)	(21,26)	
(21,24):(16,23)	(17,24)	(17,25)	(17,26)	(17,27)	(18,22)	(18,23)	(18,24)	(18,25)	(18,26)	(19,22)	(19,23)	(19,24)	(19,25)	(19,26)	(20,12)	(20,21)	(20,22)	(20,23)	(20,24)	(20,25)	(20,26)	(21,11)	(21,24)	(21,25)	(21,26)	(22,25)	(22,26)	(23,25)	(23,26)	(23,27)	(24,25)	(25,24)	(25,25)	(26,24)	(26,25)	(27,24)	(27,25)	(28,24)	(28,25)	(29,24)	(29,25)	(30,26)	
(25,24):(17,24)	(17,25)	(17,26)	(17,27)	(18,24)	(18,25)	(18,26)	(19,24)	(19,25)	(19,26)	(20,24)	(20,25)	(20,26)	(21,24)	(21,25)	(21,26)	(22,25)	(22,26)	(23,25)	(23,26)	(24,25)	(25,19)	(25,24)	(25,25)	(26,20)	(26,21)	(26,22)	(26,23)	(26,24)	(26,25)	(27,19)	(27,20)	(27,21)	(27,22)	(27,23)	(27,24)	(27,25)	(28,17)	(28,18)	(28,19)	(28,20)	(28,21)	(28,22)	(28,23)	(28,24)	(28,25)	(29,16)	(29,17)	(29,18)	(29,19)	(29,20)	(29,21)	(29,22)	(29,23)	(29,24)	(29,25)	(30,17)	(30,18)	(30,26)	(31,16)	(32,15)	
(25,19):(25,19)	(25,24)	(25,25)	(26,20)	(26,21)	(26,22)	(26,23)	(26,24)	(26,25)	(27,19)	(27,20)	(27,21)	(27,22)	(27,23)	(27,24)	(27,25)	(28,19)	(28,20)	(28,21)	(28,22)	(28,23)	(28,24)	(28,25)	(29,19)	(29,20)	(29,21)	(29,22)	(29,23)	(29,24)	(29,25)	(30,26)	
(27,19):(25,19)	(25,24)	(25,25)	(26,20)	(26,21)	(26,22)	(26,23)	(26,24)	(26,25)	(27,9)	(27,19)	(27,20)	(27,21)	(27,22)	(27,23)	(27,24)	(27,25)	(28,10)	(28,11)	(28,12)	(28,13)	(28,14)	(28,15)	(28,16)	(28,17)	(28,18)	(28,19)	(28,20)	(28,21)	(28,22)	(28,23)	(28,24)	(28,25)	(29,9)	(29,16)	(29,17)	(29,18)	(29,19)	(29,20)	(29,21)	(29,22)	(29,23)	(29,24)	(29,25)	(30,17)	(30,18)	(30,26)	(31,16)	(31,17)	(32,16)	(32,17)	(33,17)	
(27,9):(27,9)	(27,19)	(27,20)	(27,21)	(27,22)	(27,23)	(27,24)	(27,25)	(28,10)	(28,11)	(28,12)	(28,13)	(28,14)	(28,15)	(28,16)	(28,17)	(28,18)	(28,19)	(28,20)	(28,21)	(28,22)	(28,23)	(28,24)	(28,25)	(29,9)	(29,16)	(29,17)	(29,18)	(29,19)	(29,20)	(29,21)	(29,22)	(29,23)	(29,24)	(29,25)	(30,26)	
(29,9):(26,24)	(26,25)	(27,9)	(27,19)	(27,20)	(27,21)	(27,22)	(27,23)	(27,24)	(27,25)	(28,10)	(28,11)	(28,12)	(28,13)	(28,14)	(28,15)	(28,16)	(28,17)	(28,18)	(28,19)	(28,20)	(28,21)	(28,22)	(28,23)	(28,24)	(28,25)	(29,9)	(29,16)	(29,17)	(29,18)	(29,19)	(29,20)	(29,21)	(29,22)	(29,23)	(29,24)	(29,25)	
(29,16):(25,24)	(25,25)	(26,21)	(26,22)	(26,23)	(26,24)	(26,25)	(27,9)	(27,19)	(27,20)	(27,21)	(27,22)	(27,23)	(27,24)	(27,25)	(28,10)	(28,11)	(28,12)	(28,13)	(28,14)	(28,15)	(28,16)	(28,17)	(28,18)	(28,19)	(28,20)	(28,21)	(28,22)	(28,23)	(28,24)	(28,25)	(29,9)	(29,16)	(29,17)	(29,18)	(29,19)	(29,20)	(29,21)	(29,22)	(29,23)	(29,24)	(29,25)	(30,17)	(30,18)	(30,26)	(31,16)	(31,17)	(32,16)	(32,17)	(33,17)	(34,18)	
(31,16):(25,24)	(25,25)	(26,20)	(26,21)	(26,22)	(26,23)	(26,24)	(26,25)	(27,19)	(27,20)	(27,21)	(27,22)	(27,23)	(27,24)	(28,16)	(28,17)	(28,18)	(28,19)	(28,20)	(28,21)	(28,22)	(29,16)	(29,17)	(29,18)	(29,19)	(29,20)	(30,17)	(30,18)	(31,5)	(31,6)	(31,7)	(31,8)	(31,16)	(31,17)	(32,5)	(32,6)	(32,7)	(32,8)	(32,9)	(32,10)	(32,11)	(32,12)	(32,13)	(32,14)	(32,15)	(32,16)	(32,17)	(33,4)	(33,17)	(34,18)	
(31,8):(19,5)	(19,8)	(20,6)	(20,7)	(21,6)	(21,7)	(22,3)	(22,5)	(22,6)	(22,7)	(23,4)	(23,5)	(23,6)	(23,7)	(24,4)	(24,5)	(24,6)	(24,7)	(25,5)	(25,6)	(25,7)	(26,5)	(26,6)	(26,7)	(27,5)	(27,6)	(27,7)	(28,5)	(28,6)	(28,7)	(29,5)	(29,6)	(29,7)	(30,5)	(30,6)	(30,7)	(31,5)	(31,6)	(31,7)	(31,8)	(31,16)	(31,17)	(32,5)	(32,6)	(32,7)	(32,8)	(32,9)	(32,10)	(32,11)	(32,12)	(32,13)	(32,14)	(32,15)	(32,16)	(32,17)	(33,4)	(33,17)	
(19,8):(19,5)	(19,8)	(20,6)	(20,7)	(21,6)	(21,7)	(22,5)	(22,6)	(22,7)	(23,4)	(23,5)	(23,6)	(23,7)	(24,4)	(24,5)	(24,6)	(24,7)	(25,5)	(25,6)	(25,7)	(26,5)	(26,6)	(26,7)	(27,5)	(27,6)	(27,7)	(28,5)	(28,6)	(28,7)	(29,5)	(29,6)	(29,7)	(30,5)	(30,6)	(30,7)	(31,5)	(31,6)	(31,7)	(31,8)	(32,5)	(32,6)	(32,7)	(32,8)	(33,4)	
(19,5):(19,5)	(19,8)	(20,6)	(20,7)	(21,6)	(21,7)	(22,5)	(22,6)	(22,7)	(23,5)	(23,6)	(23,7)	(24,5)	(24,6)	(24,7)	(25,5)	(25,6)	(25,7)	(26,5)	(26,6)	(26,7)	(27,5)	(27,6)	(27,7)	(28,5)	(28,6)	(28,7)	(29,5)	(29,6)	(29,7)	(30,5)	(30,6)	(30,7)	(31,5)	(31,6)	(31,7)	(31,8)	(32,5)	(32,6)	(32,7)	(32,8)	
(22,5):(19,5)	(19,8)	(20,6)	(20,7)	(21,6)	(21,7)	(22,3)	(22,5)	(22,6)	(22,7)	(23,3)	(23,4)	(23,5)	(23,6)	(23,7)	(24,2)	(24,4)	(24,5)	(24,6)	(24,7)	(25,5)	(25,6)	(25,7)	(26,5)	(26,6)	(26,7)	(27,5)	(27,6)	(27,7)	(28,5)	(28,6)	(28,7)	(29,5)	(29,6)	(29,7)	(30,5)	(30,6)	(30,7)	(31,5)	(31,6)	(31,7)	(31,8)	(32,5)	(32,6)	(32,7)	(32,8)	(33,4)	
(22,3):(13,3)	(14,2)	(22,3)	(22,5)	(22,6)	(22,7)	(23,3)	(23,4)	(23,5)	(23,6)	(23,7)	(24,2)	(24,4)	(24,5)	(24,6)	(24,7)	(25,5)	(25,6)	(25,7)	(26,5)	(26,6)	(26,7)	(27,6)	(27,7)	(28,6)	(28,7)	(29,7)	(30,7)	(31,8)	(32,8)	
(13,3):(13,1)	(13,3)	(14,1)	(14,2)	(22,3)	(23,3)	(24,2)	
(13,1):(13,1)	(13,3)	(14,1)	(14,2)	
(14,1):(13,1)	(13,3)	(14,1)	(14,2)	
(14,2):(13,1)	(13,3)	(14,1)	(14,2)	(22,3)	(23,3)	(24,2)	
(24,2):(13,3)	(14,2)	(21,7)	(22,3)	(22,5)	(22,6)	(22,7)	(23,3)	(23,4)	(23,5)	(23,6)	(23,7)	(24,2)	(24,4)	(24,5)	(24,6)	(24,7)	
(24,4):(19,8)	(20,6)	(20,7)	(21,6)	(21,7)	(22,3)	(22,5)	(22,6)	(22,7)	(23,3)	(23,4)	(23,5)	(23,6)	(23,7)	(24,2)	(24,4)	(24,5)	(24,6)	(24,7)	(25,5)	(25,6)	(25,7)	(26,5)	(26,6)	(26,7)	(27,5)	(27,6)	(27,7)	(28,5)	(28,6)	(28,7)	(29,5)	(29,6)	(29,7)	(30,5)	(30,6)	(30,7)	(31,5)	(31,6)	(31,7)	(31,8)	(32,5)	(32,6)	(32,7)	(32,8)	(33,4)	
(33,4):(19,8)	(20,6)	(20,7)	(21,6)	(21,7)	(22,5)	(22,6)	(22,7)	(23,4)	(23,5)	(23,6)	(23,7)	(24,4)	(24,5)	(24,6)	(24,7)	(25,5)	(25,6)	(25,7)	(26,5)	(26,6)	(26,7)	(27,5)	(27,6)	(27,7)	(28,5)	(28,6)	(28,7)	(29,5)	(29,6)	(29,7)	(30,5)	(30,6)	(30,7)	(31,5)	(31,6)	(31,7)	(31,8)	(31,16)	(31,17)	(32,5)	(32,6)	(32,7)	(32,8)	(32,9)	(32,10)	(32,11)	(32,12)	(32,13)	(32,14)	(32,15)	(32,16)	(32,17)	(33,4)	(33,17)	
(33,17):(27,19)	(28,16)	(28,17)	(28,18)	(29,16)	(29,17)	(29,18)	(30,17)	(30,18)	(31,5)	(31,6)	(31,7)	(31,8)	(31,16)	(31,17)	(32,5)	(32,6)	(32,7)	(32,8)	(32,9)	(32,10)	(32,11)	(32,12)	(32,13)	(32,14)	(32,15)	(32,16)	(32,17)	(33,4)	(33,17)	(34,17)	(34,18)	
(34,17):(28,17)	(28,18)	(29,17)	(29,18)	(30,17)	(30,18)	(31,17)	(32,17)	(33,17)	(34,17)	(34,18)	
(34,18):(28,16)	(28,17)	(28,18)	(29,16)	(29,17)	(29,18)	(30,17)	(30,18)	(31,16)	(31,17)	(32,16)	(32,17)	(33,17)	(34,17)	(34,18)	
(30,18):60.000000
(30,26):76.300003
(23,26):54.708332
(23,27):29.500000
(17,27):54.187500
(17,29):64.670456
(28,29):56.166668
(28,31):59.090908
(32,31):27.937500
(32,32):32.099998
(26,32):64.716667
(26,34):57.277779
(9,34):26.882353
(9,33):17.000000
(16,33):72.533333
(16,23):40.983334
(18,23):36.500000
(18,22):26.250000
(15,22):6.100000
(15,21):7.500000
(20,21):39.500000
(20,12):34.437500
(6,12):42.125000
(6,14):47.142857
(8,14):42.292210
(8,25):35.545456
(7,25):47.606060
(7,30):46.500000
(1,30):46.549999
(1,20):30.750000
(2,20):42.500000
(2,13):31.266666
(3,13):23.500000
(3,15):39.653847
(4,15):38.750000
(4,28):47.846153
(5,28):54.375000
(5,10):54.500000
(10,10):22.250000
(10,6):10.700000
(11,6):6.500000
(11,7):11.791667
(12,7):11.333333
(12,11):30.020834
(21,11):32.833332
(21,24):57.166668
(25,24):70.954170
(25,19):35.000000
(27,19):64.800003
(27,9):42.250000
(29,9):38.900002
(29,16):62.875000
(31,16):58.750000
(31,8):74.511108
(19,8):53.000000
(19,5):42.500000
(22,5):57.666668
(22,3):37.923611
(13,3):12.000000
(13,1):2.500000
(14,1):2.000000
(14,2):12.250000
(24,2):24.000000
(24,4):56.892857
(33,4):72.924240
(33,17):40.777779
(34,17):8.125000
(34,18):13.800000
(30,18),(30,26):49.000000
(30,18),(23,26):24.166666
(30,18),(23,27):0.000000
(30,18),(17,27):12.281586
(30,18),(17,29):0.000000
(30,18),(28,29):0.000000
(30,18),(28,31):0.000000
(30,18),(32,31):0.000000
(30,18),(32,32):0.000000
(30,18),(26,32):0.000000
(30,18),(26,34):0.000000
(30,18),(9,34):0.000000
(30,18),(9,33):0.000000
(30,18),(16,33):0.000000
(30,18),(16,23):4.938095
(30,18),(18,23):1.753623
(30,18),(18,22):0.095238
(30,18),(15,22):0.000000
(30,18),(15,21):0.000000
(30,18),(20,21):0.000000
(30,18),(20,12):0.000000
(30,18),(6,12):0.000000
(30,18),(6,14):0.000000
(30,18),(8,14):0.000000
(30,18),(8,25):0.000000
(30,18),(7,25):0.000000
(30,18),(7,30):0.000000
(30,18),(1,30):0.000000
(30,18),(1,20):0.000000
(30,18),(2,20):0.000000
(30,18),(2,13):0.000000
(30,18),(3,13):0.000000
(30,18),(3,15):0.000000
(30,18),(4,15):0.000000
(30,18),(4,28):0.000000
(30,18),(5,28):0.000000
(30,18),(5,10):0.000000
(30,18),(10,10):0.000000
(30,18),(10,6):0.000000
(30,18),(11,6):0.000000
(30,18),(11,7):0.000000
(30,18),(12,7):0.000000
(30,18),(12,11):0.000000
(30,18),(21,11):0.000000
(30,18),(21,24):11.666667
(30,18),(25,24):46.822224
(30,18),(25,19):34.333332
(30,18),(27,19):54.133335
(30,18),(27,9):32.250000
(30,18),(29,9):28.900000
(30,18),(29,16):52.875000
(30,18),(31,16):38.750000
(30,18),(31,8):8.111111
(30,18),(19,8):0.000000
(30,18),(19,5):0.000000
(30,18),(22,5):0.000000
(30,18),(22,3):0.000000
(30,18),(13,3):0.000000
(30,18),(13,1):0.000000
(30,18),(14,1):0.000000
(30,18),(14,2):0.000000
(30,18),(24,2):0.000000
(30,18),(24,4):0.000000
(30,18),(33,4):8.333333
(30,18),(33,17):19.000000
(30,18),(34,17):8.125000
(30,18),(34,18):13.633333
(30,26),(23,26):43.250000
(30,26),(23,27):16.750000
(30,26),(17,27):31.354166
(30,26),(17,29):2.972222
(30,26),(28,29):0.000000
(30,26),(28,31):0.000000
(30,26),(32,31):0.000000
(30,26),(32,32):0.000000
(30,26),(26,32):0.000000
(30,26),(26,34):0.000000
(30,26),(9,34):0.000000
(30,26),(9,33):0.000000
(30,26),(16,33):4.104167
(30,26),(16,23):22.650000
(30,26),(18,23):18.750000
(30,26),(18,22):10.000000
(30,26),(15,22):0.000000
(30,26),(15,21):0.000000
(30,26),(20,21):11.621212
(30,26),(20,12):2.277778
(30,26),(6,12):0.000000
(30,26),(6,14):0.000000
(30,26),(8,14):0.000000
(30,26),(8,25):0.000000
(30,26),(7,25):0.000000
(30,26),(7,30):0.000000
(30,26),(1,30):0.000000
(30,26),(1,20):0.000000
(30,26),(2,20):0.000000
(30,26),(2,13):0.000000
(30,26),(3,13):0.000000
(30,26),(3,15):0.000000
(30,26),(4,15):0.000000
(30,26),(4,28):0.000000
(30,26),(5,28):0.000000
(30,26),(5,10):0.000000
(30,26),(10,10):0.000000
(30,26),(10,6):0.000000
(30,26),(11,6):0.000000
(30,26),(11,7):0.000000
(30,26),(12,7):0.000000
(30,26),(12,11):0.000000
(30,26),(21,11):2.983696
(30,26),(21,24):30.750000
(30,26),(25,24):60.840000
(30,26),(25,19):35.000000
(30,26),(27,19):56.349998
(30,26),(27,9):39.799999
(30,26),(29,9):36.450001
(30,26),(29,16):53.549999
(30,26),(31,16):28.000000
(30,26),(31,8):0.000000
(30,26),(19,8):0.000000
(30,26),(19,5):0.000000
(30,26),(22,5):0.000000
(30,26),(22,3):0.000000
(30,26),(13,3):0.000000
(30,26),(13,1):0.000000
(30,26),(14,1):0.000000
(30,26),(14,2):0.000000
(30,26),(24,2):0.000000
(30,26),(24,4):0.000000
(30,26),(33,4):0.000000
(30,26),(33,17):8.000000
(30,26),(34,17):4.125000
(30,26),(34,18):6.800000
(23,26),(23,27):28.000000
(23,26),(17,27):41.787498
(23,26),(17,29):4.083333
(23,26),(28,29):0.000000
(23,26),(28,31):0.000000
(23,26),(32,31):0.000000
(23,26),(32,32):0.000000
(23,26),(26,32):0.000000
(23,26),(26,34):0.000000
(23,26),(9,34):0.000000
(23,26),(9,33):0.000000
(23,26),(16,33):5.416667
(23,26),(16,23):31.483334
(23,26),(18,23):29.583334
(23,26),(18,22):19.125000
(23,26),(15,22):1.125000
(23,26),(15,21):1.375000
(23,26),(20,21):21.708334
(23,26),(20,12):3.875000
(23,26),(6,12):0.000000
(23,26),(6,14):0.000000
(23,26),(8,14):0.000000
(23,26),(8,25):0.000000
(23,26),(7,25):0.000000
(23,26),(7,30):0.000000
(23,26),(1,30):0.000000
(23,26),(1,20):0.000000
(23,26),(2,20):0.000000
(23,26),(2,13):0.000000
(23,26),(3,13):0.000000
(23,26),(3,15):0.000000
(23,26),(4,15):0.000000
(23,26),(4,28):0.000000
(23,26),(5,28):0.000000
(23,26),(5,10):0.000000
(23,26),(10,10):0.000000
(23,26),(10,6):0.000000
(23,26),(11,6):0.000000
(23,26),(11,7):0.000000
(23,26),(12,7):0.000000
(23,26),(12,11):0.000000
(23,26),(21,11):5.118182
(23,26),(21,24):42.208332
(23,26),(25,24):47.083332
(23,26),(25,19):22.500000
(23,26),(27,19):23.299999
(23,26),(27,9):16.472221
(23,26),(29,9):13.775000
(23,26),(29,16):23.500000
(23,26),(31,16):8.500000
(23,26),(31,8):0.000000
(23,26),(19,8):0.000000
(23,26),(19,5):0.000000
(23,26),(22,5):0.000000
(23,26),(22,3):0.000000
(23,26),(13,3):0.000000
(23,26),(13,1):0.000000
(23,26),(14,1):0.000000
(23,26),(14,2):0.000000
(23,26),(24,2):0.000000
(23,26),(24,4):0.000000
(23,26),(33,4):0.000000
(23,26),(33,17):0.000000
(23,26),(34,17):0.000000
(23,26),(34,18):0.000000
(23,27),(17,27):28.500000
(23,27),(17,29):4.000000
(23,27),(28,29):0.000000
(23,27),(28,31):0.000000
(23,27),(32,31):0.000000
(23,27),(32,32):0.000000
(23,27),(26,32):0.000000
(23,27),(26,34):0.000000
(23,27),(9,34):0.000000
(23,27),(9,33):0.000000
(23,27),(16,33):5.333333
(23,27),(16,23):25.266666
(23,27),(18,23):28.333334
(23,27),(18,22):20.166666
(23,27),(15,22):1.833333
(23,27),(15,21):2.428571
(23,27),(20,21):23.000000
(23,27),(20,12):4.125000
(23,27),(6,12):0.000000
(23,27),(6,14):0.000000
(23,27),(8,14):0.000000
(23,27),(8,25):0.000000
(23,27),(7,25):0.000000
(23,27),(7,30):0.000000
(23,27),(1,30):0.000000
(23,27),(1,20):0.000000
(23,27),(2,20):0.000000
(23,27),(2,13):0.000000
(23,27),(3,13):0.000000
(23,27),(3,15):0.000000
(23,27),(4,15):0.000000
(23,27),(4,28):0.000000
(23,27),(5,28):0.000000
(23,27),(5,10):0.000000
(23,27),(10,10):0.000000
(23,27),(10,6):0.000000
(23,27),(11,6):0.000000
(23,27),(11,7):0.000000
(23,27),(12,7):0.000000
(23,27),(12,11):0.000000
(23,27),(21,11):5.452174
(23,27),(21,24):29.500000
(23,27),(25,24):20.500000
(23,27),(25,19):0.000000
(23,27),(27,19):0.000000
(23,27),(27,9):0.000000
(23,27),(29,9):0.000000
(23,27),(29,16):0.000000
(23,27),(31,16):0.000000
(23,27),(31,8):0.000000
(23,27),(19,8):0.000000
(23,27),(19,5):0.000000
(23,27),(22,5):0.000000
(23,27),(22,3):0.000000
(23,27),(13,3):0.000000
(23,27),(13,1):0.000000
(23,27),(14,1):0.000000
(23,27),(14,2):0.000000
(23,27),(24,2):0.000000
(23,27),(24,4):0.000000
(23,27),(33,4):0.000000
(23,27),(33,17):0.000000
(23,27),(34,17):0.000000
(23,27),(34,18):0.000000
(17,27),(17,29):11.083333
(17,27),(28,29):5.083333
(17,27),(28,31):5.174242
(17,27),(32,31):2.621428
(17,27),(32,32):3.100000
(17,27),(26,32):5.250000
(17,27),(26,34):5.361111
(17,27),(9,34):1.154762
(17,27),(9,33):1.083333
(17,27),(16,33):12.416667
(17,27),(16,23):36.090908
(17,27),(18,23):35.111111
(17,27),(18,22):22.683332
(17,27),(15,22):2.725000
(17,27),(15,21):4.115385
(17,27),(20,21):27.000000
(17,27),(20,12):7.375000
(17,27),(6,12):0.000000
(17,27),(6,14):0.000000
(17,27),(8,14):0.000000
(17,27),(8,25):0.000000
(17,27),(7,25):0.000000
(17,27),(7,30):0.000000
(17,27),(1,30):0.000000
(17,27),(1,20):0.000000
(17,27),(2,20):0.000000
(17,27),(2,13):0.000000
(17,27),(3,13):0.000000
(17,27),(3,15):0.000000
(17,27),(4,15):0.000000
(17,27),(4,28):0.000000
(17,27),(5,28):0.000000
(17,27),(5,10):0.000000
(17,27),(10,10):0.000000
(17,27),(10,6):0.000000
(17,27),(11,6):0.000000
(17,27),(11,7):0.000000
(17,27),(12,7):0.000000
(17,27),(12,11):0.000000
(17,27),(21,11):8.800000
(17,27),(21,24):42.791668
(17,27),(25,24):35.291668
(17,27),(25,19):10.937500
(17,27),(27,19):11.532738
(17,27),(27,9):7.187500
(17,27),(29,9):6.780056
(17,27),(29,16):11.695076
(17,27),(31,16):4.628705
(17,27),(31,8):0.000000
(17,27),(19,8):0.000000
(17,27),(19,5):0.000000
(17,27),(22,5):0.000000
(17,27),(22,3):0.000000
(17,27),(13,3):0.000000
(17,27),(13,1):0.000000
(17,27),(14,1):0.000000
(17,27),(14,2):0.000000
(17,27),(24,2):0.000000
(17,27),(24,4):0.000000
(17,27),(33,4):0.000000
(17,27),(33,17):0.000000
(17,27),(34,17):0.000000
(17,27),(34,18):0.000000
(17,29),(28,29):54.791668
(17,29),(28,31):54.761364
(17,29),(32,31):22.936758
(17,29),(32,32):30.645454
(17,29),(26,32):58.837120
(17,29),(26,34):50.402779
(17,29),(9,34):19.026072
(17,29),(9,33):10.125000
(17,29),(16,33):63.060482
(17,29),(16,23):13.083333
(17,29),(18,23):6.000000
(17,29),(18,22):0.000000
(17,29),(15,22):0.000000
(17,29),(15,21):0.000000
(17,29),(20,21):3.500000
(17,29),(20,12):0.000000
(17,29),(6,12):0.000000
(17,29),(6,14):0.000000
(17,29),(8,14):0.000000
(17,29),(8,25):0.000000
(17,29),(7,25):0.000000
(17,29),(7,30):0.000000
(17,29),(1,30):0.000000
(17,29),(1,20):0.000000
(17,29),(2,20):0.000000
(17,29),(2,13):0.000000
(17,29),(3,13):0.000000
(17,29),(3,15):0.000000
(17,29),(4,15):0.000000
(17,29),(4,28):0.000000
(17,29),(5,28):0.000000
(17,29),(5,10):0.000000
(17,29),(10,10):0.000000
(17,29),(10,6):0.000000
(17,29),(11,6):0.000000
(17,29),(11,7):0.000000
(17,29),(12,7):0.000000
(17,29),(12,11):0.000000
(17,29),(21,11):0.000000
(17,29),(21,24):4.375000
(17,29),(25,24):3.187500
(17,29),(25,19):0.000000
(17,29),(27,19):0.000000
(17,29),(27,9):0.000000
(17,29),(29,9):0.000000
(17,29),(29,16):0.000000
(17,29),(31,16):0.000000
(17,29),(31,8):0.000000
(17,29),(19,8):0.000000
(17,29),(19,5):0.000000
(17,29),(22,5):0.000000
(17,29),(22,3):0.000000
(17,29),(13,3):0.000000
(17,29),(13,1):0.000000
(17,29),(14,1):0.000000
(17,29),(14,2):0.000000
(17,29),(24,2):0.000000
(17,29),(24,4):0.000000
(17,29),(33,4):0.000000
(17,29),(33,17):0.000000
(17,29),(34,17):0.000000
(17,29),(34,18):0.000000
(28,29),(28,31):53.500000
(28,29),(32,31):21.500000
(28,29),(32,32):28.000000
(28,29),(26,32):56.166668
(28,29),(26,34):50.166668
(28,29),(9,34):18.217087
(28,29),(9,33):10.500000
(28,29),(16,33):55.966667
(28,29),(16,23):7.083333
(28,29),(18,23):0.500000
(28,29),(18,22):0.000000
(28,29),(15,22):0.000000
(28,29),(15,21):0.000000
(28,29),(20,21):0.000000
(28,29),(20,12):0.000000
(28,29),(6,12):0.000000
(28,29),(6,14):0.000000
(28,29),(8,14):0.000000
(28,29),(8,25):0.000000
(28,29),(7,25):0.000000
(28,29),(7,30):0.000000
(28,29),(1,30):0.000000
(28,29),(1,20):0.000000
(28,29),(2,20):0.000000
(28,29),(2,13):0.000000
(28,29),(3,13):0.000000
(28,29),(3,15):0.000000
(28,29),(4,15):0.000000
(28,29),(4,28):0.000000
(28,29),(5,28):0.000000
(28,29),(5,10):0.000000
(28,29),(10,10):0.000000
(28,29),(10,6):0.000000
(28,29),(11,6):0.000000
(28,29),(11,7):0.000000
(28,29),(12,7):0.000000
(28,29),(12,11):0.000000
(28,29),(21,11):0.000000
(28,29),(21,24):0.000000
(28,29),(25,24):0.000000
(28,29),(25,19):0.000000
(28,29),(27,19):0.000000
(28,29),(27,9):0.000000
(28,29),(29,9):0.000000
(28,29),(29,16):0.000000
(28,29),(31,16):0.000000
(28,29),(31,8):0.000000
(28,29),(19,8):0.000000
(28,29),(19,5):0.000000
(28,29),(22,5):0.000000
(28,29),(22,3):0.000000
(28,29),(13,3):0.000000
(28,29),(13,1):0.000000
(28,29),(14,1):0.000000
(28,29),(14,2):0.000000
(28,29),(24,2):0.000000
(28,29),(24,4):0.000000
(28,29),(33,4):0.000000
(28,29),(33,17):0.000000
(28,29),(34,17):0.000000
(28,29),(34,18):0.000000
(28,31),(32,31):27.000000
(28,31),(32,32):32.090908
(28,31),(26,32):59.090908
(28,31),(26,34):49.090908
(28,31),(9,34):18.882353
(28,31),(9,33):10.000000
(28,31),(16,33):57.290909
(28,31),(16,23):7.174242
(28,31),(18,23):0.569170
(28,31),(18,22):0.000000
(28,31),(15,22):0.000000
(28,31),(15,21):0.000000
(28,31),(20,21):0.007576
(28,31),(20,12):0.000000
(28,31),(6,12):0.000000
(28,31),(6,14):0.000000
(28,31),(8,14):0.000000
(28,31),(8,25):0.000000
(28,31),(7,25):0.000000
(28,31),(7,30):0.000000
(28,31),(1,30):0.000000
(28,31),(1,20):0.000000
(28,31),(2,20):0.000000
(28,31),(2,13):0.000000
(28,31),(3,13):0.000000
(28,31),(3,15):0.000000
(28,31),(4,15):0.000000
(28,31),(4,28):0.000000
(28,31),(5,28):0.000000
(28,31),(5,10):0.000000
(28,31),(10,10):0.000000
(28,31),(10,6):0.000000
(28,31),(11,6):0.000000
(28,31),(11,7):0.000000
(28,31),(12,7):0.000000
(28,31),(12,11):0.000000
(28,31),(21,11):0.000000
(28,31),(21,24):0.000000
(28,31),(25,24):0.000000
(28,31),(25,19):0.000000
(28,31),(27,19):0.000000
(28,31),(27,9):0.000000
(28,31),(29,9):0.000000
(28,31),(29,16):0.000000
(28,31),(31,16):0.000000
(28,31),(31,8):0.000000
(28,31),(19,8):0.000000
(28,31),(19,5):0.000000
(28,31),(22,5):0.000000
(28,31),(22,3):0.000000
(28,31),(13,3):0.000000
(28,31),(13,1):0.000000
(28,31),(14,1):0.000000
(28,31),(14,2):0.000000
(28,31),(24,2):0.000000
(28,31),(24,4):0.000000
(28,31),(33,4):0.000000
(28,31),(33,17):0.000000
(28,31),(34,17):0.000000
(28,31),(34,18):0.000000
(32,31),(32,32):16.000000
(32,31),(26,32):27.937500
(32,31),(26,34):21.937500
(32,31),(9,34):11.819853
(32,31),(9,33):4.937500
(32,31),(16,33):26.137501
(32,31),(16,23):3.891892
(32,31),(18,23):0.000000
(32,31),(18,22):0.000000
(32,31),(15,22):0.000000
(32,31),(15,21):0.000000
(32,31),(20,21):0.000000
(32,31),(20,12):0.000000
(32,31),(6,12):0.000000
(32,31),(6,14):0.000000
(32,31),(8,14):0.000000
(32,31),(8,25):0.000000
(32,31),(7,25):0.000000
(32,31),(7,30):0.000000
(32,31),(1,30):0.000000
(32,31),(1,20):0.000000
(32,31),(2,20):0.000000
(32,31),(2,13):0.000000
(32,31),(3,13):0.000000
(32,31),(3,15):0.000000
(32,31),(4,15):0.000000
(32,31),(4,28):0.000000
(32,31),(5,28):0.000000
(32,31),(5,10):0.000000
(32,31),(10,10):0.000000
(32,31),(10,6):0.000000
(32,31),(11,6):0.000000
(32,31),(11,7):0.000000
(32,31),(12,7):0.000000
(32,31),(12,11):0.000000
(32,31),(21,11):0.000000
(32,31),(21,24):0.000000
(32,31),(25,24):0.000000
(32,31),(25,19):0.000000
(32,31),(27,19):0.000000
(32,31),(27,9):0.000000
(32,31),(29,9):0.000000
(32,31),(29,16):0.000000
(32,31),(31,16):0.000000
(32,31),(31,8):0.000000
(32,31),(19,8):0.000000
(32,31),(19,5):0.000000
(32,31),(22,5):0.000000
(32,31),(22,3):0.000000
(32,31),(13,3):0.000000
(32,31),(13,1):0.000000
(32,31),(14,1):0.000000
(32,31),(14,2):0.000000
(32,31),(24,2):0.000000
(32,31),(24,4):0.000000
(32,31),(33,4):0.000000
(32,31),(33,17):0.000000
(32,31),(34,17):0.000000
(32,31),(34,18):0.000000
(32,32),(26,32):32.099998
(32,32),(26,34):25.600000
(32,32),(9,34):3.382353
(32,32),(9,33):0.000000
(32,32),(16,33):30.299999
(32,32),(16,23):3.850000
(32,32),(18,23):0.576190
(32,32),(18,22):0.000000
(32,32),(15,22):0.000000
(32,32),(15,21):0.000000
(32,32),(20,21):0.009091
(32,32),(20,12):0.000000
(32,32),(6,12):0.000000
(32,32),(6,14):0.000000
(32,32),(8,14):0.000000
(32,32),(8,25):0.000000
(32,32),(7,25):0.000000
(32,32),(7,30):0.000000
(32,32),(1,30):0.000000
(32,32),(1,20):0.000000
(32,32),(2,20):0.000000
(32,32),(2,13):0.000000
(32,32),(3,13):0.000000
(32,32),(3,15):0.000000
(32,32),(4,15):0.000000
(32,32),(4,28):0.000000
(32,32),(5,28):0.000000
(32,32),(5,10):0.000000
(32,32),(10,10):0.000000
(32,32),(10,6):0.000000
(32,32),(11,6):0.000000
(32,32),(11,7):0.000000
(32,32),(12,7):0.000000
(32,32),(12,11):0.000000
(32,32),(21,11):0.000000
(32,32),(21,24):0.000000
(32,32),(25,24):0.000000
(32,32),(25,19):0.000000
(32,32),(27,19):0.000000
(32,32),(27,9):0.000000
(32,32),(29,9):0.000000
(32,32),(29,16):0.000000
(32,32),(31,16):0.000000
(32,32),(31,8):0.000000
(32,32),(19,8):0.000000
(32,32),(19,5):0.000000
(32,32),(22,5):0.000000
(32,32),(22,3):0.000000
(32,32),(13,3):0.000000
(32,32),(13,1):0.000000
(32,32),(14,1):0.000000
(32,32),(14,2):0.000000
(32,32),(24,2):0.000000
(32,32),(24,4):0.000000
(32,32),(33,4):0.000000
(32,32),(33,17):0.000000
(32,32),(34,17):0.000000
(32,32),(34,18):0.000000
(26,32),(26,34):54.716667
(26,32),(9,34):24.432352
(26,32),(9,33):14.550000
(26,32),(16,33):62.916668
(26,32),(16,23):7.250000
(26,32),(18,23):0.628205
(26,32),(18,22):0.000000
(26,32),(15,22):0.000000
(26,32),(15,21):0.000000
(26,32),(20,21):0.023810
(26,32),(20,12):0.000000
(26,32),(6,12):0.000000
(26,32),(6,14):0.000000
(26,32),(8,14):0.000000
(26,32),(8,25):0.000000
(26,32),(7,25):0.000000
(26,32),(7,30):0.000000
(26,32),(1,30):0.000000
(26,32),(1,20):0.000000
(26,32),(2,20):0.000000
(26,32),(2,13):0.000000
(26,32),(3,13):0.000000
(26,32),(3,15):0.000000
(26,32),(4,15):0.000000
(26,32),(4,28):0.000000
(26,32),(5,28):0.000000
(26,32),(5,10):0.000000
(26,32),(10,10):0.000000
(26,32),(10,6):0.000000
(26,32),(11,6):0.000000
(26,32),(11,7):0.000000
(26,32),(12,7):0.000000
(26,32),(12,11):0.000000
(26,32),(21,11):0.000000
(26,32),(21,24):0.000000
(26,32),(25,24):0.000000
(26,32),(25,19):0.000000
(26,32),(27,19):0.000000
(26,32),(27,9):0.000000
(26,32),(29,9):0.000000
(26,32),(29,16):0.000000
(26,32),(31,16):0.000000
(26,32),(31,8):0.000000
(26,32),(19,8):0.000000
(26,32),(19,5):0.000000
(26,32),(22,5):0.000000
(26,32),(22,3):0.000000
(26,32),(13,3):0.000000
(26,32),(13,1):0.000000
(26,32),(14,1):0.000000
(26,32),(14,2):0.000000
(26,32),(24,2):0.000000
(26,32),(24,4):0.000000
(26,32),(33,4):0.000000
(26,32),(33,17):0.000000
(26,32),(34,17):0.000000
(26,32),(34,18):0.000000
(26,34),(9,34):24.142857
(26,34),(9,33):17.000000
(26,34),(16,33):57.277779
(26,34),(16,23):7.361111
(26,34),(18,23):0.716802
(26,34),(18,22):0.000000
(26,34),(15,22):0.000000
(26,34),(15,21):0.000000
(26,34),(20,21):0.060386
(26,34),(20,12):0.000000
(26,34),(6,12):0.000000
(26,34),(6,14):0.000000
(26,34),(8,14):0.000000
(26,34),(8,25):0.000000
(26,34),(7,25):0.000000
(26,34),(7,30):0.000000
(26,34),(1,30):0.000000
(26,34),(1,20):0.000000
(26,34),(2,20):0.000000
(26,34),(2,13):0.000000
(26,34),(3,13):0.000000
(26,34),(3,15):0.000000
(26,34),(4,15):0.000000
(26,34),(4,28):0.000000
(26,34),(5,28):0.000000
(26,34),(5,10):0.000000
(26,34),(10,10):0.000000
(26,34),(10,6):0.000000
(26,34),(11,6):0.000000
(26,34),(11,7):0.000000
(26,34),(12,7):0.000000
(26,34),(12,11):0.000000
(26,34),(21,11):0.000000
(26,34),(21,24):0.000000
(26,34),(25,24):0.000000
(26,34),(25,19):0.000000
(26,34),(27,19):0.000000
(26,34),(27,9):0.000000
(26,34),(29,9):0.000000
(26,34),(29,16):0.000000
(26,34),(31,16):0.000000
(26,34),(31,8):0.000000
(26,34),(19,8):0.000000
(26,34),(19,5):0.000000
(26,34),(22,5):0.000000
(26,34),(22,3):0.000000
(26,34),(13,3):0.000000
(26,34),(13,1):0.000000
(26,34),(14,1):0.000000
(26,34),(14,2):0.000000
(26,34),(24,2):0.000000
(26,34),(24,4):0.000000
(26,34),(33,4):0.000000
(26,34),(33,17):0.000000
(26,34),(34,17):0.000000
(26,34),(34,18):0.000000
(9,34),(9,33):17.000000
(9,34),(16,33):26.882353
(9,34),(16,23):1.943798
(9,34),(18,23):0.000000
(9,34),(18,22):0.000000
(9,34),(15,22):0.000000
(9,34),(15,21):0.000000
(9,34),(20,21):0.000000
(9,34),(20,12):0.000000
(9,34),(6,12):0.000000
(9,34),(6,14):0.000000
(9,34),(8,14):0.000000
(9,34),(8,25):0.000000
(9,34),(7,25):0.000000
(9,34),(7,30):0.000000
(9,34),(1,30):0.000000
(9,34),(1,20):0.000000
(9,34),(2,20):0.000000
(9,34),(2,13):0.000000
(9,34),(3,13):0.000000
(9,34),(3,15):0.000000
(9,34),(4,15):0.000000
(9,34),(4,28):0.000000
(9,34),(5,28):0.000000
(9,34),(5,10):0.000000
(9,34),(10,10):0.000000
(9,34),(10,6):0.000000
(9,34),(11,6):0.000000
(9,34),(11,7):0.000000
(9,34),(12,7):0.000000
(9,34),(12,11):0.000000
(9,34),(21,11):0.000000
(9,34),(21,24):0.000000
(9,34),(25,24):0.000000
(9,34),(25,19):0.000000
(9,34),(27,19):0.000000
(9,34),(27,9):0.000000
(9,34),(29,9):0.000000
(9,34),(29,16):0.000000
(9,34),(31,16):0.000000
(9,34),(31,8):0.000000
(9,34),(19,8):0.000000
(9,34),(19,5):0.000000
(9,34),(22,5):0.000000
(9,34),(22,3):0.000000
(9,34),(13,3):0.000000
(9,34),(13,1):0.000000
(9,34),(14,1):0.000000
(9,34),(14,2):0.000000
(9,34),(24,2):0.000000
(9,34),(24,4):0.000000
(9,34),(33,4):0.000000
(9,34),(33,17):0.000000
(9,34),(34,17):0.000000
(9,34),(34,18):0.000000
(9,33),(16,33):17.000000
(9,33),(16,23):1.750000
(9,33),(18,23):0.000000
(9,33),(18,22):0.000000
(9,33),(15,22):0.000000
(9,33),(15,21):0.000000
(9,33),(20,21):0.000000
(9,33),(20,12):0.000000
(9,33),(6,12):0.000000
(9,33),(6,14):0.000000
(9,33),(8,14):0.000000
(9,33),(8,25):0.000000
(9,33),(7,25):0.000000
(9,33),(7,30):0.000000
(9,33),(1,30):0.000000
(9,33),(1,20):0.000000
(9,33),(2,20):0.000000
(9,33),(2,13):0.000000
(9,33),(3,13):0.000000
(9,33),(3,15):0.000000
(9,33),(4,15):0.000000
(9,33),(4,28):0.000000
(9,33),(5,28):0.000000
(9,33),(5,10):0.000000
(9,33),(10,10):0.000000
(9,33),(10,6):0.000000
(9,33),(11,6):0.000000
(9,33),(11,7):0.000000
(9,33),(12,7):0.000000
(9,33),(12,11):0.000000
(9,33),(21,11):0.000000
(9,33),(21,24):0.000000
(9,33),(25,24):0.000000
(9,33),(25,19):0.000000
(9,33),(27,19):0.000000
(9,33),(27,9):0.000000
(9,33),(29,9):0.000000
(9,33),(29,16):0.000000
(9,33),(31,16):0.000000
(9,33),(31,8):0.000000
(9,33),(19,8):0.000000
(9,33),(19,5):0.000000
(9,33),(22,5):0.000000
(9,33),(22,3):0.000000
(9,33),(13,3):0.000000
(9,33),(13,1):0.000000
(9,33),(14,1):0.000000
(9,33),(14,2):0.000000
(9,33),(24,2):0.000000
(9,33),(24,4):0.000000
(9,33),(33,4):0.000000
(9,33),(33,17):0.000000
(9,33),(34,17):0.000000
(9,33),(34,18):0.000000
(16,33),(16,23):14.416667
(16,33),(18,23):7.333333
(16,33),(18,22):0.000000
(16,33),(15,22):0.000000
(16,33),(15,21):0.000000
(16,33),(20,21):4.400000
(16,33),(20,12):0.000000
(16,33),(6,12):0.000000
(16,33),(6,14):0.000000
(16,33),(8,14):0.000000
(16,33),(8,25):0.000000
(16,33),(7,25):0.000000
(16,33),(7,30):0.000000
(16,33),(1,30):0.000000
(16,33),(1,20):0.000000
(16,33),(2,20):0.000000
(16,33),(2,13):0.000000
(16,33),(3,13):0.000000
(16,33),(3,15):0.000000
(16,33),(4,15):0.000000
(16,33),(4,28):0.000000
(16,33),(5,28):0.000000
(16,33),(5,10):0.000000
(16,33),(10,10):0.000000
(16,33),(10,6):0.000000
(16,33),(11,6):0.000000
(16,33),(11,7):0.000000
(16,33),(12,7):0.000000
(16,33),(12,11):0.000000
(16,33),(21,11):0.000000
(16,33),(21,24):5.708333
(16,33),(25,24):3.937500
(16,33),(25,19):0.000000
(16,33),(27,19):0.000000
(16,33),(27,9):0.000000
(16,33),(29,9):0.000000
(16,33),(29,16):0.000000
(16,33),(31,16):0.000000
(16,33),(31,8):0.000000
(16,33),(19,8):0.000000
(16,33),(19,5):0.000000
(16,33),(22,5):0.000000
(16,33),(22,3):0.000000
(16,33),(13,3):0.000000
(16,33),(13,1):0.000000
(16,33),(14,1):0.000000
(16,33),(14,2):0.000000
(16,33),(24,2):0.000000
(16,33),(24,4):0.000000
(16,33),(33,4):0.000000
(16,33),(33,17):0.000000
(16,33),(34,17):0.000000
(16,33),(34,18):0.000000
(16,23),(18,23):30.000000
(16,23),(18,22):17.000000
(16,23),(15,22):0.000000
(16,23),(15,21):0.000000
(16,23),(20,21):20.500000
(16,23),(20,12):4.375000
(16,23),(6,12):0.000000
(16,23),(6,14):0.000000
(16,23),(8,14):0.000000
(16,23),(8,25):0.000000
(16,23),(7,25):0.000000
(16,23),(7,30):0.000000
(16,23),(1,30):0.000000
(16,23),(1,20):0.000000
(16,23),(2,20):0.000000
(16,23),(2,13):0.000000
(16,23),(3,13):0.000000
(16,23),(3,15):0.000000
(16,23),(4,15):0.000000
(16,23),(4,28):0.000000
(16,23),(5,28):0.000000
(16,23),(5,10):0.000000
(16,23),(10,10):0.000000
(16,23),(10,6):0.000000
(16,23),(11,6):0.000000
(16,23),(11,7):0.000000
(16,23),(12,7):0.000000
(16,23),(12,11):0.000000
(16,23),(21,11):5.600000
(16,23),(21,24):32.275002
(16,23),(25,24):26.587500
(16,23),(25,19):3.500000
(16,23),(27,19):4.181481
(16,23),(27,9):1.500000
(16,23),(29,9):2.403846
(16,23),(29,16):4.354546
(16,23),(31,16):2.618577
(16,23),(31,8):0.000000
(16,23),(19,8):0.000000
(16,23),(19,5):0.000000
(16,23),(22,5):0.000000
(16,23),(22,3):0.000000
(16,23),(13,3):0.000000
(16,23),(13,1):0.000000
(16,23),(14,1):0.000000
(16,23),(14,2):0.000000
(16,23),(24,2):0.000000
(16,23),(24,4):0.000000
(16,23),(33,4):0.000000
(16,23),(33,17):0.000000
(16,23),(34,17):0.000000
(16,23),(34,18):0.000000
(18,23),(18,22):23.250000
(18,23),(15,22):3.100000
(18,23),(15,21):4.500000
(18,23),(20,21):27.000000
(18,23),(20,12):6.875000
(18,23),(6,12):0.000000
(18,23),(6,14):0.000000
(18,23),(8,14):0.000000
(18,23),(8,25):0.000000
(18,23),(7,25):0.000000
(18,23),(7,30):0.000000
(18,23),(1,30):0.000000
(18,23),(1,20):0.000000
(18,23),(2,20):0.000000
(18,23),(2,13):0.000000
(18,23),(3,13):0.000000
(18,23),(3,15):0.000000
(18,23),(4,15):0.000000
(18,23),(4,28):0.000000
(18,23),(5,28):0.000000
(18,23),(5,10):0.000000
(18,23),(10,10):0.000000
(18,23),(10,6):0.000000
(18,23),(11,6):0.000000
(18,23),(11,7):0.000000
(18,23),(12,7):0.000000
(18,23),(12,11):0.000000
(18,23),(21,11):8.300000
(18,23),(21,24):34.875000
(18,23),(25,24):22.687500
(18,23),(25,19):0.666667
(18,23),(27,19):1.152941
(18,23),(27,9):0.000000
(18,23),(29,9):0.306250
(18,23),(29,16):1.285714
(18,23),(31,16):1.490476
(18,23),(31,8):0.000000
(18,23),(19,8):0.000000
(18,23),(19,5):0.000000
(18,23),(22,5):0.000000
(18,23),(22,3):0.000000
(18,23),(13,3):0.000000
(18,23),(13,1):0.000000
(18,23),(14,1):0.000000
(18,23),(14,2):0.000000
(18,23),(24,2):0.000000
(18,23),(24,4):0.000000
(18,23),(33,4):0.000000
(18,23),(33,17):0.000000
(18,23),(34,17):0.000000
(18,23),(34,18):0.000000
(18,22),(15,22):6.100000
(18,22),(15,21):7.500000
(18,22),(20,21):22.750000
(18,22),(20,12):6.625000
(18,22),(6,12):0.000000
(18,22),(6,14):0.000000
(18,22),(8,14):0.000000
(18,22),(8,25):0.000000
(18,22),(7,25):0.000000
(18,22),(7,30):0.000000
(18,22),(1,30):0.000000
(18,22),(1,20):0.000000
(18,22),(2,20):0.000000
(18,22),(2,13):0.000000
(18,22),(3,13):0.000000
(18,22),(3,15):0.000000
(18,22),(4,15):0.000000
(18,22),(4,28):0.000000
(18,22),(5,28):0.000000
(18,22),(5,10):0.000000
(18,22),(10,10):0.000000
(18,22),(10,6):0.000000
(18,22),(11,6):0.000000
(18,22),(11,7):0.000000
(18,22),(12,7):0.000000
(18,22),(12,11):0.000000
(18,22),(21,11):8.050000
(18,22),(21,24):24.000000
(18,22),(25,24):13.500000
(18,22),(25,19):0.000000
(18,22),(27,19):0.000000
(18,22),(27,9):0.000000
(18,22),(29,9):0.000000
(18,22),(29,16):0.000000
(18,22),(31,16):0.055556
(18,22),(31,8):0.000000
(18,22),(19,8):0.000000
(18,22),(19,5):0.000000
(18,22),(22,5):0.000000
(18,22),(22,3):0.000000
(18,22),(13,3):0.000000
(18,22),(13,1):0.000000
(18,22),(14,1):0.000000
(18,22),(14,2):0.000000
(18,22),(24,2):0.000000
(18,22),(24,4):0.000000
(18,22),(33,4):0.000000
(18,22),(33,17):0.000000
(18,22),(34,17):0.000000
(18,22),(34,18):0.000000
(15,22),(15,21):6.000000
(15,22),(20,21):6.100000
(15,22),(20,12):1.100000
(15,22),(6,12):0.000000
(15,22),(6,14):0.000000
(15,22),(8,14):0.000000
(15,22),(8,25):0.000000
(15,22),(7,25):0.000000
(15,22),(7,30):0.000000
(15,22),(1,30):0.000000
(15,22),(1,20):0.000000
(15,22),(2,20):0.000000
(15,22),(2,13):0.000000
(15,22),(3,13):0.000000
(15,22),(3,15):0.000000
(15,22),(4,15):0.000000
(15,22),(4,28):0.000000
(15,22),(5,28):0.000000
(15,22),(5,10):0.000000
(15,22),(10,10):0.000000
(15,22),(10,6):0.000000
(15,22),(11,6):0.000000
(15,22),(11,7):0.000000
(15,22),(12,7):0.000000
(15,22),(12,11):0.000000
(15,22),(21,11):1.150000
(15,22),(21,24):3.850000
(15,22),(25,24):0.000000
(15,22),(25,19):0.000000
(15,22),(27,19):0.000000
(15,22),(27,9):0.000000
(15,22),(29,9):0.000000
(15,22),(29,16):0.000000
(15,22),(31,16):0.000000
(15,22),(31,8):0.000000
(15,22),(19,8):0.000000
(15,22),(19,5):0.000000
(15,22),(22,5):0.000000
(15,22),(22,3):0.000000
(15,22),(13,3):0.000000
(15,22),(13,1):0.000000
(15,22),(14,1):0.000000
(15,22),(14,2):0.000000
(15,22),(24,2):0.000000
(15,22),(24,4):0.000000
(15,22),(33,4):0.000000
(15,22),(33,17):0.000000
(15,22),(34,17):0.000000
(15,22),(34,18):0.000000
(15,21),(20,21):7.500000
(15,21),(20,12):1.833333
(15,21),(6,12):0.000000
(15,21),(6,14):0.000000
(15,21),(8,14):0.000000
(15,21),(8,25):0.000000
(15,21),(7,25):0.000000
(15,21),(7,30):0.000000
(15,21),(1,30):0.000000
(15,21),(1,20):0.000000
(15,21),(2,20):0.000000
(15,21),(2,13):0.000000
(15,21),(3,13):0.000000
(15,21),(3,15):0.000000
(15,21),(4,15):0.000000
(15,21),(4,28):0.000000
(15,21),(5,28):0.000000
(15,21),(5,10):0.000000
(15,21),(10,10):0.000000
(15,21),(10,6):0.000000
(15,21),(11,6):0.000000
(15,21),(11,7):0.000000
(15,21),(12,7):0.000000
(15,21),(12,11):0.000000
(15,21),(21,11):1.967742
(15,21),(21,24):5.250000
(15,21),(25,24):0.000000
(15,21),(25,19):0.000000
(15,21),(27,19):0.000000
(15,21),(27,9):0.000000
(15,21),(29,9):0.000000
(15,21),(29,16):0.000000
(15,21),(31,16):0.000000
(15,21),(31,8):0.000000
(15,21),(19,8):0.000000
(15,21),(19,5):0.000000
(15,21),(22,5):0.000000
(15,21),(22,3):0.000000
(15,21),(13,3):0.000000
(15,21),(13,1):0.000000
(15,21),(14,1):0.000000
(15,21),(14,2):0.000000
(15,21),(24,2):0.000000
(15,21),(24,4):0.000000
(15,21),(33,4):0.000000
(15,21),(33,17):0.000000
(15,21),(34,17):0.000000
(15,21),(34,18):0.000000
(20,21),(20,12):16.375000
(20,21),(6,12):1.000000
(20,21),(6,14):0.000000
(20,21),(8,14):0.000000
(20,21),(8,25):0.000000
(20,21),(7,25):0.000000
(20,21),(7,30):0.000000
(20,21),(1,30):0.000000
(20,21),(1,20):0.000000
(20,21),(2,20):0.000000
(20,21),(2,13):0.000000
(20,21),(3,13):0.000000
(20,21),(3,15):0.000000
(20,21),(4,15):0.000000
(20,21),(4,28):0.000000
(20,21),(5,28):0.000000
(20,21),(5,10):0.000000
(20,21),(10,10):0.000000
(20,21),(10,6):0.000000
(20,21),(11,6):0.000000
(20,21),(11,7):0.000000
(20,21),(12,7):0.000000
(20,21),(12,11):1.062500
(20,21),(21,11):17.799999
(20,21),(21,24):36.625000
(20,21),(25,24):16.187500
(20,21),(25,19):0.000000
(20,21),(27,19):0.000000
(20,21),(27,9):0.000000
(20,21),(29,9):0.000000
(20,21),(29,16):0.000000
(20,21),(31,16):0.000000
(20,21),(31,8):0.000000
(20,21),(19,8):0.000000
(20,21),(19,5):0.000000
(20,21),(22,5):0.000000
(20,21),(22,3):0.000000
(20,21),(13,3):0.000000
(20,21),(13,1):0.000000
(20,21),(14,1):0.000000
(20,21),(14,2):0.000000
(20,21),(24,2):0.000000
(20,21),(24,4):0.000000
(20,21),(33,4):0.000000
(20,21),(33,17):0.000000
(20,21),(34,17):0.000000
(20,21),(34,18):0.000000
(20,12),(6,12):19.062500
(20,12),(6,14):1.812500
(20,12),(8,14):0.000000
(20,12),(8,25):0.867997
(20,12),(7,25):1.347766
(20,12),(7,30):1.494587
(20,12),(1,30):0.000000
(20,12),(1,20):0.000000
(20,12),(2,20):0.000000
(20,12),(2,13):0.000000
(20,12),(3,13):0.000000
(20,12),(3,15):0.000000
(20,12),(4,15):0.000000
(20,12),(4,28):0.000000
(20,12),(5,28):1.907461
(20,12),(5,10):13.562500
(20,12),(10,10):11.062500
(20,12),(10,6):2.450000
(20,12),(11,6):1.619318
(20,12),(11,7):2.951667
(20,12),(12,7):3.410256
(20,12),(12,11):19.125000
(20,12),(21,11):31.000000
(20,12),(21,24):16.416666
(20,12),(25,24):3.375000
(20,12),(25,19):0.000000
(20,12),(27,19):0.000000
(20,12),(27,9):0.000000
(20,12),(29,9):0.000000
(20,12),(29,16):0.000000
(20,12),(31,16):0.000000
(20,12),(31,8):0.000000
(20,12),(19,8):0.000000
(20,12),(19,5):0.000000
(20,12),(22,5):0.000000
(20,12),(22,3):0.000000
(20,12),(13,3):0.000000
(20,12),(13,1):0.000000
(20,12),(14,1):0.000000
(20,12),(14,2):0.000000
(20,12),(24,2):0.000000
(20,12),(24,4):0.000000
(20,12),(33,4):0.000000
(20,12),(33,17):0.000000
(20,12),(34,17):0.000000
(20,12),(34,18):0.000000
(6,12),(6,14):20.125000
(6,12),(8,14):16.125000
(6,12),(8,25):13.545455
(6,12),(7,25):19.397728
(6,12),(7,30):19.625000
(6,12),(1,30):2.375000
(6,12),(1,20):0.000000
(6,12),(2,20):0.000000
(6,12),(2,13):0.000000
(6,12),(3,13):0.000000
(6,12),(3,15):0.000000
(6,12),(4,15):0.000000
(6,12),(4,28):2.125000
(6,12),(5,28):20.250000
(6,12),(5,10):35.500000
(6,12),(10,10):16.250000
(6,12),(10,6):5.200000
(6,12),(11,6):2.750000
(6,12),(11,7):5.791667
(6,12),(12,7):6.333333
(6,12),(12,11):24.083334
(6,12),(21,11):16.033333
(6,12),(21,24):1.041667
(6,12),(25,24):0.000000
(6,12),(25,19):0.000000
(6,12),(27,19):0.000000
(6,12),(27,9):0.000000
(6,12),(29,9):0.000000
(6,12),(29,16):0.000000
(6,12),(31,16):0.000000
(6,12),(31,8):0.000000
(6,12),(19,8):0.000000
(6,12),(19,5):0.000000
(6,12),(22,5):0.000000
(6,12),(22,3):0.000000
(6,12),(13,3):0.000000
(6,12),(13,1):0.000000
(6,12),(14,1):0.000000
(6,12),(14,2):0.000000
(6,12),(24,2):0.000000
(6,12),(24,4):0.000000
(6,12),(33,4):0.000000
(6,12),(33,17):0.000000
(6,12),(34,17):0.000000
(6,12),(34,18):0.000000
(6,14),(8,14):42.006493
(6,14),(8,25):35.545456
(6,14),(7,25):46.415585
(6,14),(7,30):35.642857
(6,14),(1,30):5.142857
(6,14),(1,20):0.000000
(6,14),(2,20):0.000000
(6,14),(2,13):0.000000
(6,14),(3,13):0.000000
(6,14),(3,15):0.000000
(6,14),(4,15):0.000000
(6,14),(4,28):4.142857
(6,14),(5,28):46.392857
(6,14),(5,10):39.000000
(6,14),(10,10):2.250000
(6,14),(10,6):0.000000
(6,14),(11,6):0.000000
(6,14),(11,7):0.000000
(6,14),(12,7):0.000000
(6,14),(12,11):2.083333
(6,14),(21,11):1.033333
(6,14),(21,24):0.000000
(6,14),(25,24):0.000000
(6,14),(25,19):0.000000
(6,14),(27,19):0.000000
(6,14),(27,9):0.000000
(6,14),(29,9):0.000000
(6,14),(29,16):0.000000
(6,14),(31,16):0.000000
(6,14),(31,8):0.000000
(6,14),(19,8):0.000000
(6,14),(19,5):0.000000
(6,14),(22,5):0.000000
(6,14),(22,3):0.000000
(6,14),(13,3):0.000000
(6,14),(13,1):0.000000
(6,14),(14,1):0.000000
(6,14),(14,2):0.000000
(6,14),(24,2):0.000000
(6,14),(24,4):0.000000
(6,14),(33,4):0.000000
(6,14),(33,17):0.000000
(6,14),(34,17):0.000000
(6,14),(34,18):0.000000
(8,14),(8,25):33.000000
(8,14),(7,25):42.292210
(8,14),(7,30):31.292208
(8,14),(1,30):4.482684
(8,14),(1,20):0.027056
(8,14),(2,20):0.000000
(8,14),(2,13):0.000000
(8,14),(3,13):0.000000
(8,14),(3,15):0.000000
(8,14),(4,15):0.000000
(8,14),(4,28):3.701299
(8,14),(5,28):41.542210
(8,14),(5,10):33.863636
(8,14),(10,10):0.000000
(8,14),(10,6):0.000000
(8,14),(11,6):0.000000
(8,14),(11,7):0.000000
(8,14),(12,7):0.000000
(8,14),(12,11):0.000000
(8,14),(21,11):0.000000
(8,14),(21,24):0.000000
(8,14),(25,24):0.000000
(8,14),(25,19):0.000000
(8,14),(27,19):0.000000
(8,14),(27,9):0.000000
(8,14),(29,9):0.000000
(8,14),(29,16):0.000000
(8,14),(31,16):0.000000
(8,14),(31,8):0.000000
(8,14),(19,8):0.000000
(8,14),(19,5):0.000000
(8,14),(22,5):0.000000
(8,14),(22,3):0.000000
(8,14),(13,3):0.000000
(8,14),(13,1):0.000000
(8,14),(14,1):0.000000
(8,14),(14,2):0.000000
(8,14),(24,2):0.000000
(8,14),(24,4):0.000000
(8,14),(33,4):0.000000
(8,14),(33,17):0.000000
(8,14),(34,17):0.000000
(8,14),(34,18):0.000000
(8,25),(7,25):35.545456
(8,25),(7,30):24.545454
(8,25),(1,30):0.000000
(8,25),(1,20):0.000000
(8,25),(2,20):0.000000
(8,25),(2,13):0.000000
(8,25),(3,13):0.000000
(8,25),(3,15):0.000000
(8,25),(4,15):0.000000
(8,25),(4,28):0.000000
(8,25),(5,28):34.795456
(8,25),(5,10):27.545454
(8,25),(10,10):1.128788
(8,25),(10,6):0.000000
(8,25),(11,6):0.000000
(8,25),(11,7):0.000000
(8,25),(12,7):0.000000
(8,25),(12,11):0.981729
(8,25),(21,11):0.574433
(8,25),(21,24):0.000000
(8,25),(25,24):0.000000
(8,25),(25,19):0.000000
(8,25),(27,19):0.000000
(8,25),(27,9):0.000000
(8,25),(29,9):0.000000
(8,25),(29,16):0.000000
(8,25),(31,16):0.000000
(8,25),(31,8):0.000000
(8,25),(19,8):0.000000
(8,25),(19,5):0.000000
(8,25),(22,5):0.000000
(8,25),(22,3):0.000000
(8,25),(13,3):0.000000
(8,25),(13,1):0.000000
(8,25),(14,1):0.000000
(8,25),(14,2):0.000000
(8,25),(24,2):0.000000
(8,25),(24,4):0.000000
(8,25),(33,4):0.000000
(8,25),(33,17):0.000000
(8,25),(34,17):0.000000
(8,25),(34,18):0.000000
(7,25),(7,30):36.606060
(7,25),(1,30):6.333333
(7,25),(1,20):0.563333
(7,25),(2,20):0.378788
(7,25),(2,13):0.225000
(7,25),(3,13):0.000000
(7,25),(3,15):0.159593
(7,25),(4,15):0.083333
(7,25),(4,28):5.333333
(7,25),(5,28):46.856060
(7,25),(5,10):38.272728
(7,25),(10,10):1.696640
(7,25),(10,6):0.000000
(7,25),(11,6):0.000000
(7,25),(11,7):0.000000
(7,25),(12,7):0.000000
(7,25),(12,11):1.535165
(7,25),(21,11):0.804965
(7,25),(21,24):0.000000
(7,25),(25,24):0.000000
(7,25),(25,19):0.000000
(7,25),(27,19):0.000000
(7,25),(27,9):0.000000
(7,25),(29,9):0.000000
(7,25),(29,16):0.000000
(7,25),(31,16):0.000000
(7,25),(31,8):0.000000
(7,25),(19,8):0.000000
(7,25),(19,5):0.000000
(7,25),(22,5):0.000000
(7,25),(22,3):0.000000
(7,25),(13,3):0.000000
(7,25),(13,1):0.000000
(7,25),(14,1):0.000000
(7,25),(14,2):0.000000
(7,25),(24,2):0.000000
(7,25),(24,4):0.000000
(7,25),(33,4):0.000000
(7,25),(33,17):0.000000
(7,25),(34,17):0.000000
(7,25),(34,18):0.000000
(7,30),(1,30):16.000000
(7,30),(1,20):9.750000
(7,30),(2,20):9.500000
(7,30),(2,13):5.600000
(7,30),(3,13):6.601449
(7,30),(3,15):9.153846
(7,30),(4,15):9.000000
(7,30),(4,28):15.000000
(7,30),(5,28):43.500000
(7,30),(5,10):33.500000
(7,30),(10,10):1.871212
(7,30),(10,6):0.000000
(7,30),(11,6):0.000000
(7,30),(11,7):0.000000
(7,30),(12,7):0.000000
(7,30),(12,11):1.707045
(7,30),(21,11):0.876565
(7,30),(21,24):0.000000
(7,30),(25,24):0.000000
(7,30),(25,19):0.000000
(7,30),(27,19):0.000000
(7,30),(27,9):0.000000
(7,30),(29,9):0.000000
(7,30),(29,16):0.000000
(7,30),(31,16):0.000000
(7,30),(31,8):0.000000
(7,30),(19,8):0.000000
(7,30),(19,5):0.000000
(7,30),(22,5):0.000000
(7,30),(22,3):0.000000
(7,30),(13,3):0.000000
(7,30),(13,1):0.000000
(7,30),(14,1):0.000000
(7,30),(14,2):0.000000
(7,30),(24,2):0.000000
(7,30),(24,4):0.000000
(7,30),(33,4):0.000000
(7,30),(33,17):0.000000
(7,30),(34,17):0.000000
(7,30),(34,18):0.000000
(1,30),(1,20):30.750000
(1,30),(2,20):40.049999
(1,30),(2,13):28.816668
(1,30),(3,13):21.049999
(1,30),(3,15):37.203846
(1,30),(4,15):37.500000
(1,30),(4,28):45.396152
(1,30),(5,28):13.000000
(1,30),(5,10):5.000000
(1,30),(10,10):0.000000
(1,30),(10,6):0.000000
(1,30),(11,6):0.000000
(1,30),(11,7):0.000000
(1,30),(12,7):0.000000
(1,30),(12,11):0.000000
(1,30),(21,11):0.000000
(1,30),(21,24):0.000000
(1,30),(25,24):0.000000
(1,30),(25,19):0.000000
(1,30),(27,19):0.000000
(1,30),(27,9):0.000000
(1,30),(29,9):0.000000
(1,30),(29,16):0.000000
(1,30),(31,16):0.000000
(1,30),(31,8):0.000000
(1,30),(19,8):0.000000
(1,30),(19,5):0.000000
(1,30),(22,5):0.000000
(1,30),(22,3):0.000000
(1,30),(13,3):0.000000
(1,30),(13,1):0.000000
(1,30),(14,1):0.000000
(1,30),(14,2):0.000000
(1,30),(24,2):0.000000
(1,30),(24,4):0.000000
(1,30),(33,4):0.000000
(1,30),(33,17):0.000000
(1,30),(34,17):0.000000
(1,30),(34,18):0.000000
(1,20),(2,20):30.500000
(1,20),(2,13):20.266666
(1,20),(3,13):16.500000
(1,20),(3,15):27.653847
(1,20),(4,15):28.750000
(1,20),(4,28):30.750000
(1,20),(5,28):6.750000
(1,20),(5,10):0.000000
(1,20),(10,10):0.000000
(1,20),(10,6):0.000000
(1,20),(11,6):0.000000
(1,20),(11,7):0.000000
(1,20),(12,7):0.000000
(1,20),(12,11):0.000000
(1,20),(21,11):0.000000
(1,20),(21,24):0.000000
(1,20),(25,24):0.000000
(1,20),(25,19):0.000000
(1,20),(27,19):0.000000
(1,20),(27,9):0.000000
(1,20),(29,9):0.000000
(1,20),(29,16):0.000000
(1,20),(31,16):0.000000
(1,20),(31,8):0.000000
(1,20),(19,8):0.000000
(1,20),(19,5):0.000000
(1,20),(22,5):0.000000
(1,20),(22,3):0.000000
(1,20),(13,3):0.000000
(1,20),(13,1):0.000000
(1,20),(14,1):0.000000
(1,20),(14,2):0.000000
(1,20),(24,2):0.000000
(1,20),(24,4):0.000000
(1,20),(33,4):0.000000
(1,20),(33,17):0.000000
(1,20),(34,17):0.000000
(1,20),(34,18):0.000000
(2,20),(2,13):31.266666
(2,20),(3,13):23.500000
(2,20),(3,15):39.653847
(2,20),(4,15):38.750000
(2,20),(4,28):42.346153
(2,20),(5,28):6.500000
(2,20),(5,10):0.000000
(2,20),(10,10):0.000000
(2,20),(10,6):0.000000
(2,20),(11,6):0.000000
(2,20),(11,7):0.000000
(2,20),(12,7):0.000000
(2,20),(12,11):0.000000
(2,20),(21,11):0.000000
(2,20),(21,24):0.000000
(2,20),(25,24):0.000000
(2,20),(25,19):0.000000
(2,20),(27,19):0.000000
(2,20),(27,9):0.000000
(2,20),(29,9):0.000000
(2,20),(29,16):0.000000
(2,20),(31,16):0.000000
(2,20),(31,8):0.000000
(2,20),(19,8):0.000000
(2,20),(19,5):0.000000
(2,20),(22,5):0.000000
(2,20),(22,3):0.000000
(2,20),(13,3):0.000000
(2,20),(13,1):0.000000
(2,20),(14,1):0.000000
(2,20),(14,2):0.000000
(2,20),(24,2):0.000000
(2,20),(24,4):0.000000
(2,20),(33,4):0.000000
(2,20),(33,17):0.000000
(2,20),(34,17):0.000000
(2,20),(34,18):0.000000
(2,13),(3,13):17.000000
(2,13),(3,15):31.153847
(2,13),(4,15):29.000000
(2,13),(4,28):31.112820
(2,13),(5,28):4.266667
(2,13),(5,10):0.000000
(2,13),(10,10):0.000000
(2,13),(10,6):0.000000
(2,13),(11,6):0.000000
(2,13),(11,7):0.000000
(2,13),(12,7):0.000000
(2,13),(12,11):0.000000
(2,13),(21,11):0.000000
(2,13),(21,24):0.000000
(2,13),(25,24):0.000000
(2,13),(25,19):0.000000
(2,13),(27,19):0.000000
(2,13),(27,9):0.000000
(2,13),(29,9):0.000000
(2,13),(29,16):0.000000
(2,13),(31,16):0.000000
(2,13),(31,8):0.000000
(2,13),(19,8):0.000000
(2,13),(19,5):0.000000
(2,13),(22,5):0.000000
(2,13),(22,3):0.000000
(2,13),(13,3):0.000000
(2,13),(13,1):0.000000
(2,13),(14,1):0.000000
(2,13),(14,2):0.000000
(2,13),(24,2):0.000000
(2,13),(24,4):0.000000
(2,13),(33,4):0.000000
(2,13),(33,17):0.000000
(2,13),(34,17):0.000000
(2,13),(34,18):0.000000
(3,13),(3,15):23.500000
(3,13),(4,15):21.500000
(3,13),(4,28):23.346153
(3,13),(5,28):4.000000
(3,13),(5,10):0.000000
(3,13),(10,10):0.000000
(3,13),(10,6):0.000000
(3,13),(11,6):0.000000
(3,13),(11,7):0.000000
(3,13),(12,7):0.000000
(3,13),(12,11):0.000000
(3,13),(21,11):0.000000
(3,13),(21,24):0.000000
(3,13),(25,24):0.000000
(3,13),(25,19):0.000000
(3,13),(27,19):0.000000
(3,13),(27,9):0.000000
(3,13),(29,9):0.000000
(3,13),(29,16):0.000000
(3,13),(31,16):0.000000
(3,13),(31,8):0.000000
(3,13),(19,8):0.000000
(3,13),(19,5):0.000000
(3,13),(22,5):0.000000
(3,13),(22,3):0.000000
(3,13),(13,3):0.000000
(3,13),(13,1):0.000000
(3,13),(14,1):0.000000
(3,13),(14,2):0.000000
(3,13),(24,2):0.000000
(3,13),(24,4):0.000000
(3,13),(33,4):0.000000
(3,13),(33,17):0.000000
(3,13),(34,17):0.000000
(3,13),(34,18):0.000000
(3,15),(4,15):37.500000
(3,15),(4,28):39.500000
(3,15),(5,28):6.153846
(3,15),(5,10):0.000000
(3,15),(10,10):0.000000
(3,15),(10,6):0.000000
(3,15),(11,6):0.000000
(3,15),(11,7):0.000000
(3,15),(12,7):0.000000
(3,15),(12,11):0.000000
(3,15),(21,11):0.000000
(3,15),(21,24):0.000000
(3,15),(25,24):0.000000
(3,15),(25,19):0.000000
(3,15),(27,19):0.000000
(3,15),(27,9):0.000000
(3,15),(29,9):0.000000
(3,15),(29,16):0.000000
(3,15),(31,16):0.000000
(3,15),(31,8):0.000000
(3,15),(19,8):0.000000
(3,15),(19,5):0.000000
(3,15),(22,5):0.000000
(3,15),(22,3):0.000000
(3,15),(13,3):0.000000
(3,15),(13,1):0.000000
(3,15),(14,1):0.000000
(3,15),(14,2):0.000000
(3,15),(24,2):0.000000
(3,15),(24,4):0.000000
(3,15),(33,4):0.000000
(3,15),(33,17):0.000000
(3,15),(34,17):0.000000
(3,15),(34,18):0.000000
(4,15),(4,28):38.750000
(4,15),(5,28):6.000000
(4,15),(5,10):0.000000
(4,15),(10,10):0.000000
(4,15),(10,6):0.000000
(4,15),(11,6):0.000000
(4,15),(11,7):0.000000
(4,15),(12,7):0.000000
(4,15),(12,11):0.000000
(4,15),(21,11):0.000000
(4,15),(21,24):0.000000
(4,15),(25,24):0.000000
(4,15),(25,19):0.000000
(4,15),(27,19):0.000000
(4,15),(27,9):0.000000
(4,15),(29,9):0.000000
(4,15),(29,16):0.000000
(4,15),(31,16):0.000000
(4,15),(31,8):0.000000
(4,15),(19,8):0.000000
(4,15),(19,5):0.000000
(4,15),(22,5):0.000000
(4,15),(22,3):0.000000
(4,15),(13,3):0.000000
(4,15),(13,1):0.000000
(4,15),(14,1):0.000000
(4,15),(14,2):0.000000
(4,15),(24,2):0.000000
(4,15),(24,4):0.000000
(4,15),(33,4):0.000000
(4,15),(33,17):0.000000
(4,15),(34,17):0.000000
(4,15),(34,18):0.000000
(4,28),(5,28):12.000000
(4,28),(5,10):4.000000
(4,28),(10,10):0.000000
(4,28),(10,6):0.000000
(4,28),(11,6):0.000000
(4,28),(11,7):0.000000
(4,28),(12,7):0.000000
(4,28),(12,11):0.000000
(4,28),(21,11):0.000000
(4,28),(21,24):0.000000
(4,28),(25,24):0.000000
(4,28),(25,19):0.000000
(4,28),(27,19):0.000000
(4,28),(27,9):0.000000
(4,28),(29,9):0.000000
(4,28),(29,16):0.000000
(4,28),(31,16):0.000000
(4,28),(31,8):0.000000
(4,28),(19,8):0.000000
(4,28),(19,5):0.000000
(4,28),(22,5):0.000000
(4,28),(22,3):0.000000
(4,28),(13,3):0.000000
(4,28),(13,1):0.000000
(4,28),(14,1):0.000000
(4,28),(14,2):0.000000
(4,28),(24,2):0.000000
(4,28),(24,4):0.000000
(4,28),(33,4):0.000000
(4,28),(33,17):0.000000
(4,28),(34,17):0.000000
(4,28),(34,18):0.000000
(5,28),(5,10):38.375000
(5,28),(10,10):2.375000
(5,28),(10,6):0.000000
(5,28),(11,6):0.000000
(5,28),(11,7):0.000000
(5,28),(12,7):0.000000
(5,28),(12,11):2.208333
(5,28),(21,11):1.064583
(5,28),(21,24):0.000000
(5,28),(25,24):0.000000
(5,28),(25,19):0.000000
(5,28),(27,19):0.000000
(5,28),(27,9):0.000000
(5,28),(29,9):0.000000
(5,28),(29,16):0.000000
(5,28),(31,16):0.000000
(5,28),(31,8):0.000000
(5,28),(19,8):0.000000
(5,28),(19,5):0.000000
(5,28),(22,5):0.000000
(5,28),(22,3):0.000000
(5,28),(13,3):0.000000
(5,28),(13,1):0.000000
(5,28),(14,1):0.000000
(5,28),(14,2):0.000000
(5,28),(24,2):0.000000
(5,28),(24,4):0.000000
(5,28),(33,4):0.000000
(5,28),(33,17):0.000000
(5,28),(34,17):0.000000
(5,28),(34,18):0.000000
(5,10),(10,10):15.250000
(5,10),(10,6):4.200000
(5,10),(11,6):2.500000
(5,10),(11,7):4.791667
(5,10),(12,7):5.333333
(5,10),(12,11):17.583334
(5,10),(21,11):10.533334
(5,10),(21,24):0.000000
(5,10),(25,24):0.000000
(5,10),(25,19):0.000000
(5,10),(27,19):0.000000
(5,10),(27,9):0.000000
(5,10),(29,9):0.000000
(5,10),(29,16):0.000000
(5,10),(31,16):0.000000
(5,10),(31,8):0.000000
(5,10),(19,8):0.000000
(5,10),(19,5):0.000000
(5,10),(22,5):0.000000
(5,10),(22,3):0.000000
(5,10),(13,3):0.000000
(5,10),(13,1):0.000000
(5,10),(14,1):0.000000
(5,10),(14,2):0.000000
(5,10),(24,2):0.000000
(5,10),(24,4):0.000000
(5,10),(33,4):0.000000
(5,10),(33,17):0.000000
(5,10),(34,17):0.000000
(5,10),(34,18):0.000000
(10,10),(10,6):10.700000
(10,10),(11,6):6.500000
(10,10),(11,7):11.791667
(10,10),(12,7):11.333333
(10,10),(12,11):21.958334
(10,10),(21,11):8.033334
(10,10),(21,24):0.000000
(10,10),(25,24):0.000000
(10,10),(25,19):0.000000
(10,10),(27,19):0.000000
(10,10),(27,9):0.000000
(10,10),(29,9):0.000000
(10,10),(29,16):0.000000
(10,10),(31,16):0.000000
(10,10),(31,8):0.000000
(10,10),(19,8):0.000000
(10,10),(19,5):0.000000
(10,10),(22,5):0.000000
(10,10),(22,3):0.000000
(10,10),(13,3):0.000000
(10,10),(13,1):0.000000
(10,10),(14,1):0.000000
(10,10),(14,2):0.000000
(10,10),(24,2):0.000000
(10,10),(24,4):0.000000
(10,10),(33,4):0.000000
(10,10),(33,17):0.000000
(10,10),(34,17):0.000000
(10,10),(34,18):0.000000
(10,6),(11,6):6.000000
(10,6),(11,7):10.625000
(10,6),(12,7):9.500000
(10,6),(12,11):10.575000
(10,6),(21,11):2.200000
(10,6),(21,24):0.000000
(10,6),(25,24):0.000000
(10,6),(25,19):0.000000
(10,6),(27,19):0.000000
(10,6),(27,9):0.000000
(10,6),(29,9):0.000000
(10,6),(29,16):0.000000
(10,6),(31,16):0.000000
(10,6),(31,8):0.000000
(10,6),(19,8):0.000000
(10,6),(19,5):0.000000
(10,6),(22,5):0.000000
(10,6),(22,3):0.000000
(10,6),(13,3):0.000000
(10,6),(13,1):0.000000
(10,6),(14,1):0.000000
(10,6),(14,2):0.000000
(10,6),(24,2):0.000000
(10,6),(24,4):0.000000
(10,6),(33,4):0.000000
(10,6),(33,17):0.000000
(10,6),(34,17):0.000000
(10,6),(34,18):0.000000
(11,6),(11,7):6.500000
(11,6),(12,7):5.500000
(11,6),(12,11):6.375000
(11,6),(21,11):1.375000
(11,6),(21,24):0.000000
(11,6),(25,24):0.000000
(11,6),(25,19):0.000000
(11,6),(27,19):0.000000
(11,6),(27,9):0.000000
(11,6),(29,9):0.000000
(11,6),(29,16):0.000000
(11,6),(31,16):0.000000
(11,6),(31,8):0.000000
(11,6),(19,8):0.000000
(11,6),(19,5):0.000000
(11,6),(22,5):0.000000
(11,6),(22,3):0.000000
(11,6),(13,3):0.000000
(11,6),(13,1):0.000000
(11,6),(14,1):0.000000
(11,6),(14,2):0.000000
(11,6),(24,2):0.000000
(11,6),(24,4):0.000000
(11,6),(33,4):0.000000
(11,6),(33,17):0.000000
(11,6),(34,17):0.000000
(11,6),(34,18):0.000000
(11,7),(12,7):10.666667
(11,7),(12,11):11.666667
(11,7),(21,11):2.625000
(11,7),(21,24):0.000000
(11,7),(25,24):0.000000
(11,7),(25,19):0.000000
(11,7),(27,19):0.000000
(11,7),(27,9):0.000000
(11,7),(29,9):0.000000
(11,7),(29,16):0.000000
(11,7),(31,16):0.000000
(11,7),(31,8):0.000000
(11,7),(19,8):0.000000
(11,7),(19,5):0.000000
(11,7),(22,5):0.000000
(11,7),(22,3):0.000000
(11,7),(13,3):0.000000
(11,7),(13,1):0.000000
(11,7),(14,1):0.000000
(11,7),(14,2):0.000000
(11,7),(24,2):0.000000
(11,7),(24,4):0.000000
(11,7),(33,4):0.000000
(11,7),(33,17):0.000000
(11,7),(34,17):0.000000
(11,7),(34,18):0.000000
(12,7),(12,11):11.333333
(12,7),(21,11):3.000000
(12,7),(21,24):0.000000
(12,7),(25,24):0.000000
(12,7),(25,19):0.000000
(12,7),(27,19):0.000000
(12,7),(27,9):0.000000
(12,7),(29,9):0.000000
(12,7),(29,16):0.000000
(12,7),(31,16):0.000000
(12,7),(31,8):0.000000
(12,7),(19,8):0.000000
(12,7),(19,5):0.000000
(12,7),(22,5):0.000000
(12,7),(22,3):0.000000
(12,7),(13,3):0.000000
(12,7),(13,1):0.000000
(12,7),(14,1):0.000000
(12,7),(14,2):0.000000
(12,7),(24,2):0.000000
(12,7),(24,4):0.000000
(12,7),(33,4):0.000000
(12,7),(33,17):0.000000
(12,7),(34,17):0.000000
(12,7),(34,18):0.000000
(12,11),(21,11):16.095833
(12,11),(21,24):1.104167
(12,11),(25,24):0.000000
(12,11),(25,19):0.000000
(12,11),(27,19):0.000000
(12,11),(27,9):0.000000
(12,11),(29,9):0.000000
(12,11),(29,16):0.000000
(12,11),(31,16):0.000000
(12,11),(31,8):0.000000
(12,11),(19,8):0.000000
(12,11),(19,5):0.000000
(12,11),(22,5):0.000000
(12,11),(22,3):0.000000
(12,11),(13,3):0.000000
(12,11),(13,1):0.000000
(12,11),(14,1):0.000000
(12,11),(14,2):0.000000
(12,11),(24,2):0.000000
(12,11),(24,4):0.000000
(12,11),(33,4):0.000000
(12,11),(33,17):0.000000
(12,11),(34,17):0.000000
(12,11),(34,18):0.000000
(21,11),(21,24):17.841667
(21,11),(25,24):4.350000
(21,11),(25,19):0.000000
(21,11),(27,19):0.000000
(21,11),(27,9):0.000000
(21,11),(29,9):0.000000
(21,11),(29,16):0.000000
(21,11),(31,16):0.000000
(21,11),(31,8):0.000000
(21,11),(19,8):0.000000
(21,11),(19,5):0.000000
(21,11),(22,5):0.000000
(21,11),(22,3):0.000000
(21,11),(13,3):0.000000
(21,11),(13,1):0.000000
(21,11),(14,1):0.000000
(21,11),(14,2):0.000000
(21,11),(24,2):0.000000
(21,11),(24,4):0.000000
(21,11),(33,4):0.000000
(21,11),(33,17):0.000000
(21,11),(34,17):0.000000
(21,11),(34,18):0.000000
(21,24),(25,24):34.687500
(21,24),(25,19):10.000000
(21,24),(27,19):10.800000
(21,24),(27,9):6.000000
(21,24),(29,9):6.400000
(21,24),(29,16):11.000000
(21,24),(31,16):4.500000
(21,24),(31,8):0.000000
(21,24),(19,8):0.000000
(21,24),(19,5):0.000000
(21,24),(22,5):0.000000
(21,24),(22,3):0.000000
(21,24),(13,3):0.000000
(21,24),(13,1):0.000000
(21,24),(14,1):0.000000
(21,24),(14,2):0.000000
(21,24),(24,2):0.000000
(21,24),(24,4):0.000000
(21,24),(33,4):0.000000
(21,24),(33,17):0.000000
(21,24),(34,17):0.000000
(21,24),(34,18):0.000000
(25,24),(25,19):35.000000
(25,24),(27,19):45.911110
(25,24),(27,9):27.250000
(25,24),(29,9):23.900000
(25,24),(29,16):42.666668
(25,24),(31,16):29.466667
(25,24),(31,8):1.866667
(25,24),(19,8):0.000000
(25,24),(19,5):0.000000
(25,24),(22,5):0.000000
(25,24),(22,3):0.000000
(25,24),(13,3):0.000000
(25,24),(13,1):0.000000
(25,24),(14,1):0.000000
(25,24),(14,2):0.000000
(25,24),(24,2):0.000000
(25,24),(24,4):0.000000
(25,24),(33,4):1.933333
(25,24),(33,17):9.039394
(25,24),(34,17):3.755556
(25,24),(34,18):6.432423
(25,19),(27,19):35.000000
(25,19),(27,9):20.964285
(25,19),(29,9):18.900000
(25,19),(29,16):32.000000
(25,19),(31,16):17.750000
(25,19),(31,8):0.000000
(25,19),(19,8):0.000000
(25,19),(19,5):0.000000
(25,19),(22,5):0.000000
(25,19),(22,3):0.000000
(25,19),(13,3):0.000000
(25,19),(13,1):0.000000
(25,19),(14,1):0.000000
(25,19),(14,2):0.000000
(25,19),(24,2):0.000000
(25,19),(24,4):0.000000
(25,19),(33,4):0.000000
(25,19),(33,17):0.000000
(25,19),(34,17):0.000000
(25,19),(34,18):0.000000
(27,19),(27,9):42.250000
(27,19),(29,9):38.900002
(27,19),(29,16):60.299999
(27,19),(31,16):33.299999
(27,19),(31,8):4.166667
(27,19),(19,8):0.000000
(27,19),(19,5):0.000000
(27,19),(22,5):0.000000
(27,19),(22,3):0.000000
(27,19),(13,3):0.000000
(27,19),(13,1):0.000000
(27,19),(14,1):0.000000
(27,19),(14,2):0.000000
(27,19),(24,2):0.000000
(27,19),(24,4):0.000000
(27,19),(33,4):4.411765
(27,19),(33,17):14.000000
(27,19),(34,17):5.625000
(27,19),(34,18):11.014286
(27,9),(29,9):34.000000
(27,9),(29,16):42.250000
(27,9),(31,16):13.454545
(27,9),(31,8):0.000000
(27,9),(19,8):0.000000
(27,9),(19,5):0.000000
(27,9),(22,5):0.000000
(27,9),(22,3):0.000000
(27,9),(13,3):0.000000
(27,9),(13,1):0.000000
(27,9),(14,1):0.000000
(27,9),(14,2):0.000000
(27,9),(24,2):0.000000
(27,9),(24,4):0.000000
(27,9),(33,4):0.000000
(27,9),(33,17):6.543478
(27,9),(34,17):3.532143
(27,9),(34,18):5.371428
(29,9),(29,16):38.900002
(29,9),(31,16):15.900000
(29,9),(31,8):0.000000
(29,9),(19,8):0.000000
(29,9),(19,5):0.000000
(29,9),(22,5):0.000000
(29,9),(22,3):0.000000
(29,9),(13,3):0.000000
(29,9),(13,1):0.000000
(29,9),(14,1):0.000000
(29,9),(14,2):0.000000
(29,9),(24,2):0.000000
(29,9),(24,4):0.000000
(29,9),(33,4):0.000000
(29,9),(33,17):5.833333
(29,9),(34,17):3.000000
(29,9),(34,18):4.800000
(29,16),(31,16):32.750000
(29,16),(31,8):4.111111
(29,16),(19,8):0.000000
(29,16),(19,5):0.000000
(29,16),(22,5):0.000000
(29,16),(22,3):0.000000
(29,16),(13,3):0.000000
(29,16),(13,1):0.000000
(29,16),(14,1):0.000000
(29,16),(14,2):0.000000
(29,16),(24,2):0.000000
(29,16),(24,4):0.000000
(29,16),(33,4):4.333333
(29,16),(33,17):14.875000
(29,16),(34,17):8.000000
(29,16),(34,18):13.175000
(31,16),(31,8):28.111111
(31,16),(19,8):8.000000
(31,16),(19,5):6.500000
(31,16),(22,5):8.666667
(31,16),(22,3):1.111111
(31,16),(13,3):0.000000
(31,16),(13,1):0.000000
(31,16),(14,1):0.000000
(31,16),(14,2):0.000000
(31,16),(24,2):0.000000
(31,16),(24,4):9.142858
(31,16),(33,4):28.333334
(31,16),(33,17):38.250000
(31,16),(34,17):7.875000
(31,16),(34,18):12.750000
(31,8),(19,8):52.681820
(31,8),(19,5):42.500000
(31,8),(22,5):54.809525
(31,8),(22,3):26.261110
(31,8),(13,3):0.275000
(31,8),(13,1):0.000000
(31,8),(14,1):0.000000
(31,8),(14,2):0.280000
(31,8),(24,2):12.400000
(31,8),(24,4):53.292858
(31,8),(33,4):72.590912
(31,8),(33,17):29.888889
(31,8),(34,17):2.111111
(31,8),(34,18):4.111111
(19,8),(19,5):42.000000
(19,8),(22,5):53.000000
(19,8),(22,3):24.000000
(19,8),(13,3):0.000000
(19,8),(13,1):0.000000
(19,8),(14,1):0.000000
(19,8),(14,2):0.027778
(19,8),(24,2):11.000000
(19,8),(24,4):50.750000
(19,8),(33,4):52.090908
(19,8),(33,17):9.777778
(19,8),(34,17):0.000000
(19,8),(34,18):0.000000
(19,5),(22,5):42.500000
(19,5),(22,3):21.250000
(19,5),(13,3):0.000000
(19,5),(13,1):0.000000
(19,5),(14,1):0.000000
(19,5),(14,2):0.000000
(19,5),(24,2):9.000000
(19,5),(24,4):40.250000
(19,5),(33,4):42.090908
(19,5),(33,17):7.500000
(19,5),(34,17):0.000000
(19,5),(34,18):0.000000
(22,5),(22,3):28.416666
(22,5),(13,3):2.000000
(22,5),(13,1):0.000000
(22,5),(14,1):0.000000
(22,5),(14,2):2.250000
(22,5),(24,2):15.000000
(22,5),(24,4):55.416668
(22,5),(33,4):53.257576
(22,5),(33,17):10.444445
(22,5),(34,17):0.000000
(22,5),(34,18):0.000000
(22,3),(13,3):11.062500
(22,3),(13,1):1.562500
(22,3),(14,1):1.062500
(22,3),(14,2):11.312500
(22,3),(24,2):21.000000
(22,3),(24,4):29.861111
(22,3),(33,4):24.861111
(22,3),(33,17):1.142361
(22,3),(34,17):0.000000
(22,3),(34,18):0.000000
(13,3),(13,1):2.500000
(13,3),(14,1):2.000000
(13,3),(14,2):12.000000
(13,3),(24,2):11.000000
(13,3),(24,4):3.000000
(13,3),(33,4):0.000000
(13,3),(33,17):0.000000
(13,3),(34,17):0.000000
(13,3),(34,18):0.000000
(13,1),(14,1):2.000000
(13,1),(14,2):2.500000
(13,1),(24,2):1.500000
(13,1),(24,4):0.000000
(13,1),(33,4):0.000000
(13,1),(33,17):0.000000
(13,1),(34,17):0.000000
(13,1),(34,18):0.000000
(14,1),(14,2):2.000000
(14,1),(24,2):1.000000
(14,1),(24,4):0.000000
(14,1),(33,4):0.000000
(14,1),(33,17):0.000000
(14,1),(34,17):0.000000
(14,1),(34,18):0.000000
(14,2),(24,2):11.250000
(14,2),(24,4):3.250000
(14,2),(33,4):0.000000
(14,2),(33,17):0.000000
(14,2),(34,17):0.000000
(14,2),(34,18):0.000000
(24,2),(24,4):16.000000
(24,2),(33,4):11.000000
(24,2),(33,17):0.000000
(24,2),(34,17):0.000000
(24,2),(34,18):0.000000
(24,4),(33,4):51.892857
(24,4),(33,17):10.920635
(24,4),(34,17):0.000000
(24,4),(34,18):0.000000
(33,4),(33,17):30.111111
(33,4),(34,17):2.250000
(33,4),(34,18):4.333333
(33,17),(34,17):8.125000
(33,17),(34,18):13.500000
(34,17),(34,18):7.000000
