72
(35,30):(35,30)	(35,32)	(35,33)	(36,30)	(36,34)	
(36,30):(34,34)	(35,30)	(35,32)	(35,33)	(36,30)	(36,34)	
(36,34):(13,33)	(14,33)	(14,34)	(15,31)	(15,32)	(15,33)	(15,34)	(16,32)	(16,33)	(16,34)	(17,32)	(17,33)	(17,34)	(18,32)	(18,33)	(18,34)	(19,32)	(19,33)	(19,34)	(20,32)	(20,33)	(20,34)	(21,32)	(21,33)	(21,34)	(22,32)	(22,33)	(22,34)	(23,32)	(23,33)	(23,34)	(24,32)	(24,33)	(24,34)	(25,32)	(25,33)	(25,34)	(26,32)	(26,33)	(26,34)	(27,32)	(27,33)	(27,34)	(28,32)	(28,33)	(28,34)	(29,32)	(29,33)	(29,34)	(30,32)	(30,33)	(30,34)	(31,32)	(31,33)	(31,34)	(32,32)	(32,33)	(32,34)	(33,33)	(33,34)	(34,33)	(34,34)	(35,30)	(35,32)	(35,33)	(36,30)	(36,34)	
(34,34):(13,33)	(13,35)	(14,33)	(14,34)	(15,31)	(15,32)	(15,33)	(15,34)	(16,32)	(16,33)	(16,34)	(17,32)	(17,33)	(17,34)	(18,32)	(18,33)	(18,34)	(19,32)	(19,33)	(19,34)	(20,32)	(20,33)	(20,34)	(21,32)	(21,33)	(21,34)	(22,32)	(22,33)	(22,34)	(23,32)	(23,33)	(23,34)	(24,32)	(24,33)	(24,34)	(25,32)	(25,33)	(25,34)	(26,32)	(26,33)	(26,34)	(27,32)	(27,33)	(27,34)	(28,32)	(28,33)	(28,34)	(29,32)	(29,33)	(29,34)	(30,32)	(30,33)	(30,34)	(31,32)	(31,33)	(31,34)	(32,32)	(32,33)	(32,34)	(33,33)	(33,34)	(33,35)	(33,36)	(34,33)	(34,34)	(34,36)	(35,32)	(35,33)	(36,30)	(36,34)	
(34,36):(30,32)	(31,32)	(31,33)	(32,32)	(32,33)	(32,34)	(33,33)	(33,34)	(33,35)	(33,36)	(34,33)	(34,34)	(34,36)	
(33,36):(33,33)	(33,34)	(33,35)	(33,36)	(34,33)	(34,34)	(34,36)	(35,32)	
(33,35):(13,33)	(13,35)	(14,33)	(14,34)	(15,31)	(15,32)	(15,33)	(15,34)	(16,32)	(16,33)	(16,34)	(17,32)	(17,33)	(17,34)	(18,32)	(18,33)	(18,34)	(19,32)	(19,33)	(19,34)	(20,32)	(20,33)	(20,34)	(21,32)	(21,33)	(21,34)	(22,32)	(22,33)	(22,34)	(23,32)	(23,33)	(23,34)	(24,32)	(24,33)	(24,34)	(25,32)	(25,33)	(25,34)	(26,32)	(26,33)	(26,34)	(27,32)	(27,33)	(27,34)	(28,32)	(28,33)	(28,34)	(29,32)	(29,33)	(29,34)	(30,32)	(30,33)	(30,34)	(31,32)	(31,33)	(31,34)	(32,32)	(32,33)	(32,34)	(33,33)	(33,34)	(33,35)	(33,36)	(34,33)	(34,34)	(34,36)	(35,32)	(35,33)	
(13,35):(13,33)	(13,35)	(14,33)	(14,34)	(15,31)	(15,32)	(15,33)	(15,34)	(16,32)	(16,33)	(16,34)	(17,32)	(17,33)	(17,34)	(18,32)	(18,33)	(18,34)	(19,32)	(19,33)	(19,34)	(20,32)	(20,33)	(20,34)	(21,32)	(21,33)	(21,34)	(22,32)	(22,33)	(22,34)	(23,32)	(23,33)	(23,34)	(24,32)	(24,33)	(24,34)	(25,32)	(25,33)	(25,34)	(26,32)	(26,33)	(26,34)	(27,32)	(27,33)	(27,34)	(28,32)	(28,33)	(28,34)	(29,32)	(29,33)	(29,34)	(30,32)	(30,33)	(30,34)	(31,32)	(31,33)	(31,34)	(32,31)	(32,32)	(32,33)	(32,34)	(33,33)	(33,34)	(33,35)	(34,33)	(34,34)	(35,32)	(35,33)	
(13,33):(13,33)	(13,35)	(14,33)	(14,34)	(15,33)	(15,34)	(16,33)	(16,34)	(17,33)	(17,34)	(18,33)	(18,34)	(19,33)	(19,34)	(20,33)	(20,34)	(21,33)	(21,34)	(22,33)	(22,34)	(23,33)	(23,34)	(24,33)	(24,34)	(25,33)	(25,34)	(26,33)	(26,34)	(27,33)	(27,34)	(28,33)	(28,34)	(29,33)	(29,34)	(30,33)	(30,34)	(31,33)	(31,34)	(32,33)	(32,34)	(33,33)	(33,34)	(33,35)	(34,33)	(34,34)	(35,33)	(36,34)	
(14,33):(13,33)	(13,35)	(14,21)	(14,33)	(14,34)	(15,22)	(15,23)	(15,24)	(15,25)	(15,26)	(15,31)	(15,32)	(15,33)	(15,34)	(16,32)	(16,33)	(16,34)	(17,32)	(17,33)	(17,34)	(18,32)	(18,33)	(18,34)	(19,32)	(19,33)	(19,34)	(20,32)	(20,33)	(20,34)	(21,32)	(21,33)	(21,34)	(22,32)	(22,33)	(22,34)	(23,32)	(23,33)	(23,34)	(24,32)	(24,33)	(24,34)	(25,32)	(25,33)	(25,34)	(26,32)	(26,33)	(26,34)	(27,32)	(27,33)	(27,34)	(28,32)	(28,33)	(28,34)	(29,32)	(29,33)	(29,34)	(30,32)	(30,33)	(30,34)	(31,32)	(31,33)	(31,34)	(32,31)	(32,32)	(32,33)	(32,34)	(33,33)	(33,34)	(33,35)	(34,33)	(34,34)	(35,32)	(35,33)	(36,34)	
(14,21):(14,21)	(14,33)	(14,34)	(15,22)	(15,23)	(15,24)	(15,25)	(15,26)	(15,31)	(15,32)	(15,33)	(15,34)	(16,21)	(16,22)	(16,23)	(16,24)	(16,25)	(17,21)	(17,22)	(17,23)	(17,24)	(17,25)	(18,21)	(18,22)	(18,23)	(18,24)	(18,25)	(19,25)	
(16,21):(14,21)	(15,22)	(15,23)	(15,24)	(15,25)	(15,26)	(16,12)	(16,21)	(16,22)	(16,23)	(16,24)	(16,25)	(17,12)	(17,13)	(17,14)	(17,15)	(17,16)	(17,17)	(17,18)	(17,19)	(17,20)	(17,21)	(17,22)	(17,23)	(17,24)	(17,25)	(18,11)	(18,12)	(18,13)	(18,14)	(18,15)	(18,16)	(18,17)	(18,18)	(18,19)	(18,20)	(18,21)	(18,22)	(18,23)	(18,24)	(18,25)	(19,11)	(19,12)	(19,13)	(19,14)	(19,15)	(19,16)	(19,17)	(19,18)	(19,19)	(19,20)	(19,25)	(20,11)	(20,12)	(20,13)	(20,14)	(20,15)	(20,16)	(20,17)	(20,18)	(20,19)	(21,11)	(21,12)	(21,13)	(21,14)	(21,15)	(21,16)	(21,17)	(21,18)	(21,19)	(22,11)	(22,12)	(22,13)	(22,14)	(22,15)	(23,10)	(23,11)	(23,12)	(23,13)	(23,14)	(24,9)	(24,10)	(24,11)	(24,12)	(24,13)	(25,7)	(25,8)	(25,9)	(25,10)	(25,11)	(25,12)	(26,6)	(26,7)	(26,8)	(27,4)	(27,5)	(27,6)	
(16,12):(16,12)	(16,21)	(16,22)	(16,23)	(16,24)	(16,25)	(17,12)	(17,13)	(17,14)	(17,15)	(17,16)	(17,17)	(17,18)	(17,19)	(17,20)	(17,21)	(17,22)	(17,23)	(17,24)	(17,25)	(18,12)	(18,13)	(18,14)	(18,15)	(18,16)	(18,17)	(18,18)	(18,19)	(18,20)	(18,21)	(18,22)	(18,23)	(18,24)	(18,25)	(19,12)	(19,13)	(19,14)	(19,15)	(19,16)	(19,17)	(19,18)	(19,19)	(19,20)	(19,25)	(20,12)	(20,13)	(20,14)	(20,15)	(20,16)	(20,17)	(20,18)	(20,19)	(21,12)	(21,13)	(21,14)	(21,15)	(21,16)	(21,17)	(21,18)	(21,19)	(22,12)	(22,13)	(22,14)	(22,15)	(22,20)	(23,12)	(23,13)	(23,14)	(24,12)	(24,13)	(24,14)	(25,12)	(25,13)	(25,14)	(26,13)	(26,14)	(27,14)	(28,14)	(29,15)	
(17,12):(16,12)	(16,21)	(16,22)	(16,23)	(16,24)	(16,25)	(17,10)	(17,12)	(17,13)	(17,14)	(17,15)	(17,16)	(17,17)	(17,18)	(17,19)	(17,20)	(17,21)	(17,22)	(17,23)	(17,24)	(17,25)	(18,11)	(18,12)	(18,13)	(18,14)	(18,15)	(18,16)	(18,17)	(18,18)	(18,19)	(18,20)	(18,21)	(18,22)	(18,23)	(18,24)	(18,25)	(19,11)	(19,12)	(19,13)	(19,14)	(19,15)	(19,16)	(19,17)	(19,18)	(19,19)	(19,20)	(19,25)	(20,11)	(20,12)	(20,13)	(20,14)	(20,15)	(20,16)	(20,17)	(20,18)	(20,19)	(21,11)	(21,12)	(21,13)	(21,14)	(21,15)	(21,16)	(21,17)	(21,18)	(21,19)	(22,11)	(22,12)	(22,13)	(22,14)	(22,15)	(22,20)	(23,10)	(23,11)	(23,12)	(23,13)	(23,14)	(24,10)	(24,11)	(24,12)	(24,13)	(24,14)	(25,10)	(25,11)	(25,12)	(25,13)	(25,14)	(26,13)	(26,14)	(27,14)	(28,14)	(29,15)	
(17,10):(17,10)	(17,12)	(17,13)	(17,14)	(17,15)	(17,16)	(17,17)	(17,18)	(17,19)	(17,20)	(17,21)	(17,22)	(17,23)	(17,24)	(17,25)	(18,11)	(18,12)	(18,13)	(18,14)	(18,15)	(18,16)	(18,17)	(18,18)	(18,19)	(18,20)	(18,21)	(18,22)	(18,23)	(18,24)	(18,25)	(19,11)	(19,12)	(19,13)	(19,14)	(19,15)	(19,16)	(19,17)	(19,18)	(19,19)	(19,20)	(19,25)	(20,11)	(20,12)	(20,13)	(20,14)	(20,15)	(20,16)	(20,17)	(20,18)	(20,19)	(21,11)	(21,12)	(21,13)	(21,14)	(21,15)	(21,16)	(21,17)	(21,18)	(21,19)	(22,11)	(22,12)	(22,13)	(22,14)	(22,15)	(22,20)	(23,10)	(23,11)	(23,12)	(23,13)	(23,14)	(24,10)	(24,11)	(24,12)	(24,13)	(24,14)	(25,10)	(25,11)	(25,12)	(25,13)	(25,14)	(26,13)	(26,14)	(27,14)	(28,14)	(29,15)	
(23,10):(15,23)	(15,24)	(15,25)	(15,26)	(16,21)	(16,22)	(16,23)	(16,24)	(16,25)	(17,10)	(17,12)	(17,13)	(17,14)	(17,15)	(17,16)	(17,17)	(17,18)	(17,19)	(17,20)	(17,21)	(17,22)	(17,23)	(17,24)	(17,25)	(18,11)	(18,12)	(18,13)	(18,14)	(18,15)	(18,16)	(18,17)	(18,18)	(18,19)	(18,20)	(18,21)	(18,22)	(19,11)	(19,12)	(19,13)	(19,14)	(19,15)	(19,16)	(19,17)	(19,18)	(19,19)	(19,20)	(20,11)	(20,12)	(20,13)	(20,14)	(20,15)	(20,16)	(20,17)	(20,18)	(20,19)	(21,11)	(21,12)	(21,13)	(21,14)	(21,15)	(21,16)	(21,17)	(21,18)	(21,19)	(22,11)	(22,12)	(22,13)	(22,14)	(22,15)	(23,2)	(23,3)	(23,4)	(23,10)	(23,11)	(23,12)	(23,13)	(23,14)	(24,2)	(24,3)	(24,4)	(24,5)	(24,6)	(24,7)	(24,8)	(24,9)	(24,10)	(24,11)	(24,12)	(24,13)	(24,14)	(25,2)	(25,3)	(25,4)	(25,5)	(25,6)	(25,7)	(25,8)	(25,9)	(25,10)	(25,11)	(25,12)	(25,13)	(25,14)	(26,2)	(26,3)	(26,4)	(26,5)	(26,6)	(26,7)	(26,8)	(26,13)	(26,14)	(27,1)	(27,2)	(27,3)	(27,4)	(27,5)	(27,6)	(27,7)	(27,14)	(28,2)	
(23,4):(18,1)	(19,2)	(20,2)	(21,2)	(21,3)	(21,4)	(22,2)	(22,3)	(23,2)	(23,3)	(23,4)	(23,10)	(23,11)	(23,12)	(23,13)	(23,14)	(24,2)	(24,3)	(24,4)	(24,5)	(24,6)	(24,7)	(24,8)	(24,9)	(24,10)	(24,11)	(24,12)	(24,13)	(24,14)	(25,2)	(25,3)	(25,4)	(25,5)	(25,6)	(25,7)	(25,8)	(25,9)	(25,10)	(25,11)	(25,12)	(25,13)	(25,14)	(26,2)	(26,3)	(26,4)	(26,5)	(26,6)	(26,7)	(26,8)	(26,13)	(26,14)	(27,1)	(27,2)	(27,3)	(27,4)	(27,5)	(27,6)	(27,7)	(28,2)	(28,8)	
(21,4):(21,2)	(21,3)	(21,4)	(22,2)	(22,3)	(23,2)	(23,3)	(23,4)	(24,2)	(24,3)	(24,4)	(25,2)	(25,3)	(25,4)	(26,2)	(26,3)	(26,4)	(27,1)	(27,2)	(27,3)	(27,4)	(28,2)	
(21,3):(18,1)	(19,2)	(19,3)	(20,2)	(20,3)	(21,2)	(21,3)	(21,4)	(22,2)	(22,3)	(23,2)	(23,3)	(23,4)	(24,2)	(24,3)	(24,4)	(25,2)	(25,3)	(25,4)	(25,5)	(26,2)	(26,3)	(26,4)	(26,5)	(27,1)	(27,2)	(27,3)	(27,4)	(27,5)	(27,6)	(28,2)	
(20,3):(18,1)	(18,5)	(19,2)	(19,3)	(19,4)	(19,5)	(20,2)	(20,3)	(20,6)	(21,2)	(21,3)	(22,2)	(22,3)	(23,2)	(23,3)	(24,2)	(24,3)	(25,2)	(25,3)	(26,2)	(26,3)	(27,1)	(27,2)	(27,3)	(28,2)	
(20,6):(10,5)	(11,6)	(12,6)	(18,1)	(18,5)	(19,2)	(19,3)	(19,4)	(19,5)	(20,2)	(20,3)	(20,6)	
(12,6):(10,5)	(11,6)	(11,7)	(12,6)	(12,7)	(18,5)	(19,5)	(20,6)	
(12,7):(10,5)	(11,6)	(11,7)	(12,6)	(12,7)	
(11,7):(7,17)	(8,14)	(8,15)	(8,16)	(8,17)	(9,11)	(9,12)	(9,13)	(9,14)	(9,15)	(9,16)	(9,17)	(9,18)	(9,22)	(10,5)	(10,9)	(10,10)	(10,11)	(10,12)	(10,13)	(10,14)	(10,15)	(10,16)	(10,17)	(10,18)	(10,19)	(10,20)	(10,21)	(10,22)	(11,6)	(11,7)	(11,23)	(12,6)	(12,7)	
(11,23):(6,22)	(6,23)	(8,9)	(8,14)	(8,15)	(9,10)	(9,11)	(9,12)	(9,13)	(9,14)	(9,15)	(9,16)	(9,17)	(9,18)	(9,22)	(10,5)	(10,9)	(10,10)	(10,11)	(10,12)	(10,13)	(10,14)	(10,15)	(10,16)	(10,17)	(10,18)	(10,19)	(10,20)	(10,21)	(10,22)	(11,6)	(11,7)	(11,23)	
(6,23):(6,22)	(6,23)	(9,22)	(10,22)	(11,23)	
(6,22):(6,22)	(6,23)	(9,22)	(10,22)	(11,23)	
(9,22):(6,22)	(6,23)	(9,10)	(9,11)	(9,12)	(9,13)	(9,14)	(9,15)	(9,16)	(9,17)	(9,18)	(9,22)	(10,9)	(10,10)	(10,11)	(10,12)	(10,13)	(10,14)	(10,15)	(10,16)	(10,17)	(10,18)	(10,19)	(10,20)	(10,21)	(10,22)	(11,6)	(11,7)	(11,23)	
(9,18):(1,17)	(2,18)	(3,18)	(4,16)	(4,17)	(5,11)	(5,16)	(5,17)	(6,12)	(6,13)	(6,14)	(6,15)	(6,16)	(6,17)	(7,14)	(7,15)	(7,16)	(7,17)	(8,9)	(8,14)	(8,15)	(8,16)	(8,17)	(9,10)	(9,11)	(9,12)	(9,13)	(9,14)	(9,15)	(9,16)	(9,17)	(9,18)	(9,22)	(10,9)	(10,10)	(10,11)	(10,12)	(10,13)	(10,14)	(10,15)	(10,16)	(10,17)	(10,18)	(10,19)	(10,20)	(10,21)	(10,22)	(11,6)	(11,7)	(11,23)	
(3,18):(1,17)	(1,19)	(2,18)	(2,19)	(2,24)	(3,18)	(3,24)	(4,17)	(5,16)	(5,17)	(6,15)	(6,16)	(6,17)	(7,14)	(7,15)	(7,16)	(7,17)	(8,14)	(8,15)	(8,16)	(8,17)	(9,14)	(9,15)	(9,16)	(9,17)	(9,18)	(10,13)	(10,14)	(10,15)	(10,16)	(10,17)	(10,18)	
(3,24):(2,18)	(2,19)	(2,24)	(3,18)	(3,24)	
(2,24):(2,18)	(2,19)	(2,24)	(3,18)	(3,24)	
(2,19):(1,17)	(1,19)	(2,18)	(2,19)	(2,24)	(3,18)	(3,24)	(4,17)	
(1,19):(1,17)	(1,19)	(2,18)	(2,19)	(3,18)	(4,17)	(5,17)	(6,16)	(7,15)	(7,16)	(8,15)	(9,14)	(9,15)	(10,13)	(10,14)	
(1,17):(1,17)	(1,19)	(2,18)	(2,19)	(3,18)	(4,17)	(5,17)	(6,17)	(7,17)	(8,17)	(9,17)	(9,18)	(10,17)	(10,18)	
(4,17):(1,17)	(1,19)	(2,18)	(2,19)	(3,18)	(4,16)	(4,17)	(5,16)	(5,17)	(6,15)	(6,16)	(6,17)	(7,14)	(7,15)	(7,16)	(7,17)	(8,14)	(8,15)	(8,16)	(8,17)	(9,14)	(9,15)	(9,16)	(9,17)	(9,18)	(10,13)	(10,14)	(10,15)	(10,16)	(10,17)	(10,18)	
(4,16):(4,16)	(4,17)	(5,16)	(5,17)	(6,16)	(6,17)	(7,16)	(7,17)	(8,16)	(8,17)	(9,16)	(9,17)	(9,18)	(10,16)	(10,17)	(10,18)	
(5,16):(3,18)	(4,16)	(4,17)	(5,11)	(5,16)	(5,17)	(6,12)	(6,13)	(6,14)	(6,15)	(6,16)	(6,17)	(7,11)	(7,14)	(7,15)	(7,16)	(7,17)	(8,14)	(8,15)	(8,16)	(8,17)	(9,14)	(9,15)	(9,16)	(9,17)	(9,18)	(10,13)	(10,14)	(10,15)	(10,16)	(10,17)	(10,18)	
(5,11):(5,11)	(5,16)	(5,17)	(6,12)	(6,13)	(6,14)	(6,15)	(6,16)	(6,17)	(7,11)	(7,14)	(7,15)	(7,16)	(7,17)	(8,16)	(8,17)	(9,17)	(9,18)	(10,19)	
(7,11):(5,11)	(5,16)	(5,17)	(6,12)	(6,13)	(6,14)	(6,15)	(6,16)	(6,17)	(7,11)	(7,14)	(7,15)	(7,16)	(7,17)	
(7,14):(3,18)	(4,17)	(5,11)	(5,16)	(5,17)	(6,12)	(6,13)	(6,14)	(6,15)	(6,16)	(6,17)	(7,11)	(7,14)	(7,15)	(7,16)	(7,17)	(8,14)	(8,15)	(8,16)	(8,17)	(9,14)	(9,15)	(9,16)	(9,17)	(9,18)	(10,14)	(10,15)	(10,16)	(10,17)	(10,18)	(10,19)	(10,20)	
(8,14):(3,18)	(4,17)	(5,16)	(5,17)	(6,14)	(6,15)	(6,16)	(6,17)	(7,14)	(7,15)	(7,16)	(7,17)	(8,9)	(8,14)	(8,15)	(8,16)	(8,17)	(9,10)	(9,11)	(9,12)	(9,13)	(9,14)	(9,15)	(9,16)	(9,17)	(9,18)	(10,9)	(10,10)	(10,11)	(10,12)	(10,13)	(10,14)	(10,15)	(10,16)	(10,17)	(10,18)	(10,19)	(10,20)	(10,21)	(10,22)	(11,7)	(11,23)	
(8,9):(8,9)	(8,14)	(8,15)	(8,16)	(8,17)	(9,10)	(9,11)	(9,12)	(9,13)	(9,14)	(9,15)	(9,16)	(9,17)	(9,18)	(10,9)	(10,10)	(10,11)	(10,12)	(10,13)	(10,14)	(10,15)	(10,16)	(10,17)	(10,18)	(10,19)	(10,20)	(10,21)	(10,22)	(11,23)	
(10,9):(7,17)	(8,9)	(8,14)	(8,15)	(8,16)	(8,17)	(9,10)	(9,11)	(9,12)	(9,13)	(9,14)	(9,15)	(9,16)	(9,17)	(9,18)	(9,22)	(10,5)	(10,9)	(10,10)	(10,11)	(10,12)	(10,13)	(10,14)	(10,15)	(10,16)	(10,17)	(10,18)	(10,19)	(10,20)	(10,21)	(10,22)	(11,6)	(11,7)	(11,23)	
(10,5):(10,5)	(10,9)	(10,10)	(10,11)	(10,12)	(10,13)	(10,14)	(10,15)	(10,16)	(10,17)	(10,18)	(10,19)	(10,20)	(10,21)	(10,22)	(11,6)	(11,7)	(11,23)	(12,6)	(12,7)	(18,5)	(19,5)	(20,6)	
(18,5):(10,5)	(11,6)	(12,6)	(18,1)	(18,5)	(19,2)	(19,3)	(19,4)	(19,5)	(20,2)	(20,3)	(20,6)	(21,2)	
(18,1):(18,1)	(18,5)	(19,2)	(19,3)	(19,4)	(19,5)	(20,2)	(20,3)	(20,6)	(21,2)	(21,3)	(22,2)	(22,3)	(23,2)	(23,3)	(23,4)	(24,2)	(24,3)	(24,4)	(25,2)	(25,3)	(25,4)	(25,5)	(26,2)	(26,3)	(26,4)	(26,5)	(27,1)	(27,2)	(27,3)	(27,4)	(27,5)	(27,6)	
(27,1):(17,24)	(18,1)	(18,22)	(19,2)	(19,3)	(19,19)	(19,20)	(20,2)	(20,3)	(20,17)	(20,18)	(20,19)	(21,2)	(21,3)	(21,4)	(21,15)	(21,16)	(21,17)	(22,2)	(22,3)	(22,13)	(22,14)	(22,15)	(23,2)	(23,3)	(23,4)	(23,10)	(23,11)	(23,12)	(23,13)	(23,14)	(24,2)	(24,3)	(24,4)	(24,5)	(24,6)	(24,7)	(24,8)	(24,9)	(24,10)	(24,11)	(24,12)	(24,13)	(24,14)	(25,2)	(25,3)	(25,4)	(25,5)	(25,6)	(25,7)	(25,8)	(25,9)	(25,10)	(25,11)	(25,12)	(25,13)	(25,14)	(26,2)	(26,3)	(26,4)	(26,5)	(26,6)	(26,7)	(26,8)	(27,1)	(27,2)	(27,3)	(27,4)	(27,5)	(27,6)	(27,7)	
(27,2):(15,26)	(16,24)	(16,25)	(17,22)	(17,23)	(17,24)	(18,1)	(18,20)	(18,21)	(18,22)	(19,2)	(19,3)	(19,18)	(19,19)	(19,20)	(20,2)	(20,3)	(20,16)	(20,17)	(20,18)	(20,19)	(21,2)	(21,3)	(21,4)	(21,14)	(21,15)	(21,16)	(21,17)	(22,2)	(22,3)	(22,12)	(22,13)	(22,14)	(22,15)	(23,2)	(23,3)	(23,4)	(23,10)	(23,11)	(23,12)	(23,13)	(23,14)	(24,2)	(24,3)	(24,4)	(24,5)	(24,6)	(24,7)	(24,8)	(24,9)	(24,10)	(24,11)	(24,12)	(24,13)	(24,14)	(25,2)	(25,3)	(25,4)	(25,5)	(25,6)	(25,7)	(25,8)	(25,9)	(25,10)	(25,11)	(25,12)	(25,13)	(25,14)	(26,2)	(26,3)	(26,4)	(26,5)	(26,6)	(26,7)	(26,8)	(27,1)	(27,2)	(27,3)	(27,4)	(27,5)	(27,6)	(27,7)	(28,2)	(28,8)	
(28,2):(15,23)	(15,24)	(15,25)	(15,26)	(16,22)	(16,23)	(16,24)	(16,25)	(17,20)	(17,21)	(17,22)	(17,23)	(17,24)	(18,18)	(18,19)	(18,20)	(18,21)	(18,22)	(19,2)	(19,3)	(19,17)	(19,18)	(19,19)	(19,20)	(20,2)	(20,3)	(20,15)	(20,16)	(20,17)	(20,18)	(20,19)	(21,2)	(21,3)	(21,4)	(21,14)	(21,15)	(21,16)	(21,17)	(22,2)	(22,3)	(22,12)	(22,13)	(22,14)	(22,15)	(23,2)	(23,3)	(23,4)	(23,10)	(23,11)	(23,12)	(23,13)	(23,14)	(24,2)	(24,3)	(24,4)	(24,5)	(24,6)	(24,7)	(24,8)	(24,9)	(24,10)	(24,11)	(24,12)	(24,13)	(24,14)	(25,2)	(25,3)	(25,4)	(25,5)	(25,6)	(25,7)	(25,8)	(25,9)	(25,10)	(25,11)	(26,2)	(26,3)	(26,4)	(26,5)	(26,6)	(26,7)	(26,8)	(27,2)	(27,3)	(27,4)	(27,5)	(27,6)	(27,7)	(28,2)	(28,8)	
(28,8):(21,2)	(22,2)	(22,3)	(23,2)	(23,3)	(23,4)	(24,2)	(24,3)	(24,4)	(24,5)	(24,6)	(24,7)	(24,8)	(25,2)	(25,3)	(25,4)	(25,5)	(25,6)	(25,7)	(25,8)	(26,2)	(26,3)	(26,4)	(26,5)	(26,6)	(26,7)	(26,8)	(27,2)	(27,3)	(27,4)	(27,5)	(27,6)	(27,7)	(28,2)	(28,8)	
(26,8):(15,23)	(15,24)	(15,25)	(15,26)	(16,21)	(16,22)	(16,23)	(16,24)	(16,25)	(17,14)	(17,15)	(17,16)	(17,17)	(17,18)	(17,19)	(17,20)	(17,21)	(17,22)	(17,23)	(18,14)	(18,15)	(18,16)	(18,17)	(18,18)	(18,19)	(18,20)	(18,21)	(19,13)	(19,14)	(19,15)	(19,16)	(19,17)	(19,18)	(19,19)	(19,20)	(20,12)	(20,13)	(20,14)	(20,15)	(20,16)	(20,17)	(20,18)	(21,12)	(21,13)	(21,14)	(21,15)	(21,16)	(22,2)	(22,11)	(22,12)	(22,13)	(22,14)	(22,15)	(23,2)	(23,3)	(23,4)	(23,10)	(23,11)	(23,12)	(23,13)	(23,14)	(24,2)	(24,3)	(24,4)	(24,5)	(24,6)	(24,7)	(24,8)	(24,9)	(24,10)	(24,11)	(24,12)	(24,13)	(24,14)	(25,2)	(25,3)	(25,4)	(25,5)	(25,6)	(25,7)	(25,8)	(25,9)	(25,10)	(25,11)	(25,12)	(25,13)	(25,14)	(26,2)	(26,3)	(26,4)	(26,5)	(26,6)	(26,7)	(26,8)	(26,13)	(26,14)	(27,1)	(27,2)	(27,3)	(27,4)	(27,5)	(27,6)	(27,7)	(28,2)	(28,8)	
(26,13):(16,12)	(17,10)	(17,12)	(17,13)	(17,14)	(17,15)	(17,16)	(17,17)	(18,11)	(18,12)	(18,13)	(18,14)	(18,15)	(18,16)	(18,17)	(19,11)	(19,12)	(19,13)	(19,14)	(19,15)	(19,16)	(20,11)	(20,12)	(20,13)	(20,14)	(20,15)	(20,16)	(21,11)	(21,12)	(21,13)	(21,14)	(21,15)	(22,11)	(22,12)	(22,13)	(22,14)	(22,15)	(23,2)	(23,3)	(23,4)	(23,10)	(23,11)	(23,12)	(23,13)	(23,14)	(24,2)	(24,3)	(24,4)	(24,5)	(24,6)	(24,7)	(24,8)	(24,9)	(24,10)	(24,11)	(24,12)	(24,13)	(24,14)	(25,2)	(25,3)	(25,4)	(25,5)	(25,6)	(25,7)	(25,8)	(25,9)	(25,10)	(25,11)	(25,12)	(25,13)	(25,14)	(26,2)	(26,3)	(26,4)	(26,5)	(26,6)	(26,7)	(26,8)	(26,13)	(26,14)	(27,14)	(28,14)	(29,13)	(29,15)	
(29,13):(17,13)	(17,14)	(17,15)	(17,16)	(18,13)	(18,14)	(18,15)	(18,16)	(19,13)	(19,14)	(19,15)	(20,13)	(20,14)	(20,15)	(21,13)	(21,14)	(21,15)	(22,13)	(22,14)	(22,15)	(23,13)	(23,14)	(24,13)	(24,14)	(25,13)	(25,14)	(26,13)	(26,14)	(27,14)	(28,14)	(29,13)	(29,15)	
(29,15):(16,12)	(17,10)	(17,12)	(17,13)	(17,14)	(17,15)	(18,11)	(18,12)	(18,13)	(18,14)	(18,15)	(19,11)	(19,12)	(19,13)	(19,14)	(19,15)	(20,11)	(20,12)	(20,13)	(20,14)	(20,15)	(21,11)	(21,12)	(21,13)	(21,14)	(21,15)	(22,11)	(22,12)	(22,13)	(22,14)	(22,15)	(23,11)	(23,12)	(23,13)	(23,14)	(24,12)	(24,13)	(24,14)	(25,13)	(25,14)	(26,13)	(26,14)	(27,14)	(28,14)	(29,13)	(29,15)	
(22,15):(15,22)	(15,23)	(15,24)	(15,25)	(15,26)	(16,12)	(16,21)	(16,22)	(16,23)	(16,24)	(16,25)	(17,10)	(17,12)	(17,13)	(17,14)	(17,15)	(17,16)	(17,17)	(17,18)	(17,19)	(17,20)	(17,21)	(17,22)	(17,23)	(18,11)	(18,12)	(18,13)	(18,14)	(18,15)	(18,16)	(18,17)	(18,18)	(18,19)	(18,20)	(18,21)	(19,11)	(19,12)	(19,13)	(19,14)	(19,15)	(19,16)	(19,17)	(19,18)	(19,19)	(19,20)	(20,11)	(20,12)	(20,13)	(20,14)	(20,15)	(20,16)	(20,17)	(20,18)	(20,19)	(21,11)	(21,12)	(21,13)	(21,14)	(21,15)	(21,16)	(21,17)	(21,18)	(21,19)	(22,11)	(22,12)	(22,13)	(22,14)	(22,15)	(22,20)	(23,10)	(23,11)	(23,12)	(23,13)	(23,14)	(24,5)	(24,6)	(24,7)	(24,8)	(24,9)	(24,10)	(24,11)	(24,12)	(24,13)	(24,14)	(25,2)	(25,3)	(25,4)	(25,5)	(25,6)	(25,7)	(25,8)	(25,9)	(25,10)	(25,11)	(25,12)	(25,13)	(25,14)	(26,2)	(26,3)	(26,4)	(26,5)	(26,6)	(26,7)	(26,8)	(26,13)	(26,14)	(27,1)	(27,2)	(27,3)	(27,4)	(27,5)	(27,6)	(27,14)	(28,2)	(28,14)	(29,13)	(29,15)	
(22,20):(16,12)	(17,10)	(17,12)	(17,13)	(17,14)	(17,15)	(17,16)	(17,17)	(17,18)	(17,19)	(17,20)	(18,11)	(18,12)	(18,13)	(18,14)	(18,15)	(18,16)	(18,17)	(18,18)	(18,19)	(18,20)	(19,11)	(19,12)	(19,13)	(19,14)	(19,15)	(19,16)	(19,17)	(19,18)	(19,19)	(19,20)	(20,11)	(20,12)	(20,13)	(20,14)	(20,15)	(20,16)	(20,17)	(20,18)	(20,19)	(21,11)	(21,12)	(21,13)	(21,14)	(21,15)	(21,16)	(21,17)	(21,18)	(21,19)	(22,11)	(22,12)	(22,13)	(22,14)	(22,15)	(22,20)	
(19,20):(15,22)	(15,23)	(15,24)	(15,25)	(15,26)	(16,12)	(16,21)	(16,22)	(16,23)	(16,24)	(16,25)	(17,10)	(17,12)	(17,13)	(17,14)	(17,15)	(17,16)	(17,17)	(17,18)	(17,19)	(17,20)	(17,21)	(17,22)	(17,23)	(17,24)	(17,25)	(18,11)	(18,12)	(18,13)	(18,14)	(18,15)	(18,16)	(18,17)	(18,18)	(18,19)	(18,20)	(18,21)	(18,22)	(18,23)	(18,24)	(18,25)	(19,11)	(19,12)	(19,13)	(19,14)	(19,15)	(19,16)	(19,17)	(19,18)	(19,19)	(19,20)	(19,25)	(20,11)	(20,12)	(20,13)	(20,14)	(20,15)	(20,16)	(20,17)	(20,18)	(20,19)	(21,11)	(21,12)	(21,13)	(21,14)	(21,15)	(21,16)	(21,17)	(21,18)	(21,19)	(22,11)	(22,12)	(22,13)	(22,14)	(22,15)	(22,20)	(23,10)	(23,11)	(23,12)	(23,13)	(24,8)	(24,9)	(24,10)	(24,11)	(25,5)	(25,6)	(25,7)	(25,8)	(25,9)	(25,10)	(26,3)	(26,4)	(26,5)	(26,6)	(26,7)	(26,8)	(27,1)	(27,2)	(27,3)	(27,4)	(27,5)	(27,6)	(28,2)	
(19,25):(14,21)	(15,22)	(15,23)	(15,24)	(15,25)	(15,26)	(16,12)	(16,21)	(16,22)	(16,23)	(16,24)	(16,25)	(17,10)	(17,12)	(17,13)	(17,14)	(17,15)	(17,16)	(17,17)	(17,18)	(17,19)	(17,20)	(17,21)	(17,22)	(17,23)	(17,24)	(17,25)	(18,11)	(18,12)	(18,13)	(18,14)	(18,15)	(18,16)	(18,17)	(18,18)	(18,19)	(18,20)	(18,21)	(18,22)	(18,23)	(18,24)	(18,25)	(19,11)	(19,12)	(19,13)	(19,14)	(19,15)	(19,16)	(19,17)	(19,18)	(19,19)	(19,20)	(19,25)	(24,26)	(25,26)	(26,26)	(27,26)	(28,26)	(29,26)	(29,27)	(30,25)	
(30,25):(15,25)	(15,26)	(16,25)	(17,25)	(18,25)	(19,25)	(24,26)	(24,27)	(25,26)	(25,27)	(25,29)	(26,26)	(26,27)	(26,28)	(27,26)	(27,27)	(27,28)	(28,26)	(28,27)	(28,28)	(29,26)	(29,27)	(29,28)	(30,25)	(30,28)	
(30,28):(24,26)	(25,26)	(25,27)	(25,29)	(26,26)	(26,27)	(26,28)	(27,26)	(27,27)	(27,28)	(28,26)	(28,27)	(28,28)	(29,26)	(29,27)	(29,28)	(30,25)	(30,28)	(31,28)	(31,29)	
(31,28):(25,29)	(26,28)	(27,28)	(28,28)	(29,28)	(30,28)	(31,28)	(31,29)	
(31,29):(24,26)	(25,26)	(25,27)	(25,29)	(26,26)	(26,27)	(26,28)	(27,26)	(27,27)	(27,28)	(28,26)	(28,27)	(28,28)	(29,27)	(29,28)	(30,28)	(31,28)	(31,29)	
(25,29):(25,26)	(25,27)	(25,29)	(26,26)	(26,27)	(26,28)	(27,26)	(27,27)	(27,28)	(28,26)	(28,27)	(28,28)	(29,26)	(29,27)	(29,28)	(30,25)	(30,28)	(31,28)	(31,29)	
(25,27):(24,26)	(24,27)	(25,26)	(25,27)	(25,29)	(26,26)	(26,27)	(26,28)	(27,26)	(27,27)	(27,28)	(28,26)	(28,27)	(28,28)	(29,26)	(29,27)	(29,28)	(30,25)	(30,28)	(31,29)	
(24,27):(24,26)	(24,27)	(25,26)	(25,27)	(26,26)	(26,27)	(27,26)	(27,27)	(28,26)	(28,27)	(29,26)	(29,27)	(30,25)	
(24,26):(15,25)	(15,26)	(16,25)	(17,25)	(18,25)	(19,25)	(24,26)	(24,27)	(25,26)	(25,27)	(26,26)	(26,27)	(26,28)	(27,26)	(27,27)	(27,28)	(28,26)	(28,27)	(28,28)	(29,26)	(29,27)	(29,28)	(30,25)	(30,28)	(31,29)	
(15,26):(14,21)	(14,33)	(14,34)	(15,22)	(15,23)	(15,24)	(15,25)	(15,26)	(15,31)	(15,32)	(15,33)	(15,34)	(16,21)	(16,22)	(16,23)	(16,24)	(16,25)	(17,16)	(17,17)	(17,18)	(17,19)	(17,20)	(17,21)	(17,22)	(17,23)	(17,24)	(17,25)	(18,11)	(18,12)	(18,13)	(18,14)	(18,15)	(18,16)	(18,17)	(18,18)	(18,19)	(18,20)	(18,21)	(18,22)	(18,23)	(18,24)	(18,25)	(19,11)	(19,12)	(19,13)	(19,14)	(19,15)	(19,16)	(19,17)	(19,18)	(19,19)	(19,20)	(19,25)	(20,11)	(20,12)	(20,13)	(20,14)	(20,15)	(20,16)	(20,17)	(20,18)	(21,11)	(21,12)	(21,13)	(21,14)	(21,15)	(21,16)	(21,17)	(22,11)	(22,12)	(22,13)	(22,14)	(22,15)	(23,10)	(23,11)	(23,12)	(23,13)	(24,8)	(24,9)	(24,10)	(24,11)	(24,26)	(25,6)	(25,7)	(25,8)	(25,9)	(25,10)	(25,26)	(26,4)	(26,5)	(26,6)	(26,7)	(26,8)	(26,26)	(27,2)	(27,3)	(27,4)	(27,5)	(27,6)	(27,26)	(28,2)	(28,26)	(29,26)	(30,25)	
(15,31):(13,35)	(14,21)	(14,33)	(14,34)	(15,22)	(15,23)	(15,24)	(15,25)	(15,26)	(15,31)	(15,32)	(15,33)	(15,34)	(16,32)	(16,33)	(16,34)	(17,32)	(17,33)	(17,34)	(18,32)	(18,33)	(18,34)	(19,32)	(19,33)	(19,34)	(20,32)	(20,33)	(20,34)	(21,32)	(21,33)	(21,34)	(22,32)	(22,33)	(22,34)	(23,32)	(23,33)	(23,34)	(24,32)	(24,33)	(24,34)	(25,32)	(25,33)	(25,34)	(26,32)	(26,33)	(26,34)	(27,32)	(27,33)	(27,34)	(28,32)	(28,33)	(28,34)	(29,32)	(29,33)	(29,34)	(30,32)	(30,33)	(30,34)	(31,32)	(31,33)	(31,34)	(32,31)	(32,32)	(32,33)	(32,34)	(33,33)	(33,34)	(33,35)	(34,33)	(34,34)	(35,33)	(36,34)	
(32,31):(13,35)	(14,33)	(14,34)	(15,31)	(15,32)	(15,33)	(15,34)	(16,32)	(16,33)	(16,34)	(17,32)	(17,33)	(17,34)	(18,32)	(18,33)	(18,34)	(19,32)	(19,33)	(19,34)	(20,32)	(20,33)	(20,34)	(21,32)	(21,33)	(21,34)	(22,32)	(22,33)	(22,34)	(23,32)	(23,33)	(23,34)	(24,32)	(24,33)	(24,34)	(25,32)	(25,33)	(25,34)	(26,32)	(26,33)	(26,34)	(27,32)	(27,33)	(27,34)	(28,32)	(28,33)	(28,34)	(29,32)	(29,33)	(29,34)	(30,32)	(30,33)	(30,34)	(31,32)	(31,33)	(31,34)	(32,31)	(32,32)	(32,33)	(32,34)	
(32,32):(13,35)	(14,33)	(14,34)	(15,31)	(15,32)	(15,33)	(15,34)	(16,32)	(16,33)	(16,34)	(17,32)	(17,33)	(17,34)	(18,32)	(18,33)	(18,34)	(19,32)	(19,33)	(19,34)	(20,32)	(20,33)	(20,34)	(21,32)	(21,33)	(21,34)	(22,32)	(22,33)	(22,34)	(23,32)	(23,33)	(23,34)	(24,32)	(24,33)	(24,34)	(25,32)	(25,33)	(25,34)	(26,32)	(26,33)	(26,34)	(27,32)	(27,33)	(27,34)	(28,32)	(28,33)	(28,34)	(29,32)	(29,33)	(29,34)	(30,32)	(30,33)	(30,34)	(31,32)	(31,33)	(31,34)	(32,31)	(32,32)	(32,33)	(32,34)	(33,33)	(33,34)	(33,35)	(34,33)	(34,34)	(34,36)	(35,32)	(35,33)	(36,34)	
(35,32):(13,35)	(14,33)	(14,34)	(15,32)	(15,33)	(15,34)	(16,32)	(16,33)	(16,34)	(17,32)	(17,33)	(17,34)	(18,32)	(18,33)	(18,34)	(19,32)	(19,33)	(19,34)	(20,32)	(20,33)	(20,34)	(21,32)	(21,33)	(21,34)	(22,32)	(22,33)	(22,34)	(23,32)	(23,33)	(23,34)	(24,32)	(24,33)	(24,34)	(25,32)	(25,33)	(25,34)	(26,32)	(26,33)	(26,34)	(27,32)	(27,33)	(27,34)	(28,32)	(28,33)	(28,34)	(29,32)	(29,33)	(29,34)	(30,32)	(30,33)	(30,34)	(31,32)	(31,33)	(31,34)	(32,32)	(32,33)	(32,34)	(33,33)	(33,34)	(33,35)	(33,36)	(34,33)	(34,34)	(35,30)	(35,32)	(35,33)	(36,30)	(36,34)	
(35,30):4.000000
(36,30):5.000000
(36,34):64.071426
(34,34):85.578949
(34,36):10.750000
(33,36):5.000000
(33,35):83.694443
(13,35):82.972946
(13,33):44.049999
(14,33):95.862152
(14,21):35.424999
(16,21):112.195633
(16,12):83.665382
(17,12):104.465813
(17,10):86.566666
(23,10):134.657150
(23,4):65.416664
(21,4):20.000000
(21,3):32.250000
(20,3):25.500000
(20,6):18.000000
(12,6):12.833333
(12,7):4.000000
(11,7):42.995239
(11,23):43.200001
(6,23):5.666667
(6,22):5.000000
(9,22):34.651283
(9,18):61.224747
(3,18):37.099998
(3,24):7.400000
(2,24):7.083333
(2,19):9.500000
(1,19):12.333333
(1,17):13.250000
(4,17):32.275002
(4,16):14.800000
(5,16):36.500000
(5,11):21.500000
(7,11):14.800000
(7,14):36.000000
(8,14):50.240475
(8,9):35.611111
(10,9):45.238461
(10,5):28.000000
(18,5):20.333334
(18,1):38.694443
(27,1):73.917084
(27,2):85.394691
(28,2):86.437180
(28,8):39.541668
(26,8):115.616989
(26,13):91.500000
(29,13):31.142857
(29,15):47.250000
(22,15):128.385712
(22,20):58.000000
(19,20):113.121429
(19,25):70.724998
(30,25):32.033333
(30,28):24.400000
(31,28):6.000000
(31,29):19.500000
(25,29):21.000000
(25,27):23.400000
(24,27):12.000000
(24,26):33.333332
(15,26):113.591560
(15,31):92.640526
(32,31):73.944443
(32,32):84.834969
(35,32):67.976189
(35,30),(36,30):4.000000
(35,30),(36,34):4.000000
(35,30),(34,34):3.000000
(35,30),(34,36):0.000000
(35,30),(33,36):0.000000
(35,30),(33,35):1.250000
(35,30),(13,35):1.996753
(35,30),(13,33):1.000000
(35,30),(14,33):2.023809
(35,30),(14,21):0.000000
(35,30),(16,21):0.000000
(35,30),(16,12):0.000000
(35,30),(17,12):0.000000
(35,30),(17,10):0.000000
(35,30),(23,10):0.000000
(35,30),(23,4):0.000000
(35,30),(21,4):0.000000
(35,30),(21,3):0.000000
(35,30),(20,3):0.000000
(35,30),(20,6):0.000000
(35,30),(12,6):0.000000
(35,30),(12,7):0.000000
(35,30),(11,7):0.000000
(35,30),(11,23):0.000000
(35,30),(6,23):0.000000
(35,30),(6,22):0.000000
(35,30),(9,22):0.000000
(35,30),(9,18):0.000000
(35,30),(3,18):0.000000
(35,30),(3,24):0.000000
(35,30),(2,24):0.000000
(35,30),(2,19):0.000000
(35,30),(1,19):0.000000
(35,30),(1,17):0.000000
(35,30),(4,17):0.000000
(35,30),(4,16):0.000000
(35,30),(5,16):0.000000
(35,30),(5,11):0.000000
(35,30),(7,11):0.000000
(35,30),(7,14):0.000000
(35,30),(8,14):0.000000
(35,30),(8,9):0.000000
(35,30),(10,9):0.000000
(35,30),(10,5):0.000000
(35,30),(18,5):0.000000
(35,30),(18,1):0.000000
(35,30),(27,1):0.000000
(35,30),(27,2):0.000000
(35,30),(28,2):0.000000
(35,30),(28,8):0.000000
(35,30),(26,8):0.000000
(35,30),(26,13):0.000000
(35,30),(29,13):0.000000
(35,30),(29,15):0.000000
(35,30),(22,15):0.000000
(35,30),(22,20):0.000000
(35,30),(19,20):0.000000
(35,30),(19,25):0.000000
(35,30),(30,25):0.000000
(35,30),(30,28):0.000000
(35,30),(31,28):0.000000
(35,30),(31,29):0.000000
(35,30),(25,29):0.000000
(35,30),(25,27):0.000000
(35,30),(24,27):0.000000
(35,30),(24,26):0.000000
(35,30),(15,26):0.000000
(35,30),(15,31):1.794118
(35,30),(32,31):0.000000
(35,30),(32,32):2.000000
(35,30),(35,32):4.000000
(36,30),(36,34):5.000000
(36,30),(34,34):4.000000
(36,30),(34,36):0.000000
(36,30),(33,36):0.000000
(36,30),(33,35):1.750000
(36,30),(13,35):2.972944
(36,30),(13,33):1.750000
(36,30),(14,33):3.023809
(36,30),(14,21):0.000000
(36,30),(16,21):0.000000
(36,30),(16,12):0.000000
(36,30),(17,12):0.000000
(36,30),(17,10):0.000000
(36,30),(23,10):0.000000
(36,30),(23,4):0.000000
(36,30),(21,4):0.000000
(36,30),(21,3):0.000000
(36,30),(20,3):0.000000
(36,30),(20,6):0.000000
(36,30),(12,6):0.000000
(36,30),(12,7):0.000000
(36,30),(11,7):0.000000
(36,30),(11,23):0.000000
(36,30),(6,23):0.000000
(36,30),(6,22):0.000000
(36,30),(9,22):0.000000
(36,30),(9,18):0.000000
(36,30),(3,18):0.000000
(36,30),(3,24):0.000000
(36,30),(2,24):0.000000
(36,30),(2,19):0.000000
(36,30),(1,19):0.000000
(36,30),(1,17):0.000000
(36,30),(4,17):0.000000
(36,30),(4,16):0.000000
(36,30),(5,16):0.000000
(36,30),(5,11):0.000000
(36,30),(7,11):0.000000
(36,30),(7,14):0.000000
(36,30),(8,14):0.000000
(36,30),(8,9):0.000000
(36,30),(10,9):0.000000
(36,30),(10,5):0.000000
(36,30),(18,5):0.000000
(36,30),(18,1):0.000000
(36,30),(27,1):0.000000
(36,30),(27,2):0.000000
(36,30),(28,2):0.000000
(36,30),(28,8):0.000000
(36,30),(26,8):0.000000
(36,30),(26,13):0.000000
(36,30),(29,13):0.000000
(36,30),(29,15):0.000000
(36,30),(22,15):0.000000
(36,30),(22,20):0.000000
(36,30),(19,20):0.000000
(36,30),(19,25):0.000000
(36,30),(30,25):0.000000
(36,30),(30,28):0.000000
(36,30),(31,28):0.000000
(36,30),(31,29):0.000000
(36,30),(25,29):0.000000
(36,30),(25,27):0.000000
(36,30),(24,27):0.000000
(36,30),(24,26):0.000000
(36,30),(15,26):0.000000
(36,30),(15,31):2.786555
(36,30),(32,31):0.000000
(36,30),(32,32):3.000000
(36,30),(35,32):5.000000
(36,34),(34,34):63.071430
(36,34),(34,36):7.500000
(36,34),(33,36):3.000000
(36,34),(33,35):60.821430
(36,34),(13,35):60.972942
(36,34),(13,33):23.000000
(36,34),(14,33):62.095238
(36,34),(14,21):3.521429
(36,34),(16,21):0.001984
(36,34),(16,12):0.000000
(36,34),(17,12):0.000000
(36,34),(17,10):0.000000
(36,34),(23,10):0.000000
(36,34),(23,4):0.000000
(36,34),(21,4):0.000000
(36,34),(21,3):0.000000
(36,34),(20,3):0.000000
(36,34),(20,6):0.000000
(36,34),(12,6):0.000000
(36,34),(12,7):0.000000
(36,34),(11,7):0.000000
(36,34),(11,23):0.000000
(36,34),(6,23):0.000000
(36,34),(6,22):0.000000
(36,34),(9,22):0.000000
(36,34),(9,18):0.000000
(36,34),(3,18):0.000000
(36,34),(3,24):0.000000
(36,34),(2,24):0.000000
(36,34),(2,19):0.000000
(36,34),(1,19):0.000000
(36,34),(1,17):0.000000
(36,34),(4,17):0.000000
(36,34),(4,16):0.000000
(36,34),(5,16):0.000000
(36,34),(5,11):0.000000
(36,34),(7,11):0.000000
(36,34),(7,14):0.000000
(36,34),(8,14):0.000000
(36,34),(8,9):0.000000
(36,34),(10,9):0.000000
(36,34),(10,5):0.000000
(36,34),(18,5):0.000000
(36,34),(18,1):0.000000
(36,34),(27,1):0.000000
(36,34),(27,2):0.000000
(36,34),(28,2):0.000000
(36,34),(28,8):0.000000
(36,34),(26,8):0.000000
(36,34),(26,13):0.000000
(36,34),(29,13):0.000000
(36,34),(29,15):0.000000
(36,34),(22,15):0.000000
(36,34),(22,20):0.000000
(36,34),(19,20):0.000000
(36,34),(19,25):0.000000
(36,34),(30,25):0.000000
(36,34),(30,28):0.000000
(36,34),(31,28):0.000000
(36,34),(31,29):0.000000
(36,34),(25,29):0.000000
(36,34),(25,27):0.000000
(36,34),(24,27):0.000000
(36,34),(24,26):0.000000
(36,34),(15,26):3.142857
(36,34),(15,31):60.850842
(36,34),(32,31):53.944443
(36,34),(32,32):62.001633
(36,34),(35,32):46.976189
(34,34),(34,36):10.500000
(34,34),(33,36):5.000000
(34,34),(33,35):83.328949
(34,34),(13,35):82.472946
(34,34),(13,33):44.049999
(34,34),(14,33):83.655388
(34,34),(14,21):4.878947
(34,34),(16,21):0.002417
(34,34),(16,12):0.000000
(34,34),(17,12):0.000000
(34,34),(17,10):0.000000
(34,34),(23,10):0.000000
(34,34),(23,4):0.000000
(34,34),(21,4):0.000000
(34,34),(21,3):0.000000
(34,34),(20,3):0.000000
(34,34),(20,6):0.000000
(34,34),(12,6):0.000000
(34,34),(12,7):0.000000
(34,34),(11,7):0.000000
(34,34),(11,23):0.000000
(34,34),(6,23):0.000000
(34,34),(6,22):0.000000
(34,34),(9,22):0.000000
(34,34),(9,18):0.000000
(34,34),(3,18):0.000000
(34,34),(3,24):0.000000
(34,34),(2,24):0.000000
(34,34),(2,19):0.000000
(34,34),(1,19):0.000000
(34,34),(1,17):0.000000
(34,34),(4,17):0.000000
(34,34),(4,16):0.000000
(34,34),(5,16):0.000000
(34,34),(5,11):0.000000
(34,34),(7,11):0.000000
(34,34),(7,14):0.000000
(34,34),(8,14):0.000000
(34,34),(8,9):0.000000
(34,34),(10,9):0.000000
(34,34),(10,5):0.000000
(34,34),(18,5):0.000000
(34,34),(18,1):0.000000
(34,34),(27,1):0.000000
(34,34),(27,2):0.000000
(34,34),(28,2):0.000000
(34,34),(28,8):0.000000
(34,34),(26,8):0.000000
(34,34),(26,13):0.000000
(34,34),(29,13):0.000000
(34,34),(29,15):0.000000
(34,34),(22,15):0.000000
(34,34),(22,20):0.000000
(34,34),(19,20):0.000000
(34,34),(19,25):0.000000
(34,34),(30,25):0.000000
(34,34),(30,28):0.000000
(34,34),(31,28):0.000000
(34,34),(31,29):0.000000
(34,34),(25,29):0.000000
(34,34),(25,27):0.000000
(34,34),(24,27):0.000000
(34,34),(24,26):0.000000
(34,34),(15,26):4.364662
(34,34),(15,31):82.219467
(34,34),(32,31):73.444443
(34,34),(32,32):84.334969
(34,34),(35,32):66.976189
(34,36),(33,36):4.000000
(34,36),(33,35):10.750000
(34,36),(13,35):9.750000
(34,36),(13,33):4.050000
(34,36),(14,33):9.802631
(34,36),(14,21):0.000000
(34,36),(16,21):0.000000
(34,36),(16,12):0.000000
(34,36),(17,12):0.000000
(34,36),(17,10):0.000000
(34,36),(23,10):0.000000
(34,36),(23,4):0.000000
(34,36),(21,4):0.000000
(34,36),(21,3):0.000000
(34,36),(20,3):0.000000
(34,36),(20,6):0.000000
(34,36),(12,6):0.000000
(34,36),(12,7):0.000000
(34,36),(11,7):0.000000
(34,36),(11,23):0.000000
(34,36),(6,23):0.000000
(34,36),(6,22):0.000000
(34,36),(9,22):0.000000
(34,36),(9,18):0.000000
(34,36),(3,18):0.000000
(34,36),(3,24):0.000000
(34,36),(2,24):0.000000
(34,36),(2,19):0.000000
(34,36),(1,19):0.000000
(34,36),(1,17):0.000000
(34,36),(4,17):0.000000
(34,36),(4,16):0.000000
(34,36),(5,16):0.000000
(34,36),(5,11):0.000000
(34,36),(7,11):0.000000
(34,36),(7,14):0.000000
(34,36),(8,14):0.000000
(34,36),(8,9):0.000000
(34,36),(10,9):0.000000
(34,36),(10,5):0.000000
(34,36),(18,5):0.000000
(34,36),(18,1):0.000000
(34,36),(27,1):0.000000
(34,36),(27,2):0.000000
(34,36),(28,2):0.000000
(34,36),(28,8):0.000000
(34,36),(26,8):0.000000
(34,36),(26,13):0.000000
(34,36),(29,13):0.000000
(34,36),(29,15):0.000000
(34,36),(22,15):0.000000
(34,36),(22,20):0.000000
(34,36),(19,20):0.000000
(34,36),(19,25):0.000000
(34,36),(30,25):0.000000
(34,36),(30,28):0.000000
(34,36),(31,28):0.000000
(34,36),(31,29):0.000000
(34,36),(25,29):0.000000
(34,36),(25,27):0.000000
(34,36),(24,27):0.000000
(34,36),(24,26):0.000000
(34,36),(15,26):0.000000
(34,36),(15,31):9.743464
(34,36),(32,31):4.250000
(34,36),(32,32):10.583333
(34,36),(35,32):7.500000
(33,36),(33,35):5.000000
(33,36),(13,35):4.000000
(33,36),(13,33):2.300000
(33,36),(14,33):4.052631
(33,36),(14,21):0.000000
(33,36),(16,21):0.000000
(33,36),(16,12):0.000000
(33,36),(17,12):0.000000
(33,36),(17,10):0.000000
(33,36),(23,10):0.000000
(33,36),(23,4):0.000000
(33,36),(21,4):0.000000
(33,36),(21,3):0.000000
(33,36),(20,3):0.000000
(33,36),(20,6):0.000000
(33,36),(12,6):0.000000
(33,36),(12,7):0.000000
(33,36),(11,7):0.000000
(33,36),(11,23):0.000000
(33,36),(6,23):0.000000
(33,36),(6,22):0.000000
(33,36),(9,22):0.000000
(33,36),(9,18):0.000000
(33,36),(3,18):0.000000
(33,36),(3,24):0.000000
(33,36),(2,24):0.000000
(33,36),(2,19):0.000000
(33,36),(1,19):0.000000
(33,36),(1,17):0.000000
(33,36),(4,17):0.000000
(33,36),(4,16):0.000000
(33,36),(5,16):0.000000
(33,36),(5,11):0.000000
(33,36),(7,11):0.000000
(33,36),(7,14):0.000000
(33,36),(8,14):0.000000
(33,36),(8,9):0.000000
(33,36),(10,9):0.000000
(33,36),(10,5):0.000000
(33,36),(18,5):0.000000
(33,36),(18,1):0.000000
(33,36),(27,1):0.000000
(33,36),(27,2):0.000000
(33,36),(28,2):0.000000
(33,36),(28,8):0.000000
(33,36),(26,8):0.000000
(33,36),(26,13):0.000000
(33,36),(29,13):0.000000
(33,36),(29,15):0.000000
(33,36),(22,15):0.000000
(33,36),(22,20):0.000000
(33,36),(19,20):0.000000
(33,36),(19,25):0.000000
(33,36),(30,25):0.000000
(33,36),(30,28):0.000000
(33,36),(31,28):0.000000
(33,36),(31,29):0.000000
(33,36),(25,29):0.000000
(33,36),(25,27):0.000000
(33,36),(24,27):0.000000
(33,36),(24,26):0.000000
(33,36),(15,26):0.000000
(33,36),(15,31):3.883380
(33,36),(32,31):0.000000
(33,36),(32,32):4.833333
(33,36),(35,32):4.000000
(33,35),(13,35):80.901512
(33,35),(13,33):42.549999
(33,35),(14,33):82.020889
(33,35),(14,21):4.911111
(33,35),(16,21):0.004728
(33,35),(16,12):0.000000
(33,35),(17,12):0.000000
(33,35),(17,10):0.000000
(33,35),(23,10):0.000000
(33,35),(23,4):0.000000
(33,35),(21,4):0.000000
(33,35),(21,3):0.000000
(33,35),(20,3):0.000000
(33,35),(20,6):0.000000
(33,35),(12,6):0.000000
(33,35),(12,7):0.000000
(33,35),(11,7):0.000000
(33,35),(11,23):0.000000
(33,35),(6,23):0.000000
(33,35),(6,22):0.000000
(33,35),(9,22):0.000000
(33,35),(9,18):0.000000
(33,35),(3,18):0.000000
(33,35),(3,24):0.000000
(33,35),(2,24):0.000000
(33,35),(2,19):0.000000
(33,35),(1,19):0.000000
(33,35),(1,17):0.000000
(33,35),(4,17):0.000000
(33,35),(4,16):0.000000
(33,35),(5,16):0.000000
(33,35),(5,11):0.000000
(33,35),(7,11):0.000000
(33,35),(7,14):0.000000
(33,35),(8,14):0.000000
(33,35),(8,9):0.000000
(33,35),(10,9):0.000000
(33,35),(10,5):0.000000
(33,35),(18,5):0.000000
(33,35),(18,1):0.000000
(33,35),(27,1):0.000000
(33,35),(27,2):0.000000
(33,35),(28,2):0.000000
(33,35),(28,8):0.000000
(33,35),(26,8):0.000000
(33,35),(26,13):0.000000
(33,35),(29,13):0.000000
(33,35),(29,15):0.000000
(33,35),(22,15):0.000000
(33,35),(22,20):0.000000
(33,35),(19,20):0.000000
(33,35),(19,25):0.000000
(33,35),(30,25):0.000000
(33,35),(30,28):0.000000
(33,35),(31,28):0.000000
(33,35),(31,29):0.000000
(33,35),(25,29):0.000000
(33,35),(25,27):0.000000
(33,35),(24,27):0.000000
(33,35),(24,26):0.000000
(33,35),(15,26):4.396825
(33,35),(15,31):80.611115
(33,35),(32,31):73.777779
(33,35),(32,32):82.668304
(33,35),(35,32):64.726189
(13,35),(13,33):43.904762
(13,35),(14,33):82.928574
(13,35),(14,21):3.800000
(13,35),(16,21):0.000000
(13,35),(16,12):0.000000
(13,35),(17,12):0.000000
(13,35),(17,10):0.000000
(13,35),(23,10):0.000000
(13,35),(23,4):0.000000
(13,35),(21,4):0.000000
(13,35),(21,3):0.000000
(13,35),(20,3):0.000000
(13,35),(20,6):0.000000
(13,35),(12,6):0.000000
(13,35),(12,7):0.000000
(13,35),(11,7):0.000000
(13,35),(11,23):0.000000
(13,35),(6,23):0.000000
(13,35),(6,22):0.000000
(13,35),(9,22):0.000000
(13,35),(9,18):0.000000
(13,35),(3,18):0.000000
(13,35),(3,24):0.000000
(13,35),(2,24):0.000000
(13,35),(2,19):0.000000
(13,35),(1,19):0.000000
(13,35),(1,17):0.000000
(13,35),(4,17):0.000000
(13,35),(4,16):0.000000
(13,35),(5,16):0.000000
(13,35),(5,11):0.000000
(13,35),(7,11):0.000000
(13,35),(7,14):0.000000
(13,35),(8,14):0.000000
(13,35),(8,9):0.000000
(13,35),(10,9):0.000000
(13,35),(10,5):0.000000
(13,35),(18,5):0.000000
(13,35),(18,1):0.000000
(13,35),(27,1):0.000000
(13,35),(27,2):0.000000
(13,35),(28,2):0.000000
(13,35),(28,8):0.000000
(13,35),(26,8):0.000000
(13,35),(26,13):0.000000
(13,35),(29,13):0.000000
(13,35),(29,15):0.000000
(13,35),(22,15):0.000000
(13,35),(22,20):0.000000
(13,35),(19,20):0.000000
(13,35),(19,25):0.000000
(13,35),(30,25):0.000000
(13,35),(30,28):0.000000
(13,35),(31,28):0.000000
(13,35),(31,29):0.000000
(13,35),(25,29):0.000000
(13,35),(25,27):0.000000
(13,35),(24,27):0.000000
(13,35),(24,26):0.000000
(13,35),(15,26):3.285714
(13,35),(15,31):81.434174
(13,35),(32,31):72.944443
(13,35),(32,32):82.876984
(13,35),(35,32):65.449135
(13,33),(14,33):44.049999
(13,33),(14,21):2.600000
(13,33),(16,21):0.000000
(13,33),(16,12):0.000000
(13,33),(17,12):0.000000
(13,33),(17,10):0.000000
(13,33),(23,10):0.000000
(13,33),(23,4):0.000000
(13,33),(21,4):0.000000
(13,33),(21,3):0.000000
(13,33),(20,3):0.000000
(13,33),(20,6):0.000000
(13,33),(12,6):0.000000
(13,33),(12,7):0.000000
(13,33),(11,7):0.000000
(13,33),(11,23):0.000000
(13,33),(6,23):0.000000
(13,33),(6,22):0.000000
(13,33),(9,22):0.000000
(13,33),(9,18):0.000000
(13,33),(3,18):0.000000
(13,33),(3,24):0.000000
(13,33),(2,24):0.000000
(13,33),(2,19):0.000000
(13,33),(1,19):0.000000
(13,33),(1,17):0.000000
(13,33),(4,17):0.000000
(13,33),(4,16):0.000000
(13,33),(5,16):0.000000
(13,33),(5,11):0.000000
(13,33),(7,11):0.000000
(13,33),(7,14):0.000000
(13,33),(8,14):0.000000
(13,33),(8,9):0.000000
(13,33),(10,9):0.000000
(13,33),(10,5):0.000000
(13,33),(18,5):0.000000
(13,33),(18,1):0.000000
(13,33),(27,1):0.000000
(13,33),(27,2):0.000000
(13,33),(28,2):0.000000
(13,33),(28,8):0.000000
(13,33),(26,8):0.000000
(13,33),(26,13):0.000000
(13,33),(29,13):0.000000
(13,33),(29,15):0.000000
(13,33),(22,15):0.000000
(13,33),(22,20):0.000000
(13,33),(19,20):0.000000
(13,33),(19,25):0.000000
(13,33),(30,25):0.000000
(13,33),(30,28):0.000000
(13,33),(31,28):0.000000
(13,33),(31,29):0.000000
(13,33),(25,29):0.000000
(13,33),(25,27):0.000000
(13,33),(24,27):0.000000
(13,33),(24,26):0.000000
(13,33),(15,26):2.285714
(13,33),(15,31):43.049999
(13,33),(32,31):37.944443
(13,33),(32,32):44.022221
(13,33),(35,32):43.738094
(14,33),(14,21):16.585714
(14,33),(16,21):9.285714
(14,33),(16,12):0.000000
(14,33),(17,12):0.000000
(14,33),(17,10):0.000000
(14,33),(23,10):4.725564
(14,33),(23,4):0.000000
(14,33),(21,4):0.000000
(14,33),(21,3):0.000000
(14,33),(20,3):0.000000
(14,33),(20,6):0.000000
(14,33),(12,6):0.000000
(14,33),(12,7):0.000000
(14,33),(11,7):0.000000
(14,33),(11,23):0.000000
(14,33),(6,23):0.000000
(14,33),(6,22):0.000000
(14,33),(9,22):0.000000
(14,33),(9,18):0.000000
(14,33),(3,18):0.000000
(14,33),(3,24):0.000000
(14,33),(2,24):0.000000
(14,33),(2,19):0.000000
(14,33),(1,19):0.000000
(14,33),(1,17):0.000000
(14,33),(4,17):0.000000
(14,33),(4,16):0.000000
(14,33),(5,16):0.000000
(14,33),(5,11):0.000000
(14,33),(7,11):0.000000
(14,33),(7,14):0.000000
(14,33),(8,14):0.000000
(14,33),(8,9):0.000000
(14,33),(10,9):0.000000
(14,33),(10,5):0.000000
(14,33),(18,5):0.000000
(14,33),(18,1):0.000000
(14,33),(27,1):0.000000
(14,33),(27,2):0.000000
(14,33),(28,2):4.271225
(14,33),(28,8):0.000000
(14,33),(26,8):5.069059
(14,33),(26,13):0.000000
(14,33),(29,13):0.000000
(14,33),(29,15):0.000000
(14,33),(22,15):5.619048
(14,33),(22,20):0.000000
(14,33),(19,20):6.883333
(14,33),(19,25):6.910714
(14,33),(30,25):1.104762
(14,33),(30,28):0.000000
(14,33),(31,28):0.000000
(14,33),(31,29):0.000000
(14,33),(25,29):0.000000
(14,33),(25,27):0.000000
(14,33),(24,27):0.000000
(14,33),(24,26):2.125000
(14,33),(15,26):16.071428
(14,33),(15,31):92.582047
(14,33),(32,31):73.944443
(14,33),(32,32):84.054268
(14,33),(35,32):65.762497
(14,21),(16,21):27.875000
(14,21),(16,12):15.115385
(14,21),(17,12):16.465813
(14,21),(17,10):10.066667
(14,21),(23,10):15.857142
(14,21),(23,4):0.000000
(14,21),(21,4):0.000000
(14,21),(21,3):0.000000
(14,21),(20,3):0.000000
(14,21),(20,6):0.000000
(14,21),(12,6):0.000000
(14,21),(12,7):0.000000
(14,21),(11,7):0.000000
(14,21),(11,23):0.000000
(14,21),(6,23):0.000000
(14,21),(6,22):0.000000
(14,21),(9,22):0.000000
(14,21),(9,18):0.000000
(14,21),(3,18):0.000000
(14,21),(3,24):0.000000
(14,21),(2,24):0.000000
(14,21),(2,19):0.000000
(14,21),(1,19):0.000000
(14,21),(1,17):0.000000
(14,21),(4,17):0.000000
(14,21),(4,16):0.000000
(14,21),(5,16):0.000000
(14,21),(5,11):0.000000
(14,21),(7,11):0.000000
(14,21),(7,14):0.000000
(14,21),(8,14):0.000000
(14,21),(8,9):0.000000
(14,21),(10,9):0.000000
(14,21),(10,5):0.000000
(14,21),(18,5):0.000000
(14,21),(18,1):0.000000
(14,21),(27,1):2.631579
(14,21),(27,2):5.972222
(14,21),(28,2):13.560577
(14,21),(28,8):0.000000
(14,21),(26,8):13.009849
(14,21),(26,13):0.000000
(14,21),(29,13):0.000000
(14,21),(29,15):0.000000
(14,21),(22,15):13.285714
(14,21),(22,20):0.000000
(14,21),(19,20):25.083334
(14,21),(19,25):25.750000
(14,21),(30,25):5.658333
(14,21),(30,28):0.000000
(14,21),(31,28):0.000000
(14,21),(31,29):0.000000
(14,21),(25,29):0.000000
(14,21),(25,27):0.000000
(14,21),(24,27):0.000000
(14,21),(24,26):8.125000
(14,21),(15,26):34.625000
(14,21),(15,31):14.800000
(14,21),(32,31):4.800000
(14,21),(32,32):4.829412
(14,21),(35,32):3.750000
(16,21),(16,12):69.115387
(16,21),(17,12):89.243591
(16,21),(17,10):72.344444
(16,21),(23,10):98.096825
(16,21),(23,4):20.542856
(16,21),(21,4):1.097403
(16,21),(21,3):4.246401
(16,21),(20,3):0.233766
(16,21),(20,6):0.000000
(16,21),(12,6):0.000000
(16,21),(12,7):0.000000
(16,21),(11,7):0.000000
(16,21),(11,23):0.000000
(16,21),(6,23):0.000000
(16,21),(6,22):0.000000
(16,21),(9,22):0.000000
(16,21),(9,18):0.000000
(16,21),(3,18):0.000000
(16,21),(3,24):0.000000
(16,21),(2,24):0.000000
(16,21),(2,19):0.000000
(16,21),(1,19):0.000000
(16,21),(1,17):0.000000
(16,21),(4,17):0.000000
(16,21),(4,16):0.000000
(16,21),(5,16):0.000000
(16,21),(5,11):0.000000
(16,21),(7,11):0.000000
(16,21),(7,14):0.000000
(16,21),(8,14):0.000000
(16,21),(8,9):0.000000
(16,21),(10,9):0.000000
(16,21),(10,5):0.000000
(16,21),(18,5):0.000000
(16,21),(18,1):4.758646
(16,21),(27,1):31.738127
(16,21),(27,2):41.113445
(16,21),(28,2):54.052299
(16,21),(28,8):8.315584
(16,21),(26,8):77.280647
(16,21),(26,13):55.849205
(16,21),(29,13):19.142857
(16,21),(29,15):34.227779
(16,21),(22,15):96.406349
(16,21),(22,20):56.277779
(16,21),(19,20):103.242065
(16,21),(19,25):56.277779
(16,21),(30,25):5.408333
(16,21),(30,28):0.000000
(16,21),(31,28):0.000000
(16,21),(31,29):0.000000
(16,21),(25,29):0.000000
(16,21),(25,27):0.000000
(16,21),(24,27):0.000000
(16,21),(24,26):7.875000
(16,21),(15,26):91.823700
(16,21),(15,31):7.500000
(16,21),(32,31):0.000000
(16,21),(32,32):0.000342
(16,21),(35,32):0.000000
(16,12),(17,12):83.576920
(16,12),(17,10):68.566666
(16,12),(23,10):70.133331
(16,12),(23,4):9.666667
(16,12),(21,4):0.000000
(16,12),(21,3):0.000000
(16,12),(20,3):0.000000
(16,12),(20,6):0.000000
(16,12),(12,6):0.000000
(16,12),(12,7):0.000000
(16,12),(11,7):0.000000
(16,12),(11,23):0.000000
(16,12),(6,23):0.000000
(16,12),(6,22):0.000000
(16,12),(9,22):0.000000
(16,12),(9,18):0.000000
(16,12),(3,18):0.000000
(16,12),(3,24):0.000000
(16,12),(2,24):0.000000
(16,12),(2,19):0.000000
(16,12),(1,19):0.000000
(16,12),(1,17):0.000000
(16,12),(4,17):0.000000
(16,12),(4,16):0.000000
(16,12),(5,16):0.000000
(16,12),(5,11):0.000000
(16,12),(7,11):0.000000
(16,12),(7,14):0.000000
(16,12),(8,14):0.000000
(16,12),(8,9):0.000000
(16,12),(10,9):0.000000
(16,12),(10,5):0.000000
(16,12),(18,5):0.000000
(16,12),(18,1):0.000000
(16,12),(27,1):21.585735
(16,12),(27,2):26.442308
(16,12),(28,2):31.280769
(16,12),(28,8):0.000000
(16,12),(26,8):55.238094
(16,12),(26,13):44.549999
(16,12),(29,13):30.692858
(16,12),(29,15):34.799999
(16,12),(22,15):73.050003
(16,12),(22,20):48.000000
(16,12),(19,20):68.699997
(16,12),(19,25):42.115383
(16,12),(30,25):3.115385
(16,12),(30,28):0.000000
(16,12),(31,28):0.000000
(16,12),(31,29):0.000000
(16,12),(25,29):0.000000
(16,12),(25,27):0.000000
(16,12),(24,27):0.000000
(16,12),(24,26):4.015385
(16,12),(15,26):54.129021
(16,12),(15,31):0.000000
(16,12),(32,31):0.000000
(16,12),(32,32):0.000000
(16,12),(35,32):0.000000
(17,12),(17,10):86.566666
(17,12),(23,10):91.022224
(17,12),(23,4):17.166666
(17,12),(21,4):0.000000
(17,12),(21,3):0.000000
(17,12),(20,3):0.000000
(17,12),(20,6):0.000000
(17,12),(12,6):0.000000
(17,12),(12,7):0.000000
(17,12),(11,7):0.000000
(17,12),(11,23):0.000000
(17,12),(6,23):0.000000
(17,12),(6,22):0.000000
(17,12),(9,22):0.000000
(17,12),(9,18):0.000000
(17,12),(3,18):0.000000
(17,12),(3,24):0.000000
(17,12),(2,24):0.000000
(17,12),(2,19):0.000000
(17,12),(1,19):0.000000
(17,12),(1,17):0.000000
(17,12),(4,17):0.000000
(17,12),(4,16):0.000000
(17,12),(5,16):0.000000
(17,12),(5,11):0.000000
(17,12),(7,11):0.000000
(17,12),(7,14):0.000000
(17,12),(8,14):0.000000
(17,12),(8,9):0.000000
(17,12),(10,9):0.000000
(17,12),(10,5):0.000000
(17,12),(18,5):0.000000
(17,12),(18,1):0.000000
(17,12),(27,1):28.920656
(17,12),(27,2):34.443241
(17,12),(28,2):38.937790
(17,12),(28,8):0.000000
(17,12),(26,8):66.912697
(17,12),(26,13):64.000000
(17,12),(29,13):30.642857
(17,12),(29,15):46.750000
(17,12),(22,15):93.590912
(17,12),(22,20):58.000000
(17,12),(19,20):85.722221
(17,12),(19,25):47.465813
(17,12),(30,25):3.576923
(17,12),(30,28):0.000000
(17,12),(31,28):0.000000
(17,12),(31,29):0.000000
(17,12),(25,29):0.000000
(17,12),(25,27):0.000000
(17,12),(24,27):0.000000
(17,12),(24,26):4.737551
(17,12),(15,26):69.577347
(17,12),(15,31):0.000000
(17,12),(32,31):0.000000
(17,12),(32,32):0.000000
(17,12),(35,32):0.000000
(17,10),(23,10):74.500000
(17,10),(23,4):15.666667
(17,10),(21,4):0.000000
(17,10),(21,3):0.000000
(17,10),(20,3):0.000000
(17,10),(20,6):0.000000
(17,10),(12,6):0.000000
(17,10),(12,7):0.000000
(17,10),(11,7):0.000000
(17,10),(11,23):0.000000
(17,10),(6,23):0.000000
(17,10),(6,22):0.000000
(17,10),(9,22):0.000000
(17,10),(9,18):0.000000
(17,10),(3,18):0.000000
(17,10),(3,24):0.000000
(17,10),(2,24):0.000000
(17,10),(2,19):0.000000
(17,10),(1,19):0.000000
(17,10),(1,17):0.000000
(17,10),(4,17):0.000000
(17,10),(4,16):0.000000
(17,10),(5,16):0.000000
(17,10),(5,11):0.000000
(17,10),(7,11):0.000000
(17,10),(7,14):0.000000
(17,10),(8,14):0.000000
(17,10),(8,9):0.000000
(17,10),(10,9):0.000000
(17,10),(10,5):0.000000
(17,10),(18,5):0.000000
(17,10),(18,1):0.000000
(17,10),(27,1):26.571428
(17,10),(27,2):29.942308
(17,10),(28,2):31.930769
(17,10),(28,8):0.000000
(17,10),(26,8):54.285713
(17,10),(26,13):55.750000
(17,10),(29,13):26.071428
(17,10),(29,15):42.750000
(17,10),(22,15):77.833336
(17,10),(22,20):50.000000
(17,10),(19,20):69.500000
(17,10),(19,25):32.066666
(17,10),(30,25):2.066667
(17,10),(30,28):0.000000
(17,10),(31,28):0.000000
(17,10),(31,29):0.000000
(17,10),(25,29):0.000000
(17,10),(25,27):0.000000
(17,10),(24,27):0.000000
(17,10),(24,26):2.466667
(17,10),(15,26):59.671211
(17,10),(15,31):0.000000
(17,10),(32,31):0.000000
(17,10),(32,32):0.000000
(17,10),(35,32):0.000000
(23,10),(23,4):54.333332
(23,10),(21,4):14.000000
(23,10),(21,3):20.250000
(23,10),(20,3):9.000000
(23,10),(20,6):0.000000
(23,10),(12,6):0.000000
(23,10),(12,7):0.000000
(23,10),(11,7):0.000000
(23,10),(11,23):0.000000
(23,10),(6,23):0.000000
(23,10),(6,22):0.000000
(23,10),(9,22):0.000000
(23,10),(9,18):0.000000
(23,10),(3,18):0.000000
(23,10),(3,24):0.000000
(23,10),(2,24):0.000000
(23,10),(2,19):0.000000
(23,10),(1,19):0.000000
(23,10),(1,17):0.000000
(23,10),(4,17):0.000000
(23,10),(4,16):0.000000
(23,10),(5,16):0.000000
(23,10),(5,11):0.000000
(23,10),(7,11):0.000000
(23,10),(7,14):0.000000
(23,10),(8,14):0.000000
(23,10),(8,9):0.000000
(23,10),(10,9):0.000000
(23,10),(10,5):0.000000
(23,10),(18,5):0.000000
(23,10),(18,1):21.400585
(23,10),(27,1):61.012321
(23,10),(27,2):71.775642
(23,10),(28,2):77.853844
(23,10),(28,8):32.583332
(23,10),(26,8):110.365799
(23,10),(26,13):85.833336
(23,10),(29,13):27.142857
(23,10),(29,15):43.083332
(23,10),(22,15):120.576187
(23,10),(22,20):55.333332
(23,10),(19,20):100.778572
(23,10),(19,25):45.615475
(23,10),(30,25):2.833333
(23,10),(30,28):0.000000
(23,10),(31,28):0.000000
(23,10),(31,29):0.000000
(23,10),(25,29):0.000000
(23,10),(25,27):0.000000
(23,10),(24,27):0.000000
(23,10),(24,26):4.923869
(23,10),(15,26):83.927269
(23,10),(15,31):3.642857
(23,10),(32,31):0.000000
(23,10),(32,32):0.000000
(23,10),(35,32):0.000000
(23,4),(21,4):20.000000
(23,4),(21,3):30.000000
(23,4),(20,3):16.750000
(23,4),(20,6):2.000000
(23,4),(12,6):0.000000
(23,4),(12,7):0.000000
(23,4),(11,7):0.000000
(23,4),(11,23):0.000000
(23,4),(6,23):0.000000
(23,4),(6,22):0.000000
(23,4),(9,22):0.000000
(23,4),(9,18):0.000000
(23,4),(3,18):0.000000
(23,4),(3,24):0.000000
(23,4),(2,24):0.000000
(23,4),(2,19):0.000000
(23,4),(1,19):0.000000
(23,4),(1,17):0.000000
(23,4),(4,17):0.000000
(23,4),(4,16):0.000000
(23,4),(5,16):0.000000
(23,4),(5,11):0.000000
(23,4),(7,11):0.000000
(23,4),(7,14):0.000000
(23,4),(8,14):0.000000
(23,4),(8,9):0.000000
(23,4),(10,9):0.000000
(23,4),(10,5):0.000000
(23,4),(18,5):3.916667
(23,4),(18,1):30.444445
(23,4),(27,1):55.250000
(23,4),(27,2):60.666668
(23,4),(28,2):47.833332
(23,4),(28,8):39.541668
(23,4),(26,8):58.375000
(23,4),(26,13):44.166668
(23,4),(29,13):6.666667
(23,4),(29,15):9.666667
(23,4),(22,15):44.066666
(23,4),(22,20):0.000000
(23,4),(19,20):22.871429
(23,4),(19,25):0.000000
(23,4),(30,25):0.000000
(23,4),(30,28):0.000000
(23,4),(31,28):0.000000
(23,4),(31,29):0.000000
(23,4),(25,29):0.000000
(23,4),(25,27):0.000000
(23,4),(24,27):0.000000
(23,4),(24,26):0.000000
(23,4),(15,26):19.941559
(23,4),(15,31):0.000000
(23,4),(32,31):0.000000
(23,4),(32,32):0.000000
(23,4),(35,32):0.000000
(21,4),(21,3):20.000000
(21,4),(20,3):13.000000
(21,4),(20,6):0.000000
(21,4),(12,6):0.000000
(21,4),(12,7):0.000000
(21,4),(11,7):0.000000
(21,4),(11,23):0.000000
(21,4),(6,23):0.000000
(21,4),(6,22):0.000000
(21,4),(9,22):0.000000
(21,4),(9,18):0.000000
(21,4),(3,18):0.000000
(21,4),(3,24):0.000000
(21,4),(2,24):0.000000
(21,4),(2,19):0.000000
(21,4),(1,19):0.000000
(21,4),(1,17):0.000000
(21,4),(4,17):0.000000
(21,4),(4,16):0.000000
(21,4),(5,16):0.000000
(21,4),(5,11):0.000000
(21,4),(7,11):0.000000
(21,4),(7,14):0.000000
(21,4),(8,14):0.000000
(21,4),(8,9):0.000000
(21,4),(10,9):0.000000
(21,4),(10,5):0.000000
(21,4),(18,5):0.500000
(21,4),(18,1):19.194445
(21,4),(27,1):18.000000
(21,4),(27,2):20.000000
(21,4),(28,2):14.000000
(21,4),(28,8):18.316668
(21,4),(26,8):17.333334
(21,4),(26,13):10.500000
(21,4),(29,13):0.000000
(21,4),(29,15):0.000000
(21,4),(22,15):9.500000
(21,4),(22,20):0.000000
(21,4),(19,20):5.000000
(21,4),(19,25):0.000000
(21,4),(30,25):0.000000
(21,4),(30,28):0.000000
(21,4),(31,28):0.000000
(21,4),(31,29):0.000000
(21,4),(25,29):0.000000
(21,4),(25,27):0.000000
(21,4),(24,27):0.000000
(21,4),(24,26):0.000000
(21,4),(15,26):3.000000
(21,4),(15,31):0.000000
(21,4),(32,31):0.000000
(21,4),(32,32):0.000000
(21,4),(35,32):0.000000
(21,3),(20,3):19.000000
(21,3),(20,6):4.000000
(21,3),(12,6):0.000000
(21,3),(12,7):0.000000
(21,3),(11,7):0.000000
(21,3),(11,23):0.000000
(21,3),(6,23):0.000000
(21,3),(6,22):0.000000
(21,3),(9,22):0.000000
(21,3),(9,18):0.000000
(21,3),(3,18):0.000000
(21,3),(3,24):0.000000
(21,3),(2,24):0.000000
(21,3),(2,19):0.000000
(21,3),(1,19):0.000000
(21,3),(1,17):0.000000
(21,3),(4,17):0.000000
(21,3),(4,16):0.000000
(21,3),(5,16):0.000000
(21,3),(5,11):0.000000
(21,3),(7,11):0.000000
(21,3),(7,14):0.000000
(21,3),(8,14):0.000000
(21,3),(8,9):0.000000
(21,3),(10,9):0.000000
(21,3),(10,5):0.000000
(21,3),(18,5):6.000000
(21,3),(18,1):31.444445
(21,3),(27,1):28.000000
(21,3),(27,2):32.250000
(21,3),(28,2):23.250000
(21,3),(28,8):25.791666
(21,3),(26,8):23.625000
(21,3),(26,13):12.750000
(21,3),(29,13):0.000000
(21,3),(29,15):0.000000
(21,3),(22,15):14.533838
(21,3),(22,20):0.000000
(21,3),(19,20):9.210138
(21,3),(19,25):0.000000
(21,3),(30,25):0.000000
(21,3),(30,28):0.000000
(21,3),(31,28):0.000000
(21,3),(31,29):0.000000
(21,3),(25,29):0.000000
(21,3),(25,27):0.000000
(21,3),(24,27):0.000000
(21,3),(24,26):0.000000
(21,3),(15,26):6.714507
(21,3),(15,31):0.000000
(21,3),(32,31):0.000000
(21,3),(32,32):0.000000
(21,3),(35,32):0.000000
(20,3),(20,6):10.500000
(20,3),(12,6):2.833333
(20,3),(12,7):0.000000
(20,3),(11,7):0.000000
(20,3),(11,23):0.000000
(20,3),(6,23):0.000000
(20,3),(6,22):0.000000
(20,3),(9,22):0.000000
(20,3),(9,18):0.000000
(20,3),(3,18):0.000000
(20,3),(3,24):0.000000
(20,3),(2,24):0.000000
(20,3),(2,19):0.000000
(20,3),(1,19):0.000000
(20,3),(1,17):0.000000
(20,3),(4,17):0.000000
(20,3),(4,16):0.000000
(20,3),(5,16):0.000000
(20,3),(5,11):0.000000
(20,3),(7,11):0.000000
(20,3),(7,14):0.000000
(20,3),(8,14):0.000000
(20,3),(8,9):0.000000
(20,3),(10,9):0.000000
(20,3),(10,5):2.500000
(20,3),(18,5):12.500000
(20,3),(18,1):24.944445
(20,3),(27,1):18.571428
(20,3),(27,2):19.285715
(20,3),(28,2):10.250000
(20,3),(28,8):13.916667
(20,3),(26,8):12.000000
(20,3),(26,13):7.333333
(20,3),(29,13):0.000000
(20,3),(29,15):0.000000
(20,3),(22,15):5.800000
(20,3),(22,20):0.000000
(20,3),(19,20):2.600000
(20,3),(19,25):0.000000
(20,3),(30,25):0.000000
(20,3),(30,28):0.000000
(20,3),(31,28):0.000000
(20,3),(31,29):0.000000
(20,3),(25,29):0.000000
(20,3),(25,27):0.000000
(20,3),(24,27):0.000000
(20,3),(24,26):0.000000
(20,3),(15,26):1.250000
(20,3),(15,31):0.000000
(20,3),(32,31):0.000000
(20,3),(32,32):0.000000
(20,3),(35,32):0.000000
(20,6),(12,6):10.333333
(20,6),(12,7):2.000000
(20,6),(11,7):2.500000
(20,6),(11,23):1.000000
(20,6),(6,23):0.000000
(20,6),(6,22):0.000000
(20,6),(9,22):0.930769
(20,6),(9,18):0.883838
(20,6),(3,18):0.000000
(20,6),(3,24):0.000000
(20,6),(2,24):0.000000
(20,6),(2,19):0.000000
(20,6),(1,19):0.000000
(20,6),(1,17):0.000000
(20,6),(4,17):0.000000
(20,6),(4,16):0.000000
(20,6),(5,16):0.000000
(20,6),(5,11):0.000000
(20,6),(7,11):0.000000
(20,6),(7,14):0.000000
(20,6),(8,14):0.242857
(20,6),(8,9):0.000000
(20,6),(10,9):1.750000
(20,6),(10,5):10.000000
(20,6),(18,5):18.000000
(20,6),(18,1):10.000000
(20,6),(27,1):4.571429
(20,6),(27,2):4.285714
(20,6),(28,2):2.250000
(20,6),(28,8):0.225000
(20,6),(26,8):0.000000
(20,6),(26,13):0.000000
(20,6),(29,13):0.000000
(20,6),(29,15):0.000000
(20,6),(22,15):0.000000
(20,6),(22,20):0.000000
(20,6),(19,20):0.000000
(20,6),(19,25):0.000000
(20,6),(30,25):0.000000
(20,6),(30,28):0.000000
(20,6),(31,28):0.000000
(20,6),(31,29):0.000000
(20,6),(25,29):0.000000
(20,6),(25,27):0.000000
(20,6),(24,27):0.000000
(20,6),(24,26):0.000000
(20,6),(15,26):0.000000
(20,6),(15,31):0.000000
(20,6),(32,31):0.000000
(20,6),(32,32):0.000000
(20,6),(35,32):0.000000
(12,6),(12,7):4.000000
(12,6),(11,7):5.000000
(12,6),(11,23):2.500000
(12,6),(6,23):0.000000
(12,6),(6,22):0.000000
(12,6),(9,22):2.192949
(12,6),(9,18):2.037247
(12,6),(3,18):0.000000
(12,6),(3,24):0.000000
(12,6),(2,24):0.000000
(12,6),(2,19):0.000000
(12,6),(1,19):0.000000
(12,6),(1,17):0.000000
(12,6),(4,17):0.000000
(12,6),(4,16):0.000000
(12,6),(5,16):0.000000
(12,6),(5,11):0.000000
(12,6),(7,11):0.000000
(12,6),(7,14):0.000000
(12,6),(8,14):0.490476
(12,6),(8,9):0.000000
(12,6),(10,9):3.500000
(12,6),(10,5):12.500000
(12,6),(18,5):10.666667
(12,6),(18,1):2.333333
(12,6),(27,1):0.000000
(12,6),(27,2):0.000000
(12,6),(28,2):0.000000
(12,6),(28,8):0.000000
(12,6),(26,8):0.000000
(12,6),(26,13):0.000000
(12,6),(29,13):0.000000
(12,6),(29,15):0.000000
(12,6),(22,15):0.000000
(12,6),(22,20):0.000000
(12,6),(19,20):0.000000
(12,6),(19,25):0.000000
(12,6),(30,25):0.000000
(12,6),(30,28):0.000000
(12,6),(31,28):0.000000
(12,6),(31,29):0.000000
(12,6),(25,29):0.000000
(12,6),(25,27):0.000000
(12,6),(24,27):0.000000
(12,6),(24,26):0.000000
(12,6),(15,26):0.000000
(12,6),(15,31):0.000000
(12,6),(32,31):0.000000
(12,6),(32,32):0.000000
(12,6),(35,32):0.000000
(12,7),(11,7):4.000000
(12,7),(11,23):2.000000
(12,7),(6,23):0.000000
(12,7),(6,22):0.000000
(12,7),(9,22):1.805128
(12,7),(9,18):1.696970
(12,7),(3,18):0.000000
(12,7),(3,24):0.000000
(12,7),(2,24):0.000000
(12,7),(2,19):0.000000
(12,7),(1,19):0.000000
(12,7),(1,17):0.000000
(12,7),(4,17):0.000000
(12,7),(4,16):0.000000
(12,7),(5,16):0.000000
(12,7),(5,11):0.000000
(12,7),(7,11):0.000000
(12,7),(7,14):0.000000
(12,7),(8,14):0.457143
(12,7),(8,9):0.000000
(12,7),(10,9):3.000000
(12,7),(10,5):4.000000
(12,7),(18,5):2.333333
(12,7),(18,1):0.000000
(12,7),(27,1):0.000000
(12,7),(27,2):0.000000
(12,7),(28,2):0.000000
(12,7),(28,8):0.000000
(12,7),(26,8):0.000000
(12,7),(26,13):0.000000
(12,7),(29,13):0.000000
(12,7),(29,15):0.000000
(12,7),(22,15):0.000000
(12,7),(22,20):0.000000
(12,7),(19,20):0.000000
(12,7),(19,25):0.000000
(12,7),(30,25):0.000000
(12,7),(30,28):0.000000
(12,7),(31,28):0.000000
(12,7),(31,29):0.000000
(12,7),(25,29):0.000000
(12,7),(25,27):0.000000
(12,7),(24,27):0.000000
(12,7),(24,26):0.000000
(12,7),(15,26):0.000000
(12,7),(15,31):0.000000
(12,7),(32,31):0.000000
(12,7),(32,32):0.000000
(12,7),(35,32):0.000000
(11,7),(11,23):36.049427
(11,7),(6,23):2.733333
(11,7),(6,22):2.066667
(11,7),(9,22):30.717949
(11,7),(9,18):39.903320
(11,7),(3,18):19.028572
(11,7),(3,24):0.000000
(11,7),(2,24):0.000000
(11,7),(2,19):0.000000
(11,7),(1,19):4.830303
(11,7),(1,17):4.750000
(11,7),(4,17):19.203571
(11,7),(4,16):9.371428
(11,7),(5,16):19.428572
(11,7),(5,11):7.385093
(11,7),(7,11):0.595238
(11,7),(7,14):19.428572
(11,7),(8,14):34.960712
(11,7),(8,9):31.611111
(11,7),(10,9):41.238461
(11,7),(10,5):20.500000
(11,7),(18,5):2.833333
(11,7),(18,1):0.000000
(11,7),(27,1):0.000000
(11,7),(27,2):0.000000
(11,7),(28,2):0.000000
(11,7),(28,8):0.000000
(11,7),(26,8):0.000000
(11,7),(26,13):0.000000
(11,7),(29,13):0.000000
(11,7),(29,15):0.000000
(11,7),(22,15):0.000000
(11,7),(22,20):0.000000
(11,7),(19,20):0.000000
(11,7),(19,25):0.000000
(11,7),(30,25):0.000000
(11,7),(30,28):0.000000
(11,7),(31,28):0.000000
(11,7),(31,29):0.000000
(11,7),(25,29):0.000000
(11,7),(25,27):0.000000
(11,7),(24,27):0.000000
(11,7),(24,26):0.000000
(11,7),(15,26):0.000000
(11,7),(15,31):0.000000
(11,7),(32,31):0.000000
(11,7),(32,32):0.000000
(11,7),(35,32):0.000000
(11,23),(6,23):5.666667
(11,23),(6,22):5.000000
(11,23),(9,22):34.384617
(11,23),(9,18):39.311111
(11,23),(3,18):14.800000
(11,23),(3,24):0.000000
(11,23),(2,24):0.000000
(11,23),(2,19):0.000000
(11,23),(1,19):4.464912
(11,23),(1,17):2.450000
(11,23),(4,17):14.975000
(11,23),(4,16):5.600000
(11,23),(5,16):15.200000
(11,23),(5,11):3.000000
(11,23),(7,11):0.000000
(11,23),(7,14):15.200000
(11,23),(8,14):34.325001
(11,23),(8,9):34.361111
(11,23),(10,9):40.013462
(11,23),(10,5):18.000000
(11,23),(18,5):1.250000
(11,23),(18,1):0.000000
(11,23),(27,1):0.000000
(11,23),(27,2):0.000000
(11,23),(28,2):0.000000
(11,23),(28,8):0.000000
(11,23),(26,8):0.000000
(11,23),(26,13):0.000000
(11,23),(29,13):0.000000
(11,23),(29,15):0.000000
(11,23),(22,15):0.000000
(11,23),(22,20):0.000000
(11,23),(19,20):0.000000
(11,23),(19,25):0.000000
(11,23),(30,25):0.000000
(11,23),(30,28):0.000000
(11,23),(31,28):0.000000
(11,23),(31,29):0.000000
(11,23),(25,29):0.000000
(11,23),(25,27):0.000000
(11,23),(24,27):0.000000
(11,23),(24,26):0.000000
(11,23),(15,26):0.000000
(11,23),(15,31):0.000000
(11,23),(32,31):0.000000
(11,23),(32,32):0.000000
(11,23),(35,32):0.000000
(6,23),(6,22):5.000000
(6,23),(9,22):5.666667
(6,23),(9,18):2.666667
(6,23),(3,18):0.000000
(6,23),(3,24):0.000000
(6,23),(2,24):0.000000
(6,23),(2,19):0.000000
(6,23),(1,19):0.000000
(6,23),(1,17):0.000000
(6,23),(4,17):0.000000
(6,23),(4,16):0.000000
(6,23),(5,16):0.000000
(6,23),(5,11):0.006667
(6,23),(7,11):0.000000
(6,23),(7,14):0.095238
(6,23),(8,14):1.387820
(6,23),(8,9):2.134921
(6,23),(10,9):2.705128
(6,23),(10,5):1.500000
(6,23),(18,5):0.000000
(6,23),(18,1):0.000000
(6,23),(27,1):0.000000
(6,23),(27,2):0.000000
(6,23),(28,2):0.000000
(6,23),(28,8):0.000000
(6,23),(26,8):0.000000
(6,23),(26,13):0.000000
(6,23),(29,13):0.000000
(6,23),(29,15):0.000000
(6,23),(22,15):0.000000
(6,23),(22,20):0.000000
(6,23),(19,20):0.000000
(6,23),(19,25):0.000000
(6,23),(30,25):0.000000
(6,23),(30,28):0.000000
(6,23),(31,28):0.000000
(6,23),(31,29):0.000000
(6,23),(25,29):0.000000
(6,23),(25,27):0.000000
(6,23),(24,27):0.000000
(6,23),(24,26):0.000000
(6,23),(15,26):0.000000
(6,23),(15,31):0.000000
(6,23),(32,31):0.000000
(6,23),(32,32):0.000000
(6,23),(35,32):0.000000
(6,22),(9,22):5.000000
(6,22),(9,18):2.000000
(6,22),(3,18):0.000000
(6,22),(3,24):0.000000
(6,22),(2,24):0.000000
(6,22),(2,19):0.000000
(6,22),(1,19):0.000000
(6,22),(1,17):0.000000
(6,22),(4,17):0.000000
(6,22),(4,16):0.000000
(6,22),(5,16):0.000000
(6,22),(5,11):0.000000
(6,22),(7,11):0.000000
(6,22),(7,14):0.000000
(6,22),(8,14):0.875000
(6,22),(8,9):1.500000
(6,22),(10,9):2.038461
(6,22),(10,5):1.000000
(6,22),(18,5):0.000000
(6,22),(18,1):0.000000
(6,22),(27,1):0.000000
(6,22),(27,2):0.000000
(6,22),(28,2):0.000000
(6,22),(28,8):0.000000
(6,22),(26,8):0.000000
(6,22),(26,13):0.000000
(6,22),(29,13):0.000000
(6,22),(29,15):0.000000
(6,22),(22,15):0.000000
(6,22),(22,20):0.000000
(6,22),(19,20):0.000000
(6,22),(19,25):0.000000
(6,22),(30,25):0.000000
(6,22),(30,28):0.000000
(6,22),(31,28):0.000000
(6,22),(31,29):0.000000
(6,22),(25,29):0.000000
(6,22),(25,27):0.000000
(6,22),(24,27):0.000000
(6,22),(24,26):0.000000
(6,22),(15,26):0.000000
(6,22),(15,31):0.000000
(6,22),(32,31):0.000000
(6,22),(32,32):0.000000
(6,22),(35,32):0.000000
(9,22),(9,18):31.377777
(9,22),(3,18):11.200000
(9,22),(3,24):0.000000
(9,22),(2,24):0.000000
(9,22),(2,19):0.000000
(9,22),(1,19):3.000000
(9,22),(1,17):2.250000
(9,22),(4,17):11.400000
(9,22),(4,16):4.800000
(9,22),(5,16):11.666667
(9,22),(5,11):2.500000
(9,22),(7,11):0.000000
(9,22),(7,14):12.000000
(9,22),(8,14):26.150000
(9,22),(8,9):26.611111
(9,22),(10,9):31.689743
(9,22),(10,5):17.651281
(9,22),(18,5):1.130990
(9,22),(18,1):0.000000
(9,22),(27,1):0.000000
(9,22),(27,2):0.000000
(9,22),(28,2):0.000000
(9,22),(28,8):0.000000
(9,22),(26,8):0.000000
(9,22),(26,13):0.000000
(9,22),(29,13):0.000000
(9,22),(29,15):0.000000
(9,22),(22,15):0.000000
(9,22),(22,20):0.000000
(9,22),(19,20):0.000000
(9,22),(19,25):0.000000
(9,22),(30,25):0.000000
(9,22),(30,28):0.000000
(9,22),(31,28):0.000000
(9,22),(31,29):0.000000
(9,22),(25,29):0.000000
(9,22),(25,27):0.000000
(9,22),(24,27):0.000000
(9,22),(24,26):0.000000
(9,22),(15,26):0.000000
(9,22),(15,31):0.000000
(9,22),(32,31):0.000000
(9,22),(32,32):0.000000
(9,22),(35,32):0.000000
(9,18),(3,18):30.100000
(9,18),(3,24):1.300000
(9,18),(2,24):1.083333
(9,18),(2,19):2.500000
(9,18),(1,19):10.333333
(9,18),(1,17):10.250000
(9,18),(4,17):30.775000
(9,18),(4,16):14.800000
(9,18),(5,16):34.250000
(9,18),(5,11):19.250000
(9,18),(7,11):12.550000
(9,18),(7,14):33.750000
(9,18),(8,14):49.500000
(9,18),(8,9):35.611111
(9,18),(10,9):43.674747
(9,18),(10,5):17.474747
(9,18),(18,5):1.062159
(9,18),(18,1):0.000000
(9,18),(27,1):0.000000
(9,18),(27,2):0.000000
(9,18),(28,2):0.000000
(9,18),(28,8):0.000000
(9,18),(26,8):0.000000
(9,18),(26,13):0.000000
(9,18),(29,13):0.000000
(9,18),(29,15):0.000000
(9,18),(22,15):0.000000
(9,18),(22,20):0.000000
(9,18),(19,20):0.000000
(9,18),(19,25):0.000000
(9,18),(30,25):0.000000
(9,18),(30,28):0.000000
(9,18),(31,28):0.000000
(9,18),(31,29):0.000000
(9,18),(25,29):0.000000
(9,18),(25,27):0.000000
(9,18),(24,27):0.000000
(9,18),(24,26):0.000000
(9,18),(15,26):0.000000
(9,18),(15,31):0.000000
(9,18),(32,31):0.000000
(9,18),(32,32):0.000000
(9,18),(35,32):0.000000
(3,18),(3,24):7.400000
(3,18),(2,24):7.083333
(3,18),(2,19):9.500000
(3,18),(1,19):12.333333
(3,18),(1,17):13.000000
(3,18),(4,17):31.375000
(3,18),(4,16):13.500000
(3,18),(5,16):27.000000
(3,18),(5,11):11.333333
(3,18),(7,11):6.800000
(3,18),(7,14):24.000000
(3,18),(8,14):28.141666
(3,18),(8,9):15.600000
(3,18),(10,9):18.799999
(3,18),(10,5):6.000000
(3,18),(18,5):0.000000
(3,18),(18,1):0.000000
(3,18),(27,1):0.000000
(3,18),(27,2):0.000000
(3,18),(28,2):0.000000
(3,18),(28,8):0.000000
(3,18),(26,8):0.000000
(3,18),(26,13):0.000000
(3,18),(29,13):0.000000
(3,18),(29,15):0.000000
(3,18),(22,15):0.000000
(3,18),(22,20):0.000000
(3,18),(19,20):0.000000
(3,18),(19,25):0.000000
(3,18),(30,25):0.000000
(3,18),(30,28):0.000000
(3,18),(31,28):0.000000
(3,18),(31,29):0.000000
(3,18),(25,29):0.000000
(3,18),(25,27):0.000000
(3,18),(24,27):0.000000
(3,18),(24,26):0.000000
(3,18),(15,26):0.000000
(3,18),(15,31):0.000000
(3,18),(32,31):0.000000
(3,18),(32,32):0.000000
(3,18),(35,32):0.000000
(3,24),(2,24):7.000000
(3,24),(2,19):7.400000
(3,24),(1,19):2.400000
(3,24),(1,17):3.400000
(3,24),(4,17):1.900000
(3,24),(4,16):0.000000
(3,24),(5,16):0.000000
(3,24),(5,11):0.000000
(3,24),(7,11):0.000000
(3,24),(7,14):0.000000
(3,24),(8,14):0.293291
(3,24),(8,9):0.000000
(3,24),(10,9):0.000000
(3,24),(10,5):0.000000
(3,24),(18,5):0.000000
(3,24),(18,1):0.000000
(3,24),(27,1):0.000000
(3,24),(27,2):0.000000
(3,24),(28,2):0.000000
(3,24),(28,8):0.000000
(3,24),(26,8):0.000000
(3,24),(26,13):0.000000
(3,24),(29,13):0.000000
(3,24),(29,15):0.000000
(3,24),(22,15):0.000000
(3,24),(22,20):0.000000
(3,24),(19,20):0.000000
(3,24),(19,25):0.000000
(3,24),(30,25):0.000000
(3,24),(30,28):0.000000
(3,24),(31,28):0.000000
(3,24),(31,29):0.000000
(3,24),(25,29):0.000000
(3,24),(25,27):0.000000
(3,24),(24,27):0.000000
(3,24),(24,26):0.000000
(3,24),(15,26):0.000000
(3,24),(15,31):0.000000
(3,24),(32,31):0.000000
(3,24),(32,32):0.000000
(3,24),(35,32):0.000000
(2,24),(2,19):7.083333
(2,24),(1,19):2.083333
(2,24),(1,17):3.083333
(2,24),(4,17):1.583333
(2,24),(4,16):0.000000
(2,24),(5,16):0.000000
(2,24),(5,11):0.000000
(2,24),(7,11):0.000000
(2,24),(7,14):0.000000
(2,24),(8,14):0.280952
(2,24),(8,9):0.000000
(2,24),(10,9):0.000000
(2,24),(10,5):0.000000
(2,24),(18,5):0.000000
(2,24),(18,1):0.000000
(2,24),(27,1):0.000000
(2,24),(27,2):0.000000
(2,24),(28,2):0.000000
(2,24),(28,8):0.000000
(2,24),(26,8):0.000000
(2,24),(26,13):0.000000
(2,24),(29,13):0.000000
(2,24),(29,15):0.000000
(2,24),(22,15):0.000000
(2,24),(22,20):0.000000
(2,24),(19,20):0.000000
(2,24),(19,25):0.000000
(2,24),(30,25):0.000000
(2,24),(30,28):0.000000
(2,24),(31,28):0.000000
(2,24),(31,29):0.000000
(2,24),(25,29):0.000000
(2,24),(25,27):0.000000
(2,24),(24,27):0.000000
(2,24),(24,26):0.000000
(2,24),(15,26):0.000000
(2,24),(15,31):0.000000
(2,24),(32,31):0.000000
(2,24),(32,32):0.000000
(2,24),(35,32):0.000000
(2,19),(1,19):4.500000
(2,19),(1,17):5.500000
(2,19),(4,17):4.000000
(2,19),(4,16):0.000000
(2,19),(5,16):0.000000
(2,19),(5,11):0.000000
(2,19),(7,11):0.000000
(2,19),(7,14):0.000000
(2,19),(8,14):0.541667
(2,19),(8,9):0.000000
(2,19),(10,9):0.000000
(2,19),(10,5):0.000000
(2,19),(18,5):0.000000
(2,19),(18,1):0.000000
(2,19),(27,1):0.000000
(2,19),(27,2):0.000000
(2,19),(28,2):0.000000
(2,19),(28,8):0.000000
(2,19),(26,8):0.000000
(2,19),(26,13):0.000000
(2,19),(29,13):0.000000
(2,19),(29,15):0.000000
(2,19),(22,15):0.000000
(2,19),(22,20):0.000000
(2,19),(19,20):0.000000
(2,19),(19,25):0.000000
(2,19),(30,25):0.000000
(2,19),(30,28):0.000000
(2,19),(31,28):0.000000
(2,19),(31,29):0.000000
(2,19),(25,29):0.000000
(2,19),(25,27):0.000000
(2,19),(24,27):0.000000
(2,19),(24,26):0.000000
(2,19),(15,26):0.000000
(2,19),(15,31):0.000000
(2,19),(32,31):0.000000
(2,19),(32,32):0.000000
(2,19),(35,32):0.000000
(1,19),(1,17):5.000000
(1,19),(4,17):11.833333
(1,19),(4,16):1.500000
(1,19),(5,16):7.833333
(1,19),(5,11):2.435897
(1,19),(7,11):1.886364
(1,19),(7,14):5.750000
(1,19),(8,14):8.375000
(1,19),(8,9):4.250000
(1,19),(10,9):4.782197
(1,19),(10,5):1.583333
(1,19),(18,5):0.000000
(1,19),(18,1):0.000000
(1,19),(27,1):0.000000
(1,19),(27,2):0.000000
(1,19),(28,2):0.000000
(1,19),(28,8):0.000000
(1,19),(26,8):0.000000
(1,19),(26,13):0.000000
(1,19),(29,13):0.000000
(1,19),(29,15):0.000000
(1,19),(22,15):0.000000
(1,19),(22,20):0.000000
(1,19),(19,20):0.000000
(1,19),(19,25):0.000000
(1,19),(30,25):0.000000
(1,19),(30,28):0.000000
(1,19),(31,28):0.000000
(1,19),(31,29):0.000000
(1,19),(25,29):0.000000
(1,19),(25,27):0.000000
(1,19),(24,27):0.000000
(1,19),(24,26):0.000000
(1,19),(15,26):0.000000
(1,19),(15,31):0.000000
(1,19),(32,31):0.000000
(1,19),(32,32):0.000000
(1,19),(35,32):0.000000
(1,17),(4,17):11.750000
(1,17),(4,16):7.250000
(1,17),(5,16):7.750000
(1,17),(5,11):4.363636
(1,17),(7,11):2.600000
(1,17),(7,14):7.750000
(1,17),(8,14):8.291667
(1,17),(8,9):3.250000
(1,17),(10,9):4.650000
(1,17),(10,5):1.187500
(1,17),(18,5):0.000000
(1,17),(18,1):0.000000
(1,17),(27,1):0.000000
(1,17),(27,2):0.000000
(1,17),(28,2):0.000000
(1,17),(28,8):0.000000
(1,17),(26,8):0.000000
(1,17),(26,13):0.000000
(1,17),(29,13):0.000000
(1,17),(29,15):0.000000
(1,17),(22,15):0.000000
(1,17),(22,20):0.000000
(1,17),(19,20):0.000000
(1,17),(19,25):0.000000
(1,17),(30,25):0.000000
(1,17),(30,28):0.000000
(1,17),(31,28):0.000000
(1,17),(31,29):0.000000
(1,17),(25,29):0.000000
(1,17),(25,27):0.000000
(1,17),(24,27):0.000000
(1,17),(24,26):0.000000
(1,17),(15,26):0.000000
(1,17),(15,31):0.000000
(1,17),(32,31):0.000000
(1,17),(32,32):0.000000
(1,17),(35,32):0.000000
(4,17),(4,16):14.400000
(4,17),(5,16):27.900000
(4,17),(5,11):11.384615
(4,17),(7,11):6.800000
(4,17),(7,14):24.400000
(4,17),(8,14):28.483334
(4,17),(8,9):15.775000
(4,17),(10,9):18.975000
(4,17),(10,5):6.175000
(4,17),(18,5):0.000000
(4,17),(18,1):0.000000
(4,17),(27,1):0.000000
(4,17),(27,2):0.000000
(4,17),(28,2):0.000000
(4,17),(28,8):0.000000
(4,17),(26,8):0.000000
(4,17),(26,13):0.000000
(4,17),(29,13):0.000000
(4,17),(29,15):0.000000
(4,17),(22,15):0.000000
(4,17),(22,20):0.000000
(4,17),(19,20):0.000000
(4,17),(19,25):0.000000
(4,17),(30,25):0.000000
(4,17),(30,28):0.000000
(4,17),(31,28):0.000000
(4,17),(31,29):0.000000
(4,17),(25,29):0.000000
(4,17),(25,27):0.000000
(4,17),(24,27):0.000000
(4,17),(24,26):0.000000
(4,17),(15,26):0.000000
(4,17),(15,31):0.000000
(4,17),(32,31):0.000000
(4,17),(32,32):0.000000
(4,17),(35,32):0.000000
(4,16),(5,16):14.800000
(4,16),(5,11):8.121212
(4,16),(7,11):4.800000
(4,16),(7,14):14.300000
(4,16),(8,14):14.466666
(4,16),(8,9):6.800000
(4,16),(10,9):9.200000
(4,16),(10,5):2.600000
(4,16),(18,5):0.000000
(4,16),(18,1):0.000000
(4,16),(27,1):0.000000
(4,16),(27,2):0.000000
(4,16),(28,2):0.000000
(4,16),(28,8):0.000000
(4,16),(26,8):0.000000
(4,16),(26,13):0.000000
(4,16),(29,13):0.000000
(4,16),(29,15):0.000000
(4,16),(22,15):0.000000
(4,16),(22,20):0.000000
(4,16),(19,20):0.000000
(4,16),(19,25):0.000000
(4,16),(30,25):0.000000
(4,16),(30,28):0.000000
(4,16),(31,28):0.000000
(4,16),(31,29):0.000000
(4,16),(25,29):0.000000
(4,16),(25,27):0.000000
(4,16),(24,27):0.000000
(4,16),(24,26):0.000000
(4,16),(15,26):0.000000
(4,16),(15,31):0.000000
(4,16),(32,31):0.000000
(4,16),(32,32):0.000000
(4,16),(35,32):0.000000
(5,16),(5,11):19.500000
(5,16),(7,11):14.800000
(5,16),(7,14):33.000000
(5,16),(8,14):30.166666
(5,16),(8,9):16.000000
(5,16),(10,9):19.200001
(5,16),(10,5):6.416667
(5,16),(18,5):0.000000
(5,16),(18,1):0.000000
(5,16),(27,1):0.000000
(5,16),(27,2):0.000000
(5,16),(28,2):0.000000
(5,16),(28,8):0.000000
(5,16),(26,8):0.000000
(5,16),(26,13):0.000000
(5,16),(29,13):0.000000
(5,16),(29,15):0.000000
(5,16),(22,15):0.000000
(5,16),(22,20):0.000000
(5,16),(19,20):0.000000
(5,16),(19,25):0.000000
(5,16),(30,25):0.000000
(5,16),(30,28):0.000000
(5,16),(31,28):0.000000
(5,16),(31,29):0.000000
(5,16),(25,29):0.000000
(5,16),(25,27):0.000000
(5,16),(24,27):0.000000
(5,16),(24,26):0.000000
(5,16),(15,26):0.000000
(5,16),(15,31):0.000000
(5,16),(32,31):0.000000
(5,16),(32,32):0.000000
(5,16),(35,32):0.000000
(5,11),(7,11):14.000000
(5,11),(7,14):21.500000
(5,11),(8,14):15.500000
(5,11),(8,9):4.250000
(5,11),(10,9):7.168750
(5,11),(10,5):1.375000
(5,11),(18,5):0.000000
(5,11),(18,1):0.000000
(5,11),(27,1):0.000000
(5,11),(27,2):0.000000
(5,11),(28,2):0.000000
(5,11),(28,8):0.000000
(5,11),(26,8):0.000000
(5,11),(26,13):0.000000
(5,11),(29,13):0.000000
(5,11),(29,15):0.000000
(5,11),(22,15):0.000000
(5,11),(22,20):0.000000
(5,11),(19,20):0.000000
(5,11),(19,25):0.000000
(5,11),(30,25):0.000000
(5,11),(30,28):0.000000
(5,11),(31,28):0.000000
(5,11),(31,29):0.000000
(5,11),(25,29):0.000000
(5,11),(25,27):0.000000
(5,11),(24,27):0.000000
(5,11),(24,26):0.000000
(5,11),(15,26):0.000000
(5,11),(15,31):0.000000
(5,11),(32,31):0.000000
(5,11),(32,32):0.000000
(5,11),(35,32):0.000000
(7,11),(7,14):14.800000
(7,11),(8,14):8.800000
(7,11),(8,9):0.000000
(7,11),(10,9):0.450000
(7,11),(10,5):0.000000
(7,11),(18,5):0.000000
(7,11),(18,1):0.000000
(7,11),(27,1):0.000000
(7,11),(27,2):0.000000
(7,11),(28,2):0.000000
(7,11),(28,8):0.000000
(7,11),(26,8):0.000000
(7,11),(26,13):0.000000
(7,11),(29,13):0.000000
(7,11),(29,15):0.000000
(7,11),(22,15):0.000000
(7,11),(22,20):0.000000
(7,11),(19,20):0.000000
(7,11),(19,25):0.000000
(7,11),(30,25):0.000000
(7,11),(30,28):0.000000
(7,11),(31,28):0.000000
(7,11),(31,29):0.000000
(7,11),(25,29):0.000000
(7,11),(25,27):0.000000
(7,11),(24,27):0.000000
(7,11),(24,26):0.000000
(7,11),(15,26):0.000000
(7,11),(15,31):0.000000
(7,11),(32,31):0.000000
(7,11),(32,32):0.000000
(7,11),(35,32):0.000000
(7,14),(8,14):30.000000
(7,14),(8,9):16.000000
(7,14),(10,9):19.200001
(7,14),(10,5):7.000000
(7,14),(18,5):0.000000
(7,14),(18,1):0.000000
(7,14),(27,1):0.000000
(7,14),(27,2):0.000000
(7,14),(28,2):0.000000
(7,14),(28,8):0.000000
(7,14),(26,8):0.000000
(7,14),(26,13):0.000000
(7,14),(29,13):0.000000
(7,14),(29,15):0.000000
(7,14),(22,15):0.000000
(7,14),(22,20):0.000000
(7,14),(19,20):0.000000
(7,14),(19,25):0.000000
(7,14),(30,25):0.000000
(7,14),(30,28):0.000000
(7,14),(31,28):0.000000
(7,14),(31,29):0.000000
(7,14),(25,29):0.000000
(7,14),(25,27):0.000000
(7,14),(24,27):0.000000
(7,14),(24,26):0.000000
(7,14),(15,26):0.000000
(7,14),(15,31):0.000000
(7,14),(32,31):0.000000
(7,14),(32,32):0.000000
(7,14),(35,32):0.000000
(8,14),(8,9):33.875000
(8,14),(10,9):38.732143
(8,14),(10,5):15.532143
(8,14),(18,5):0.270696
(8,14),(18,1):0.000000
(8,14),(27,1):0.000000
(8,14),(27,2):0.000000
(8,14),(28,2):0.000000
(8,14),(28,8):0.000000
(8,14),(26,8):0.000000
(8,14),(26,13):0.000000
(8,14),(29,13):0.000000
(8,14),(29,15):0.000000
(8,14),(22,15):0.000000
(8,14),(22,20):0.000000
(8,14),(19,20):0.000000
(8,14),(19,25):0.000000
(8,14),(30,25):0.000000
(8,14),(30,28):0.000000
(8,14),(31,28):0.000000
(8,14),(31,29):0.000000
(8,14),(25,29):0.000000
(8,14),(25,27):0.000000
(8,14),(24,27):0.000000
(8,14),(24,26):0.000000
(8,14),(15,26):0.000000
(8,14),(15,31):0.000000
(8,14),(32,31):0.000000
(8,14),(32,32):0.000000
(8,14),(35,32):0.000000
(8,9),(10,9):35.611111
(8,9),(10,5):14.000000
(8,9),(18,5):0.000000
(8,9),(18,1):0.000000
(8,9),(27,1):0.000000
(8,9),(27,2):0.000000
(8,9),(28,2):0.000000
(8,9),(28,8):0.000000
(8,9),(26,8):0.000000
(8,9),(26,13):0.000000
(8,9),(29,13):0.000000
(8,9),(29,15):0.000000
(8,9),(22,15):0.000000
(8,9),(22,20):0.000000
(8,9),(19,20):0.000000
(8,9),(19,25):0.000000
(8,9),(30,25):0.000000
(8,9),(30,28):0.000000
(8,9),(31,28):0.000000
(8,9),(31,29):0.000000
(8,9),(25,29):0.000000
(8,9),(25,27):0.000000
(8,9),(24,27):0.000000
(8,9),(24,26):0.000000
(8,9),(15,26):0.000000
(8,9),(15,31):0.000000
(8,9),(32,31):0.000000
(8,9),(32,32):0.000000
(8,9),(35,32):0.000000
(10,9),(10,5):19.000000
(10,9),(18,5):2.060606
(10,9),(18,1):0.000000
(10,9),(27,1):0.000000
(10,9),(27,2):0.000000
(10,9),(28,2):0.000000
(10,9),(28,8):0.000000
(10,9),(26,8):0.000000
(10,9),(26,13):0.000000
(10,9),(29,13):0.000000
(10,9),(29,15):0.000000
(10,9),(22,15):0.000000
(10,9),(22,20):0.000000
(10,9),(19,20):0.000000
(10,9),(19,25):0.000000
(10,9),(30,25):0.000000
(10,9),(30,28):0.000000
(10,9),(31,28):0.000000
(10,9),(31,29):0.000000
(10,9),(25,29):0.000000
(10,9),(25,27):0.000000
(10,9),(24,27):0.000000
(10,9),(24,26):0.000000
(10,9),(15,26):0.000000
(10,9),(15,31):0.000000
(10,9),(32,31):0.000000
(10,9),(32,32):0.000000
(10,9),(35,32):0.000000
(10,5),(18,5):10.333333
(10,5),(18,1):2.000000
(10,5),(27,1):0.000000
(10,5),(27,2):0.000000
(10,5),(28,2):0.000000
(10,5),(28,8):0.000000
(10,5),(26,8):0.000000
(10,5),(26,13):0.000000
(10,5),(29,13):0.000000
(10,5),(29,15):0.000000
(10,5),(22,15):0.000000
(10,5),(22,20):0.000000
(10,5),(19,20):0.000000
(10,5),(19,25):0.000000
(10,5),(30,25):0.000000
(10,5),(30,28):0.000000
(10,5),(31,28):0.000000
(10,5),(31,29):0.000000
(10,5),(25,29):0.000000
(10,5),(25,27):0.000000
(10,5),(24,27):0.000000
(10,5),(24,26):0.000000
(10,5),(15,26):0.000000
(10,5),(15,31):0.000000
(10,5),(32,31):0.000000
(10,5),(32,32):0.000000
(10,5),(35,32):0.000000
(18,5),(18,1):12.000000
(18,5),(27,1):6.571429
(18,5),(27,2):6.285714
(18,5),(28,2):2.750000
(18,5),(28,8):1.680556
(18,5),(26,8):0.446429
(18,5),(26,13):0.000000
(18,5),(29,13):0.000000
(18,5),(29,15):0.000000
(18,5),(22,15):0.000000
(18,5),(22,20):0.000000
(18,5),(19,20):0.000000
(18,5),(19,25):0.000000
(18,5),(30,25):0.000000
(18,5),(30,28):0.000000
(18,5),(31,28):0.000000
(18,5),(31,29):0.000000
(18,5),(25,29):0.000000
(18,5),(25,27):0.000000
(18,5),(24,27):0.000000
(18,5),(24,26):0.000000
(18,5),(15,26):0.000000
(18,5),(15,31):0.000000
(18,5),(32,31):0.000000
(18,5),(32,32):0.000000
(18,5),(35,32):0.000000
(18,1),(27,1):28.621429
(18,1),(27,2):32.980160
(18,1),(28,2):23.944445
(18,1),(28,8):26.986111
(18,1),(26,8):24.819445
(18,1),(26,13):13.200000
(18,1),(29,13):0.000000
(18,1),(29,15):0.000000
(18,1),(22,15):15.228943
(18,1),(22,20):0.000000
(18,1),(19,20):9.776646
(18,1),(19,25):0.000000
(18,1),(30,25):0.000000
(18,1),(30,28):0.000000
(18,1),(31,28):0.000000
(18,1),(31,29):0.000000
(18,1),(25,29):0.000000
(18,1),(25,27):0.000000
(18,1),(24,27):0.000000
(18,1),(24,26):0.000000
(18,1),(15,26):7.212680
(18,1),(15,31):0.000000
(18,1),(32,31):0.000000
(18,1),(32,32):0.000000
(18,1),(35,32):0.000000
(27,1),(27,2):72.283577
(27,1),(28,2):57.202991
(27,1),(28,8):33.541668
(27,1),(26,8):59.665478
(27,1),(26,13):46.035713
(27,1),(29,13):8.085714
(27,1),(29,15):12.514562
(27,1),(22,15):49.917858
(27,1),(22,20):8.882936
(27,1),(19,20):34.444763
(27,1),(19,25):3.309942
(27,1),(30,25):0.573099
(27,1),(30,28):0.000000
(27,1),(31,28):0.000000
(27,1),(31,29):0.000000
(27,1),(25,29):0.000000
(27,1),(25,27):0.000000
(27,1),(24,27):0.000000
(27,1),(24,26):0.817372
(27,1),(15,26):29.027185
(27,1),(15,31):0.000000
(27,1),(32,31):0.000000
(27,1),(32,32):0.000000
(27,1),(35,32):0.000000
(27,2),(28,2):70.314102
(27,2),(28,8):39.541668
(27,2),(26,8):71.648811
(27,2),(26,13):46.416668
(27,2),(29,13):8.375000
(27,2),(29,15):12.854167
(27,2),(22,15):58.708973
(27,2),(22,20):11.192307
(27,2),(19,20):44.217583
(27,2),(19,25):8.000000
(27,2),(30,25):1.305556
(27,2),(30,28):0.000000
(27,2),(31,28):0.000000
(27,2),(31,29):0.000000
(27,2),(25,29):0.000000
(27,2),(25,27):0.000000
(27,2),(24,27):0.000000
(27,2),(24,26):1.965677
(27,2),(15,26):39.234604
(27,2),(15,31):0.000000
(27,2),(32,31):0.000000
(27,2),(32,32):0.000000
(27,2),(35,32):0.000000
(28,2),(28,8):32.500000
(28,2),(26,8):77.708656
(28,2),(26,13):40.954544
(28,2),(29,13):7.785326
(28,2),(29,15):11.834336
(28,2),(22,15):67.349815
(28,2),(22,20):16.280769
(28,2),(19,20):57.577198
(28,2),(19,25):19.125000
(28,2),(30,25):2.283333
(28,2),(30,28):0.000000
(28,2),(31,28):0.000000
(28,2),(31,29):0.000000
(28,2),(25,29):0.000000
(28,2),(25,27):0.000000
(28,2),(24,27):0.000000
(28,2),(24,26):4.137374
(28,2),(15,26):54.162849
(28,2),(15,31):3.323077
(28,2),(32,31):0.000000
(28,2),(32,32):0.000000
(28,2),(35,32):0.000000
(28,8),(26,8):37.291668
(28,8),(26,13):22.500000
(28,8),(29,13):0.000000
(28,8),(29,15):0.000000
(28,8),(22,15):22.716667
(28,8),(22,20):0.000000
(28,8),(19,20):15.088096
(28,8),(19,25):0.000000
(28,8),(30,25):0.000000
(28,8),(30,28):0.000000
(28,8),(31,28):0.000000
(28,8),(31,29):0.000000
(28,8),(25,29):0.000000
(28,8),(25,27):0.000000
(28,8),(24,27):0.000000
(28,8),(24,26):0.000000
(28,8),(15,26):11.727273
(28,8),(15,31):0.000000
(28,8),(32,31):0.000000
(28,8),(32,32):0.000000
(28,8),(35,32):0.000000
(26,8),(26,13):71.166664
(26,8),(29,13):23.059525
(26,8),(29,15):27.291666
(26,8),(22,15):100.309525
(26,8),(22,20):36.857143
(26,8),(19,20):79.211906
(26,8),(19,25):34.025002
(26,8),(30,25):1.825000
(26,8),(30,28):0.000000
(26,8),(31,28):0.000000
(26,8),(31,29):0.000000
(26,8),(25,29):0.000000
(26,8),(25,27):0.000000
(26,8),(24,27):0.000000
(26,8),(24,26):3.529851
(26,8),(15,26):71.662491
(26,8),(15,31):3.868182
(26,8),(32,31):0.000000
(26,8),(32,32):0.000000
(26,8),(35,32):0.000000
(26,13),(29,13):31.142857
(26,13),(29,15):47.250000
(26,13),(22,15):81.900002
(26,13),(22,20):37.000000
(26,13),(19,20):54.916668
(26,13),(19,25):19.750000
(26,13),(30,25):0.000000
(26,13),(30,28):0.000000
(26,13),(31,28):0.000000
(26,13),(31,29):0.000000
(26,13),(25,29):0.000000
(26,13),(25,27):0.000000
(26,13),(24,27):0.000000
(26,13),(24,26):0.000000
(26,13),(15,26):44.328571
(26,13),(15,31):0.000000
(26,13),(32,31):0.000000
(26,13),(32,32):0.000000
(26,13),(35,32):0.000000
(29,13),(29,15):26.000000
(29,13),(22,15):31.142857
(29,13),(22,20):17.142857
(29,13),(19,20):18.342857
(29,13),(19,25):9.857142
(29,13),(30,25):0.000000
(29,13),(30,28):0.000000
(29,13),(31,28):0.000000
(29,13),(31,29):0.000000
(29,13),(25,29):0.000000
(29,13),(25,27):0.000000
(29,13),(24,27):0.000000
(29,13),(24,26):0.000000
(29,13),(15,26):13.963636
(29,13),(15,31):0.000000
(29,13),(32,31):0.000000
(29,13),(32,32):0.000000
(29,13),(35,32):0.000000
(29,15),(22,15):47.250000
(29,15),(22,20):27.916666
(29,15),(19,20):32.583332
(29,15),(19,25):13.000000
(29,15),(30,25):0.000000
(29,15),(30,28):0.000000
(29,15),(31,28):0.000000
(29,15),(31,29):0.000000
(29,15),(25,29):0.000000
(29,15),(25,27):0.000000
(29,15),(24,27):0.000000
(29,15),(24,26):0.000000
(29,15),(15,26):26.281916
(29,15),(15,31):0.000000
(29,15),(32,31):0.000000
(29,15),(32,32):0.000000
(29,15),(35,32):0.000000
(22,15),(22,20):58.000000
(22,15),(19,20):100.916664
(22,15),(19,25):43.325001
(22,15),(30,25):1.733333
(22,15),(30,28):0.000000
(22,15),(31,28):0.000000
(22,15),(31,29):0.000000
(22,15),(25,29):0.000000
(22,15),(25,27):0.000000
(22,15),(24,27):0.000000
(22,15),(24,26):3.396429
(22,15),(15,26):81.064285
(22,15),(15,31):4.285714
(22,15),(32,31):0.000000
(22,15),(32,32):0.000000
(22,15),(35,32):0.000000
(22,20),(19,20):58.000000
(22,20),(19,25):28.000000
(22,20),(30,25):0.000000
(22,20),(30,28):0.000000
(22,20),(31,28):0.000000
(22,20),(31,29):0.000000
(22,20),(25,29):0.000000
(22,20),(25,27):0.000000
(22,20),(24,27):0.000000
(22,20),(24,26):0.000000
(22,20),(15,26):41.250000
(22,20),(15,31):0.000000
(22,20),(32,31):0.000000
(22,20),(32,32):0.000000
(22,20),(35,32):0.000000
(19,20),(19,25):55.458332
(19,20),(30,25):5.033333
(19,20),(30,28):0.000000
(19,20),(31,28):0.000000
(19,20),(31,29):0.000000
(19,20),(25,29):0.000000
(19,20),(25,27):0.000000
(19,20),(24,27):0.000000
(19,20),(24,26):7.500000
(19,20),(15,26):92.471428
(19,20),(15,31):5.250000
(19,20),(32,31):0.000000
(19,20),(32,32):0.000000
(19,20),(35,32):0.000000
(19,25),(30,25):19.633333
(19,25),(30,28):11.100000
(19,25),(31,28):0.000000
(19,25),(31,29):6.666667
(19,25),(25,29):8.500000
(19,25),(25,27):10.100000
(19,25),(24,27):9.500000
(19,25),(24,26):22.100000
(19,25),(15,26):57.025002
(19,25),(15,31):5.125000
(19,25),(32,31):0.000000
(19,25),(32,32):0.000000
(19,25),(35,32):0.000000
(30,25),(30,28):23.400000
(30,25),(31,28):5.000000
(30,25),(31,29):18.500000
(30,25),(25,29):20.000000
(30,25),(25,27):22.500000
(30,25),(24,27):12.000000
(30,25),(24,26):30.000000
(30,25),(15,26):16.033333
(30,25),(15,31):1.033333
(30,25),(32,31):0.000000
(30,25),(32,32):0.000000
(30,25),(35,32):0.000000
(30,28),(31,28):6.000000
(30,28),(31,29):19.500000
(30,28),(25,29):21.000000
(30,28),(25,27):23.299999
(30,28),(24,27):11.900000
(30,28),(24,26):22.233334
(30,28),(15,26):7.500000
(30,28),(15,31):0.000000
(30,28),(32,31):0.000000
(30,28),(32,32):0.000000
(30,28),(35,32):0.000000
(31,28),(31,29):6.000000
(31,28),(25,29):6.000000
(31,28),(25,27):5.900000
(31,28),(24,27):0.000000
(31,28),(24,26):4.333333
(31,28),(15,26):0.000000
(31,28),(15,31):0.000000
(31,28),(32,31):0.000000
(31,28),(32,32):0.000000
(31,28),(35,32):0.000000
(31,29),(25,29):16.500000
(31,29),(25,27):18.733334
(31,29),(24,27):7.833333
(31,29),(24,26):17.333334
(31,29),(15,26):4.666667
(31,29),(15,31):0.000000
(31,29),(32,31):0.000000
(31,29),(32,32):0.000000
(31,29),(35,32):0.000000
(25,29),(25,27):20.900000
(25,29),(24,27):10.000000
(25,29),(24,26):18.833334
(25,29),(15,26):5.000000
(25,29),(15,31):0.000000
(25,29),(32,31):0.000000
(25,29),(32,32):0.000000
(25,29),(35,32):0.000000
(25,27),(24,27):12.000000
(25,27),(24,26):21.333334
(25,27),(15,26):6.500000
(25,27),(15,31):0.000000
(25,27),(32,31):0.000000
(25,27),(32,32):0.000000
(25,27),(35,32):0.000000
(24,27),(24,26):12.000000
(24,27),(15,26):6.000000
(24,27),(15,31):0.000000
(24,27),(32,31):0.000000
(24,27),(32,32):0.000000
(24,27),(35,32):0.000000
(24,26),(15,26):18.500000
(24,26),(15,31):1.900000
(24,26),(32,31):0.000000
(24,26),(32,32):0.000000
(24,26),(35,32):0.000000
(15,26),(15,31):14.285714
(15,26),(32,31):4.285714
(15,26),(32,32):4.315126
(15,26),(35,32):3.285714
(15,31),(32,31):73.000000
(15,31),(32,32):82.669937
(15,31),(35,32):64.304413
(32,31),(32,32):73.944443
(32,31),(35,32):55.944443
(32,32),(35,32):65.872223
