32
(14,9):(6,1)	(7,2)	(7,3)	(7,4)	(8,2)	(8,3)	(8,4)	(8,5)	(9,2)	(9,3)	(9,4)	(9,5)	(10,3)	(10,4)	(10,5)	(10,6)	(11,3)	(11,4)	(11,5)	(11,6)	(11,7)	(11,10)	(12,3)	(12,4)	(12,5)	(12,6)	(12,7)	(12,8)	(12,9)	(13,4)	(13,5)	(13,6)	(13,7)	(13,8)	(13,9)	(14,5)	(14,6)	(14,7)	(14,8)	(14,9)	(14,10)	(15,4)	(15,6)	(15,7)	(15,8)	(16,6)	(16,9)	
(14,10):(6,1)	(7,2)	(7,3)	(8,2)	(8,3)	(8,4)	(9,2)	(9,3)	(9,4)	(9,5)	(10,3)	(10,4)	(10,5)	(10,6)	(11,3)	(11,4)	(11,5)	(11,6)	(11,7)	(11,10)	(12,3)	(12,4)	(12,5)	(12,6)	(12,7)	(12,8)	(12,9)	(13,4)	(13,5)	(13,6)	(13,7)	(13,8)	(13,9)	(14,5)	(14,6)	(14,7)	(14,8)	(14,9)	(14,10)	
(11,10):(11,3)	(11,4)	(11,5)	(11,6)	(11,7)	(11,10)	(12,2)	(12,3)	(12,4)	(12,5)	(12,6)	(12,7)	(12,8)	(12,9)	(13,3)	(13,4)	(13,5)	(13,6)	(13,7)	(13,8)	(13,9)	(14,5)	(14,6)	(14,7)	(14,8)	(14,9)	(14,10)	(15,4)	(15,6)	(15,7)	(15,8)	(16,6)	
(11,7):(2,5)	(3,6)	(3,7)	(4,6)	(4,7)	(5,6)	(5,7)	(6,1)	(6,5)	(6,6)	(6,7)	(7,2)	(7,3)	(7,4)	(7,5)	(7,6)	(7,7)	(8,2)	(8,3)	(8,4)	(8,5)	(8,6)	(8,7)	(9,2)	(9,3)	(9,4)	(9,5)	(9,6)	(9,7)	(10,3)	(10,4)	(10,5)	(10,6)	(10,7)	(11,3)	(11,4)	(11,5)	(11,6)	(11,7)	(11,10)	(12,2)	(12,3)	(12,4)	(12,5)	(12,6)	(12,7)	(12,8)	(12,9)	(13,3)	(13,4)	(13,5)	(13,6)	(13,7)	(13,8)	(13,9)	(14,5)	(14,6)	(14,7)	(14,8)	(14,9)	(14,10)	(15,4)	(15,6)	(15,7)	(15,8)	(16,6)	(16,9)	
(10,7):(2,5)	(3,6)	(3,7)	(3,8)	(4,6)	(4,7)	(5,6)	(5,7)	(6,1)	(6,5)	(6,6)	(6,7)	(7,2)	(7,3)	(7,4)	(7,5)	(7,6)	(7,7)	(8,2)	(8,3)	(8,4)	(8,5)	(8,6)	(8,7)	(9,2)	(9,3)	(9,4)	(9,5)	(9,6)	(9,7)	(10,3)	(10,4)	(10,5)	(10,6)	(10,7)	(10,8)	(11,3)	(11,4)	(11,5)	(11,6)	(11,7)	(12,2)	(12,3)	(12,4)	(12,5)	(12,6)	(12,7)	(13,3)	(13,4)	(13,5)	(13,6)	(13,7)	(14,5)	(14,6)	(14,7)	(15,4)	(15,6)	(15,7)	(16,6)	
(10,8):(2,5)	(3,6)	(3,7)	(3,8)	(4,6)	(4,7)	(5,6)	(5,7)	(6,1)	(6,5)	(6,6)	(6,7)	(7,2)	(7,3)	(7,4)	(7,5)	(7,6)	(7,7)	(8,2)	(8,3)	(8,4)	(8,5)	(8,6)	(8,7)	(9,2)	(9,3)	(9,4)	(9,5)	(9,6)	(9,7)	(10,3)	(10,4)	(10,5)	(10,6)	(10,7)	(10,8)	
(3,8):(2,5)	(2,13)	(2,14)	(3,6)	(3,7)	(3,8)	(3,11)	(3,12)	(3,13)	(3,14)	(4,6)	(4,7)	(5,6)	(5,7)	(6,5)	(6,6)	(6,7)	(7,4)	(7,5)	(7,6)	(7,7)	(8,3)	(8,4)	(8,5)	(8,6)	(8,7)	(9,2)	(9,3)	(9,4)	(9,5)	(9,6)	(9,7)	(10,3)	(10,4)	(10,5)	(10,6)	(10,7)	(10,8)	(11,3)	(11,4)	(11,5)	(11,6)	(12,2)	(12,3)	(12,4)	(12,5)	(12,6)	(13,3)	(13,4)	(13,5)	(13,6)	(14,5)	(14,6)	(15,4)	(15,6)	(16,6)	
(3,11):(1,15)	(2,5)	(2,13)	(2,14)	(3,6)	(3,7)	(3,8)	(3,11)	(3,12)	(3,13)	(3,14)	(4,12)	(4,15)	(5,12)	(6,12)	(7,12)	(7,13)	(8,11)	
(8,11):(3,11)	(3,12)	(4,12)	(5,12)	(5,16)	(6,12)	(6,13)	(6,14)	(6,15)	(7,12)	(7,13)	(7,14)	(8,11)	(8,14)	
(8,14):(5,12)	(6,12)	(6,13)	(6,14)	(7,12)	(7,13)	(7,14)	(8,11)	(8,14)	
(7,14):(5,12)	(5,16)	(6,12)	(6,13)	(6,14)	(6,15)	(7,12)	(7,13)	(7,14)	(7,16)	(8,11)	(8,14)	
(7,16):(5,12)	(5,16)	(6,12)	(6,13)	(6,14)	(6,15)	(7,12)	(7,13)	(7,14)	(7,16)	
(5,16):(5,12)	(5,16)	(6,12)	(6,13)	(6,14)	(6,15)	(7,12)	(7,13)	(7,14)	(7,16)	(8,11)	
(5,12):(3,11)	(3,12)	(4,12)	(5,12)	(5,16)	(6,12)	(6,13)	(6,14)	(6,15)	(7,12)	(7,13)	(7,14)	(7,16)	(8,11)	(8,14)	
(4,12):(1,15)	(2,13)	(2,14)	(3,11)	(3,12)	(3,13)	(3,14)	(4,12)	(4,15)	(5,12)	(6,12)	(7,12)	(8,11)	
(4,15):(1,13)	(1,15)	(2,13)	(2,14)	(3,11)	(3,12)	(3,13)	(3,14)	(4,12)	(4,15)	
(1,15):(1,13)	(1,15)	(2,13)	(2,14)	(3,11)	(3,12)	(3,13)	(3,14)	(4,12)	(4,15)	
(1,13):(1,13)	(1,15)	(2,13)	(2,14)	(3,13)	(3,14)	(4,15)	
(2,13):(1,13)	(1,15)	(2,5)	(2,13)	(2,14)	(3,6)	(3,7)	(3,8)	(3,11)	(3,12)	(3,13)	(3,14)	(4,12)	(4,15)	
(2,5):(2,5)	(2,13)	(2,14)	(3,6)	(3,7)	(3,8)	(3,11)	(3,12)	(3,13)	(3,14)	(4,6)	(4,7)	(5,6)	(5,7)	(6,5)	(6,6)	(6,7)	(7,5)	(7,6)	(7,7)	(8,5)	(8,6)	(8,7)	(9,5)	(9,6)	(9,7)	(10,5)	(10,6)	(10,7)	(10,8)	(11,5)	(11,6)	(11,7)	(12,5)	(12,6)	(12,7)	(13,5)	(13,6)	(13,7)	(14,5)	(14,6)	(14,7)	(15,6)	(15,7)	
(6,5):(2,5)	(3,6)	(3,7)	(3,8)	(4,6)	(4,7)	(5,6)	(5,7)	(6,1)	(6,5)	(6,6)	(6,7)	(7,2)	(7,3)	(7,4)	(7,5)	(7,6)	(7,7)	(8,2)	(8,3)	(8,4)	(8,5)	(8,6)	(8,7)	(9,1)	(9,2)	(9,3)	(9,4)	(9,5)	(9,6)	(9,7)	(10,3)	(10,4)	(10,5)	(10,6)	(10,7)	(10,8)	(11,3)	(11,4)	(11,5)	(11,6)	(11,7)	(12,2)	(12,3)	(12,4)	(12,5)	(12,6)	(12,7)	(13,3)	(13,4)	(13,5)	(13,6)	(13,7)	(14,5)	(14,6)	(14,7)	(14,8)	(15,4)	(15,6)	(15,7)	(15,8)	(16,9)	
(6,1):(6,1)	(6,5)	(6,6)	(6,7)	(7,2)	(7,3)	(7,4)	(7,5)	(7,6)	(7,7)	(8,2)	(8,3)	(8,4)	(8,5)	(8,6)	(8,7)	(9,1)	(9,2)	(9,3)	(9,4)	(9,5)	(9,6)	(9,7)	(10,3)	(10,4)	(10,5)	(10,6)	(10,7)	(10,8)	(11,3)	(11,4)	(11,5)	(11,6)	(11,7)	(12,3)	(12,4)	(12,5)	(12,6)	(12,7)	(12,8)	(13,4)	(13,5)	(13,6)	(13,7)	(13,8)	(13,9)	(14,5)	(14,6)	(14,7)	(14,8)	(14,9)	(14,10)	(15,6)	(15,7)	(15,8)	(16,9)	
(9,1):(5,7)	(6,1)	(6,5)	(6,6)	(6,7)	(7,2)	(7,3)	(7,4)	(7,5)	(7,6)	(7,7)	(8,2)	(8,3)	(8,4)	(8,5)	(8,6)	(8,7)	(9,1)	(9,2)	(9,3)	(9,4)	(9,5)	(9,6)	(9,7)	
(9,2):(3,8)	(4,7)	(5,6)	(5,7)	(6,1)	(6,5)	(6,6)	(6,7)	(7,2)	(7,3)	(7,4)	(7,5)	(7,6)	(7,7)	(8,2)	(8,3)	(8,4)	(8,5)	(8,6)	(8,7)	(9,1)	(9,2)	(9,3)	(9,4)	(9,5)	(9,6)	(9,7)	(10,3)	(10,4)	(10,5)	(10,6)	(10,7)	(10,8)	(11,3)	(11,4)	(11,5)	(11,6)	(11,7)	(12,2)	(12,3)	(12,4)	(12,5)	(12,6)	(12,7)	(12,8)	(12,9)	(13,4)	(13,5)	(13,6)	(13,7)	(13,8)	(13,9)	(14,5)	(14,6)	(14,7)	(14,8)	(14,9)	(14,10)	(15,6)	(15,7)	(15,8)	(16,9)	
(12,2):(3,7)	(3,8)	(4,6)	(4,7)	(5,6)	(5,7)	(6,5)	(6,6)	(6,7)	(7,2)	(7,3)	(7,4)	(7,5)	(7,6)	(7,7)	(8,2)	(8,3)	(8,4)	(8,5)	(8,6)	(8,7)	(9,2)	(9,3)	(9,4)	(9,5)	(9,6)	(9,7)	(10,3)	(10,4)	(10,5)	(10,6)	(10,7)	(11,3)	(11,4)	(11,5)	(11,6)	(11,7)	(11,10)	(12,2)	(12,3)	(12,4)	(12,5)	(12,6)	(12,7)	(12,8)	(12,9)	
(12,3):(3,6)	(3,7)	(3,8)	(4,6)	(4,7)	(5,6)	(5,7)	(6,1)	(6,5)	(6,6)	(6,7)	(7,2)	(7,3)	(7,4)	(7,5)	(7,6)	(7,7)	(8,2)	(8,3)	(8,4)	(8,5)	(8,6)	(8,7)	(9,2)	(9,3)	(9,4)	(9,5)	(9,6)	(9,7)	(10,3)	(10,4)	(10,5)	(10,6)	(10,7)	(11,3)	(11,4)	(11,5)	(11,6)	(11,7)	(11,10)	(12,2)	(12,3)	(12,4)	(12,5)	(12,6)	(12,7)	(12,8)	(12,9)	(13,3)	(13,4)	(13,5)	(13,6)	(13,7)	(13,8)	(13,9)	(14,5)	(14,6)	(14,7)	(14,8)	(14,9)	(14,10)	(15,6)	(15,7)	(15,8)	(16,9)	
(13,3):(3,6)	(3,7)	(3,8)	(4,6)	(4,7)	(5,6)	(5,7)	(6,5)	(6,6)	(6,7)	(7,3)	(7,4)	(7,5)	(7,6)	(7,7)	(8,3)	(8,4)	(8,5)	(8,6)	(8,7)	(9,3)	(9,4)	(9,5)	(9,6)	(9,7)	(10,3)	(10,4)	(10,5)	(10,6)	(10,7)	(11,3)	(11,4)	(11,5)	(11,6)	(11,7)	(11,10)	(12,3)	(12,4)	(12,5)	(12,6)	(12,7)	(12,8)	(12,9)	(13,3)	(13,4)	(13,5)	(13,6)	(13,7)	(13,8)	(13,9)	
(13,4):(3,6)	(3,7)	(3,8)	(4,6)	(4,7)	(5,6)	(5,7)	(6,1)	(6,5)	(6,6)	(6,7)	(7,2)	(7,3)	(7,4)	(7,5)	(7,6)	(7,7)	(8,2)	(8,3)	(8,4)	(8,5)	(8,6)	(8,7)	(9,2)	(9,3)	(9,4)	(9,5)	(9,6)	(9,7)	(10,3)	(10,4)	(10,5)	(10,6)	(10,7)	(11,3)	(11,4)	(11,5)	(11,6)	(11,7)	(11,10)	(12,3)	(12,4)	(12,5)	(12,6)	(12,7)	(12,8)	(12,9)	(13,3)	(13,4)	(13,5)	(13,6)	(13,7)	(13,8)	(13,9)	(14,5)	(14,6)	(14,7)	(14,8)	(14,9)	(14,10)	(15,4)	(15,6)	(15,7)	(15,8)	(16,9)	
(15,4):(3,6)	(3,7)	(3,8)	(4,6)	(4,7)	(5,6)	(5,7)	(6,5)	(6,6)	(6,7)	(7,4)	(7,5)	(7,6)	(7,7)	(8,4)	(8,5)	(8,6)	(8,7)	(9,4)	(9,5)	(9,6)	(9,7)	(10,4)	(10,5)	(10,6)	(10,7)	(11,4)	(11,5)	(11,6)	(11,7)	(11,10)	(12,4)	(12,5)	(12,6)	(12,7)	(12,8)	(12,9)	(13,4)	(13,5)	(13,6)	(13,7)	(13,8)	(13,9)	(14,5)	(14,6)	(14,7)	(14,8)	(14,9)	(15,4)	(15,6)	(15,7)	(15,8)	
(15,6):(2,5)	(3,6)	(3,7)	(3,8)	(4,6)	(4,7)	(5,6)	(5,7)	(6,1)	(6,5)	(6,6)	(6,7)	(7,2)	(7,3)	(7,4)	(7,5)	(7,6)	(7,7)	(8,2)	(8,3)	(8,4)	(8,5)	(8,6)	(8,7)	(9,2)	(9,3)	(9,4)	(9,5)	(9,6)	(9,7)	(10,3)	(10,4)	(10,5)	(10,6)	(10,7)	(11,3)	(11,4)	(11,5)	(11,6)	(11,7)	(11,10)	(12,3)	(12,4)	(12,5)	(12,6)	(12,7)	(12,8)	(12,9)	(13,4)	(13,5)	(13,6)	(13,7)	(13,8)	(13,9)	(14,5)	(14,6)	(14,7)	(14,8)	(14,9)	(15,4)	(15,6)	(15,7)	(15,8)	(16,6)	(16,9)	
(16,6):(3,6)	(3,7)	(3,8)	(4,6)	(4,7)	(5,6)	(5,7)	(6,6)	(6,7)	(7,6)	(7,7)	(8,6)	(8,7)	(9,6)	(9,7)	(10,6)	(10,7)	(11,6)	(11,7)	(11,10)	(12,6)	(12,7)	(12,8)	(12,9)	(13,6)	(13,7)	(13,8)	(13,9)	(14,6)	(14,7)	(14,8)	(14,9)	(15,6)	(15,7)	(15,8)	(16,6)	(16,9)	
(16,9):(6,1)	(6,5)	(7,2)	(7,3)	(7,4)	(7,5)	(8,2)	(8,3)	(8,4)	(8,5)	(9,2)	(9,3)	(9,4)	(9,5)	(9,6)	(10,3)	(10,4)	(10,5)	(10,6)	(11,3)	(11,4)	(11,5)	(11,6)	(11,7)	(12,3)	(12,4)	(12,5)	(12,6)	(12,7)	(12,8)	(12,9)	(13,4)	(13,5)	(13,6)	(13,7)	(13,8)	(13,9)	(14,5)	(14,6)	(14,7)	(14,8)	(14,9)	(15,6)	(15,7)	(15,8)	(16,6)	(16,9)	
(14,9):48.042858
(14,10):35.961311
(11,10):28.333334
(11,7):64.800003
(10,7):59.971428
(10,8):38.916668
(3,8):57.328571
(3,11):21.250000
(8,11):15.833333
(8,14):9.750000
(7,14):13.500000
(7,16):10.250000
(5,16):12.500000
(5,12):16.250000
(4,12):14.250000
(4,15):12.000000
(1,15):9.500000
(1,13):6.000000
(2,13):17.900000
(2,5):46.072651
(6,5):65.444443
(6,1):54.448414
(9,1):24.375000
(9,2):62.200001
(12,2):45.133335
(12,3):66.361115
(13,3):47.589287
(13,4):69.557144
(15,4):52.344444
(15,6):68.666664
(16,6):31.743589
(16,9):47.200001
(14,9),(14,10):35.876190
(14,9),(11,10):28.066668
(14,9),(11,7):48.042858
(14,9),(10,7):35.042858
(14,9),(10,8):14.642858
(14,9),(3,8):25.920729
(14,9),(3,11):0.000000
(14,9),(8,11):0.000000
(14,9),(8,14):0.000000
(14,9),(7,14):0.000000
(14,9),(7,16):0.000000
(14,9),(5,16):0.000000
(14,9),(5,12):0.000000
(14,9),(4,12):0.000000
(14,9),(4,15):0.000000
(14,9),(1,15):0.000000
(14,9),(1,13):0.000000
(14,9),(2,13):0.000000
(14,9),(2,5):14.739316
(14,9),(6,5):39.987301
(14,9),(6,1):41.710316
(14,9),(9,1):10.642858
(14,9),(9,2):44.795238
(14,9),(12,2):24.500000
(14,9),(12,3):44.400002
(14,9),(13,3):25.566668
(14,9),(13,4):46.566666
(14,9),(15,4):29.650000
(14,9),(15,6):46.750000
(14,9),(16,6):18.416666
(14,9),(16,9):43.866665
(14,10),(11,10):20.773809
(14,10),(11,7):35.961311
(14,10),(10,7):26.961309
(14,10),(10,8):10.687500
(14,10),(3,8):20.943453
(14,10),(3,11):0.000000
(14,10),(8,11):0.000000
(14,10),(8,14):0.000000
(14,10),(7,14):0.000000
(14,10),(7,16):0.000000
(14,10),(5,16):0.000000
(14,10),(5,12):0.000000
(14,10),(4,12):0.000000
(14,10),(4,15):0.000000
(14,10),(1,15):0.000000
(14,10),(1,13):0.000000
(14,10),(2,13):0.000000
(14,10),(2,5):9.000000
(14,10),(6,5):28.761309
(14,10),(6,1):30.517332
(14,10),(9,1):7.187500
(14,10),(9,2):33.788761
(14,10),(12,2):20.357143
(14,10),(12,3):34.273811
(14,10),(13,3):21.916666
(14,10),(13,4):34.916668
(14,10),(15,4):22.400000
(14,10),(15,6):34.583332
(14,10),(16,6):12.166667
(14,10),(16,9):32.366665
(11,10),(11,7):28.333334
(11,10),(10,7):16.000000
(11,10),(10,8):0.000000
(11,10),(3,8):13.500000
(11,10),(3,11):0.000000
(11,10),(8,11):0.000000
(11,10),(8,14):0.000000
(11,10),(7,14):0.000000
(11,10),(7,16):0.000000
(11,10),(5,16):0.000000
(11,10),(5,12):0.000000
(11,10),(4,12):0.000000
(11,10),(4,15):0.000000
(11,10),(1,15):0.000000
(11,10),(1,13):0.000000
(11,10),(2,13):0.000000
(11,10),(2,5):11.739316
(11,10),(6,5):20.641415
(11,10),(6,1):22.448412
(11,10),(9,1):0.000000
(11,10),(9,2):25.033333
(11,10),(12,2):8.000000
(11,10),(12,3):25.833334
(11,10),(13,3):14.000000
(11,10),(13,4):27.333334
(11,10),(15,4):22.733334
(11,10),(15,6):27.166666
(11,10),(16,6):17.000000
(11,10),(16,9):24.033333
(11,7),(10,7):51.799999
(11,7),(10,8):30.799999
(11,7),(3,8):41.928570
(11,7),(3,11):2.000000
(11,7),(8,11):0.000000
(11,7),(8,14):0.000000
(11,7),(7,14):0.000000
(11,7),(7,16):0.000000
(11,7),(5,16):0.000000
(11,7),(5,12):0.000000
(11,7),(4,12):0.000000
(11,7),(4,15):0.000000
(11,7),(1,15):0.000000
(11,7),(1,13):0.000000
(11,7),(2,13):2.800000
(11,7),(2,5):29.739317
(11,7),(6,5):56.744446
(11,7),(6,1):50.248413
(11,7),(9,1):19.299999
(11,7),(9,2):55.500000
(11,7),(12,2):37.000000
(11,7),(12,3):58.333332
(11,7),(13,3):39.714287
(11,7),(13,4):61.857143
(11,7),(15,4):45.011112
(11,7),(15,6):63.083332
(11,7),(16,6):26.666666
(11,7),(16,9):47.200001
(10,7),(10,8):38.900002
(10,7),(3,8):50.000000
(10,7),(3,11):3.071429
(10,7),(8,11):0.000000
(10,7),(8,14):0.000000
(10,7),(7,14):0.000000
(10,7),(7,16):0.000000
(10,7),(5,16):0.000000
(10,7),(5,12):0.000000
(10,7),(4,12):0.000000
(10,7),(4,15):0.157635
(10,7),(1,15):0.000000
(10,7),(1,13):0.000000
(10,7),(2,13):3.971429
(10,7),(2,5):35.032967
(10,7),(6,5):59.915874
(10,7),(6,1):45.098412
(10,7),(9,1):24.275000
(10,7),(9,2):50.900002
(10,7),(12,2):41.871429
(10,7),(12,3):53.154762
(10,7),(13,3):41.410713
(10,7),(13,4):56.428570
(10,7),(15,4):41.349205
(10,7),(15,6):55.821430
(10,7),(16,6):19.071428
(10,7),(16,9):37.200001
(10,8),(3,8):31.500000
(10,8),(3,11):3.000000
(10,8),(8,11):0.000000
(10,8),(8,14):0.000000
(10,8),(7,14):0.000000
(10,8),(7,16):0.000000
(10,8),(5,16):0.000000
(10,8),(5,12):0.000000
(10,8),(4,12):0.000000
(10,8),(4,15):0.125000
(10,8),(1,15):0.000000
(10,8),(1,13):0.000000
(10,8),(2,13):3.900000
(10,8),(2,5):24.000000
(10,8),(6,5):38.916668
(10,8),(6,1):26.750000
(10,8),(9,1):24.291666
(10,8),(9,2):31.416666
(10,8),(12,2):31.799999
(10,8),(12,3):34.583332
(10,8),(13,3):29.339285
(10,8),(13,4):36.357143
(10,8),(15,4):26.277779
(10,8),(15,6):35.750000
(10,8),(16,6):13.000000
(10,8),(16,9):17.700001
(3,8),(3,11):10.400000
(3,8),(8,11):1.375000
(3,8),(8,14):0.000000
(3,8),(7,14):0.000000
(3,8),(7,16):0.000000
(3,8),(5,16):0.000000
(3,8),(5,12):1.250000
(3,8),(4,12):4.900000
(3,8),(4,15):6.400000
(3,8),(1,15):3.400000
(3,8),(1,13):2.400000
(3,8),(2,13):11.300000
(3,8),(2,5):39.390110
(3,8),(6,5):50.373016
(3,8),(6,1):35.248917
(3,8),(9,1):16.875000
(3,8),(9,2):41.098038
(3,8),(12,2):37.347618
(3,8),(12,3):45.111111
(3,8),(13,3):38.946430
(3,8),(13,4):47.807144
(3,8),(15,4):39.158730
(3,8),(15,6):46.511906
(3,8),(16,6):16.505495
(3,8),(16,9):27.681204
(3,11),(8,11):8.750000
(3,11),(8,14):6.000000
(3,11),(7,14):5.750000
(3,11),(7,16):3.250000
(3,11),(5,16):5.166667
(3,11),(5,12):8.500000
(3,11),(4,12):13.500000
(3,11),(4,15):11.000000
(3,11),(1,15):8.500000
(3,11),(1,13):5.000000
(3,11),(2,13):16.000000
(3,11),(2,5):11.333333
(3,11),(6,5):3.500000
(3,11),(6,1):0.000000
(3,11),(9,1):0.000000
(3,11),(9,2):0.000000
(3,11),(12,2):1.583333
(3,11),(12,3):2.111111
(3,11),(13,3):2.250000
(3,11),(13,4):2.700000
(3,11),(15,4):2.777778
(3,11),(15,6):3.083333
(3,11),(16,6):2.076923
(3,11),(16,9):0.000000
(8,11),(8,14):9.750000
(8,11),(7,14):12.833333
(8,11),(7,16):9.583333
(8,11),(5,16):11.833333
(8,11),(5,12):15.333333
(8,11),(4,12):6.500000
(8,11),(4,15):2.500000
(8,11),(1,15):2.071429
(8,11),(1,13):0.000000
(8,11),(2,13):3.500000
(8,11),(2,5):1.500000
(8,11),(6,5):0.000000
(8,11),(6,1):0.000000
(8,11),(9,1):0.000000
(8,11),(9,2):0.000000
(8,11),(12,2):0.000000
(8,11),(12,3):0.000000
(8,11),(13,3):0.000000
(8,11),(13,4):0.000000
(8,11),(15,4):0.000000
(8,11),(15,6):0.000000
(8,11),(16,6):0.000000
(8,11),(16,9):0.000000
(8,14),(7,14):9.500000
(8,14),(7,16):6.250000
(8,14),(5,16):8.500000
(8,14),(5,12):9.750000
(8,14),(4,12):3.750000
(8,14),(4,15):0.083333
(8,14),(1,15):0.450000
(8,14),(1,13):0.000000
(8,14),(2,13):0.892857
(8,14),(2,5):0.000000
(8,14),(6,5):0.000000
(8,14),(6,1):0.000000
(8,14),(9,1):0.000000
(8,14),(9,2):0.000000
(8,14),(12,2):0.000000
(8,14),(12,3):0.000000
(8,14),(13,3):0.000000
(8,14),(13,4):0.000000
(8,14),(15,4):0.000000
(8,14),(15,6):0.000000
(8,14),(16,6):0.000000
(8,14),(16,9):0.000000
(7,14),(7,16):10.250000
(7,14),(5,16):12.500000
(7,14),(5,12):13.500000
(7,14),(4,12):3.500000
(7,14),(4,15):0.000000
(7,14),(1,15):0.250000
(7,14),(1,13):0.000000
(7,14),(2,13):0.666667
(7,14),(2,5):0.000000
(7,14),(6,5):0.000000
(7,14),(6,1):0.000000
(7,14),(9,1):0.000000
(7,14),(9,2):0.000000
(7,14),(12,2):0.000000
(7,14),(12,3):0.000000
(7,14),(13,3):0.000000
(7,14),(13,4):0.000000
(7,14),(15,4):0.000000
(7,14),(15,6):0.000000
(7,14),(16,6):0.000000
(7,14),(16,9):0.000000
(7,16),(5,16):10.000000
(7,16),(5,12):10.250000
(7,16),(4,12):2.250000
(7,16),(4,15):0.000000
(7,16),(1,15):0.083333
(7,16),(1,13):0.000000
(7,16),(2,13):0.450000
(7,16),(2,5):0.000000
(7,16),(6,5):0.000000
(7,16),(6,1):0.000000
(7,16),(9,1):0.000000
(7,16),(9,2):0.000000
(7,16),(12,2):0.000000
(7,16),(12,3):0.000000
(7,16),(13,3):0.000000
(7,16),(13,4):0.000000
(7,16),(15,4):0.000000
(7,16),(15,6):0.000000
(7,16),(16,6):0.000000
(7,16),(16,9):0.000000
(5,16),(5,12):12.500000
(5,16),(4,12):3.000000
(5,16),(4,15):0.000000
(5,16),(1,15):0.000000
(5,16),(1,13):0.000000
(5,16),(2,13):0.250000
(5,16),(2,5):0.000000
(5,16),(6,5):0.000000
(5,16),(6,1):0.000000
(5,16),(9,1):0.000000
(5,16),(9,2):0.000000
(5,16),(12,2):0.000000
(5,16),(12,3):0.000000
(5,16),(13,3):0.000000
(5,16),(13,4):0.000000
(5,16),(15,4):0.000000
(5,16),(15,6):0.000000
(5,16),(16,6):0.000000
(5,16),(16,9):0.000000
(5,12),(4,12):6.250000
(5,12),(4,15):2.250000
(5,12),(1,15):1.750000
(5,12),(1,13):0.000000
(5,12),(2,13):3.250000
(5,12),(2,5):1.333333
(5,12),(6,5):0.000000
(5,12),(6,1):0.000000
(5,12),(9,1):0.000000
(5,12),(9,2):0.000000
(5,12),(12,2):0.000000
(5,12),(12,3):0.000000
(5,12),(13,3):0.000000
(5,12),(13,4):0.000000
(5,12),(15,4):0.000000
(5,12),(15,6):0.000000
(5,12),(16,6):0.000000
(5,12),(16,9):0.000000
(4,12),(4,15):10.250000
(4,12),(1,15):9.250000
(4,12),(1,13):5.750000
(4,12),(2,13):11.250000
(4,12),(2,5):5.833333
(4,12),(6,5):0.000000
(4,12),(6,1):0.000000
(4,12),(9,1):0.000000
(4,12),(9,2):0.000000
(4,12),(12,2):0.000000
(4,12),(12,3):0.000000
(4,12),(13,3):0.000000
(4,12),(13,4):0.000000
(4,12),(15,4):0.000000
(4,12),(15,6):0.000000
(4,12),(16,6):0.000000
(4,12),(16,9):0.000000
(4,15),(1,15):9.000000
(4,15),(1,13):6.000000
(4,15),(2,13):12.000000
(4,15),(2,5):7.333333
(4,15),(6,5):0.400000
(4,15),(6,1):0.000000
(4,15),(9,1):0.000000
(4,15),(9,2):0.000000
(4,15),(12,2):0.297619
(4,15),(12,3):0.265583
(4,15),(13,3):0.250000
(4,15),(13,4):0.222727
(4,15),(15,4):0.205128
(4,15),(15,6):0.163333
(4,15),(16,6):0.160256
(4,15),(16,9):0.000000
(1,15),(1,13):6.000000
(1,15),(2,13):9.500000
(1,15),(2,5):4.333333
(1,15),(6,5):0.000000
(1,15),(6,1):0.000000
(1,15),(9,1):0.000000
(1,15),(9,2):0.000000
(1,15),(12,2):0.000000
(1,15),(12,3):0.000000
(1,15),(13,3):0.000000
(1,15),(13,4):0.000000
(1,15),(15,4):0.000000
(1,15),(15,6):0.000000
(1,15),(16,6):0.000000
(1,15),(16,9):0.000000
(1,13),(2,13):6.000000
(1,13),(2,5):3.000000
(1,13),(6,5):0.000000
(1,13),(6,1):0.000000
(1,13),(9,1):0.000000
(1,13),(9,2):0.000000
(1,13),(12,2):0.000000
(1,13),(12,3):0.000000
(1,13),(13,3):0.000000
(1,13),(13,4):0.000000
(1,13),(15,4):0.000000
(1,13),(15,6):0.000000
(1,13),(16,6):0.000000
(1,13),(16,9):0.000000
(2,13),(2,5):12.233334
(2,13),(6,5):4.400000
(2,13),(6,1):0.000000
(2,13),(9,1):0.000000
(2,13),(9,2):0.000000
(2,13),(12,2):1.833333
(2,13),(12,3):2.539683
(2,13),(13,3):2.737013
(2,13),(13,4):3.380672
(2,13),(15,4):3.505050
(2,13),(15,6):3.983333
(2,13),(16,6):2.476923
(2,13),(16,9):0.000000
(2,5),(6,5):38.222221
(2,5),(6,1):25.500000
(2,5),(9,1):12.375000
(2,5),(9,2):29.944445
(2,5),(12,2):24.244444
(2,5),(12,3):34.138889
(2,5),(13,3):28.033730
(2,5),(13,4):35.834919
(2,5),(15,4):34.222221
(2,5),(15,6):35.322651
(2,5),(16,6):21.816238
(2,5),(16,9):16.572649
(6,5),(6,1):50.198414
(6,5),(9,1):24.375000
(6,5),(9,2):56.000000
(6,5),(12,2):42.333332
(6,5),(12,3):58.361111
(6,5),(13,3):42.389286
(6,5),(13,4):61.557144
(6,5),(15,4):44.644444
(6,5),(15,6):60.777779
(6,5),(16,6):24.021368
(6,5),(16,9):42.144444
(6,1),(9,1):21.000000
(6,1),(9,2):54.250000
(6,1),(12,2):32.900002
(6,1),(12,3):51.333332
(6,1),(13,3):33.858334
(6,1),(13,4):52.726189
(6,1),(15,4):36.459522
(6,1),(15,6):50.798412
(6,1),(16,6):19.981482
(6,1),(16,9):43.611111
(9,1),(9,2):24.375000
(9,1),(12,2):21.375000
(9,1),(12,3):22.875000
(9,1),(13,3):18.375000
(9,1),(13,4):23.375000
(9,1),(15,4):15.241667
(9,1),(15,6):22.025000
(9,1),(16,6):6.916667
(9,1),(16,9):13.300000
(9,2),(12,2):39.549999
(9,2),(12,3):59.283333
(9,2),(13,3):40.158333
(9,2),(13,4):60.033333
(9,2),(15,4):42.766666
(9,2),(15,6):57.950001
(9,2),(16,6):25.533333
(9,2),(16,9):45.500000
(12,2),(12,3):45.027779
(12,2),(13,3):38.875000
(12,2),(13,4):44.200001
(12,2),(15,4):32.333332
(12,2),(15,6):42.083332
(12,2),(16,6):17.076923
(12,2),(16,9):26.666666
(12,3),(13,3):47.208332
(12,3),(13,4):65.533333
(12,3),(15,4):48.566666
(12,3),(15,6):62.750000
(12,3),(16,6):31.076923
(12,3),(16,9):44.366665
(13,3),(13,4):47.414288
(13,3),(15,4):40.047619
(13,3),(15,6):44.797619
(13,3),(16,6):22.041208
(13,3),(16,9):26.700001
(13,4),(15,4):52.090477
(13,4),(15,6):66.773811
(13,4),(16,6):31.243589
(13,4),(16,9):46.033333
(15,4),(15,6):50.527779
(15,4),(16,6):28.743589
(15,4),(16,9):29.333334
(15,6),(16,6):31.743589
(15,6),(16,9):46.583332
(16,6),(16,9):16.250000
