60
(29,20):(29,9)	(29,10)	(29,11)	(29,20)	(30,8)	(30,20)	
(29,11):(14,7)	(15,8)	(15,9)	(15,10)	(15,11)	(16,8)	(16,9)	(16,10)	(16,11)	(17,8)	(17,9)	(17,10)	(18,7)	(18,8)	(18,9)	(18,10)	(19,6)	(19,7)	(19,8)	(19,9)	(19,10)	(20,7)	(20,8)	(20,9)	(20,10)	(21,7)	(21,8)	(21,9)	(21,10)	(22,8)	(22,9)	(22,10)	(23,8)	(23,9)	(23,10)	(24,9)	(24,10)	(25,9)	(25,10)	(26,9)	(26,10)	(27,9)	(27,10)	(28,9)	(28,10)	(29,9)	(29,10)	(29,11)	(29,20)	(30,8)	(30,20)	
(16,11):(14,7)	(15,8)	(15,9)	(15,10)	(15,11)	(15,12)	(15,13)	(15,14)	(15,15)	(16,8)	(16,9)	(16,10)	(16,11)	(16,13)	(16,14)	(17,8)	(17,9)	(17,10)	(18,7)	(18,8)	(18,9)	(18,10)	(19,6)	(19,7)	(19,8)	(19,9)	(19,10)	(20,7)	(20,8)	(20,9)	(20,10)	(21,7)	(21,8)	(21,9)	(21,10)	(22,7)	(22,8)	(22,9)	(22,10)	(23,6)	(23,8)	(23,9)	(23,10)	(24,9)	(24,10)	(25,9)	(25,10)	(26,9)	(26,10)	(27,9)	(27,10)	(28,9)	(28,10)	(29,9)	(29,10)	(29,11)	(30,8)	
(16,13):(14,7)	(15,8)	(15,9)	(15,10)	(15,11)	(15,12)	(15,13)	(15,14)	(15,15)	(16,8)	(16,9)	(16,10)	(16,11)	(16,13)	(16,14)	(17,14)	(17,15)	(18,14)	(18,15)	(18,16)	(19,14)	(19,15)	(19,16)	(20,14)	(20,15)	(20,16)	(20,17)	(21,14)	(21,15)	(21,16)	(21,17)	(21,18)	(22,13)	(22,16)	(22,17)	(22,18)	(22,19)	(23,17)	(23,18)	(23,19)	(23,20)	(24,17)	(24,18)	(24,19)	(24,20)	(24,21)	(25,18)	(25,19)	(25,22)	(26,18)	(27,19)	
(22,13):(15,13)	(15,14)	(15,15)	(16,13)	(16,14)	(17,14)	(17,15)	(17,17)	(18,14)	(18,15)	(18,16)	(19,14)	(19,15)	(19,16)	(20,14)	(20,15)	(20,16)	(20,17)	(20,25)	(21,14)	(21,15)	(21,16)	(21,17)	(21,18)	(21,19)	(21,20)	(21,21)	(21,22)	(21,23)	(21,24)	(21,25)	(21,30)	(22,13)	(22,16)	(22,17)	(22,18)	(22,19)	(22,20)	(22,21)	(22,22)	(22,23)	(22,24)	(22,25)	(22,26)	(22,27)	(22,28)	(22,29)	
(22,16):(15,13)	(15,14)	(16,13)	(16,14)	(17,14)	(17,15)	(17,17)	(18,14)	(18,15)	(18,16)	(19,14)	(19,15)	(19,16)	(20,14)	(20,15)	(20,16)	(20,17)	(20,25)	(21,14)	(21,15)	(21,16)	(21,17)	(21,18)	(21,19)	(21,20)	(21,21)	(21,22)	(21,23)	(21,24)	(21,25)	(21,30)	(22,13)	(22,16)	(22,17)	(22,18)	(22,19)	(22,20)	(22,21)	(22,22)	(22,23)	(22,24)	(22,25)	(22,26)	(22,27)	(22,28)	(22,29)	(23,17)	(23,18)	(23,19)	(23,20)	(23,21)	(23,22)	(23,23)	(23,24)	(23,25)	(23,26)	(23,27)	(23,28)	(23,29)	(24,17)	(24,18)	(24,19)	(24,20)	(24,21)	(24,22)	(24,23)	(24,24)	(24,25)	(24,26)	(24,27)	(24,30)	(25,17)	(25,18)	(25,19)	(25,22)	(25,23)	(25,24)	(25,25)	(25,26)	(26,17)	(26,18)	(26,27)	(27,17)	(27,18)	(27,19)	(28,16)	(28,18)	
(28,16):(17,17)	(18,16)	(19,16)	(20,16)	(20,17)	(21,16)	(21,17)	(21,18)	(21,19)	(21,20)	(21,21)	(21,22)	(21,23)	(22,16)	(22,17)	(22,18)	(22,19)	(22,20)	(22,21)	(22,22)	(23,17)	(23,18)	(23,19)	(23,20)	(23,21)	(24,17)	(24,18)	(24,19)	(24,20)	(25,17)	(25,18)	(25,19)	(26,17)	(26,18)	(27,17)	(27,18)	(28,16)	(28,18)	
(28,18):(15,14)	(16,14)	(17,15)	(18,15)	(18,16)	(19,15)	(19,16)	(20,16)	(20,17)	(21,16)	(21,17)	(21,18)	(22,16)	(22,17)	(22,18)	(23,17)	(23,18)	(24,17)	(24,18)	(25,17)	(25,18)	(26,17)	(26,18)	(27,17)	(27,18)	(28,16)	(28,18)	
(27,18):(15,14)	(16,14)	(17,14)	(17,15)	(18,15)	(18,16)	(19,15)	(19,16)	(20,16)	(20,17)	(21,16)	(21,17)	(21,18)	(21,19)	(21,20)	(21,21)	(22,16)	(22,17)	(22,18)	(22,19)	(22,20)	(23,17)	(23,18)	(23,19)	(23,20)	(24,17)	(24,18)	(24,19)	(25,17)	(25,18)	(25,19)	(26,17)	(26,18)	(27,17)	(27,18)	(27,19)	(28,16)	(28,18)	
(27,19):(15,13)	(15,14)	(16,13)	(16,14)	(17,14)	(17,15)	(18,14)	(18,15)	(18,16)	(19,15)	(19,16)	(20,15)	(20,16)	(20,17)	(21,16)	(21,17)	(21,18)	(21,19)	(22,16)	(22,17)	(22,18)	(22,19)	(23,17)	(23,18)	(23,19)	(24,17)	(24,18)	(24,19)	(25,17)	(25,18)	(25,19)	(26,17)	(26,18)	(27,17)	(27,18)	(27,19)	
(25,19):(15,13)	(15,14)	(16,13)	(16,14)	(17,14)	(17,15)	(18,14)	(18,15)	(18,16)	(19,14)	(19,15)	(19,16)	(20,14)	(20,15)	(20,16)	(20,17)	(20,25)	(21,15)	(21,16)	(21,17)	(21,18)	(21,19)	(21,20)	(21,21)	(21,22)	(21,23)	(21,24)	(21,25)	(21,30)	(22,16)	(22,17)	(22,18)	(22,19)	(22,20)	(22,21)	(22,22)	(22,23)	(22,24)	(22,25)	(22,26)	(22,27)	(22,28)	(22,29)	(23,17)	(23,18)	(23,19)	(23,20)	(23,21)	(23,22)	(23,23)	(23,24)	(23,25)	(23,26)	(23,27)	(23,28)	(23,29)	(24,17)	(24,18)	(24,19)	(24,20)	(24,21)	(24,22)	(24,23)	(24,24)	(24,25)	(24,26)	(24,27)	(25,17)	(25,18)	(25,19)	(25,22)	(25,23)	(25,24)	(25,25)	(25,26)	(26,17)	(26,18)	(27,17)	(27,18)	(27,19)	(28,16)	
(25,22):(16,13)	(17,14)	(18,14)	(18,15)	(19,14)	(19,15)	(19,16)	(20,14)	(20,15)	(20,16)	(20,17)	(20,25)	(21,14)	(21,15)	(21,16)	(21,17)	(21,18)	(21,19)	(21,20)	(21,21)	(21,22)	(21,23)	(21,24)	(21,25)	(21,30)	(22,16)	(22,17)	(22,18)	(22,19)	(22,20)	(22,21)	(22,22)	(22,23)	(22,24)	(22,25)	(22,26)	(22,27)	(22,28)	(22,29)	(23,17)	(23,18)	(23,19)	(23,20)	(23,21)	(23,22)	(23,23)	(23,24)	(23,25)	(23,26)	(23,27)	(23,28)	(23,29)	(24,17)	(24,18)	(24,19)	(24,20)	(24,21)	(24,22)	(24,23)	(24,24)	(24,25)	(24,26)	(24,27)	(25,17)	(25,18)	(25,19)	(25,22)	(25,23)	(25,24)	(25,25)	(25,26)	(26,22)	(26,27)	
(26,22):(20,25)	(21,22)	(21,23)	(21,24)	(21,25)	(21,30)	(22,22)	(22,23)	(22,24)	(22,25)	(22,26)	(22,27)	(22,28)	(22,29)	(23,22)	(23,23)	(23,24)	(23,25)	(23,26)	(23,27)	(23,28)	(23,29)	(24,22)	(24,23)	(24,24)	(24,25)	(24,26)	(24,27)	(25,22)	(25,23)	(25,24)	(25,25)	(25,26)	(26,22)	(26,27)	
(26,27):(19,14)	(19,15)	(20,14)	(20,15)	(20,16)	(20,17)	(21,14)	(21,15)	(21,16)	(21,17)	(21,18)	(21,19)	(21,20)	(21,21)	(21,22)	(21,23)	(21,24)	(21,25)	(22,16)	(22,17)	(22,18)	(22,19)	(22,20)	(22,21)	(22,22)	(22,23)	(22,24)	(22,25)	(22,26)	(22,27)	(23,17)	(23,18)	(23,19)	(23,20)	(23,21)	(23,22)	(23,23)	(23,24)	(23,25)	(23,26)	(23,27)	(24,17)	(24,18)	(24,19)	(24,20)	(24,21)	(24,22)	(24,23)	(24,24)	(24,25)	(24,26)	(24,27)	(25,22)	(25,23)	(25,24)	(25,25)	(25,26)	(26,22)	(26,27)	
(24,27):(19,14)	(20,14)	(20,15)	(20,16)	(20,17)	(21,14)	(21,15)	(21,16)	(21,17)	(21,18)	(21,19)	(21,20)	(21,21)	(21,22)	(21,23)	(21,24)	(21,25)	(21,30)	(22,16)	(22,17)	(22,18)	(22,19)	(22,20)	(22,21)	(22,22)	(22,23)	(22,24)	(22,25)	(22,26)	(22,27)	(22,28)	(22,29)	(23,17)	(23,18)	(23,19)	(23,20)	(23,21)	(23,22)	(23,23)	(23,24)	(23,25)	(23,26)	(23,27)	(23,28)	(23,29)	(24,17)	(24,18)	(24,19)	(24,20)	(24,21)	(24,22)	(24,23)	(24,24)	(24,25)	(24,26)	(24,27)	(24,30)	(25,17)	(25,18)	(25,19)	(25,22)	(25,23)	(25,24)	(25,25)	(25,26)	(26,22)	(26,27)	
(24,30):(20,14)	(20,15)	(20,16)	(20,17)	(21,14)	(21,15)	(21,16)	(21,17)	(21,18)	(21,19)	(21,20)	(21,21)	(21,22)	(21,23)	(21,24)	(21,25)	(21,30)	(22,16)	(22,17)	(22,18)	(22,19)	(22,20)	(22,21)	(22,22)	(22,23)	(22,24)	(22,25)	(22,26)	(22,27)	(22,28)	(22,29)	(23,17)	(23,18)	(23,19)	(23,20)	(23,21)	(23,22)	(23,23)	(23,24)	(23,25)	(23,26)	(23,27)	(23,28)	(23,29)	(24,17)	(24,18)	(24,19)	(24,20)	(24,21)	(24,22)	(24,23)	(24,24)	(24,25)	(24,26)	(24,27)	(24,30)	
(21,30):(21,14)	(21,15)	(21,16)	(21,17)	(21,18)	(21,19)	(21,20)	(21,21)	(21,22)	(21,23)	(21,24)	(21,25)	(21,30)	(22,13)	(22,16)	(22,17)	(22,18)	(22,19)	(22,20)	(22,21)	(22,22)	(22,23)	(22,24)	(22,25)	(22,26)	(22,27)	(22,28)	(22,29)	(23,17)	(23,18)	(23,19)	(23,20)	(23,21)	(23,22)	(23,23)	(23,24)	(23,25)	(23,26)	(23,27)	(23,28)	(23,29)	(24,17)	(24,18)	(24,19)	(24,20)	(24,21)	(24,22)	(24,23)	(24,24)	(24,25)	(24,26)	(24,27)	(24,30)	(25,17)	(25,18)	(25,19)	(25,22)	(25,23)	(25,24)	(25,25)	(25,26)	(26,22)	
(21,25):(20,14)	(20,15)	(20,16)	(20,17)	(20,25)	(21,14)	(21,15)	(21,16)	(21,17)	(21,18)	(21,19)	(21,20)	(21,21)	(21,22)	(21,23)	(21,24)	(21,25)	(21,30)	(22,13)	(22,16)	(22,17)	(22,18)	(22,19)	(22,20)	(22,21)	(22,22)	(22,23)	(22,24)	(22,25)	(22,26)	(22,27)	(22,28)	(22,29)	(23,17)	(23,18)	(23,19)	(23,20)	(23,21)	(23,22)	(23,23)	(23,24)	(23,25)	(23,26)	(23,27)	(23,28)	(23,29)	(24,17)	(24,18)	(24,19)	(24,20)	(24,21)	(24,22)	(24,23)	(24,24)	(24,25)	(24,26)	(24,27)	(24,30)	(25,17)	(25,18)	(25,19)	(25,22)	(25,23)	(25,24)	(25,25)	(25,26)	(26,17)	(26,22)	(26,27)	
(20,25):(20,14)	(20,15)	(20,16)	(20,17)	(20,25)	(21,14)	(21,15)	(21,16)	(21,17)	(21,18)	(21,19)	(21,20)	(21,21)	(21,22)	(21,23)	(21,24)	(21,25)	(22,13)	(22,16)	(22,17)	(22,18)	(22,19)	(22,20)	(22,21)	(22,22)	(22,23)	(22,24)	(22,25)	(23,17)	(23,18)	(23,19)	(23,20)	(23,21)	(23,22)	(23,23)	(23,24)	(23,25)	(24,17)	(24,18)	(24,19)	(24,20)	(24,21)	(24,22)	(24,23)	(24,24)	(24,25)	(25,17)	(25,18)	(25,19)	(25,22)	(25,23)	(25,24)	(25,25)	(26,17)	(26,22)	
(20,17):(15,12)	(15,13)	(16,13)	(16,14)	(17,14)	(17,15)	(17,17)	(18,14)	(18,15)	(18,16)	(19,14)	(19,15)	(19,16)	(20,14)	(20,15)	(20,16)	(20,17)	(20,25)	(21,14)	(21,15)	(21,16)	(21,17)	(21,18)	(21,19)	(21,20)	(21,21)	(21,22)	(21,23)	(21,24)	(21,25)	(22,13)	(22,16)	(22,17)	(22,18)	(22,19)	(22,20)	(22,21)	(22,22)	(22,23)	(22,24)	(22,25)	(22,26)	(22,27)	(22,28)	(22,29)	(23,17)	(23,18)	(23,19)	(23,20)	(23,21)	(23,22)	(23,23)	(23,24)	(23,25)	(23,26)	(23,27)	(23,28)	(23,29)	(24,17)	(24,18)	(24,19)	(24,20)	(24,21)	(24,22)	(24,23)	(24,24)	(24,25)	(24,26)	(24,27)	(24,30)	(25,17)	(25,18)	(25,19)	(25,22)	(25,23)	(25,24)	(25,25)	(25,26)	(26,17)	(26,18)	(26,27)	(27,17)	(27,18)	(27,19)	(28,16)	(28,18)	
(17,17):(17,14)	(17,15)	(17,17)	(18,14)	(18,15)	(18,16)	(19,14)	(19,15)	(19,16)	(20,14)	(20,15)	(20,16)	(20,17)	(21,14)	(21,15)	(21,16)	(21,17)	(22,13)	(22,16)	(22,17)	(23,17)	(24,17)	(25,17)	(26,17)	(27,17)	(28,16)	
(17,15):(15,11)	(15,12)	(15,13)	(15,14)	(15,15)	(16,13)	(16,14)	(17,14)	(17,15)	(17,17)	(18,14)	(18,15)	(18,16)	(19,14)	(19,15)	(19,16)	(20,14)	(20,15)	(20,16)	(20,17)	(21,14)	(21,15)	(21,16)	(21,17)	(22,13)	(22,16)	(22,17)	(22,18)	(23,17)	(23,18)	(23,19)	(24,17)	(24,18)	(24,19)	(25,17)	(25,18)	(25,19)	(26,17)	(26,18)	(27,17)	(27,18)	(27,19)	(28,18)	
(15,15):(13,27)	(13,28)	(14,7)	(14,21)	(14,22)	(14,23)	(14,24)	(14,25)	(14,26)	(14,27)	(14,28)	(15,8)	(15,9)	(15,10)	(15,11)	(15,12)	(15,13)	(15,14)	(15,15)	(15,29)	(16,8)	(16,9)	(16,10)	(16,11)	(16,13)	(16,14)	(17,14)	(17,15)	(18,14)	(18,15)	(19,14)	(19,15)	(20,14)	(20,15)	(21,14)	(21,15)	(22,13)	
(15,29):(4,24)	(5,24)	(5,25)	(5,26)	(6,24)	(6,25)	(6,26)	(6,27)	(6,28)	(6,29)	(7,24)	(7,25)	(7,26)	(7,27)	(7,28)	(8,3)	(8,4)	(8,5)	(8,24)	(8,25)	(8,26)	(8,27)	(8,28)	(9,5)	(9,6)	(9,7)	(9,8)	(9,24)	(9,25)	(9,26)	(9,27)	(9,28)	(10,9)	(10,10)	(10,11)	(10,12)	(10,23)	(10,24)	(10,25)	(10,26)	(10,27)	(10,28)	(11,13)	(11,14)	(11,15)	(11,16)	(11,17)	(11,18)	(11,19)	(11,20)	(11,21)	(11,22)	(11,23)	(11,24)	(11,25)	(11,26)	(11,27)	(11,28)	(12,17)	(12,18)	(12,19)	(12,20)	(12,21)	(12,22)	(12,23)	(12,24)	(12,25)	(12,26)	(12,27)	(12,28)	(13,21)	(13,22)	(13,23)	(13,24)	(13,25)	(13,26)	(13,27)	(13,28)	(14,7)	(14,21)	(14,22)	(14,23)	(14,24)	(14,25)	(14,26)	(14,27)	(14,28)	(15,8)	(15,9)	(15,10)	(15,11)	(15,12)	(15,13)	(15,14)	(15,15)	(15,29)	
(6,29):(6,24)	(6,25)	(6,26)	(6,27)	(6,28)	(6,29)	(7,24)	(7,25)	(7,26)	(7,27)	(7,28)	(8,24)	(8,25)	(8,26)	(8,27)	(8,28)	(9,24)	(9,25)	(9,26)	(9,27)	(9,28)	(10,23)	(10,24)	(10,25)	(10,26)	(10,27)	(10,28)	(11,22)	(11,23)	(11,24)	(11,25)	(11,26)	(11,27)	(11,28)	(12,20)	(12,21)	(12,22)	(12,23)	(12,24)	(12,25)	(12,26)	(12,27)	(12,28)	(13,21)	(13,22)	(13,23)	(13,24)	(13,25)	(13,26)	(13,27)	(13,28)	(14,21)	(14,22)	(14,23)	(14,24)	(14,25)	(14,26)	(14,27)	(14,28)	(15,29)	
(6,28):(4,24)	(5,24)	(5,25)	(5,26)	(5,28)	(6,24)	(6,25)	(6,26)	(6,27)	(6,28)	(6,29)	(7,24)	(7,25)	(7,26)	(7,27)	(7,28)	(8,24)	(8,25)	(8,26)	(8,27)	(8,28)	(9,24)	(9,25)	(9,26)	(9,27)	(9,28)	(10,23)	(10,24)	(10,25)	(10,26)	(10,27)	(10,28)	(11,22)	(11,23)	(11,24)	(11,25)	(11,26)	(11,27)	(11,28)	(12,21)	(12,22)	(12,23)	(12,24)	(12,25)	(12,26)	(12,27)	(12,28)	(13,21)	(13,22)	(13,23)	(13,24)	(13,25)	(13,26)	(13,27)	(13,28)	(14,21)	(14,22)	(14,23)	(14,24)	(14,25)	(14,26)	(14,27)	(14,28)	(15,29)	
(5,28):(5,24)	(5,25)	(5,26)	(5,28)	(6,24)	(6,25)	(6,26)	(6,27)	(6,28)	(7,24)	(7,25)	(7,26)	(7,27)	(7,28)	(8,24)	(8,25)	(8,26)	(8,27)	(8,28)	(9,24)	(9,25)	(9,26)	(9,27)	(9,28)	(10,23)	(10,24)	(10,25)	(10,26)	(10,27)	(10,28)	(11,22)	(11,23)	(11,24)	(11,25)	(11,26)	(11,27)	(11,28)	(12,21)	(12,22)	(12,23)	(12,24)	(12,25)	(12,26)	(12,27)	(12,28)	(13,21)	(13,22)	(13,23)	(13,24)	(13,25)	(13,26)	(13,27)	(13,28)	(14,21)	(14,22)	(14,23)	(14,24)	(14,25)	(14,26)	(14,27)	(14,28)	
(5,26):(4,24)	(4,26)	(5,24)	(5,25)	(5,26)	(5,28)	(6,24)	(6,25)	(6,26)	(6,27)	(6,28)	(7,24)	(7,25)	(7,26)	(7,27)	(7,28)	(8,24)	(8,25)	(8,26)	(8,27)	(8,28)	(9,24)	(9,25)	(9,26)	(9,27)	(9,28)	(10,23)	(10,24)	(10,25)	(10,26)	(10,27)	(10,28)	(11,23)	(11,24)	(11,25)	(11,26)	(11,27)	(11,28)	(12,22)	(12,23)	(12,24)	(12,25)	(12,26)	(12,27)	(12,28)	(13,22)	(13,23)	(13,24)	(13,25)	(13,26)	(13,27)	(13,28)	(14,21)	(14,22)	(14,23)	(14,24)	(14,25)	(14,26)	(14,27)	(14,28)	(15,29)	
(4,26):(4,24)	(4,26)	(5,24)	(5,25)	(5,26)	(6,24)	(6,25)	(6,26)	(7,24)	(7,25)	(7,26)	(8,24)	(8,25)	(8,26)	(9,24)	(9,25)	(9,26)	(10,23)	(10,24)	(10,25)	(10,26)	(11,23)	(11,24)	(11,25)	(11,26)	(12,22)	(12,23)	(12,24)	(12,25)	(12,26)	(13,22)	(13,23)	(13,24)	(13,25)	(13,26)	(14,21)	(14,22)	(14,23)	(14,24)	(14,25)	(14,26)	
(4,24):(1,23)	(1,24)	(4,24)	(4,26)	(5,24)	(5,25)	(5,26)	(6,24)	(6,25)	(6,26)	(6,27)	(6,28)	(7,24)	(7,25)	(7,26)	(7,27)	(7,28)	(8,24)	(8,25)	(8,26)	(8,27)	(8,28)	(9,24)	(9,25)	(9,26)	(9,27)	(9,28)	(10,23)	(10,24)	(10,25)	(10,26)	(10,27)	(10,28)	(11,23)	(11,24)	(11,25)	(11,26)	(11,27)	(11,28)	(12,23)	(12,24)	(12,25)	(12,26)	(12,27)	(12,28)	(13,23)	(13,24)	(13,25)	(13,26)	(13,27)	(13,28)	(14,23)	(14,24)	(14,25)	(14,26)	(14,27)	(14,28)	(15,29)	
(1,24):(1,23)	(1,24)	(4,24)	(5,24)	(6,24)	(7,24)	(8,24)	(9,24)	(10,23)	(10,24)	(11,23)	(11,24)	(12,23)	(12,24)	(13,23)	(13,24)	(14,23)	(14,24)	
(1,23):(1,23)	(1,24)	(4,24)	(5,24)	(6,24)	(7,24)	(7,25)	(8,24)	(8,25)	(9,24)	(9,25)	(10,23)	(10,24)	(10,25)	(10,26)	(11,23)	(11,24)	(11,25)	(11,26)	(12,23)	(12,24)	(12,25)	(12,26)	(13,23)	(13,24)	(13,25)	(13,26)	(13,27)	(14,23)	(14,24)	(14,25)	(14,26)	(14,27)	
(10,23):(1,23)	(1,24)	(4,24)	(4,26)	(5,24)	(5,25)	(5,26)	(5,28)	(6,24)	(6,25)	(6,26)	(6,27)	(6,28)	(6,29)	(7,24)	(7,25)	(7,26)	(7,27)	(7,28)	(8,24)	(8,25)	(8,26)	(8,27)	(8,28)	(9,24)	(9,25)	(9,26)	(9,27)	(9,28)	(10,4)	(10,5)	(10,6)	(10,7)	(10,8)	(10,9)	(10,10)	(10,11)	(10,12)	(10,23)	(10,24)	(10,25)	(10,26)	(10,27)	(10,28)	(11,3)	(11,9)	(11,10)	(11,11)	(11,12)	(11,13)	(11,14)	(11,15)	(11,16)	(11,17)	(11,18)	(11,19)	(11,20)	(11,21)	(11,22)	(11,23)	(11,24)	(11,25)	(11,26)	(11,27)	(11,28)	(12,9)	(12,14)	(12,15)	(12,16)	(12,17)	(12,18)	(12,19)	(12,20)	(12,21)	(12,22)	(12,23)	(12,24)	(12,25)	(12,26)	(12,27)	(12,28)	(13,14)	(13,21)	(13,22)	(13,23)	(13,24)	(13,25)	(13,26)	(13,27)	(13,28)	(14,21)	(14,22)	(14,23)	(14,24)	(14,25)	(14,26)	(14,27)	(14,28)	(15,29)	
(10,12):(5,2)	(6,2)	(6,3)	(6,4)	(7,2)	(7,3)	(7,4)	(7,5)	(7,6)	(8,3)	(8,4)	(8,5)	(8,6)	(8,7)	(8,8)	(9,4)	(9,5)	(9,6)	(9,7)	(9,8)	(9,9)	(9,10)	(9,12)	(10,4)	(10,5)	(10,6)	(10,7)	(10,8)	(10,9)	(10,10)	(10,11)	(10,12)	(10,23)	(10,24)	(10,25)	(10,26)	(10,27)	(10,28)	(11,3)	(11,9)	(11,10)	(11,11)	(11,12)	(11,13)	(11,14)	(11,15)	(11,16)	(11,17)	(11,18)	(11,19)	(11,20)	(11,21)	(11,22)	(11,23)	(11,24)	(11,25)	(11,26)	(11,27)	(11,28)	(12,9)	(12,14)	(12,15)	(12,16)	(12,17)	(12,18)	(12,19)	(12,20)	(12,21)	(12,22)	(12,23)	(12,24)	(12,25)	(12,26)	(12,27)	(12,28)	(13,21)	(13,22)	(13,23)	(13,24)	(13,25)	(13,26)	(13,27)	(13,28)	(14,24)	(14,25)	(14,26)	(14,27)	(14,28)	(15,29)	
(9,12):(9,4)	(9,5)	(9,6)	(9,7)	(9,8)	(9,9)	(9,10)	(9,12)	(10,4)	(10,5)	(10,6)	(10,7)	(10,8)	(10,9)	(10,10)	(10,11)	(10,12)	(11,3)	(11,9)	(11,10)	(11,11)	(11,12)	(12,9)	
(9,10):(2,5)	(2,10)	(3,1)	(3,5)	(3,6)	(3,7)	(3,8)	(3,9)	(4,2)	(4,3)	(4,4)	(4,5)	(4,6)	(4,7)	(4,8)	(4,9)	(5,2)	(5,3)	(5,4)	(5,5)	(5,6)	(5,7)	(5,8)	(5,9)	(6,2)	(6,3)	(6,4)	(6,5)	(6,6)	(6,7)	(6,8)	(6,9)	(7,2)	(7,3)	(7,4)	(7,5)	(7,6)	(7,7)	(7,8)	(7,9)	(8,3)	(8,4)	(8,5)	(8,6)	(8,7)	(8,8)	(8,9)	(9,4)	(9,5)	(9,6)	(9,7)	(9,8)	(9,9)	(9,10)	(9,12)	(10,4)	(10,5)	(10,6)	(10,7)	(10,8)	(10,9)	(10,10)	(10,11)	(10,12)	(11,3)	(11,9)	(11,10)	(11,11)	(11,12)	(11,13)	(11,14)	(12,9)	(12,14)	(12,15)	(12,16)	
(2,10):(2,5)	(2,10)	(3,5)	(3,6)	(3,7)	(3,8)	(3,9)	(4,2)	(4,3)	(4,4)	(4,5)	(4,6)	(4,7)	(4,8)	(4,9)	(5,2)	(5,3)	(5,4)	(5,5)	(5,6)	(5,7)	(5,8)	(5,9)	(6,2)	(6,3)	(6,4)	(6,5)	(6,6)	(6,7)	(6,8)	(6,9)	(7,1)	(7,2)	(7,3)	(7,4)	(7,5)	(7,6)	(7,7)	(7,8)	(7,9)	(8,2)	(8,3)	(8,4)	(8,5)	(8,6)	(8,7)	(8,8)	(8,9)	(9,4)	(9,5)	(9,6)	(9,7)	(9,8)	(9,9)	(9,10)	(10,4)	(10,5)	(10,6)	(10,7)	(10,8)	(10,9)	(10,10)	(11,3)	(11,9)	(11,10)	(12,9)	
(2,5):(2,5)	(2,10)	(3,5)	(3,6)	(3,7)	(3,8)	(3,9)	(4,5)	(4,6)	(4,7)	(4,8)	(4,9)	(5,5)	(5,6)	(5,7)	(5,8)	(5,9)	(6,5)	(6,6)	(6,7)	(6,8)	(6,9)	(7,5)	(7,6)	(7,7)	(7,8)	(7,9)	(8,5)	(8,6)	(8,7)	(8,8)	(8,9)	(9,5)	(9,6)	(9,7)	(9,8)	(9,9)	(9,10)	(10,5)	(10,6)	(10,7)	(10,8)	(10,9)	(10,10)	(11,9)	(11,10)	(11,11)	
(3,5):(2,5)	(2,10)	(3,1)	(3,5)	(3,6)	(3,7)	(3,8)	(3,9)	(4,2)	(4,3)	(4,4)	(4,5)	(4,6)	(4,7)	(4,8)	(4,9)	(5,2)	(5,3)	(5,4)	(5,5)	(5,6)	(5,7)	(5,8)	(5,9)	(6,2)	(6,3)	(6,4)	(6,5)	(6,6)	(6,7)	(6,8)	(6,9)	(7,1)	(7,2)	(7,3)	(7,4)	(7,5)	(7,6)	(7,7)	(7,8)	(7,9)	(8,2)	(8,3)	(8,4)	(8,5)	(8,6)	(8,7)	(8,8)	(8,9)	(9,4)	(9,5)	(9,6)	(9,7)	(9,8)	(9,9)	(9,10)	(10,4)	(10,5)	(10,6)	(10,7)	(10,8)	(10,9)	(10,10)	(11,3)	(11,9)	(11,10)	(11,11)	
(3,1):(3,1)	(3,5)	(3,6)	(3,7)	(3,8)	(3,9)	(4,2)	(4,3)	(4,4)	(4,5)	(4,6)	(4,7)	(4,8)	(4,9)	(5,2)	(5,3)	(5,4)	(5,5)	(5,6)	(5,7)	(5,8)	(5,9)	(6,2)	(6,3)	(6,4)	(6,5)	(6,6)	(6,7)	(6,8)	(6,9)	(7,1)	(7,2)	(7,3)	(7,4)	(7,5)	(7,6)	(7,7)	(7,8)	(7,9)	(8,3)	(8,4)	(8,5)	(8,6)	(8,7)	(8,8)	(8,9)	(9,4)	(9,5)	(9,6)	(9,7)	(9,8)	(9,9)	(9,10)	(10,4)	(10,5)	(10,6)	(10,7)	(10,8)	(10,9)	(10,10)	(10,11)	(11,9)	(11,10)	(11,11)	(11,12)	(11,13)	(12,14)	
(7,1):(2,10)	(3,1)	(3,5)	(3,6)	(3,7)	(3,8)	(3,9)	(4,2)	(4,3)	(4,4)	(4,5)	(4,6)	(4,7)	(4,8)	(4,9)	(5,2)	(5,3)	(5,4)	(5,5)	(5,6)	(5,7)	(5,8)	(5,9)	(6,2)	(6,3)	(6,4)	(6,5)	(6,6)	(6,7)	(6,8)	(6,9)	(7,1)	(7,2)	(7,3)	(7,4)	(7,5)	(7,6)	(7,7)	(7,8)	(7,9)	
(7,2):(2,10)	(3,1)	(3,5)	(3,6)	(3,7)	(3,8)	(3,9)	(4,2)	(4,3)	(4,4)	(4,5)	(4,6)	(4,7)	(4,8)	(4,9)	(5,2)	(5,3)	(5,4)	(5,5)	(5,6)	(5,7)	(5,8)	(5,9)	(6,2)	(6,3)	(6,4)	(6,5)	(6,6)	(6,7)	(6,8)	(6,9)	(7,1)	(7,2)	(7,3)	(7,4)	(7,5)	(7,6)	(7,7)	(7,8)	(7,9)	(8,2)	(8,3)	(8,4)	(8,5)	(8,6)	(8,7)	(8,8)	(8,9)	(9,4)	(9,5)	(9,6)	(9,7)	(9,8)	(9,9)	(9,10)	(10,5)	(10,6)	(10,7)	(10,8)	(10,9)	(10,10)	(10,11)	(10,12)	(11,9)	(11,10)	(11,11)	(11,12)	(11,13)	(11,14)	(11,15)	(12,14)	(12,15)	(12,16)	(12,17)	(12,18)	(13,21)	(13,22)	(14,25)	
(8,2):(2,10)	(3,5)	(3,6)	(3,7)	(3,8)	(3,9)	(4,2)	(4,3)	(4,4)	(4,5)	(4,6)	(4,7)	(4,8)	(4,9)	(5,2)	(5,3)	(5,4)	(5,5)	(5,6)	(5,7)	(5,8)	(5,9)	(6,2)	(6,3)	(6,4)	(6,5)	(6,6)	(6,7)	(6,8)	(6,9)	(7,2)	(7,3)	(7,4)	(7,5)	(7,6)	(7,7)	(7,8)	(7,9)	(8,2)	(8,3)	(8,4)	(8,5)	(8,6)	(8,7)	(8,8)	(8,9)	
(8,3):(2,10)	(3,1)	(3,5)	(3,6)	(3,7)	(3,8)	(3,9)	(4,2)	(4,3)	(4,4)	(4,5)	(4,6)	(4,7)	(4,8)	(4,9)	(5,2)	(5,3)	(5,4)	(5,5)	(5,6)	(5,7)	(5,8)	(5,9)	(6,2)	(6,3)	(6,4)	(6,5)	(6,6)	(6,7)	(6,8)	(6,9)	(7,2)	(7,3)	(7,4)	(7,5)	(7,6)	(7,7)	(7,8)	(7,9)	(8,2)	(8,3)	(8,4)	(8,5)	(8,6)	(8,7)	(8,8)	(8,9)	(9,4)	(9,5)	(9,6)	(9,7)	(9,8)	(9,9)	(9,10)	(10,4)	(10,5)	(10,6)	(10,7)	(10,8)	(10,9)	(10,10)	(10,11)	(10,12)	(11,3)	(11,9)	(11,10)	(11,11)	(11,12)	(11,13)	(11,14)	(11,15)	(11,16)	(12,14)	(12,15)	(12,16)	(12,17)	(12,18)	(12,19)	(12,20)	(12,21)	(13,21)	(13,22)	(13,23)	(13,24)	(13,25)	(14,25)	(14,26)	(14,27)	(14,28)	(15,29)	
(11,3):(2,10)	(3,5)	(3,6)	(3,7)	(3,8)	(3,9)	(4,3)	(4,4)	(4,5)	(4,6)	(4,7)	(4,8)	(4,9)	(5,3)	(5,4)	(5,5)	(5,6)	(5,7)	(5,8)	(5,9)	(6,3)	(6,4)	(6,5)	(6,6)	(6,7)	(6,8)	(6,9)	(7,3)	(7,4)	(7,5)	(7,6)	(7,7)	(7,8)	(7,9)	(8,3)	(8,4)	(8,5)	(8,6)	(8,7)	(8,8)	(8,9)	(9,4)	(9,5)	(9,6)	(9,7)	(9,8)	(9,9)	(9,10)	(9,12)	(10,4)	(10,5)	(10,6)	(10,7)	(10,8)	(10,9)	(10,10)	(10,11)	(10,12)	(10,23)	(10,24)	(10,25)	(10,26)	(10,27)	(10,28)	(11,3)	(11,9)	(11,10)	(11,11)	(11,12)	(11,13)	(11,14)	(11,15)	(11,16)	(11,17)	(11,18)	(11,19)	(11,20)	(11,21)	(11,22)	(11,23)	(11,24)	(11,25)	(11,26)	(11,27)	(11,28)	
(11,9):(2,5)	(2,10)	(3,1)	(3,5)	(3,6)	(3,7)	(3,8)	(3,9)	(4,2)	(4,3)	(4,4)	(4,5)	(4,6)	(4,7)	(4,8)	(4,9)	(5,2)	(5,3)	(5,4)	(5,5)	(5,6)	(5,7)	(5,8)	(5,9)	(6,2)	(6,3)	(6,4)	(6,5)	(6,6)	(6,7)	(6,8)	(6,9)	(7,2)	(7,3)	(7,4)	(7,5)	(7,6)	(7,7)	(7,8)	(7,9)	(8,3)	(8,4)	(8,5)	(8,6)	(8,7)	(8,8)	(8,9)	(9,4)	(9,5)	(9,6)	(9,7)	(9,8)	(9,9)	(9,10)	(9,12)	(10,4)	(10,5)	(10,6)	(10,7)	(10,8)	(10,9)	(10,10)	(10,11)	(10,12)	(10,23)	(10,24)	(10,25)	(10,26)	(10,27)	(10,28)	(11,3)	(11,9)	(11,10)	(11,11)	(11,12)	(11,13)	(11,14)	(11,15)	(11,16)	(11,17)	(11,18)	(11,19)	(11,20)	(11,21)	(11,22)	(11,23)	(11,24)	(11,25)	(11,26)	(11,27)	(11,28)	(12,9)	(12,14)	(12,15)	(12,16)	(12,17)	(12,18)	(12,19)	(12,20)	(12,21)	(12,22)	(12,23)	(12,24)	(12,25)	(12,26)	(12,27)	(12,28)	(13,21)	(13,22)	(13,23)	(13,24)	(13,25)	(13,26)	(13,27)	(13,28)	(14,27)	(14,28)	
(12,9):(2,10)	(3,9)	(4,9)	(5,9)	(6,9)	(7,9)	(8,9)	(9,9)	(9,10)	(9,12)	(10,9)	(10,10)	(10,11)	(10,12)	(10,23)	(10,24)	(10,25)	(10,26)	(10,27)	(10,28)	(11,9)	(11,10)	(11,11)	(11,12)	(11,13)	(11,14)	(11,15)	(11,16)	(11,17)	(11,18)	(11,19)	(11,20)	(11,21)	(11,22)	(11,23)	(11,24)	(11,25)	(11,26)	(11,27)	(11,28)	(12,9)	(12,14)	(12,15)	(12,16)	(12,17)	(12,18)	(12,19)	(12,20)	(12,21)	(12,22)	(12,23)	(12,24)	(12,25)	(12,26)	(12,27)	(12,28)	
(12,14):(3,1)	(4,2)	(4,3)	(5,2)	(5,3)	(5,4)	(6,2)	(6,3)	(6,4)	(6,5)	(6,6)	(7,2)	(7,3)	(7,4)	(7,5)	(7,6)	(7,7)	(8,3)	(8,4)	(8,5)	(8,6)	(8,7)	(8,8)	(9,4)	(9,5)	(9,6)	(9,7)	(9,8)	(9,9)	(9,10)	(9,28)	(10,4)	(10,5)	(10,6)	(10,7)	(10,8)	(10,9)	(10,10)	(10,11)	(10,12)	(10,23)	(10,24)	(10,25)	(10,26)	(10,27)	(10,28)	(11,9)	(11,10)	(11,11)	(11,12)	(11,13)	(11,14)	(11,15)	(11,16)	(11,17)	(11,18)	(11,19)	(11,20)	(11,21)	(11,22)	(11,23)	(11,24)	(11,25)	(11,26)	(11,27)	(11,28)	(12,9)	(12,14)	(12,15)	(12,16)	(12,17)	(12,18)	(12,19)	(12,20)	(12,21)	(12,22)	(12,23)	(12,24)	(12,25)	(12,26)	(12,27)	(12,28)	(13,14)	(13,21)	(13,22)	(13,23)	(13,24)	(13,25)	(13,26)	(13,27)	(13,28)	(14,28)	
(13,14):(9,26)	(9,27)	(9,28)	(10,23)	(10,24)	(10,25)	(10,26)	(10,27)	(10,28)	(11,14)	(11,15)	(11,16)	(11,17)	(11,18)	(11,19)	(11,20)	(11,21)	(11,22)	(11,23)	(11,24)	(11,25)	(11,26)	(11,27)	(11,28)	(12,14)	(12,15)	(12,16)	(12,17)	(12,18)	(12,19)	(12,20)	(12,21)	(12,22)	(12,23)	(12,24)	(12,25)	(12,26)	(12,27)	(12,28)	(13,14)	(13,21)	(13,22)	(13,23)	(13,24)	(13,25)	(13,26)	(13,27)	(13,28)	
(13,21):(5,28)	(6,26)	(6,27)	(6,28)	(6,29)	(7,2)	(7,3)	(7,25)	(7,26)	(7,27)	(7,28)	(8,3)	(8,4)	(8,5)	(8,6)	(8,25)	(8,26)	(8,27)	(8,28)	(9,4)	(9,5)	(9,6)	(9,7)	(9,8)	(9,9)	(9,24)	(9,25)	(9,26)	(9,27)	(9,28)	(10,4)	(10,5)	(10,6)	(10,7)	(10,8)	(10,9)	(10,10)	(10,11)	(10,12)	(10,23)	(10,24)	(10,25)	(10,26)	(10,27)	(10,28)	(11,9)	(11,10)	(11,11)	(11,12)	(11,13)	(11,14)	(11,15)	(11,16)	(11,17)	(11,18)	(11,19)	(11,20)	(11,21)	(11,22)	(11,23)	(11,24)	(11,25)	(11,26)	(11,27)	(11,28)	(12,14)	(12,15)	(12,16)	(12,17)	(12,18)	(12,19)	(12,20)	(12,21)	(12,22)	(12,23)	(12,24)	(12,25)	(12,26)	(12,27)	(12,28)	(13,14)	(13,21)	(13,22)	(13,23)	(13,24)	(13,25)	(13,26)	(13,27)	(13,28)	(14,21)	(14,22)	(14,23)	(14,24)	(14,25)	(14,26)	(14,27)	(14,28)	(15,29)	
(14,21):(4,26)	(5,26)	(5,28)	(6,25)	(6,26)	(6,27)	(6,28)	(6,29)	(7,25)	(7,26)	(7,27)	(7,28)	(8,24)	(8,25)	(8,26)	(8,27)	(8,28)	(9,24)	(9,25)	(9,26)	(9,27)	(9,28)	(10,23)	(10,24)	(10,25)	(10,26)	(10,27)	(10,28)	(11,21)	(11,22)	(11,23)	(11,24)	(11,25)	(11,26)	(11,27)	(11,28)	(12,21)	(12,22)	(12,23)	(12,24)	(12,25)	(12,26)	(12,27)	(12,28)	(13,21)	(13,22)	(13,23)	(13,24)	(13,25)	(13,26)	(13,27)	(13,28)	(14,7)	(14,21)	(14,22)	(14,23)	(14,24)	(14,25)	(14,26)	(14,27)	(14,28)	(15,8)	(15,9)	(15,10)	(15,11)	(15,12)	(15,13)	(15,14)	(15,15)	(15,29)	(16,8)	(16,9)	
(14,7):(14,7)	(14,21)	(14,22)	(14,23)	(14,24)	(14,25)	(14,26)	(14,27)	(14,28)	(15,8)	(15,9)	(15,10)	(15,11)	(15,12)	(15,13)	(15,14)	(15,15)	(15,29)	(16,8)	(16,9)	(16,10)	(16,11)	(16,13)	(16,14)	(17,8)	(17,9)	(17,10)	(18,7)	(18,8)	(18,9)	(18,10)	(19,7)	(19,8)	(19,9)	(19,10)	(20,7)	(20,8)	(20,9)	(20,10)	(21,7)	(21,8)	(21,9)	(21,10)	(22,7)	(22,8)	(22,9)	(22,10)	(23,8)	(23,9)	(23,10)	(24,9)	(24,10)	(25,9)	(25,10)	(26,9)	(26,10)	(27,9)	(27,10)	(28,9)	(28,10)	(29,9)	(29,10)	(29,11)	
(18,7):(14,7)	(15,8)	(15,9)	(15,10)	(15,11)	(15,12)	(15,13)	(16,8)	(16,9)	(16,10)	(16,11)	(17,8)	(17,9)	(17,10)	(18,4)	(18,7)	(18,8)	(18,9)	(18,10)	(19,4)	(19,6)	(19,7)	(19,8)	(19,9)	(19,10)	(20,7)	(20,8)	(20,9)	(20,10)	(21,7)	(21,8)	(21,9)	(21,10)	(22,7)	(22,8)	(22,9)	(22,10)	(23,6)	(23,8)	(23,9)	(23,10)	(24,9)	(24,10)	(25,9)	(25,10)	(26,9)	(26,10)	(27,9)	(27,10)	(28,9)	(28,10)	(29,10)	(29,11)	
(18,4):(18,4)	(18,7)	(18,8)	(18,9)	(18,10)	(19,4)	(19,6)	(19,7)	(19,8)	(19,9)	(19,10)	(20,8)	(20,9)	(20,10)	(21,10)	
(19,4):(17,10)	(18,4)	(18,7)	(18,8)	(18,9)	(18,10)	(19,4)	(19,6)	(19,7)	(19,8)	(19,9)	(19,10)	
(19,6):(15,10)	(15,11)	(15,12)	(16,9)	(16,10)	(16,11)	(17,8)	(17,9)	(17,10)	(18,4)	(18,7)	(18,8)	(18,9)	(18,10)	(19,4)	(19,6)	(19,7)	(19,8)	(19,9)	(19,10)	(20,7)	(20,8)	(20,9)	(20,10)	(21,7)	(21,8)	(21,9)	(21,10)	(22,7)	(22,8)	(22,9)	(22,10)	(23,6)	(23,8)	(23,9)	(23,10)	(24,9)	(24,10)	(25,9)	(25,10)	(26,10)	(27,10)	(29,11)	
(23,6):(15,8)	(15,9)	(15,10)	(15,11)	(16,8)	(16,9)	(16,10)	(16,11)	(17,8)	(17,9)	(17,10)	(18,7)	(18,8)	(18,9)	(18,10)	(19,6)	(19,7)	(19,8)	(19,9)	(19,10)	(20,7)	(20,8)	(20,9)	(20,10)	(21,7)	(21,8)	(21,9)	(21,10)	(22,7)	(22,8)	(22,9)	(22,10)	(23,6)	(23,8)	(23,9)	(23,10)	
(23,8):(14,7)	(15,8)	(15,9)	(15,10)	(15,11)	(16,8)	(16,9)	(16,10)	(16,11)	(17,8)	(17,9)	(17,10)	(18,7)	(18,8)	(18,9)	(18,10)	(19,6)	(19,7)	(19,8)	(19,9)	(19,10)	(20,7)	(20,8)	(20,9)	(20,10)	(21,7)	(21,8)	(21,9)	(21,10)	(22,7)	(22,8)	(22,9)	(22,10)	(23,6)	(23,8)	(23,9)	(23,10)	(24,9)	(24,10)	(25,9)	(25,10)	(26,9)	(26,10)	(27,9)	(27,10)	(28,9)	(28,10)	(29,9)	(29,10)	(29,11)	(30,8)	
(30,8):(15,8)	(15,9)	(15,10)	(15,11)	(16,8)	(16,9)	(16,10)	(16,11)	(17,8)	(17,9)	(17,10)	(18,8)	(18,9)	(18,10)	(19,8)	(19,9)	(19,10)	(20,8)	(20,9)	(20,10)	(21,8)	(21,9)	(21,10)	(22,8)	(22,9)	(22,10)	(23,8)	(23,9)	(23,10)	(24,9)	(24,10)	(25,9)	(25,10)	(26,9)	(26,10)	(27,9)	(27,10)	(28,9)	(28,10)	(29,9)	(29,10)	(29,11)	(29,20)	(30,8)	(30,20)	
(30,20):(29,9)	(29,10)	(29,11)	(29,20)	(30,8)	(30,20)	
(29,20):12.000000
(29,11):67.250000
(16,11):72.000000
(16,13):53.250000
(22,13):47.142857
(22,16):98.099998
(28,16):38.250000
(28,18):24.876894
(27,18):40.057144
(27,19):35.505196
(25,19):85.970833
(25,22):77.849998
(26,22):35.200001
(26,27):63.363636
(24,27):75.610985
(24,30):57.985348
(21,30):60.636364
(21,25):77.000000
(20,25):57.750000
(20,17):95.937500
(17,17):26.000000
(17,15):45.733334
(15,15):49.333332
(15,29):112.965714
(6,29):65.250000
(6,28):71.312500
(5,28):58.888889
(5,26):68.944443
(4,26):39.250000
(4,24):65.833336
(1,24):15.388889
(1,23):34.166668
(10,23):112.250000
(10,12):96.488892
(9,12):21.000000
(9,10):83.136902
(2,10):69.400002
(2,5):48.992062
(3,5):74.500000
(3,1):70.852776
(7,1):40.500000
(7,2):84.883331
(8,2):44.700001
(8,3):99.328178
(11,3):82.775002
(11,9):129.583328
(12,9):52.571430
(12,14):101.081276
(13,14):51.000000
(13,21):107.750839
(14,21):82.333336
(14,7):77.077774
(18,7):63.281818
(18,4):13.250000
(19,4):9.666667
(19,6):47.333332
(23,6):40.828571
(23,8):63.357143
(30,8):57.428570
(30,20):12.500000
(29,20),(29,11):12.000000
(29,20),(16,11):3.000000
(29,20),(16,13):0.000000
(29,20),(22,13):0.000000
(29,20),(22,16):0.000000
(29,20),(28,16):0.000000
(29,20),(28,18):0.000000
(29,20),(27,18):0.000000
(29,20),(27,19):0.000000
(29,20),(25,19):0.000000
(29,20),(25,22):0.000000
(29,20),(26,22):0.000000
(29,20),(26,27):0.000000
(29,20),(24,27):0.000000
(29,20),(24,30):0.000000
(29,20),(21,30):0.000000
(29,20),(21,25):0.000000
(29,20),(20,25):0.000000
(29,20),(20,17):0.000000
(29,20),(17,17):0.000000
(29,20),(17,15):0.000000
(29,20),(15,15):0.000000
(29,20),(15,29):0.000000
(29,20),(6,29):0.000000
(29,20),(6,28):0.000000
(29,20),(5,28):0.000000
(29,20),(5,26):0.000000
(29,20),(4,26):0.000000
(29,20),(4,24):0.000000
(29,20),(1,24):0.000000
(29,20),(1,23):0.000000
(29,20),(10,23):0.000000
(29,20),(10,12):0.000000
(29,20),(9,12):0.000000
(29,20),(9,10):0.000000
(29,20),(2,10):0.000000
(29,20),(2,5):0.000000
(29,20),(3,5):0.000000
(29,20),(3,1):0.000000
(29,20),(7,1):0.000000
(29,20),(7,2):0.000000
(29,20),(8,2):0.000000
(29,20),(8,3):0.000000
(29,20),(11,3):0.000000
(29,20),(11,9):0.000000
(29,20),(12,9):0.000000
(29,20),(12,14):0.000000
(29,20),(13,14):0.000000
(29,20),(13,21):0.000000
(29,20),(14,21):0.000000
(29,20),(14,7):2.411111
(29,20),(18,7):1.881818
(29,20),(18,4):0.000000
(29,20),(19,4):0.000000
(29,20),(19,6):0.000000
(29,20),(23,6):0.000000
(29,20),(23,8):3.250000
(29,20),(30,8):12.000000
(29,20),(30,20):12.000000
(29,11),(16,11):57.799999
(29,11),(16,13):8.000000
(29,11),(22,13):0.000000
(29,11),(22,16):0.000000
(29,11),(28,16):0.000000
(29,11),(28,18):0.000000
(29,11),(27,18):0.000000
(29,11),(27,19):0.000000
(29,11),(25,19):0.000000
(29,11),(25,22):0.000000
(29,11),(26,22):0.000000
(29,11),(26,27):0.000000
(29,11),(24,27):0.000000
(29,11),(24,30):0.000000
(29,11),(21,30):0.000000
(29,11),(21,25):0.000000
(29,11),(20,25):0.000000
(29,11),(20,17):0.000000
(29,11),(17,17):0.000000
(29,11),(17,15):1.000000
(29,11),(15,15):10.000000
(29,11),(15,29):4.000000
(29,11),(6,29):0.000000
(29,11),(6,28):0.000000
(29,11),(5,28):0.000000
(29,11),(5,26):0.000000
(29,11),(4,26):0.000000
(29,11),(4,24):0.000000
(29,11),(1,24):0.000000
(29,11),(1,23):0.000000
(29,11),(10,23):0.000000
(29,11),(10,12):0.000000
(29,11),(9,12):0.000000
(29,11),(9,10):0.000000
(29,11),(2,10):0.000000
(29,11),(2,5):0.000000
(29,11),(3,5):0.000000
(29,11),(3,1):0.000000
(29,11),(7,1):0.000000
(29,11),(7,2):0.000000
(29,11),(8,2):0.000000
(29,11),(8,3):0.000000
(29,11),(11,3):0.000000
(29,11),(11,9):0.000000
(29,11),(12,9):0.000000
(29,11),(12,14):0.000000
(29,11),(13,14):0.000000
(29,11),(13,21):0.000000
(29,11),(14,21):8.000000
(29,11),(14,7):53.411110
(29,11),(18,7):53.531818
(29,11),(18,4):11.500000
(29,11),(19,4):7.916667
(29,11),(19,6):38.250000
(29,11),(23,6):35.400002
(29,11),(23,8):58.500000
(29,11),(30,8):57.000000
(29,11),(30,20):12.500000
(16,11),(16,13):17.000000
(16,11),(22,13):4.142857
(16,11),(22,16):4.200000
(16,11),(28,16):0.000000
(16,11),(28,18):1.575758
(16,11),(27,18):2.400000
(16,11),(27,19):3.490909
(16,11),(25,19):3.333333
(16,11),(25,22):0.000000
(16,11),(26,22):0.000000
(16,11),(26,27):0.000000
(16,11),(24,27):0.000000
(16,11),(24,30):0.000000
(16,11),(21,30):0.000000
(16,11),(21,25):0.000000
(16,11),(20,25):0.000000
(16,11),(20,17):3.333333
(16,11),(17,17):0.000000
(16,11),(17,15):8.000000
(16,11),(15,15):20.000000
(16,11),(15,29):10.000000
(16,11),(6,29):0.000000
(16,11),(6,28):0.000000
(16,11),(5,28):0.000000
(16,11),(5,26):0.000000
(16,11),(4,26):0.000000
(16,11),(4,24):0.000000
(16,11),(1,24):0.000000
(16,11),(1,23):0.000000
(16,11),(10,23):0.000000
(16,11),(10,12):0.000000
(16,11),(9,12):0.000000
(16,11),(9,10):0.000000
(16,11),(2,10):0.000000
(16,11),(2,5):0.000000
(16,11),(3,5):0.000000
(16,11),(3,1):0.000000
(16,11),(7,1):0.000000
(16,11),(7,2):0.000000
(16,11),(8,2):0.000000
(16,11),(8,3):0.000000
(16,11),(11,3):0.000000
(16,11),(11,9):0.000000
(16,11),(12,9):0.000000
(16,11),(12,14):0.000000
(16,11),(13,14):0.000000
(16,11),(13,21):0.000000
(16,11),(14,21):15.333333
(16,11),(14,7):64.277779
(16,11),(18,7):61.099998
(16,11),(18,4):11.250000
(16,11),(19,4):7.666667
(16,11),(19,6):45.333332
(16,11),(23,6):40.578571
(16,11),(23,8):62.657143
(16,11),(30,8):48.428570
(16,11),(30,20):3.500000
(16,13),(22,13):27.142857
(16,13),(22,16):40.349998
(16,13),(28,16):17.049999
(16,13),(28,18):15.672728
(16,13),(27,18):24.392307
(16,13),(27,19):26.874243
(16,13),(25,19):33.833332
(16,13),(25,22):27.000000
(16,13),(26,22):0.000000
(16,13),(26,27):22.163637
(16,13),(24,27):23.764172
(16,13),(24,30):18.818682
(16,13),(21,30):17.096153
(16,13),(21,25):22.812500
(16,13),(20,25):21.911764
(16,13),(20,17):39.250000
(16,13),(17,17):20.000000
(16,13),(17,15):40.083332
(16,13),(15,15):29.000000
(16,13),(15,29):9.000000
(16,13),(6,29):0.000000
(16,13),(6,28):0.000000
(16,13),(5,28):0.000000
(16,13),(5,26):0.000000
(16,13),(4,26):0.000000
(16,13),(4,24):0.000000
(16,13),(1,24):0.000000
(16,13),(1,23):0.000000
(16,13),(10,23):0.000000
(16,13),(10,12):0.000000
(16,13),(9,12):0.000000
(16,13),(9,10):0.000000
(16,13),(2,10):0.000000
(16,13),(2,5):0.000000
(16,13),(3,5):0.000000
(16,13),(3,1):0.000000
(16,13),(7,1):0.000000
(16,13),(7,2):0.000000
(16,13),(8,2):0.000000
(16,13),(8,3):0.000000
(16,13),(11,3):0.000000
(16,13),(11,9):0.000000
(16,13),(12,9):0.000000
(16,13),(12,14):0.000000
(16,13),(13,14):0.000000
(16,13),(13,21):0.000000
(16,13),(14,21):14.000000
(16,13),(14,7):17.666666
(16,13),(18,7):12.000000
(16,13),(18,4):0.000000
(16,13),(19,4):0.000000
(16,13),(19,6):5.333333
(16,13),(23,6):8.228572
(16,13),(23,8):8.857142
(16,13),(30,8):6.428571
(16,13),(30,20):0.000000
(22,13),(22,16):46.099998
(22,13),(28,16):17.000000
(22,13),(28,18):12.876894
(22,13),(27,18):20.757143
(22,13),(27,19):19.414286
(22,13),(25,19):38.450001
(22,13),(25,22):34.750000
(22,13),(26,22):11.000000
(22,13),(26,27):28.963636
(22,13),(24,27):31.048485
(22,13),(24,30):29.985348
(22,13),(21,30):17.000000
(22,13),(21,25):30.000000
(22,13),(20,25):24.000000
(22,13),(20,17):42.437500
(22,13),(17,17):20.000000
(22,13),(17,15):27.333334
(22,13),(15,15):16.142857
(22,13),(15,29):2.142857
(22,13),(6,29):0.000000
(22,13),(6,28):0.000000
(22,13),(5,28):0.000000
(22,13),(5,26):0.000000
(22,13),(4,26):0.000000
(22,13),(4,24):0.000000
(22,13),(1,24):0.000000
(22,13),(1,23):0.000000
(22,13),(10,23):0.000000
(22,13),(10,12):0.000000
(22,13),(9,12):0.000000
(22,13),(9,10):0.000000
(22,13),(2,10):0.000000
(22,13),(2,5):0.000000
(22,13),(3,5):0.000000
(22,13),(3,1):0.000000
(22,13),(7,1):0.000000
(22,13),(7,2):0.000000
(22,13),(8,2):0.000000
(22,13),(8,3):0.000000
(22,13),(11,3):0.000000
(22,13),(11,9):0.000000
(22,13),(12,9):0.000000
(22,13),(12,14):0.000000
(22,13),(13,14):0.000000
(22,13),(13,21):0.000000
(22,13),(14,21):2.476191
(22,13),(14,7):4.809524
(22,13),(18,7):1.000000
(22,13),(18,4):0.000000
(22,13),(19,4):0.000000
(22,13),(19,6):0.533333
(22,13),(23,6):0.000000
(22,13),(23,8):0.000000
(22,13),(30,8):0.000000
(22,13),(30,20):0.000000
(22,16),(28,16):38.250000
(22,16),(28,18):24.876894
(22,16),(27,18):40.057144
(22,16),(27,19):35.414288
(22,16),(25,19):85.637497
(22,16),(25,22):76.849998
(22,16),(26,22):34.200001
(22,16),(26,27):62.363636
(22,16),(24,27):74.610985
(22,16),(24,30):57.985348
(22,16),(21,30):59.636364
(22,16),(21,25):76.000000
(22,16),(20,25):56.750000
(22,16),(20,17):94.437500
(22,16),(17,17):26.000000
(22,16),(17,15):41.833332
(22,16),(15,15):16.100000
(22,16),(15,29):2.250000
(22,16),(6,29):0.000000
(22,16),(6,28):0.000000
(22,16),(5,28):0.000000
(22,16),(5,26):0.000000
(22,16),(4,26):0.000000
(22,16),(4,24):0.000000
(22,16),(1,24):0.000000
(22,16),(1,23):0.000000
(22,16),(10,23):0.000000
(22,16),(10,12):0.000000
(22,16),(9,12):0.000000
(22,16),(9,10):0.000000
(22,16),(2,10):0.000000
(22,16),(2,5):0.000000
(22,16),(3,5):0.000000
(22,16),(3,1):0.000000
(22,16),(7,1):0.000000
(22,16),(7,2):0.000000
(22,16),(8,2):0.000000
(22,16),(8,3):0.000000
(22,16),(11,3):0.000000
(22,16),(11,9):0.000000
(22,16),(12,9):0.000000
(22,16),(12,14):0.000000
(22,16),(13,14):0.000000
(22,16),(13,21):0.000000
(22,16),(14,21):2.717866
(22,16),(14,7):4.778572
(22,16),(18,7):1.718182
(22,16),(18,4):0.000000
(22,16),(19,4):0.000000
(22,16),(19,6):1.256410
(22,16),(23,6):0.075630
(22,16),(23,8):0.000000
(22,16),(30,8):0.000000
(22,16),(30,20):0.000000
(28,16),(28,18):18.437500
(28,16),(27,18):31.357143
(28,16),(27,19):22.464285
(28,16),(25,19):36.250000
(28,16),(25,22):28.000000
(28,16),(26,22):2.000000
(28,16),(26,27):24.950001
(28,16),(24,27):28.262501
(28,16),(24,30):24.070513
(28,16),(21,30):21.636364
(28,16),(21,25):30.562500
(28,16),(20,25):31.250000
(28,16),(20,17):38.250000
(28,16),(17,17):11.000000
(28,16),(17,15):19.950001
(28,16),(15,15):0.000000
(28,16),(15,29):0.000000
(28,16),(6,29):0.000000
(28,16),(6,28):0.000000
(28,16),(5,28):0.000000
(28,16),(5,26):0.000000
(28,16),(4,26):0.000000
(28,16),(4,24):0.000000
(28,16),(1,24):0.000000
(28,16),(1,23):0.000000
(28,16),(10,23):0.000000
(28,16),(10,12):0.000000
(28,16),(9,12):0.000000
(28,16),(9,10):0.000000
(28,16),(2,10):0.000000
(28,16),(2,5):0.000000
(28,16),(3,5):0.000000
(28,16),(3,1):0.000000
(28,16),(7,1):0.000000
(28,16),(7,2):0.000000
(28,16),(8,2):0.000000
(28,16),(8,3):0.000000
(28,16),(11,3):0.000000
(28,16),(11,9):0.000000
(28,16),(12,9):0.000000
(28,16),(12,14):0.000000
(28,16),(13,14):0.000000
(28,16),(13,21):0.000000
(28,16),(14,21):0.000000
(28,16),(14,7):0.000000
(28,16),(18,7):0.000000
(28,16),(18,4):0.000000
(28,16),(19,4):0.000000
(28,16),(19,6):0.000000
(28,16),(23,6):0.000000
(28,16),(23,8):0.000000
(28,16),(30,8):0.000000
(28,16),(30,20):0.000000
(28,18),(27,18):24.673809
(28,18),(27,19):21.580952
(28,18),(25,19):22.366667
(28,18),(25,22):12.750000
(28,18),(26,22):0.000000
(28,18),(26,27):9.708333
(28,18),(24,27):11.807693
(28,18),(24,30):9.142858
(28,18),(21,30):9.621212
(28,18),(21,25):13.514493
(28,18),(20,25):14.000000
(28,18),(20,17):23.270834
(28,18),(17,17):14.604167
(28,18),(17,15):20.526894
(28,18),(15,15):2.939394
(28,18),(15,29):0.818182
(28,18),(6,29):0.000000
(28,18),(6,28):0.000000
(28,18),(5,28):0.000000
(28,18),(5,26):0.000000
(28,18),(4,26):0.000000
(28,18),(4,24):0.000000
(28,18),(1,24):0.000000
(28,18),(1,23):0.000000
(28,18),(10,23):0.000000
(28,18),(10,12):0.000000
(28,18),(9,12):0.000000
(28,18),(9,10):0.000000
(28,18),(2,10):0.000000
(28,18),(2,5):0.000000
(28,18),(3,5):0.000000
(28,18),(3,1):0.000000
(28,18),(7,1):0.000000
(28,18),(7,2):0.000000
(28,18),(8,2):0.000000
(28,18),(8,3):0.000000
(28,18),(11,3):0.000000
(28,18),(11,9):0.000000
(28,18),(12,9):0.000000
(28,18),(12,14):0.000000
(28,18),(13,14):0.000000
(28,18),(13,21):0.000000
(28,18),(14,21):0.934817
(28,18),(14,7):1.935227
(28,18),(18,7):0.447965
(28,18),(18,4):0.000000
(28,18),(19,4):0.000000
(28,18),(19,6):0.244081
(28,18),(23,6):0.000000
(28,18),(23,8):0.000000
(28,18),(30,8):0.000000
(28,18),(30,20):0.000000
(27,18),(27,19):30.714285
(27,18),(25,19):37.750000
(27,18),(25,22):24.750000
(27,18),(26,22):0.000000
(27,18),(26,27):20.547129
(27,18),(24,27):23.383928
(27,18),(24,30):19.368422
(27,18),(21,30):17.836363
(27,18),(21,25):25.263159
(27,18),(20,25):25.799999
(27,18),(20,17):38.407143
(27,18),(17,17):15.357142
(27,18),(17,15):27.778572
(27,18),(15,15):4.700000
(27,18),(15,29):1.250000
(27,18),(6,29):0.000000
(27,18),(6,28):0.000000
(27,18),(5,28):0.000000
(27,18),(5,26):0.000000
(27,18),(4,26):0.000000
(27,18),(4,24):0.000000
(27,18),(1,24):0.000000
(27,18),(1,23):0.000000
(27,18),(10,23):0.000000
(27,18),(10,12):0.000000
(27,18),(9,12):0.000000
(27,18),(9,10):0.000000
(27,18),(2,10):0.000000
(27,18),(2,5):0.000000
(27,18),(3,5):0.000000
(27,18),(3,1):0.000000
(27,18),(7,1):0.000000
(27,18),(7,2):0.000000
(27,18),(8,2):0.000000
(27,18),(8,3):0.000000
(27,18),(11,3):0.000000
(27,18),(11,9):0.000000
(27,18),(12,9):0.000000
(27,18),(12,14):0.000000
(27,18),(13,14):0.000000
(27,18),(13,21):0.000000
(27,18),(14,21):1.474554
(27,18),(14,7):2.865954
(27,18),(18,7):0.832246
(27,18),(18,4):0.000000
(27,18),(19,4):0.000000
(27,18),(19,6):0.554975
(27,18),(23,6):0.000000
(27,18),(23,8):0.000000
(27,18),(30,8):0.000000
(27,18),(30,20):0.000000
(27,19),(25,19):34.540909
(27,19),(25,22):21.500000
(27,19),(26,22):0.000000
(27,19),(26,27):15.768750
(27,19),(24,27):18.036184
(27,19),(24,30):14.113208
(27,19),(21,30):13.936363
(27,19),(21,25):19.527027
(27,19),(20,25):19.799999
(27,19),(20,17):34.305195
(27,19),(17,17):16.214285
(27,19),(17,15):30.005196
(27,19),(15,15):8.624243
(27,19),(15,29):1.818182
(27,19),(6,29):0.000000
(27,19),(6,28):0.000000
(27,19),(5,28):0.000000
(27,19),(5,26):0.000000
(27,19),(4,26):0.000000
(27,19),(4,24):0.000000
(27,19),(1,24):0.000000
(27,19),(1,23):0.000000
(27,19),(10,23):0.000000
(27,19),(10,12):0.000000
(27,19),(9,12):0.000000
(27,19),(9,10):0.000000
(27,19),(2,10):0.000000
(27,19),(2,5):0.000000
(27,19),(3,5):0.000000
(27,19),(3,1):0.000000
(27,19),(7,1):0.000000
(27,19),(7,2):0.000000
(27,19),(8,2):0.000000
(27,19),(8,3):0.000000
(27,19),(11,3):0.000000
(27,19),(11,9):0.000000
(27,19),(12,9):0.000000
(27,19),(12,14):0.000000
(27,19),(13,14):0.000000
(27,19),(13,21):0.000000
(27,19),(14,21):2.263131
(27,19),(14,7):3.983217
(27,19),(18,7):1.576623
(27,19),(18,4):0.000000
(27,19),(19,4):0.000000
(27,19),(19,6):1.259535
(27,19),(23,6):0.107109
(27,19),(23,8):0.000000
(27,19),(30,8):0.000000
(27,19),(30,20):0.000000
(25,19),(25,22):70.599998
(25,19),(26,22):30.200001
(25,19),(26,27):55.500000
(25,19),(24,27):66.366669
(25,19),(24,30):53.565704
(25,19),(21,30):54.073864
(25,19),(21,25):67.080360
(25,19),(20,25):50.750000
(25,19),(20,17):83.658333
(25,19),(17,17):19.700001
(25,19),(17,15):34.266666
(25,19),(15,15):11.083333
(25,19),(15,29):1.750000
(25,19),(6,29):0.000000
(25,19),(6,28):0.000000
(25,19),(5,28):0.000000
(25,19),(5,26):0.000000
(25,19),(4,26):0.000000
(25,19),(4,24):0.000000
(25,19),(1,24):0.000000
(25,19),(1,23):0.000000
(25,19),(10,23):0.000000
(25,19),(10,12):0.000000
(25,19),(9,12):0.000000
(25,19),(9,10):0.000000
(25,19),(2,10):0.000000
(25,19),(2,5):0.000000
(25,19),(3,5):0.000000
(25,19),(3,1):0.000000
(25,19),(7,1):0.000000
(25,19),(7,2):0.000000
(25,19),(8,2):0.000000
(25,19),(8,3):0.000000
(25,19),(11,3):0.000000
(25,19),(11,9):0.000000
(25,19),(12,9):0.000000
(25,19),(12,14):0.000000
(25,19),(13,14):0.000000
(25,19),(13,21):0.000000
(25,19),(14,21):2.206410
(25,19),(14,7):3.783333
(25,19),(18,7):1.633333
(25,19),(18,4):0.000000
(25,19),(19,4):0.000000
(25,19),(19,6):1.363553
(25,19),(23,6):0.210181
(25,19),(23,8):0.016563
(25,19),(30,8):0.000000
(25,19),(30,20):0.000000
(25,22),(26,22):35.200001
(25,22),(26,27):62.750000
(25,22),(24,27):72.716667
(25,22),(24,30):55.478207
(25,22),(21,30):56.099998
(25,22),(21,25):70.849998
(25,22),(20,25):51.750000
(25,22),(20,17):75.787498
(25,22),(17,17):16.250000
(25,22),(17,15):24.183332
(25,22),(15,15):8.000000
(25,22),(15,29):0.000000
(25,22),(6,29):0.000000
(25,22),(6,28):0.000000
(25,22),(5,28):0.000000
(25,22),(5,26):0.000000
(25,22),(4,26):0.000000
(25,22),(4,24):0.000000
(25,22),(1,24):0.000000
(25,22),(1,23):0.000000
(25,22),(10,23):0.000000
(25,22),(10,12):0.000000
(25,22),(9,12):0.000000
(25,22),(9,10):0.000000
(25,22),(2,10):0.000000
(25,22),(2,5):0.000000
(25,22),(3,5):0.000000
(25,22),(3,1):0.000000
(25,22),(7,1):0.000000
(25,22),(7,2):0.000000
(25,22),(8,2):0.000000
(25,22),(8,3):0.000000
(25,22),(11,3):0.000000
(25,22),(11,9):0.000000
(25,22),(12,9):0.000000
(25,22),(12,14):0.000000
(25,22),(13,14):0.000000
(25,22),(13,21):0.000000
(25,22),(14,21):0.000000
(25,22),(14,7):0.000000
(25,22),(18,7):0.000000
(25,22),(18,4):0.000000
(25,22),(19,4):0.000000
(25,22),(19,6):0.000000
(25,22),(23,6):0.000000
(25,22),(23,8):0.000000
(25,22),(30,8):0.000000
(25,22),(30,20):0.000000
(26,22),(26,27):27.799999
(26,22),(24,27):34.866665
(26,22),(24,30):24.366667
(26,22),(21,30):30.200001
(26,22),(21,25):35.200001
(26,22),(20,25):18.000000
(26,22),(20,17):33.137501
(26,22),(17,17):0.000000
(26,22),(17,15):0.000000
(26,22),(15,15):0.000000
(26,22),(15,29):0.000000
(26,22),(6,29):0.000000
(26,22),(6,28):0.000000
(26,22),(5,28):0.000000
(26,22),(5,26):0.000000
(26,22),(4,26):0.000000
(26,22),(4,24):0.000000
(26,22),(1,24):0.000000
(26,22),(1,23):0.000000
(26,22),(10,23):0.000000
(26,22),(10,12):0.000000
(26,22),(9,12):0.000000
(26,22),(9,10):0.000000
(26,22),(2,10):0.000000
(26,22),(2,5):0.000000
(26,22),(3,5):0.000000
(26,22),(3,1):0.000000
(26,22),(7,1):0.000000
(26,22),(7,2):0.000000
(26,22),(8,2):0.000000
(26,22),(8,3):0.000000
(26,22),(11,3):0.000000
(26,22),(11,9):0.000000
(26,22),(12,9):0.000000
(26,22),(12,14):0.000000
(26,22),(13,14):0.000000
(26,22),(13,21):0.000000
(26,22),(14,21):0.000000
(26,22),(14,7):0.000000
(26,22),(18,7):0.000000
(26,22),(18,4):0.000000
(26,22),(19,4):0.000000
(26,22),(19,6):0.000000
(26,22),(23,6):0.000000
(26,22),(23,8):0.000000
(26,22),(30,8):0.000000
(26,22),(30,20):0.000000
(26,27),(24,27):61.630302
(26,27),(24,30):47.891842
(26,27),(21,30):44.775002
(26,27),(21,25):59.563637
(26,27),(20,25):48.563637
(26,27),(20,17):62.613636
(26,27),(17,17):13.063637
(26,27),(17,15):18.879982
(26,27),(15,15):6.145454
(26,27),(15,29):0.000000
(26,27),(6,29):0.000000
(26,27),(6,28):0.000000
(26,27),(5,28):0.000000
(26,27),(5,26):0.000000
(26,27),(4,26):0.000000
(26,27),(4,24):0.000000
(26,27),(1,24):0.000000
(26,27),(1,23):0.000000
(26,27),(10,23):0.000000
(26,27),(10,12):0.000000
(26,27),(9,12):0.000000
(26,27),(9,10):0.000000
(26,27),(2,10):0.000000
(26,27),(2,5):0.000000
(26,27),(3,5):0.000000
(26,27),(3,1):0.000000
(26,27),(7,1):0.000000
(26,27),(7,2):0.000000
(26,27),(8,2):0.000000
(26,27),(8,3):0.000000
(26,27),(11,3):0.000000
(26,27),(11,9):0.000000
(26,27),(12,9):0.000000
(26,27),(12,14):0.000000
(26,27),(13,14):0.000000
(26,27),(13,21):0.000000
(26,27),(14,21):0.000000
(26,27),(14,7):0.000000
(26,27),(18,7):0.000000
(26,27),(18,4):0.000000
(26,27),(19,4):0.000000
(26,27),(19,6):0.000000
(26,27),(23,6):0.000000
(26,27),(23,8):0.000000
(26,27),(30,8):0.000000
(26,27),(30,20):0.000000
(24,27),(24,30):57.810024
(24,27),(21,30):58.744320
(24,27),(21,25):73.410988
(24,27),(20,25):53.410984
(24,27),(20,17):73.548485
(24,27),(17,17):13.694318
(24,27),(17,15):21.166370
(24,27),(15,15):5.672727
(24,27),(15,29):0.000000
(24,27),(6,29):0.000000
(24,27),(6,28):0.000000
(24,27),(5,28):0.000000
(24,27),(5,26):0.000000
(24,27),(4,26):0.000000
(24,27),(4,24):0.000000
(24,27),(1,24):0.000000
(24,27),(1,23):0.000000
(24,27),(10,23):0.000000
(24,27),(10,12):0.000000
(24,27),(9,12):0.000000
(24,27),(9,10):0.000000
(24,27),(2,10):0.000000
(24,27),(2,5):0.000000
(24,27),(3,5):0.000000
(24,27),(3,1):0.000000
(24,27),(7,1):0.000000
(24,27),(7,2):0.000000
(24,27),(8,2):0.000000
(24,27),(8,3):0.000000
(24,27),(11,3):0.000000
(24,27),(11,9):0.000000
(24,27),(12,9):0.000000
(24,27),(12,14):0.000000
(24,27),(13,14):0.000000
(24,27),(13,21):0.000000
(24,27),(14,21):0.000000
(24,27),(14,7):0.000000
(24,27),(18,7):0.000000
(24,27),(18,4):0.000000
(24,27),(19,4):0.000000
(24,27),(19,6):0.000000
(24,27),(23,6):0.000000
(24,27),(23,8):0.000000
(24,27),(30,8):0.000000
(24,27),(30,20):0.000000
(24,30),(21,30):44.357143
(24,30),(21,25):56.523811
(24,30),(20,25):40.523811
(24,30),(20,17):56.422848
(24,30),(17,17):11.818682
(24,30),(17,15):16.752014
(24,30),(15,15):5.274725
(24,30),(15,29):0.000000
(24,30),(6,29):0.000000
(24,30),(6,28):0.000000
(24,30),(5,28):0.000000
(24,30),(5,26):0.000000
(24,30),(4,26):0.000000
(24,30),(4,24):0.000000
(24,30),(1,24):0.000000
(24,30),(1,23):0.000000
(24,30),(10,23):0.000000
(24,30),(10,12):0.000000
(24,30),(9,12):0.000000
(24,30),(9,10):0.000000
(24,30),(2,10):0.000000
(24,30),(2,5):0.000000
(24,30),(3,5):0.000000
(24,30),(3,1):0.000000
(24,30),(7,1):0.000000
(24,30),(7,2):0.000000
(24,30),(8,2):0.000000
(24,30),(8,3):0.000000
(24,30),(11,3):0.000000
(24,30),(11,9):0.000000
(24,30),(12,9):0.000000
(24,30),(12,14):0.000000
(24,30),(13,14):0.000000
(24,30),(13,21):0.000000
(24,30),(14,21):0.000000
(24,30),(14,7):0.000000
(24,30),(18,7):0.000000
(24,30),(18,4):0.000000
(24,30),(19,4):0.000000
(24,30),(19,6):0.000000
(24,30),(23,6):0.000000
(24,30),(23,8):0.000000
(24,30),(30,8):0.000000
(24,30),(30,20):0.000000
(21,30),(21,25):60.636364
(21,30),(20,25):43.636364
(21,30),(20,17):58.573864
(21,30),(17,17):7.909091
(21,30),(17,15):15.076271
(21,30),(15,15):2.000000
(21,30),(15,29):0.000000
(21,30),(6,29):0.000000
(21,30),(6,28):0.000000
(21,30),(5,28):0.000000
(21,30),(5,26):0.000000
(21,30),(4,26):0.000000
(21,30),(4,24):0.000000
(21,30),(1,24):0.000000
(21,30),(1,23):0.000000
(21,30),(10,23):0.000000
(21,30),(10,12):0.000000
(21,30),(9,12):0.000000
(21,30),(9,10):0.000000
(21,30),(2,10):0.000000
(21,30),(2,5):0.000000
(21,30),(3,5):0.000000
(21,30),(3,1):0.000000
(21,30),(7,1):0.000000
(21,30),(7,2):0.000000
(21,30),(8,2):0.000000
(21,30),(8,3):0.000000
(21,30),(11,3):0.000000
(21,30),(11,9):0.000000
(21,30),(12,9):0.000000
(21,30),(12,14):0.000000
(21,30),(13,14):0.000000
(21,30),(13,21):0.000000
(21,30),(14,21):0.000000
(21,30),(14,7):0.000000
(21,30),(18,7):0.000000
(21,30),(18,4):0.000000
(21,30),(19,4):0.000000
(21,30),(19,6):0.000000
(21,30),(23,6):0.000000
(21,30),(23,8):0.000000
(21,30),(30,8):0.000000
(21,30),(30,20):0.000000
(21,25),(20,25):57.000000
(21,25),(20,17):74.937500
(21,25),(17,17):13.666667
(21,25),(17,15):21.127451
(21,25),(15,15):4.750000
(21,25),(15,29):0.000000
(21,25),(6,29):0.000000
(21,25),(6,28):0.000000
(21,25),(5,28):0.000000
(21,25),(5,26):0.000000
(21,25),(4,26):0.000000
(21,25),(4,24):0.000000
(21,25),(1,24):0.000000
(21,25),(1,23):0.000000
(21,25),(10,23):0.000000
(21,25),(10,12):0.000000
(21,25),(9,12):0.000000
(21,25),(9,10):0.000000
(21,25),(2,10):0.000000
(21,25),(2,5):0.000000
(21,25),(3,5):0.000000
(21,25),(3,1):0.000000
(21,25),(7,1):0.000000
(21,25),(7,2):0.000000
(21,25),(8,2):0.000000
(21,25),(8,3):0.000000
(21,25),(11,3):0.000000
(21,25),(11,9):0.000000
(21,25),(12,9):0.000000
(21,25),(12,14):0.000000
(21,25),(13,14):0.000000
(21,25),(13,21):0.000000
(21,25),(14,21):0.000000
(21,25),(14,7):0.000000
(21,25),(18,7):0.000000
(21,25),(18,4):0.000000
(21,25),(19,4):0.000000
(21,25),(19,6):0.000000
(21,25),(23,6):0.000000
(21,25),(23,8):0.000000
(21,25),(30,8):0.000000
(21,25),(30,20):0.000000
(20,25),(20,17):57.250000
(20,25),(17,17):13.083333
(20,25),(17,15):20.490477
(20,25),(15,15):4.000000
(20,25),(15,29):0.000000
(20,25),(6,29):0.000000
(20,25),(6,28):0.000000
(20,25),(5,28):0.000000
(20,25),(5,26):0.000000
(20,25),(4,26):0.000000
(20,25),(4,24):0.000000
(20,25),(1,24):0.000000
(20,25),(1,23):0.000000
(20,25),(10,23):0.000000
(20,25),(10,12):0.000000
(20,25),(9,12):0.000000
(20,25),(9,10):0.000000
(20,25),(2,10):0.000000
(20,25),(2,5):0.000000
(20,25),(3,5):0.000000
(20,25),(3,1):0.000000
(20,25),(7,1):0.000000
(20,25),(7,2):0.000000
(20,25),(8,2):0.000000
(20,25),(8,3):0.000000
(20,25),(11,3):0.000000
(20,25),(11,9):0.000000
(20,25),(12,9):0.000000
(20,25),(12,14):0.000000
(20,25),(13,14):0.000000
(20,25),(13,21):0.000000
(20,25),(14,21):0.000000
(20,25),(14,7):0.000000
(20,25),(18,7):0.000000
(20,25),(18,4):0.000000
(20,25),(19,4):0.000000
(20,25),(19,6):0.000000
(20,25),(23,6):0.000000
(20,25),(23,8):0.000000
(20,25),(30,8):0.000000
(20,25),(30,20):0.000000
(20,17),(17,17):26.000000
(20,17),(17,15):40.733334
(20,17),(15,15):15.000000
(20,17),(15,29):1.833333
(20,17),(6,29):0.000000
(20,17),(6,28):0.000000
(20,17),(5,28):0.000000
(20,17),(5,26):0.000000
(20,17),(4,26):0.000000
(20,17),(4,24):0.000000
(20,17),(1,24):0.000000
(20,17),(1,23):0.000000
(20,17),(10,23):0.000000
(20,17),(10,12):0.000000
(20,17),(9,12):0.000000
(20,17),(9,10):0.000000
(20,17),(2,10):0.000000
(20,17),(2,5):0.000000
(20,17),(3,5):0.000000
(20,17),(3,1):0.000000
(20,17),(7,1):0.000000
(20,17),(7,2):0.000000
(20,17),(8,2):0.000000
(20,17),(8,3):0.000000
(20,17),(11,3):0.000000
(20,17),(11,9):0.000000
(20,17),(12,9):0.000000
(20,17),(12,14):0.000000
(20,17),(13,14):0.000000
(20,17),(13,21):0.000000
(20,17),(14,21):2.342857
(20,17),(14,7):3.714286
(20,17),(18,7):1.916667
(20,17),(18,4):0.000000
(20,17),(19,4):0.000000
(20,17),(19,6):1.702381
(20,17),(23,6):0.595238
(20,17),(23,8):0.257143
(20,17),(30,8):0.075630
(20,17),(30,20):0.000000
(17,17),(17,15):22.500000
(17,17),(15,15):10.000000
(17,17),(15,29):0.000000
(17,17),(6,29):0.000000
(17,17),(6,28):0.000000
(17,17),(5,28):0.000000
(17,17),(5,26):0.000000
(17,17),(4,26):0.000000
(17,17),(4,24):0.000000
(17,17),(1,24):0.000000
(17,17),(1,23):0.000000
(17,17),(10,23):0.000000
(17,17),(10,12):0.000000
(17,17),(9,12):0.000000
(17,17),(9,10):0.000000
(17,17),(2,10):0.000000
(17,17),(2,5):0.000000
(17,17),(3,5):0.000000
(17,17),(3,1):0.000000
(17,17),(7,1):0.000000
(17,17),(7,2):0.000000
(17,17),(8,2):0.000000
(17,17),(8,3):0.000000
(17,17),(11,3):0.000000
(17,17),(11,9):0.000000
(17,17),(12,9):0.000000
(17,17),(12,14):0.000000
(17,17),(13,14):0.000000
(17,17),(13,21):0.000000
(17,17),(14,21):0.000000
(17,17),(14,7):0.000000
(17,17),(18,7):0.000000
(17,17),(18,4):0.000000
(17,17),(19,4):0.000000
(17,17),(19,6):0.000000
(17,17),(23,6):0.000000
(17,17),(23,8):0.000000
(17,17),(30,8):0.000000
(17,17),(30,20):0.000000
(17,15),(15,15):20.000000
(17,15),(15,29):5.000000
(17,15),(6,29):0.000000
(17,15),(6,28):0.000000
(17,15),(5,28):0.000000
(17,15),(5,26):0.000000
(17,15),(4,26):0.000000
(17,15),(4,24):0.000000
(17,15),(1,24):0.000000
(17,15),(1,23):0.000000
(17,15),(10,23):0.000000
(17,15),(10,12):0.000000
(17,15),(9,12):0.000000
(17,15),(9,10):0.000000
(17,15),(2,10):0.000000
(17,15),(2,5):0.000000
(17,15),(3,5):0.000000
(17,15),(3,1):0.000000
(17,15),(7,1):0.000000
(17,15),(7,2):0.000000
(17,15),(8,2):0.000000
(17,15),(8,3):0.000000
(17,15),(11,3):0.000000
(17,15),(11,9):0.000000
(17,15),(12,9):0.000000
(17,15),(12,14):0.000000
(17,15),(13,14):0.000000
(17,15),(13,21):0.000000
(17,15),(14,21):6.000000
(17,15),(14,7):8.666667
(17,15),(18,7):4.500000
(17,15),(18,4):0.000000
(17,15),(19,4):0.000000
(17,15),(19,6):3.212121
(17,15),(23,6):2.165414
(17,15),(23,8):1.680672
(17,15),(30,8):1.331797
(17,15),(30,20):0.000000
(15,15),(15,29):27.333334
(15,15),(6,29):13.833333
(15,15),(6,28):13.770833
(15,15),(5,28):11.472222
(15,15),(5,26):13.611111
(15,15),(4,26):7.333333
(15,15),(4,24):11.930952
(15,15),(1,24):2.044549
(15,15),(1,23):7.333333
(15,15),(10,23):13.583333
(15,15),(10,12):8.333333
(15,15),(9,12):0.000000
(15,15),(9,10):0.000000
(15,15),(2,10):0.000000
(15,15),(2,5):0.000000
(15,15),(3,5):0.000000
(15,15),(3,1):0.000000
(15,15),(7,1):0.000000
(15,15),(7,2):1.708983
(15,15),(8,2):0.000000
(15,15),(8,3):5.671032
(15,15),(11,3):0.000000
(15,15),(11,9):4.166667
(15,15),(12,9):0.000000
(15,15),(12,14):3.520147
(15,15),(13,14):0.333333
(15,15),(13,21):13.333333
(15,15),(14,21):32.666668
(15,15),(14,7):32.666668
(15,15),(18,7):14.000000
(15,15),(18,4):0.000000
(15,15),(19,4):0.000000
(15,15),(19,6):6.000000
(15,15),(23,6):9.933835
(15,15),(23,8):10.857142
(15,15),(30,8):7.553571
(15,15),(30,20):0.000000
(15,29),(6,29):64.681816
(15,29),(6,28):70.965279
(15,29),(5,28):58.733334
(15,29),(5,26):68.738892
(15,29),(4,26):39.099998
(15,29),(4,24):63.783333
(15,29),(1,24):13.488889
(15,29),(1,23):32.266666
(15,29),(10,23):91.144447
(15,29),(10,12):60.071266
(15,29),(9,12):4.425000
(15,29),(9,10):10.321267
(15,29),(2,10):7.608032
(15,29),(2,5):5.345336
(15,29),(3,5):8.336817
(15,29),(3,1):9.128819
(15,29),(7,1):0.000000
(15,29),(7,2):16.237934
(15,29),(8,2):1.371267
(15,29),(8,3):26.760157
(15,29),(11,3):26.311764
(15,29),(11,9):56.574928
(15,29),(12,9):35.894958
(15,29),(12,14):58.595493
(15,29),(13,14):44.875000
(15,29),(13,21):86.678108
(15,29),(14,21):76.850693
(15,29),(14,7):22.000000
(15,29),(18,7):7.000000
(15,29),(18,4):0.000000
(15,29),(19,4):0.000000
(15,29),(19,6):3.000000
(15,29),(23,6):4.371428
(15,29),(23,8):4.642857
(15,29),(30,8):3.321429
(15,29),(30,20):0.000000
(6,29),(6,28):64.062500
(6,29),(5,28):53.888889
(6,29),(5,26):60.694443
(6,29),(4,26):33.250000
(6,29),(4,24):55.833332
(6,29),(1,24):10.388889
(6,29),(1,23):28.500000
(6,29),(10,23):65.000000
(6,29),(10,12):34.750000
(6,29),(9,12):0.000000
(6,29),(9,10):0.000000
(6,29),(2,10):0.000000
(6,29),(2,5):0.000000
(6,29),(3,5):0.000000
(6,29),(3,1):0.000000
(6,29),(7,1):0.000000
(6,29),(7,2):3.600575
(6,29),(8,2):0.000000
(6,29),(8,3):11.522223
(6,29),(11,3):7.650000
(6,29),(11,9):31.349817
(6,29),(12,9):17.571428
(6,29),(12,14):33.321430
(6,29),(13,14):30.750000
(6,29),(13,21):59.416668
(6,29),(14,21):59.166668
(6,29),(14,7):8.500000
(6,29),(18,7):0.000000
(6,29),(18,4):0.000000
(6,29),(19,4):0.000000
(6,29),(19,6):0.000000
(6,29),(23,6):0.000000
(6,29),(23,8):0.000000
(6,29),(30,8):0.000000
(6,29),(30,20):0.000000
(6,28),(5,28):58.888889
(6,28),(5,26):67.944443
(6,28),(4,26):38.250000
(6,28),(4,24):62.083332
(6,28),(1,24):12.638889
(6,28),(1,23):31.416666
(6,28),(10,23):71.125000
(6,28),(10,12):33.625000
(6,28),(9,12):0.000000
(6,28),(9,10):0.000000
(6,28),(2,10):0.000000
(6,28),(2,5):0.000000
(6,28),(3,5):0.000000
(6,28),(3,1):0.000000
(6,28),(7,1):0.000000
(6,28),(7,2):3.158333
(6,28),(8,2):0.000000
(6,28),(8,3):10.835628
(6,28),(11,3):7.525000
(6,28),(11,9):30.244047
(6,28),(12,9):17.071428
(6,28),(12,14):32.196430
(6,28),(13,14):29.625000
(6,28),(13,21):60.291668
(6,28),(14,21):61.637501
(6,28),(14,7):8.437500
(6,28),(18,7):0.000000
(6,28),(18,4):0.000000
(6,28),(19,4):0.000000
(6,28),(19,6):0.000000
(6,28),(23,6):0.000000
(6,28),(23,8):0.000000
(6,28),(30,8):0.000000
(6,28),(30,20):0.000000
(5,28),(5,26):56.944443
(5,28),(4,26):36.250000
(5,28),(4,24):51.083332
(5,28),(1,24):11.388889
(5,28),(1,23):30.000000
(5,28),(10,23):58.750000
(5,28),(10,12):27.500000
(5,28),(9,12):0.000000
(5,28),(9,10):0.000000
(5,28),(2,10):0.000000
(5,28),(2,5):0.000000
(5,28),(3,5):0.000000
(5,28),(3,1):0.000000
(5,28),(7,1):0.000000
(5,28),(7,2):2.728205
(5,28),(8,2):0.000000
(5,28),(8,3):8.861111
(5,28),(11,3):6.125000
(5,28),(11,9):24.476191
(5,28),(12,9):13.785714
(5,28),(12,14):25.777779
(5,28),(13,14):23.666666
(5,28),(13,21):50.166668
(5,28),(14,21):52.138889
(5,28),(14,7):7.388889
(5,28),(18,7):0.000000
(5,28),(18,4):0.000000
(5,28),(19,4):0.000000
(5,28),(19,6):0.000000
(5,28),(23,6):0.000000
(5,28),(23,8):0.000000
(5,28),(30,8):0.000000
(5,28),(30,20):0.000000
(5,26),(4,26):39.250000
(5,26),(4,24):63.083332
(5,26),(1,24):12.638889
(5,26),(1,23):31.416666
(5,26),(10,23):68.916664
(5,26),(10,12):30.694445
(5,26),(9,12):0.000000
(5,26),(9,10):0.000000
(5,26),(2,10):0.000000
(5,26),(2,5):0.000000
(5,26),(3,5):0.000000
(5,26),(3,1):0.000000
(5,26),(7,1):0.000000
(5,26),(7,2):2.409379
(5,26),(8,2):0.000000
(5,26),(8,3):9.246872
(5,26),(11,3):7.200000
(5,26),(11,9):27.316017
(5,26),(12,9):15.771428
(5,26),(12,14):29.268797
(5,26),(13,14):26.700001
(5,26),(13,21):57.083332
(5,26),(14,21):59.694443
(5,26),(14,7):8.277778
(5,26),(18,7):0.000000
(5,26),(18,4):0.000000
(5,26),(19,4):0.000000
(5,26),(19,6):0.000000
(5,26),(23,6):0.000000
(5,26),(23,8):0.000000
(5,26),(30,8):0.000000
(5,26),(30,20):0.000000
(4,26),(4,24):35.083332
(4,26),(1,24):12.388889
(4,26),(1,23):27.000000
(4,26),(10,23):39.250000
(4,26),(10,12):15.380953
(4,26),(9,12):0.000000
(4,26),(9,10):0.000000
(4,26),(2,10):0.000000
(4,26),(2,5):0.000000
(4,26),(3,5):0.000000
(4,26),(3,1):0.000000
(4,26),(7,1):0.000000
(4,26),(7,2):1.545886
(4,26),(8,2):0.000000
(4,26),(8,3):5.013957
(4,26),(11,3):3.475000
(4,26),(11,9):13.635531
(4,26),(12,9):7.642857
(4,26),(12,14):14.019048
(4,26),(13,14):12.750000
(4,26),(13,21):27.750000
(4,26),(14,21):30.250000
(4,26),(14,7):5.250000
(4,26),(18,7):0.000000
(4,26),(18,4):0.000000
(4,26),(19,4):0.000000
(4,26),(19,6):0.000000
(4,26),(23,6):0.000000
(4,26),(23,8):0.000000
(4,26),(30,8):0.000000
(4,26),(30,20):0.000000
(4,24),(1,24):15.388889
(4,24),(1,23):34.166668
(4,24),(10,23):65.833336
(4,24),(10,12):28.394737
(4,24),(9,12):0.000000
(4,24),(9,10):0.000000
(4,24),(2,10):0.000000
(4,24),(2,5):0.000000
(4,24),(3,5):0.000000
(4,24),(3,1):0.000000
(4,24),(7,1):0.000000
(4,24),(7,2):2.031548
(4,24),(8,2):0.000000
(4,24),(8,3):8.104502
(4,24),(11,3):6.983333
(4,24),(11,9):25.186615
(4,24),(12,9):14.904762
(4,24),(12,14):27.164452
(4,24),(13,14):24.750000
(4,24),(13,21):51.520832
(4,24),(14,21):53.833332
(4,24),(14,7):6.750000
(4,24),(18,7):0.000000
(4,24),(18,4):0.000000
(4,24),(19,4):0.000000
(4,24),(19,6):0.000000
(4,24),(23,6):0.000000
(4,24),(23,8):0.000000
(4,24),(30,8):0.000000
(4,24),(30,20):0.000000
(1,24),(1,23):14.000000
(1,24),(10,23):15.388889
(1,24),(10,12):4.553571
(1,24),(9,12):0.000000
(1,24),(9,10):0.000000
(1,24),(2,10):0.000000
(1,24),(2,5):0.000000
(1,24),(3,5):0.000000
(1,24),(3,1):0.000000
(1,24),(7,1):0.000000
(1,24),(7,2):0.461840
(1,24),(8,2):0.000000
(1,24),(8,3):1.496230
(1,24),(11,3):1.080556
(1,24),(11,9):4.058442
(1,24),(12,9):2.293651
(1,24),(12,14):4.058656
(1,24),(13,14):3.666667
(1,24),(13,21):7.138889
(1,24),(14,21):7.388889
(1,24),(14,7):1.500000
(1,24),(18,7):0.000000
(1,24),(18,4):0.000000
(1,24),(19,4):0.000000
(1,24),(19,6):0.000000
(1,24),(23,6):0.000000
(1,24),(23,8):0.000000
(1,24),(30,8):0.000000
(1,24),(30,20):0.000000
(1,23),(10,23):34.166668
(1,23),(10,12):16.500000
(1,23),(9,12):0.000000
(1,23),(9,10):0.000000
(1,23),(2,10):0.000000
(1,23),(2,5):0.000000
(1,23),(3,5):0.000000
(1,23),(3,1):0.000000
(1,23),(7,1):0.000000
(1,23),(7,2):1.685088
(1,23),(8,2):0.000000
(1,23),(8,3):5.379093
(1,23),(11,3):3.387978
(1,23),(11,9):13.657091
(1,23),(12,9):7.280303
(1,23),(12,14):13.845320
(1,23),(13,14):11.850000
(1,23),(13,21):23.666666
(1,23),(14,21):24.566668
(1,23),(14,7):4.500000
(1,23),(18,7):0.000000
(1,23),(18,4):0.000000
(1,23),(19,4):0.000000
(1,23),(19,6):0.000000
(1,23),(23,6):0.000000
(1,23),(23,8):0.000000
(1,23),(30,8):0.000000
(1,23),(30,20):0.000000
(10,23),(10,12):70.500000
(10,23),(9,12):12.000000
(10,23),(9,10):18.333334
(10,23),(2,10):8.000000
(10,23),(2,5):8.634921
(10,23),(3,5):11.083333
(10,23),(3,1):13.027778
(10,23),(7,1):0.000000
(10,23),(7,2):22.758333
(10,23),(8,2):0.000000
(10,23),(8,3):35.313889
(10,23),(11,3):26.900000
(10,23),(11,9):65.119049
(10,23),(12,9):42.571430
(10,23),(12,14):66.071426
(10,23),(13,14):51.000000
(10,23),(13,21):92.880951
(10,23),(14,21):63.250000
(10,23),(14,7):8.250000
(10,23),(18,7):0.000000
(10,23),(18,4):0.000000
(10,23),(19,4):0.000000
(10,23),(19,6):0.000000
(10,23),(23,6):0.000000
(10,23),(23,8):0.000000
(10,23),(30,8):0.000000
(10,23),(30,20):0.000000
(10,12),(9,12):21.000000
(10,12),(9,10):44.322224
(10,12),(2,10):31.988890
(10,12),(2,5):20.242064
(10,12),(3,5):35.488888
(10,12),(3,1):36.886600
(10,12),(7,1):6.100000
(10,12),(7,2):46.247223
(10,12),(8,2):8.888889
(10,12),(8,3):60.667065
(10,12),(11,3):47.250000
(10,12),(11,9):89.547623
(10,12),(12,9):43.250000
(10,12),(12,14):86.831276
(10,12),(13,14):44.500000
(10,12),(13,21):80.584167
(10,12),(14,21):34.000000
(10,12),(14,7):3.500000
(10,12),(18,7):0.000000
(10,12),(18,4):0.000000
(10,12),(19,4):0.000000
(10,12),(19,6):0.000000
(10,12),(23,6):0.000000
(10,12),(23,8):0.000000
(10,12),(30,8):0.000000
(10,12),(30,20):0.000000
(9,12),(9,10):21.000000
(9,12),(2,10):15.000000
(9,12),(2,5):13.977777
(9,12),(3,5):18.350000
(9,12),(3,1):17.566668
(9,12),(7,1):0.000000
(9,12),(7,2):15.625000
(9,12),(8,2):0.000000
(9,12),(8,3):19.714285
(9,12),(11,3):18.000000
(9,12),(11,9):21.000000
(9,12),(12,9):9.000000
(9,12),(12,14):16.900000
(9,12),(13,14):0.000000
(9,12),(13,21):15.000000
(9,12),(14,21):0.000000
(9,12),(14,7):0.000000
(9,12),(18,7):0.000000
(9,12),(18,4):0.000000
(9,12),(19,4):0.000000
(9,12),(19,6):0.000000
(9,12),(23,6):0.000000
(9,12),(23,8):0.000000
(9,12),(30,8):0.000000
(9,12),(30,20):0.000000
(9,10),(2,10):69.203575
(9,10),(2,5):48.992062
(9,10),(3,5):74.303574
(9,10),(3,1):70.686111
(9,10),(7,1):40.375000
(9,10),(7,2):76.353569
(9,10),(8,2):44.628571
(9,10),(8,3):80.567856
(9,10),(11,3):65.875000
(9,10),(11,9):81.130951
(9,10),(12,9):20.000000
(9,10),(12,14):49.843182
(9,10),(13,14):3.333333
(9,10),(13,21):28.417501
(9,10),(14,21):0.000000
(9,10),(14,7):0.000000
(9,10),(18,7):0.000000
(9,10),(18,4):0.000000
(9,10),(19,4):0.000000
(9,10),(19,6):0.000000
(9,10),(23,6):0.000000
(9,10),(23,8):0.000000
(9,10),(30,8):0.000000
(9,10),(30,20):0.000000
(2,10),(2,5):45.777779
(2,10),(3,5):69.150002
(2,10),(3,1):61.974998
(2,10),(7,1):38.900002
(2,10),(7,2):63.810715
(2,10),(8,2):43.799999
(2,10),(8,3):67.949997
(2,10),(11,3):60.474998
(2,10),(11,9):68.864288
(2,10),(12,9):10.000000
(2,10),(12,14):37.120377
(2,10),(13,14):0.000000
(2,10),(13,21):18.560360
(2,10),(14,21):0.000000
(2,10),(14,7):0.000000
(2,10),(18,7):0.000000
(2,10),(18,4):0.000000
(2,10),(19,4):0.000000
(2,10),(19,6):0.000000
(2,10),(23,6):0.000000
(2,10),(23,8):0.000000
(2,10),(30,8):0.000000
(2,10),(30,20):0.000000
(2,5),(3,5):48.964287
(2,5),(3,1):43.714287
(2,5),(7,1):24.500000
(2,5),(7,2):47.464287
(2,5),(8,2):29.700001
(2,5),(8,3):48.014286
(2,5),(11,3):46.303570
(2,5),(11,9):48.992062
(2,5),(12,9):12.992064
(2,5),(12,14):21.767063
(2,5),(13,14):0.000000
(2,5),(13,21):13.798135
(2,5),(14,21):0.000000
(2,5),(14,7):0.000000
(2,5),(18,7):0.000000
(2,5),(18,4):0.000000
(2,5),(19,4):0.000000
(2,5),(19,6):0.000000
(2,5),(23,6):0.000000
(2,5),(23,8):0.000000
(2,5),(30,8):0.000000
(2,5),(30,20):0.000000
(3,5),(3,1):67.324997
(3,5),(7,1):40.500000
(3,5),(7,2):69.000000
(3,5),(8,2):44.700001
(3,5),(8,3):73.050003
(3,5),(11,3):62.541668
(3,5),(11,9):73.964287
(3,5),(12,9):13.500000
(3,5),(12,14):41.509850
(3,5),(13,14):0.000000
(3,5),(13,21):21.263853
(3,5),(14,21):0.000000
(3,5),(14,7):0.000000
(3,5),(18,7):0.000000
(3,5),(18,4):0.000000
(3,5),(19,4):0.000000
(3,5),(19,6):0.000000
(3,5),(23,6):0.000000
(3,5),(23,8):0.000000
(3,5),(30,8):0.000000
(3,5),(30,20):0.000000
(3,1),(7,1):36.000000
(3,1),(7,2):67.388885
(3,1),(8,2):39.875000
(3,1),(8,3):69.425003
(3,1),(11,3):57.200001
(3,1),(11,9):69.914284
(3,1),(12,9):15.250000
(3,1),(12,14):44.027596
(3,1),(13,14):0.611111
(3,1),(13,21):23.553785
(3,1),(14,21):0.000000
(3,1),(14,7):0.000000
(3,1),(18,7):0.000000
(3,1),(18,4):0.000000
(3,1),(19,4):0.000000
(3,1),(19,6):0.000000
(3,1),(23,6):0.000000
(3,1),(23,8):0.000000
(3,1),(30,8):0.000000
(3,1),(30,20):0.000000
(7,1),(7,2):40.500000
(7,1),(8,2):36.500000
(7,1),(8,3):40.000000
(7,1),(11,3):32.500000
(7,1),(11,9):40.214287
(7,1),(12,9):5.000000
(7,1),(12,14):14.458333
(7,1),(13,14):0.000000
(7,1),(13,21):0.508772
(7,1),(14,21):0.000000
(7,1),(14,7):0.000000
(7,1),(18,7):0.000000
(7,1),(18,4):0.000000
(7,1),(19,4):0.000000
(7,1),(19,6):0.000000
(7,1),(23,6):0.000000
(7,1),(23,8):0.000000
(7,1),(30,8):0.000000
(7,1),(30,20):0.000000
(7,2),(8,2):44.625000
(7,2),(8,3):83.216667
(7,2),(11,3):61.291668
(7,2),(11,9):80.901787
(7,2),(12,9):21.291666
(7,2),(12,14):52.379547
(7,2),(13,14):8.400000
(7,2),(13,21):33.722263
(7,2),(14,21):2.483333
(7,2),(14,7):1.250000
(7,2),(18,7):0.000000
(7,2),(18,4):0.000000
(7,2),(19,4):0.000000
(7,2),(19,6):0.000000
(7,2),(23,6):0.000000
(7,2),(23,8):0.000000
(7,2),(30,8):0.000000
(7,2),(30,20):0.000000
(8,2),(8,3):44.700001
(8,2),(11,3):39.700001
(8,2),(11,9):44.450001
(8,2),(12,9):6.000000
(8,2),(12,14):16.484848
(8,2),(13,14):0.000000
(8,2),(13,21):2.527778
(8,2),(14,21):0.000000
(8,2),(14,7):0.000000
(8,2),(18,7):0.000000
(8,2),(18,4):0.000000
(8,2),(19,4):0.000000
(8,2),(19,6):0.000000
(8,2),(23,6):0.000000
(8,2),(23,8):0.000000
(8,2),(30,8):0.000000
(8,2),(30,20):0.000000
(8,3),(11,3):66.764282
(8,3),(11,9):94.486511
(8,3),(12,9):23.714285
(8,3),(12,14):62.220165
(8,3),(13,14):13.319445
(8,3),(13,21):46.025002
(8,3),(14,21):9.688889
(8,3),(14,7):2.600000
(8,3),(18,7):0.000000
(8,3),(18,4):0.000000
(8,3),(19,4):0.000000
(8,3),(19,6):0.000000
(8,3),(23,6):0.000000
(8,3),(23,8):0.000000
(8,3),(30,8):0.000000
(8,3),(30,20):0.000000
(11,3),(11,9):82.775002
(11,3),(12,9):30.900000
(11,3),(12,14):50.174999
(11,3),(13,14):15.900000
(11,3),(13,21):37.400002
(11,3),(14,21):8.900000
(11,3),(14,7):0.000000
(11,3),(18,7):0.000000
(11,3),(18,4):0.000000
(11,3),(19,4):0.000000
(11,3),(19,6):0.000000
(11,3),(23,6):0.000000
(11,3),(23,8):0.000000
(11,3),(30,8):0.000000
(11,3),(30,20):0.000000
(11,9),(12,9):51.285713
(11,9),(12,14):95.721428
(11,9),(13,14):43.785713
(11,9),(13,21):74.964287
(11,9),(14,21):30.619047
(11,9),(14,7):0.333333
(11,9),(18,7):0.000000
(11,9),(18,4):0.000000
(11,9),(19,4):0.000000
(11,9),(19,6):0.000000
(11,9),(23,6):0.000000
(11,9),(23,8):0.000000
(11,9),(30,8):0.000000
(11,9),(30,20):0.000000
(12,9),(12,14):45.446430
(12,9),(13,14):32.571430
(12,9),(13,21):42.285713
(12,9),(14,21):18.571428
(12,9),(14,7):0.000000
(12,9),(18,7):0.000000
(12,9),(18,4):0.000000
(12,9),(19,4):0.000000
(12,9),(19,6):0.000000
(12,9),(23,6):0.000000
(12,9),(23,8):0.000000
(12,9),(30,8):0.000000
(12,9),(30,20):0.000000
(12,14),(13,14):49.000000
(12,14),(13,21):78.962227
(12,14),(14,21):32.571430
(12,14),(14,7):0.071429
(12,14),(18,7):0.000000
(12,14),(18,4):0.000000
(12,14),(19,4):0.000000
(12,14),(19,6):0.000000
(12,14),(23,6):0.000000
(12,14),(23,8):0.000000
(12,14),(30,8):0.000000
(12,14),(30,20):0.000000
(13,14),(13,21):51.000000
(13,14),(14,21):30.000000
(13,14),(14,7):0.000000
(13,14),(18,7):0.000000
(13,14),(18,4):0.000000
(13,14),(19,4):0.000000
(13,14),(19,6):0.000000
(13,14),(23,6):0.000000
(13,14),(23,8):0.000000
(13,14),(30,8):0.000000
(13,14),(30,20):0.000000
(13,21),(14,21):60.666668
(13,21),(14,7):8.000000
(13,21),(18,7):0.000000
(13,21),(18,4):0.000000
(13,21),(19,4):0.000000
(13,21),(19,6):0.000000
(13,21),(23,6):0.000000
(13,21),(23,8):0.000000
(13,21),(30,8):0.000000
(13,21),(30,20):0.000000
(14,21),(14,7):27.333334
(14,21),(18,7):11.833333
(14,21),(18,4):0.000000
(14,21),(19,4):0.000000
(14,21),(19,6):4.871795
(14,21),(23,6):8.070883
(14,21),(23,8):8.831502
(14,21),(30,8):6.166226
(14,21),(30,20):0.000000
(14,7),(18,7):56.233334
(14,7),(18,4):10.000000
(14,7),(19,4):6.666667
(14,7),(19,6):40.333332
(14,7),(23,6):35.828571
(14,7),(23,8):55.268253
(14,7),(30,8):45.839684
(14,7),(30,20):2.717361
(18,7),(18,4):13.250000
(18,7),(19,4):9.666667
(18,7),(19,6):47.333332
(18,7),(23,6):40.828571
(18,7),(23,8):58.388962
(18,7),(30,8):43.710388
(18,7),(30,20):2.065909
(18,4),(19,4):7.000000
(18,4),(19,6):13.250000
(18,4),(23,6):11.250000
(18,4),(23,8):11.500000
(18,4),(30,8):8.250000
(18,4),(30,20):0.000000
(19,4),(19,6):9.666667
(19,4),(23,6):7.666667
(19,4),(23,8):7.916667
(19,4),(30,8):5.500000
(19,4),(30,20):0.000000
(19,6),(23,6):34.428570
(19,6),(23,8):43.107143
(19,6),(30,8):31.928572
(19,6),(30,20):0.000000
(23,6),(23,8):40.257141
(23,6),(30,8):27.428572
(23,6),(30,20):0.000000
(23,8),(30,8):48.678570
(23,8),(30,20):3.750000
(30,8),(30,20):12.500000
