66
(30,32):(27,26)	(27,27)	(27,28)	(27,29)	(27,30)	(28,28)	(28,29)	(28,30)	(28,31)	(28,33)	(29,30)	(29,31)	(29,32)	(30,31)	(30,32)	(30,33)	(31,31)	(32,31)	(33,30)	(33,32)	
(30,33):(27,24)	(27,25)	(27,26)	(27,27)	(27,28)	(27,29)	(27,30)	(28,27)	(28,28)	(28,29)	(28,30)	(28,31)	(28,33)	(29,30)	(29,31)	(29,32)	(30,31)	(30,32)	(30,33)	
(28,33):(28,8)	(28,9)	(28,10)	(28,11)	(28,12)	(28,13)	(28,14)	(28,15)	(28,16)	(28,17)	(28,18)	(28,19)	(28,20)	(28,21)	(28,22)	(28,23)	(28,24)	(28,25)	(28,26)	(28,27)	(28,28)	(28,29)	(28,30)	(28,31)	(28,33)	(29,8)	(29,9)	(29,10)	(29,11)	(29,12)	(29,13)	(29,14)	(29,15)	(29,16)	(29,17)	(29,18)	(29,19)	(29,20)	(29,21)	(29,22)	(29,23)	(29,24)	(29,25)	(29,26)	(29,27)	(29,30)	(29,31)	(29,32)	(30,8)	(30,9)	(30,10)	(30,11)	(30,12)	(30,13)	(30,14)	(30,15)	(30,16)	(30,17)	(30,18)	(30,19)	(30,20)	(30,21)	(30,31)	(30,32)	(30,33)	(31,7)	(31,11)	(31,12)	(31,13)	(31,14)	(31,15)	(31,31)	(32,31)	(33,30)	
(28,31):(26,17)	(26,18)	(26,19)	(26,31)	(27,8)	(27,9)	(27,10)	(27,11)	(27,12)	(27,16)	(27,17)	(27,18)	(27,19)	(27,20)	(27,21)	(27,22)	(27,23)	(27,24)	(27,25)	(27,26)	(27,27)	(27,28)	(27,29)	(27,30)	(28,8)	(28,9)	(28,10)	(28,11)	(28,12)	(28,13)	(28,14)	(28,15)	(28,16)	(28,17)	(28,18)	(28,19)	(28,20)	(28,21)	(28,22)	(28,23)	(28,24)	(28,25)	(28,26)	(28,27)	(28,28)	(28,29)	(28,30)	(28,31)	(28,33)	(29,8)	(29,9)	(29,10)	(29,11)	(29,12)	(29,13)	(29,14)	(29,15)	(29,16)	(29,17)	(29,18)	(29,19)	(29,20)	(29,21)	(29,22)	(29,23)	(29,24)	(29,25)	(29,26)	(29,27)	(29,30)	(29,31)	(29,32)	(30,8)	(30,9)	(30,10)	(30,11)	(30,12)	(30,13)	(30,14)	(30,15)	(30,16)	(30,17)	(30,18)	(30,19)	(30,20)	(30,21)	(30,22)	(30,23)	(30,31)	(30,32)	(30,33)	(31,7)	(31,11)	(31,12)	(31,13)	(31,14)	(31,15)	(31,16)	(31,17)	(31,18)	(31,19)	(31,31)	(32,11)	(32,31)	(33,30)	(33,32)	
(26,31):(26,17)	(26,18)	(26,19)	(26,31)	(27,16)	(27,17)	(27,18)	(27,19)	(27,20)	(27,21)	(27,22)	(27,23)	(27,24)	(27,25)	(27,26)	(27,27)	(27,28)	(27,29)	(27,30)	(28,8)	(28,9)	(28,10)	(28,11)	(28,12)	(28,13)	(28,14)	(28,15)	(28,16)	(28,17)	(28,18)	(28,19)	(28,20)	(28,21)	(28,22)	(28,23)	(28,24)	(28,25)	(28,26)	(28,27)	(28,28)	(28,29)	(28,30)	(28,31)	(29,8)	(29,9)	(29,10)	(29,11)	(29,12)	(29,13)	(29,14)	(29,15)	(29,16)	(29,17)	(29,18)	(29,19)	(29,20)	(29,21)	(29,22)	(29,23)	(29,24)	(29,25)	(29,26)	(29,27)	(29,30)	(29,31)	(30,8)	(30,9)	(30,10)	(30,11)	(30,12)	(30,13)	(30,14)	(30,15)	(30,16)	(30,17)	(30,18)	(30,19)	(30,20)	(30,21)	(30,22)	(30,23)	(30,24)	(30,25)	(30,31)	(31,7)	(31,11)	(31,12)	(31,13)	(31,14)	(31,15)	(31,16)	(31,17)	(31,18)	(31,19)	(31,20)	(31,21)	(31,22)	(31,23)	(31,24)	(31,31)	(32,11)	(32,31)	(33,30)	
(26,19):(17,17)	(18,17)	(18,18)	(18,19)	(19,17)	(19,18)	(19,19)	(20,17)	(20,18)	(20,19)	(21,17)	(21,18)	(21,19)	(22,17)	(22,18)	(22,19)	(23,17)	(23,18)	(23,19)	(24,17)	(24,18)	(24,19)	(25,17)	(25,18)	(26,17)	(26,18)	(26,19)	(26,31)	(27,16)	(27,17)	(27,18)	(27,19)	(27,20)	(27,21)	(27,22)	(27,23)	(27,24)	(27,25)	(27,26)	(27,27)	(27,28)	(27,29)	(27,30)	(28,13)	(28,14)	(28,15)	(28,16)	(28,17)	(28,18)	(28,19)	(28,20)	(28,21)	(28,22)	(28,23)	(28,24)	(28,25)	(28,26)	(28,27)	(28,28)	(28,29)	(28,30)	(28,31)	(29,10)	(29,11)	(29,12)	(29,13)	(29,14)	(29,15)	(29,16)	(29,17)	(29,18)	(29,19)	(29,20)	(29,21)	(29,22)	(29,23)	(29,24)	(29,25)	(29,26)	(29,27)	(29,30)	(29,31)	(29,32)	(30,8)	(30,9)	(30,10)	(30,11)	(30,12)	(30,13)	(30,14)	(30,15)	(30,16)	(30,17)	(30,18)	(30,19)	(30,20)	(30,21)	(30,22)	(30,23)	(30,24)	(30,25)	(30,26)	(31,7)	(31,11)	(31,12)	(31,13)	(31,14)	(31,15)	(31,16)	(31,17)	(31,18)	(31,19)	(31,20)	(31,21)	(31,22)	(31,23)	(31,24)	(31,25)	(31,26)	(32,11)	(32,27)	
(24,19):(14,25)	(14,26)	(15,25)	(16,24)	(16,25)	(17,17)	(17,23)	(17,24)	(17,25)	(18,17)	(18,18)	(18,19)	(18,20)	(18,21)	(18,22)	(18,23)	(18,24)	(18,25)	(19,17)	(19,18)	(19,19)	(19,20)	(19,21)	(19,22)	(19,23)	(19,24)	(20,17)	(20,18)	(20,19)	(20,20)	(20,21)	(20,22)	(20,23)	(21,17)	(21,18)	(21,19)	(21,20)	(21,21)	(21,22)	(22,17)	(22,18)	(22,19)	(22,20)	(22,21)	(23,17)	(23,18)	(23,19)	(23,20)	(24,17)	(24,18)	(24,19)	(24,20)	(25,17)	(25,18)	(26,17)	(26,18)	(26,19)	(27,16)	(27,17)	(27,18)	(27,19)	(28,15)	(28,16)	(28,17)	(28,18)	(28,19)	(29,14)	(29,15)	(29,16)	(29,17)	(29,18)	(29,19)	(30,13)	(30,14)	(30,15)	(30,16)	(30,17)	(30,18)	(30,19)	(31,12)	(31,13)	(31,14)	(31,15)	(31,16)	(31,17)	(31,18)	(31,19)	(32,11)	
(24,20):(17,17)	(18,17)	(18,18)	(18,19)	(18,20)	(19,17)	(19,18)	(19,19)	(19,20)	(20,17)	(20,18)	(20,19)	(20,20)	(21,17)	(21,18)	(21,19)	(21,20)	(22,17)	(22,18)	(22,19)	(22,20)	(23,17)	(23,18)	(23,19)	(23,20)	(24,17)	(24,18)	(24,19)	(24,20)	
(23,20):(14,25)	(14,26)	(15,24)	(15,25)	(16,24)	(16,25)	(17,17)	(17,23)	(17,24)	(17,25)	(18,17)	(18,18)	(18,19)	(18,20)	(18,21)	(18,22)	(18,23)	(18,24)	(18,25)	(18,26)	(18,29)	(19,17)	(19,18)	(19,19)	(19,20)	(19,21)	(19,22)	(19,23)	(19,24)	(19,25)	(19,26)	(19,27)	(19,28)	(20,17)	(20,18)	(20,19)	(20,20)	(20,21)	(20,22)	(20,23)	(20,24)	(20,25)	(20,26)	(20,27)	(20,28)	(21,17)	(21,18)	(21,19)	(21,20)	(21,21)	(21,22)	(21,23)	(21,24)	(21,25)	(21,26)	(21,27)	(21,28)	(22,17)	(22,18)	(22,19)	(22,20)	(22,21)	(22,22)	(22,23)	(22,24)	(22,25)	(22,26)	(22,27)	(23,17)	(23,18)	(23,19)	(23,20)	(23,28)	(24,17)	(24,18)	(24,19)	(24,20)	(25,17)	(25,18)	(26,17)	(27,16)	
(23,28):(11,23)	(13,24)	(14,24)	(15,24)	(16,24)	(16,25)	(17,17)	(17,23)	(17,24)	(17,25)	(18,17)	(18,18)	(18,19)	(18,20)	(18,21)	(18,22)	(18,23)	(18,24)	(18,25)	(18,26)	(19,17)	(19,18)	(19,19)	(19,20)	(19,21)	(19,22)	(19,23)	(19,24)	(19,25)	(19,26)	(19,27)	(19,28)	(20,17)	(20,18)	(20,19)	(20,20)	(20,21)	(20,22)	(20,23)	(20,24)	(20,25)	(20,26)	(20,27)	(20,28)	(21,17)	(21,18)	(21,19)	(21,20)	(21,21)	(21,22)	(21,23)	(21,24)	(21,25)	(21,26)	(21,27)	(21,28)	(22,17)	(22,18)	(22,19)	(22,20)	(22,21)	(22,22)	(22,23)	(22,24)	(22,25)	(22,26)	(22,27)	(23,17)	(23,18)	(23,19)	(23,20)	(23,28)	
(21,28):(15,24)	(16,24)	(17,17)	(17,23)	(17,24)	(17,25)	(18,17)	(18,18)	(18,19)	(18,20)	(18,21)	(18,22)	(18,23)	(18,24)	(18,25)	(18,26)	(18,29)	(19,17)	(19,18)	(19,19)	(19,20)	(19,21)	(19,22)	(19,23)	(19,24)	(19,25)	(19,26)	(19,27)	(19,28)	(20,17)	(20,18)	(20,19)	(20,20)	(20,21)	(20,22)	(20,23)	(20,24)	(20,25)	(20,26)	(20,27)	(20,28)	(21,17)	(21,18)	(21,19)	(21,20)	(21,21)	(21,22)	(21,23)	(21,24)	(21,25)	(21,26)	(21,27)	(21,28)	(21,29)	(22,17)	(22,18)	(22,19)	(22,20)	(22,21)	(22,22)	(22,23)	(22,24)	(22,25)	(22,26)	(22,27)	(23,17)	(23,18)	(23,19)	(23,20)	(23,28)	
(21,29):(16,24)	(17,17)	(17,23)	(17,24)	(17,25)	(18,17)	(18,18)	(18,19)	(18,20)	(18,21)	(18,22)	(18,23)	(18,24)	(18,25)	(18,26)	(18,29)	(19,17)	(19,18)	(19,19)	(19,20)	(19,21)	(19,22)	(19,23)	(19,24)	(19,25)	(19,26)	(19,27)	(19,28)	(20,17)	(20,18)	(20,19)	(20,20)	(20,21)	(20,22)	(20,23)	(20,24)	(20,25)	(20,26)	(20,27)	(20,28)	(21,17)	(21,18)	(21,19)	(21,20)	(21,21)	(21,22)	(21,23)	(21,24)	(21,25)	(21,26)	(21,27)	(21,28)	(21,29)	
(18,29):(18,17)	(18,18)	(18,19)	(18,20)	(18,21)	(18,22)	(18,23)	(18,24)	(18,25)	(18,26)	(18,29)	(19,17)	(19,18)	(19,19)	(19,20)	(19,21)	(19,22)	(19,23)	(19,24)	(19,25)	(19,26)	(19,27)	(19,28)	(20,17)	(20,18)	(20,19)	(20,20)	(20,21)	(20,22)	(20,23)	(20,24)	(20,25)	(20,26)	(20,27)	(20,28)	(21,17)	(21,18)	(21,19)	(21,20)	(21,21)	(21,22)	(21,23)	(21,24)	(21,25)	(21,26)	(21,27)	(21,28)	(21,29)	(22,17)	(22,18)	(22,19)	(22,20)	(22,21)	(22,22)	(22,23)	(22,24)	(22,25)	(22,26)	(22,27)	(23,17)	(23,18)	(23,19)	(23,20)	(24,17)	(24,18)	
(18,26):(11,23)	(11,24)	(12,24)	(13,24)	(14,24)	(14,25)	(14,26)	(15,24)	(15,25)	(16,24)	(16,25)	(17,17)	(17,23)	(17,24)	(17,25)	(18,17)	(18,18)	(18,19)	(18,20)	(18,21)	(18,22)	(18,23)	(18,24)	(18,25)	(18,26)	(18,29)	(19,17)	(19,18)	(19,19)	(19,20)	(19,21)	(19,22)	(19,23)	(19,24)	(19,25)	(19,26)	(19,27)	(19,28)	(20,17)	(20,18)	(20,19)	(20,20)	(20,21)	(20,22)	(20,23)	(20,24)	(20,25)	(20,26)	(20,27)	(20,28)	(21,17)	(21,18)	(21,19)	(21,20)	(21,21)	(21,22)	(21,23)	(21,24)	(21,25)	(21,26)	(21,27)	(21,28)	(21,29)	(22,17)	(22,18)	(22,19)	(22,20)	(22,21)	(22,22)	(22,23)	(22,24)	(22,25)	(22,26)	(22,27)	(23,17)	(23,18)	(23,19)	(23,20)	(23,28)	(24,17)	(24,18)	(25,17)	
(14,26):(14,24)	(14,25)	(14,26)	(15,24)	(15,25)	(16,24)	(16,25)	(17,23)	(17,24)	(17,25)	(18,22)	(18,23)	(18,24)	(18,25)	(18,26)	(19,21)	(19,22)	(19,23)	(19,24)	(19,25)	(19,26)	(20,20)	(20,21)	(20,22)	(20,23)	(20,24)	(20,25)	(20,26)	(21,19)	(21,20)	(21,21)	(21,22)	(21,23)	(21,24)	(21,25)	(21,26)	(22,18)	(22,19)	(22,20)	(22,21)	(22,22)	(22,23)	(22,24)	(22,25)	(22,26)	(23,17)	(23,18)	(23,19)	(23,20)	(24,17)	(24,18)	(24,19)	(25,17)	(25,18)	(26,17)	(27,16)	(28,16)	(29,15)	(30,14)	(31,13)	(31,14)	
(14,25):(1,24)	(1,25)	(11,23)	(11,24)	(12,24)	(13,24)	(14,24)	(14,25)	(14,26)	(15,24)	(15,25)	(16,24)	(16,25)	(17,23)	(17,24)	(17,25)	(18,23)	(18,24)	(18,25)	(18,26)	(19,22)	(19,23)	(19,24)	(19,25)	(19,26)	(20,21)	(20,22)	(20,23)	(20,24)	(20,25)	(20,26)	(21,21)	(21,22)	(21,23)	(21,24)	(21,25)	(21,26)	(22,20)	(22,21)	(22,22)	(22,23)	(22,24)	(22,25)	(22,26)	(22,27)	(23,19)	(23,20)	(24,19)	(25,18)	(26,17)	(27,17)	(28,16)	(29,15)	(29,16)	(30,15)	(31,14)	
(1,25):(1,24)	(1,25)	(11,24)	(12,24)	(13,24)	(14,24)	(14,25)	(15,24)	(15,25)	(16,24)	(16,25)	(17,24)	(17,25)	(18,24)	(18,25)	(19,24)	(19,25)	(20,24)	(20,25)	(21,23)	(21,24)	(21,25)	(22,23)	(22,24)	(22,25)	
(1,24):(1,24)	(1,25)	(11,24)	(12,24)	(13,24)	(14,24)	(14,25)	(15,24)	(15,25)	(16,24)	(16,25)	(17,24)	(17,25)	(18,24)	(18,25)	(19,24)	(19,25)	(20,24)	(20,25)	(21,24)	(21,25)	(22,24)	(22,25)	
(11,24):(1,24)	(1,25)	(11,23)	(11,24)	(12,24)	(13,24)	(14,24)	(14,25)	(15,24)	(15,25)	(16,24)	(16,25)	(17,23)	(17,24)	(17,25)	(18,23)	(18,24)	(18,25)	(18,26)	(19,23)	(19,24)	(19,25)	(19,26)	(20,23)	(20,24)	(20,25)	(20,26)	(21,23)	(21,24)	(21,25)	(21,26)	(22,23)	(22,24)	(22,25)	(22,26)	(22,27)	
(11,23):(11,23)	(11,24)	(12,24)	(13,24)	(14,24)	(14,25)	(15,24)	(15,25)	(16,24)	(16,25)	(17,23)	(17,24)	(17,25)	(18,23)	(18,24)	(18,25)	(18,26)	(19,23)	(19,24)	(19,25)	(19,26)	(20,23)	(20,24)	(20,25)	(20,26)	(21,23)	(21,24)	(21,25)	(21,26)	(21,27)	(22,23)	(22,24)	(22,25)	(22,26)	(22,27)	(23,28)	
(17,23):(11,23)	(11,24)	(12,24)	(13,24)	(14,24)	(14,25)	(14,26)	(15,24)	(15,25)	(16,24)	(16,25)	(17,17)	(17,23)	(17,24)	(17,25)	(18,17)	(18,18)	(18,19)	(18,20)	(18,21)	(18,22)	(18,23)	(18,24)	(18,25)	(18,26)	(19,17)	(19,18)	(19,19)	(19,20)	(19,21)	(19,22)	(19,23)	(19,24)	(19,25)	(19,26)	(19,27)	(19,28)	(20,17)	(20,18)	(20,19)	(20,20)	(20,21)	(20,22)	(20,23)	(20,24)	(20,25)	(20,26)	(20,27)	(20,28)	(21,17)	(21,18)	(21,19)	(21,20)	(21,21)	(21,22)	(21,23)	(21,24)	(21,25)	(21,26)	(21,27)	(21,28)	(21,29)	(22,17)	(22,18)	(22,19)	(22,20)	(22,21)	(22,22)	(22,23)	(22,24)	(22,25)	(22,26)	(22,27)	(23,17)	(23,18)	(23,19)	(23,20)	(23,28)	(24,17)	(24,18)	(24,19)	(25,17)	(25,18)	(26,17)	(27,16)	(27,17)	(28,16)	(29,15)	(29,16)	(30,14)	(30,15)	(31,14)	(31,15)	
(17,17):(5,16)	(5,17)	(6,16)	(6,17)	(7,16)	(7,17)	(8,16)	(8,17)	(9,17)	(10,17)	(11,17)	(12,17)	(13,17)	(14,17)	(15,17)	(17,17)	(17,23)	(17,24)	(17,25)	(18,17)	(18,18)	(18,19)	(18,20)	(18,21)	(18,22)	(18,23)	(18,24)	(18,25)	(18,26)	(19,17)	(19,18)	(19,19)	(19,20)	(19,21)	(19,22)	(19,23)	(19,24)	(19,25)	(19,26)	(19,27)	(19,28)	(20,17)	(20,18)	(20,19)	(20,20)	(20,21)	(20,22)	(20,23)	(20,24)	(20,25)	(20,26)	(20,27)	(20,28)	(21,17)	(21,18)	(21,19)	(21,20)	(21,21)	(21,22)	(21,23)	(21,24)	(21,25)	(21,26)	(21,27)	(21,28)	(21,29)	(22,17)	(22,18)	(22,19)	(22,20)	(22,21)	(22,22)	(22,23)	(22,24)	(22,25)	(22,26)	(22,27)	(23,17)	(23,18)	(23,19)	(23,20)	(23,28)	(24,17)	(24,18)	(24,19)	(24,20)	(25,17)	(25,18)	(26,17)	(26,18)	(26,19)	(27,16)	(27,17)	(27,18)	(27,19)	(28,16)	(28,17)	(28,18)	(28,19)	(29,16)	(29,17)	(29,18)	(29,19)	(30,16)	(30,17)	(30,18)	(30,19)	(31,16)	(31,17)	(31,18)	(31,19)	(31,20)	
(15,17):(4,21)	(5,16)	(5,17)	(5,18)	(5,19)	(5,20)	(6,16)	(6,17)	(6,18)	(6,19)	(6,20)	(7,16)	(7,17)	(7,18)	(7,19)	(7,20)	(8,16)	(8,17)	(8,18)	(8,19)	(8,20)	(9,17)	(9,18)	(9,19)	(9,20)	(10,17)	(10,18)	(10,19)	(11,17)	(11,18)	(11,19)	(12,17)	(12,18)	(13,17)	(13,18)	(14,17)	(15,17)	(15,18)	(17,17)	(18,17)	(19,17)	(20,17)	(21,17)	(22,17)	(23,17)	(24,17)	(25,17)	(26,17)	(27,16)	(27,17)	(28,16)	(28,17)	(29,16)	(29,17)	(30,16)	(30,17)	(31,16)	(31,17)	
(15,18):(5,16)	(5,17)	(5,18)	(6,16)	(6,17)	(6,18)	(7,16)	(7,17)	(7,18)	(8,16)	(8,17)	(8,18)	(9,17)	(9,18)	(10,17)	(10,18)	(11,17)	(11,18)	(12,17)	(12,18)	(13,17)	(13,18)	(14,17)	(15,17)	(15,18)	
(13,18):(4,21)	(5,15)	(5,16)	(5,17)	(5,18)	(5,19)	(5,20)	(6,16)	(6,17)	(6,18)	(6,19)	(6,20)	(7,16)	(7,17)	(7,18)	(7,19)	(7,20)	(8,16)	(8,17)	(8,18)	(8,19)	(8,20)	(9,17)	(9,18)	(9,19)	(9,20)	(10,17)	(10,18)	(10,19)	(10,20)	(10,21)	(10,22)	(11,17)	(11,18)	(11,19)	(11,20)	(11,21)	(12,17)	(12,18)	(12,19)	(12,20)	(12,21)	(13,17)	(13,18)	(13,22)	(14,17)	(15,17)	(15,18)	
(13,22):(5,13)	(5,14)	(5,15)	(5,16)	(5,17)	(5,18)	(5,19)	(6,14)	(6,15)	(6,16)	(6,17)	(6,18)	(6,19)	(7,15)	(7,16)	(7,17)	(7,18)	(7,19)	(7,20)	(8,16)	(8,17)	(8,18)	(8,19)	(8,20)	(9,17)	(9,18)	(9,19)	(9,20)	(10,17)	(10,18)	(10,19)	(10,20)	(10,21)	(10,22)	(11,17)	(11,18)	(11,19)	(11,20)	(11,21)	(12,17)	(12,18)	(12,19)	(12,20)	(12,21)	(13,17)	(13,18)	(13,22)	
(10,22):(10,17)	(10,18)	(10,19)	(10,20)	(10,21)	(10,22)	(11,17)	(11,18)	(11,19)	(11,20)	(11,21)	(12,17)	(12,18)	(12,19)	(12,20)	(12,21)	(13,17)	(13,18)	(13,22)	
(10,21):(4,21)	(5,13)	(5,14)	(5,15)	(5,16)	(5,17)	(5,18)	(5,19)	(5,20)	(6,14)	(6,15)	(6,16)	(6,17)	(6,18)	(6,19)	(6,20)	(7,15)	(7,16)	(7,17)	(7,18)	(7,19)	(7,20)	(8,16)	(8,17)	(8,18)	(8,19)	(8,20)	(9,17)	(9,18)	(9,19)	(9,20)	(10,17)	(10,18)	(10,19)	(10,20)	(10,21)	(10,22)	(11,17)	(11,18)	(11,19)	(11,20)	(11,21)	(12,17)	(12,18)	(12,19)	(12,20)	(12,21)	(13,17)	(13,18)	(13,22)	(14,17)	
(4,21):(4,3)	(4,4)	(4,5)	(4,6)	(4,7)	(4,8)	(4,21)	(5,3)	(5,4)	(5,5)	(5,6)	(5,13)	(5,14)	(5,15)	(5,16)	(5,17)	(5,18)	(5,19)	(5,20)	(6,13)	(6,14)	(6,15)	(6,16)	(6,17)	(6,18)	(6,19)	(6,20)	(7,14)	(7,15)	(7,16)	(7,17)	(7,18)	(7,19)	(7,20)	(8,15)	(8,16)	(8,17)	(8,18)	(8,19)	(8,20)	(9,17)	(9,18)	(9,19)	(9,20)	(10,17)	(10,18)	(10,19)	(10,20)	(10,21)	(11,17)	(11,18)	(11,19)	(11,20)	(11,21)	(12,17)	(12,18)	(12,19)	(12,20)	(12,21)	(13,17)	(13,18)	(14,17)	(15,17)	
(4,8):(2,1)	(2,8)	(3,2)	(3,3)	(3,4)	(3,5)	(3,6)	(3,7)	(4,3)	(4,4)	(4,5)	(4,6)	(4,7)	(4,8)	(4,21)	(5,3)	(5,4)	(5,5)	(5,6)	(5,13)	(5,14)	(5,15)	(5,16)	(5,17)	(5,18)	(5,19)	(5,20)	(6,3)	(6,4)	(6,18)	(6,19)	(6,20)	
(2,8):(2,1)	(2,8)	(3,1)	(3,2)	(3,3)	(3,4)	(3,5)	(3,6)	(3,7)	(4,3)	(4,4)	(4,5)	(4,6)	(4,7)	(4,8)	(5,3)	(5,4)	(5,5)	(5,6)	(6,3)	(6,4)	(6,5)	(7,3)	(7,4)	(8,3)	(8,4)	(9,2)	
(2,1):(2,1)	(2,8)	(3,1)	(3,2)	(3,3)	(3,4)	(3,5)	(3,6)	(3,7)	(4,3)	(4,4)	(4,5)	(4,6)	(4,7)	(4,8)	(5,4)	(5,5)	(5,6)	(6,5)	
(3,1):(2,1)	(2,8)	(3,1)	(3,2)	(3,3)	(3,4)	(3,5)	(3,6)	(3,7)	
(3,2):(2,1)	(2,8)	(3,1)	(3,2)	(3,3)	(3,4)	(3,5)	(3,6)	(3,7)	(4,3)	(4,4)	(4,5)	(4,6)	(4,7)	(4,8)	(5,3)	(5,4)	(5,5)	(5,6)	(5,13)	(5,14)	(6,3)	(6,4)	(6,5)	(6,19)	(6,20)	(7,3)	(7,4)	(7,5)	(8,3)	(8,4)	(8,5)	(9,2)	(9,4)	(9,5)	(10,5)	(11,5)	(12,5)	
(9,2):(2,8)	(3,2)	(3,3)	(3,4)	(3,5)	(3,6)	(3,7)	(4,3)	(4,4)	(4,5)	(4,6)	(4,7)	(5,3)	(5,4)	(5,5)	(5,6)	(6,3)	(6,4)	(6,5)	(7,3)	(7,4)	(7,5)	(8,3)	(8,4)	(8,5)	(9,2)	(9,4)	(9,5)	
(9,4):(3,2)	(3,3)	(3,4)	(3,5)	(3,6)	(3,7)	(4,3)	(4,4)	(4,5)	(4,6)	(5,3)	(5,4)	(5,5)	(5,6)	(6,3)	(6,4)	(6,5)	(7,3)	(7,4)	(7,5)	(8,3)	(8,4)	(8,5)	(9,2)	(9,4)	(9,5)	(10,5)	(11,5)	(12,5)	(13,5)	(14,5)	(15,5)	(16,4)	(16,5)	(17,4)	(17,5)	(18,4)	(18,5)	(19,5)	(25,6)	
(16,4):(3,4)	(3,5)	(3,6)	(4,4)	(4,5)	(4,6)	(5,4)	(5,5)	(5,6)	(6,4)	(6,5)	(7,4)	(7,5)	(8,4)	(8,5)	(9,4)	(9,5)	(10,5)	(11,5)	(12,5)	(13,5)	(14,5)	(15,5)	(16,3)	(16,4)	(16,5)	(17,4)	(17,5)	(18,4)	(18,5)	(19,3)	(19,5)	
(16,3):(16,3)	(16,4)	(16,5)	(17,4)	(17,5)	(18,4)	(18,5)	(19,3)	(19,5)	
(19,3):(13,5)	(14,5)	(15,5)	(16,3)	(16,4)	(16,5)	(17,4)	(17,5)	(18,4)	(18,5)	(19,3)	(19,5)	
(19,5):(3,4)	(3,5)	(3,6)	(4,4)	(4,5)	(4,6)	(5,4)	(5,5)	(5,6)	(6,4)	(6,5)	(7,4)	(7,5)	(8,4)	(8,5)	(9,4)	(9,5)	(10,5)	(11,5)	(12,5)	(13,5)	(14,5)	(15,5)	(16,3)	(16,4)	(16,5)	(17,4)	(17,5)	(18,4)	(18,5)	(19,3)	(19,5)	(25,5)	(25,6)	
(25,5):(3,5)	(3,6)	(4,5)	(4,6)	(5,5)	(5,6)	(6,5)	(7,5)	(8,5)	(9,5)	(10,5)	(11,5)	(12,5)	(13,5)	(14,5)	(15,5)	(16,5)	(17,5)	(18,5)	(19,5)	(25,5)	(25,6)	
(25,6):(3,4)	(3,5)	(3,6)	(4,4)	(4,5)	(4,6)	(5,4)	(5,5)	(5,6)	(6,4)	(6,5)	(7,4)	(7,5)	(8,4)	(8,5)	(9,4)	(9,5)	(10,5)	(11,5)	(12,5)	(13,5)	(14,5)	(15,5)	(16,5)	(17,5)	(18,5)	(19,5)	(25,5)	(25,6)	
(5,6):(2,1)	(2,8)	(3,2)	(3,3)	(3,4)	(3,5)	(3,6)	(3,7)	(4,3)	(4,4)	(4,5)	(4,6)	(4,7)	(4,8)	(4,21)	(5,3)	(5,4)	(5,5)	(5,6)	(5,13)	(5,14)	(5,15)	(5,16)	(5,17)	(5,18)	(5,19)	(5,20)	(6,3)	(6,4)	(6,5)	(7,3)	(7,4)	(7,5)	(8,3)	(8,4)	(8,5)	(9,2)	(9,4)	(9,5)	(10,5)	(11,5)	(12,5)	(13,5)	(14,5)	(15,5)	(16,4)	(16,5)	(17,4)	(17,5)	(18,4)	(18,5)	(19,5)	(25,5)	(25,6)	
(5,13):(3,2)	(3,3)	(4,3)	(4,4)	(4,5)	(4,6)	(4,7)	(4,8)	(4,21)	(5,3)	(5,4)	(5,5)	(5,6)	(5,13)	(5,14)	(5,15)	(5,16)	(5,17)	(5,18)	(5,19)	(5,20)	(6,13)	(6,14)	(6,15)	(6,16)	(6,17)	(6,18)	(6,19)	(6,20)	(7,15)	(7,16)	(7,17)	(7,18)	(7,19)	(7,20)	(8,16)	(8,17)	(8,18)	(8,19)	(8,20)	(9,17)	(9,18)	(9,19)	(9,20)	(10,18)	(10,19)	(10,20)	(10,21)	(11,19)	(11,20)	(11,21)	(12,20)	(12,21)	(13,22)	
(6,13):(4,21)	(5,13)	(5,14)	(5,15)	(5,16)	(5,17)	(5,18)	(5,19)	(5,20)	(6,13)	(6,14)	(6,15)	(6,16)	(6,17)	(6,18)	(6,19)	(6,20)	
(6,14):(4,21)	(5,13)	(5,14)	(5,15)	(5,16)	(5,17)	(5,18)	(5,19)	(5,20)	(6,13)	(6,14)	(6,15)	(6,16)	(6,17)	(6,18)	(6,19)	(6,20)	(7,14)	(7,15)	(7,16)	(7,17)	(7,18)	(7,19)	(7,20)	(8,16)	(8,17)	(8,18)	(8,19)	(8,20)	(9,17)	(9,18)	(9,19)	(9,20)	(10,18)	(10,19)	(10,20)	(10,21)	(11,19)	(11,20)	(11,21)	(12,20)	(12,21)	(13,22)	
(7,14):(4,21)	(5,14)	(5,15)	(5,16)	(5,17)	(5,18)	(5,19)	(5,20)	(6,14)	(6,15)	(6,16)	(6,17)	(6,18)	(6,19)	(6,20)	(7,14)	(7,15)	(7,16)	(7,17)	(7,18)	(7,19)	(7,20)	
(7,15):(4,21)	(5,13)	(5,14)	(5,15)	(5,16)	(5,17)	(5,18)	(5,19)	(5,20)	(6,14)	(6,15)	(6,16)	(6,17)	(6,18)	(6,19)	(6,20)	(7,14)	(7,15)	(7,16)	(7,17)	(7,18)	(7,19)	(7,20)	(8,15)	(8,16)	(8,17)	(8,18)	(8,19)	(8,20)	(9,17)	(9,18)	(9,19)	(9,20)	(10,18)	(10,19)	(10,20)	(10,21)	(11,19)	(11,20)	(11,21)	(12,20)	(12,21)	(13,22)	
(8,15):(4,21)	(5,15)	(5,16)	(5,17)	(5,18)	(5,19)	(5,20)	(6,15)	(6,16)	(6,17)	(6,18)	(6,19)	(6,20)	(7,15)	(7,16)	(7,17)	(7,18)	(7,19)	(7,20)	(8,15)	(8,16)	(8,17)	(8,18)	(8,19)	(8,20)	
(8,16):(4,21)	(5,13)	(5,14)	(5,15)	(5,16)	(5,17)	(5,18)	(5,19)	(5,20)	(6,14)	(6,15)	(6,16)	(6,17)	(6,18)	(6,19)	(6,20)	(7,15)	(7,16)	(7,17)	(7,18)	(7,19)	(7,20)	(8,15)	(8,16)	(8,17)	(8,18)	(8,19)	(8,20)	(9,17)	(9,18)	(9,19)	(9,20)	(10,17)	(10,18)	(10,19)	(10,20)	(10,21)	(11,17)	(11,18)	(11,19)	(11,20)	(11,21)	(12,17)	(12,18)	(12,19)	(12,20)	(12,21)	(13,17)	(13,18)	(13,22)	(14,17)	(15,17)	(15,18)	(17,17)	(18,17)	(19,17)	(20,17)	(21,17)	(22,17)	(23,17)	(24,17)	(25,17)	(26,17)	(26,18)	(27,16)	(27,17)	(27,18)	(28,16)	(28,17)	(28,18)	(29,16)	(29,17)	(29,18)	(30,16)	(30,17)	(30,18)	(31,16)	(31,17)	(31,18)	
(27,16):(5,16)	(5,17)	(6,16)	(6,17)	(7,16)	(7,17)	(8,16)	(8,17)	(9,17)	(10,17)	(11,17)	(12,17)	(13,17)	(14,17)	(14,26)	(15,17)	(15,25)	(16,24)	(16,25)	(17,17)	(17,23)	(17,24)	(17,25)	(18,17)	(18,18)	(18,19)	(18,20)	(18,21)	(18,22)	(18,23)	(18,24)	(18,25)	(19,17)	(19,18)	(19,19)	(19,20)	(19,21)	(19,22)	(19,23)	(19,24)	(20,17)	(20,18)	(20,19)	(20,20)	(20,21)	(20,22)	(20,23)	(21,17)	(21,18)	(21,19)	(21,20)	(21,21)	(21,22)	(22,17)	(22,18)	(22,19)	(22,20)	(22,21)	(23,17)	(23,18)	(23,19)	(23,20)	(24,17)	(24,18)	(24,19)	(25,17)	(25,18)	(26,17)	(26,18)	(26,19)	(26,31)	(27,8)	(27,9)	(27,10)	(27,11)	(27,12)	(27,16)	(27,17)	(27,18)	(27,19)	(27,20)	(27,21)	(27,22)	(27,23)	(27,24)	(27,25)	(27,26)	(27,27)	(27,28)	(27,29)	(27,30)	(28,8)	(28,9)	(28,10)	(28,11)	(28,12)	(28,13)	(28,14)	(28,15)	(28,16)	(28,17)	(28,18)	(28,19)	(28,20)	(28,21)	(28,22)	(28,23)	(28,24)	(28,25)	(28,26)	(28,27)	(28,28)	(28,29)	(28,30)	(28,31)	(29,8)	(29,9)	(29,10)	(29,11)	(29,12)	(29,13)	(29,14)	(29,15)	(29,16)	(29,17)	(29,18)	(29,19)	(29,20)	(29,21)	(29,22)	(29,23)	(29,24)	(29,25)	(29,26)	(29,27)	(29,30)	(29,31)	(29,32)	(30,8)	(30,9)	(30,10)	(30,11)	(30,12)	(30,13)	(30,14)	(30,15)	(30,16)	(30,17)	(30,18)	(30,19)	(30,20)	(30,21)	(30,22)	(30,23)	(30,24)	(30,25)	(30,26)	(31,7)	(31,11)	(31,12)	(31,13)	(31,14)	(31,15)	(31,16)	(31,17)	(31,18)	(31,19)	(31,20)	(31,21)	(31,22)	(31,23)	(31,24)	(31,25)	(31,26)	(32,11)	(32,27)	
(27,12):(12,10)	(12,12)	(13,11)	(14,11)	(15,11)	(16,11)	(17,11)	(18,11)	(19,11)	(20,9)	(20,10)	(20,11)	(21,10)	(21,11)	(22,7)	(22,9)	(22,10)	(22,11)	(23,8)	(23,9)	(23,10)	(23,11)	(24,8)	(24,9)	(24,10)	(24,11)	(25,8)	(25,9)	(25,10)	(25,11)	(26,8)	(26,9)	(26,10)	(26,11)	(27,8)	(27,9)	(27,10)	(27,11)	(27,12)	(27,16)	(27,17)	(27,18)	(27,19)	(27,20)	(27,21)	(27,22)	(27,23)	(27,24)	(27,25)	(27,26)	(27,27)	(27,28)	(27,29)	(27,30)	(28,8)	(28,9)	(28,10)	(28,11)	(28,12)	(28,13)	(28,14)	(28,15)	(28,16)	(28,17)	(28,18)	(28,19)	(28,20)	(28,21)	(28,22)	(28,23)	(28,24)	(28,25)	(28,26)	(28,27)	(28,28)	(28,29)	(28,30)	(28,31)	(29,8)	(29,9)	(29,10)	(29,11)	(29,12)	(29,13)	(29,14)	(29,15)	(29,16)	(29,17)	(29,18)	(29,19)	(29,20)	(29,21)	(29,22)	(29,23)	(29,24)	(29,25)	(29,26)	(29,27)	(29,30)	(29,31)	(29,32)	(30,8)	(30,9)	(30,10)	(30,11)	(30,12)	(30,13)	(30,14)	(30,15)	(30,16)	(30,17)	(30,18)	(30,19)	(30,20)	(30,21)	(30,22)	(30,23)	(30,24)	(30,25)	(30,26)	(31,7)	(31,11)	(31,12)	(31,13)	(31,14)	(31,15)	(31,16)	(31,17)	(31,18)	(31,19)	(31,20)	(31,21)	(31,22)	(31,23)	(31,24)	(31,25)	(31,26)	(32,11)	(32,27)	
(12,12):(12,10)	(12,12)	(13,11)	(14,11)	(15,11)	(16,11)	(17,11)	(18,11)	(19,11)	(20,10)	(20,11)	(21,10)	(21,11)	(22,10)	(22,11)	(23,10)	(23,11)	(24,9)	(24,10)	(24,11)	(25,9)	(25,10)	(25,11)	(26,9)	(26,10)	(26,11)	(27,9)	(27,10)	(27,11)	(27,12)	(28,8)	(28,9)	(28,10)	(28,11)	(28,12)	(29,8)	(29,9)	(29,10)	(29,11)	(29,12)	(30,8)	(30,9)	(30,10)	(30,11)	(30,12)	(31,11)	(31,12)	(32,11)	
(12,10):(12,10)	(12,12)	(13,11)	(14,11)	(15,11)	(16,11)	(17,11)	(18,11)	(19,11)	(20,10)	(20,11)	(21,10)	(21,11)	(22,10)	(22,11)	(23,10)	(23,11)	(24,10)	(24,11)	(25,10)	(25,11)	(26,10)	(26,11)	(27,10)	(27,11)	(27,12)	(28,10)	(28,11)	(28,12)	(29,10)	(29,11)	(29,12)	(30,10)	(30,11)	(30,12)	(31,11)	(31,12)	
(20,10):(12,10)	(12,12)	(13,11)	(14,11)	(15,11)	(16,11)	(17,11)	(18,11)	(19,11)	(20,9)	(20,10)	(20,11)	(21,10)	(21,11)	(22,9)	(22,10)	(22,11)	(23,9)	(23,10)	(23,11)	(24,8)	(24,9)	(24,10)	(24,11)	(25,8)	(25,9)	(25,10)	(25,11)	(26,8)	(26,9)	(26,10)	(26,11)	(27,8)	(27,9)	(27,10)	(27,11)	(27,12)	(28,8)	(28,9)	(28,10)	(28,11)	(28,12)	(29,8)	(29,9)	(29,10)	(29,11)	(29,12)	(30,8)	(30,9)	(30,10)	(30,11)	(30,12)	(31,7)	(31,11)	(31,12)	(31,13)	
(20,9):(20,9)	(20,10)	(20,11)	(21,10)	(21,11)	(22,9)	(22,10)	(22,11)	(23,9)	(23,10)	(23,11)	(24,9)	(24,10)	(24,11)	(25,9)	(25,10)	(25,11)	(26,9)	(26,10)	(26,11)	(27,9)	(27,10)	(27,11)	(27,12)	(28,9)	(28,10)	(28,11)	(28,12)	(29,9)	(29,10)	(29,11)	(29,12)	(30,9)	(30,10)	(30,11)	(30,12)	(30,13)	(31,11)	(31,12)	(31,13)	
(22,9):(18,11)	(19,11)	(20,9)	(20,10)	(20,11)	(21,10)	(21,11)	(22,7)	(22,9)	(22,10)	(22,11)	(23,8)	(23,9)	(23,10)	(23,11)	(24,8)	(24,9)	(24,10)	(24,11)	(25,8)	(25,9)	(25,10)	(25,11)	(26,8)	(26,9)	(26,10)	(26,11)	(27,8)	(27,9)	(27,10)	(27,11)	(27,12)	(28,8)	(28,9)	(28,10)	(28,11)	(28,12)	(29,8)	(29,9)	(29,10)	(29,11)	(29,12)	(29,13)	(30,8)	(30,9)	(30,10)	(30,11)	(30,12)	(30,13)	(31,7)	(31,11)	(31,12)	(31,13)	(31,14)	
(22,7):(22,7)	(22,9)	(22,10)	(22,11)	(23,8)	(23,9)	(23,10)	(23,11)	(24,8)	(24,9)	(24,10)	(24,11)	(25,8)	(25,9)	(25,10)	(25,11)	(26,8)	(26,9)	(26,10)	(26,11)	(27,8)	(27,9)	(27,10)	(27,11)	(27,12)	(28,8)	(28,9)	(28,10)	(28,11)	(28,12)	(28,13)	(29,8)	(29,9)	(29,10)	(29,11)	(29,12)	(29,13)	(29,14)	(30,8)	(30,9)	(30,10)	(30,11)	(30,12)	(30,13)	(30,14)	(30,15)	(31,7)	(31,11)	(31,12)	(31,13)	(31,14)	(31,15)	(31,16)	
(31,7):(17,11)	(18,11)	(19,11)	(20,10)	(20,11)	(21,10)	(21,11)	(22,7)	(22,9)	(22,10)	(22,11)	(23,8)	(23,9)	(23,10)	(23,11)	(24,8)	(24,9)	(24,10)	(24,11)	(25,8)	(25,9)	(25,10)	(25,11)	(26,8)	(26,9)	(26,10)	(26,11)	(26,19)	(26,31)	(27,8)	(27,9)	(27,10)	(27,11)	(27,12)	(27,16)	(27,17)	(27,18)	(27,19)	(27,20)	(27,21)	(27,22)	(27,23)	(27,24)	(27,25)	(27,26)	(27,27)	(27,28)	(27,29)	(27,30)	(28,8)	(28,9)	(28,10)	(28,11)	(28,12)	(28,13)	(28,14)	(28,15)	(28,16)	(28,17)	(28,18)	(28,19)	(28,20)	(28,21)	(28,22)	(28,23)	(28,24)	(28,25)	(28,26)	(28,27)	(28,28)	(28,29)	(28,30)	(28,31)	(28,33)	(29,8)	(29,9)	(29,10)	(29,11)	(29,12)	(29,13)	(29,14)	(29,15)	(29,16)	(29,17)	(29,18)	(29,19)	(29,20)	(29,21)	(29,22)	(29,23)	(29,24)	(29,25)	(29,26)	(29,27)	(30,8)	(30,9)	(30,10)	(30,11)	(30,12)	(30,13)	(30,14)	(30,15)	(30,16)	(30,17)	(30,18)	(30,19)	(30,20)	(30,21)	(30,22)	(30,23)	(30,24)	(30,25)	(30,26)	(31,7)	(31,11)	(31,12)	(31,13)	(31,14)	(31,15)	(31,16)	(31,17)	(31,18)	(31,19)	(31,20)	(31,21)	(31,22)	(31,23)	(31,24)	(31,25)	(31,26)	
(31,11):(12,10)	(12,12)	(13,11)	(14,11)	(15,11)	(16,11)	(17,11)	(18,11)	(19,11)	(20,9)	(20,10)	(20,11)	(21,10)	(21,11)	(22,7)	(22,9)	(22,10)	(22,11)	(23,8)	(23,9)	(23,10)	(23,11)	(24,8)	(24,9)	(24,10)	(24,11)	(25,8)	(25,9)	(25,10)	(25,11)	(26,8)	(26,9)	(26,10)	(26,11)	(26,18)	(26,19)	(26,31)	(27,8)	(27,9)	(27,10)	(27,11)	(27,12)	(27,16)	(27,17)	(27,18)	(27,19)	(27,20)	(27,21)	(27,22)	(27,23)	(27,24)	(27,25)	(27,26)	(27,27)	(27,28)	(27,29)	(27,30)	(28,8)	(28,9)	(28,10)	(28,11)	(28,12)	(28,13)	(28,14)	(28,15)	(28,16)	(28,17)	(28,18)	(28,19)	(28,20)	(28,21)	(28,22)	(28,23)	(28,24)	(28,25)	(28,26)	(28,27)	(28,28)	(28,29)	(28,30)	(28,31)	(28,33)	(29,8)	(29,9)	(29,10)	(29,11)	(29,12)	(29,13)	(29,14)	(29,15)	(29,16)	(29,17)	(29,18)	(29,19)	(29,20)	(29,21)	(29,22)	(29,23)	(29,24)	(29,25)	(29,26)	(29,27)	(30,8)	(30,9)	(30,10)	(30,11)	(30,12)	(30,13)	(30,14)	(30,15)	(30,16)	(30,17)	(30,18)	(30,19)	(30,20)	(30,21)	(30,22)	(30,23)	(30,24)	(30,25)	(30,26)	(31,7)	(31,11)	(31,12)	(31,13)	(31,14)	(31,15)	(31,16)	(31,17)	(31,18)	(31,19)	(31,20)	(31,21)	(31,22)	(31,23)	(31,24)	(31,25)	(31,26)	(32,11)	(32,27)	
(32,11):(12,12)	(13,11)	(14,11)	(15,11)	(16,11)	(17,11)	(18,11)	(19,11)	(20,11)	(21,11)	(22,11)	(23,11)	(24,11)	(24,19)	(25,11)	(25,18)	(26,11)	(26,17)	(26,18)	(26,19)	(26,31)	(27,11)	(27,12)	(27,16)	(27,17)	(27,18)	(27,19)	(27,20)	(27,21)	(27,22)	(27,23)	(27,24)	(27,25)	(27,26)	(27,27)	(27,28)	(27,29)	(27,30)	(28,11)	(28,12)	(28,13)	(28,14)	(28,15)	(28,16)	(28,17)	(28,18)	(28,19)	(28,20)	(28,21)	(28,22)	(28,23)	(28,24)	(28,25)	(28,26)	(28,27)	(28,28)	(28,29)	(28,30)	(28,31)	(29,11)	(29,12)	(29,13)	(29,14)	(29,15)	(29,16)	(29,17)	(29,18)	(29,19)	(29,20)	(29,21)	(29,22)	(29,23)	(29,24)	(29,25)	(29,26)	(29,27)	(30,11)	(30,12)	(30,13)	(30,14)	(30,15)	(30,16)	(30,17)	(30,18)	(30,19)	(30,20)	(30,21)	(30,22)	(30,23)	(30,24)	(30,25)	(30,26)	(31,11)	(31,12)	(31,13)	(31,14)	(31,15)	(31,16)	(31,17)	(31,18)	(31,19)	(31,20)	(31,21)	(31,22)	(31,23)	(31,24)	(31,25)	(31,26)	(32,11)	(32,27)	
(32,27):(25,17)	(26,8)	(26,9)	(26,17)	(26,18)	(26,19)	(27,8)	(27,9)	(27,10)	(27,11)	(27,12)	(27,16)	(27,17)	(27,18)	(27,19)	(27,20)	(27,21)	(27,22)	(27,23)	(27,24)	(27,25)	(27,26)	(27,27)	(28,8)	(28,9)	(28,10)	(28,11)	(28,12)	(28,13)	(28,14)	(28,15)	(28,16)	(28,17)	(28,18)	(28,19)	(28,20)	(28,21)	(28,22)	(28,23)	(28,24)	(28,25)	(28,26)	(28,27)	(29,8)	(29,9)	(29,10)	(29,11)	(29,12)	(29,13)	(29,14)	(29,15)	(29,16)	(29,17)	(29,18)	(29,19)	(29,20)	(29,21)	(29,22)	(29,23)	(29,24)	(29,25)	(29,26)	(29,27)	(30,8)	(30,9)	(30,10)	(30,11)	(30,12)	(30,13)	(30,14)	(30,15)	(30,16)	(30,17)	(30,18)	(30,19)	(30,20)	(30,21)	(30,22)	(30,23)	(30,24)	(30,25)	(30,26)	(31,11)	(31,12)	(31,13)	(31,14)	(31,15)	(31,16)	(31,17)	(31,18)	(31,19)	(31,20)	(31,21)	(31,22)	(31,23)	(31,24)	(31,25)	(31,26)	(32,11)	(32,27)	
(29,27):(26,17)	(26,18)	(26,19)	(26,31)	(27,8)	(27,9)	(27,10)	(27,11)	(27,12)	(27,16)	(27,17)	(27,18)	(27,19)	(27,20)	(27,21)	(27,22)	(27,23)	(27,24)	(27,25)	(27,26)	(27,27)	(27,28)	(27,29)	(27,30)	(28,8)	(28,9)	(28,10)	(28,11)	(28,12)	(28,13)	(28,14)	(28,15)	(28,16)	(28,17)	(28,18)	(28,19)	(28,20)	(28,21)	(28,22)	(28,23)	(28,24)	(28,25)	(28,26)	(28,27)	(28,28)	(28,29)	(28,30)	(28,31)	(28,33)	(29,8)	(29,9)	(29,10)	(29,11)	(29,12)	(29,13)	(29,14)	(29,15)	(29,16)	(29,17)	(29,18)	(29,19)	(29,20)	(29,21)	(29,22)	(29,23)	(29,24)	(29,25)	(29,26)	(29,27)	(29,30)	(29,31)	(29,32)	(30,8)	(30,9)	(30,10)	(30,11)	(30,12)	(30,13)	(30,14)	(30,15)	(30,16)	(30,17)	(30,18)	(30,19)	(30,20)	(30,21)	(30,22)	(30,23)	(30,24)	(30,25)	(30,26)	(31,7)	(31,11)	(31,12)	(31,13)	(31,14)	(31,15)	(31,16)	(31,17)	(31,18)	(31,19)	(31,20)	(31,21)	(31,22)	(31,23)	(31,24)	(31,25)	(31,26)	(32,11)	(32,27)	
(29,30):(26,17)	(26,18)	(26,19)	(26,31)	(27,8)	(27,9)	(27,10)	(27,11)	(27,12)	(27,16)	(27,17)	(27,18)	(27,19)	(27,20)	(27,21)	(27,22)	(27,23)	(27,24)	(27,25)	(27,26)	(27,27)	(27,28)	(27,29)	(27,30)	(28,8)	(28,9)	(28,10)	(28,11)	(28,12)	(28,13)	(28,14)	(28,15)	(28,16)	(28,17)	(28,18)	(28,19)	(28,20)	(28,21)	(28,22)	(28,23)	(28,24)	(28,25)	(28,26)	(28,27)	(28,28)	(28,29)	(28,30)	(28,31)	(28,33)	(29,8)	(29,9)	(29,10)	(29,11)	(29,12)	(29,13)	(29,14)	(29,15)	(29,16)	(29,17)	(29,18)	(29,19)	(29,20)	(29,21)	(29,22)	(29,23)	(29,24)	(29,25)	(29,26)	(29,27)	(29,30)	(29,31)	(29,32)	(30,31)	(30,32)	(30,33)	(31,31)	(32,31)	(33,30)	(33,32)	
(33,30):(26,31)	(27,30)	(28,30)	(28,31)	(28,33)	(29,30)	(29,31)	(29,32)	(30,31)	(30,32)	(31,31)	(32,31)	(33,30)	(33,32)	
(33,32):(27,29)	(27,30)	(28,30)	(28,31)	(29,30)	(29,31)	(29,32)	(30,31)	(30,32)	(31,31)	(32,31)	(33,30)	(33,32)	
(30,32):22.000000
(30,33):19.500000
(28,33):62.083332
(28,31):113.407898
(26,31):114.300003
(26,19):137.643936
(24,19):90.750000
(24,20):29.166666
(23,20):89.375000
(23,28):78.472725
(21,28):78.931816
(21,29):50.666668
(18,29):66.777779
(18,26):93.722221
(14,26):59.382050
(14,25):66.647224
(1,25):29.200001
(1,24):25.115385
(11,24):48.071430
(11,23):37.583332
(17,23):107.714287
(17,17):119.638885
(15,17):59.184525
(15,18):24.285715
(13,18):56.200001
(13,22):50.279762
(10,22):19.500000
(10,21):59.064285
(4,21):70.241669
(4,8):42.316666
(2,8):29.666666
(2,1):20.750000
(3,1):7.000000
(3,2):45.734848
(9,2):32.000000
(9,4):54.616665
(16,4):39.318180
(16,3):9.750000
(19,3):15.000000
(19,5):45.771427
(25,5):23.225000
(25,6):40.062500
(5,6):74.568184
(5,13):57.996590
(6,13):16.000000
(6,14):44.214287
(7,14):21.000000
(7,15):44.250000
(8,15):24.000000
(8,16):89.800003
(27,16):196.901184
(27,12):153.394730
(12,12):54.125000
(12,10):40.640350
(20,10):67.525970
(20,9):39.266235
(22,9):63.388889
(22,7):58.277779
(31,7):140.088882
(31,11):166.350006
(32,11):118.166664
(32,27):114.041664
(29,27):124.354164
(29,30):76.616165
(33,30):13.250000
(33,32):13.850000
(30,32),(30,33):15.000000
(30,32),(28,33):10.750000
(30,32),(28,31):22.000000
(30,32),(26,31):15.000000
(30,32),(26,19):13.893939
(30,32),(24,19):0.000000
(30,32),(24,20):0.000000
(30,32),(23,20):0.000000
(30,32),(23,28):0.000000
(30,32),(21,28):0.000000
(30,32),(21,29):0.000000
(30,32),(18,29):0.000000
(30,32),(18,26):0.000000
(30,32),(14,26):0.000000
(30,32),(14,25):0.000000
(30,32),(1,25):0.000000
(30,32),(1,24):0.000000
(30,32),(11,24):0.000000
(30,32),(11,23):0.000000
(30,32),(17,23):0.000000
(30,32),(17,17):0.000000
(30,32),(15,17):0.000000
(30,32),(15,18):0.000000
(30,32),(13,18):0.000000
(30,32),(13,22):0.000000
(30,32),(10,22):0.000000
(30,32),(10,21):0.000000
(30,32),(4,21):0.000000
(30,32),(4,8):0.000000
(30,32),(2,8):0.000000
(30,32),(2,1):0.000000
(30,32),(3,1):0.000000
(30,32),(3,2):0.000000
(30,32),(9,2):0.000000
(30,32),(9,4):0.000000
(30,32),(16,4):0.000000
(30,32),(16,3):0.000000
(30,32),(19,3):0.000000
(30,32),(19,5):0.000000
(30,32),(25,5):0.000000
(30,32),(25,6):0.000000
(30,32),(5,6):0.000000
(30,32),(5,13):0.000000
(30,32),(6,13):0.000000
(30,32),(6,14):0.000000
(30,32),(7,14):0.000000
(30,32),(7,15):0.000000
(30,32),(8,15):0.000000
(30,32),(8,16):0.000000
(30,32),(27,16):13.509523
(30,32),(27,12):8.144737
(30,32),(12,12):0.000000
(30,32),(12,10):0.000000
(30,32),(20,10):0.000000
(30,32),(20,9):0.000000
(30,32),(22,9):0.000000
(30,32),(22,7):0.000000
(30,32),(31,7):11.575000
(30,32),(31,11):11.200000
(30,32),(32,11):10.280303
(30,32),(32,27):2.250000
(30,32),(29,27):13.000000
(30,32),(29,30):22.000000
(30,32),(33,30):12.250000
(30,32),(33,32):13.250000
(30,33),(28,33):7.500000
(30,33),(28,31):19.500000
(30,33),(26,31):15.500000
(30,33),(26,19):17.393940
(30,33),(24,19):0.000000
(30,33),(24,20):0.000000
(30,33),(23,20):0.000000
(30,33),(23,28):0.000000
(30,33),(21,28):0.000000
(30,33),(21,29):0.000000
(30,33),(18,29):0.000000
(30,33),(18,26):0.000000
(30,33),(14,26):0.000000
(30,33),(14,25):0.000000
(30,33),(1,25):0.000000
(30,33),(1,24):0.000000
(30,33),(11,24):0.000000
(30,33),(11,23):0.000000
(30,33),(17,23):0.000000
(30,33),(17,17):0.000000
(30,33),(15,17):0.000000
(30,33),(15,18):0.000000
(30,33),(13,18):0.000000
(30,33),(13,22):0.000000
(30,33),(10,22):0.000000
(30,33),(10,21):0.000000
(30,33),(4,21):0.000000
(30,33),(4,8):0.000000
(30,33),(2,8):0.000000
(30,33),(2,1):0.000000
(30,33),(3,1):0.000000
(30,33),(3,2):0.000000
(30,33),(9,2):0.000000
(30,33),(9,4):0.000000
(30,33),(16,4):0.000000
(30,33),(16,3):0.000000
(30,33),(19,3):0.000000
(30,33),(19,5):0.000000
(30,33),(25,5):0.000000
(30,33),(25,6):0.000000
(30,33),(5,6):0.000000
(30,33),(5,13):0.000000
(30,33),(6,13):0.000000
(30,33),(6,14):0.000000
(30,33),(7,14):0.000000
(30,33),(7,15):0.000000
(30,33),(8,15):0.000000
(30,33),(8,16):0.000000
(30,33),(27,16):17.009523
(30,33),(27,12):9.894737
(30,33),(12,12):0.000000
(30,33),(12,10):0.000000
(30,33),(20,10):0.000000
(30,33),(20,9):0.000000
(30,33),(22,9):0.000000
(30,33),(22,7):0.000000
(30,33),(31,7):15.046154
(30,33),(31,11):14.659091
(30,33),(32,11):13.706667
(30,33),(32,27):6.000000
(30,33),(29,27):16.500000
(30,33),(29,30):19.500000
(30,33),(33,30):5.750000
(30,33),(33,32):6.250000
(28,33),(28,31):62.083332
(28,33),(26,31):57.083332
(28,33),(26,19):50.227272
(28,33),(24,19):16.066668
(28,33),(24,20):0.000000
(28,33),(23,20):0.000000
(28,33),(23,28):0.000000
(28,33),(21,28):0.000000
(28,33),(21,29):0.000000
(28,33),(18,29):0.000000
(28,33),(18,26):0.000000
(28,33),(14,26):3.555146
(28,33),(14,25):3.262963
(28,33),(1,25):0.000000
(28,33),(1,24):0.000000
(28,33),(11,24):0.000000
(28,33),(11,23):0.000000
(28,33),(17,23):5.127089
(28,33),(17,17):10.014635
(28,33),(15,17):3.329225
(28,33),(15,18):0.000000
(28,33),(13,18):0.000000
(28,33),(13,22):0.000000
(28,33),(10,22):0.000000
(28,33),(10,21):0.000000
(28,33),(4,21):0.000000
(28,33),(4,8):0.000000
(28,33),(2,8):0.000000
(28,33),(2,1):0.000000
(28,33),(3,1):0.000000
(28,33),(3,2):0.000000
(28,33),(9,2):0.000000
(28,33),(9,4):0.000000
(28,33),(16,4):0.000000
(28,33),(16,3):0.000000
(28,33),(19,3):0.000000
(28,33),(19,5):0.000000
(28,33),(25,5):0.000000
(28,33),(25,6):0.000000
(28,33),(5,6):0.000000
(28,33),(5,13):0.000000
(28,33),(6,13):0.000000
(28,33),(6,14):0.000000
(28,33),(7,14):0.000000
(28,33),(7,15):0.000000
(28,33),(8,15):0.000000
(28,33),(8,16):6.215657
(28,33),(27,16):55.842857
(28,33),(27,12):55.728069
(28,33),(12,12):13.708333
(28,33),(12,10):7.825725
(28,33),(20,10):18.181940
(28,33),(20,9):13.379832
(28,33),(22,9):20.758442
(28,33),(22,7):23.669950
(28,33),(31,7):52.200001
(28,33),(31,11):53.083332
(28,33),(32,11):40.000000
(28,33),(32,27):48.833332
(28,33),(29,27):55.333332
(28,33),(29,30):32.750000
(28,33),(33,30):9.000000
(28,33),(33,32):8.000000
(28,31),(26,31):102.300003
(28,31),(26,19):91.143936
(28,31),(24,19):29.250000
(28,31),(24,20):0.000000
(28,31),(23,20):0.964286
(28,31),(23,28):0.000000
(28,31),(21,28):0.000000
(28,31),(21,29):0.000000
(28,31),(18,29):0.000000
(28,31),(18,26):0.347222
(28,31),(14,26):7.219116
(28,31),(14,25):6.190909
(28,31),(1,25):0.000000
(28,31),(1,24):0.000000
(28,31),(11,24):0.000000
(28,31),(11,23):0.000000
(28,31),(17,23):10.257764
(28,31),(17,17):20.663630
(28,31),(15,17):7.001773
(28,31),(15,18):0.000000
(28,31),(13,18):0.000000
(28,31),(13,22):0.000000
(28,31),(10,22):0.000000
(28,31),(10,21):0.000000
(28,31),(4,21):0.000000
(28,31),(4,8):0.000000
(28,31),(2,8):0.000000
(28,31),(2,1):0.000000
(28,31),(3,1):0.000000
(28,31),(3,2):0.000000
(28,31),(9,2):0.000000
(28,31),(9,4):0.000000
(28,31),(16,4):0.000000
(28,31),(16,3):0.000000
(28,31),(19,3):0.000000
(28,31),(19,5):0.000000
(28,31),(25,5):0.000000
(28,31),(25,6):0.000000
(28,31),(5,6):0.000000
(28,31),(5,13):0.000000
(28,31),(6,13):0.000000
(28,31),(6,14):0.000000
(28,31),(7,14):0.000000
(28,31),(7,15):0.000000
(28,31),(8,15):0.000000
(28,31),(8,16):13.154960
(28,31),(27,16):104.259521
(28,31),(27,12):89.052635
(28,31),(12,12):18.365259
(28,31),(12,10):10.745614
(28,31),(20,10):25.183868
(28,31),(20,9):18.503077
(28,31),(22,9):29.046783
(28,31),(22,7):33.535671
(28,31),(31,7):94.766983
(28,31),(31,11):100.994102
(28,31),(32,11):83.478699
(28,31),(32,27):89.907898
(28,31),(29,27):104.407898
(28,31),(29,30):75.407898
(28,31),(33,30):13.250000
(28,31),(33,32):13.850000
(26,31),(26,19):99.636360
(26,31),(24,19):30.500000
(26,31),(24,20):0.000000
(26,31),(23,20):0.500000
(26,31),(23,28):0.000000
(26,31),(21,28):0.000000
(26,31),(21,29):0.000000
(26,31),(18,29):0.000000
(26,31),(18,26):0.066667
(26,31),(14,26):6.615385
(26,31),(14,25):6.000000
(26,31),(1,25):0.000000
(26,31),(1,24):0.000000
(26,31),(11,24):0.000000
(26,31),(11,23):0.000000
(26,31),(17,23):9.607142
(26,31),(17,17):23.250000
(26,31),(15,17):7.041667
(26,31),(15,18):0.000000
(26,31),(13,18):0.000000
(26,31),(13,22):0.000000
(26,31),(10,22):0.000000
(26,31),(10,21):0.000000
(26,31),(4,21):0.000000
(26,31),(4,8):0.000000
(26,31),(2,8):0.000000
(26,31),(2,1):0.000000
(26,31),(3,1):0.000000
(26,31),(3,2):0.000000
(26,31),(9,2):0.000000
(26,31),(9,4):0.000000
(26,31),(16,4):0.000000
(26,31),(16,3):0.000000
(26,31),(19,3):0.000000
(26,31),(19,5):0.000000
(26,31),(25,5):0.000000
(26,31),(25,6):0.000000
(26,31),(5,6):0.000000
(26,31),(5,13):0.000000
(26,31),(6,13):0.000000
(26,31),(6,14):0.000000
(26,31),(7,14):0.000000
(26,31),(7,15):0.000000
(26,31),(8,15):0.000000
(26,31),(8,16):14.000000
(26,31),(27,16):110.371429
(26,31),(27,12):95.355553
(26,31),(12,12):16.497316
(26,31),(12,10):9.968986
(26,31),(20,10):22.349339
(26,31),(20,9):17.151419
(26,31),(22,9):26.201710
(26,31),(22,7):31.077778
(26,31),(31,7):95.708336
(26,31),(31,11):108.675003
(26,31),(32,11):94.166664
(26,31),(32,27):97.800003
(26,31),(29,27):110.300003
(26,31),(29,30):64.300003
(26,31),(33,30):7.000000
(26,31),(33,32):8.850000
(26,19),(24,19):59.250000
(26,19),(24,20):22.166666
(26,19),(23,20):26.500000
(26,19),(23,28):18.272728
(26,19),(21,28):20.056818
(26,19),(21,29):12.166667
(26,19),(18,29):19.166666
(26,19),(18,26):24.305555
(26,19),(14,26):15.715384
(26,19),(14,25):7.800000
(26,19),(1,25):0.000000
(26,19),(1,24):0.000000
(26,19),(11,24):0.000000
(26,19),(11,23):0.000000
(26,19),(17,23):35.464287
(26,19),(17,17):52.500000
(26,19),(15,17):18.291666
(26,19),(15,18):0.694444
(26,19),(13,18):1.557692
(26,19),(13,22):0.027778
(26,19),(10,22):0.380952
(26,19),(10,21):0.568182
(26,19),(4,21):1.900862
(26,19),(4,8):0.000000
(26,19),(2,8):0.000000
(26,19),(2,1):0.000000
(26,19),(3,1):0.000000
(26,19),(3,2):0.000000
(26,19),(9,2):0.000000
(26,19),(9,4):0.000000
(26,19),(16,4):0.000000
(26,19),(16,3):0.000000
(26,19),(19,3):0.000000
(26,19),(19,5):0.000000
(26,19),(25,5):0.000000
(26,19),(25,6):0.000000
(26,19),(5,6):0.000000
(26,19),(5,13):0.000000
(26,19),(6,13):0.000000
(26,19),(6,14):0.000000
(26,19),(7,14):0.000000
(26,19),(7,15):0.000000
(26,19),(8,15):0.000000
(26,19),(8,16):29.750000
(26,19),(27,16):137.059525
(26,19),(27,12):92.666664
(26,19),(12,12):9.746212
(26,19),(12,10):7.193542
(26,19),(20,10):13.460756
(26,19),(20,9):12.432900
(26,19),(22,9):17.111111
(26,19),(22,7):21.777779
(26,19),(31,7):88.366669
(26,19),(31,11):105.528572
(26,19),(32,11):98.921570
(26,19),(32,27):96.375000
(26,19),(29,27):108.854164
(26,19),(29,30):55.121212
(26,19),(33,30):5.403846
(26,19),(33,32):6.312121
(24,19),(24,20):29.166666
(24,19),(23,20):58.000000
(24,19),(23,28):45.694996
(24,19),(21,28):46.247204
(24,19),(21,29):33.189392
(24,19),(18,29):36.944443
(24,19),(18,26):55.200481
(24,19),(14,26):38.810623
(24,19),(14,25):27.022223
(24,19),(1,25):6.585859
(24,19),(1,24):4.696429
(24,19),(11,24):10.400000
(24,19),(11,23):10.250000
(24,19),(17,23):66.714287
(24,19),(17,17):73.000000
(24,19),(15,17):17.791666
(24,19),(15,18):0.321429
(24,19),(13,18):1.113636
(24,19),(13,22):0.000000
(24,19),(10,22):0.117647
(24,19),(10,21):0.250000
(24,19),(4,21):1.445000
(24,19),(4,8):0.000000
(24,19),(2,8):0.000000
(24,19),(2,1):0.000000
(24,19),(3,1):0.000000
(24,19),(3,2):0.000000
(24,19),(9,2):0.000000
(24,19),(9,4):0.000000
(24,19),(16,4):0.000000
(24,19),(16,3):0.000000
(24,19),(19,3):0.000000
(24,19),(19,5):0.000000
(24,19),(25,5):0.000000
(24,19),(25,6):0.000000
(24,19),(5,6):0.000000
(24,19),(5,13):0.000000
(24,19),(6,13):0.000000
(24,19),(6,14):0.000000
(24,19),(7,14):0.000000
(24,19),(7,15):0.000000
(24,19),(8,15):0.000000
(24,19),(8,16):29.250000
(24,19),(27,16):89.599998
(24,19),(27,12):27.500000
(24,19),(12,12):0.500000
(24,19),(12,10):1.224174
(24,19),(20,10):2.289863
(24,19),(20,9):3.443157
(24,19),(22,9):4.979798
(24,19),(22,7):8.931623
(24,19),(31,7):22.000000
(24,19),(31,11):31.100000
(24,19),(32,11):32.000000
(24,19),(32,27):33.875000
(24,19),(29,27):32.187500
(24,19),(29,30):12.227273
(24,19),(33,30):0.000000
(24,19),(33,32):0.000000
(24,20),(23,20):29.000000
(24,20),(23,28):24.272728
(24,20),(21,28):26.181818
(24,20),(21,29):16.166666
(24,20),(18,29):23.100000
(24,20),(18,26):27.455555
(24,20),(14,26):7.666667
(24,20),(14,25):1.805556
(24,20),(1,25):0.000000
(24,20),(1,24):0.000000
(24,20),(11,24):0.000000
(24,20),(11,23):0.000000
(24,20),(17,23):27.750000
(24,20),(17,17):29.166666
(24,20),(15,17):8.166667
(24,20),(15,18):0.023810
(24,20),(13,18):0.628205
(24,20),(13,22):0.000000
(24,20),(10,22):0.000000
(24,20),(10,21):0.016667
(24,20),(4,21):0.935109
(24,20),(4,8):0.000000
(24,20),(2,8):0.000000
(24,20),(2,1):0.000000
(24,20),(3,1):0.000000
(24,20),(3,2):0.000000
(24,20),(9,2):0.000000
(24,20),(9,4):0.000000
(24,20),(16,4):0.000000
(24,20),(16,3):0.000000
(24,20),(19,3):0.000000
(24,20),(19,5):0.000000
(24,20),(25,5):0.000000
(24,20),(25,6):0.000000
(24,20),(5,6):0.000000
(24,20),(5,13):0.000000
(24,20),(6,13):0.000000
(24,20),(6,14):0.000000
(24,20),(7,14):0.000000
(24,20),(7,15):0.000000
(24,20),(8,15):0.000000
(24,20),(8,16):10.888889
(24,20),(27,16):28.666666
(24,20),(27,12):0.000000
(24,20),(12,12):0.000000
(24,20),(12,10):0.000000
(24,20),(20,10):0.000000
(24,20),(20,9):0.000000
(24,20),(22,9):0.000000
(24,20),(22,7):0.000000
(24,20),(31,7):0.000000
(24,20),(31,11):0.000000
(24,20),(32,11):0.000000
(24,20),(32,27):0.041667
(24,20),(29,27):0.000000
(24,20),(29,30):0.000000
(24,20),(33,30):0.000000
(24,20),(33,32):0.000000
(23,20),(23,28):73.828285
(23,20),(21,28):77.056816
(23,20),(21,29):49.875000
(23,20),(18,29):66.652779
(23,20),(18,26):86.513885
(23,20),(14,26):50.416668
(23,20),(14,25):41.847221
(23,20),(1,25):15.200000
(23,20),(1,24):12.115385
(23,20),(11,24):30.071428
(23,20),(11,23):29.583334
(23,20),(17,23):86.625000
(23,20),(17,17):81.875000
(23,20),(15,17):10.500000
(23,20),(15,18):0.000000
(23,20),(13,18):0.500000
(23,20),(13,22):0.000000
(23,20),(10,22):0.000000
(23,20),(10,21):0.000000
(23,20),(4,21):0.796053
(23,20),(4,8):0.000000
(23,20),(2,8):0.000000
(23,20),(2,1):0.000000
(23,20),(3,1):0.000000
(23,20),(3,2):0.000000
(23,20),(9,2):0.000000
(23,20),(9,4):0.000000
(23,20),(16,4):0.000000
(23,20),(16,3):0.000000
(23,20),(19,3):0.000000
(23,20),(19,5):0.000000
(23,20),(25,5):0.000000
(23,20),(25,6):0.000000
(23,20),(5,6):0.000000
(23,20),(5,13):0.000000
(23,20),(6,13):0.000000
(23,20),(6,14):0.000000
(23,20),(7,14):0.000000
(23,20),(7,15):0.000000
(23,20),(8,15):0.000000
(23,20),(8,16):14.550000
(23,20),(27,16):56.849998
(23,20),(27,12):0.000000
(23,20),(12,12):0.000000
(23,20),(12,10):0.000000
(23,20),(20,10):0.000000
(23,20),(20,9):0.000000
(23,20),(22,9):0.000000
(23,20),(22,7):0.000000
(23,20),(31,7):0.000000
(23,20),(31,11):0.000000
(23,20),(32,11):0.000000
(23,20),(32,27):3.017857
(23,20),(29,27):1.642045
(23,20),(29,30):1.298701
(23,20),(33,30):0.000000
(23,20),(33,32):0.000000
(23,28),(21,28):73.931816
(23,28),(21,29):47.666668
(23,28),(18,29):59.333332
(23,28),(18,26):78.255554
(23,28),(14,26):41.799999
(23,28),(14,25):41.325001
(23,28),(1,25):15.790000
(23,28),(1,24):11.758242
(23,28),(11,24):32.771427
(23,28),(11,23):31.533333
(23,28),(17,23):77.533333
(23,28),(17,17):69.850502
(23,28),(15,17):6.272727
(23,28),(15,18):0.000000
(23,28),(13,18):0.058442
(23,28),(13,22):0.000000
(23,28),(10,22):0.000000
(23,28),(10,21):0.000000
(23,28),(4,21):0.254624
(23,28),(4,8):0.000000
(23,28),(2,8):0.000000
(23,28),(2,1):0.000000
(23,28),(3,1):0.000000
(23,28),(3,2):0.000000
(23,28),(9,2):0.000000
(23,28),(9,4):0.000000
(23,28),(16,4):0.000000
(23,28),(16,3):0.000000
(23,28),(19,3):0.000000
(23,28),(19,5):0.000000
(23,28),(25,5):0.000000
(23,28),(25,6):0.000000
(23,28),(5,6):0.000000
(23,28),(5,13):0.000000
(23,28),(6,13):0.000000
(23,28),(6,14):0.000000
(23,28),(7,14):0.000000
(23,28),(7,15):0.000000
(23,28),(8,15):0.000000
(23,28),(8,16):8.272727
(23,28),(27,16):45.288311
(23,28),(27,12):0.000000
(23,28),(12,12):0.000000
(23,28),(12,10):0.000000
(23,28),(20,10):0.000000
(23,28),(20,9):0.000000
(23,28),(22,9):0.000000
(23,28),(22,7):0.000000
(23,28),(31,7):0.000000
(23,28),(31,11):0.000000
(23,28),(32,11):0.000000
(23,28),(32,27):0.000000
(23,28),(29,27):0.000000
(23,28),(29,30):0.000000
(23,28),(33,30):0.000000
(23,28),(33,32):0.000000
(21,28),(21,29):50.666668
(21,28),(18,29):64.333336
(21,28),(18,26):78.805557
(21,28),(14,26):41.166668
(21,28),(14,25):37.025002
(21,28),(1,25):13.754348
(21,28),(1,24):10.093645
(21,28),(11,24):28.321428
(21,28),(11,23):27.083334
(21,28),(17,23):77.250000
(21,28),(17,17):74.348488
(21,28),(15,17):7.056818
(21,28),(15,18):0.000000
(21,28),(13,18):0.027972
(21,28),(13,22):0.000000
(21,28),(10,22):0.000000
(21,28),(10,21):0.000000
(21,28),(4,21):0.199154
(21,28),(4,8):0.000000
(21,28),(2,8):0.000000
(21,28),(2,1):0.000000
(21,28),(3,1):0.000000
(21,28),(3,2):0.000000
(21,28),(9,2):0.000000
(21,28),(9,4):0.000000
(21,28),(16,4):0.000000
(21,28),(16,3):0.000000
(21,28),(19,3):0.000000
(21,28),(19,5):0.000000
(21,28),(25,5):0.000000
(21,28),(25,6):0.000000
(21,28),(5,6):0.000000
(21,28),(5,13):0.000000
(21,28),(6,13):0.000000
(21,28),(6,14):0.000000
(21,28),(7,14):0.000000
(21,28),(7,15):0.000000
(21,28),(8,15):0.000000
(21,28),(8,16):9.519656
(21,28),(27,16):46.040356
(21,28),(27,12):0.000000
(21,28),(12,12):0.000000
(21,28),(12,10):0.000000
(21,28),(20,10):0.000000
(21,28),(20,9):0.000000
(21,28),(22,9):0.000000
(21,28),(22,7):0.000000
(21,28),(31,7):0.000000
(21,28),(31,11):0.000000
(21,28),(32,11):0.000000
(21,28),(32,27):0.031250
(21,28),(29,27):0.000000
(21,28),(29,30):0.000000
(21,28),(33,30):0.000000
(21,28),(33,32):0.000000
(21,29),(18,29):39.000000
(21,29),(18,26):50.555557
(21,29),(14,26):21.500000
(21,29),(14,25):19.958334
(21,29),(1,25):8.363636
(21,29),(1,24):6.009615
(21,29),(11,24):16.119047
(21,29),(11,23):15.428572
(21,29),(17,23):49.000000
(21,29),(17,17):48.166668
(21,29),(15,17):4.166667
(21,29),(15,18):0.000000
(21,29),(13,18):0.023810
(21,29),(13,22):0.000000
(21,29),(10,22):0.000000
(21,29),(10,21):0.000000
(21,29),(4,21):0.190315
(21,29),(4,8):0.000000
(21,29),(2,8):0.000000
(21,29),(2,1):0.000000
(21,29),(3,1):0.000000
(21,29),(3,2):0.000000
(21,29),(9,2):0.000000
(21,29),(9,4):0.000000
(21,29),(16,4):0.000000
(21,29),(16,3):0.000000
(21,29),(19,3):0.000000
(21,29),(19,5):0.000000
(21,29),(25,5):0.000000
(21,29),(25,6):0.000000
(21,29),(5,6):0.000000
(21,29),(5,13):0.000000
(21,29),(6,13):0.000000
(21,29),(6,14):0.000000
(21,29),(7,14):0.000000
(21,29),(7,15):0.000000
(21,29),(8,15):0.000000
(21,29),(8,16):5.055555
(21,29),(27,16):33.093136
(21,29),(27,12):0.000000
(21,29),(12,12):0.000000
(21,29),(12,10):0.000000
(21,29),(20,10):0.000000
(21,29),(20,9):0.000000
(21,29),(22,9):0.000000
(21,29),(22,7):0.000000
(21,29),(31,7):0.000000
(21,29),(31,11):0.000000
(21,29),(32,11):0.000000
(21,29),(32,27):0.000000
(21,29),(29,27):0.000000
(21,29),(29,30):0.000000
(21,29),(33,30):0.000000
(21,29),(33,32):0.000000
(18,29),(18,26):66.777779
(18,29),(14,26):36.444443
(18,29),(14,25):30.232843
(18,29),(1,25):9.750000
(18,29),(1,24):7.500000
(18,29),(11,24):21.480770
(18,29),(11,23):19.927084
(18,29),(17,23):65.277779
(18,29),(17,17):66.277779
(18,29),(15,17):6.944445
(18,29),(15,18):0.000000
(18,29),(13,18):0.000000
(18,29),(13,22):0.000000
(18,29),(10,22):0.000000
(18,29),(10,21):0.000000
(18,29),(4,21):0.000000
(18,29),(4,8):0.000000
(18,29),(2,8):0.000000
(18,29),(2,1):0.000000
(18,29),(3,1):0.000000
(18,29),(3,2):0.000000
(18,29),(9,2):0.000000
(18,29),(9,4):0.000000
(18,29),(16,4):0.000000
(18,29),(16,3):0.000000
(18,29),(19,3):0.000000
(18,29),(19,5):0.000000
(18,29),(25,5):0.000000
(18,29),(25,6):0.000000
(18,29),(5,6):0.000000
(18,29),(5,13):0.000000
(18,29),(6,13):0.000000
(18,29),(6,14):0.000000
(18,29),(7,14):0.000000
(18,29),(7,15):0.000000
(18,29),(8,15):0.000000
(18,29),(8,16):9.964470
(18,29),(27,16):36.944443
(18,29),(27,12):0.000000
(18,29),(12,12):0.000000
(18,29),(12,10):0.000000
(18,29),(20,10):0.000000
(18,29),(20,9):0.000000
(18,29),(22,9):0.000000
(18,29),(22,7):0.000000
(18,29),(31,7):0.000000
(18,29),(31,11):0.000000
(18,29),(32,11):0.000000
(18,29),(32,27):0.830083
(18,29),(29,27):0.064780
(18,29),(29,30):0.000985
(18,29),(33,30):0.000000
(18,29),(33,32):0.000000
(18,26),(14,26):51.166668
(18,26),(14,25):48.062500
(18,26),(1,25):18.200001
(18,26),(1,24):14.115385
(18,26),(11,24):37.071430
(18,26),(11,23):36.458332
(18,26),(17,23):92.116669
(18,26),(17,17):79.222221
(18,26),(15,17):8.972222
(18,26),(15,18):0.000000
(18,26),(13,18):0.002924
(18,26),(13,22):0.000000
(18,26),(10,22):0.000000
(18,26),(10,21):0.000000
(18,26),(4,21):0.129585
(18,26),(4,8):0.000000
(18,26),(2,8):0.000000
(18,26),(2,1):0.000000
(18,26),(3,1):0.000000
(18,26),(3,2):0.000000
(18,26),(9,2):0.000000
(18,26),(9,4):0.000000
(18,26),(16,4):0.000000
(18,26),(16,3):0.000000
(18,26),(19,3):0.000000
(18,26),(19,5):0.000000
(18,26),(25,5):0.000000
(18,26),(25,6):0.000000
(18,26),(5,6):0.000000
(18,26),(5,13):0.000000
(18,26),(6,13):0.000000
(18,26),(6,14):0.000000
(18,26),(7,14):0.000000
(18,26),(7,15):0.000000
(18,26),(8,15):0.000000
(18,26),(8,16):12.645951
(18,26),(27,16):54.572224
(18,26),(27,12):0.000000
(18,26),(12,12):0.000000
(18,26),(12,10):0.000000
(18,26),(20,10):0.000000
(18,26),(20,9):0.000000
(18,26),(22,9):0.000000
(18,26),(22,7):0.000000
(18,26),(31,7):0.000000
(18,26),(31,11):0.000000
(18,26),(32,11):0.000000
(18,26),(32,27):2.107456
(18,26),(29,27):0.880029
(18,26),(29,30):0.599419
(18,26),(33,30):0.000000
(18,26),(33,32):0.000000
(14,26),(14,25):44.266666
(14,26),(1,25):15.750000
(14,26),(1,24):12.115385
(14,26),(11,24):28.500000
(14,26),(11,23):26.250000
(14,26),(17,23):58.516666
(14,26),(17,17):45.691666
(14,26),(15,17):4.149614
(14,26),(15,18):0.000000
(14,26),(13,18):0.000000
(14,26),(13,22):0.000000
(14,26),(10,22):0.000000
(14,26),(10,21):0.000000
(14,26),(4,21):0.000000
(14,26),(4,8):0.000000
(14,26),(2,8):0.000000
(14,26),(2,1):0.000000
(14,26),(3,1):0.000000
(14,26),(3,2):0.000000
(14,26),(9,2):0.000000
(14,26),(9,4):0.000000
(14,26),(16,4):0.000000
(14,26),(16,3):0.000000
(14,26),(19,3):0.000000
(14,26),(19,5):0.000000
(14,26),(25,5):0.000000
(14,26),(25,6):0.000000
(14,26),(5,6):0.000000
(14,26),(5,13):0.000000
(14,26),(6,13):0.000000
(14,26),(6,14):0.000000
(14,26),(7,14):0.000000
(14,26),(7,15):0.000000
(14,26),(8,15):0.000000
(14,26),(8,16):6.929941
(14,26),(27,16):38.065384
(14,26),(27,12):5.365385
(14,26),(12,12):0.000000
(14,26),(12,10):0.145688
(14,26),(20,10):0.769732
(14,26),(20,9):1.406942
(14,26),(22,9):1.973466
(14,26),(22,7):2.825359
(14,26),(31,7):4.415136
(14,26),(31,11):6.101748
(14,26),(32,11):6.715384
(14,26),(32,27):9.490561
(14,26),(29,27):8.011795
(14,26),(29,30):4.191307
(14,26),(33,30):0.000000
(14,26),(33,32):0.000000
(14,25),(1,25):29.200001
(14,25),(1,24):25.115385
(14,25),(11,24):47.625000
(14,25),(11,23):35.375000
(14,25),(17,23):59.647221
(14,25),(17,17):37.822517
(14,25),(15,17):1.598310
(14,25),(15,18):0.000000
(14,25),(13,18):0.000000
(14,25),(13,22):0.000000
(14,25),(10,22):0.000000
(14,25),(10,21):0.000000
(14,25),(4,21):0.000000
(14,25),(4,8):0.000000
(14,25),(2,8):0.000000
(14,25),(2,1):0.000000
(14,25),(3,1):0.000000
(14,25),(3,2):0.000000
(14,25),(9,2):0.000000
(14,25),(9,4):0.000000
(14,25),(16,4):0.000000
(14,25),(16,3):0.000000
(14,25),(19,3):0.000000
(14,25),(19,5):0.000000
(14,25),(25,5):0.000000
(14,25),(25,6):0.000000
(14,25),(5,6):0.000000
(14,25),(5,13):0.000000
(14,25),(6,13):0.000000
(14,25),(6,14):0.000000
(14,25),(7,14):0.000000
(14,25),(7,15):0.000000
(14,25),(8,15):0.000000
(14,25),(8,16):2.564732
(14,25),(27,16):26.150000
(14,25),(27,12):5.166667
(14,25),(12,12):0.000000
(14,25),(12,10):0.000000
(14,25),(20,10):0.096429
(14,25),(20,9):0.596273
(14,25),(22,9):1.312281
(14,25),(22,7):2.350000
(14,25),(31,7):4.401276
(14,25),(31,11):6.179121
(14,25),(32,11):6.800000
(14,25),(32,27):6.627586
(14,25),(29,27):6.379592
(14,25),(29,30):2.992789
(14,25),(33,30):0.000000
(14,25),(33,32):0.000000
(1,25),(1,24):22.000000
(1,25),(11,24):29.200001
(1,25),(11,23):19.000000
(1,25),(17,23):22.200001
(1,25),(17,17):11.400000
(1,25),(15,17):0.000000
(1,25),(15,18):0.000000
(1,25),(13,18):0.000000
(1,25),(13,22):0.000000
(1,25),(10,22):0.000000
(1,25),(10,21):0.000000
(1,25),(4,21):0.000000
(1,25),(4,8):0.000000
(1,25),(2,8):0.000000
(1,25),(2,1):0.000000
(1,25),(3,1):0.000000
(1,25),(3,2):0.000000
(1,25),(9,2):0.000000
(1,25),(9,4):0.000000
(1,25),(16,4):0.000000
(1,25),(16,3):0.000000
(1,25),(19,3):0.000000
(1,25),(19,5):0.000000
(1,25),(25,5):0.000000
(1,25),(25,6):0.000000
(1,25),(5,6):0.000000
(1,25),(5,13):0.000000
(1,25),(6,13):0.000000
(1,25),(6,14):0.000000
(1,25),(7,14):0.000000
(1,25),(7,15):0.000000
(1,25),(8,15):0.000000
(1,25),(8,16):0.000000
(1,25),(27,16):5.979365
(1,25),(27,12):0.000000
(1,25),(12,12):0.000000
(1,25),(12,10):0.000000
(1,25),(20,10):0.000000
(1,25),(20,9):0.000000
(1,25),(22,9):0.000000
(1,25),(22,7):0.000000
(1,25),(31,7):0.000000
(1,25),(31,11):0.000000
(1,25),(32,11):0.000000
(1,25),(32,27):0.000000
(1,25),(29,27):0.000000
(1,25),(29,30):0.000000
(1,25),(33,30):0.000000
(1,25),(33,32):0.000000
(1,24),(11,24):25.115385
(1,24),(11,23):15.115385
(1,24),(17,23):18.115385
(1,24),(17,17):8.769231
(1,24),(15,17):0.000000
(1,24),(15,18):0.000000
(1,24),(13,18):0.000000
(1,24),(13,22):0.000000
(1,24),(10,22):0.000000
(1,24),(10,21):0.000000
(1,24),(4,21):0.000000
(1,24),(4,8):0.000000
(1,24),(2,8):0.000000
(1,24),(2,1):0.000000
(1,24),(3,1):0.000000
(1,24),(3,2):0.000000
(1,24),(9,2):0.000000
(1,24),(9,4):0.000000
(1,24),(16,4):0.000000
(1,24),(16,3):0.000000
(1,24),(19,3):0.000000
(1,24),(19,5):0.000000
(1,24),(25,5):0.000000
(1,24),(25,6):0.000000
(1,24),(5,6):0.000000
(1,24),(5,13):0.000000
(1,24),(6,13):0.000000
(1,24),(6,14):0.000000
(1,24),(7,14):0.000000
(1,24),(7,15):0.000000
(1,24),(8,15):0.000000
(1,24),(8,16):0.000000
(1,24),(27,16):4.213579
(1,24),(27,12):0.000000
(1,24),(12,12):0.000000
(1,24),(12,10):0.000000
(1,24),(20,10):0.000000
(1,24),(20,9):0.000000
(1,24),(22,9):0.000000
(1,24),(22,7):0.000000
(1,24),(31,7):0.000000
(1,24),(31,11):0.000000
(1,24),(32,11):0.000000
(1,24),(32,27):0.000000
(1,24),(29,27):0.000000
(1,24),(29,30):0.000000
(1,24),(33,30):0.000000
(1,24),(33,32):0.000000
(11,24),(11,23):35.071430
(11,24),(17,23):41.071430
(11,24),(17,17):24.571428
(11,24),(15,17):0.000000
(11,24),(15,18):0.000000
(11,24),(13,18):0.000000
(11,24),(13,22):0.000000
(11,24),(10,22):0.000000
(11,24),(10,21):0.000000
(11,24),(4,21):0.000000
(11,24),(4,8):0.000000
(11,24),(2,8):0.000000
(11,24),(2,1):0.000000
(11,24),(3,1):0.000000
(11,24),(3,2):0.000000
(11,24),(9,2):0.000000
(11,24),(9,4):0.000000
(11,24),(16,4):0.000000
(11,24),(16,3):0.000000
(11,24),(19,3):0.000000
(11,24),(19,5):0.000000
(11,24),(25,5):0.000000
(11,24),(25,6):0.000000
(11,24),(5,6):0.000000
(11,24),(5,13):0.000000
(11,24),(6,13):0.000000
(11,24),(6,14):0.000000
(11,24),(7,14):0.000000
(11,24),(7,15):0.000000
(11,24),(8,15):0.000000
(11,24),(8,16):0.000000
(11,24),(27,16):9.754839
(11,24),(27,12):0.000000
(11,24),(12,12):0.000000
(11,24),(12,10):0.000000
(11,24),(20,10):0.000000
(11,24),(20,9):0.000000
(11,24),(22,9):0.000000
(11,24),(22,7):0.000000
(11,24),(31,7):0.000000
(11,24),(31,11):0.000000
(11,24),(32,11):0.000000
(11,24),(32,27):0.000000
(11,24),(29,27):0.000000
(11,24),(29,30):0.000000
(11,24),(33,30):0.000000
(11,24),(33,32):0.000000
(11,23),(17,23):37.583332
(11,23),(17,17):23.333334
(11,23),(15,17):0.000000
(11,23),(15,18):0.000000
(11,23),(13,18):0.000000
(11,23),(13,22):0.000000
(11,23),(10,22):0.000000
(11,23),(10,21):0.000000
(11,23),(4,21):0.000000
(11,23),(4,8):0.000000
(11,23),(2,8):0.000000
(11,23),(2,1):0.000000
(11,23),(3,1):0.000000
(11,23),(3,2):0.000000
(11,23),(9,2):0.000000
(11,23),(9,4):0.000000
(11,23),(16,4):0.000000
(11,23),(16,3):0.000000
(11,23),(19,3):0.000000
(11,23),(19,5):0.000000
(11,23),(25,5):0.000000
(11,23),(25,6):0.000000
(11,23),(5,6):0.000000
(11,23),(5,13):0.000000
(11,23),(6,13):0.000000
(11,23),(6,14):0.000000
(11,23),(7,14):0.000000
(11,23),(7,15):0.000000
(11,23),(8,15):0.000000
(11,23),(8,16):0.000000
(11,23),(27,16):9.603659
(11,23),(27,12):0.000000
(11,23),(12,12):0.000000
(11,23),(12,10):0.000000
(11,23),(20,10):0.000000
(11,23),(20,9):0.000000
(11,23),(22,9):0.000000
(11,23),(22,7):0.000000
(11,23),(31,7):0.000000
(11,23),(31,11):0.000000
(11,23),(32,11):0.000000
(11,23),(32,27):0.000000
(11,23),(29,27):0.000000
(11,23),(29,30):0.000000
(11,23),(33,30):0.000000
(11,23),(33,32):0.000000
(17,23),(17,17):83.431816
(17,23),(15,17):11.621951
(17,23),(15,18):0.000000
(17,23),(13,18):0.000000
(17,23),(13,22):0.000000
(17,23),(10,22):0.000000
(17,23),(10,21):0.000000
(17,23),(4,21):0.102273
(17,23),(4,8):0.000000
(17,23),(2,8):0.000000
(17,23),(2,1):0.000000
(17,23),(3,1):0.000000
(17,23),(3,2):0.000000
(17,23),(9,2):0.000000
(17,23),(9,4):0.000000
(17,23),(16,4):0.000000
(17,23),(16,3):0.000000
(17,23),(19,3):0.000000
(17,23),(19,5):0.000000
(17,23),(25,5):0.000000
(17,23),(25,6):0.000000
(17,23),(5,6):0.000000
(17,23),(5,13):0.000000
(17,23),(6,13):0.000000
(17,23),(6,14):0.000000
(17,23),(7,14):0.000000
(17,23),(7,15):0.000000
(17,23),(8,15):0.000000
(17,23),(8,16):16.502907
(17,23),(27,16):65.814285
(17,23),(27,12):8.035714
(17,23),(12,12):0.000000
(17,23),(12,10):0.016667
(17,23),(20,10):0.437371
(17,23),(20,9):1.195750
(17,23),(22,9):2.264473
(17,23),(22,7):3.851986
(17,23),(31,7):6.663830
(17,23),(31,11):9.253759
(17,23),(32,11):9.964286
(17,23),(32,27):12.639286
(17,23),(29,27):11.092962
(17,23),(29,30):5.473180
(17,23),(33,30):0.000000
(17,23),(33,32):0.000000
(17,17),(15,17):29.930555
(17,17),(15,18):11.888889
(17,17),(13,18):12.888889
(17,17),(13,22):9.888889
(17,17),(10,22):4.125000
(17,17),(10,21):11.388889
(17,17),(4,21):13.263889
(17,17),(4,8):2.261616
(17,17),(2,8):0.000000
(17,17),(2,1):0.000000
(17,17),(3,1):0.000000
(17,17),(3,2):0.280601
(17,17),(9,2):0.000000
(17,17),(9,4):0.000000
(17,17),(16,4):0.000000
(17,17),(16,3):0.000000
(17,17),(19,3):0.000000
(17,17),(19,5):0.000000
(17,17),(25,5):0.000000
(17,17),(25,6):0.000000
(17,17),(5,6):1.388889
(17,17),(5,13):5.388889
(17,17),(6,13):2.666667
(17,17),(6,14):5.388889
(17,17),(7,14):3.833333
(17,17),(7,15):5.388889
(17,17),(8,15):4.888889
(17,17),(8,16):41.388889
(17,17),(27,16):87.750000
(17,17),(27,12):20.138889
(17,17),(12,12):0.000000
(17,17),(12,10):0.000000
(17,17),(20,10):0.000000
(17,17),(20,9):0.000000
(17,17),(22,9):0.000000
(17,17),(22,7):1.022727
(17,17),(31,7):17.577778
(17,17),(31,11):23.850000
(17,17),(32,11):24.750000
(17,17),(32,27):26.625000
(17,17),(29,27):24.937500
(17,17),(29,30):11.427273
(17,17),(33,30):0.000000
(17,17),(33,32):0.000000
(15,17),(15,18):23.142857
(15,17),(13,18):42.142857
(15,17),(13,22):32.042858
(15,17),(10,22):9.750000
(15,17),(10,21):39.142857
(15,17),(4,21):41.851189
(15,17),(4,8):11.219328
(15,17),(2,8):0.000000
(15,17),(2,1):0.000000
(15,17),(3,1):0.000000
(15,17),(3,2):1.328507
(15,17),(9,2):0.000000
(15,17),(9,4):0.000000
(15,17),(16,4):0.000000
(15,17),(16,3):0.000000
(15,17),(19,3):0.000000
(15,17),(19,5):0.000000
(15,17),(25,5):0.000000
(15,17),(25,6):0.000000
(15,17),(5,6):5.500000
(15,17),(5,13):27.642857
(15,17),(6,13):10.857142
(15,17),(6,14):27.642857
(15,17),(7,14):16.071428
(15,17),(7,15):27.642857
(15,17),(8,15):20.892857
(15,17),(8,16):58.142857
(15,17),(27,16):34.083332
(15,17),(27,12):6.041667
(15,17),(12,12):0.000000
(15,17),(12,10):0.000000
(15,17),(20,10):0.000000
(15,17),(20,9):0.000000
(15,17),(22,9):0.000000
(15,17),(22,7):0.926282
(15,17),(31,7):4.888889
(15,17),(31,11):6.441667
(15,17),(32,11):6.541667
(15,17),(32,27):8.916667
(15,17),(29,27):7.979167
(15,17),(29,30):3.848485
(15,17),(33,30):0.000000
(15,17),(33,32):0.000000
(15,18),(13,18):24.285715
(15,18),(13,22):20.285715
(15,18),(10,22):7.500000
(15,18),(10,21):22.285715
(15,18),(4,21):23.619047
(15,18),(4,8):5.012987
(15,18),(2,8):0.000000
(15,18),(2,1):0.000000
(15,18),(3,1):0.000000
(15,18),(3,2):0.613367
(15,18),(9,2):0.000000
(15,18),(9,4):0.000000
(15,18),(16,4):0.000000
(15,18),(16,3):0.000000
(15,18),(19,3):0.000000
(15,18),(19,5):0.000000
(15,18),(25,5):0.000000
(15,18),(25,6):0.000000
(15,18),(5,6):3.000000
(15,18),(5,13):12.285714
(15,18),(6,13):5.714286
(15,18),(6,14):12.285714
(15,18),(7,14):8.142858
(15,18),(7,15):12.285714
(15,18),(8,15):10.250000
(15,18),(8,16):24.285715
(15,18),(27,16):16.041666
(15,18),(27,12):0.000000
(15,18),(12,12):0.000000
(15,18),(12,10):0.000000
(15,18),(20,10):0.000000
(15,18),(20,9):0.000000
(15,18),(22,9):0.000000
(15,18),(22,7):0.000000
(15,18),(31,7):0.000000
(15,18),(31,11):0.000000
(15,18),(32,11):0.000000
(15,18),(32,27):0.000000
(15,18),(29,27):0.000000
(15,18),(29,30):0.000000
(15,18),(33,30):0.000000
(15,18),(33,32):0.000000
(13,18),(13,22):45.200001
(13,18),(10,22):19.500000
(13,18),(10,21):53.200001
(13,18),(4,21):52.533333
(13,18),(4,8):12.447826
(13,18),(2,8):0.000000
(13,18),(2,1):0.000000
(13,18),(3,1):0.000000
(13,18),(3,2):1.474344
(13,18),(9,2):0.000000
(13,18),(9,4):0.000000
(13,18),(16,4):0.000000
(13,18),(16,3):0.000000
(13,18),(19,3):0.000000
(13,18),(19,5):0.000000
(13,18),(25,5):0.000000
(13,18),(25,6):0.000000
(13,18),(5,6):6.400000
(13,18),(5,13):38.387501
(13,18),(6,13):12.400000
(13,18),(6,14):38.414288
(13,18),(7,14):18.000000
(13,18),(7,15):38.450001
(13,18),(8,15):22.750000
(13,18),(8,16):56.000000
(13,18),(27,16):17.041666
(13,18),(27,12):0.000000
(13,18),(12,12):0.000000
(13,18),(12,10):0.000000
(13,18),(20,10):0.000000
(13,18),(20,9):0.000000
(13,18),(22,9):0.000000
(13,18),(22,7):0.000000
(13,18),(31,7):0.000000
(13,18),(31,11):0.000000
(13,18),(32,11):0.000000
(13,18),(32,27):0.000000
(13,18),(29,27):0.000000
(13,18),(29,30):0.000000
(13,18),(33,30):0.000000
(13,18),(33,32):0.000000
(13,22),(10,22):18.000000
(13,22),(10,21):50.279762
(13,22),(4,21):47.279762
(13,22),(4,8):11.026786
(13,22),(2,8):0.000000
(13,22),(2,1):0.000000
(13,22),(3,1):0.000000
(13,22),(3,2):1.474481
(13,22),(9,2):0.000000
(13,22),(9,4):0.000000
(13,22),(16,4):0.000000
(13,22),(16,3):0.000000
(13,22),(19,3):0.000000
(13,22),(19,5):0.000000
(13,22),(25,5):0.000000
(13,22),(25,6):0.000000
(13,22),(5,6):6.729167
(13,22),(5,13):37.312500
(13,22),(6,13):12.229167
(13,22),(6,14):37.348213
(13,22),(7,14):16.071428
(13,22),(7,15):37.404762
(13,22),(8,15):18.250000
(13,22),(8,16):49.883335
(13,22),(27,16):13.875000
(13,22),(27,12):0.000000
(13,22),(12,12):0.000000
(13,22),(12,10):0.000000
(13,22),(20,10):0.000000
(13,22),(20,9):0.000000
(13,22),(22,9):0.000000
(13,22),(22,7):0.000000
(13,22),(31,7):0.000000
(13,22),(31,11):0.000000
(13,22),(32,11):0.000000
(13,22),(32,27):0.000000
(13,22),(29,27):0.000000
(13,22),(29,30):0.000000
(13,22),(33,30):0.000000
(13,22),(33,32):0.000000
(10,22),(10,21):19.500000
(10,22),(4,21):16.500000
(10,22),(4,8):0.000000
(10,22),(2,8):0.000000
(10,22),(2,1):0.000000
(10,22),(3,1):0.000000
(10,22),(3,2):0.000000
(10,22),(9,2):0.000000
(10,22),(9,4):0.000000
(10,22),(16,4):0.000000
(10,22),(16,3):0.000000
(10,22),(19,3):0.000000
(10,22),(19,5):0.000000
(10,22),(25,5):0.000000
(10,22),(25,6):0.000000
(10,22),(5,6):0.000000
(10,22),(5,13):7.187500
(10,22),(6,13):0.000000
(10,22),(6,14):7.214286
(10,22),(7,14):0.000000
(10,22),(7,15):7.250000
(10,22),(8,15):0.000000
(10,22),(8,16):19.299999
(10,22),(27,16):5.097222
(10,22),(27,12):0.000000
(10,22),(12,12):0.000000
(10,22),(12,10):0.000000
(10,22),(20,10):0.000000
(10,22),(20,9):0.000000
(10,22),(22,9):0.000000
(10,22),(22,7):0.000000
(10,22),(31,7):0.000000
(10,22),(31,11):0.000000
(10,22),(32,11):0.000000
(10,22),(32,27):0.000000
(10,22),(29,27):0.000000
(10,22),(29,30):0.000000
(10,22),(33,30):0.000000
(10,22),(33,32):0.000000
(10,21),(4,21):56.064285
(10,21),(4,8):15.200000
(10,21),(2,8):0.000000
(10,21),(2,1):0.000000
(10,21),(3,1):0.000000
(10,21),(3,2):1.848485
(10,21),(9,2):0.000000
(10,21),(9,4):0.000000
(10,21),(16,4):0.000000
(10,21),(16,3):0.000000
(10,21),(19,3):0.000000
(10,21),(19,5):0.000000
(10,21),(25,5):0.000000
(10,21),(25,6):0.000000
(10,21),(5,6):8.800000
(10,21),(5,13):43.701786
(10,21),(6,13):15.714286
(10,21),(6,14):43.678570
(10,21),(7,14):20.750000
(10,21),(7,15):43.799999
(10,21),(8,15):23.799999
(10,21),(8,16):58.099998
(10,21),(27,16):15.496212
(10,21),(27,12):0.000000
(10,21),(12,12):0.000000
(10,21),(12,10):0.000000
(10,21),(20,10):0.000000
(10,21),(20,9):0.000000
(10,21),(22,9):0.000000
(10,21),(22,7):0.000000
(10,21),(31,7):0.000000
(10,21),(31,11):0.000000
(10,21),(32,11):0.000000
(10,21),(32,27):0.000000
(10,21),(29,27):0.000000
(10,21),(29,30):0.000000
(10,21),(33,30):0.000000
(10,21),(33,32):0.000000
(4,21),(4,8):25.933332
(4,21),(2,8):6.533333
(4,21),(2,1):6.375000
(4,21),(3,1):0.000000
(4,21),(3,2):11.268182
(4,21),(9,2):5.033333
(4,21),(9,4):4.783333
(4,21),(16,4):2.224242
(4,21),(16,3):0.000000
(4,21),(19,3):0.000000
(4,21),(19,5):2.676443
(4,21),(25,5):1.058333
(4,21),(25,6):2.769112
(4,21),(5,6):19.533333
(4,21),(5,13):51.500000
(4,21),(6,13):16.000000
(4,21),(6,14):41.500000
(4,21),(7,14):21.000000
(4,21),(7,15):41.500000
(4,21),(8,15):24.000000
(4,21),(8,16):58.208332
(4,21),(27,16):17.416666
(4,21),(27,12):0.000000
(4,21),(12,12):0.000000
(4,21),(12,10):0.000000
(4,21),(20,10):0.000000
(4,21),(20,9):0.000000
(4,21),(22,9):0.000000
(4,21),(22,7):0.000000
(4,21),(31,7):0.000000
(4,21),(31,11):0.000000
(4,21),(32,11):0.000000
(4,21),(32,27):0.000000
(4,21),(29,27):0.000000
(4,21),(29,30):0.000000
(4,21),(33,30):0.000000
(4,21),(33,32):0.000000
(4,8),(2,8):22.916666
(4,8),(2,1):19.333334
(4,8),(3,1):6.916667
(4,8),(3,2):27.651516
(4,8),(9,2):20.000000
(4,8),(9,4):18.416666
(4,8),(16,4):7.818182
(4,8),(16,3):0.000000
(4,8),(19,3):0.000000
(4,8),(19,5):9.342857
(4,8),(25,5):3.475000
(4,8),(25,6):9.533089
(4,8),(5,6):35.750000
(4,8),(5,13):29.209091
(4,8),(6,13):13.500000
(4,8),(6,14):14.900000
(4,8),(7,14):13.300000
(4,8),(7,15):14.900000
(4,8),(8,15):12.000000
(4,8),(8,16):14.900000
(4,8),(27,16):3.272814
(4,8),(27,12):0.000000
(4,8),(12,12):0.000000
(4,8),(12,10):0.000000
(4,8),(20,10):0.000000
(4,8),(20,9):0.000000
(4,8),(22,9):0.000000
(4,8),(22,7):0.000000
(4,8),(31,7):0.000000
(4,8),(31,11):0.000000
(4,8),(32,11):0.000000
(4,8),(32,27):0.000000
(4,8),(29,27):0.000000
(4,8),(29,30):0.000000
(4,8),(33,30):0.000000
(4,8),(33,32):0.000000
(2,8),(2,1):18.200001
(2,8),(3,1):7.000000
(2,8),(3,2):29.666666
(2,8),(9,2):26.666666
(2,8),(9,4):25.083334
(2,8),(16,4):9.818182
(2,8),(16,3):0.000000
(2,8),(19,3):0.000000
(2,8),(19,5):11.727950
(2,8),(25,5):3.975000
(2,8),(25,6):12.009869
(2,8),(5,6):29.416666
(2,8),(5,13):9.809091
(2,8),(6,13):0.000000
(2,8),(6,14):0.000000
(2,8),(7,14):0.000000
(2,8),(7,15):0.000000
(2,8),(8,15):0.000000
(2,8),(8,16):0.000000
(2,8),(27,16):0.000000
(2,8),(27,12):0.000000
(2,8),(12,12):0.000000
(2,8),(12,10):0.000000
(2,8),(20,10):0.000000
(2,8),(20,9):0.000000
(2,8),(22,9):0.000000
(2,8),(22,7):0.000000
(2,8),(31,7):0.000000
(2,8),(31,11):0.000000
(2,8),(32,11):0.000000
(2,8),(32,27):0.000000
(2,8),(29,27):0.000000
(2,8),(29,30):0.000000
(2,8),(33,30):0.000000
(2,8),(33,32):0.000000
(2,1),(3,1):7.000000
(2,1),(3,2):20.750000
(2,1),(9,2):16.000000
(2,1),(9,4):14.416667
(2,1),(16,4):8.818182
(2,1),(16,3):0.000000
(2,1),(19,3):0.000000
(2,1),(19,5):9.882540
(2,1),(25,5):4.725000
(2,1),(25,6):9.919642
(2,1),(5,6):20.500000
(2,1),(5,13):9.559091
(2,1),(6,13):0.000000
(2,1),(6,14):0.000000
(2,1),(7,14):0.000000
(2,1),(7,15):0.000000
(2,1),(8,15):0.000000
(2,1),(8,16):0.000000
(2,1),(27,16):0.000000
(2,1),(27,12):0.000000
(2,1),(12,12):0.000000
(2,1),(12,10):0.000000
(2,1),(20,10):0.000000
(2,1),(20,9):0.000000
(2,1),(22,9):0.000000
(2,1),(22,7):0.000000
(2,1),(31,7):0.000000
(2,1),(31,11):0.000000
(2,1),(32,11):0.000000
(2,1),(32,27):0.000000
(2,1),(29,27):0.000000
(2,1),(29,30):0.000000
(2,1),(33,30):0.000000
(2,1),(33,32):0.000000
(3,1),(3,2):7.000000
(3,1),(9,2):6.000000
(3,1),(9,4):5.416667
(3,1),(16,4):2.454545
(3,1),(16,3):0.000000
(3,1),(19,3):0.000000
(3,1),(19,5):2.828571
(3,1),(25,5):1.125000
(3,1),(25,6):2.812500
(3,1),(5,6):6.750000
(3,1),(5,13):0.309091
(3,1),(6,13):0.000000
(3,1),(6,14):0.000000
(3,1),(7,14):0.000000
(3,1),(7,15):0.000000
(3,1),(8,15):0.000000
(3,1),(8,16):0.000000
(3,1),(27,16):0.000000
(3,1),(27,12):0.000000
(3,1),(12,12):0.000000
(3,1),(12,10):0.000000
(3,1),(20,10):0.000000
(3,1),(20,9):0.000000
(3,1),(22,9):0.000000
(3,1),(22,7):0.000000
(3,1),(31,7):0.000000
(3,1),(31,11):0.000000
(3,1),(32,11):0.000000
(3,1),(32,27):0.000000
(3,1),(29,27):0.000000
(3,1),(29,30):0.000000
(3,1),(33,30):0.000000
(3,1),(33,32):0.000000
(3,2),(9,2):32.000000
(3,2),(9,4):36.416668
(3,2),(16,4):20.818182
(3,2),(16,3):0.000000
(3,2),(19,3):2.083333
(3,2),(19,5):22.771429
(3,2),(25,5):11.725000
(3,2),(25,6):23.062500
(3,2),(5,6):43.750000
(3,2),(5,13):14.543940
(3,2),(6,13):1.333333
(3,2),(6,14):1.834849
(3,2),(7,14):1.643939
(3,2),(7,15):1.834849
(3,2),(8,15):1.454545
(3,2),(8,16):1.834849
(3,2),(27,16):0.399429
(3,2),(27,12):0.000000
(3,2),(12,12):0.000000
(3,2),(12,10):0.000000
(3,2),(20,10):0.000000
(3,2),(20,9):0.000000
(3,2),(22,9):0.000000
(3,2),(22,7):0.000000
(3,2),(31,7):0.000000
(3,2),(31,11):0.000000
(3,2),(32,11):0.000000
(3,2),(32,27):0.000000
(3,2),(29,27):0.000000
(3,2),(29,30):0.000000
(3,2),(33,30):0.000000
(3,2),(33,32):0.000000
(9,2),(9,4):30.250000
(9,2),(16,4):14.818182
(9,2),(16,3):0.000000
(9,2),(19,3):0.000000
(9,2),(19,5):16.771429
(9,2),(25,5):7.225000
(9,2),(25,6):17.062500
(9,2),(5,6):32.000000
(9,2),(5,13):8.016666
(9,2),(6,13):0.000000
(9,2),(6,14):0.000000
(9,2),(7,14):0.000000
(9,2),(7,15):0.000000
(9,2),(8,15):0.000000
(9,2),(8,16):0.000000
(9,2),(27,16):0.000000
(9,2),(27,12):0.000000
(9,2),(12,12):0.000000
(9,2),(12,10):0.000000
(9,2),(20,10):0.000000
(9,2),(20,9):0.000000
(9,2),(22,9):0.000000
(9,2),(22,7):0.000000
(9,2),(31,7):0.000000
(9,2),(31,11):0.000000
(9,2),(32,11):0.000000
(9,2),(32,27):0.000000
(9,2),(29,27):0.000000
(9,2),(29,30):0.000000
(9,2),(33,30):0.000000
(9,2),(33,32):0.000000
(9,4),(16,4):36.318180
(9,4),(16,3):6.750000
(9,4),(19,3):12.000000
(9,4),(19,5):40.971428
(9,4),(25,5):21.424999
(9,4),(25,6):38.262501
(9,4),(5,6):54.616665
(9,4),(5,13):7.652597
(9,4),(6,13):0.000000
(9,4),(6,14):0.000000
(9,4),(7,14):0.000000
(9,4),(7,15):0.000000
(9,4),(8,15):0.000000
(9,4),(8,16):0.000000
(9,4),(27,16):0.000000
(9,4),(27,12):0.000000
(9,4),(12,12):0.000000
(9,4),(12,10):0.000000
(9,4),(20,10):0.000000
(9,4),(20,9):0.000000
(9,4),(22,9):0.000000
(9,4),(22,7):0.000000
(9,4),(31,7):0.000000
(9,4),(31,11):0.000000
(9,4),(32,11):0.000000
(9,4),(32,27):0.000000
(9,4),(29,27):0.000000
(9,4),(29,30):0.000000
(9,4),(33,30):0.000000
(9,4),(33,32):0.000000
(16,4),(16,3):9.750000
(16,4),(19,3):15.000000
(16,4),(19,5):38.821430
(16,4),(25,5):18.725000
(16,4),(25,6):32.500000
(16,4),(5,6):37.136364
(16,4),(5,13):3.371930
(16,4),(6,13):0.000000
(16,4),(6,14):0.000000
(16,4),(7,14):0.000000
(16,4),(7,15):0.000000
(16,4),(8,15):0.000000
(16,4),(8,16):0.000000
(16,4),(27,16):0.000000
(16,4),(27,12):0.000000
(16,4),(12,12):0.000000
(16,4),(12,10):0.000000
(16,4),(20,10):0.000000
(16,4),(20,9):0.000000
(16,4),(22,9):0.000000
(16,4),(22,7):0.000000
(16,4),(31,7):0.000000
(16,4),(31,11):0.000000
(16,4),(32,11):0.000000
(16,4),(32,27):0.000000
(16,4),(29,27):0.000000
(16,4),(29,30):0.000000
(16,4),(33,30):0.000000
(16,4),(33,32):0.000000
(16,3),(19,3):9.000000
(16,3),(19,5):9.750000
(16,3),(25,5):3.750000
(16,3),(25,6):4.500000
(16,3),(5,6):7.568182
(16,3),(5,13):0.000000
(16,3),(6,13):0.000000
(16,3),(6,14):0.000000
(16,3),(7,14):0.000000
(16,3),(7,15):0.000000
(16,3),(8,15):0.000000
(16,3),(8,16):0.000000
(16,3),(27,16):0.000000
(16,3),(27,12):0.000000
(16,3),(12,12):0.000000
(16,3),(12,10):0.000000
(16,3),(20,10):0.000000
(16,3),(20,9):0.000000
(16,3),(22,9):0.000000
(16,3),(22,7):0.000000
(16,3),(31,7):0.000000
(16,3),(31,11):0.000000
(16,3),(32,11):0.000000
(16,3),(32,27):0.000000
(16,3),(29,27):0.000000
(16,3),(29,30):0.000000
(16,3),(33,30):0.000000
(16,3),(33,32):0.000000
(19,3),(19,5):15.000000
(19,3),(25,5):7.500000
(19,3),(25,6):9.500000
(19,3),(5,6):12.818182
(19,3),(5,13):0.000000
(19,3),(6,13):0.000000
(19,3),(6,14):0.000000
(19,3),(7,14):0.000000
(19,3),(7,15):0.000000
(19,3),(8,15):0.000000
(19,3),(8,16):0.000000
(19,3),(27,16):0.000000
(19,3),(27,12):0.000000
(19,3),(12,12):0.000000
(19,3),(12,10):0.000000
(19,3),(20,10):0.000000
(19,3),(20,9):0.000000
(19,3),(22,9):0.000000
(19,3),(22,7):0.000000
(19,3),(31,7):0.000000
(19,3),(31,11):0.000000
(19,3),(32,11):0.000000
(19,3),(32,27):0.000000
(19,3),(29,27):0.000000
(19,3),(29,30):0.000000
(19,3),(33,30):0.000000
(19,3),(33,32):0.000000
(19,5),(25,5):23.225000
(19,5),(25,6):39.450001
(19,5),(5,6):43.589611
(19,5),(5,13):4.185340
(19,5),(6,13):0.000000
(19,5),(6,14):0.000000
(19,5),(7,14):0.000000
(19,5),(7,15):0.000000
(19,5),(8,15):0.000000
(19,5),(8,16):0.000000
(19,5),(27,16):0.000000
(19,5),(27,12):0.000000
(19,5),(12,12):0.000000
(19,5),(12,10):0.000000
(19,5),(20,10):0.000000
(19,5),(20,9):0.000000
(19,5),(22,9):0.000000
(19,5),(22,7):0.000000
(19,5),(31,7):0.000000
(19,5),(31,11):0.000000
(19,5),(32,11):0.000000
(19,5),(32,27):0.000000
(19,5),(29,27):0.000000
(19,5),(29,30):0.000000
(19,5),(33,30):0.000000
(19,5),(33,32):0.000000
(25,5),(25,6):23.000000
(25,5),(5,6):23.225000
(25,5),(5,13):1.548515
(25,5),(6,13):0.000000
(25,5),(6,14):0.000000
(25,5),(7,14):0.000000
(25,5),(7,15):0.000000
(25,5),(8,15):0.000000
(25,5),(8,16):0.000000
(25,5),(27,16):0.000000
(25,5),(27,12):0.000000
(25,5),(12,12):0.000000
(25,5),(12,10):0.000000
(25,5),(20,10):0.000000
(25,5),(20,9):0.000000
(25,5),(22,9):0.000000
(25,5),(22,7):0.000000
(25,5),(31,7):0.000000
(25,5),(31,11):0.000000
(25,5),(32,11):0.000000
(25,5),(32,27):0.000000
(25,5),(29,27):0.000000
(25,5),(29,30):0.000000
(25,5),(33,30):0.000000
(25,5),(33,32):0.000000
(25,6),(5,6):40.062500
(25,6),(5,13):4.356410
(25,6),(6,13):0.000000
(25,6),(6,14):0.000000
(25,6),(7,14):0.000000
(25,6),(7,15):0.000000
(25,6),(8,15):0.000000
(25,6),(8,16):0.000000
(25,6),(27,16):0.000000
(25,6),(27,12):0.000000
(25,6),(12,12):0.000000
(25,6),(12,10):0.000000
(25,6),(20,10):0.000000
(25,6),(20,9):0.000000
(25,6),(22,9):0.000000
(25,6),(22,7):0.000000
(25,6),(31,7):0.000000
(25,6),(31,11):0.000000
(25,6),(32,11):0.000000
(25,6),(32,27):0.000000
(25,6),(29,27):0.000000
(25,6),(29,30):0.000000
(25,6),(33,30):0.000000
(25,6),(33,32):0.000000
(5,6),(5,13):22.666666
(5,6),(6,13):8.000000
(5,6),(6,14):8.500000
(5,6),(7,14):7.000000
(5,6),(7,15):8.500000
(5,6),(8,15):6.000000
(5,6),(8,16):8.500000
(5,6),(27,16):1.875000
(5,6),(27,12):0.000000
(5,6),(12,12):0.000000
(5,6),(12,10):0.000000
(5,6),(20,10):0.000000
(5,6),(20,9):0.000000
(5,6),(22,9):0.000000
(5,6),(22,7):0.000000
(5,6),(31,7):0.000000
(5,6),(31,11):0.000000
(5,6),(32,11):0.000000
(5,6),(32,27):0.000000
(5,6),(29,27):0.000000
(5,6),(29,30):0.000000
(5,6),(33,30):0.000000
(5,6),(33,32):0.000000
(5,13),(6,13):16.000000
(5,13),(6,14):43.687500
(5,13),(7,14):20.500000
(5,13),(7,15):43.187500
(5,13),(8,15):23.500000
(5,13),(8,16):43.187500
(5,13),(27,16):8.157051
(5,13),(27,12):0.000000
(5,13),(12,12):0.000000
(5,13),(12,10):0.000000
(5,13),(20,10):0.000000
(5,13),(20,9):0.000000
(5,13),(22,9):0.000000
(5,13),(22,7):0.000000
(5,13),(31,7):0.000000
(5,13),(31,11):0.000000
(5,13),(32,11):0.000000
(5,13),(32,27):0.000000
(5,13),(29,27):0.000000
(5,13),(29,30):0.000000
(5,13),(33,30):0.000000
(5,13),(33,32):0.000000
(6,13),(6,14):16.000000
(6,13),(7,14):14.000000
(6,13),(7,15):15.500000
(6,13),(8,15):12.000000
(6,13),(8,16):15.500000
(6,13),(27,16):3.666667
(6,13),(27,12):0.000000
(6,13),(12,12):0.000000
(6,13),(12,10):0.000000
(6,13),(20,10):0.000000
(6,13),(20,9):0.000000
(6,13),(22,9):0.000000
(6,13),(22,7):0.000000
(6,13),(31,7):0.000000
(6,13),(31,11):0.000000
(6,13),(32,11):0.000000
(6,13),(32,27):0.000000
(6,13),(29,27):0.000000
(6,13),(29,30):0.000000
(6,13),(33,30):0.000000
(6,13),(33,32):0.000000
(6,14),(7,14):21.000000
(6,14),(7,15):43.714287
(6,14),(8,15):23.500000
(6,14),(8,16):43.214287
(6,14),(27,16):8.157051
(6,14),(27,12):0.000000
(6,14),(12,12):0.000000
(6,14),(12,10):0.000000
(6,14),(20,10):0.000000
(6,14),(20,9):0.000000
(6,14),(22,9):0.000000
(6,14),(22,7):0.000000
(6,14),(31,7):0.000000
(6,14),(31,11):0.000000
(6,14),(32,11):0.000000
(6,14),(32,27):0.000000
(6,14),(29,27):0.000000
(6,14),(29,30):0.000000
(6,14),(33,30):0.000000
(6,14),(33,32):0.000000
(7,14),(7,15):21.000000
(7,14),(8,15):18.000000
(7,14),(8,16):20.500000
(7,14),(27,16):5.375000
(7,14),(27,12):0.000000
(7,14),(12,12):0.000000
(7,14),(12,10):0.000000
(7,14),(20,10):0.000000
(7,14),(20,9):0.000000
(7,14),(22,9):0.000000
(7,14),(22,7):0.000000
(7,14),(31,7):0.000000
(7,14),(31,11):0.000000
(7,14),(32,11):0.000000
(7,14),(32,27):0.000000
(7,14),(29,27):0.000000
(7,14),(29,30):0.000000
(7,14),(33,30):0.000000
(7,14),(33,32):0.000000
(7,15),(8,15):24.000000
(7,15),(8,16):43.750000
(7,15),(27,16):8.157051
(7,15),(27,12):0.000000
(7,15),(12,12):0.000000
(7,15),(12,10):0.000000
(7,15),(20,10):0.000000
(7,15),(20,9):0.000000
(7,15),(22,9):0.000000
(7,15),(22,7):0.000000
(7,15),(31,7):0.000000
(7,15),(31,11):0.000000
(7,15),(32,11):0.000000
(7,15),(32,27):0.000000
(7,15),(29,27):0.000000
(7,15),(29,30):0.000000
(7,15),(33,30):0.000000
(7,15),(33,32):0.000000
(8,15),(8,16):24.000000
(8,15),(27,16):7.000000
(8,15),(27,12):0.000000
(8,15),(12,12):0.000000
(8,15),(12,10):0.000000
(8,15),(20,10):0.000000
(8,15),(20,9):0.000000
(8,15),(22,9):0.000000
(8,15),(22,7):0.000000
(8,15),(31,7):0.000000
(8,15),(31,11):0.000000
(8,15),(32,11):0.000000
(8,15),(32,27):0.000000
(8,15),(29,27):0.000000
(8,15),(29,30):0.000000
(8,15),(33,30):0.000000
(8,15),(33,32):0.000000
(8,16),(27,16):45.541668
(8,16),(27,12):11.944445
(8,16),(12,12):0.000000
(8,16),(12,10):0.000000
(8,16),(20,10):0.000000
(8,16),(20,9):0.000000
(8,16),(22,9):0.000000
(8,16),(22,7):0.500000
(8,16),(31,7):10.277124
(8,16),(31,11):13.581633
(8,16),(32,11):13.950000
(8,16),(32,27):16.965910
(8,16),(29,27):15.491848
(8,16),(29,30):7.586648
(8,16),(33,30):0.000000
(8,16),(33,32):0.000000
(27,16),(27,12):106.366669
(27,16),(12,12):18.000000
(27,16),(12,10):10.640351
(27,16),(20,10):24.525974
(27,16),(20,9):18.266233
(27,16),(22,9):28.388889
(27,16),(22,7):33.277779
(27,16),(31,7):102.066666
(27,16),(31,11):119.216667
(27,16),(32,11):103.122948
(27,16),(32,27):109.875000
(27,16),(29,27):122.554169
(27,16),(29,30):66.736794
(27,16),(33,30):5.247101
(27,16),(33,32):6.102381
(27,12),(12,12):54.125000
(27,12),(12,10):40.640350
(27,12),(20,10):67.525970
(27,12),(20,9):39.266235
(27,12),(22,9):63.388889
(27,12),(22,7):58.277779
(27,12),(31,7):125.983627
(27,12),(31,11):150.644730
(27,12),(32,11):101.630135
(27,12),(32,27):99.666664
(27,12),(29,27):107.561401
(27,12),(29,30):51.783627
(27,12),(33,30):4.179220
(27,12),(33,32):4.095906
(12,12),(12,10):38.973682
(12,12),(20,10):54.079544
(12,12),(20,9):31.909090
(12,12),(22,9):42.013889
(12,12),(22,7):33.402779
(12,12),(31,7):44.458332
(12,12),(31,11):54.125000
(12,12),(32,11):20.000000
(12,12),(32,27):19.730770
(12,12),(29,27):18.907259
(12,12),(29,30):8.760135
(12,12),(33,30):0.000000
(12,12),(33,32):0.000000
(12,10),(20,10):40.621212
(12,10),(20,9):24.575758
(12,10),(22,9):28.555555
(12,10),(22,7):20.444445
(12,10),(31,7):30.400000
(12,10),(31,11):40.640350
(12,10),(32,11):21.640350
(12,10),(32,27):11.275767
(12,10),(29,27):10.907018
(12,10),(29,30):4.488889
(12,10),(33,30):0.000000
(12,10),(33,32):0.000000
(20,10),(20,9):37.480518
(20,10),(22,9):55.460316
(20,10),(22,7):45.349205
(20,10),(31,7):56.174603
(20,10),(31,11):67.525970
(20,10),(32,11):23.525974
(20,10),(32,27):28.097403
(20,10),(29,27):26.192640
(20,10),(29,30):11.960318
(20,10),(33,30):0.000000
(20,10),(33,32):0.000000
(20,9),(22,9):39.246033
(20,9),(22,7):33.134922
(20,9),(31,7):35.984127
(20,9),(31,11):39.266235
(20,9),(32,11):17.266233
(20,9),(32,27):19.641233
(20,9),(29,27):18.866234
(20,9),(29,30):7.357143
(20,9),(33,30):0.000000
(20,9),(33,32):0.000000
(22,9),(22,7):53.277779
(22,9),(31,7):59.355556
(22,9),(31,11):63.388889
(22,9),(32,11):22.388889
(22,9),(32,27):32.055557
(22,9),(29,27):30.055555
(22,9),(29,30):12.588889
(22,9),(33,30):0.000000
(22,9),(33,32):0.000000
(22,7),(31,7):53.000000
(22,7),(31,11):58.277779
(22,7),(32,11):22.277779
(22,7),(32,27):36.944443
(22,7),(29,27):34.944443
(22,7),(29,30):13.388889
(22,7),(33,30):0.000000
(22,7),(33,32):0.000000
(31,7),(31,11):139.638885
(31,7),(32,11):97.166664
(31,7),(32,27):93.620155
(31,7),(29,27):103.798866
(31,7),(29,30):63.511425
(31,7),(33,30):3.650000
(31,7),(33,32):5.028572
(31,11),(32,11):117.266670
(31,11),(32,27):110.634407
(31,11),(29,27):120.182625
(31,11),(29,30):63.825329
(31,11),(33,30):3.312500
(31,11),(33,32):4.816912
(32,11),(32,27):91.523811
(32,11),(29,27):101.778786
(32,11),(29,30):53.650795
(32,11),(33,30):2.510417
(32,11),(33,32):4.277678
(32,27),(29,27):109.854164
(32,27),(29,30):53.616161
(32,27),(33,30):0.000000
(32,27),(33,32):0.000000
(29,27),(29,30):67.616165
(29,27),(33,30):4.916667
(29,27),(33,32):5.850000
(29,30),(33,30):13.250000
(29,30),(33,32):13.850000
(33,30),(33,32):11.600000
