48
(21,15):(19,17)	(20,14)	(20,15)	(20,16)	(21,15)	(21,17)	(22,14)	(23,15)	
(21,17):(19,11)	(19,17)	(20,14)	(20,15)	(20,16)	(21,15)	(21,17)	
(19,17):(19,11)	(19,17)	(20,11)	(20,14)	(20,15)	(20,16)	(21,15)	(21,17)	(22,14)	
(19,11):(19,11)	(19,17)	(20,11)	(20,14)	(20,15)	(20,16)	(21,17)	
(20,11):(19,11)	(19,17)	(20,11)	(20,14)	(20,15)	(20,16)	
(20,14):(19,11)	(19,17)	(20,11)	(20,14)	(20,15)	(20,16)	(21,15)	(21,17)	(22,14)	(23,15)	
(22,14):(19,17)	(20,14)	(20,15)	(20,16)	(21,15)	(22,4)	(22,5)	(22,14)	(23,4)	(23,5)	(23,6)	(23,7)	(23,8)	(23,9)	(23,15)	(24,3)	
(22,5):(7,4)	(8,5)	(9,5)	(10,5)	(11,5)	(12,5)	(13,2)	(13,4)	(14,3)	(14,4)	(15,3)	(15,4)	(16,3)	(16,4)	(17,4)	(18,4)	(19,4)	(20,4)	(21,4)	(22,4)	(22,5)	(22,14)	(23,4)	(23,5)	(23,6)	(23,7)	(23,8)	(23,9)	(23,15)	(24,3)	(24,9)	
(12,5):(6,9)	(7,4)	(7,6)	(7,9)	(8,5)	(8,8)	(8,9)	(9,5)	(9,6)	(9,7)	(9,8)	(9,9)	(10,5)	(10,6)	(10,7)	(10,8)	(10,9)	(11,5)	(11,6)	(11,7)	(11,8)	(11,9)	(12,5)	(12,10)	(13,4)	(14,3)	(14,4)	(15,2)	(15,3)	(15,4)	(16,1)	(16,3)	(16,4)	(17,4)	(18,4)	(19,4)	(20,4)	(21,4)	(22,4)	(22,5)	(23,4)	(23,5)	(24,3)	
(12,10):(2,7)	(3,8)	(3,9)	(3,10)	(4,8)	(4,9)	(5,8)	(5,9)	(6,8)	(6,9)	(7,8)	(7,9)	(8,8)	(8,9)	(9,5)	(9,6)	(9,7)	(9,8)	(9,9)	(10,5)	(10,6)	(10,7)	(10,8)	(10,9)	(11,5)	(11,6)	(11,7)	(11,8)	(11,9)	(12,5)	(12,10)	
(3,10):(1,21)	(2,7)	(2,12)	(2,13)	(2,14)	(2,15)	(2,16)	(2,17)	(2,18)	(2,19)	(2,20)	(3,8)	(3,9)	(3,10)	(3,13)	(3,14)	(3,15)	(3,16)	(3,17)	(3,18)	(3,19)	(3,20)	(4,8)	(4,9)	(5,8)	(5,9)	(6,8)	(6,9)	(7,8)	(7,9)	(8,8)	(8,9)	(9,7)	(9,8)	(9,9)	(10,7)	(10,8)	(10,9)	(11,6)	(11,7)	(11,8)	(11,9)	(12,10)	
(3,13):(1,12)	(1,21)	(2,7)	(2,12)	(2,13)	(2,14)	(2,15)	(2,16)	(2,17)	(2,18)	(2,19)	(2,20)	(3,8)	(3,9)	(3,10)	(3,13)	(3,14)	(3,15)	(3,16)	(3,17)	(3,18)	(3,19)	(3,20)	(4,14)	(4,15)	(4,16)	(4,17)	(4,18)	(4,19)	(4,20)	(4,21)	(5,14)	(5,15)	(5,16)	(5,17)	(5,18)	(5,24)	(6,14)	(6,15)	(6,16)	(6,17)	(6,18)	(7,14)	(7,15)	(7,16)	(7,17)	(7,18)	(8,14)	(8,15)	(8,16)	(8,17)	(8,18)	(8,19)	(9,14)	(9,15)	(9,16)	(9,17)	(9,18)	(9,19)	(9,20)	(10,14)	(10,15)	(10,16)	(10,17)	(10,18)	(10,19)	(10,20)	(10,21)	(11,14)	(11,15)	(11,16)	(11,17)	(11,18)	(11,19)	(11,20)	(11,21)	(11,22)	(12,14)	(12,15)	(12,16)	(12,17)	(12,18)	(12,19)	(12,20)	(12,21)	(12,22)	(13,14)	(13,15)	(13,16)	(13,17)	(13,18)	(13,19)	(13,20)	(13,21)	(13,22)	(14,13)	(14,14)	(14,15)	(14,16)	(14,17)	(14,18)	(14,19)	(14,20)	(14,21)	(14,22)	(15,13)	(15,14)	(15,15)	(15,16)	(15,17)	(15,18)	(15,19)	(15,20)	(15,23)	(16,13)	(16,14)	(16,15)	(16,16)	(16,17)	(16,18)	(16,19)	(17,13)	(17,14)	(17,15)	(17,16)	(17,20)	(18,16)	
(14,13):(2,13)	(2,14)	(2,15)	(2,16)	(2,17)	(2,18)	(2,19)	(3,13)	(3,14)	(3,15)	(3,16)	(3,17)	(3,18)	(3,19)	(4,14)	(4,15)	(4,16)	(4,17)	(4,18)	(5,14)	(5,15)	(5,16)	(5,17)	(5,18)	(6,14)	(6,15)	(6,16)	(6,17)	(6,18)	(6,19)	(7,14)	(7,15)	(7,16)	(7,17)	(7,18)	(8,14)	(8,15)	(8,16)	(8,17)	(8,18)	(8,19)	(8,22)	(9,14)	(9,15)	(9,16)	(9,17)	(9,18)	(9,19)	(9,20)	(9,21)	(10,14)	(10,15)	(10,16)	(10,17)	(10,18)	(10,19)	(10,20)	(10,21)	(11,14)	(11,15)	(11,16)	(11,17)	(11,18)	(11,19)	(11,20)	(11,21)	(11,22)	(11,23)	(12,14)	(12,15)	(12,16)	(12,17)	(12,18)	(12,19)	(12,20)	(12,21)	(12,22)	(13,14)	(13,15)	(13,16)	(13,17)	(13,18)	(13,19)	(13,20)	(13,21)	(13,22)	(14,8)	(14,13)	(14,14)	(14,15)	(14,16)	(14,17)	(14,18)	(14,19)	(14,20)	(14,21)	(14,22)	(15,9)	(15,10)	(15,11)	(15,12)	(15,13)	(15,14)	(15,15)	(15,16)	(15,17)	(15,18)	(15,19)	(15,20)	(15,23)	(16,9)	(16,10)	(16,11)	(16,12)	(16,13)	(16,14)	(16,15)	(16,16)	(16,17)	(16,18)	(16,19)	(17,9)	(17,10)	(17,11)	(17,12)	(17,13)	(17,14)	(17,15)	(17,16)	(17,20)	(18,8)	(18,16)	
(14,8):(14,8)	(14,13)	(14,14)	(14,15)	(14,16)	(14,17)	(14,18)	(14,19)	(14,20)	(14,21)	(14,22)	(15,9)	(15,10)	(15,11)	(15,12)	(15,13)	(15,14)	(15,15)	(15,16)	(15,17)	(15,18)	(15,19)	(15,20)	(15,23)	(16,9)	(16,10)	(16,11)	(16,12)	(16,13)	(16,14)	(16,15)	(16,16)	(16,17)	(16,18)	(16,19)	(17,9)	(17,10)	(17,11)	(17,12)	(17,13)	(17,14)	(17,15)	(17,16)	(17,20)	(18,8)	(18,16)	
(18,8):(8,22)	(9,20)	(9,21)	(10,18)	(10,19)	(10,20)	(10,21)	(11,17)	(11,18)	(11,19)	(11,20)	(11,21)	(11,22)	(11,23)	(12,16)	(12,17)	(12,18)	(12,19)	(12,20)	(12,21)	(12,22)	(13,15)	(13,16)	(13,17)	(13,18)	(13,19)	(13,20)	(13,21)	(13,22)	(14,8)	(14,13)	(14,14)	(14,15)	(14,16)	(14,17)	(14,18)	(14,19)	(14,20)	(14,21)	(14,22)	(15,9)	(15,10)	(15,11)	(15,12)	(15,13)	(15,14)	(15,15)	(15,16)	(15,17)	(15,18)	(15,19)	(15,20)	(16,9)	(16,10)	(16,11)	(16,12)	(16,13)	(16,14)	(16,15)	(16,16)	(16,17)	(16,18)	(16,19)	(17,9)	(17,10)	(17,11)	(17,12)	(17,13)	(17,14)	(17,15)	(17,16)	(18,8)	(18,16)	
(18,16):(2,13)	(2,14)	(2,15)	(2,16)	(3,13)	(3,14)	(3,15)	(3,16)	(4,14)	(4,15)	(4,16)	(5,14)	(5,15)	(5,16)	(6,14)	(6,15)	(6,16)	(7,14)	(7,15)	(7,16)	(8,14)	(8,15)	(8,16)	(9,14)	(9,15)	(9,16)	(10,14)	(10,15)	(10,16)	(11,14)	(11,15)	(11,16)	(12,14)	(12,15)	(12,16)	(13,14)	(13,15)	(13,16)	(14,8)	(14,13)	(14,14)	(14,15)	(14,16)	(15,9)	(15,10)	(15,11)	(15,12)	(15,13)	(15,14)	(15,15)	(15,16)	(16,9)	(16,10)	(16,11)	(16,12)	(16,13)	(16,14)	(16,15)	(16,16)	(17,9)	(17,10)	(17,11)	(17,12)	(17,13)	(17,14)	(17,15)	(17,16)	(18,8)	(18,16)	
(17,16):(2,13)	(2,14)	(2,15)	(2,16)	(2,17)	(2,18)	(3,13)	(3,14)	(3,15)	(3,16)	(3,17)	(3,18)	(4,14)	(4,15)	(4,16)	(4,17)	(4,18)	(5,14)	(5,15)	(5,16)	(5,17)	(5,18)	(6,14)	(6,15)	(6,16)	(6,17)	(6,18)	(6,19)	(7,14)	(7,15)	(7,16)	(7,17)	(7,18)	(8,14)	(8,15)	(8,16)	(8,17)	(8,18)	(8,19)	(8,22)	(9,14)	(9,15)	(9,16)	(9,17)	(9,18)	(9,19)	(9,20)	(9,21)	(10,14)	(10,15)	(10,16)	(10,17)	(10,18)	(10,19)	(10,20)	(10,21)	(11,14)	(11,15)	(11,16)	(11,17)	(11,18)	(11,19)	(11,20)	(11,21)	(11,22)	(11,23)	(12,14)	(12,15)	(12,16)	(12,17)	(12,18)	(12,19)	(12,20)	(12,21)	(12,22)	(13,14)	(13,15)	(13,16)	(13,17)	(13,18)	(13,19)	(13,20)	(13,21)	(13,22)	(14,8)	(14,13)	(14,14)	(14,15)	(14,16)	(14,17)	(14,18)	(14,19)	(14,20)	(14,21)	(14,22)	(15,9)	(15,10)	(15,11)	(15,12)	(15,13)	(15,14)	(15,15)	(15,16)	(15,17)	(15,18)	(15,19)	(15,20)	(16,9)	(16,10)	(16,11)	(16,12)	(16,13)	(16,14)	(16,15)	(16,16)	(16,17)	(16,18)	(16,19)	(17,9)	(17,10)	(17,11)	(17,12)	(17,13)	(17,14)	(17,15)	(17,16)	(17,20)	(18,8)	(18,16)	
(17,20):(1,12)	(2,13)	(2,14)	(2,15)	(2,16)	(2,17)	(3,13)	(3,14)	(3,15)	(3,16)	(3,17)	(4,14)	(4,15)	(4,16)	(4,17)	(5,14)	(5,15)	(5,16)	(5,17)	(6,14)	(6,15)	(6,16)	(6,17)	(6,18)	(7,14)	(7,15)	(7,16)	(7,17)	(7,18)	(8,14)	(8,15)	(8,16)	(8,17)	(8,18)	(8,19)	(9,14)	(9,15)	(9,16)	(9,17)	(9,18)	(9,19)	(9,20)	(10,14)	(10,15)	(10,16)	(10,17)	(10,18)	(10,19)	(10,20)	(11,14)	(11,15)	(11,16)	(11,17)	(11,18)	(11,19)	(11,20)	(12,14)	(12,15)	(12,16)	(12,17)	(12,18)	(12,19)	(12,20)	(13,14)	(13,15)	(13,16)	(13,17)	(13,18)	(13,19)	(13,20)	(14,8)	(14,13)	(14,14)	(14,15)	(14,16)	(14,17)	(14,18)	(14,19)	(14,20)	(15,9)	(15,10)	(15,11)	(15,12)	(15,13)	(15,14)	(15,15)	(15,16)	(15,17)	(15,18)	(15,19)	(15,20)	(16,9)	(16,10)	(16,11)	(16,12)	(16,13)	(16,14)	(16,15)	(16,16)	(16,17)	(16,18)	(16,19)	(17,9)	(17,10)	(17,11)	(17,12)	(17,13)	(17,14)	(17,15)	(17,16)	(17,20)	
(15,20):(1,12)	(2,13)	(2,14)	(2,15)	(2,16)	(2,17)	(3,13)	(3,14)	(3,15)	(3,16)	(3,17)	(4,14)	(4,15)	(4,16)	(4,17)	(5,14)	(5,15)	(5,16)	(5,17)	(6,14)	(6,15)	(6,16)	(6,17)	(6,18)	(7,14)	(7,15)	(7,16)	(7,17)	(7,18)	(8,14)	(8,15)	(8,16)	(8,17)	(8,18)	(8,19)	(8,22)	(9,14)	(9,15)	(9,16)	(9,17)	(9,18)	(9,19)	(9,20)	(9,21)	(10,14)	(10,15)	(10,16)	(10,17)	(10,18)	(10,19)	(10,20)	(10,21)	(11,14)	(11,15)	(11,16)	(11,17)	(11,18)	(11,19)	(11,20)	(11,21)	(11,22)	(11,23)	(12,14)	(12,15)	(12,16)	(12,17)	(12,18)	(12,19)	(12,20)	(12,21)	(12,22)	(13,14)	(13,15)	(13,16)	(13,17)	(13,18)	(13,19)	(13,20)	(13,21)	(13,22)	(14,8)	(14,13)	(14,14)	(14,15)	(14,16)	(14,17)	(14,18)	(14,19)	(14,20)	(14,21)	(14,22)	(15,9)	(15,10)	(15,11)	(15,12)	(15,13)	(15,14)	(15,15)	(15,16)	(15,17)	(15,18)	(15,19)	(15,20)	(15,23)	(16,9)	(16,10)	(16,11)	(16,12)	(16,13)	(16,14)	(16,15)	(16,16)	(16,17)	(16,18)	(16,19)	(17,9)	(17,10)	(17,11)	(17,12)	(17,13)	(17,14)	(17,15)	(17,16)	(17,20)	(18,8)	
(15,23):(1,12)	(2,13)	(2,14)	(2,15)	(3,13)	(3,14)	(3,15)	(3,16)	(4,14)	(4,15)	(4,16)	(5,14)	(5,15)	(5,16)	(5,17)	(6,14)	(6,15)	(6,16)	(6,17)	(7,14)	(7,15)	(7,16)	(7,17)	(7,18)	(8,14)	(8,15)	(8,16)	(8,17)	(8,18)	(8,19)	(9,14)	(9,15)	(9,16)	(9,17)	(9,18)	(9,19)	(9,20)	(9,21)	(10,14)	(10,15)	(10,16)	(10,17)	(10,18)	(10,19)	(10,20)	(10,21)	(11,14)	(11,15)	(11,16)	(11,17)	(11,18)	(11,19)	(11,20)	(11,21)	(11,22)	(11,23)	(12,14)	(12,15)	(12,16)	(12,17)	(12,18)	(12,19)	(12,20)	(12,21)	(12,22)	(13,14)	(13,15)	(13,16)	(13,17)	(13,18)	(13,19)	(13,20)	(13,21)	(13,22)	(14,8)	(14,13)	(14,14)	(14,15)	(14,16)	(14,17)	(14,18)	(14,19)	(14,20)	(14,21)	(14,22)	(15,9)	(15,10)	(15,11)	(15,12)	(15,13)	(15,14)	(15,15)	(15,16)	(15,17)	(15,18)	(15,19)	(15,20)	(15,23)	
(11,23):(11,14)	(11,15)	(11,16)	(11,17)	(11,18)	(11,19)	(11,20)	(11,21)	(11,22)	(11,23)	(12,14)	(12,15)	(12,16)	(12,17)	(12,18)	(12,19)	(12,20)	(12,21)	(12,22)	(13,14)	(13,15)	(13,16)	(13,17)	(13,18)	(13,19)	(13,20)	(13,21)	(13,22)	(14,13)	(14,14)	(14,15)	(14,16)	(14,17)	(14,18)	(14,19)	(14,20)	(14,21)	(14,22)	(15,10)	(15,11)	(15,12)	(15,13)	(15,14)	(15,15)	(15,16)	(15,17)	(15,18)	(15,19)	(15,20)	(15,23)	(16,9)	(16,10)	(16,11)	(16,12)	(16,13)	(16,14)	(16,15)	(16,16)	(16,17)	(16,18)	(16,19)	(17,9)	(17,10)	(17,11)	(17,12)	(17,13)	(17,14)	(17,15)	(17,16)	(18,8)	
(11,22):(1,12)	(2,12)	(2,13)	(3,13)	(3,14)	(4,14)	(4,15)	(5,14)	(5,15)	(5,16)	(6,14)	(6,15)	(6,16)	(6,17)	(7,14)	(7,15)	(7,16)	(7,17)	(7,18)	(8,14)	(8,15)	(8,16)	(8,17)	(8,18)	(8,19)	(8,22)	(9,14)	(9,15)	(9,16)	(9,17)	(9,18)	(9,19)	(9,20)	(9,21)	(10,14)	(10,15)	(10,16)	(10,17)	(10,18)	(10,19)	(10,20)	(10,21)	(11,14)	(11,15)	(11,16)	(11,17)	(11,18)	(11,19)	(11,20)	(11,21)	(11,22)	(11,23)	(12,14)	(12,15)	(12,16)	(12,17)	(12,18)	(12,19)	(12,20)	(12,21)	(12,22)	(13,14)	(13,15)	(13,16)	(13,17)	(13,18)	(13,19)	(13,20)	(13,21)	(13,22)	(14,13)	(14,14)	(14,15)	(14,16)	(14,17)	(14,18)	(14,19)	(14,20)	(14,21)	(14,22)	(15,10)	(15,11)	(15,12)	(15,13)	(15,14)	(15,15)	(15,16)	(15,17)	(15,18)	(15,19)	(15,20)	(15,23)	(16,9)	(16,10)	(16,11)	(16,12)	(16,13)	(16,14)	(16,15)	(16,16)	(16,17)	(16,18)	(16,19)	(17,9)	(17,10)	(17,11)	(17,12)	(17,13)	(17,14)	(17,15)	(17,16)	(18,8)	
(8,22):(8,14)	(8,15)	(8,16)	(8,17)	(8,18)	(8,19)	(8,22)	(9,14)	(9,15)	(9,16)	(9,17)	(9,18)	(9,19)	(9,20)	(9,21)	(10,14)	(10,15)	(10,16)	(10,17)	(10,18)	(10,19)	(10,20)	(10,21)	(11,14)	(11,15)	(11,16)	(11,17)	(11,18)	(11,19)	(11,20)	(11,21)	(11,22)	(12,14)	(12,15)	(12,16)	(12,17)	(12,18)	(12,19)	(12,20)	(12,21)	(12,22)	(13,14)	(13,15)	(13,16)	(13,17)	(13,18)	(13,19)	(13,20)	(13,21)	(13,22)	(14,13)	(14,14)	(14,15)	(14,16)	(14,17)	(14,18)	(14,19)	(14,20)	(14,21)	(14,22)	(15,12)	(15,13)	(15,14)	(15,15)	(15,16)	(15,17)	(15,18)	(15,19)	(15,20)	(16,10)	(16,11)	(16,12)	(16,13)	(16,14)	(16,15)	(16,16)	(16,17)	(16,18)	(16,19)	(17,9)	(17,10)	(17,11)	(17,12)	(17,13)	(17,14)	(17,15)	(17,16)	(18,8)	
(8,19):(1,12)	(2,12)	(2,13)	(2,14)	(2,15)	(2,16)	(3,13)	(3,14)	(3,15)	(3,16)	(4,14)	(4,15)	(4,16)	(4,17)	(5,14)	(5,15)	(5,16)	(5,17)	(6,14)	(6,15)	(6,16)	(6,17)	(6,18)	(6,19)	(7,14)	(7,15)	(7,16)	(7,17)	(7,18)	(8,14)	(8,15)	(8,16)	(8,17)	(8,18)	(8,19)	(8,22)	(9,14)	(9,15)	(9,16)	(9,17)	(9,18)	(9,19)	(9,20)	(9,21)	(10,14)	(10,15)	(10,16)	(10,17)	(10,18)	(10,19)	(10,20)	(10,21)	(11,14)	(11,15)	(11,16)	(11,17)	(11,18)	(11,19)	(11,20)	(11,21)	(11,22)	(12,14)	(12,15)	(12,16)	(12,17)	(12,18)	(12,19)	(12,20)	(12,21)	(12,22)	(13,14)	(13,15)	(13,16)	(13,17)	(13,18)	(13,19)	(13,20)	(13,21)	(13,22)	(14,13)	(14,14)	(14,15)	(14,16)	(14,17)	(14,18)	(14,19)	(14,20)	(14,21)	(14,22)	(15,12)	(15,13)	(15,14)	(15,15)	(15,16)	(15,17)	(15,18)	(15,19)	(15,20)	(15,23)	(16,11)	(16,12)	(16,13)	(16,14)	(16,15)	(16,16)	(16,17)	(16,18)	(16,19)	(17,10)	(17,11)	(17,12)	(17,13)	(17,14)	(17,15)	(17,16)	(17,20)	
(6,19):(6,14)	(6,15)	(6,16)	(6,17)	(6,18)	(6,19)	(7,14)	(7,15)	(7,16)	(7,17)	(7,18)	(8,14)	(8,15)	(8,16)	(8,17)	(8,18)	(8,19)	(9,14)	(9,15)	(9,16)	(9,17)	(9,18)	(9,19)	(10,14)	(10,15)	(10,16)	(10,17)	(10,18)	(10,19)	(11,14)	(11,15)	(11,16)	(11,17)	(11,18)	(11,19)	(12,14)	(12,15)	(12,16)	(12,17)	(12,18)	(12,19)	(13,14)	(13,15)	(13,16)	(13,17)	(13,18)	(13,19)	(14,13)	(14,14)	(14,15)	(14,16)	(14,17)	(14,18)	(14,19)	(15,13)	(15,14)	(15,15)	(15,16)	(15,17)	(15,18)	(15,19)	(16,12)	(16,13)	(16,14)	(16,15)	(16,16)	(16,17)	(16,18)	(16,19)	(17,11)	(17,12)	(17,13)	(17,14)	(17,15)	(17,16)	
(6,18):(1,12)	(2,12)	(2,13)	(2,14)	(2,15)	(2,16)	(2,17)	(2,18)	(3,13)	(3,14)	(3,15)	(3,16)	(3,17)	(3,18)	(4,14)	(4,15)	(4,16)	(4,17)	(4,18)	(5,14)	(5,15)	(5,16)	(5,17)	(5,18)	(6,14)	(6,15)	(6,16)	(6,17)	(6,18)	(6,19)	(7,14)	(7,15)	(7,16)	(7,17)	(7,18)	(8,14)	(8,15)	(8,16)	(8,17)	(8,18)	(8,19)	(9,14)	(9,15)	(9,16)	(9,17)	(9,18)	(9,19)	(10,14)	(10,15)	(10,16)	(10,17)	(10,18)	(10,19)	(10,20)	(11,14)	(11,15)	(11,16)	(11,17)	(11,18)	(11,19)	(11,20)	(12,14)	(12,15)	(12,16)	(12,17)	(12,18)	(12,19)	(12,20)	(12,21)	(13,14)	(13,15)	(13,16)	(13,17)	(13,18)	(13,19)	(13,20)	(13,21)	(14,13)	(14,14)	(14,15)	(14,16)	(14,17)	(14,18)	(14,19)	(14,20)	(14,21)	(14,22)	(15,13)	(15,14)	(15,15)	(15,16)	(15,17)	(15,18)	(15,19)	(15,20)	(16,12)	(16,13)	(16,14)	(16,15)	(16,16)	(16,17)	(16,18)	(16,19)	(17,12)	(17,13)	(17,14)	(17,15)	(17,16)	(17,20)	
(5,18):(1,12)	(1,21)	(2,12)	(2,13)	(2,14)	(2,15)	(2,16)	(2,17)	(2,18)	(2,19)	(2,20)	(3,13)	(3,14)	(3,15)	(3,16)	(3,17)	(3,18)	(3,19)	(3,20)	(4,14)	(4,15)	(4,16)	(4,17)	(4,18)	(4,19)	(4,20)	(4,21)	(4,24)	(5,14)	(5,15)	(5,16)	(5,17)	(5,18)	(5,24)	(6,14)	(6,15)	(6,16)	(6,17)	(6,18)	(7,14)	(7,15)	(7,16)	(7,17)	(7,18)	(8,14)	(8,15)	(8,16)	(8,17)	(8,18)	(9,14)	(9,15)	(9,16)	(9,17)	(9,18)	(10,14)	(10,15)	(10,16)	(10,17)	(10,18)	(11,14)	(11,15)	(11,16)	(11,17)	(11,18)	(12,14)	(12,15)	(12,16)	(12,17)	(12,18)	(13,14)	(13,15)	(13,16)	(13,17)	(13,18)	(14,13)	(14,14)	(14,15)	(14,16)	(14,17)	(14,18)	(15,13)	(15,14)	(15,15)	(15,16)	(15,17)	(15,18)	(16,12)	(16,13)	(16,14)	(16,15)	(16,16)	(16,17)	(16,18)	(17,12)	(17,13)	(17,14)	(17,15)	(17,16)	
(5,24):(1,12)	(2,12)	(2,13)	(2,14)	(2,15)	(3,13)	(3,14)	(3,15)	(3,16)	(3,17)	(3,18)	(4,14)	(4,15)	(4,16)	(4,17)	(4,18)	(4,19)	(4,20)	(4,21)	(4,24)	(5,14)	(5,15)	(5,16)	(5,17)	(5,18)	(5,24)	
(4,24):(4,14)	(4,15)	(4,16)	(4,17)	(4,18)	(4,19)	(4,20)	(4,21)	(4,24)	(5,14)	(5,15)	(5,16)	(5,17)	(5,18)	(5,24)	
(4,21):(1,12)	(1,21)	(2,7)	(2,12)	(2,13)	(2,14)	(2,15)	(2,16)	(2,17)	(2,18)	(2,19)	(2,20)	(3,13)	(3,14)	(3,15)	(3,16)	(3,17)	(3,18)	(3,19)	(3,20)	(4,14)	(4,15)	(4,16)	(4,17)	(4,18)	(4,19)	(4,20)	(4,21)	(4,24)	(5,14)	(5,15)	(5,16)	(5,17)	(5,18)	(5,24)	(6,14)	(6,15)	
(1,21):(1,12)	(1,21)	(2,12)	(2,13)	(2,14)	(2,15)	(2,16)	(2,17)	(2,18)	(2,19)	(2,20)	(3,8)	(3,9)	(3,10)	(3,13)	(3,14)	(3,15)	(3,16)	(3,17)	(3,18)	(3,19)	(3,20)	(4,14)	(4,15)	(4,16)	(4,17)	(4,18)	(4,19)	(4,20)	(4,21)	(5,14)	(5,15)	(5,16)	(5,17)	(5,18)	(6,14)	(6,15)	(6,16)	(6,17)	(7,14)	(7,15)	(7,16)	(8,14)	(8,15)	(9,14)	(9,15)	(10,14)	
(1,12):(1,12)	(1,21)	(2,12)	(2,13)	(2,14)	(2,15)	(2,16)	(2,17)	(2,18)	(2,19)	(2,20)	(3,13)	(3,14)	(3,15)	(3,16)	(3,17)	(3,18)	(3,19)	(3,20)	(4,14)	(4,15)	(4,16)	(4,17)	(4,18)	(4,19)	(4,20)	(4,21)	(5,14)	(5,15)	(5,16)	(5,17)	(5,18)	(5,24)	(6,15)	(6,16)	(6,17)	(6,18)	(7,15)	(7,16)	(7,17)	(7,18)	(8,16)	(8,17)	(8,18)	(8,19)	(9,16)	(9,17)	(9,18)	(9,19)	(9,20)	(10,17)	(10,18)	(10,19)	(10,20)	(10,21)	(11,17)	(11,18)	(11,19)	(11,20)	(11,21)	(11,22)	(12,18)	(12,19)	(12,20)	(12,21)	(12,22)	(13,18)	(13,19)	(13,20)	(13,21)	(13,22)	(14,19)	(14,20)	(14,21)	(14,22)	(15,19)	(15,20)	(15,23)	(17,20)	
(2,12):(1,12)	(1,21)	(2,7)	(2,12)	(2,13)	(2,14)	(2,15)	(2,16)	(2,17)	(2,18)	(2,19)	(2,20)	(3,8)	(3,9)	(3,10)	(3,13)	(3,14)	(3,15)	(3,16)	(3,17)	(3,18)	(3,19)	(3,20)	(4,8)	(4,14)	(4,15)	(4,16)	(4,17)	(4,18)	(4,19)	(4,20)	(4,21)	(5,15)	(5,16)	(5,17)	(5,18)	(5,24)	(6,16)	(6,17)	(6,18)	(7,17)	(7,18)	(8,18)	(8,19)	(9,19)	(9,20)	(10,20)	(10,21)	(11,21)	(11,22)	(12,22)	
(2,7):(2,7)	(2,12)	(2,13)	(2,14)	(2,15)	(2,16)	(2,17)	(2,18)	(2,19)	(2,20)	(3,8)	(3,9)	(3,10)	(3,13)	(3,14)	(3,15)	(3,16)	(3,17)	(3,18)	(3,19)	(3,20)	(4,8)	(4,9)	(4,19)	(4,20)	(4,21)	(5,8)	(5,9)	(6,8)	(6,9)	(7,8)	(7,9)	(8,8)	(8,9)	(9,7)	(9,8)	(9,9)	(10,7)	(10,8)	(10,9)	(11,7)	(11,8)	(11,9)	(12,10)	
(9,7):(2,7)	(3,8)	(3,9)	(3,10)	(4,8)	(4,9)	(5,8)	(5,9)	(6,8)	(6,9)	(7,8)	(7,9)	(8,8)	(8,9)	(9,5)	(9,6)	(9,7)	(9,8)	(9,9)	(10,5)	(10,6)	(10,7)	(10,8)	(10,9)	(11,5)	(11,6)	(11,7)	(11,8)	(11,9)	(12,5)	(12,10)	(13,4)	(15,3)	
(9,6):(7,4)	(7,6)	(8,5)	(9,5)	(9,6)	(9,7)	(9,8)	(9,9)	(10,5)	(10,6)	(10,7)	(10,8)	(10,9)	(11,5)	(11,6)	(11,7)	(11,8)	(11,9)	(12,5)	(12,10)	(13,4)	(14,4)	(15,3)	(15,4)	(16,3)	
(7,6):(7,4)	(7,6)	(8,5)	(9,5)	(9,6)	(10,5)	(10,6)	(11,5)	(11,6)	(12,5)	(13,4)	(14,4)	(15,4)	(16,3)	(16,4)	(17,4)	
(7,4):(7,4)	(7,6)	(8,5)	(9,5)	(9,6)	(10,5)	(10,6)	(10,7)	(11,5)	(11,6)	(11,7)	(11,8)	(12,5)	(13,4)	(14,4)	(15,4)	(16,4)	(17,4)	(18,4)	(19,4)	(20,4)	(21,4)	(22,4)	(22,5)	(23,4)	(23,5)	
(13,4):(7,4)	(7,6)	(7,9)	(8,5)	(8,8)	(8,9)	(9,5)	(9,6)	(9,7)	(9,8)	(10,5)	(10,6)	(10,7)	(11,5)	(11,6)	(12,5)	(13,2)	(13,4)	(14,2)	(14,3)	(14,4)	(15,2)	(15,3)	(15,4)	(16,1)	(16,3)	(16,4)	(17,4)	(18,4)	(19,4)	(20,4)	(21,4)	(22,4)	(22,5)	(23,4)	(23,5)	(24,3)	
(13,2):(10,1)	(10,2)	(13,2)	(13,4)	(14,2)	(14,3)	(14,4)	(15,2)	(15,3)	(15,4)	(16,1)	(16,3)	(16,4)	(17,4)	(18,4)	(19,4)	(22,5)	
(10,2):(10,1)	(10,2)	(13,2)	(14,2)	(15,2)	(16,1)	
(10,1):(10,1)	(10,2)	(13,2)	(14,2)	(15,2)	(16,1)	(16,3)	
(16,1):(10,1)	(10,2)	(12,5)	(13,2)	(13,4)	(14,2)	(14,3)	(14,4)	(15,2)	(15,3)	(15,4)	(16,1)	(16,3)	(16,4)	
(16,3):(7,6)	(9,6)	(10,1)	(10,5)	(10,6)	(11,5)	(12,5)	(13,2)	(13,4)	(14,2)	(14,3)	(14,4)	(15,2)	(15,3)	(15,4)	(16,1)	(16,3)	(16,4)	(17,4)	(18,4)	(19,4)	(20,4)	(21,4)	(22,4)	(22,5)	(23,4)	(23,5)	(24,3)	
(24,3):(8,5)	(9,5)	(10,5)	(11,5)	(12,5)	(13,4)	(14,3)	(14,4)	(15,3)	(15,4)	(16,3)	(16,4)	(17,4)	(18,4)	(19,4)	(20,4)	(21,4)	(22,4)	(22,5)	(22,14)	(23,4)	(23,5)	(23,6)	(23,7)	(23,8)	(23,9)	(24,3)	(24,9)	
(24,9):(22,4)	(22,5)	(23,4)	(23,5)	(23,6)	(23,7)	(23,8)	(23,9)	(24,3)	(24,9)	
(23,9):(22,4)	(22,5)	(22,14)	(23,4)	(23,5)	(23,6)	(23,7)	(23,8)	(23,9)	(23,15)	(24,3)	(24,9)	
(23,15):(20,14)	(20,15)	(21,15)	(22,4)	(22,5)	(22,14)	(23,4)	(23,5)	(23,6)	(23,7)	(23,8)	(23,9)	(23,15)	
(21,15):9.000000
(21,17):7.500000
(19,17):9.500000
(19,11):7.500000
(20,11):6.000000
(20,14):11.000000
(22,14):20.500000
(22,5):43.500000
(12,5):53.250000
(12,10):40.500000
(3,10):51.250000
(3,13):137.943054
(14,13):145.444443
(14,8):47.000000
(18,8):79.375000
(18,16):71.400002
(17,16):140.511902
(17,20):113.505051
(15,20):138.079361
(15,23):100.275002
(11,23):71.166664
(11,22):117.395836
(8,22):90.761902
(8,19):123.683334
(6,19):74.863640
(6,18):114.992424
(5,18):104.611115
(5,24):25.250000
(4,24):13.083333
(4,21):43.916668
(1,21):55.095959
(1,12):79.083336
(2,12):52.609524
(2,7):47.440475
(9,7):41.291668
(9,6):26.250000
(7,6):17.500000
(7,4):26.633333
(13,4):44.722221
(13,2):21.000000
(10,2):6.000000
(10,1):7.500000
(16,1):15.500000
(16,3):34.416668
(24,3):39.537880
(24,9):13.000000
(23,9):18.600000
(23,15):15.366667
(21,15),(21,17):6.500000
(21,15),(19,17):7.000000
(21,15),(19,11):5.000000
(21,15),(20,11):3.500000
(21,15),(20,14):8.500000
(21,15),(22,14):6.500000
(21,15),(22,5):1.500000
(21,15),(12,5):0.000000
(21,15),(12,10):0.000000
(21,15),(3,10):0.000000
(21,15),(3,13):0.000000
(21,15),(14,13):0.000000
(21,15),(14,8):0.000000
(21,15),(18,8):0.000000
(21,15),(18,16):0.000000
(21,15),(17,16):0.000000
(21,15),(17,20):0.000000
(21,15),(15,20):0.000000
(21,15),(15,23):0.000000
(21,15),(11,23):0.000000
(21,15),(11,22):0.000000
(21,15),(8,22):0.000000
(21,15),(8,19):0.000000
(21,15),(6,19):0.000000
(21,15),(6,18):0.000000
(21,15),(5,18):0.000000
(21,15),(5,24):0.000000
(21,15),(4,24):0.000000
(21,15),(4,21):0.000000
(21,15),(1,21):0.000000
(21,15),(1,12):0.000000
(21,15),(2,12):0.000000
(21,15),(2,7):0.000000
(21,15),(9,7):0.000000
(21,15),(9,6):0.000000
(21,15),(7,6):0.000000
(21,15),(7,4):0.000000
(21,15),(13,4):0.000000
(21,15),(13,2):0.000000
(21,15),(10,2):0.000000
(21,15),(10,1):0.000000
(21,15),(16,1):0.000000
(21,15),(16,3):0.000000
(21,15),(24,3):0.190909
(21,15),(24,9):0.000000
(21,15),(23,9):1.600000
(21,15),(23,15):4.666667
(21,17),(19,17):7.500000
(21,17),(19,11):6.000000
(21,17),(20,11):4.500000
(21,17),(20,14):7.500000
(21,17),(22,14):4.000000
(21,17),(22,5):0.000000
(21,17),(12,5):0.000000
(21,17),(12,10):0.000000
(21,17),(3,10):0.000000
(21,17),(3,13):0.000000
(21,17),(14,13):0.000000
(21,17),(14,8):0.000000
(21,17),(18,8):0.000000
(21,17),(18,16):0.000000
(21,17),(17,16):0.000000
(21,17),(17,20):0.000000
(21,17),(15,20):0.000000
(21,17),(15,23):0.000000
(21,17),(11,23):0.000000
(21,17),(11,22):0.000000
(21,17),(8,22):0.000000
(21,17),(8,19):0.000000
(21,17),(6,19):0.000000
(21,17),(6,18):0.000000
(21,17),(5,18):0.000000
(21,17),(5,24):0.000000
(21,17),(4,24):0.000000
(21,17),(4,21):0.000000
(21,17),(1,21):0.000000
(21,17),(1,12):0.000000
(21,17),(2,12):0.000000
(21,17),(2,7):0.000000
(21,17),(9,7):0.000000
(21,17),(9,6):0.000000
(21,17),(7,6):0.000000
(21,17),(7,4):0.000000
(21,17),(13,4):0.000000
(21,17),(13,2):0.000000
(21,17),(10,2):0.000000
(21,17),(10,1):0.000000
(21,17),(16,1):0.000000
(21,17),(16,3):0.000000
(21,17),(24,3):0.000000
(21,17),(24,9):0.000000
(21,17),(23,9):0.000000
(21,17),(23,15):2.166667
(19,17),(19,11):7.500000
(19,17),(20,11):6.000000
(19,17),(20,14):9.500000
(19,17),(22,14):4.500000
(19,17),(22,5):0.000000
(19,17),(12,5):0.000000
(19,17),(12,10):0.000000
(19,17),(3,10):0.000000
(19,17),(3,13):0.000000
(19,17),(14,13):0.000000
(19,17),(14,8):0.000000
(19,17),(18,8):0.000000
(19,17),(18,16):0.000000
(19,17),(17,16):0.000000
(19,17),(17,20):0.000000
(19,17),(15,20):0.000000
(19,17),(15,23):0.000000
(19,17),(11,23):0.000000
(19,17),(11,22):0.000000
(19,17),(8,22):0.000000
(19,17),(8,19):0.000000
(19,17),(6,19):0.000000
(19,17),(6,18):0.000000
(19,17),(5,18):0.000000
(19,17),(5,24):0.000000
(19,17),(4,24):0.000000
(19,17),(4,21):0.000000
(19,17),(1,21):0.000000
(19,17),(1,12):0.000000
(19,17),(2,12):0.000000
(19,17),(2,7):0.000000
(19,17),(9,7):0.000000
(19,17),(9,6):0.000000
(19,17),(7,6):0.000000
(19,17),(7,4):0.000000
(19,17),(13,4):0.000000
(19,17),(13,2):0.000000
(19,17),(10,2):0.000000
(19,17),(10,1):0.000000
(19,17),(16,1):0.000000
(19,17),(16,3):0.000000
(19,17),(24,3):0.000000
(19,17),(24,9):0.000000
(19,17),(23,9):0.000000
(19,17),(23,15):2.666667
(19,11),(20,11):6.000000
(19,11),(20,14):7.500000
(19,11),(22,14):3.000000
(19,11),(22,5):0.000000
(19,11),(12,5):0.000000
(19,11),(12,10):0.000000
(19,11),(3,10):0.000000
(19,11),(3,13):0.000000
(19,11),(14,13):0.000000
(19,11),(14,8):0.000000
(19,11),(18,8):0.000000
(19,11),(18,16):0.000000
(19,11),(17,16):0.000000
(19,11),(17,20):0.000000
(19,11),(15,20):0.000000
(19,11),(15,23):0.000000
(19,11),(11,23):0.000000
(19,11),(11,22):0.000000
(19,11),(8,22):0.000000
(19,11),(8,19):0.000000
(19,11),(6,19):0.000000
(19,11),(6,18):0.000000
(19,11),(5,18):0.000000
(19,11),(5,24):0.000000
(19,11),(4,24):0.000000
(19,11),(4,21):0.000000
(19,11),(1,21):0.000000
(19,11),(1,12):0.000000
(19,11),(2,12):0.000000
(19,11),(2,7):0.000000
(19,11),(9,7):0.000000
(19,11),(9,6):0.000000
(19,11),(7,6):0.000000
(19,11),(7,4):0.000000
(19,11),(13,4):0.000000
(19,11),(13,2):0.000000
(19,11),(10,2):0.000000
(19,11),(10,1):0.000000
(19,11),(16,1):0.000000
(19,11),(16,3):0.000000
(19,11),(24,3):0.000000
(19,11),(24,9):0.000000
(19,11),(23,9):0.000000
(19,11),(23,15):1.333333
(20,11),(20,14):6.000000
(20,11),(22,14):2.500000
(20,11),(22,5):0.000000
(20,11),(12,5):0.000000
(20,11),(12,10):0.000000
(20,11),(3,10):0.000000
(20,11),(3,13):0.000000
(20,11),(14,13):0.000000
(20,11),(14,8):0.000000
(20,11),(18,8):0.000000
(20,11),(18,16):0.000000
(20,11),(17,16):0.000000
(20,11),(17,20):0.000000
(20,11),(15,20):0.000000
(20,11),(15,23):0.000000
(20,11),(11,23):0.000000
(20,11),(11,22):0.000000
(20,11),(8,22):0.000000
(20,11),(8,19):0.000000
(20,11),(6,19):0.000000
(20,11),(6,18):0.000000
(20,11),(5,18):0.000000
(20,11),(5,24):0.000000
(20,11),(4,24):0.000000
(20,11),(4,21):0.000000
(20,11),(1,21):0.000000
(20,11),(1,12):0.000000
(20,11),(2,12):0.000000
(20,11),(2,7):0.000000
(20,11),(9,7):0.000000
(20,11),(9,6):0.000000
(20,11),(7,6):0.000000
(20,11),(7,4):0.000000
(20,11),(13,4):0.000000
(20,11),(13,2):0.000000
(20,11),(10,2):0.000000
(20,11),(10,1):0.000000
(20,11),(16,1):0.000000
(20,11),(16,3):0.000000
(20,11),(24,3):0.000000
(20,11),(24,9):0.000000
(20,11),(23,9):0.000000
(20,11),(23,15):1.166667
(20,14),(22,14):6.000000
(20,14),(22,5):1.000000
(20,14),(12,5):0.000000
(20,14),(12,10):0.000000
(20,14),(3,10):0.000000
(20,14),(3,13):0.000000
(20,14),(14,13):0.000000
(20,14),(14,8):0.000000
(20,14),(18,8):0.000000
(20,14),(18,16):0.000000
(20,14),(17,16):0.000000
(20,14),(17,20):0.000000
(20,14),(15,20):0.000000
(20,14),(15,23):0.000000
(20,14),(11,23):0.000000
(20,14),(11,22):0.000000
(20,14),(8,22):0.000000
(20,14),(8,19):0.000000
(20,14),(6,19):0.000000
(20,14),(6,18):0.000000
(20,14),(5,18):0.000000
(20,14),(5,24):0.000000
(20,14),(4,24):0.000000
(20,14),(4,21):0.000000
(20,14),(1,21):0.000000
(20,14),(1,12):0.000000
(20,14),(2,12):0.000000
(20,14),(2,7):0.000000
(20,14),(9,7):0.000000
(20,14),(9,6):0.000000
(20,14),(7,6):0.000000
(20,14),(7,4):0.000000
(20,14),(13,4):0.000000
(20,14),(13,2):0.000000
(20,14),(10,2):0.000000
(20,14),(10,1):0.000000
(20,14),(16,1):0.000000
(20,14),(16,3):0.000000
(20,14),(24,3):0.174242
(20,14),(24,9):0.000000
(20,14),(23,9):1.100000
(20,14),(23,15):4.166667
(22,14),(22,5):15.500000
(22,14),(12,5):3.900000
(22,14),(12,10):0.000000
(22,14),(3,10):0.000000
(22,14),(3,13):0.000000
(22,14),(14,13):0.000000
(22,14),(14,8):0.000000
(22,14),(18,8):0.000000
(22,14),(18,16):0.000000
(22,14),(17,16):0.000000
(22,14),(17,20):0.000000
(22,14),(15,20):0.000000
(22,14),(15,23):0.000000
(22,14),(11,23):0.000000
(22,14),(11,22):0.000000
(22,14),(8,22):0.000000
(22,14),(8,19):0.000000
(22,14),(6,19):0.000000
(22,14),(6,18):0.000000
(22,14),(5,18):0.000000
(22,14),(5,24):0.000000
(22,14),(4,24):0.000000
(22,14),(4,21):0.000000
(22,14),(1,21):0.000000
(22,14),(1,12):0.000000
(22,14),(2,12):0.000000
(22,14),(2,7):0.000000
(22,14),(9,7):0.000000
(22,14),(9,6):0.000000
(22,14),(7,6):0.000000
(22,14),(7,4):2.006579
(22,14),(13,4):4.076087
(22,14),(13,2):0.000000
(22,14),(10,2):0.000000
(22,14),(10,1):0.000000
(22,14),(16,1):0.000000
(22,14),(16,3):4.406250
(22,14),(24,3):12.590909
(22,14),(24,9):9.500000
(22,14),(23,9):15.600000
(22,14),(23,15):15.000000
(22,5),(12,5):28.000000
(22,5),(12,10):4.125000
(22,5),(3,10):0.000000
(22,5),(3,13):0.000000
(22,5),(14,13):0.000000
(22,5),(14,8):0.000000
(22,5),(18,8):0.000000
(22,5),(18,16):0.000000
(22,5),(17,16):0.000000
(22,5),(17,20):0.000000
(22,5),(15,20):0.000000
(22,5),(15,23):0.000000
(22,5),(11,23):0.000000
(22,5),(11,22):0.000000
(22,5),(8,22):0.000000
(22,5),(8,19):0.000000
(22,5),(6,19):0.000000
(22,5),(6,18):0.000000
(22,5),(5,18):0.000000
(22,5),(5,24):0.000000
(22,5),(4,24):0.000000
(22,5),(4,21):0.000000
(22,5),(1,21):0.000000
(22,5),(1,12):0.000000
(22,5),(2,12):0.000000
(22,5),(2,7):0.000000
(22,5),(9,7):4.542735
(22,5),(9,6):9.100000
(22,5),(7,6):12.500000
(22,5),(7,4):17.133333
(22,5),(13,4):29.722221
(22,5),(13,2):13.500000
(22,5),(10,2):0.000000
(22,5),(10,1):0.000000
(22,5),(16,1):8.000000
(22,5),(16,3):25.666666
(22,5),(24,3):37.363636
(22,5),(24,9):13.000000
(22,5),(23,9):18.500000
(22,5),(23,15):12.200000
(12,5),(12,10):26.250000
(12,5),(3,10):18.000000
(12,5),(3,13):0.000000
(12,5),(14,13):0.000000
(12,5),(14,8):0.000000
(12,5),(18,8):0.000000
(12,5),(18,16):0.000000
(12,5),(17,16):0.000000
(12,5),(17,20):0.000000
(12,5),(15,20):0.000000
(12,5),(15,23):0.000000
(12,5),(11,23):0.000000
(12,5),(11,22):0.000000
(12,5),(8,22):0.000000
(12,5),(8,19):0.000000
(12,5),(6,19):0.000000
(12,5),(6,18):0.000000
(12,5),(5,18):0.000000
(12,5),(5,24):0.000000
(12,5),(4,24):0.000000
(12,5),(4,21):0.000000
(12,5),(1,21):0.000000
(12,5),(1,12):0.000000
(12,5),(2,12):0.000000
(12,5),(2,7):15.750000
(12,5),(9,7):26.791666
(12,5),(9,6):26.250000
(12,5),(7,6):17.500000
(12,5),(7,4):26.500000
(12,5),(13,4):40.000000
(12,5),(13,2):13.500000
(12,5),(10,2):0.500000
(12,5),(10,1):1.500000
(12,5),(16,1):8.000000
(12,5),(16,3):27.750000
(12,5),(24,3):27.946970
(12,5),(24,9):5.000000
(12,5),(23,9):4.500000
(12,5),(23,15):2.200000
(12,10),(3,10):32.250000
(12,10),(3,13):3.000000
(12,10),(14,13):0.000000
(12,10),(14,8):0.000000
(12,10),(18,8):0.000000
(12,10),(18,16):0.000000
(12,10),(17,16):0.000000
(12,10),(17,20):0.000000
(12,10),(15,20):0.000000
(12,10),(15,23):0.000000
(12,10),(11,23):0.000000
(12,10),(11,22):0.000000
(12,10),(8,22):0.000000
(12,10),(8,19):0.000000
(12,10),(6,19):0.000000
(12,10),(6,18):0.000000
(12,10),(5,18):0.000000
(12,10),(5,24):0.568182
(12,10),(4,24):0.000000
(12,10),(4,21):1.312500
(12,10),(1,21):2.651515
(12,10),(1,12):0.000000
(12,10),(2,12):5.250000
(12,10),(2,7):30.000000
(12,10),(9,7):39.000000
(12,10),(9,6):19.500000
(12,10),(7,6):7.500000
(12,10),(7,4):12.000000
(12,10),(13,4):13.000000
(12,10),(13,2):0.000000
(12,10),(10,2):0.000000
(12,10),(10,1):0.000000
(12,10),(16,1):0.000000
(12,10),(16,3):2.883333
(12,10),(24,3):3.924887
(12,10),(24,9):0.000000
(12,10),(23,9):0.000000
(12,10),(23,15):0.000000
(3,10),(3,13):22.000000
(3,10),(14,13):13.083333
(3,10),(14,8):0.000000
(3,10),(18,8):0.000000
(3,10),(18,16):5.954545
(3,10),(17,16):10.967742
(3,10),(17,20):8.745455
(3,10),(15,20):8.480287
(3,10),(15,23):5.554622
(3,10),(11,23):0.000000
(3,10),(11,22):1.229167
(3,10),(8,22):0.000000
(3,10),(8,19):6.600000
(3,10),(6,19):0.000000
(3,10),(6,18):10.833333
(3,10),(5,18):17.250000
(3,10),(5,24):7.150000
(3,10),(4,24):0.000000
(3,10),(4,21):19.750000
(3,10),(1,21):21.429293
(3,10),(1,12):17.000000
(3,10),(2,12):24.250000
(3,10),(2,7):41.000000
(3,10),(9,7):32.500000
(3,10),(9,6):11.250000
(3,10),(7,6):0.250000
(3,10),(7,4):4.083333
(3,10),(13,4):5.000000
(3,10),(13,2):0.000000
(3,10),(10,2):0.000000
(3,10),(10,1):0.000000
(3,10),(16,1):0.000000
(3,10),(16,3):0.000000
(3,10),(24,3):0.000000
(3,10),(24,9):0.000000
(3,10),(23,9):0.000000
(3,10),(23,15):0.000000
(3,13),(14,13):120.949997
(3,13),(14,8):27.000000
(3,13),(18,8):55.639740
(3,13),(18,16):51.400002
(3,13),(17,16):116.017464
(3,13),(17,20):97.893936
(3,13),(15,20):113.717506
(3,13),(15,23):92.166084
(3,13),(11,23):54.472221
(3,13),(11,22):97.368057
(3,13),(8,22):75.345238
(3,13),(8,19):111.633331
(3,13),(6,19):68.563637
(3,13),(6,18):109.692421
(3,13),(5,18):99.604164
(3,13),(5,24):24.687500
(3,13),(4,24):12.520833
(3,13),(4,21):43.354168
(3,13),(1,21):54.277779
(3,13),(1,12):79.083336
(3,13),(2,12):50.359524
(3,13),(2,7):20.440475
(3,13),(9,7):3.250000
(3,13),(9,6):0.000000
(3,13),(7,6):0.000000
(3,13),(7,4):0.000000
(3,13),(13,4):0.000000
(3,13),(13,2):0.000000
(3,13),(10,2):0.000000
(3,13),(10,1):0.000000
(3,13),(16,1):0.000000
(3,13),(16,3):0.000000
(3,13),(24,3):0.000000
(3,13),(24,9):0.000000
(3,13),(23,9):0.000000
(3,13),(23,15):0.000000
(14,13),(14,8):47.000000
(14,13),(18,8):79.375000
(14,13),(18,16):71.000000
(14,13),(17,16):140.083328
(14,13),(17,20):112.505051
(14,13),(15,20):136.936508
(14,13),(15,23):98.875000
(14,13),(11,23):71.166664
(14,13),(11,22):116.333336
(14,13),(8,22):90.761902
(14,13),(8,19):122.083336
(14,13),(6,19):74.863640
(14,13),(6,18):113.159088
(14,13),(5,18):91.805557
(14,13),(5,24):15.104167
(14,13),(4,24):7.361111
(14,13),(4,21):28.611111
(14,13),(1,21):41.111111
(14,13),(1,12):68.027779
(14,13),(2,12):33.803967
(14,13),(2,7):9.237288
(14,13),(9,7):0.000000
(14,13),(9,6):0.000000
(14,13),(7,6):0.000000
(14,13),(7,4):0.000000
(14,13),(13,4):0.000000
(14,13),(13,2):0.000000
(14,13),(10,2):0.000000
(14,13),(10,1):0.000000
(14,13),(16,1):0.000000
(14,13),(16,3):0.000000
(14,13),(24,3):0.000000
(14,13),(24,9):0.000000
(14,13),(23,9):0.000000
(14,13),(23,15):0.000000
(14,8),(18,8):44.875000
(14,8),(18,16):32.000000
(14,8),(17,16):45.000000
(14,8),(17,20):36.000000
(14,8),(15,20):46.000000
(14,8),(15,23):15.000000
(14,8),(11,23):41.166668
(14,8),(11,22):41.333332
(14,8),(8,22):36.761906
(14,8),(8,19):34.833332
(14,8),(6,19):26.863636
(14,8),(6,18):31.159090
(14,8),(5,18):22.361111
(14,8),(5,24):0.000000
(14,8),(4,24):0.000000
(14,8),(4,21):0.000000
(14,8),(1,21):0.000000
(14,8),(1,12):5.250000
(14,8),(2,12):0.000000
(14,8),(2,7):0.000000
(14,8),(9,7):0.000000
(14,8),(9,6):0.000000
(14,8),(7,6):0.000000
(14,8),(7,4):0.000000
(14,8),(13,4):0.000000
(14,8),(13,2):0.000000
(14,8),(10,2):0.000000
(14,8),(10,1):0.000000
(14,8),(16,1):0.000000
(14,8),(16,3):0.000000
(14,8),(24,3):0.000000
(14,8),(24,9):0.000000
(14,8),(23,9):0.000000
(14,8),(23,15):0.000000
(18,8),(18,16):35.599998
(18,8),(17,16):78.250000
(18,8),(17,20):54.599998
(18,8),(15,20):78.375000
(18,8),(15,23):47.250000
(18,8),(11,23):63.985634
(18,8),(11,22):74.108330
(18,8),(8,22):67.000000
(18,8),(8,19):66.708336
(18,8),(6,19):40.701138
(18,8),(6,18):52.607502
(18,8),(5,18):32.111111
(18,8),(5,24):0.000000
(18,8),(4,24):0.000000
(18,8),(4,21):0.000000
(18,8),(1,21):0.000000
(18,8),(1,12):25.423319
(18,8),(2,12):4.269485
(18,8),(2,7):0.000000
(18,8),(9,7):0.000000
(18,8),(9,6):0.000000
(18,8),(7,6):0.000000
(18,8),(7,4):0.000000
(18,8),(13,4):0.000000
(18,8),(13,2):0.000000
(18,8),(10,2):0.000000
(18,8),(10,1):0.000000
(18,8),(16,1):0.000000
(18,8),(16,3):0.000000
(18,8),(24,3):0.000000
(18,8),(24,9):0.000000
(18,8),(23,9):0.000000
(18,8),(23,15):0.000000
(18,16),(17,16):71.400002
(18,16),(17,20):63.400002
(18,16),(15,20):70.400002
(18,16),(15,23):46.525002
(18,16),(11,23):36.666668
(18,16),(11,22):58.958332
(18,16),(8,22):41.333332
(18,16),(8,19):58.983334
(18,16),(6,19):41.863636
(18,16),(6,18):56.309090
(18,16),(5,18):55.761112
(18,16),(5,24):9.797619
(18,16),(4,24):4.750000
(18,16),(4,21):15.900000
(18,16),(1,21):26.400000
(18,16),(1,12):15.400000
(18,16),(2,12):10.900000
(18,16),(2,7):3.850000
(18,16),(9,7):0.000000
(18,16),(9,6):0.000000
(18,16),(7,6):0.000000
(18,16),(7,4):0.000000
(18,16),(13,4):0.000000
(18,16),(13,2):0.000000
(18,16),(10,2):0.000000
(18,16),(10,1):0.000000
(18,16),(16,1):0.000000
(18,16),(16,3):0.000000
(18,16),(24,3):0.000000
(18,16),(24,9):0.000000
(18,16),(23,9):0.000000
(18,16),(23,15):0.000000
(17,16),(17,20):112.933624
(17,16),(15,20):135.115082
(17,16),(15,23):97.053574
(17,16),(11,23):68.916664
(17,16),(11,22):114.219696
(17,16),(8,22):89.761902
(17,16),(8,19):120.261902
(17,16),(6,19):74.863640
(17,16),(6,18):112.337662
(17,16),(5,18):89.123016
(17,16),(5,24):14.802969
(17,16),(4,24):7.166667
(17,16),(4,21):25.928572
(17,16),(1,21):38.428570
(17,16),(1,12):63.095238
(17,16),(2,12):31.121429
(17,16),(2,7):7.830116
(17,16),(9,7):0.000000
(17,16),(9,6):0.000000
(17,16),(7,6):0.000000
(17,16),(7,4):0.000000
(17,16),(13,4):0.000000
(17,16),(13,2):0.000000
(17,16),(10,2):0.000000
(17,16),(10,1):0.000000
(17,16),(16,1):0.000000
(17,16),(16,3):0.000000
(17,16),(24,3):0.000000
(17,16),(24,9):0.000000
(17,16),(23,9):0.000000
(17,16),(23,15):0.000000
(17,20),(15,20):112.936508
(17,20),(15,23):83.000000
(17,20),(11,23):51.750000
(17,20),(11,22):91.333336
(17,20),(8,22):69.178574
(17,20),(8,19):99.027779
(17,20),(6,19):69.152779
(17,20),(6,18):100.317551
(17,20),(5,18):81.227272
(17,20),(5,24):14.219941
(17,20),(4,24):6.807932
(17,20),(4,21):22.979654
(17,20),(1,21):35.467110
(17,20),(1,12):48.727272
(17,20),(2,12):24.358702
(17,20),(2,7):6.318892
(17,20),(9,7):0.000000
(17,20),(9,6):0.000000
(17,20),(7,6):0.000000
(17,20),(7,4):0.000000
(17,20),(13,4):0.000000
(17,20),(13,2):0.000000
(17,20),(10,2):0.000000
(17,20),(10,1):0.000000
(17,20),(16,1):0.000000
(17,20),(16,3):0.000000
(17,20),(24,3):0.000000
(17,20),(24,9):0.000000
(17,20),(23,9):0.000000
(17,20),(23,15):0.000000
(15,20),(15,23):100.017860
(15,20),(11,23):70.750000
(15,20),(11,22):116.476189
(15,20),(8,22):90.095238
(15,20),(8,19):122.107140
(15,20),(6,19):73.714287
(15,20),(6,18):110.329369
(15,20),(5,18):84.809525
(15,20),(5,24):14.173968
(15,20),(4,24):6.746032
(15,20),(4,21):22.635195
(15,20),(1,21):35.117462
(15,20),(1,12):61.838051
(15,20),(2,12):27.584251
(15,20),(2,7):6.138889
(15,20),(9,7):0.000000
(15,20),(9,6):0.000000
(15,20),(7,6):0.000000
(15,20),(7,4):0.000000
(15,20),(13,4):0.000000
(15,20),(13,2):0.000000
(15,20),(10,2):0.000000
(15,20),(10,1):0.000000
(15,20),(16,1):0.000000
(15,20),(16,3):0.000000
(15,20),(24,3):0.000000
(15,20),(24,9):0.000000
(15,20),(23,9):0.000000
(15,20),(23,15):0.000000
(15,23),(11,23):41.666668
(15,23),(11,22):86.275002
(15,23),(8,22):62.625000
(15,23),(8,19):95.275002
(15,23),(6,19):53.232143
(15,23),(6,18):83.962502
(15,23),(5,18):63.802776
(15,23),(5,24):12.118487
(15,23),(4,24):6.044513
(15,23),(4,21):18.066668
(15,23),(1,21):30.445045
(15,23),(1,12):55.400002
(15,23),(2,12):22.063637
(15,23),(2,7):4.183584
(15,23),(9,7):0.000000
(15,23),(9,6):0.000000
(15,23),(7,6):0.000000
(15,23),(7,4):0.000000
(15,23),(13,4):0.000000
(15,23),(13,2):0.000000
(15,23),(10,2):0.000000
(15,23),(10,1):0.000000
(15,23),(16,1):0.000000
(15,23),(16,3):0.000000
(15,23),(24,3):0.000000
(15,23),(24,9):0.000000
(15,23),(23,9):0.000000
(15,23),(23,15):0.000000
(11,23),(11,22):70.750000
(11,23),(8,22):62.583332
(11,23),(8,19):62.416668
(11,23),(6,19):44.250000
(11,23),(6,18):53.916668
(11,23),(5,18):36.861111
(11,23),(5,24):0.000000
(11,23),(4,24):0.000000
(11,23),(4,21):0.000000
(11,23),(1,21):0.166667
(11,23),(1,12):19.900000
(11,23),(2,12):1.550000
(11,23),(2,7):0.000000
(11,23),(9,7):0.000000
(11,23),(9,6):0.000000
(11,23),(7,6):0.000000
(11,23),(7,4):0.000000
(11,23),(13,4):0.000000
(11,23),(13,2):0.000000
(11,23),(10,2):0.000000
(11,23),(10,1):0.000000
(11,23),(16,1):0.000000
(11,23),(16,3):0.000000
(11,23),(24,3):0.000000
(11,23),(24,9):0.000000
(11,23),(23,9):0.000000
(11,23),(23,15):0.000000
(11,22),(8,22):90.166664
(11,22),(8,19):109.062500
(11,22),(6,19):72.500000
(11,22),(6,18):93.812500
(11,22),(5,18):70.506943
(11,22),(5,24):5.562500
(11,22),(4,24):4.297619
(11,22),(4,21):9.229167
(11,22),(1,21):21.085539
(11,22),(1,12):45.555557
(11,22),(2,12):11.755357
(11,22),(2,7):1.162500
(11,22),(9,7):0.000000
(11,22),(9,6):0.000000
(11,22),(7,6):0.000000
(11,22),(7,4):0.000000
(11,22),(13,4):0.000000
(11,22),(13,2):0.000000
(11,22),(10,2):0.000000
(11,22),(10,1):0.000000
(11,22),(16,1):0.000000
(11,22),(16,3):0.000000
(11,22),(24,3):0.000000
(11,22),(24,9):0.000000
(11,22),(23,9):0.000000
(11,22),(23,15):0.000000
(8,22),(8,19):87.095238
(8,22),(6,19):62.666668
(8,22),(6,18):75.095238
(8,22),(5,18):52.111111
(8,22),(5,24):0.000000
(8,22),(4,24):0.000000
(8,22),(4,21):0.000000
(8,22),(1,21):5.041667
(8,22),(1,12):29.386364
(8,22),(2,12):4.142857
(8,22),(2,7):0.000000
(8,22),(9,7):0.000000
(8,22),(9,6):0.000000
(8,22),(7,6):0.000000
(8,22),(7,4):0.000000
(8,22),(13,4):0.000000
(8,22),(13,2):0.000000
(8,22),(10,2):0.000000
(8,22),(10,1):0.000000
(8,22),(16,1):0.000000
(8,22),(16,3):0.000000
(8,22),(24,3):0.000000
(8,22),(24,9):0.000000
(8,22),(23,9):0.000000
(8,22),(23,15):0.000000
(8,19),(6,19):74.833336
(8,19),(6,18):108.433334
(8,19),(5,18):82.627777
(8,19),(5,24):13.150000
(8,19),(4,24):6.314103
(8,19),(4,21):19.730953
(8,19),(1,21):32.164707
(8,19),(1,12):58.916668
(8,19),(2,12):24.659523
(8,19),(2,7):4.963636
(8,19),(9,7):0.000000
(8,19),(9,6):0.000000
(8,19),(7,6):0.000000
(8,19),(7,4):0.000000
(8,19),(13,4):0.000000
(8,19),(13,2):0.000000
(8,19),(10,2):0.000000
(8,19),(10,1):0.000000
(8,19),(16,1):0.000000
(8,19),(16,3):0.000000
(8,19),(24,3):0.000000
(8,19),(24,9):0.000000
(8,19),(23,9):0.000000
(8,19),(23,15):0.000000
(6,19),(6,18):73.863640
(6,19),(5,18):62.308083
(6,19),(5,24):0.000000
(6,19),(4,24):0.000000
(6,19),(4,21):0.666667
(6,19),(1,21):12.041667
(6,19),(1,12):19.833334
(6,19),(2,12):4.166667
(6,19),(2,7):0.000000
(6,19),(9,7):0.000000
(6,19),(9,6):0.000000
(6,19),(7,6):0.000000
(6,19),(7,4):0.000000
(6,19),(13,4):0.000000
(6,19),(13,2):0.000000
(6,19),(10,2):0.000000
(6,19),(10,1):0.000000
(6,19),(16,1):0.000000
(6,19),(16,3):0.000000
(6,19),(24,3):0.000000
(6,19),(24,9):0.000000
(6,19),(23,9):0.000000
(6,19),(23,15):0.000000
(6,18),(5,18):89.186867
(6,18),(5,24):15.833333
(6,18),(4,24):7.083333
(6,18),(4,21):26.000000
(6,18),(1,21):38.479168
(6,18),(1,12):57.533333
(6,18),(2,12):27.000000
(6,18),(2,7):7.916667
(6,18),(9,7):0.000000
(6,18),(9,6):0.000000
(6,18),(7,6):0.000000
(6,18),(7,4):0.000000
(6,18),(13,4):0.000000
(6,18),(13,2):0.000000
(6,18),(10,2):0.000000
(6,18),(10,1):0.000000
(6,18),(16,1):0.000000
(6,18),(16,3):0.000000
(6,18),(24,3):0.000000
(6,18),(24,9):0.000000
(6,18),(23,9):0.000000
(6,18),(23,15):0.000000
(5,18),(5,24):23.750000
(5,18),(4,24):13.083333
(5,18),(4,21):41.416668
(5,18),(1,21):50.818840
(5,18),(1,12):50.299999
(5,18),(2,12):38.750000
(5,18),(2,7):15.690476
(5,18),(9,7):0.000000
(5,18),(9,6):0.000000
(5,18),(7,6):0.000000
(5,18),(7,4):0.000000
(5,18),(13,4):0.000000
(5,18),(13,2):0.000000
(5,18),(10,2):0.000000
(5,18),(10,1):0.000000
(5,18),(16,1):0.000000
(5,18),(16,3):0.000000
(5,18),(24,3):0.000000
(5,18),(24,9):0.000000
(5,18),(23,9):0.000000
(5,18),(23,15):0.000000
(5,24),(4,24):11.000000
(5,24),(4,21):25.250000
(5,24),(1,21):21.551723
(5,24),(1,12):20.909090
(5,24),(2,12):22.250000
(5,24),(2,7):11.190476
(5,24),(9,7):0.750000
(5,24),(9,6):0.000000
(5,24),(7,6):0.000000
(5,24),(7,4):0.000000
(5,24),(13,4):0.000000
(5,24),(13,2):0.000000
(5,24),(10,2):0.000000
(5,24),(10,1):0.000000
(5,24),(16,1):0.000000
(5,24),(16,3):0.000000
(5,24),(24,3):0.000000
(5,24),(24,9):0.000000
(5,24),(23,9):0.000000
(5,24),(23,15):0.000000
(4,24),(4,21):13.083333
(4,24),(1,21):10.083333
(4,24),(1,12):9.980769
(4,24),(2,12):9.142858
(4,24),(2,7):1.440476
(4,24),(9,7):0.000000
(4,24),(9,6):0.000000
(4,24),(7,6):0.000000
(4,24),(7,4):0.000000
(4,24),(13,4):0.000000
(4,24),(13,2):0.000000
(4,24),(10,2):0.000000
(4,24),(10,1):0.000000
(4,24),(16,1):0.000000
(4,24),(16,3):0.000000
(4,24),(24,3):0.000000
(4,24),(24,9):0.000000
(4,24),(23,9):0.000000
(4,24),(23,15):0.000000
(4,21),(1,21):39.725491
(4,21),(1,12):36.723213
(4,21),(2,12):37.875000
(4,21),(2,7):18.190475
(4,21),(9,7):1.529412
(4,21),(9,6):0.000000
(4,21),(7,6):0.000000
(4,21),(7,4):0.000000
(4,21),(13,4):0.000000
(4,21),(13,2):0.000000
(4,21),(10,2):0.000000
(4,21),(10,1):0.000000
(4,21),(16,1):0.000000
(4,21),(16,3):0.000000
(4,21),(24,3):0.000000
(4,21),(24,9):0.000000
(4,21),(23,9):0.000000
(4,21),(23,15):0.000000
(1,21),(1,12):39.400002
(1,21),(2,12):39.000721
(1,21),(2,7):18.762627
(1,21),(9,7):2.811646
(1,21),(9,6):0.000000
(1,21),(7,6):0.000000
(1,21),(7,4):0.000000
(1,21),(13,4):0.000000
(1,21),(13,2):0.000000
(1,21),(10,2):0.000000
(1,21),(10,1):0.000000
(1,21),(16,1):0.000000
(1,21),(16,3):0.000000
(1,21),(24,3):0.000000
(1,21),(24,9):0.000000
(1,21),(23,9):0.000000
(1,21),(23,15):0.000000
(1,12),(2,12):44.083332
(1,12),(2,7):14.666667
(1,12),(9,7):0.000000
(1,12),(9,6):0.000000
(1,12),(7,6):0.000000
(1,12),(7,4):0.000000
(1,12),(13,4):0.000000
(1,12),(13,2):0.000000
(1,12),(10,2):0.000000
(1,12),(10,1):0.000000
(1,12),(16,1):0.000000
(1,12),(16,3):0.000000
(1,12),(24,3):0.000000
(1,12),(24,9):0.000000
(1,12),(23,9):0.000000
(1,12),(23,15):0.000000
(2,12),(2,7):22.333334
(2,12),(9,7):5.500000
(2,12),(9,6):0.000000
(2,12),(7,6):0.000000
(2,12),(7,4):0.000000
(2,12),(13,4):0.000000
(2,12),(13,2):0.000000
(2,12),(10,2):0.000000
(2,12),(10,1):0.000000
(2,12),(16,1):0.000000
(2,12),(16,3):0.000000
(2,12),(24,3):0.000000
(2,12),(24,9):0.000000
(2,12),(23,9):0.000000
(2,12),(23,15):0.000000
(2,7),(9,7):30.250000
(2,7),(9,6):9.000000
(2,7),(7,6):0.000000
(2,7),(7,4):2.000000
(2,7),(13,4):4.500000
(2,7),(13,2):0.000000
(2,7),(10,2):0.000000
(2,7),(10,1):0.000000
(2,7),(16,1):0.000000
(2,7),(16,3):0.000000
(2,7),(24,3):0.000000
(2,7),(24,9):0.000000
(2,7),(23,9):0.000000
(2,7),(23,15):0.000000
(9,7),(9,6):19.000000
(9,7),(7,6):6.833333
(9,7),(7,4):11.250000
(9,7),(13,4):13.541667
(9,7),(13,2):1.375000
(9,7),(10,2):0.041667
(9,7),(10,1):0.498932
(9,7),(16,1):1.541667
(9,7),(16,3):4.625000
(9,7),(24,3):4.356061
(9,7),(24,9):0.000000
(9,7),(23,9):0.000000
(9,7),(23,15):0.000000
(9,6),(7,6):13.500000
(9,6),(7,4):16.000000
(9,6),(13,4):15.750000
(9,6),(13,2):3.083333
(9,6),(10,2):0.000000
(9,6),(10,1):0.150000
(9,6),(16,1):3.083333
(9,6),(16,3):7.500000
(9,6),(24,3):9.446970
(9,6),(24,9):0.000000
(9,6),(23,9):0.000000
(9,6),(23,15):0.000000
(7,6),(7,4):12.500000
(7,6),(13,4):17.000000
(7,6),(13,2):4.350000
(7,6),(10,2):0.000000
(7,6),(10,1):0.000000
(7,6),(16,1):3.400000
(7,6),(16,3):10.500000
(7,6),(24,3):12.946970
(7,6),(24,9):0.090909
(7,6),(23,9):0.023810
(7,6),(23,15):0.003922
(7,4),(13,4):22.633333
(7,4),(13,2):7.500000
(7,4),(10,2):0.000000
(7,4),(10,1):0.000000
(7,4),(16,1):3.500000
(7,4),(16,3):15.300000
(7,4),(24,3):17.580303
(7,4),(24,9):2.383333
(7,4),(23,9):2.258333
(7,4),(23,15):1.083333
(13,4),(13,2):18.000000
(13,4),(10,2):3.000000
(13,4),(10,1):4.500000
(13,4),(16,1):12.500000
(13,4),(16,3):32.472221
(13,4),(24,3):28.669191
(13,4),(24,9):5.222222
(13,4),(23,9):4.722222
(13,4),(23,15):2.255556
(13,2),(10,2):6.000000
(13,2),(10,1):7.500000
(13,2),(16,1):15.000000
(13,2),(16,3):19.500000
(13,2),(24,3):12.000000
(13,2),(24,9):0.000000
(13,2),(23,9):0.000000
(13,2),(23,15):0.000000
(10,2),(10,1):6.000000
(10,2),(16,1):6.000000
(10,2),(16,3):4.500000
(10,2),(24,3):0.000000
(10,2),(24,9):0.000000
(10,2),(23,9):0.000000
(10,2),(23,15):0.000000
(10,1),(16,1):7.500000
(10,1),(16,3):6.000000
(10,1),(24,3):0.000000
(10,1),(24,9):0.000000
(10,1),(23,9):0.000000
(10,1),(23,15):0.000000
(16,1),(16,3):14.000000
(16,1),(24,3):6.500000
(16,1),(24,9):0.000000
(16,1),(23,9):0.000000
(16,1),(23,15):0.000000
(16,3),(24,3):24.833334
(16,3),(24,9):5.666667
(16,3),(23,9):5.166667
(16,3),(23,15):2.366667
(24,3),(24,9):13.000000
(24,3),(23,9):15.590909
(24,3),(23,15):9.290909
(24,9),(23,9):12.500000
(24,9),(23,15):6.200000
(23,9),(23,15):12.300000
