22
(9,8):(3,7)	(3,9)	(4,8)	(5,8)	(6,8)	(7,5)	(7,7)	(7,8)	(8,5)	(8,6)	(8,7)	(8,8)	(8,9)	(8,10)	(9,5)	(9,6)	(9,7)	(9,8)	(9,11)	(10,4)	(10,6)	(10,7)	(11,6)	(11,8)	
(9,11):(6,10)	(6,11)	(7,5)	(7,7)	(8,5)	(8,6)	(8,7)	(8,8)	(8,9)	(8,10)	(9,5)	(9,6)	(9,7)	(9,8)	(9,11)	
(6,11):(6,10)	(6,11)	(8,10)	(9,11)	
(6,10):(6,10)	(6,11)	(8,10)	(9,11)	
(8,10):(6,10)	(6,11)	(8,5)	(8,6)	(8,7)	(8,8)	(8,9)	(8,10)	(9,5)	(9,6)	(9,7)	(9,8)	(9,11)	(10,4)	(10,6)	
(8,9):(3,7)	(3,9)	(4,8)	(5,8)	(6,8)	(7,5)	(7,7)	(7,8)	(8,5)	(8,6)	(8,7)	(8,8)	(8,9)	(8,10)	(9,5)	(9,6)	(9,7)	(9,8)	(9,11)	(10,4)	(10,6)	(10,7)	(11,6)	
(3,9):(3,7)	(3,9)	(4,8)	(5,8)	(6,8)	(7,7)	(7,8)	(8,7)	(8,8)	(8,9)	(9,6)	(9,7)	(9,8)	(10,6)	(10,7)	(11,6)	
(3,7):(3,7)	(3,9)	(4,8)	(5,8)	(6,8)	(7,7)	(7,8)	(8,7)	(8,8)	(8,9)	(9,7)	(9,8)	(10,7)	(11,8)	
(7,7):(3,7)	(3,9)	(4,8)	(5,8)	(6,8)	(7,5)	(7,7)	(7,8)	(8,5)	(8,6)	(8,7)	(8,8)	(8,9)	(9,5)	(9,6)	(9,7)	(9,8)	(9,11)	(10,4)	(10,6)	(10,7)	(11,6)	(11,8)	
(7,5):(1,2)	(2,3)	(2,5)	(3,3)	(3,4)	(4,4)	(5,4)	(7,5)	(7,7)	(7,8)	(8,5)	(8,6)	(8,7)	(8,8)	(8,9)	(9,5)	(9,6)	(9,7)	(9,8)	(9,11)	(10,4)	(10,6)	(10,7)	(11,8)	
(2,5):(2,3)	(2,5)	(3,3)	(3,4)	(4,2)	(4,3)	(4,4)	(5,1)	(5,4)	(7,5)	(8,5)	(9,5)	(10,4)	
(2,3):(1,2)	(1,3)	(2,3)	(2,5)	(3,3)	(3,4)	(4,2)	(4,3)	(4,4)	(5,4)	(7,5)	(8,5)	(10,6)	
(1,3):(1,2)	(1,3)	(2,3)	(3,3)	(4,2)	(4,3)	
(1,2):(1,2)	(1,3)	(2,3)	(3,3)	(3,4)	(4,2)	(4,3)	(4,4)	(5,4)	(7,5)	
(4,2):(1,2)	(1,3)	(2,3)	(2,5)	(3,3)	(3,4)	(4,1)	(4,2)	(4,3)	(4,4)	(5,1)	(5,4)	
(4,1):(4,1)	(4,2)	(4,3)	(4,4)	(5,1)	(5,4)	
(5,1):(2,5)	(3,3)	(3,4)	(4,1)	(4,2)	(4,3)	(4,4)	(5,1)	(5,4)	
(5,4):(1,2)	(2,3)	(2,5)	(3,3)	(3,4)	(4,1)	(4,2)	(4,3)	(4,4)	(5,1)	(5,4)	(7,5)	(8,5)	(9,5)	(9,6)	(10,4)	(10,6)	
(10,4):(2,5)	(3,4)	(4,4)	(5,4)	(6,8)	(7,5)	(7,7)	(7,8)	(8,5)	(8,6)	(8,7)	(8,8)	(8,9)	(8,10)	(9,5)	(9,6)	(9,7)	(9,8)	(10,4)	(10,6)	(10,7)	
(10,6):(2,3)	(3,9)	(4,4)	(4,8)	(5,4)	(5,8)	(6,8)	(7,5)	(7,7)	(7,8)	(8,5)	(8,6)	(8,7)	(8,8)	(8,9)	(8,10)	(9,5)	(9,6)	(9,7)	(9,8)	(10,4)	(10,6)	(10,7)	(11,6)	(11,8)	
(11,6):(3,9)	(4,8)	(5,8)	(6,8)	(7,7)	(7,8)	(8,6)	(8,7)	(8,8)	(8,9)	(9,6)	(9,7)	(9,8)	(10,6)	(10,7)	(11,6)	(11,8)	
(11,8):(3,7)	(4,8)	(5,8)	(6,8)	(7,5)	(7,7)	(7,8)	(8,5)	(8,6)	(8,7)	(8,8)	(9,5)	(9,6)	(9,7)	(9,8)	(10,6)	(10,7)	(11,6)	(11,8)	
(9,8):26.583334
(9,11):13.166667
(6,11):3.250000
(6,10):3.000000
(8,10):12.000000
(8,9):24.125000
(3,9):16.916666
(3,7):14.200000
(7,7):25.000000
(7,5):25.133333
(2,5):14.666667
(2,3):13.095834
(1,3):4.166667
(1,2):9.000000
(4,2):11.250000
(4,1):4.166667
(5,1):8.000000
(5,4):18.633333
(10,4):22.041666
(10,6):24.179167
(11,6):15.500000
(11,8):17.666666
(9,8),(9,11):11.416667
(9,8),(6,11):1.500000
(9,8),(6,10):1.250000
(9,8),(8,10):10.250000
(9,8),(8,9):24.125000
(9,8),(3,9):16.916666
(9,8),(3,7):14.200000
(9,8),(7,7):25.000000
(9,8),(7,5):17.666666
(9,8),(2,5):3.333333
(9,8),(2,3):1.560119
(9,8),(1,3):0.000000
(9,8),(1,2):0.000000
(9,8),(4,2):0.000000
(9,8),(4,1):0.000000
(9,8),(5,1):0.000000
(9,8),(5,4):6.133333
(9,8),(10,4):17.375000
(9,8),(10,6):21.666666
(9,8),(11,6):15.500000
(9,8),(11,8):17.333334
(9,11),(6,11):3.250000
(9,11),(6,10):3.000000
(9,11),(8,10):9.000000
(9,11),(8,9):11.125000
(9,11),(3,9):4.000000
(9,11),(3,7):3.200000
(9,11),(7,7):10.000000
(9,11),(7,5):10.666667
(9,11),(2,5):2.166667
(9,11),(2,3):0.820833
(9,11),(1,3):0.000000
(9,11),(1,2):0.000000
(9,11),(4,2):0.000000
(9,11),(4,1):0.000000
(9,11),(5,1):0.000000
(9,11),(5,4):3.166667
(9,11),(10,4):10.208333
(9,11),(10,6):9.166667
(9,11),(11,6):4.500000
(9,11),(11,8):7.916667
(6,11),(6,10):3.000000
(6,11),(8,10):3.250000
(6,11),(8,9):1.250000
(6,11),(3,9):0.000000
(6,11),(3,7):0.000000
(6,11),(7,7):0.450000
(6,11),(7,5):0.861111
(6,11),(2,5):0.000000
(6,11),(2,3):0.000000
(6,11),(1,3):0.000000
(6,11),(1,2):0.000000
(6,11),(4,2):0.000000
(6,11),(4,1):0.000000
(6,11),(5,1):0.000000
(6,11),(5,4):0.000000
(6,11),(10,4):0.613095
(6,11),(10,6):0.000000
(6,11),(11,6):0.000000
(6,11),(11,8):0.000000
(6,10),(8,10):3.000000
(6,10),(8,9):1.000000
(6,10),(3,9):0.000000
(6,10),(3,7):0.000000
(6,10),(7,7):0.250000
(6,10),(7,5):0.625000
(6,10),(2,5):0.000000
(6,10),(2,3):0.000000
(6,10),(1,3):0.000000
(6,10),(1,2):0.000000
(6,10),(4,2):0.000000
(6,10),(4,1):0.000000
(6,10),(5,1):0.000000
(6,10),(5,4):0.000000
(6,10),(10,4):0.541667
(6,10),(10,6):0.000000
(6,10),(11,6):0.000000
(6,10),(11,8):0.000000
(8,10),(8,9):10.000000
(8,10),(3,9):4.000000
(8,10),(3,7):2.450000
(8,10),(7,7):9.000000
(8,10),(7,5):9.500000
(8,10),(2,5):2.000000
(8,10),(2,3):0.925000
(8,10),(1,3):0.000000
(8,10),(1,2):0.000000
(8,10),(4,2):0.000000
(8,10),(4,1):0.000000
(8,10),(5,1):0.000000
(8,10),(5,4):3.950000
(8,10),(10,4):9.041667
(8,10),(10,6):8.000000
(8,10),(11,6):3.500000
(8,10),(11,8):6.000000
(8,9),(3,9):15.250000
(8,9),(3,7):12.700000
(8,9),(7,7):23.000000
(8,9),(7,5):15.500000
(8,9),(2,5):3.125000
(8,9),(2,3):1.450216
(8,9),(1,3):0.000000
(8,9),(1,2):0.000000
(8,9),(4,2):0.000000
(8,9),(4,1):0.000000
(8,9),(5,1):0.000000
(8,9),(5,4):5.648809
(8,9),(10,4):16.500000
(8,9),(10,6):19.458334
(8,9),(11,6):13.500000
(8,9),(11,8):15.125000
(3,9),(3,7):13.666667
(3,9),(7,7):16.916666
(3,9),(7,5):8.750000
(3,9),(2,5):0.000000
(3,9),(2,3):0.468056
(3,9),(1,3):0.000000
(3,9),(1,2):0.000000
(3,9),(4,2):0.000000
(3,9),(4,1):0.000000
(3,9),(5,1):0.000000
(3,9),(5,4):1.050000
(3,9),(10,4):9.041667
(3,9),(10,6):14.000000
(3,9),(11,6):14.166667
(3,9),(11,8):10.866667
(3,7),(7,7):14.200000
(3,7),(7,5):6.200000
(3,7),(2,5):0.000000
(3,7),(2,3):0.000000
(3,7),(1,3):0.000000
(3,7),(1,2):0.000000
(3,7),(4,2):0.000000
(3,7),(4,1):0.000000
(3,7),(5,1):0.000000
(3,7),(5,4):0.000000
(3,7),(10,4):6.977273
(3,7),(10,6):11.125000
(3,7),(11,6):11.500000
(3,7),(11,8):8.000000
(7,7),(7,5):16.833334
(7,7),(2,5):3.000000
(7,7),(2,3):1.512500
(7,7),(1,3):0.000000
(7,7),(1,2):0.000000
(7,7),(4,2):0.000000
(7,7),(4,1):0.000000
(7,7),(5,1):0.000000
(7,7),(5,4):5.800000
(7,7),(10,4):16.250000
(7,7),(10,6):21.208334
(7,7),(11,6):15.500000
(7,7),(11,8):17.000000
(7,5),(2,5):10.250000
(7,5),(2,3):8.645833
(7,5),(1,3):0.800000
(7,5),(1,2):4.800000
(7,5),(4,2):6.050000
(7,5),(4,1):1.416667
(7,5),(5,1):4.500000
(7,5),(5,4):13.600000
(7,5),(10,4):19.437500
(7,5),(10,6):18.583334
(7,5),(11,6):9.333333
(7,5),(11,8):13.500000
(2,5),(2,3):10.750000
(2,5),(1,3):3.166667
(2,5),(1,2):8.000000
(2,5),(4,2):9.916667
(2,5),(4,1):3.833333
(2,5),(5,1):7.666667
(2,5),(5,4):14.666667
(2,5),(10,4):8.000000
(2,5),(10,6):5.633333
(2,5),(11,6):0.000000
(2,5),(11,8):2.916667
(2,3),(1,3):4.166667
(2,3),(1,2):9.000000
(2,3),(4,2):10.500000
(2,3),(4,1):3.416667
(2,3),(5,1):7.250000
(2,3),(5,4):12.916667
(2,3),(10,4):5.633333
(2,3),(10,6):3.691667
(2,3),(11,6):0.262500
(2,3),(11,8):1.612500
(1,3),(1,2):4.000000
(1,3),(4,2):4.166667
(1,3),(4,1):1.166667
(1,3),(5,1):1.666667
(1,3),(5,4):4.000000
(1,3),(10,4):0.000000
(1,3),(10,6):0.262500
(1,3),(11,6):0.000000
(1,3),(11,8):0.000000
(1,2),(4,2):8.250000
(1,2),(4,1):3.166667
(1,2),(5,1):5.250000
(1,2),(5,4):8.833333
(1,2),(10,4):2.500000
(1,2),(10,6):1.762500
(1,2),(11,6):0.000000
(1,2),(11,8):0.000000
(4,2),(4,1):4.166667
(4,2),(5,1):8.000000
(4,2),(5,4):11.083333
(4,2),(10,4):3.250000
(4,2),(10,6):1.545833
(4,2),(11,6):0.000000
(4,2),(11,8):0.000000
(4,1),(5,1):4.000000
(4,1),(5,4):4.166667
(4,1),(10,4):1.166667
(4,1),(10,6):0.387500
(4,1),(11,6):0.000000
(4,1),(11,8):0.000000
(5,1),(5,4):8.000000
(5,1),(10,4):3.000000
(5,1),(10,6):0.952381
(5,1),(11,6):0.000000
(5,1),(11,8):0.000000
(5,4),(10,4):10.250000
(5,4),(10,6):8.645833
(5,4),(11,6):0.800000
(5,4),(11,8):5.466667
(10,4),(10,6):17.500000
(10,4),(11,6):9.500000
(10,4),(11,8):12.166667
(10,6),(11,6):14.833333
(10,6),(11,8):15.166667
(11,6),(11,8):10.000000
