74
(28,1):(28,1)	(28,4)	(29,2)	(29,3)	(29,4)	(30,2)	(30,3)	(30,4)	(30,5)	(31,2)	(31,3)	(31,4)	(31,5)	(31,6)	(31,7)	(32,2)	(32,3)	(32,4)	(32,5)	(32,6)	(32,7)	(32,8)	(32,9)	(33,2)	(33,3)	(33,4)	(33,5)	(33,6)	(33,7)	(33,8)	(33,9)	(33,10)	(33,11)	(34,1)	(34,7)	(34,8)	(34,9)	(34,10)	(34,11)	(34,12)	(34,13)	(35,8)	(35,9)	(35,10)	(35,11)	(35,12)	(35,13)	(35,14)	(36,9)	(36,10)	(36,11)	(36,12)	(36,13)	(36,14)	(36,15)	
(34,1):(26,11)	(26,12)	(27,10)	(27,11)	(27,12)	(28,1)	(28,4)	(28,9)	(28,10)	(28,11)	(28,12)	(29,2)	(29,3)	(29,4)	(29,8)	(29,9)	(29,10)	(29,11)	(29,12)	(30,2)	(30,3)	(30,4)	(30,5)	(30,6)	(30,7)	(30,8)	(30,9)	(30,10)	(30,11)	(30,12)	(31,2)	(31,3)	(31,4)	(31,5)	(31,6)	(31,7)	(31,8)	(31,9)	(31,10)	(31,11)	(31,12)	(32,2)	(32,3)	(32,4)	(32,5)	(32,6)	(32,7)	(32,8)	(32,9)	(32,10)	(32,11)	(32,12)	(33,2)	(33,3)	(33,4)	(33,5)	(33,6)	(33,7)	(33,8)	(33,9)	(33,10)	(33,11)	(33,12)	(33,13)	(33,15)	(34,1)	(34,7)	(34,8)	(34,9)	(34,10)	(34,11)	(34,12)	(34,13)	(34,14)	
(34,7):(21,12)	(21,13)	(22,12)	(23,6)	(23,11)	(23,12)	(24,7)	(24,8)	(24,9)	(24,10)	(24,11)	(24,12)	(25,7)	(25,8)	(25,9)	(25,10)	(25,11)	(25,12)	(26,7)	(26,8)	(26,9)	(26,10)	(26,11)	(26,12)	(27,7)	(27,8)	(27,9)	(27,10)	(27,11)	(27,12)	(28,1)	(28,4)	(28,7)	(28,8)	(28,9)	(28,10)	(28,11)	(28,12)	(29,2)	(29,3)	(29,4)	(29,7)	(29,8)	(29,9)	(29,10)	(29,11)	(29,12)	(30,2)	(30,3)	(30,4)	(30,5)	(30,6)	(30,7)	(30,8)	(30,9)	(30,10)	(30,11)	(30,12)	(31,2)	(31,3)	(31,4)	(31,5)	(31,6)	(31,7)	(31,8)	(31,9)	(31,10)	(31,11)	(31,12)	(32,2)	(32,3)	(32,4)	(32,5)	(32,6)	(32,7)	(32,8)	(32,9)	(32,10)	(32,11)	(32,12)	(33,2)	(33,3)	(33,4)	(33,5)	(33,6)	(33,7)	(33,8)	(33,9)	(33,10)	(33,11)	(33,12)	(33,13)	(33,15)	(34,1)	(34,7)	(34,8)	(34,9)	(34,10)	(34,11)	(34,12)	(34,13)	(34,14)	(35,8)	(35,9)	(35,10)	(35,11)	(35,12)	(35,13)	(35,14)	(36,8)	(36,9)	(36,10)	(36,11)	(36,12)	(36,13)	(36,14)	(36,15)	(37,7)	
(37,7):(21,12)	(21,13)	(22,12)	(23,11)	(23,12)	(24,7)	(24,8)	(24,9)	(24,10)	(24,11)	(24,12)	(25,7)	(25,8)	(25,9)	(25,10)	(25,11)	(25,12)	(26,7)	(26,8)	(26,9)	(26,10)	(26,11)	(26,12)	(27,7)	(27,8)	(27,9)	(27,10)	(27,11)	(27,12)	(28,7)	(28,8)	(28,9)	(28,10)	(28,11)	(28,12)	(29,7)	(29,8)	(29,9)	(29,10)	(29,11)	(29,12)	(30,7)	(30,8)	(30,9)	(30,10)	(30,11)	(30,12)	(31,7)	(31,8)	(31,9)	(31,10)	(31,11)	(31,12)	(32,7)	(32,8)	(32,9)	(32,10)	(32,11)	(32,12)	(33,7)	(33,8)	(33,9)	(33,10)	(33,11)	(33,12)	(33,13)	(33,15)	(34,7)	(34,8)	(34,9)	(34,10)	(34,11)	(34,12)	(34,13)	(34,14)	(35,8)	(35,9)	(35,10)	(35,11)	(35,12)	(35,13)	(35,14)	(36,8)	(36,9)	(36,10)	(36,11)	(36,12)	(36,13)	(36,14)	(36,15)	(36,22)	(36,23)	(36,24)	(36,25)	(36,26)	(36,27)	(37,7)	(37,28)	
(37,28):(31,22)	(32,23)	(32,24)	(32,25)	(32,26)	(32,27)	(32,28)	(33,23)	(33,24)	(33,25)	(33,26)	(33,27)	(33,28)	(34,23)	(34,24)	(34,25)	(34,26)	(34,27)	(34,28)	(35,23)	(35,24)	(35,25)	(35,26)	(35,27)	(35,28)	(36,8)	(36,9)	(36,10)	(36,11)	(36,12)	(36,13)	(36,14)	(36,15)	(36,22)	(36,23)	(36,24)	(36,25)	(36,26)	(36,27)	(37,7)	(37,28)	
(35,28):(31,22)	(32,23)	(32,24)	(32,25)	(32,26)	(32,27)	(32,28)	(32,29)	(32,30)	(33,23)	(33,24)	(33,25)	(33,26)	(33,27)	(33,28)	(33,29)	(34,23)	(34,24)	(34,25)	(34,26)	(34,27)	(34,28)	(34,29)	(35,23)	(35,24)	(35,25)	(35,26)	(35,27)	(35,28)	(35,30)	(36,22)	(36,23)	(36,24)	(36,25)	(36,26)	(36,27)	(37,28)	
(35,30):(31,22)	(32,23)	(32,24)	(32,25)	(32,26)	(32,27)	(32,28)	(32,29)	(32,30)	(33,23)	(33,24)	(33,25)	(33,26)	(33,27)	(33,28)	(33,29)	(34,23)	(34,24)	(34,25)	(34,26)	(34,27)	(34,28)	(34,29)	(35,23)	(35,24)	(35,25)	(35,26)	(35,27)	(35,28)	(35,30)	
(32,30):(31,22)	(31,34)	(31,35)	(31,36)	(32,23)	(32,24)	(32,25)	(32,26)	(32,27)	(32,28)	(32,29)	(32,30)	(32,37)	(33,23)	(33,24)	(33,25)	(33,26)	(33,27)	(33,28)	(33,29)	(34,23)	(34,24)	(34,25)	(34,26)	(34,27)	(34,28)	(34,29)	(35,23)	(35,24)	(35,25)	(35,26)	(35,27)	(35,28)	(35,30)	(36,22)	(36,23)	(36,24)	(36,25)	(36,26)	(36,27)	
(32,37):(14,37)	(15,36)	(29,34)	(29,36)	(30,35)	(30,36)	(31,22)	(31,34)	(31,35)	(31,36)	(32,23)	(32,24)	(32,25)	(32,26)	(32,27)	(32,28)	(32,29)	(32,30)	(32,37)	
(14,37):(14,24)	(14,25)	(14,26)	(14,27)	(14,28)	(14,29)	(14,30)	(14,31)	(14,32)	(14,37)	(15,23)	(15,36)	(29,36)	(30,36)	(31,36)	(32,37)	
(14,32):(11,22)	(11,23)	(12,23)	(12,24)	(12,25)	(12,26)	(13,24)	(13,25)	(13,26)	(13,27)	(13,28)	(13,29)	(13,32)	(14,24)	(14,25)	(14,26)	(14,27)	(14,28)	(14,29)	(14,30)	(14,31)	(14,32)	(14,37)	(15,23)	(15,36)	
(13,32):(13,24)	(13,25)	(13,26)	(13,27)	(13,28)	(13,29)	(13,32)	(14,24)	(14,25)	(14,26)	(14,27)	(14,28)	(14,29)	(14,30)	(14,31)	(14,32)	(15,23)	
(13,29):(2,26)	(3,19)	(3,26)	(4,20)	(4,21)	(4,22)	(4,23)	(4,24)	(4,25)	(4,26)	(4,27)	(5,21)	(5,22)	(5,23)	(5,24)	(5,25)	(5,26)	(5,27)	(5,28)	(5,29)	(6,22)	(6,23)	(6,24)	(6,25)	(6,26)	(6,27)	(6,28)	(7,23)	(7,24)	(7,25)	(7,26)	(7,27)	(7,28)	(8,24)	(8,25)	(8,26)	(8,27)	(8,28)	(9,21)	(9,24)	(9,25)	(9,26)	(9,27)	(9,28)	(10,22)	(10,23)	(10,24)	(10,25)	(10,26)	(10,27)	(10,28)	(11,22)	(11,23)	(11,24)	(11,25)	(11,26)	(11,27)	(11,28)	(12,23)	(12,24)	(12,25)	(12,26)	(12,27)	(12,28)	(13,24)	(13,25)	(13,26)	(13,27)	(13,28)	(13,29)	(13,32)	(14,24)	(14,25)	(14,26)	(14,27)	(14,28)	(14,29)	(14,30)	(14,31)	(14,32)	(15,23)	
(5,29):(3,19)	(4,20)	(4,21)	(4,22)	(4,23)	(4,24)	(4,25)	(4,26)	(4,27)	(4,35)	(5,20)	(5,21)	(5,22)	(5,23)	(5,24)	(5,25)	(5,26)	(5,27)	(5,28)	(5,29)	(5,35)	(6,20)	(6,21)	(6,22)	(6,23)	(6,24)	(6,25)	(6,26)	(6,27)	(6,28)	(7,20)	(7,21)	(7,22)	(7,23)	(7,24)	(7,25)	(7,26)	(7,27)	(7,28)	(8,20)	(8,24)	(8,25)	(8,26)	(8,27)	(8,28)	(9,24)	(9,25)	(9,26)	(9,27)	(9,28)	(10,23)	(10,24)	(10,25)	(10,26)	(10,27)	(10,28)	(11,22)	(11,23)	(11,24)	(11,25)	(11,26)	(11,27)	(11,28)	(12,21)	(12,23)	(12,24)	(12,25)	(12,26)	(12,27)	(12,28)	(13,24)	(13,25)	(13,26)	(13,27)	(13,28)	(13,29)	(14,24)	(14,25)	(14,26)	(14,27)	(14,28)	(14,29)	(15,23)	
(5,35):(3,19)	(4,20)	(4,21)	(4,22)	(4,23)	(4,24)	(4,25)	(4,26)	(4,27)	(4,35)	(5,20)	(5,21)	(5,22)	(5,23)	(5,24)	(5,25)	(5,26)	(5,27)	(5,28)	(5,29)	(5,35)	
(4,35):(4,20)	(4,21)	(4,22)	(4,23)	(4,24)	(4,25)	(4,26)	(4,27)	(4,35)	(5,20)	(5,21)	(5,22)	(5,23)	(5,24)	(5,25)	(5,26)	(5,27)	(5,28)	(5,29)	(5,35)	(6,20)	(6,21)	(6,22)	(6,23)	
(4,27):(2,26)	(2,27)	(3,19)	(3,26)	(4,20)	(4,21)	(4,22)	(4,23)	(4,24)	(4,25)	(4,26)	(4,27)	(4,35)	(5,20)	(5,21)	(5,22)	(5,23)	(5,24)	(5,25)	(5,26)	(5,27)	(5,28)	(5,29)	(5,35)	(6,20)	(6,21)	(6,22)	(6,23)	(6,24)	(6,25)	(6,26)	(6,27)	(6,28)	(7,20)	(7,21)	(7,22)	(7,23)	(7,24)	(7,25)	(7,26)	(7,27)	(7,28)	(8,20)	(8,24)	(8,25)	(8,26)	(8,27)	(8,28)	(9,24)	(9,25)	(9,26)	(9,27)	(9,28)	(10,24)	(10,25)	(10,26)	(10,27)	(10,28)	(11,23)	(11,24)	(11,25)	(11,26)	(11,27)	(11,28)	(12,23)	(12,24)	(12,25)	(12,26)	(12,27)	(12,28)	(13,24)	(13,25)	(13,26)	(13,27)	(13,28)	(13,29)	(14,24)	(14,25)	(14,26)	(14,27)	(14,28)	(14,29)	(15,23)	
(2,27):(2,26)	(2,27)	(3,26)	(4,25)	(4,26)	(4,27)	(5,24)	(5,25)	(5,26)	(5,27)	(6,23)	(6,24)	(6,25)	(6,26)	(6,27)	(7,22)	(7,23)	(7,24)	(7,25)	(7,26)	(7,27)	(8,24)	(8,25)	(8,26)	(8,27)	(9,24)	(9,25)	(9,26)	(9,27)	(10,24)	(10,25)	(10,26)	(10,27)	(11,24)	(11,25)	(11,26)	(11,27)	(12,23)	(12,24)	(12,25)	(12,26)	(12,27)	(13,24)	(13,25)	(13,26)	(13,27)	(14,24)	(14,25)	(14,26)	(14,27)	(15,23)	
(2,26):(2,26)	(2,27)	(3,26)	(4,26)	(4,27)	(5,26)	(5,27)	(6,26)	(6,27)	(6,28)	(7,26)	(7,27)	(7,28)	(8,26)	(8,27)	(8,28)	(9,26)	(9,27)	(9,28)	(10,26)	(10,27)	(10,28)	(11,26)	(11,27)	(11,28)	(12,26)	(12,27)	(12,28)	(13,26)	(13,27)	(13,28)	(13,29)	(14,26)	(14,27)	(14,28)	(14,29)	
(3,26):(2,26)	(2,27)	(3,19)	(3,26)	(4,20)	(4,21)	(4,22)	(4,23)	(4,24)	(4,25)	(4,26)	(4,27)	(5,20)	(5,21)	(5,22)	(5,23)	(5,24)	(5,25)	(5,26)	(5,27)	(5,28)	(6,20)	(6,21)	(6,22)	(6,23)	(6,24)	(6,25)	(6,26)	(6,27)	(6,28)	(7,20)	(7,21)	(7,22)	(7,23)	(7,24)	(7,25)	(7,26)	(7,27)	(7,28)	(8,20)	(8,24)	(8,25)	(8,26)	(8,27)	(8,28)	(9,24)	(9,25)	(9,26)	(9,27)	(9,28)	(10,24)	(10,25)	(10,26)	(10,27)	(10,28)	(11,24)	(11,25)	(11,26)	(11,27)	(11,28)	(12,23)	(12,24)	(12,25)	(12,26)	(12,27)	(12,28)	(13,24)	(13,25)	(13,26)	(13,27)	(13,28)	(13,29)	(14,24)	(14,25)	(14,26)	(14,27)	(14,28)	(14,29)	(15,23)	
(3,19):(3,19)	(3,26)	(4,20)	(4,21)	(4,22)	(4,23)	(4,24)	(4,25)	(4,26)	(4,27)	(5,20)	(5,21)	(5,22)	(5,23)	(5,24)	(5,25)	(5,26)	(5,27)	(5,28)	(5,29)	(5,35)	(6,20)	(6,21)	(6,22)	(6,23)	(6,24)	(6,25)	(6,26)	(6,27)	(6,28)	(7,20)	(7,21)	(7,22)	(7,23)	(7,24)	(7,25)	(7,26)	(7,27)	(7,28)	(8,20)	(8,24)	(8,25)	(8,26)	(8,27)	(8,28)	(9,25)	(9,26)	(9,27)	(9,28)	(10,26)	(10,27)	(10,28)	(11,19)	(11,27)	(11,28)	(12,19)	(12,28)	(13,19)	(13,29)	(14,19)	(15,19)	(16,19)	(17,19)	(18,20)	
(11,19):(3,19)	(4,20)	(4,21)	(5,20)	(5,21)	(6,20)	(7,20)	(8,20)	(11,18)	(11,19)	(12,19)	(13,19)	(14,19)	(15,19)	(16,18)	(16,19)	(17,18)	(17,19)	(18,20)	
(11,18):(11,18)	(11,19)	(12,19)	(13,19)	(14,19)	(15,19)	(16,18)	(16,19)	(17,18)	(17,19)	(18,20)	
(16,18):(4,21)	(6,20)	(7,20)	(8,20)	(11,18)	(11,19)	(12,19)	(13,19)	(14,19)	(15,19)	(16,11)	(16,12)	(16,13)	(16,14)	(16,15)	(16,16)	(16,17)	(16,18)	(16,19)	(17,10)	(17,12)	(17,13)	(17,14)	(17,15)	(17,16)	(17,17)	(17,18)	(17,19)	(18,12)	(18,20)	
(16,17):(1,8)	(2,9)	(2,10)	(2,11)	(2,12)	(3,9)	(3,10)	(3,11)	(3,12)	(4,9)	(4,10)	(4,11)	(4,12)	(4,13)	(5,10)	(5,11)	(5,12)	(5,13)	(6,10)	(6,11)	(6,12)	(6,13)	(7,11)	(7,12)	(7,13)	(7,14)	(8,11)	(8,12)	(8,13)	(8,14)	(8,15)	(9,11)	(9,12)	(9,13)	(9,14)	(9,15)	(10,11)	(10,12)	(10,13)	(10,14)	(10,15)	(10,16)	(10,17)	(11,11)	(11,12)	(11,13)	(11,14)	(11,15)	(11,16)	(12,11)	(12,12)	(12,13)	(12,14)	(12,15)	(12,16)	(13,11)	(13,12)	(13,13)	(13,14)	(13,15)	(13,16)	(14,11)	(14,12)	(14,13)	(14,14)	(14,15)	(14,16)	(15,11)	(15,12)	(15,13)	(15,14)	(15,15)	(15,16)	(16,11)	(16,12)	(16,13)	(16,14)	(16,15)	(16,16)	(16,17)	(16,18)	(16,19)	(17,10)	(17,12)	(17,13)	(17,14)	(17,15)	(17,16)	(17,17)	(17,18)	(17,19)	(18,12)	(18,20)	
(10,17):(10,11)	(10,12)	(10,13)	(10,14)	(10,15)	(10,16)	(10,17)	(11,11)	(11,12)	(11,13)	(11,14)	(11,15)	(11,16)	(12,11)	(12,12)	(12,13)	(12,14)	(12,15)	(12,16)	(13,11)	(13,12)	(13,13)	(13,14)	(13,15)	(13,16)	(14,11)	(14,12)	(14,13)	(14,14)	(14,15)	(14,16)	(15,11)	(15,12)	(15,13)	(15,14)	(15,15)	(15,16)	(16,11)	(16,12)	(16,13)	(16,14)	(16,15)	(16,16)	(16,17)	(17,10)	(17,12)	(17,13)	(17,14)	(17,15)	(17,16)	(17,17)	(18,12)	
(10,16):(1,8)	(2,9)	(2,10)	(3,9)	(3,10)	(3,11)	(4,9)	(4,10)	(4,11)	(4,12)	(5,9)	(5,10)	(5,11)	(5,12)	(6,10)	(6,11)	(6,12)	(6,13)	(7,11)	(7,12)	(7,13)	(7,14)	(7,16)	(8,11)	(8,12)	(8,13)	(8,14)	(8,15)	(9,11)	(9,12)	(9,13)	(9,14)	(9,15)	(10,11)	(10,12)	(10,13)	(10,14)	(10,15)	(10,16)	(10,17)	(11,11)	(11,12)	(11,13)	(11,14)	(11,15)	(11,16)	(12,11)	(12,12)	(12,13)	(12,14)	(12,15)	(12,16)	(13,11)	(13,12)	(13,13)	(13,14)	(13,15)	(13,16)	(14,11)	(14,12)	(14,13)	(14,14)	(14,15)	(14,16)	(15,11)	(15,12)	(15,13)	(15,14)	(15,15)	(15,16)	(16,11)	(16,12)	(16,13)	(16,14)	(16,15)	(16,16)	(16,17)	(17,10)	(17,12)	(17,13)	(17,14)	(17,15)	(17,16)	(17,17)	(18,12)	
(7,16):(7,11)	(7,12)	(7,13)	(7,14)	(7,16)	(8,11)	(8,12)	(8,13)	(8,14)	(8,15)	(9,11)	(9,12)	(9,13)	(9,14)	(9,15)	(10,11)	(10,12)	(10,13)	(10,14)	(10,15)	(10,16)	(11,11)	(11,12)	(11,13)	(11,14)	(11,15)	(11,16)	(12,11)	(12,12)	(12,13)	(12,14)	(12,15)	(12,16)	(13,11)	(13,12)	(13,13)	(13,14)	(13,15)	(13,16)	(14,11)	(14,12)	(14,13)	(14,14)	(14,15)	(14,16)	(15,11)	(15,12)	(15,13)	(15,14)	(15,15)	(15,16)	(16,11)	(16,12)	(16,13)	(16,14)	(16,15)	(16,16)	(17,10)	(17,12)	(17,13)	(17,14)	(17,15)	(17,16)	(18,12)	
(7,14):(1,8)	(1,14)	(2,9)	(2,10)	(2,11)	(2,12)	(2,13)	(3,9)	(3,10)	(3,11)	(3,12)	(3,13)	(4,9)	(4,10)	(4,11)	(4,12)	(4,13)	(5,9)	(5,10)	(5,11)	(5,12)	(5,13)	(6,10)	(6,11)	(6,12)	(6,13)	(7,11)	(7,12)	(7,13)	(7,14)	(7,16)	(8,11)	(8,12)	(8,13)	(8,14)	(8,15)	(9,11)	(9,12)	(9,13)	(9,14)	(9,15)	(10,11)	(10,12)	(10,13)	(10,14)	(10,15)	(10,16)	(11,11)	(11,12)	(11,13)	(11,14)	(11,15)	(11,16)	(12,11)	(12,12)	(12,13)	(12,14)	(12,15)	(12,16)	(13,11)	(13,12)	(13,13)	(13,14)	(13,15)	(13,16)	(14,11)	(14,12)	(14,13)	(14,14)	(14,15)	(14,16)	(15,11)	(15,12)	(15,13)	(15,14)	(15,15)	(15,16)	(16,11)	(16,12)	(16,13)	(16,14)	(16,15)	(16,16)	(16,17)	(17,10)	(17,12)	(17,13)	(17,14)	(17,15)	(17,16)	(17,17)	(18,12)	
(1,14):(1,8)	(1,14)	(2,9)	(2,10)	(2,11)	(2,12)	(2,13)	(3,9)	(3,10)	(3,11)	(3,12)	(3,13)	(4,9)	(4,10)	(4,11)	(4,12)	(4,13)	(5,9)	(5,10)	(5,11)	(5,12)	(5,13)	(6,9)	(6,10)	(6,11)	(6,12)	(6,13)	(7,11)	(7,12)	(7,13)	(7,14)	(8,11)	(8,12)	(8,13)	(8,14)	(9,11)	(9,12)	(9,13)	(9,14)	(10,11)	(10,12)	(10,13)	(10,14)	(11,11)	(11,12)	(11,13)	(11,14)	(12,11)	(12,12)	(12,13)	(12,14)	(13,11)	(13,12)	(13,13)	(13,14)	(14,11)	(14,12)	(14,13)	(14,14)	(15,11)	(15,12)	(15,13)	(15,14)	(16,11)	(16,12)	(16,13)	(16,14)	(17,10)	(17,12)	(17,13)	(17,14)	(18,12)	
(1,8):(1,8)	(1,14)	(2,9)	(2,10)	(2,11)	(2,12)	(2,13)	(3,9)	(3,10)	(3,11)	(3,12)	(3,13)	(4,9)	(4,10)	(4,11)	(4,12)	(4,13)	(5,9)	(5,10)	(5,11)	(5,12)	(5,13)	(6,9)	(6,10)	(6,11)	(6,12)	(6,13)	(7,11)	(7,12)	(7,13)	(7,14)	(8,11)	(8,12)	(8,13)	(8,14)	(8,15)	(9,12)	(9,13)	(9,14)	(9,15)	(10,12)	(10,13)	(10,14)	(10,15)	(10,16)	(11,12)	(11,13)	(11,14)	(11,15)	(11,16)	(12,13)	(12,14)	(12,15)	(12,16)	(13,13)	(13,14)	(13,15)	(13,16)	(14,14)	(14,15)	(14,16)	(15,14)	(15,15)	(15,16)	(16,14)	(16,15)	(16,16)	(16,17)	(17,15)	(17,16)	(17,17)	(19,8)	(19,9)	
(19,8):(1,8)	(2,9)	(3,9)	(4,9)	(5,9)	(6,9)	(19,8)	(19,9)	
(19,9):(1,8)	(2,9)	(3,9)	(4,9)	(5,9)	(6,9)	(19,8)	(19,9)	
(6,9):(1,8)	(1,14)	(2,9)	(2,10)	(2,11)	(2,12)	(2,13)	(3,9)	(3,10)	(3,11)	(3,12)	(3,13)	(4,9)	(4,10)	(4,11)	(4,12)	(4,13)	(5,9)	(5,10)	(5,11)	(5,12)	(5,13)	(6,9)	(6,10)	(6,11)	(6,12)	(6,13)	(19,8)	(19,9)	
(6,10):(1,8)	(1,14)	(2,9)	(2,10)	(2,11)	(2,12)	(2,13)	(3,9)	(3,10)	(3,11)	(3,12)	(3,13)	(4,9)	(4,10)	(4,11)	(4,12)	(4,13)	(5,9)	(5,10)	(5,11)	(5,12)	(5,13)	(6,9)	(6,10)	(6,11)	(6,12)	(6,13)	(7,11)	(7,12)	(7,13)	(7,14)	(8,11)	(8,12)	(8,13)	(8,14)	(8,15)	(9,11)	(9,12)	(9,13)	(9,14)	(9,15)	(10,11)	(10,12)	(10,13)	(10,14)	(10,15)	(10,16)	(11,11)	(11,12)	(11,13)	(11,14)	(11,15)	(11,16)	(12,11)	(12,12)	(12,13)	(12,14)	(12,15)	(12,16)	(13,11)	(13,12)	(13,13)	(13,14)	(13,15)	(13,16)	(14,11)	(14,12)	(14,13)	(14,14)	(14,15)	(14,16)	(15,11)	(15,12)	(15,13)	(15,14)	(15,15)	(15,16)	(16,11)	(16,12)	(16,13)	(16,14)	(16,15)	(16,16)	(16,17)	(17,10)	(17,12)	(17,13)	(17,14)	(17,15)	(17,16)	(17,17)	
(17,10):(1,14)	(2,10)	(2,11)	(2,12)	(2,13)	(3,10)	(3,11)	(3,12)	(3,13)	(4,10)	(4,11)	(4,12)	(4,13)	(5,10)	(5,11)	(5,12)	(5,13)	(6,10)	(6,11)	(6,12)	(6,13)	(7,11)	(7,12)	(7,13)	(7,14)	(7,16)	(8,11)	(8,12)	(8,13)	(8,14)	(8,15)	(9,11)	(9,12)	(9,13)	(9,14)	(9,15)	(10,11)	(10,12)	(10,13)	(10,14)	(10,15)	(10,16)	(10,17)	(11,11)	(11,12)	(11,13)	(11,14)	(11,15)	(11,16)	(12,11)	(12,12)	(12,13)	(12,14)	(12,15)	(12,16)	(13,11)	(13,12)	(13,13)	(13,14)	(13,15)	(13,16)	(14,11)	(14,12)	(14,13)	(14,14)	(14,15)	(14,16)	(15,11)	(15,12)	(15,13)	(15,14)	(15,15)	(15,16)	(16,11)	(16,12)	(16,13)	(16,14)	(16,15)	(16,16)	(16,17)	(16,18)	(16,19)	(17,10)	(17,12)	(17,13)	(17,14)	(17,15)	(17,16)	(17,17)	(17,18)	(17,19)	
(17,12):(1,14)	(2,10)	(2,11)	(2,12)	(2,13)	(3,10)	(3,11)	(3,12)	(3,13)	(4,10)	(4,11)	(4,12)	(4,13)	(5,10)	(5,11)	(5,12)	(5,13)	(6,10)	(6,11)	(6,12)	(6,13)	(7,11)	(7,12)	(7,13)	(7,14)	(7,16)	(8,11)	(8,12)	(8,13)	(8,14)	(8,15)	(9,11)	(9,12)	(9,13)	(9,14)	(9,15)	(10,11)	(10,12)	(10,13)	(10,14)	(10,15)	(10,16)	(10,17)	(11,11)	(11,12)	(11,13)	(11,14)	(11,15)	(11,16)	(12,11)	(12,12)	(12,13)	(12,14)	(12,15)	(12,16)	(13,11)	(13,12)	(13,13)	(13,14)	(13,15)	(13,16)	(14,11)	(14,12)	(14,13)	(14,14)	(14,15)	(14,16)	(15,11)	(15,12)	(15,13)	(15,14)	(15,15)	(15,16)	(16,11)	(16,12)	(16,13)	(16,14)	(16,15)	(16,16)	(16,17)	(16,18)	(16,19)	(17,10)	(17,12)	(17,13)	(17,14)	(17,15)	(17,16)	(17,17)	(17,18)	(17,19)	(18,12)	(18,20)	
(18,12):(1,14)	(2,12)	(2,13)	(3,12)	(3,13)	(4,12)	(4,13)	(5,12)	(5,13)	(6,12)	(6,13)	(7,12)	(7,13)	(7,14)	(7,16)	(8,12)	(8,13)	(8,14)	(8,15)	(9,12)	(9,13)	(9,14)	(9,15)	(10,12)	(10,13)	(10,14)	(10,15)	(10,16)	(10,17)	(11,12)	(11,13)	(11,14)	(11,15)	(11,16)	(12,12)	(12,13)	(12,14)	(12,15)	(12,16)	(13,12)	(13,13)	(13,14)	(13,15)	(13,16)	(14,12)	(14,13)	(14,14)	(14,15)	(14,16)	(15,12)	(15,13)	(15,14)	(15,15)	(15,16)	(16,12)	(16,13)	(16,14)	(16,15)	(16,16)	(16,17)	(16,18)	(16,19)	(17,12)	(17,13)	(17,14)	(17,15)	(17,16)	(17,17)	(17,18)	(17,19)	(18,12)	(18,20)	
(18,20):(3,19)	(4,20)	(5,20)	(6,20)	(7,20)	(8,20)	(11,18)	(11,19)	(12,11)	(12,19)	(13,11)	(13,12)	(13,19)	(14,11)	(14,12)	(14,13)	(14,14)	(14,19)	(15,11)	(15,12)	(15,13)	(15,14)	(15,15)	(15,19)	(16,11)	(16,12)	(16,13)	(16,14)	(16,15)	(16,16)	(16,17)	(16,18)	(16,19)	(17,12)	(17,13)	(17,14)	(17,15)	(17,16)	(17,17)	(17,18)	(17,19)	(18,12)	(18,20)	
(8,20):(3,19)	(3,26)	(4,20)	(4,21)	(4,22)	(4,23)	(4,24)	(4,25)	(4,26)	(4,27)	(5,20)	(5,21)	(5,22)	(5,23)	(5,24)	(5,25)	(5,26)	(5,27)	(5,28)	(5,29)	(6,20)	(6,21)	(6,22)	(6,23)	(6,24)	(6,25)	(6,26)	(6,27)	(6,28)	(7,20)	(7,21)	(7,22)	(7,23)	(7,24)	(7,25)	(7,26)	(7,27)	(7,28)	(8,20)	(8,24)	(8,25)	(8,26)	(8,27)	(8,28)	(11,19)	(12,19)	(13,19)	(14,19)	(15,19)	(16,18)	(16,19)	(17,18)	(17,19)	(18,20)	
(8,24):(2,27)	(3,19)	(3,26)	(4,20)	(4,21)	(4,22)	(4,23)	(4,24)	(4,25)	(4,26)	(4,27)	(5,20)	(5,21)	(5,22)	(5,23)	(5,24)	(5,25)	(5,26)	(5,27)	(5,28)	(5,29)	(6,20)	(6,21)	(6,22)	(6,23)	(6,24)	(6,25)	(6,26)	(6,27)	(6,28)	(7,20)	(7,21)	(7,22)	(7,23)	(7,24)	(7,25)	(7,26)	(7,27)	(7,28)	(8,20)	(8,24)	(8,25)	(8,26)	(8,27)	(8,28)	(9,24)	(9,25)	(9,26)	(9,27)	(9,28)	(10,24)	(10,25)	(10,26)	(10,27)	(10,28)	(11,24)	(11,25)	(11,26)	(11,27)	(11,28)	(12,24)	(12,25)	(12,26)	(12,27)	(12,28)	(13,24)	(13,25)	(13,26)	(13,27)	(13,28)	(13,29)	(14,24)	(14,25)	(14,26)	(14,27)	(14,28)	(14,29)	(14,30)	
(9,24):(2,27)	(3,26)	(4,24)	(4,25)	(4,26)	(4,27)	(5,24)	(5,25)	(5,26)	(5,27)	(5,28)	(5,29)	(6,24)	(6,25)	(6,26)	(6,27)	(6,28)	(7,24)	(7,25)	(7,26)	(7,27)	(7,28)	(8,24)	(8,25)	(8,26)	(8,27)	(8,28)	(9,21)	(9,24)	(9,25)	(9,26)	(9,27)	(9,28)	(10,22)	(10,23)	(10,24)	(10,25)	(10,26)	(10,27)	(10,28)	(11,22)	(11,23)	(11,24)	(11,25)	(11,26)	(11,27)	(11,28)	(12,21)	(12,23)	(12,24)	(12,25)	(12,26)	(12,27)	(12,28)	(13,24)	(13,25)	(13,26)	(13,27)	(13,28)	(13,29)	(14,24)	(14,25)	(14,26)	(14,27)	(14,28)	(14,29)	(14,30)	(15,23)	
(9,21):(9,21)	(9,24)	(9,25)	(9,26)	(9,27)	(9,28)	(10,22)	(10,23)	(10,24)	(10,25)	(10,26)	(10,27)	(10,28)	(11,22)	(11,23)	(11,24)	(11,25)	(11,26)	(11,27)	(11,28)	(12,21)	(12,23)	(12,24)	(12,25)	(12,26)	(12,27)	(12,28)	(13,24)	(13,25)	(13,26)	(13,27)	(13,28)	(13,29)	(14,25)	(14,26)	(14,27)	(14,28)	(14,29)	(14,30)	(14,31)	
(12,21):(5,28)	(5,29)	(6,27)	(6,28)	(7,26)	(7,27)	(7,28)	(8,25)	(8,26)	(8,27)	(8,28)	(9,21)	(9,24)	(9,25)	(9,26)	(9,27)	(9,28)	(10,22)	(10,23)	(10,24)	(10,25)	(10,26)	(10,27)	(10,28)	(11,22)	(11,23)	(11,24)	(11,25)	(11,26)	(11,27)	(11,28)	(12,21)	(12,23)	(12,24)	(12,25)	(12,26)	(12,27)	(12,28)	
(12,23):(2,27)	(3,26)	(4,26)	(4,27)	(5,26)	(5,27)	(5,28)	(5,29)	(6,25)	(6,26)	(6,27)	(6,28)	(7,25)	(7,26)	(7,27)	(7,28)	(8,25)	(8,26)	(8,27)	(8,28)	(9,21)	(9,24)	(9,25)	(9,26)	(9,27)	(9,28)	(10,22)	(10,23)	(10,24)	(10,25)	(10,26)	(10,27)	(10,28)	(11,22)	(11,23)	(11,24)	(11,25)	(11,26)	(11,27)	(11,28)	(12,21)	(12,23)	(12,24)	(12,25)	(12,26)	(12,27)	(12,28)	(13,24)	(13,25)	(13,26)	(13,27)	(13,28)	(13,29)	(14,24)	(14,25)	(14,26)	(14,27)	(14,28)	(14,29)	(14,30)	(14,31)	(14,32)	(15,23)	(15,36)	
(15,23):(2,27)	(3,26)	(4,25)	(4,26)	(4,27)	(5,25)	(5,26)	(5,27)	(5,28)	(5,29)	(6,25)	(6,26)	(6,27)	(6,28)	(7,25)	(7,26)	(7,27)	(7,28)	(8,25)	(8,26)	(8,27)	(8,28)	(9,24)	(9,25)	(9,26)	(9,27)	(9,28)	(10,23)	(10,24)	(10,25)	(10,26)	(10,27)	(10,28)	(11,23)	(11,24)	(11,25)	(11,26)	(11,27)	(11,28)	(12,23)	(12,24)	(12,25)	(12,26)	(12,27)	(12,28)	(13,24)	(13,25)	(13,26)	(13,27)	(13,28)	(13,29)	(13,32)	(14,24)	(14,25)	(14,26)	(14,27)	(14,28)	(14,29)	(14,30)	(14,31)	(14,32)	(14,37)	(15,23)	(15,36)	
(15,36):(12,23)	(12,24)	(13,24)	(13,25)	(13,26)	(13,27)	(13,28)	(14,24)	(14,25)	(14,26)	(14,27)	(14,28)	(14,29)	(14,30)	(14,31)	(14,32)	(14,37)	(15,23)	(15,36)	(29,36)	(30,36)	(31,36)	(32,37)	
(29,36):(14,37)	(15,36)	(29,34)	(29,36)	(30,35)	(30,36)	(31,34)	(31,35)	(31,36)	(32,37)	
(29,34):(29,34)	(29,36)	(30,35)	(30,36)	(31,34)	(31,35)	(31,36)	(32,37)	
(31,34):(29,34)	(29,36)	(30,35)	(30,36)	(31,22)	(31,34)	(31,35)	(31,36)	(32,23)	(32,24)	(32,25)	(32,26)	(32,27)	(32,28)	(32,29)	(32,30)	(32,37)	(33,23)	(33,24)	(33,25)	(33,26)	
(31,22):(31,22)	(31,34)	(31,35)	(31,36)	(32,23)	(32,24)	(32,25)	(32,26)	(32,27)	(32,28)	(32,29)	(32,30)	(32,37)	(33,23)	(33,24)	(33,25)	(33,26)	(33,27)	(33,28)	(33,29)	(34,23)	(34,24)	(34,25)	(34,26)	(34,27)	(34,28)	(34,29)	(35,23)	(35,24)	(35,25)	(35,26)	(35,27)	(35,28)	(35,30)	(36,22)	(36,23)	(36,24)	(36,25)	(36,26)	(36,27)	(37,28)	
(36,22):(31,22)	(32,23)	(32,24)	(32,25)	(32,26)	(32,27)	(32,28)	(32,29)	(32,30)	(33,23)	(33,24)	(33,25)	(33,26)	(33,27)	(33,28)	(33,29)	(34,23)	(34,24)	(34,25)	(34,26)	(34,27)	(34,28)	(34,29)	(35,23)	(35,24)	(35,25)	(35,26)	(35,27)	(35,28)	(36,8)	(36,9)	(36,10)	(36,11)	(36,12)	(36,13)	(36,14)	(36,15)	(36,22)	(36,23)	(36,24)	(36,25)	(36,26)	(36,27)	(37,7)	(37,28)	
(36,15):(23,6)	(24,7)	(25,7)	(26,7)	(26,8)	(27,7)	(27,8)	(27,9)	(28,1)	(28,7)	(28,8)	(28,9)	(29,2)	(29,3)	(29,7)	(29,8)	(29,9)	(29,10)	(30,2)	(30,3)	(30,4)	(30,5)	(30,6)	(30,7)	(30,8)	(30,9)	(30,10)	(30,11)	(31,2)	(31,3)	(31,4)	(31,5)	(31,6)	(31,7)	(31,8)	(31,9)	(31,10)	(31,11)	(32,2)	(32,3)	(32,4)	(32,5)	(32,6)	(32,7)	(32,8)	(32,9)	(32,10)	(32,11)	(32,12)	(33,3)	(33,4)	(33,5)	(33,6)	(33,7)	(33,8)	(33,9)	(33,10)	(33,11)	(33,12)	(33,13)	(33,15)	(34,7)	(34,8)	(34,9)	(34,10)	(34,11)	(34,12)	(34,13)	(34,14)	(35,8)	(35,9)	(35,10)	(35,11)	(35,12)	(35,13)	(35,14)	(36,8)	(36,9)	(36,10)	(36,11)	(36,12)	(36,13)	(36,14)	(36,15)	(36,22)	(36,23)	(36,24)	(36,25)	(36,26)	(36,27)	(37,7)	(37,28)	
(33,15):(33,2)	(33,3)	(33,4)	(33,5)	(33,6)	(33,7)	(33,8)	(33,9)	(33,10)	(33,11)	(33,12)	(33,13)	(33,15)	(34,1)	(34,7)	(34,8)	(34,9)	(34,10)	(34,11)	(34,12)	(34,13)	(34,14)	(35,8)	(35,9)	(35,10)	(35,11)	(35,12)	(35,13)	(35,14)	(36,8)	(36,9)	(36,10)	(36,11)	(36,12)	(36,13)	(36,14)	(36,15)	(37,7)	
(33,13):(21,11)	(21,12)	(21,13)	(22,11)	(22,12)	(23,6)	(23,11)	(23,12)	(24,7)	(24,8)	(24,9)	(24,10)	(24,11)	(24,12)	(25,7)	(25,8)	(25,9)	(25,10)	(25,11)	(25,12)	(26,7)	(26,8)	(26,9)	(26,10)	(26,11)	(26,12)	(27,7)	(27,8)	(27,9)	(27,10)	(27,11)	(27,12)	(28,7)	(28,8)	(28,9)	(28,10)	(28,11)	(28,12)	(29,2)	(29,7)	(29,8)	(29,9)	(29,10)	(29,11)	(29,12)	(30,2)	(30,3)	(30,4)	(30,5)	(30,6)	(30,7)	(30,8)	(30,9)	(30,10)	(30,11)	(30,12)	(31,2)	(31,3)	(31,4)	(31,5)	(31,6)	(31,7)	(31,8)	(31,9)	(31,10)	(31,11)	(31,12)	(32,2)	(32,3)	(32,4)	(32,5)	(32,6)	(32,7)	(32,8)	(32,9)	(32,10)	(32,11)	(32,12)	(33,2)	(33,3)	(33,4)	(33,5)	(33,6)	(33,7)	(33,8)	(33,9)	(33,10)	(33,11)	(33,12)	(33,13)	(33,15)	(34,1)	(34,7)	(34,8)	(34,9)	(34,10)	(34,11)	(34,12)	(34,13)	(34,14)	(35,8)	(35,9)	(35,10)	(35,11)	(35,12)	(35,13)	(35,14)	(36,8)	(36,9)	(36,10)	(36,11)	(36,12)	(36,13)	(36,14)	(36,15)	(37,7)	
(21,13):(20,3)	(20,33)	(21,4)	(21,5)	(21,6)	(21,7)	(21,8)	(21,9)	(21,10)	(21,11)	(21,12)	(21,13)	(21,25)	(21,26)	(21,27)	(21,28)	(21,29)	(21,30)	(21,31)	(21,32)	(22,3)	(22,11)	(22,12)	(23,11)	(23,12)	(24,10)	(24,11)	(24,12)	(25,9)	(25,10)	(25,11)	(25,12)	(26,8)	(26,9)	(26,10)	(26,11)	(26,12)	(27,7)	(27,8)	(27,9)	(27,10)	(27,11)	(27,12)	(28,7)	(28,8)	(28,9)	(28,10)	(28,11)	(28,12)	(29,7)	(29,8)	(29,9)	(29,10)	(29,11)	(29,12)	(30,6)	(30,7)	(30,8)	(30,9)	(30,10)	(30,11)	(30,12)	(31,6)	(31,7)	(31,8)	(31,9)	(31,10)	(31,11)	(31,12)	(32,5)	(32,6)	(32,7)	(32,8)	(32,9)	(32,10)	(32,11)	(32,12)	(33,4)	(33,5)	(33,6)	(33,7)	(33,8)	(33,9)	(33,10)	(33,11)	(33,12)	(33,13)	(34,7)	(34,8)	(34,9)	(34,10)	(34,11)	(34,12)	(34,13)	(35,8)	(35,9)	(35,10)	(35,11)	(35,12)	(35,13)	(36,8)	(36,9)	(36,10)	(36,11)	(36,12)	(36,13)	(37,7)	
(21,25):(20,3)	(20,33)	(21,4)	(21,5)	(21,6)	(21,7)	(21,8)	(21,9)	(21,10)	(21,11)	(21,12)	(21,13)	(21,25)	(21,26)	(21,27)	(21,28)	(21,29)	(21,30)	(21,31)	(21,32)	(22,26)	(22,27)	(22,28)	(22,29)	(22,30)	(22,31)	(22,32)	(23,26)	(23,27)	(23,28)	(23,29)	(23,30)	(23,31)	(23,32)	(24,25)	(24,31)	(24,32)	
(24,25):(20,33)	(21,25)	(21,26)	(21,27)	(21,28)	(21,29)	(21,30)	(21,31)	(21,32)	(22,26)	(22,27)	(22,28)	(22,29)	(22,30)	(22,31)	(22,32)	(23,26)	(23,27)	(23,28)	(23,29)	(23,30)	(23,31)	(23,32)	(24,25)	(24,31)	(24,32)	
(24,31):(20,33)	(21,25)	(21,26)	(21,27)	(21,28)	(21,29)	(21,30)	(21,31)	(21,32)	(22,26)	(22,27)	(22,28)	(22,29)	(22,30)	(22,31)	(22,32)	(23,26)	(23,27)	(23,28)	(23,29)	(23,30)	(23,31)	(23,32)	(24,25)	(24,31)	(24,32)	(25,32)	(26,32)	(27,31)	(27,33)	
(27,31):(20,33)	(21,31)	(21,32)	(22,31)	(22,32)	(23,31)	(23,32)	(24,31)	(24,32)	(25,32)	(26,32)	(27,31)	(27,33)	
(27,33):(20,33)	(21,29)	(21,30)	(21,31)	(21,32)	(22,30)	(22,31)	(22,32)	(23,31)	(23,32)	(24,31)	(24,32)	(25,32)	(26,32)	(27,31)	(27,33)	
(20,33):(20,3)	(20,33)	(21,4)	(21,5)	(21,6)	(21,7)	(21,8)	(21,9)	(21,10)	(21,11)	(21,12)	(21,13)	(21,25)	(21,26)	(21,27)	(21,28)	(21,29)	(21,30)	(21,31)	(21,32)	(22,26)	(22,27)	(22,28)	(22,29)	(22,30)	(22,31)	(22,32)	(23,26)	(23,27)	(23,28)	(23,29)	(23,30)	(23,31)	(23,32)	(24,25)	(24,31)	(24,32)	(25,32)	(26,32)	(27,31)	(27,33)	
(20,3):(20,3)	(20,33)	(21,4)	(21,5)	(21,6)	(21,7)	(21,8)	(21,9)	(21,10)	(21,11)	(21,12)	(21,13)	(21,25)	(21,26)	(21,27)	(21,28)	(21,29)	(21,30)	(21,31)	(21,32)	(22,3)	(22,11)	(22,12)	
(22,3):(20,3)	(21,4)	(21,5)	(21,6)	(21,7)	(21,8)	(21,9)	(21,10)	(21,11)	(21,12)	(21,13)	(22,3)	(22,11)	(22,12)	
(22,11):(20,3)	(21,4)	(21,5)	(21,6)	(21,7)	(21,8)	(21,9)	(21,10)	(21,11)	(21,12)	(21,13)	(22,3)	(22,11)	(22,12)	(23,11)	(23,12)	(24,11)	(24,12)	(25,11)	(25,12)	(26,11)	(26,12)	(27,11)	(27,12)	(28,11)	(28,12)	(29,11)	(29,12)	(30,11)	(30,12)	(31,11)	(31,12)	(32,11)	(32,12)	(33,11)	(33,12)	(33,13)	(34,11)	(34,12)	(34,13)	(35,11)	(35,12)	(35,13)	(36,11)	(36,12)	(36,13)	
(23,11):(21,11)	(21,12)	(21,13)	(22,11)	(22,12)	(23,6)	(23,11)	(23,12)	(24,7)	(24,8)	(24,9)	(24,10)	(24,11)	(24,12)	(25,7)	(25,8)	(25,9)	(25,10)	(25,11)	(25,12)	(26,7)	(26,8)	(26,9)	(26,10)	(26,11)	(26,12)	(27,7)	(27,8)	(27,9)	(27,10)	(27,11)	(27,12)	(28,7)	(28,8)	(28,9)	(28,10)	(28,11)	(28,12)	(29,7)	(29,8)	(29,9)	(29,10)	(29,11)	(29,12)	(30,6)	(30,7)	(30,8)	(30,9)	(30,10)	(30,11)	(30,12)	(31,6)	(31,7)	(31,8)	(31,9)	(31,10)	(31,11)	(31,12)	(32,5)	(32,6)	(32,7)	(32,8)	(32,9)	(32,10)	(32,11)	(32,12)	(33,4)	(33,5)	(33,6)	(33,7)	(33,8)	(33,9)	(33,10)	(33,11)	(33,12)	(33,13)	(34,7)	(34,8)	(34,9)	(34,10)	(34,11)	(34,12)	(34,13)	(35,8)	(35,9)	(35,10)	(35,11)	(35,12)	(35,13)	(36,8)	(36,9)	(36,10)	(36,11)	(36,12)	(36,13)	(37,7)	
(23,6):(23,6)	(23,11)	(23,12)	(24,7)	(24,8)	(24,9)	(24,10)	(24,11)	(24,12)	(25,7)	(25,8)	(25,9)	(25,10)	(25,11)	(25,12)	(26,7)	(26,8)	(26,9)	(26,10)	(26,11)	(26,12)	(27,7)	(27,8)	(27,9)	(27,10)	(27,11)	(27,12)	(28,7)	(28,8)	(28,9)	(28,10)	(28,11)	(28,12)	(29,7)	(29,8)	(29,9)	(29,10)	(29,11)	(29,12)	(30,6)	(30,7)	(30,8)	(30,9)	(30,10)	(30,11)	(30,12)	(31,6)	(31,7)	(31,8)	(31,9)	(31,10)	(31,11)	(31,12)	(32,6)	(32,7)	(32,8)	(32,9)	(32,10)	(32,11)	(32,12)	(33,6)	(33,7)	(33,8)	(33,9)	(33,10)	(33,11)	(33,12)	(33,13)	(34,7)	(34,8)	(34,9)	(34,10)	(34,11)	(34,12)	(34,13)	(35,8)	(35,9)	(35,10)	(35,11)	(35,12)	(35,13)	(35,14)	(36,8)	(36,9)	(36,10)	(36,11)	(36,12)	(36,13)	(36,14)	(36,15)	
(30,6):(21,13)	(22,12)	(23,6)	(23,11)	(23,12)	(24,7)	(24,8)	(24,9)	(24,10)	(24,11)	(24,12)	(25,7)	(25,8)	(25,9)	(25,10)	(25,11)	(25,12)	(26,7)	(26,8)	(26,9)	(26,10)	(26,11)	(26,12)	(27,7)	(27,8)	(27,9)	(27,10)	(27,11)	(27,12)	(28,7)	(28,8)	(28,9)	(28,10)	(28,11)	(28,12)	(29,7)	(29,8)	(29,9)	(29,10)	(29,11)	(29,12)	(30,2)	(30,3)	(30,4)	(30,5)	(30,6)	(30,7)	(30,8)	(30,9)	(30,10)	(30,11)	(30,12)	(31,2)	(31,3)	(31,4)	(31,5)	(31,6)	(31,7)	(31,8)	(31,9)	(31,10)	(31,11)	(31,12)	(32,2)	(32,3)	(32,4)	(32,5)	(32,6)	(32,7)	(32,8)	(32,9)	(32,10)	(32,11)	(32,12)	(33,2)	(33,3)	(33,4)	(33,5)	(33,6)	(33,7)	(33,8)	(33,9)	(33,10)	(33,11)	(33,12)	(33,13)	(34,1)	(34,7)	(34,8)	(34,9)	(34,10)	(34,11)	(34,12)	(34,13)	(34,14)	(35,8)	(35,9)	(35,10)	(35,11)	(35,12)	(35,13)	(35,14)	(36,8)	(36,9)	(36,10)	(36,11)	(36,12)	(36,13)	(36,14)	(36,15)	
(30,5):(25,5)	(26,4)	(28,1)	(28,4)	(29,2)	(29,3)	(29,4)	(30,2)	(30,3)	(30,4)	(30,5)	(30,6)	(30,7)	(30,8)	(30,9)	(30,10)	(30,11)	(30,12)	(31,2)	(31,3)	(31,4)	(31,5)	(31,6)	(31,7)	(31,8)	(31,9)	(31,10)	(31,11)	(31,12)	(32,2)	(32,3)	(32,4)	(32,5)	(32,6)	(32,7)	(32,8)	(32,9)	(32,10)	(32,11)	(32,12)	(33,2)	(33,3)	(33,4)	(33,5)	(33,6)	(33,7)	(33,8)	(33,9)	(33,10)	(33,11)	(33,12)	(33,13)	(34,1)	(34,7)	(34,8)	(34,9)	(34,10)	(34,11)	(34,12)	(34,13)	(34,14)	(35,8)	(35,9)	(35,10)	(35,11)	(35,12)	(35,13)	(35,14)	(36,8)	(36,9)	(36,10)	(36,11)	(36,12)	(36,13)	(36,14)	(36,15)	
(25,5):(25,2)	(25,5)	(26,2)	(26,4)	(28,4)	(29,4)	(30,4)	(30,5)	(31,3)	(31,4)	(31,5)	(32,3)	(32,4)	(32,5)	(33,3)	(33,4)	(33,5)	
(25,2):(25,2)	(25,5)	(26,2)	(26,4)	
(26,2):(25,2)	(25,5)	(26,2)	(26,4)	
(26,4):(25,2)	(25,5)	(26,2)	(26,4)	(28,4)	(29,4)	(30,4)	(30,5)	(31,4)	(31,5)	(32,4)	(32,5)	(33,4)	(33,5)	
(28,4):(25,5)	(26,4)	(28,1)	(28,4)	(29,2)	(29,3)	(29,4)	(30,2)	(30,3)	(30,4)	(30,5)	(31,2)	(31,3)	(31,4)	(31,5)	(32,2)	(32,3)	(32,4)	(32,5)	(32,6)	(33,2)	(33,3)	(33,4)	(33,5)	(33,6)	(34,1)	(34,7)	
(28,1):59.375000
(34,1):78.599998
(34,7):136.594406
(37,7):111.101784
(37,28):53.461540
(35,28):47.333332
(35,30):32.000000
(32,30):51.791668
(32,37):36.029411
(14,37):31.299999
(14,32):31.347221
(13,32):18.000000
(13,29):90.222221
(5,29):96.566666
(5,35):20.000000
(4,35):24.333334
(4,27):96.430161
(2,27):44.428570
(2,26):31.545454
(3,26):87.516670
(3,19):72.500000
(11,19):26.566668
(11,18):14.000000
(16,18):32.724998
(16,17):102.392860
(10,17):54.000000
(10,16):93.000000
(7,16):64.000000
(7,14):105.416664
(1,14):76.500000
(1,8):90.837502
(19,8):18.961538
(19,9):18.000000
(6,9):43.000000
(6,10):106.475754
(17,10):94.250000
(17,12):104.606064
(18,12):70.666664
(18,20):52.083332
(8,20):65.916664
(8,24):86.633331
(9,24):73.958336
(9,21):43.000000
(12,21):37.071430
(12,23):72.849510
(15,23):73.175003
(15,36):41.663460
(29,36):24.500000
(29,34):9.000000
(31,34):29.500000
(31,22):51.000000
(36,22):59.666668
(36,15):102.833336
(33,15):38.000000
(33,13):132.696976
(21,13):130.722229
(21,25):55.000000
(24,25):32.000000
(24,31):39.000000
(27,31):14.000000
(27,33):19.333334
(20,33):62.500000
(20,3):41.954544
(22,3):25.000000
(22,11):52.454544
(23,11):108.814285
(23,6):100.079918
(30,6):124.942459
(30,5):82.958336
(25,5):17.000000
(25,2):3.250000
(26,2):3.000000
(26,4):13.000000
(28,4):31.000000
(28,1),(34,1):40.000000
(28,1),(34,7):58.375000
(28,1),(37,7):28.375000
(28,1),(37,28):7.875000
(28,1),(35,28):0.036290
(28,1),(35,30):0.000000
(28,1),(32,30):0.000000
(28,1),(32,37):0.000000
(28,1),(14,37):0.000000
(28,1),(14,32):0.000000
(28,1),(13,32):0.000000
(28,1),(13,29):0.000000
(28,1),(5,29):0.000000
(28,1),(5,35):0.000000
(28,1),(4,35):0.000000
(28,1),(4,27):0.000000
(28,1),(2,27):0.000000
(28,1),(2,26):0.000000
(28,1),(3,26):0.000000
(28,1),(3,19):0.000000
(28,1),(11,19):0.000000
(28,1),(11,18):0.000000
(28,1),(16,18):0.000000
(28,1),(16,17):0.000000
(28,1),(10,17):0.000000
(28,1),(10,16):0.000000
(28,1),(7,16):0.000000
(28,1),(7,14):0.000000
(28,1),(1,14):0.000000
(28,1),(1,8):0.000000
(28,1),(19,8):0.000000
(28,1),(19,9):0.000000
(28,1),(6,9):0.000000
(28,1),(6,10):0.000000
(28,1),(17,10):0.000000
(28,1),(17,12):0.000000
(28,1),(18,12):0.000000
(28,1),(18,20):0.000000
(28,1),(8,20):0.000000
(28,1),(8,24):0.000000
(28,1),(9,24):0.000000
(28,1),(9,21):0.000000
(28,1),(12,21):0.000000
(28,1),(12,23):0.000000
(28,1),(15,23):0.000000
(28,1),(15,36):0.000000
(28,1),(29,36):0.000000
(28,1),(29,34):0.000000
(28,1),(31,34):0.000000
(28,1),(31,22):0.000000
(28,1),(36,22):6.375000
(28,1),(36,15):51.541668
(28,1),(33,15):29.500000
(28,1),(33,13):53.833332
(28,1),(21,13):31.902222
(28,1),(21,25):0.000000
(28,1),(24,25):0.000000
(28,1),(24,31):0.000000
(28,1),(27,31):0.000000
(28,1),(27,33):0.000000
(28,1),(20,33):0.000000
(28,1),(20,3):0.000000
(28,1),(22,3):0.000000
(28,1),(22,11):8.354546
(28,1),(23,11):32.887386
(28,1),(23,6):30.700550
(28,1),(30,6):51.250000
(28,1),(30,5):59.333332
(28,1),(25,5):12.000000
(28,1),(25,2):0.000000
(28,1),(26,2):0.000000
(28,1),(26,4):8.000000
(28,1),(28,4):28.000000
(34,1),(34,7):76.599998
(34,1),(37,7):45.200001
(34,1),(37,28):0.000000
(34,1),(35,28):0.000000
(34,1),(35,30):0.000000
(34,1),(32,30):0.000000
(34,1),(32,37):0.000000
(34,1),(14,37):0.000000
(34,1),(14,32):0.000000
(34,1),(13,32):0.000000
(34,1),(13,29):0.000000
(34,1),(5,29):0.000000
(34,1),(5,35):0.000000
(34,1),(4,35):0.000000
(34,1),(4,27):0.000000
(34,1),(2,27):0.000000
(34,1),(2,26):0.000000
(34,1),(3,26):0.000000
(34,1),(3,19):0.000000
(34,1),(11,19):0.000000
(34,1),(11,18):0.000000
(34,1),(16,18):0.000000
(34,1),(16,17):0.000000
(34,1),(10,17):0.000000
(34,1),(10,16):0.000000
(34,1),(7,16):0.000000
(34,1),(7,14):0.000000
(34,1),(1,14):0.000000
(34,1),(1,8):0.000000
(34,1),(19,8):0.000000
(34,1),(19,9):0.000000
(34,1),(6,9):0.000000
(34,1),(6,10):0.000000
(34,1),(17,10):0.000000
(34,1),(17,12):0.000000
(34,1),(18,12):0.000000
(34,1),(18,20):0.000000
(34,1),(8,20):0.000000
(34,1),(8,24):0.000000
(34,1),(9,24):0.000000
(34,1),(9,21):0.000000
(34,1),(12,21):0.000000
(34,1),(12,23):0.000000
(34,1),(15,23):0.000000
(34,1),(15,36):0.000000
(34,1),(29,36):0.000000
(34,1),(29,34):0.000000
(34,1),(31,34):0.000000
(34,1),(31,22):0.000000
(34,1),(36,22):0.000000
(34,1),(36,15):53.688404
(34,1),(33,15):14.000000
(34,1),(33,13):72.599998
(34,1),(21,13):53.822224
(34,1),(21,25):0.000000
(34,1),(24,25):0.000000
(34,1),(24,31):0.000000
(34,1),(27,31):0.000000
(34,1),(27,33):0.000000
(34,1),(20,33):0.000000
(34,1),(20,3):0.000000
(34,1),(22,3):0.000000
(34,1),(22,11):17.690908
(34,1),(23,11):53.414288
(34,1),(23,6):47.950001
(34,1),(30,6):68.742859
(34,1),(30,5):58.250000
(34,1),(25,5):13.000000
(34,1),(25,2):0.050000
(34,1),(26,2):0.000000
(34,1),(26,4):9.000000
(34,1),(28,4):29.000000
(34,7),(37,7):98.551140
(34,7),(37,28):12.461538
(34,7),(35,28):0.450000
(34,7),(35,30):0.000000
(34,7),(32,30):0.000000
(34,7),(32,37):0.000000
(34,7),(14,37):0.000000
(34,7),(14,32):0.000000
(34,7),(13,32):0.000000
(34,7),(13,29):0.000000
(34,7),(5,29):0.000000
(34,7),(5,35):0.000000
(34,7),(4,35):0.000000
(34,7),(4,27):0.000000
(34,7),(2,27):0.000000
(34,7),(2,26):0.000000
(34,7),(3,26):0.000000
(34,7),(3,19):0.000000
(34,7),(11,19):0.000000
(34,7),(11,18):0.000000
(34,7),(16,18):0.000000
(34,7),(16,17):0.000000
(34,7),(10,17):0.000000
(34,7),(10,16):0.000000
(34,7),(7,16):0.000000
(34,7),(7,14):0.000000
(34,7),(1,14):0.000000
(34,7),(1,8):0.000000
(34,7),(19,8):0.000000
(34,7),(19,9):0.000000
(34,7),(6,9):0.000000
(34,7),(6,10):0.000000
(34,7),(17,10):0.000000
(34,7),(17,12):0.000000
(34,7),(18,12):0.000000
(34,7),(18,20):0.000000
(34,7),(8,20):0.000000
(34,7),(8,24):0.000000
(34,7),(9,24):0.000000
(34,7),(9,21):0.000000
(34,7),(12,21):0.000000
(34,7),(12,23):0.000000
(34,7),(15,23):0.000000
(34,7),(15,36):0.000000
(34,7),(29,36):0.000000
(34,7),(29,34):0.000000
(34,7),(31,34):0.000000
(34,7),(31,22):0.000000
(34,7),(36,22):10.000000
(34,7),(36,15):91.833336
(34,7),(33,15):38.000000
(34,7),(33,13):130.696976
(34,7),(21,13):93.316628
(34,7),(21,25):1.321678
(34,7),(24,25):0.000000
(34,7),(24,31):0.000000
(34,7),(27,31):0.000000
(34,7),(27,33):0.000000
(34,7),(20,33):1.362924
(34,7),(20,3):3.261072
(34,7),(22,3):2.776224
(34,7),(22,11):34.048950
(34,7),(23,11):106.908691
(34,7),(23,6):100.079918
(34,7),(30,6):124.784340
(34,7),(30,5):78.833336
(34,7),(25,5):11.000000
(34,7),(25,2):0.000000
(34,7),(26,2):0.000000
(34,7),(26,4):7.000000
(34,7),(28,4):27.000000
(37,7),(37,28):24.661539
(37,7),(35,28):10.200000
(37,7),(35,30):0.000000
(37,7),(32,30):6.992248
(37,7),(32,37):0.000000
(37,7),(14,37):0.000000
(37,7),(14,32):0.000000
(37,7),(13,32):0.000000
(37,7),(13,29):0.000000
(37,7),(5,29):0.000000
(37,7),(5,35):0.000000
(37,7),(4,35):0.000000
(37,7),(4,27):0.000000
(37,7),(2,27):0.000000
(37,7),(2,26):0.000000
(37,7),(3,26):0.000000
(37,7),(3,19):0.000000
(37,7),(11,19):0.000000
(37,7),(11,18):0.000000
(37,7),(16,18):0.000000
(37,7),(16,17):0.000000
(37,7),(10,17):0.000000
(37,7),(10,16):0.000000
(37,7),(7,16):0.000000
(37,7),(7,14):0.000000
(37,7),(1,14):0.000000
(37,7),(1,8):0.000000
(37,7),(19,8):0.000000
(37,7),(19,9):0.000000
(37,7),(6,9):0.000000
(37,7),(6,10):0.000000
(37,7),(17,10):0.000000
(37,7),(17,12):0.000000
(37,7),(18,12):0.000000
(37,7),(18,20):0.000000
(37,7),(8,20):0.000000
(37,7),(8,24):0.000000
(37,7),(9,24):0.000000
(37,7),(9,21):0.000000
(37,7),(12,21):0.000000
(37,7),(12,23):0.000000
(37,7),(15,23):0.000000
(37,7),(15,36):0.000000
(37,7),(29,36):0.000000
(37,7),(29,34):0.000000
(37,7),(31,34):0.000000
(37,7),(31,22):7.200000
(37,7),(36,22):22.200001
(37,7),(36,15):72.000000
(37,7),(33,15):32.000000
(37,7),(33,13):97.047623
(37,7),(21,13):80.901787
(37,7),(21,25):1.473214
(37,7),(24,25):0.000000
(37,7),(24,31):0.000000
(37,7),(27,31):0.000000
(37,7),(27,33):0.000000
(37,7),(20,33):1.524974
(37,7),(20,3):3.535119
(37,7),(22,3):3.044643
(37,7),(22,11):34.356331
(37,7),(23,11):90.501785
(37,7),(23,6):89.079918
(37,7),(30,6):93.741074
(37,7),(30,5):47.833332
(37,7),(25,5):0.000000
(37,7),(25,2):0.000000
(37,7),(26,2):0.000000
(37,7),(26,4):0.000000
(37,7),(28,4):0.000000
(37,28),(35,28):39.000000
(37,28),(35,30):24.000000
(37,28),(32,30):35.666668
(37,28),(32,37):6.000000
(37,28),(14,37):0.000000
(37,28),(14,32):0.000000
(37,28),(13,32):0.000000
(37,28),(13,29):0.000000
(37,28),(5,29):0.000000
(37,28),(5,35):0.000000
(37,28),(4,35):0.000000
(37,28),(4,27):0.000000
(37,28),(2,27):0.000000
(37,28),(2,26):0.000000
(37,28),(3,26):0.000000
(37,28),(3,19):0.000000
(37,28),(11,19):0.000000
(37,28),(11,18):0.000000
(37,28),(16,18):0.000000
(37,28),(16,17):0.000000
(37,28),(10,17):0.000000
(37,28),(10,16):0.000000
(37,28),(7,16):0.000000
(37,28),(7,14):0.000000
(37,28),(1,14):0.000000
(37,28),(1,8):0.000000
(37,28),(19,8):0.000000
(37,28),(19,9):0.000000
(37,28),(6,9):0.000000
(37,28),(6,10):0.000000
(37,28),(17,10):0.000000
(37,28),(17,12):0.000000
(37,28),(18,12):0.000000
(37,28),(18,20):0.000000
(37,28),(8,20):0.000000
(37,28),(8,24):0.000000
(37,28),(9,24):0.000000
(37,28),(9,21):0.000000
(37,28),(12,21):0.000000
(37,28),(12,23):0.000000
(37,28),(15,23):0.000000
(37,28),(15,36):0.000000
(37,28),(29,36):0.000000
(37,28),(29,34):0.000000
(37,28),(31,34):13.500000
(37,28),(31,22):36.000000
(37,28),(36,22):51.000000
(37,28),(36,15):23.461538
(37,28),(33,15):10.461538
(37,28),(33,13):10.794871
(37,28),(21,13):8.307693
(37,28),(21,25):0.000000
(37,28),(24,25):0.000000
(37,28),(24,31):0.000000
(37,28),(27,31):0.000000
(37,28),(27,33):0.000000
(37,28),(20,33):0.000000
(37,28),(20,3):0.000000
(37,28),(22,3):0.000000
(37,28),(22,11):3.169221
(37,28),(23,11):9.084976
(37,28),(23,6):10.486359
(37,28),(30,6):10.330882
(37,28),(30,5):9.543333
(37,28),(25,5):0.000000
(37,28),(25,2):0.000000
(37,28),(26,2):0.000000
(37,28),(26,4):0.000000
(37,28),(28,4):0.000000
(35,28),(35,30):32.000000
(35,28),(32,30):44.000000
(35,28),(32,37):8.333333
(35,28),(14,37):0.000000
(35,28),(14,32):0.000000
(35,28),(13,32):0.000000
(35,28),(13,29):0.000000
(35,28),(5,29):0.000000
(35,28),(5,35):0.000000
(35,28),(4,35):0.000000
(35,28),(4,27):0.000000
(35,28),(2,27):0.000000
(35,28),(2,26):0.000000
(35,28),(3,26):0.000000
(35,28),(3,19):0.000000
(35,28),(11,19):0.000000
(35,28),(11,18):0.000000
(35,28),(16,18):0.000000
(35,28),(16,17):0.000000
(35,28),(10,17):0.000000
(35,28),(10,16):0.000000
(35,28),(7,16):0.000000
(35,28),(7,14):0.000000
(35,28),(1,14):0.000000
(35,28),(1,8):0.000000
(35,28),(19,8):0.000000
(35,28),(19,9):0.000000
(35,28),(6,9):0.000000
(35,28),(6,10):0.000000
(35,28),(17,10):0.000000
(35,28),(17,12):0.000000
(35,28),(18,12):0.000000
(35,28),(18,20):0.000000
(35,28),(8,20):0.000000
(35,28),(8,24):0.000000
(35,28),(9,24):0.000000
(35,28),(9,21):0.000000
(35,28),(12,21):0.000000
(35,28),(12,23):0.000000
(35,28),(15,23):0.000000
(35,28),(15,36):0.000000
(35,28),(29,36):0.000000
(35,28),(29,34):0.000000
(35,28),(31,34):16.333334
(35,28),(31,22):44.333332
(35,28),(36,22):47.000000
(35,28),(36,15):9.000000
(35,28),(33,15):0.000000
(35,28),(33,13):0.000000
(35,28),(21,13):0.000000
(35,28),(21,25):0.000000
(35,28),(24,25):0.000000
(35,28),(24,31):0.000000
(35,28),(27,31):0.000000
(35,28),(27,33):0.000000
(35,28),(20,33):0.000000
(35,28),(20,3):0.000000
(35,28),(22,3):0.000000
(35,28),(22,11):0.000000
(35,28),(23,11):0.000000
(35,28),(23,6):0.000000
(35,28),(30,6):0.016667
(35,28),(30,5):0.028986
(35,28),(25,5):0.000000
(35,28),(25,2):0.000000
(35,28),(26,2):0.000000
(35,28),(26,4):0.000000
(35,28),(28,4):0.000000
(35,30),(32,30):32.000000
(35,30),(32,37):8.000000
(35,30),(14,37):0.000000
(35,30),(14,32):0.000000
(35,30),(13,32):0.000000
(35,30),(13,29):0.000000
(35,30),(5,29):0.000000
(35,30),(5,35):0.000000
(35,30),(4,35):0.000000
(35,30),(4,27):0.000000
(35,30),(2,27):0.000000
(35,30),(2,26):0.000000
(35,30),(3,26):0.000000
(35,30),(3,19):0.000000
(35,30),(11,19):0.000000
(35,30),(11,18):0.000000
(35,30),(16,18):0.000000
(35,30),(16,17):0.000000
(35,30),(10,17):0.000000
(35,30),(10,16):0.000000
(35,30),(7,16):0.000000
(35,30),(7,14):0.000000
(35,30),(1,14):0.000000
(35,30),(1,8):0.000000
(35,30),(19,8):0.000000
(35,30),(19,9):0.000000
(35,30),(6,9):0.000000
(35,30),(6,10):0.000000
(35,30),(17,10):0.000000
(35,30),(17,12):0.000000
(35,30),(18,12):0.000000
(35,30),(18,20):0.000000
(35,30),(8,20):0.000000
(35,30),(8,24):0.000000
(35,30),(9,24):0.000000
(35,30),(9,21):0.000000
(35,30),(12,21):0.000000
(35,30),(12,23):0.000000
(35,30),(15,23):0.000000
(35,30),(15,36):0.000000
(35,30),(29,36):0.000000
(35,30),(29,34):0.000000
(35,30),(31,34):16.000000
(35,30),(31,22):32.000000
(35,30),(36,22):31.666666
(35,30),(36,15):0.000000
(35,30),(33,15):0.000000
(35,30),(33,13):0.000000
(35,30),(21,13):0.000000
(35,30),(21,25):0.000000
(35,30),(24,25):0.000000
(35,30),(24,31):0.000000
(35,30),(27,31):0.000000
(35,30),(27,33):0.000000
(35,30),(20,33):0.000000
(35,30),(20,3):0.000000
(35,30),(22,3):0.000000
(35,30),(22,11):0.000000
(35,30),(23,11):0.000000
(35,30),(23,6):0.000000
(35,30),(30,6):0.000000
(35,30),(30,5):0.000000
(35,30),(25,5):0.000000
(35,30),(25,2):0.000000
(35,30),(26,2):0.000000
(35,30),(26,4):0.000000
(35,30),(28,4):0.000000
(32,30),(32,37):16.125000
(32,30),(14,37):1.848729
(32,30),(14,32):0.000000
(32,30),(13,32):0.000000
(32,30),(13,29):0.000000
(32,30),(5,29):0.000000
(32,30),(5,35):0.000000
(32,30),(4,35):0.000000
(32,30),(4,27):0.000000
(32,30),(2,27):0.000000
(32,30),(2,26):0.000000
(32,30),(3,26):0.000000
(32,30),(3,19):0.000000
(32,30),(11,19):0.000000
(32,30),(11,18):0.000000
(32,30),(16,18):0.000000
(32,30),(16,17):0.000000
(32,30),(10,17):0.000000
(32,30),(10,16):0.000000
(32,30),(7,16):0.000000
(32,30),(7,14):0.000000
(32,30),(1,14):0.000000
(32,30),(1,8):0.000000
(32,30),(19,8):0.000000
(32,30),(19,9):0.000000
(32,30),(6,9):0.000000
(32,30),(6,10):0.000000
(32,30),(17,10):0.000000
(32,30),(17,12):0.000000
(32,30),(18,12):0.000000
(32,30),(18,20):0.000000
(32,30),(8,20):0.000000
(32,30),(8,24):0.000000
(32,30),(9,24):0.000000
(32,30),(9,21):0.000000
(32,30),(12,21):0.000000
(32,30),(12,23):0.000000
(32,30),(15,23):0.000000
(32,30),(15,36):1.625000
(32,30),(29,36):4.625000
(32,30),(29,34):4.125000
(32,30),(31,34):24.125000
(32,30),(31,22):49.666668
(32,30),(36,22):44.333332
(32,30),(36,15):6.000000
(32,30),(33,15):0.000000
(32,30),(33,13):0.000000
(32,30),(21,13):0.000000
(32,30),(21,25):0.000000
(32,30),(24,25):0.000000
(32,30),(24,31):0.000000
(32,30),(27,31):0.000000
(32,30),(27,33):0.000000
(32,30),(20,33):0.000000
(32,30),(20,3):0.000000
(32,30),(22,3):0.000000
(32,30),(22,11):0.000000
(32,30),(23,11):0.000000
(32,30),(23,6):0.000000
(32,30),(30,6):0.000000
(32,30),(30,5):0.000000
(32,30),(25,5):0.000000
(32,30),(25,2):0.000000
(32,30),(26,2):0.000000
(32,30),(26,4):0.000000
(32,30),(28,4):0.000000
(32,37),(14,37):18.329412
(32,37),(14,32):1.154412
(32,37),(13,32):0.000000
(32,37),(13,29):0.000000
(32,37),(5,29):0.000000
(32,37),(5,35):0.000000
(32,37),(4,35):0.000000
(32,37),(4,27):0.000000
(32,37),(2,27):0.000000
(32,37),(2,26):0.000000
(32,37),(3,26):0.000000
(32,37),(3,19):0.000000
(32,37),(11,19):0.000000
(32,37),(11,18):0.000000
(32,37),(16,18):0.000000
(32,37),(16,17):0.000000
(32,37),(10,17):0.000000
(32,37),(10,16):0.000000
(32,37),(7,16):0.000000
(32,37),(7,14):0.000000
(32,37),(1,14):0.000000
(32,37),(1,8):0.000000
(32,37),(19,8):0.000000
(32,37),(19,9):0.000000
(32,37),(6,9):0.000000
(32,37),(6,10):0.000000
(32,37),(17,10):0.000000
(32,37),(17,12):0.000000
(32,37),(18,12):0.000000
(32,37),(18,20):0.000000
(32,37),(8,20):0.000000
(32,37),(8,24):0.000000
(32,37),(9,24):0.000000
(32,37),(9,21):0.000000
(32,37),(12,21):0.000000
(32,37),(12,23):0.115753
(32,37),(15,23):1.029412
(32,37),(15,36):18.029411
(32,37),(29,36):24.500000
(32,37),(29,34):9.000000
(32,37),(31,34):21.500000
(32,37),(31,22):15.000000
(32,37),(36,22):9.000000
(32,37),(36,15):0.000000
(32,37),(33,15):0.000000
(32,37),(33,13):0.000000
(32,37),(21,13):0.000000
(32,37),(21,25):0.000000
(32,37),(24,25):0.000000
(32,37),(24,31):0.000000
(32,37),(27,31):0.000000
(32,37),(27,33):0.000000
(32,37),(20,33):0.000000
(32,37),(20,3):0.000000
(32,37),(22,3):0.000000
(32,37),(22,11):0.000000
(32,37),(23,11):0.000000
(32,37),(23,6):0.000000
(32,37),(30,6):0.000000
(32,37),(30,5):0.000000
(32,37),(25,5):0.000000
(32,37),(25,2):0.000000
(32,37),(26,2):0.000000
(32,37),(26,4):0.000000
(32,37),(28,4):0.000000
(14,37),(14,32):14.125000
(14,37),(13,32):9.000000
(14,37),(13,29):10.500000
(14,37),(5,29):6.000000
(14,37),(5,35):0.000000
(14,37),(4,35):0.000000
(14,37),(4,27):6.333333
(14,37),(2,27):4.000000
(14,37),(2,26):3.409091
(14,37),(3,26):6.450000
(14,37),(3,19):0.000000
(14,37),(11,19):0.000000
(14,37),(11,18):0.000000
(14,37),(16,18):0.000000
(14,37),(16,17):0.000000
(14,37),(10,17):0.000000
(14,37),(10,16):0.000000
(14,37),(7,16):0.000000
(14,37),(7,14):0.000000
(14,37),(1,14):0.000000
(14,37),(1,8):0.000000
(14,37),(19,8):0.000000
(14,37),(19,9):0.000000
(14,37),(6,9):0.000000
(14,37),(6,10):0.000000
(14,37),(17,10):0.000000
(14,37),(17,12):0.000000
(14,37),(18,12):0.000000
(14,37),(18,20):0.000000
(14,37),(8,20):0.000000
(14,37),(8,24):6.500000
(14,37),(9,24):7.875000
(14,37),(9,21):7.333333
(14,37),(12,21):0.000000
(14,37),(12,23):11.337606
(14,37),(15,23):14.000000
(14,37),(15,36):31.000000
(14,37),(29,36):18.299999
(14,37),(29,34):3.300000
(14,37),(31,34):3.800000
(14,37),(31,22):1.166667
(14,37),(36,22):0.000000
(14,37),(36,15):0.000000
(14,37),(33,15):0.000000
(14,37),(33,13):0.000000
(14,37),(21,13):0.000000
(14,37),(21,25):0.000000
(14,37),(24,25):0.000000
(14,37),(24,31):0.000000
(14,37),(27,31):0.000000
(14,37),(27,33):0.000000
(14,37),(20,33):0.000000
(14,37),(20,3):0.000000
(14,37),(22,3):0.000000
(14,37),(22,11):0.000000
(14,37),(23,11):0.000000
(14,37),(23,6):0.000000
(14,37),(30,6):0.000000
(14,37),(30,5):0.000000
(14,37),(25,5):0.000000
(14,37),(25,2):0.000000
(14,37),(26,2):0.000000
(14,37),(26,4):0.000000
(14,37),(28,4):0.000000
(14,32),(13,32):18.000000
(14,32),(13,29):27.722221
(14,32),(5,29):19.720261
(14,32),(5,35):0.000000
(14,32),(4,35):0.000000
(14,32),(4,27):18.887255
(14,32),(2,27):13.399457
(14,32),(2,26):8.045455
(14,32),(3,26):18.450001
(14,32),(3,19):0.000000
(14,32),(11,19):0.000000
(14,32),(11,18):0.000000
(14,32),(16,18):0.000000
(14,32),(16,17):0.000000
(14,32),(10,17):0.000000
(14,32),(10,16):0.000000
(14,32),(7,16):0.000000
(14,32),(7,14):0.000000
(14,32),(1,14):0.000000
(14,32),(1,8):0.000000
(14,32),(19,8):0.000000
(14,32),(19,9):0.000000
(14,32),(6,9):0.000000
(14,32),(6,10):0.000000
(14,32),(17,10):0.000000
(14,32),(17,12):0.000000
(14,32),(18,12):0.000000
(14,32),(18,20):0.000000
(14,32),(8,20):0.000000
(14,32),(8,24):16.166666
(14,32),(9,24):22.722221
(14,32),(9,21):21.222221
(14,32),(12,21):3.722222
(14,32),(12,23):27.809830
(14,32),(15,23):29.000000
(14,32),(15,36):24.788462
(14,32),(29,36):1.125000
(14,32),(29,34):0.000000
(14,32),(31,34):0.000000
(14,32),(31,22):0.000000
(14,32),(36,22):0.000000
(14,32),(36,15):0.000000
(14,32),(33,15):0.000000
(14,32),(33,13):0.000000
(14,32),(21,13):0.000000
(14,32),(21,25):0.000000
(14,32),(24,25):0.000000
(14,32),(24,31):0.000000
(14,32),(27,31):0.000000
(14,32),(27,33):0.000000
(14,32),(20,33):0.000000
(14,32),(20,3):0.000000
(14,32),(22,3):0.000000
(14,32),(22,11):0.000000
(14,32),(23,11):0.000000
(14,32),(23,6):0.000000
(14,32),(30,6):0.000000
(14,32),(30,5):0.000000
(14,32),(25,5):0.000000
(14,32),(25,2):0.000000
(14,32),(26,2):0.000000
(14,32),(26,4):0.000000
(14,32),(28,4):0.000000
(13,32),(13,29):18.000000
(13,32),(5,29):12.000000
(13,32),(5,35):0.000000
(13,32),(4,35):0.000000
(13,32),(4,27):12.444445
(13,32),(2,27):8.000000
(13,32),(2,26):6.545455
(13,32),(3,26):12.600000
(13,32),(3,19):0.000000
(13,32),(11,19):0.000000
(13,32),(11,18):0.000000
(13,32),(16,18):0.000000
(13,32),(16,17):0.000000
(13,32),(10,17):0.000000
(13,32),(10,16):0.000000
(13,32),(7,16):0.000000
(13,32),(7,14):0.000000
(13,32),(1,14):0.000000
(13,32),(1,8):0.000000
(13,32),(19,8):0.000000
(13,32),(19,9):0.000000
(13,32),(6,9):0.000000
(13,32),(6,10):0.000000
(13,32),(17,10):0.000000
(13,32),(17,12):0.000000
(13,32),(18,12):0.000000
(13,32),(18,20):0.000000
(13,32),(8,20):0.000000
(13,32),(8,24):12.000000
(13,32),(9,24):14.500000
(13,32),(9,21):13.083333
(13,32),(12,21):0.000000
(13,32),(12,23):17.250000
(13,32),(15,23):18.000000
(13,32),(15,36):16.000000
(13,32),(29,36):0.000000
(13,32),(29,34):0.000000
(13,32),(31,34):0.000000
(13,32),(31,22):0.000000
(13,32),(36,22):0.000000
(13,32),(36,15):0.000000
(13,32),(33,15):0.000000
(13,32),(33,13):0.000000
(13,32),(21,13):0.000000
(13,32),(21,25):0.000000
(13,32),(24,25):0.000000
(13,32),(24,31):0.000000
(13,32),(27,31):0.000000
(13,32),(27,33):0.000000
(13,32),(20,33):0.000000
(13,32),(20,3):0.000000
(13,32),(22,3):0.000000
(13,32),(22,11):0.000000
(13,32),(23,11):0.000000
(13,32),(23,6):0.000000
(13,32),(30,6):0.000000
(13,32),(30,5):0.000000
(13,32),(25,5):0.000000
(13,32),(25,2):0.000000
(13,32),(26,2):0.000000
(13,32),(26,4):0.000000
(13,32),(28,4):0.000000
(13,29),(5,29):77.566666
(13,29),(5,35):12.000000
(13,29),(4,35):13.071428
(13,29),(4,27):77.151512
(13,29),(2,27):41.727779
(13,29),(2,26):31.101009
(13,29),(3,26):74.155556
(13,29),(3,19):47.638889
(13,29),(11,19):2.666667
(13,29),(11,18):0.000000
(13,29),(16,18):0.958333
(13,29),(16,17):0.000000
(13,29),(10,17):0.000000
(13,29),(10,16):0.000000
(13,29),(7,16):0.000000
(13,29),(7,14):0.000000
(13,29),(1,14):0.000000
(13,29),(1,8):0.000000
(13,29),(19,8):0.000000
(13,29),(19,9):0.000000
(13,29),(6,9):0.000000
(13,29),(6,10):0.000000
(13,29),(17,10):0.000000
(13,29),(17,12):0.000000
(13,29),(18,12):0.000000
(13,29),(18,20):0.500000
(13,29),(8,20):35.601562
(13,29),(8,24):72.855553
(13,29),(9,24):72.555557
(13,29),(9,21):42.666668
(13,29),(12,21):36.166668
(13,29),(12,23):70.805557
(13,29),(15,23):68.930557
(13,29),(15,36):21.163462
(13,29),(29,36):0.000000
(13,29),(29,34):0.000000
(13,29),(31,34):0.000000
(13,29),(31,22):0.000000
(13,29),(36,22):0.000000
(13,29),(36,15):0.000000
(13,29),(33,15):0.000000
(13,29),(33,13):0.000000
(13,29),(21,13):0.000000
(13,29),(21,25):0.000000
(13,29),(24,25):0.000000
(13,29),(24,31):0.000000
(13,29),(27,31):0.000000
(13,29),(27,33):0.000000
(13,29),(20,33):0.000000
(13,29),(20,3):0.000000
(13,29),(22,3):0.000000
(13,29),(22,11):0.000000
(13,29),(23,11):0.000000
(13,29),(23,6):0.000000
(13,29),(30,6):0.000000
(13,29),(30,5):0.000000
(13,29),(25,5):0.000000
(13,29),(25,2):0.000000
(13,29),(26,2):0.000000
(13,29),(26,4):0.000000
(13,29),(28,4):0.000000
(5,29),(5,35):20.000000
(5,29),(4,35):24.333334
(5,29),(4,27):93.866669
(5,29),(2,27):42.595238
(5,29),(2,26):29.250000
(5,29),(3,26):84.666664
(5,29),(3,19):61.666668
(5,29),(11,19):9.333333
(5,29),(11,18):0.000000
(5,29),(16,18):2.653571
(5,29),(16,17):0.000000
(5,29),(10,17):0.000000
(5,29),(10,16):0.000000
(5,29),(7,16):0.000000
(5,29),(7,14):0.000000
(5,29),(1,14):0.000000
(5,29),(1,8):0.000000
(5,29),(19,8):0.000000
(5,29),(19,9):0.000000
(5,29),(6,9):0.000000
(5,29),(6,10):0.000000
(5,29),(17,10):0.000000
(5,29),(17,12):0.000000
(5,29),(18,12):0.000000
(5,29),(18,20):5.166667
(5,29),(8,20):48.666668
(5,29),(8,24):82.833336
(5,29),(9,24):66.025002
(5,29),(9,21):35.400002
(5,29),(12,21):33.471428
(5,29),(12,23):60.042858
(5,29),(15,23):59.900002
(5,29),(15,36):15.527747
(5,29),(29,36):0.000000
(5,29),(29,34):0.000000
(5,29),(31,34):0.000000
(5,29),(31,22):0.000000
(5,29),(36,22):0.000000
(5,29),(36,15):0.000000
(5,29),(33,15):0.000000
(5,29),(33,13):0.000000
(5,29),(21,13):0.000000
(5,29),(21,25):0.000000
(5,29),(24,25):0.000000
(5,29),(24,31):0.000000
(5,29),(27,31):0.000000
(5,29),(27,33):0.000000
(5,29),(20,33):0.000000
(5,29),(20,3):0.000000
(5,29),(22,3):0.000000
(5,29),(22,11):0.000000
(5,29),(23,11):0.000000
(5,29),(23,6):0.000000
(5,29),(30,6):0.000000
(5,29),(30,5):0.000000
(5,29),(25,5):0.000000
(5,29),(25,2):0.000000
(5,29),(26,2):0.000000
(5,29),(26,4):0.000000
(5,29),(28,4):0.000000
(5,35),(4,35):16.000000
(5,35),(4,27):20.000000
(5,35),(2,27):2.722222
(5,35),(2,26):1.312500
(5,35),(3,26):12.500000
(5,35),(3,19):16.000000
(5,35),(11,19):4.240000
(5,35),(11,18):0.000000
(5,35),(16,18):1.049279
(5,35),(16,17):0.000000
(5,35),(10,17):0.000000
(5,35),(10,16):0.000000
(5,35),(7,16):0.000000
(5,35),(7,14):0.000000
(5,35),(1,14):0.000000
(5,35),(1,8):0.000000
(5,35),(19,8):0.000000
(5,35),(19,9):0.000000
(5,35),(6,9):0.000000
(5,35),(6,10):0.000000
(5,35),(17,10):0.000000
(5,35),(17,12):0.000000
(5,35),(18,12):0.000000
(5,35),(18,20):1.937500
(5,35),(8,20):15.500000
(5,35),(8,24):14.833333
(5,35),(9,24):6.187500
(5,35),(9,21):0.000000
(5,35),(12,21):1.071429
(5,35),(12,23):4.035238
(5,35),(15,23):4.837415
(5,35),(15,36):0.000000
(5,35),(29,36):0.000000
(5,35),(29,34):0.000000
(5,35),(31,34):0.000000
(5,35),(31,22):0.000000
(5,35),(36,22):0.000000
(5,35),(36,15):0.000000
(5,35),(33,15):0.000000
(5,35),(33,13):0.000000
(5,35),(21,13):0.000000
(5,35),(21,25):0.000000
(5,35),(24,25):0.000000
(5,35),(24,31):0.000000
(5,35),(27,31):0.000000
(5,35),(27,33):0.000000
(5,35),(20,33):0.000000
(5,35),(20,3):0.000000
(5,35),(22,3):0.000000
(5,35),(22,11):0.000000
(5,35),(23,11):0.000000
(5,35),(23,6):0.000000
(5,35),(30,6):0.000000
(5,35),(30,5):0.000000
(5,35),(25,5):0.000000
(5,35),(25,2):0.000000
(5,35),(26,2):0.000000
(5,35),(26,4):0.000000
(5,35),(28,4):0.000000
(4,35),(4,27):24.333334
(4,35),(2,27):4.666667
(4,35),(2,26):1.826923
(4,35),(3,26):16.761906
(4,35),(3,19):20.333334
(4,35),(11,19):4.852941
(4,35),(11,18):0.000000
(4,35),(16,18):1.332384
(4,35),(16,17):0.000000
(4,35),(10,17):0.000000
(4,35),(10,16):0.000000
(4,35),(7,16):0.000000
(4,35),(7,14):0.000000
(4,35),(1,14):0.000000
(4,35),(1,8):0.000000
(4,35),(19,8):0.000000
(4,35),(19,9):0.000000
(4,35),(6,9):0.000000
(4,35),(6,10):0.000000
(4,35),(17,10):0.000000
(4,35),(17,12):0.000000
(4,35),(18,12):0.000000
(4,35),(18,20):2.583333
(4,35),(8,20):19.833334
(4,35),(8,24):19.166666
(4,35),(9,24):7.708333
(4,35),(9,21):0.000000
(4,35),(12,21):1.171429
(4,35),(12,23):5.114846
(4,35),(15,23):6.159524
(4,35),(15,36):0.000000
(4,35),(29,36):0.000000
(4,35),(29,34):0.000000
(4,35),(31,34):0.000000
(4,35),(31,22):0.000000
(4,35),(36,22):0.000000
(4,35),(36,15):0.000000
(4,35),(33,15):0.000000
(4,35),(33,13):0.000000
(4,35),(21,13):0.000000
(4,35),(21,25):0.000000
(4,35),(24,25):0.000000
(4,35),(24,31):0.000000
(4,35),(27,31):0.000000
(4,35),(27,33):0.000000
(4,35),(20,33):0.000000
(4,35),(20,3):0.000000
(4,35),(22,3):0.000000
(4,35),(22,11):0.000000
(4,35),(23,11):0.000000
(4,35),(23,6):0.000000
(4,35),(30,6):0.000000
(4,35),(30,5):0.000000
(4,35),(25,5):0.000000
(4,35),(25,2):0.000000
(4,35),(26,2):0.000000
(4,35),(26,4):0.000000
(4,35),(28,4):0.000000
(4,27),(2,27):44.428570
(4,27),(2,26):31.444445
(4,27),(3,26):87.230156
(4,27),(3,19):62.785713
(4,27),(11,19):9.452381
(4,27),(11,18):0.000000
(4,27),(16,18):2.676613
(4,27),(16,17):0.000000
(4,27),(10,17):0.000000
(4,27),(10,16):0.000000
(4,27),(7,16):0.000000
(4,27),(7,14):0.000000
(4,27),(1,14):0.000000
(4,27),(1,8):0.000000
(4,27),(19,8):0.000000
(4,27),(19,9):0.000000
(4,27),(6,9):0.000000
(4,27),(6,10):0.000000
(4,27),(17,10):0.000000
(4,27),(17,12):0.000000
(4,27),(18,12):0.000000
(4,27),(18,20):5.285714
(4,27),(8,20):50.202381
(4,27),(8,24):85.077774
(4,27),(9,24):65.602776
(4,27),(9,21):33.144444
(4,27),(12,21):30.771429
(4,27),(12,23):59.406349
(4,27),(15,23):61.786110
(4,27),(15,36):15.599401
(4,27),(29,36):0.000000
(4,27),(29,34):0.000000
(4,27),(31,34):0.000000
(4,27),(31,22):0.000000
(4,27),(36,22):0.000000
(4,27),(36,15):0.000000
(4,27),(33,15):0.000000
(4,27),(33,13):0.000000
(4,27),(21,13):0.000000
(4,27),(21,25):0.000000
(4,27),(24,25):0.000000
(4,27),(24,31):0.000000
(4,27),(27,31):0.000000
(4,27),(27,33):0.000000
(4,27),(20,33):0.000000
(4,27),(20,3):0.000000
(4,27),(22,3):0.000000
(4,27),(22,11):0.000000
(4,27),(23,11):0.000000
(4,27),(23,6):0.000000
(4,27),(30,6):0.000000
(4,27),(30,5):0.000000
(4,27),(25,5):0.000000
(4,27),(25,2):0.000000
(4,27),(26,2):0.000000
(4,27),(26,4):0.000000
(4,27),(28,4):0.000000
(2,27),(2,26):13.000000
(2,27),(3,26):44.000000
(2,27),(3,19):22.000000
(2,27),(11,19):0.000000
(2,27),(11,18):0.000000
(2,27),(16,18):0.000000
(2,27),(16,17):0.000000
(2,27),(10,17):0.000000
(2,27),(10,16):0.000000
(2,27),(7,16):0.000000
(2,27),(7,14):0.000000
(2,27),(1,14):0.000000
(2,27),(1,8):0.000000
(2,27),(19,8):0.000000
(2,27),(19,9):0.000000
(2,27),(6,9):0.000000
(2,27),(6,10):0.000000
(2,27),(17,10):0.000000
(2,27),(17,12):0.000000
(2,27),(18,12):0.000000
(2,27),(18,20):0.000000
(2,27),(8,20):17.916666
(2,27),(8,24):39.299999
(2,27),(9,24):39.761906
(2,27),(9,21):19.928572
(2,27),(12,21):15.428572
(2,27),(12,23):35.761906
(2,27),(15,23):38.108334
(2,27),(15,36):11.053064
(2,27),(29,36):0.000000
(2,27),(29,34):0.000000
(2,27),(31,34):0.000000
(2,27),(31,22):0.000000
(2,27),(36,22):0.000000
(2,27),(36,15):0.000000
(2,27),(33,15):0.000000
(2,27),(33,13):0.000000
(2,27),(21,13):0.000000
(2,27),(21,25):0.000000
(2,27),(24,25):0.000000
(2,27),(24,31):0.000000
(2,27),(27,31):0.000000
(2,27),(27,33):0.000000
(2,27),(20,33):0.000000
(2,27),(20,3):0.000000
(2,27),(22,3):0.000000
(2,27),(22,11):0.000000
(2,27),(23,11):0.000000
(2,27),(23,6):0.000000
(2,27),(30,6):0.000000
(2,27),(30,5):0.000000
(2,27),(25,5):0.000000
(2,27),(25,2):0.000000
(2,27),(26,2):0.000000
(2,27),(26,4):0.000000
(2,27),(28,4):0.000000
(2,26),(3,26):31.545454
(2,26),(3,19):19.500000
(2,26),(11,19):0.000000
(2,26),(11,18):0.000000
(2,26),(16,18):0.000000
(2,26),(16,17):0.000000
(2,26),(10,17):0.000000
(2,26),(10,16):0.000000
(2,26),(7,16):0.000000
(2,26),(7,14):0.000000
(2,26),(1,14):0.000000
(2,26),(1,8):0.000000
(2,26),(19,8):0.000000
(2,26),(19,9):0.000000
(2,26),(6,9):0.000000
(2,26),(6,10):0.000000
(2,26),(17,10):0.000000
(2,26),(17,12):0.000000
(2,26),(18,12):0.000000
(2,26),(18,20):0.000000
(2,26),(8,20):9.416667
(2,26),(8,24):31.345455
(2,26),(9,24):31.378788
(2,26),(9,21):18.545454
(2,26),(12,21):16.833334
(2,26),(12,23):31.378788
(2,26),(15,23):31.420454
(2,26),(15,36):6.911308
(2,26),(29,36):0.000000
(2,26),(29,34):0.000000
(2,26),(31,34):0.000000
(2,26),(31,22):0.000000
(2,26),(36,22):0.000000
(2,26),(36,15):0.000000
(2,26),(33,15):0.000000
(2,26),(33,13):0.000000
(2,26),(21,13):0.000000
(2,26),(21,25):0.000000
(2,26),(24,25):0.000000
(2,26),(24,31):0.000000
(2,26),(27,31):0.000000
(2,26),(27,33):0.000000
(2,26),(20,33):0.000000
(2,26),(20,3):0.000000
(2,26),(22,3):0.000000
(2,26),(22,11):0.000000
(2,26),(23,11):0.000000
(2,26),(23,6):0.000000
(2,26),(30,6):0.000000
(2,26),(30,5):0.000000
(2,26),(25,5):0.000000
(2,26),(25,2):0.000000
(2,26),(26,2):0.000000
(2,26),(26,4):0.000000
(2,26),(28,4):0.000000
(3,26),(3,19):58.916668
(3,26),(11,19):9.583333
(3,26),(11,18):0.000000
(3,26),(16,18):2.705000
(3,26),(16,17):0.000000
(3,26),(10,17):0.000000
(3,26),(10,16):0.000000
(3,26),(7,16):0.000000
(3,26),(7,14):0.000000
(3,26),(1,14):0.000000
(3,26),(1,8):0.000000
(3,26),(19,8):0.000000
(3,26),(19,9):0.000000
(3,26),(6,9):0.000000
(3,26),(6,10):0.000000
(3,26),(17,10):0.000000
(3,26),(17,12):0.000000
(3,26),(18,12):0.000000
(3,26),(18,20):5.416667
(3,26),(8,20):46.833332
(3,26),(8,24):82.400002
(3,26),(9,24):61.933334
(3,26),(9,21):32.099998
(3,26),(12,21):28.000000
(3,26),(12,23):55.933334
(3,26),(15,23):58.974998
(3,26),(15,36):15.580250
(3,26),(29,36):0.000000
(3,26),(29,34):0.000000
(3,26),(31,34):0.000000
(3,26),(31,22):0.000000
(3,26),(36,22):0.000000
(3,26),(36,15):0.000000
(3,26),(33,15):0.000000
(3,26),(33,13):0.000000
(3,26),(21,13):0.000000
(3,26),(21,25):0.000000
(3,26),(24,25):0.000000
(3,26),(24,31):0.000000
(3,26),(27,31):0.000000
(3,26),(27,33):0.000000
(3,26),(20,33):0.000000
(3,26),(20,3):0.000000
(3,26),(22,3):0.000000
(3,26),(22,11):0.000000
(3,26),(23,11):0.000000
(3,26),(23,6):0.000000
(3,26),(30,6):0.000000
(3,26),(30,5):0.000000
(3,26),(25,5):0.000000
(3,26),(25,2):0.000000
(3,26),(26,2):0.000000
(3,26),(26,4):0.000000
(3,26),(28,4):0.000000
(3,19),(11,19):19.166666
(3,19),(11,18):7.000000
(3,19),(16,18):11.725000
(3,19),(16,17):2.000000
(3,19),(10,17):0.000000
(3,19),(10,16):0.000000
(3,19),(7,16):0.000000
(3,19),(7,14):0.000000
(3,19),(1,14):0.000000
(3,19),(1,8):0.000000
(3,19),(19,8):0.000000
(3,19),(19,9):0.000000
(3,19),(6,9):0.000000
(3,19),(6,10):0.000000
(3,19),(17,10):1.187500
(3,19),(17,12):2.250000
(3,19),(18,12):2.500000
(3,19),(18,20):15.000000
(3,19),(8,20):58.363636
(3,19),(8,24):60.637932
(3,19),(9,24):35.554054
(3,19),(9,21):8.000000
(3,19),(12,21):20.003471
(3,19),(12,23):29.592741
(3,19),(15,23):32.478405
(3,19),(15,36):0.000000
(3,19),(29,36):0.000000
(3,19),(29,34):0.000000
(3,19),(31,34):0.000000
(3,19),(31,22):0.000000
(3,19),(36,22):0.000000
(3,19),(36,15):0.000000
(3,19),(33,15):0.000000
(3,19),(33,13):0.000000
(3,19),(21,13):0.000000
(3,19),(21,25):0.000000
(3,19),(24,25):0.000000
(3,19),(24,31):0.000000
(3,19),(27,31):0.000000
(3,19),(27,33):0.000000
(3,19),(20,33):0.000000
(3,19),(20,3):0.000000
(3,19),(22,3):0.000000
(3,19),(22,11):0.000000
(3,19),(23,11):0.000000
(3,19),(23,6):0.000000
(3,19),(30,6):0.000000
(3,19),(30,5):0.000000
(3,19),(25,5):0.000000
(3,19),(25,2):0.000000
(3,19),(26,2):0.000000
(3,19),(26,4):0.000000
(3,19),(28,4):0.000000
(11,19),(11,18):14.000000
(11,19),(16,18):19.125000
(11,19),(16,17):4.400000
(11,19),(10,17):0.000000
(11,19),(10,16):0.000000
(11,19),(7,16):0.000000
(11,19),(7,14):0.004167
(11,19),(1,14):0.000000
(11,19),(1,8):0.225000
(11,19),(19,8):0.000000
(11,19),(19,9):0.000000
(11,19),(6,9):0.000000
(11,19),(6,10):0.355556
(11,19),(17,10):2.350000
(11,19),(17,12):4.733333
(11,19),(18,12):5.066667
(11,19),(18,20):22.400000
(11,19),(8,20):25.066668
(11,19),(8,24):9.166667
(11,19),(9,24):0.000000
(11,19),(9,21):0.000000
(11,19),(12,21):0.000000
(11,19),(12,23):0.000000
(11,19),(15,23):0.000000
(11,19),(15,36):0.000000
(11,19),(29,36):0.000000
(11,19),(29,34):0.000000
(11,19),(31,34):0.000000
(11,19),(31,22):0.000000
(11,19),(36,22):0.000000
(11,19),(36,15):0.000000
(11,19),(33,15):0.000000
(11,19),(33,13):0.000000
(11,19),(21,13):0.000000
(11,19),(21,25):0.000000
(11,19),(24,25):0.000000
(11,19),(24,31):0.000000
(11,19),(27,31):0.000000
(11,19),(27,33):0.000000
(11,19),(20,33):0.000000
(11,19),(20,3):0.000000
(11,19),(22,3):0.000000
(11,19),(22,11):0.000000
(11,19),(23,11):0.000000
(11,19),(23,6):0.000000
(11,19),(30,6):0.000000
(11,19),(30,5):0.000000
(11,19),(25,5):0.000000
(11,19),(25,2):0.000000
(11,19),(26,2):0.000000
(11,19),(26,4):0.000000
(11,19),(28,4):0.000000
(11,18),(16,18):14.000000
(11,18),(16,17):4.000000
(11,18),(10,17):0.000000
(11,18),(10,16):0.000000
(11,18),(7,16):0.000000
(11,18),(7,14):0.000000
(11,18),(1,14):0.000000
(11,18),(1,8):0.033333
(11,18),(19,8):0.000000
(11,18),(19,9):0.000000
(11,18),(6,9):0.000000
(11,18),(6,10):0.114286
(11,18),(17,10):2.250000
(11,18),(17,12):4.333333
(11,18),(18,12):4.666667
(11,18),(18,20):14.000000
(11,18),(8,20):12.500000
(11,18),(8,24):0.000000
(11,18),(9,24):0.000000
(11,18),(9,21):0.000000
(11,18),(12,21):0.000000
(11,18),(12,23):0.000000
(11,18),(15,23):0.000000
(11,18),(15,36):0.000000
(11,18),(29,36):0.000000
(11,18),(29,34):0.000000
(11,18),(31,34):0.000000
(11,18),(31,22):0.000000
(11,18),(36,22):0.000000
(11,18),(36,15):0.000000
(11,18),(33,15):0.000000
(11,18),(33,13):0.000000
(11,18),(21,13):0.000000
(11,18),(21,25):0.000000
(11,18),(24,25):0.000000
(11,18),(24,31):0.000000
(11,18),(27,31):0.000000
(11,18),(27,33):0.000000
(11,18),(20,33):0.000000
(11,18),(20,3):0.000000
(11,18),(22,3):0.000000
(11,18),(22,11):0.000000
(11,18),(23,11):0.000000
(11,18),(23,6):0.000000
(11,18),(30,6):0.000000
(11,18),(30,5):0.000000
(11,18),(25,5):0.000000
(11,18),(25,2):0.000000
(11,18),(26,2):0.000000
(11,18),(26,4):0.000000
(11,18),(28,4):0.000000
(16,18),(16,17):18.000000
(16,18),(10,17):12.000000
(16,18),(10,16):12.333333
(16,18),(7,16):10.000000
(16,18),(7,14):12.666667
(16,18),(1,14):6.000000
(16,18),(1,8):6.400000
(16,18),(19,8):0.000000
(16,18),(19,9):0.000000
(16,18),(6,9):0.000000
(16,18),(6,10):13.309091
(16,18),(17,10):10.250000
(16,18),(17,12):18.333334
(16,18),(18,12):16.666666
(16,18),(18,20):30.250000
(16,18),(8,20):17.725000
(16,18),(8,24):2.625000
(16,18),(9,24):0.000000
(16,18),(9,21):0.000000
(16,18),(12,21):0.000000
(16,18),(12,23):0.000000
(16,18),(15,23):0.000000
(16,18),(15,36):0.000000
(16,18),(29,36):0.000000
(16,18),(29,34):0.000000
(16,18),(31,34):0.000000
(16,18),(31,22):0.000000
(16,18),(36,22):0.000000
(16,18),(36,15):0.000000
(16,18),(33,15):0.000000
(16,18),(33,13):0.000000
(16,18),(21,13):0.000000
(16,18),(21,25):0.000000
(16,18),(24,25):0.000000
(16,18),(24,31):0.000000
(16,18),(27,31):0.000000
(16,18),(27,33):0.000000
(16,18),(20,33):0.000000
(16,18),(20,3):0.000000
(16,18),(22,3):0.000000
(16,18),(22,11):0.000000
(16,18),(23,11):0.000000
(16,18),(23,6):0.000000
(16,18),(30,6):0.000000
(16,18),(30,5):0.000000
(16,18),(25,5):0.000000
(16,18),(25,2):0.000000
(16,18),(26,2):0.000000
(16,18),(26,4):0.000000
(16,18),(28,4):0.000000
(16,17),(10,17):54.000000
(16,17),(10,16):90.726189
(16,17),(7,16):63.250000
(16,17),(7,14):96.309525
(16,17),(1,14):67.142860
(16,17),(1,8):68.880356
(16,17),(19,8):3.747960
(16,17),(19,9):2.857143
(16,17),(6,9):21.309525
(16,17),(6,10):97.075134
(16,17),(17,10):87.250000
(16,17),(17,12):97.522728
(16,17),(18,12):63.250000
(16,17),(18,20):34.083332
(16,17),(8,20):4.500000
(16,17),(8,24):0.000000
(16,17),(9,24):0.000000
(16,17),(9,21):0.000000
(16,17),(12,21):0.000000
(16,17),(12,23):0.000000
(16,17),(15,23):0.000000
(16,17),(15,36):0.000000
(16,17),(29,36):0.000000
(16,17),(29,34):0.000000
(16,17),(31,34):0.000000
(16,17),(31,22):0.000000
(16,17),(36,22):0.000000
(16,17),(36,15):0.000000
(16,17),(33,15):0.000000
(16,17),(33,13):0.000000
(16,17),(21,13):0.000000
(16,17),(21,25):0.000000
(16,17),(24,25):0.000000
(16,17),(24,31):0.000000
(16,17),(27,31):0.000000
(16,17),(27,33):0.000000
(16,17),(20,33):0.000000
(16,17),(20,3):0.000000
(16,17),(22,3):0.000000
(16,17),(22,11):0.000000
(16,17),(23,11):0.000000
(16,17),(23,6):0.000000
(16,17),(30,6):0.000000
(16,17),(30,5):0.000000
(16,17),(25,5):0.000000
(16,17),(25,2):0.000000
(16,17),(26,2):0.000000
(16,17),(26,4):0.000000
(16,17),(28,4):0.000000
(10,17),(10,16):54.000000
(10,17),(7,16):46.000000
(10,17),(7,14):53.250000
(10,17),(1,14):30.000000
(10,17),(1,8):29.837500
(10,17),(19,8):0.000000
(10,17),(19,9):0.000000
(10,17),(6,9):0.000000
(10,17),(6,10):53.575756
(10,17),(17,10):49.000000
(10,17),(17,12):54.000000
(10,17),(18,12):40.000000
(10,17),(18,20):28.083334
(10,17),(8,20):0.000000
(10,17),(8,24):0.000000
(10,17),(9,24):0.000000
(10,17),(9,21):0.000000
(10,17),(12,21):0.000000
(10,17),(12,23):0.000000
(10,17),(15,23):0.000000
(10,17),(15,36):0.000000
(10,17),(29,36):0.000000
(10,17),(29,34):0.000000
(10,17),(31,34):0.000000
(10,17),(31,22):0.000000
(10,17),(36,22):0.000000
(10,17),(36,15):0.000000
(10,17),(33,15):0.000000
(10,17),(33,13):0.000000
(10,17),(21,13):0.000000
(10,17),(21,25):0.000000
(10,17),(24,25):0.000000
(10,17),(24,31):0.000000
(10,17),(27,31):0.000000
(10,17),(27,33):0.000000
(10,17),(20,33):0.000000
(10,17),(20,3):0.000000
(10,17),(22,3):0.000000
(10,17),(22,11):0.000000
(10,17),(23,11):0.000000
(10,17),(23,6):0.000000
(10,17),(30,6):0.000000
(10,17),(30,5):0.000000
(10,17),(25,5):0.000000
(10,17),(25,2):0.000000
(10,17),(26,2):0.000000
(10,17),(26,4):0.000000
(10,17),(28,4):0.000000
(10,16),(7,16):64.000000
(10,16),(7,14):92.250000
(10,16),(1,14):62.666668
(10,16),(1,8):63.637501
(10,16),(19,8):4.945278
(10,16),(19,9):4.000000
(10,16),(6,9):17.000000
(10,16),(6,10):92.075760
(10,16),(17,10):79.083336
(10,16),(17,12):86.606064
(10,16),(18,12):55.333332
(10,16),(18,20):28.416666
(10,16),(8,20):0.000000
(10,16),(8,24):0.000000
(10,16),(9,24):0.000000
(10,16),(9,21):0.000000
(10,16),(12,21):0.000000
(10,16),(12,23):0.000000
(10,16),(15,23):0.000000
(10,16),(15,36):0.000000
(10,16),(29,36):0.000000
(10,16),(29,34):0.000000
(10,16),(31,34):0.000000
(10,16),(31,22):0.000000
(10,16),(36,22):0.000000
(10,16),(36,15):0.000000
(10,16),(33,15):0.000000
(10,16),(33,13):0.000000
(10,16),(21,13):0.000000
(10,16),(21,25):0.000000
(10,16),(24,25):0.000000
(10,16),(24,31):0.000000
(10,16),(27,31):0.000000
(10,16),(27,33):0.000000
(10,16),(20,33):0.000000
(10,16),(20,3):0.000000
(10,16),(22,3):0.000000
(10,16),(22,11):0.000000
(10,16),(23,11):0.000000
(10,16),(23,6):0.000000
(10,16),(30,6):0.000000
(10,16),(30,5):0.000000
(10,16),(25,5):0.000000
(10,16),(25,2):0.000000
(10,16),(26,2):0.000000
(10,16),(26,4):0.000000
(10,16),(28,4):0.000000
(7,16),(7,14):64.000000
(7,16),(1,14):42.000000
(7,16),(1,8):35.400002
(7,16),(19,8):0.000000
(7,16),(19,9):0.000000
(7,16),(6,9):0.000000
(7,16),(6,10):63.409092
(7,16),(17,10):60.000000
(7,16),(17,12):64.000000
(7,16),(18,12):44.000000
(7,16),(18,20):25.750000
(7,16),(8,20):0.000000
(7,16),(8,24):0.000000
(7,16),(9,24):0.000000
(7,16),(9,21):0.000000
(7,16),(12,21):0.000000
(7,16),(12,23):0.000000
(7,16),(15,23):0.000000
(7,16),(15,36):0.000000
(7,16),(29,36):0.000000
(7,16),(29,34):0.000000
(7,16),(31,34):0.000000
(7,16),(31,22):0.000000
(7,16),(36,22):0.000000
(7,16),(36,15):0.000000
(7,16),(33,15):0.000000
(7,16),(33,13):0.000000
(7,16),(21,13):0.000000
(7,16),(21,25):0.000000
(7,16),(24,25):0.000000
(7,16),(24,31):0.000000
(7,16),(27,31):0.000000
(7,16),(27,33):0.000000
(7,16),(20,33):0.000000
(7,16),(20,3):0.000000
(7,16),(22,3):0.000000
(7,16),(22,11):0.000000
(7,16),(23,11):0.000000
(7,16),(23,6):0.000000
(7,16),(30,6):0.000000
(7,16),(30,5):0.000000
(7,16),(25,5):0.000000
(7,16),(25,2):0.000000
(7,16),(26,2):0.000000
(7,16),(26,4):0.000000
(7,16),(28,4):0.000000
(7,14),(1,14):75.500000
(7,14),(1,8):76.616669
(7,14),(19,8):5.584180
(7,14),(19,9):4.625000
(7,14),(6,9):29.500000
(7,14),(6,10):104.825760
(7,14),(17,10):90.416664
(7,14),(17,12):98.189392
(7,14),(18,12):63.916668
(7,14),(18,20):28.750000
(7,14),(8,20):0.023810
(7,14),(8,24):0.000000
(7,14),(9,24):0.000000
(7,14),(9,21):0.000000
(7,14),(12,21):0.000000
(7,14),(12,23):0.000000
(7,14),(15,23):0.000000
(7,14),(15,36):0.000000
(7,14),(29,36):0.000000
(7,14),(29,34):0.000000
(7,14),(31,34):0.000000
(7,14),(31,22):0.000000
(7,14),(36,22):0.000000
(7,14),(36,15):0.000000
(7,14),(33,15):0.000000
(7,14),(33,13):0.000000
(7,14),(21,13):0.000000
(7,14),(21,25):0.000000
(7,14),(24,25):0.000000
(7,14),(24,31):0.000000
(7,14),(27,31):0.000000
(7,14),(27,33):0.000000
(7,14),(20,33):0.000000
(7,14),(20,3):0.000000
(7,14),(22,3):0.000000
(7,14),(22,11):0.000000
(7,14),(23,11):0.000000
(7,14),(23,6):0.000000
(7,14),(30,6):0.000000
(7,14),(30,5):0.000000
(7,14),(25,5):0.000000
(7,14),(25,2):0.000000
(7,14),(26,2):0.000000
(7,14),(26,4):0.000000
(7,14),(28,4):0.000000
(1,14),(1,8):50.500000
(1,14),(19,8):6.461538
(1,14),(19,9):5.500000
(1,14),(6,9):30.500000
(1,14),(6,10):75.909088
(1,14),(17,10):64.000000
(1,14),(17,12):68.272728
(1,14),(18,12):34.000000
(1,14),(18,20):19.083334
(1,14),(8,20):0.000000
(1,14),(8,24):0.000000
(1,14),(9,24):0.000000
(1,14),(9,21):0.000000
(1,14),(12,21):0.000000
(1,14),(12,23):0.000000
(1,14),(15,23):0.000000
(1,14),(15,36):0.000000
(1,14),(29,36):0.000000
(1,14),(29,34):0.000000
(1,14),(31,34):0.000000
(1,14),(31,22):0.000000
(1,14),(36,22):0.000000
(1,14),(36,15):0.000000
(1,14),(33,15):0.000000
(1,14),(33,13):0.000000
(1,14),(21,13):0.000000
(1,14),(21,25):0.000000
(1,14),(24,25):0.000000
(1,14),(24,31):0.000000
(1,14),(27,31):0.000000
(1,14),(27,33):0.000000
(1,14),(20,33):0.000000
(1,14),(20,3):0.000000
(1,14),(22,3):0.000000
(1,14),(22,11):0.000000
(1,14),(23,11):0.000000
(1,14),(23,6):0.000000
(1,14),(30,6):0.000000
(1,14),(30,5):0.000000
(1,14),(25,5):0.000000
(1,14),(25,2):0.000000
(1,14),(26,2):0.000000
(1,14),(26,4):0.000000
(1,14),(28,4):0.000000
(1,8),(19,8):18.961538
(1,8),(19,9):18.000000
(1,8),(6,9):43.000000
(1,8),(6,10):77.837502
(1,8),(17,10):64.537498
(1,8),(17,12):70.110229
(1,8),(18,12):52.837502
(1,8),(18,20):10.490909
(1,8),(8,20):0.288235
(1,8),(8,24):0.000000
(1,8),(9,24):0.000000
(1,8),(9,21):0.000000
(1,8),(12,21):0.000000
(1,8),(12,23):0.000000
(1,8),(15,23):0.000000
(1,8),(15,36):0.000000
(1,8),(29,36):0.000000
(1,8),(29,34):0.000000
(1,8),(31,34):0.000000
(1,8),(31,22):0.000000
(1,8),(36,22):0.000000
(1,8),(36,15):0.000000
(1,8),(33,15):0.000000
(1,8),(33,13):0.000000
(1,8),(21,13):0.000000
(1,8),(21,25):0.000000
(1,8),(24,25):0.000000
(1,8),(24,31):0.000000
(1,8),(27,31):0.000000
(1,8),(27,33):0.000000
(1,8),(20,33):0.000000
(1,8),(20,3):0.000000
(1,8),(22,3):0.000000
(1,8),(22,11):0.000000
(1,8),(23,11):0.000000
(1,8),(23,6):0.000000
(1,8),(30,6):0.000000
(1,8),(30,5):0.000000
(1,8),(25,5):0.000000
(1,8),(25,2):0.000000
(1,8),(26,2):0.000000
(1,8),(26,4):0.000000
(1,8),(28,4):0.000000
(19,8),(19,9):18.000000
(19,8),(6,9):18.961538
(19,8),(6,10):5.961538
(19,8),(17,10):0.000000
(19,8),(17,12):0.166698
(19,8),(18,12):0.000000
(19,8),(18,20):0.000000
(19,8),(8,20):0.000000
(19,8),(8,24):0.000000
(19,8),(9,24):0.000000
(19,8),(9,21):0.000000
(19,8),(12,21):0.000000
(19,8),(12,23):0.000000
(19,8),(15,23):0.000000
(19,8),(15,36):0.000000
(19,8),(29,36):0.000000
(19,8),(29,34):0.000000
(19,8),(31,34):0.000000
(19,8),(31,22):0.000000
(19,8),(36,22):0.000000
(19,8),(36,15):0.000000
(19,8),(33,15):0.000000
(19,8),(33,13):0.000000
(19,8),(21,13):0.000000
(19,8),(21,25):0.000000
(19,8),(24,25):0.000000
(19,8),(24,31):0.000000
(19,8),(27,31):0.000000
(19,8),(27,33):0.000000
(19,8),(20,33):0.000000
(19,8),(20,3):0.000000
(19,8),(22,3):0.000000
(19,8),(22,11):0.000000
(19,8),(23,11):0.000000
(19,8),(23,6):0.000000
(19,8),(30,6):0.000000
(19,8),(30,5):0.000000
(19,8),(25,5):0.000000
(19,8),(25,2):0.000000
(19,8),(26,2):0.000000
(19,8),(26,4):0.000000
(19,8),(28,4):0.000000
(19,9),(6,9):18.000000
(19,9),(6,10):5.000000
(19,9),(17,10):0.000000
(19,9),(17,12):0.000000
(19,9),(18,12):0.000000
(19,9),(18,20):0.000000
(19,9),(8,20):0.000000
(19,9),(8,24):0.000000
(19,9),(9,24):0.000000
(19,9),(9,21):0.000000
(19,9),(12,21):0.000000
(19,9),(12,23):0.000000
(19,9),(15,23):0.000000
(19,9),(15,36):0.000000
(19,9),(29,36):0.000000
(19,9),(29,34):0.000000
(19,9),(31,34):0.000000
(19,9),(31,22):0.000000
(19,9),(36,22):0.000000
(19,9),(36,15):0.000000
(19,9),(33,15):0.000000
(19,9),(33,13):0.000000
(19,9),(21,13):0.000000
(19,9),(21,25):0.000000
(19,9),(24,25):0.000000
(19,9),(24,31):0.000000
(19,9),(27,31):0.000000
(19,9),(27,33):0.000000
(19,9),(20,33):0.000000
(19,9),(20,3):0.000000
(19,9),(22,3):0.000000
(19,9),(22,11):0.000000
(19,9),(23,11):0.000000
(19,9),(23,6):0.000000
(19,9),(30,6):0.000000
(19,9),(30,5):0.000000
(19,9),(25,5):0.000000
(19,9),(25,2):0.000000
(19,9),(26,2):0.000000
(19,9),(26,4):0.000000
(19,9),(28,4):0.000000
(6,9),(6,10):30.000000
(6,9),(17,10):20.000000
(6,9),(17,12):22.272728
(6,9),(18,12):10.000000
(6,9),(18,20):0.000000
(6,9),(8,20):0.000000
(6,9),(8,24):0.000000
(6,9),(9,24):0.000000
(6,9),(9,21):0.000000
(6,9),(12,21):0.000000
(6,9),(12,23):0.000000
(6,9),(15,23):0.000000
(6,9),(15,36):0.000000
(6,9),(29,36):0.000000
(6,9),(29,34):0.000000
(6,9),(31,34):0.000000
(6,9),(31,22):0.000000
(6,9),(36,22):0.000000
(6,9),(36,15):0.000000
(6,9),(33,15):0.000000
(6,9),(33,13):0.000000
(6,9),(21,13):0.000000
(6,9),(21,25):0.000000
(6,9),(24,25):0.000000
(6,9),(24,31):0.000000
(6,9),(27,31):0.000000
(6,9),(27,33):0.000000
(6,9),(20,33):0.000000
(6,9),(20,3):0.000000
(6,9),(22,3):0.000000
(6,9),(22,11):0.000000
(6,9),(23,11):0.000000
(6,9),(23,6):0.000000
(6,9),(30,6):0.000000
(6,9),(30,5):0.000000
(6,9),(25,5):0.000000
(6,9),(25,2):0.000000
(6,9),(26,2):0.000000
(6,9),(26,4):0.000000
(6,9),(28,4):0.000000
(6,10),(17,10):90.516670
(6,10),(17,12):98.748482
(6,10),(18,12):64.475754
(6,10),(18,20):29.392424
(6,10),(8,20):0.426316
(6,10),(8,24):0.000000
(6,10),(9,24):0.000000
(6,10),(9,21):0.000000
(6,10),(12,21):0.000000
(6,10),(12,23):0.000000
(6,10),(15,23):0.000000
(6,10),(15,36):0.000000
(6,10),(29,36):0.000000
(6,10),(29,34):0.000000
(6,10),(31,34):0.000000
(6,10),(31,22):0.000000
(6,10),(36,22):0.000000
(6,10),(36,15):0.000000
(6,10),(33,15):0.000000
(6,10),(33,13):0.000000
(6,10),(21,13):0.000000
(6,10),(21,25):0.000000
(6,10),(24,25):0.000000
(6,10),(24,31):0.000000
(6,10),(27,31):0.000000
(6,10),(27,33):0.000000
(6,10),(20,33):0.000000
(6,10),(20,3):0.000000
(6,10),(22,3):0.000000
(6,10),(22,11):0.000000
(6,10),(23,11):0.000000
(6,10),(23,6):0.000000
(6,10),(30,6):0.000000
(6,10),(30,5):0.000000
(6,10),(25,5):0.000000
(6,10),(25,2):0.000000
(6,10),(26,2):0.000000
(6,10),(26,4):0.000000
(6,10),(28,4):0.000000
(17,10),(17,12):94.250000
(17,10),(18,12):62.250000
(17,10),(18,20):26.333334
(17,10),(8,20):2.375000
(17,10),(8,24):0.000000
(17,10),(9,24):0.000000
(17,10),(9,21):0.000000
(17,10),(12,21):0.000000
(17,10),(12,23):0.000000
(17,10),(15,23):0.000000
(17,10),(15,36):0.000000
(17,10),(29,36):0.000000
(17,10),(29,34):0.000000
(17,10),(31,34):0.000000
(17,10),(31,22):0.000000
(17,10),(36,22):0.000000
(17,10),(36,15):0.000000
(17,10),(33,15):0.000000
(17,10),(33,13):0.000000
(17,10),(21,13):0.000000
(17,10),(21,25):0.000000
(17,10),(24,25):0.000000
(17,10),(24,31):0.000000
(17,10),(27,31):0.000000
(17,10),(27,33):0.000000
(17,10),(20,33):0.000000
(17,10),(20,3):0.000000
(17,10),(22,3):0.000000
(17,10),(22,11):0.000000
(17,10),(23,11):0.000000
(17,10),(23,6):0.000000
(17,10),(30,6):0.000000
(17,10),(30,5):0.000000
(17,10),(25,5):0.000000
(17,10),(25,2):0.000000
(17,10),(26,2):0.000000
(17,10),(26,4):0.000000
(17,10),(28,4):0.000000
(17,12),(18,12):70.333336
(17,12),(18,20):34.416668
(17,12),(8,20):4.833333
(17,12),(8,24):0.000000
(17,12),(9,24):0.000000
(17,12),(9,21):0.000000
(17,12),(12,21):0.000000
(17,12),(12,23):0.000000
(17,12),(15,23):0.000000
(17,12),(15,36):0.000000
(17,12),(29,36):0.000000
(17,12),(29,34):0.000000
(17,12),(31,34):0.000000
(17,12),(31,22):0.000000
(17,12),(36,22):0.000000
(17,12),(36,15):0.000000
(17,12),(33,15):0.000000
(17,12),(33,13):0.000000
(17,12),(21,13):0.000000
(17,12),(21,25):0.000000
(17,12),(24,25):0.000000
(17,12),(24,31):0.000000
(17,12),(27,31):0.000000
(17,12),(27,33):0.000000
(17,12),(20,33):0.000000
(17,12),(20,3):0.000000
(17,12),(22,3):0.000000
(17,12),(22,11):0.000000
(17,12),(23,11):0.000000
(17,12),(23,6):0.000000
(17,12),(30,6):0.000000
(17,12),(30,5):0.000000
(17,12),(25,5):0.000000
(17,12),(25,2):0.000000
(17,12),(26,2):0.000000
(17,12),(26,4):0.000000
(17,12),(28,4):0.000000
(18,12),(18,20):25.000000
(18,12),(8,20):5.166667
(18,12),(8,24):0.000000
(18,12),(9,24):0.000000
(18,12),(9,21):0.000000
(18,12),(12,21):0.000000
(18,12),(12,23):0.000000
(18,12),(15,23):0.000000
(18,12),(15,36):0.000000
(18,12),(29,36):0.000000
(18,12),(29,34):0.000000
(18,12),(31,34):0.000000
(18,12),(31,22):0.000000
(18,12),(36,22):0.000000
(18,12),(36,15):0.000000
(18,12),(33,15):0.000000
(18,12),(33,13):0.000000
(18,12),(21,13):0.000000
(18,12),(21,25):0.000000
(18,12),(24,25):0.000000
(18,12),(24,31):0.000000
(18,12),(27,31):0.000000
(18,12),(27,33):0.000000
(18,12),(20,33):0.000000
(18,12),(20,3):0.000000
(18,12),(22,3):0.000000
(18,12),(22,11):0.000000
(18,12),(23,11):0.000000
(18,12),(23,6):0.000000
(18,12),(30,6):0.000000
(18,12),(30,5):0.000000
(18,12),(25,5):0.000000
(18,12),(25,2):0.000000
(18,12),(26,2):0.000000
(18,12),(26,4):0.000000
(18,12),(28,4):0.000000
(18,20),(8,20):21.000000
(18,20),(8,24):5.000000
(18,20),(9,24):0.000000
(18,20),(9,21):0.000000
(18,20),(12,21):0.000000
(18,20),(12,23):0.000000
(18,20),(15,23):0.000000
(18,20),(15,36):0.000000
(18,20),(29,36):0.000000
(18,20),(29,34):0.000000
(18,20),(31,34):0.000000
(18,20),(31,22):0.000000
(18,20),(36,22):0.000000
(18,20),(36,15):0.000000
(18,20),(33,15):0.000000
(18,20),(33,13):0.000000
(18,20),(21,13):0.000000
(18,20),(21,25):0.000000
(18,20),(24,25):0.000000
(18,20),(24,31):0.000000
(18,20),(27,31):0.000000
(18,20),(27,33):0.000000
(18,20),(20,33):0.000000
(18,20),(20,3):0.000000
(18,20),(22,3):0.000000
(18,20),(22,11):0.000000
(18,20),(23,11):0.000000
(18,20),(23,6):0.000000
(18,20),(30,6):0.000000
(18,20),(30,5):0.000000
(18,20),(25,5):0.000000
(18,20),(25,2):0.000000
(18,20),(26,2):0.000000
(18,20),(26,4):0.000000
(18,20),(28,4):0.000000
(8,20),(8,24):49.250000
(8,20),(9,24):24.041666
(8,20),(9,21):0.000000
(8,20),(12,21):8.571428
(8,20),(12,23):18.011906
(8,20),(15,23):20.799999
(8,20),(15,36):0.000000
(8,20),(29,36):0.000000
(8,20),(29,34):0.000000
(8,20),(31,34):0.000000
(8,20),(31,22):0.000000
(8,20),(36,22):0.000000
(8,20),(36,15):0.000000
(8,20),(33,15):0.000000
(8,20),(33,13):0.000000
(8,20),(21,13):0.000000
(8,20),(21,25):0.000000
(8,20),(24,25):0.000000
(8,20),(24,31):0.000000
(8,20),(27,31):0.000000
(8,20),(27,33):0.000000
(8,20),(20,33):0.000000
(8,20),(20,3):0.000000
(8,20),(22,3):0.000000
(8,20),(22,11):0.000000
(8,20),(23,11):0.000000
(8,20),(23,6):0.000000
(8,20),(30,6):0.000000
(8,20),(30,5):0.000000
(8,20),(25,5):0.000000
(8,20),(25,2):0.000000
(8,20),(26,2):0.000000
(8,20),(26,4):0.000000
(8,20),(28,4):0.000000
(8,24),(9,24):61.424999
(8,24),(9,21):31.250000
(8,24),(12,21):28.071428
(8,24),(12,23):55.228573
(8,24),(15,23):58.099998
(8,24),(15,36):13.833333
(8,24),(29,36):0.000000
(8,24),(29,34):0.000000
(8,24),(31,34):0.000000
(8,24),(31,22):0.000000
(8,24),(36,22):0.000000
(8,24),(36,15):0.000000
(8,24),(33,15):0.000000
(8,24),(33,13):0.000000
(8,24),(21,13):0.000000
(8,24),(21,25):0.000000
(8,24),(24,25):0.000000
(8,24),(24,31):0.000000
(8,24),(27,31):0.000000
(8,24),(27,33):0.000000
(8,24),(20,33):0.000000
(8,24),(20,3):0.000000
(8,24),(22,3):0.000000
(8,24),(22,11):0.000000
(8,24),(23,11):0.000000
(8,24),(23,6):0.000000
(8,24),(30,6):0.000000
(8,24),(30,5):0.000000
(8,24),(25,5):0.000000
(8,24),(25,2):0.000000
(8,24),(26,2):0.000000
(8,24),(26,4):0.000000
(8,24),(28,4):0.000000
(9,24),(9,21):41.500000
(9,24),(12,21):37.071430
(9,24),(12,23):67.761902
(9,24),(15,23):64.633331
(9,24),(15,36):17.981644
(9,24),(29,36):0.000000
(9,24),(29,34):0.000000
(9,24),(31,34):0.000000
(9,24),(31,22):0.000000
(9,24),(36,22):0.000000
(9,24),(36,15):0.000000
(9,24),(33,15):0.000000
(9,24),(33,13):0.000000
(9,24),(21,13):0.000000
(9,24),(21,25):0.000000
(9,24),(24,25):0.000000
(9,24),(24,31):0.000000
(9,24),(27,31):0.000000
(9,24),(27,33):0.000000
(9,24),(20,33):0.000000
(9,24),(20,3):0.000000
(9,24),(22,3):0.000000
(9,24),(22,11):0.000000
(9,24),(23,11):0.000000
(9,24),(23,6):0.000000
(9,24),(30,6):0.000000
(9,24),(30,5):0.000000
(9,24),(25,5):0.000000
(9,24),(25,2):0.000000
(9,24),(26,2):0.000000
(9,24),(26,4):0.000000
(9,24),(28,4):0.000000
(9,21),(12,21):24.000000
(9,21),(12,23):43.000000
(9,21),(15,23):37.000000
(9,21),(15,36):16.413462
(9,21),(29,36):0.000000
(9,21),(29,34):0.000000
(9,21),(31,34):0.000000
(9,21),(31,22):0.000000
(9,21),(36,22):0.000000
(9,21),(36,15):0.000000
(9,21),(33,15):0.000000
(9,21),(33,13):0.000000
(9,21),(21,13):0.000000
(9,21),(21,25):0.000000
(9,21),(24,25):0.000000
(9,21),(24,31):0.000000
(9,21),(27,31):0.000000
(9,21),(27,33):0.000000
(9,21),(20,33):0.000000
(9,21),(20,3):0.000000
(9,21),(22,3):0.000000
(9,21),(22,11):0.000000
(9,21),(23,11):0.000000
(9,21),(23,6):0.000000
(9,21),(30,6):0.000000
(9,21),(30,5):0.000000
(9,21),(25,5):0.000000
(9,21),(25,2):0.000000
(9,21),(26,2):0.000000
(9,21),(26,4):0.000000
(9,21),(28,4):0.000000
(12,21),(12,23):36.928570
(12,21),(15,23):30.799999
(12,21),(15,36):0.663462
(12,21),(29,36):0.000000
(12,21),(29,34):0.000000
(12,21),(31,34):0.000000
(12,21),(31,22):0.000000
(12,21),(36,22):0.000000
(12,21),(36,15):0.000000
(12,21),(33,15):0.000000
(12,21),(33,13):0.000000
(12,21),(21,13):0.000000
(12,21),(21,25):0.000000
(12,21),(24,25):0.000000
(12,21),(24,31):0.000000
(12,21),(27,31):0.000000
(12,21),(27,33):0.000000
(12,21),(20,33):0.000000
(12,21),(20,3):0.000000
(12,21),(22,3):0.000000
(12,21),(22,11):0.000000
(12,21),(23,11):0.000000
(12,21),(23,6):0.000000
(12,21),(30,6):0.000000
(12,21),(30,5):0.000000
(12,21),(25,5):0.000000
(12,21),(25,2):0.000000
(12,21),(26,2):0.000000
(12,21),(26,4):0.000000
(12,21),(28,4):0.000000
(12,23),(15,23):66.633331
(12,23),(15,36):22.001068
(12,23),(29,36):0.115385
(12,23),(29,34):0.000000
(12,23),(31,34):0.000000
(12,23),(31,22):0.000000
(12,23),(36,22):0.000000
(12,23),(36,15):0.000000
(12,23),(33,15):0.000000
(12,23),(33,13):0.000000
(12,23),(21,13):0.000000
(12,23),(21,25):0.000000
(12,23),(24,25):0.000000
(12,23),(24,31):0.000000
(12,23),(27,31):0.000000
(12,23),(27,33):0.000000
(12,23),(20,33):0.000000
(12,23),(20,3):0.000000
(12,23),(22,3):0.000000
(12,23),(22,11):0.000000
(12,23),(23,11):0.000000
(12,23),(23,6):0.000000
(12,23),(30,6):0.000000
(12,23),(30,5):0.000000
(12,23),(25,5):0.000000
(12,23),(25,2):0.000000
(12,23),(26,2):0.000000
(12,23),(26,4):0.000000
(12,23),(28,4):0.000000
(15,23),(15,36):24.125000
(15,23),(29,36):1.000000
(15,23),(29,34):0.000000
(15,23),(31,34):0.000000
(15,23),(31,22):0.000000
(15,23),(36,22):0.000000
(15,23),(36,15):0.000000
(15,23),(33,15):0.000000
(15,23),(33,13):0.000000
(15,23),(21,13):0.000000
(15,23),(21,25):0.000000
(15,23),(24,25):0.000000
(15,23),(24,31):0.000000
(15,23),(27,31):0.000000
(15,23),(27,33):0.000000
(15,23),(20,33):0.000000
(15,23),(20,3):0.000000
(15,23),(22,3):0.000000
(15,23),(22,11):0.000000
(15,23),(23,11):0.000000
(15,23),(23,6):0.000000
(15,23),(30,6):0.000000
(15,23),(30,5):0.000000
(15,23),(25,5):0.000000
(15,23),(25,2):0.000000
(15,23),(26,2):0.000000
(15,23),(26,4):0.000000
(15,23),(28,4):0.000000
(15,36),(29,36):18.000000
(15,36),(29,34):3.000000
(15,36),(31,34):3.500000
(15,36),(31,22):1.000000
(15,36),(36,22):0.000000
(15,36),(36,15):0.000000
(15,36),(33,15):0.000000
(15,36),(33,13):0.000000
(15,36),(21,13):0.000000
(15,36),(21,25):0.000000
(15,36),(24,25):0.000000
(15,36),(24,31):0.000000
(15,36),(27,31):0.000000
(15,36),(27,33):0.000000
(15,36),(20,33):0.000000
(15,36),(20,3):0.000000
(15,36),(22,3):0.000000
(15,36),(22,11):0.000000
(15,36),(23,11):0.000000
(15,36),(23,6):0.000000
(15,36),(30,6):0.000000
(15,36),(30,5):0.000000
(15,36),(25,5):0.000000
(15,36),(25,2):0.000000
(15,36),(26,2):0.000000
(15,36),(26,4):0.000000
(15,36),(28,4):0.000000
(29,36),(29,34):9.000000
(29,36),(31,34):10.000000
(29,36),(31,22):3.500000
(29,36),(36,22):0.000000
(29,36),(36,15):0.000000
(29,36),(33,15):0.000000
(29,36),(33,13):0.000000
(29,36),(21,13):0.000000
(29,36),(21,25):0.000000
(29,36),(24,25):0.000000
(29,36),(24,31):0.000000
(29,36),(27,31):0.000000
(29,36),(27,33):0.000000
(29,36),(20,33):0.000000
(29,36),(20,3):0.000000
(29,36),(22,3):0.000000
(29,36),(22,11):0.000000
(29,36),(23,11):0.000000
(29,36),(23,6):0.000000
(29,36),(30,6):0.000000
(29,36),(30,5):0.000000
(29,36),(25,5):0.000000
(29,36),(25,2):0.000000
(29,36),(26,2):0.000000
(29,36),(26,4):0.000000
(29,36),(28,4):0.000000
(29,34),(31,34):9.000000
(29,34),(31,22):3.000000
(29,34),(36,22):0.000000
(29,34),(36,15):0.000000
(29,34),(33,15):0.000000
(29,34),(33,13):0.000000
(29,34),(21,13):0.000000
(29,34),(21,25):0.000000
(29,34),(24,25):0.000000
(29,34),(24,31):0.000000
(29,34),(27,31):0.000000
(29,34),(27,33):0.000000
(29,34),(20,33):0.000000
(29,34),(20,3):0.000000
(29,34),(22,3):0.000000
(29,34),(22,11):0.000000
(29,34),(23,11):0.000000
(29,34),(23,6):0.000000
(29,34),(30,6):0.000000
(29,34),(30,5):0.000000
(29,34),(25,5):0.000000
(29,34),(25,2):0.000000
(29,34),(26,2):0.000000
(29,34),(26,4):0.000000
(29,34),(28,4):0.000000
(31,34),(31,22):23.000000
(31,34),(36,22):17.000000
(31,34),(36,15):0.000000
(31,34),(33,15):0.000000
(31,34),(33,13):0.000000
(31,34),(21,13):0.000000
(31,34),(21,25):0.000000
(31,34),(24,25):0.000000
(31,34),(24,31):0.000000
(31,34),(27,31):0.000000
(31,34),(27,33):0.000000
(31,34),(20,33):0.000000
(31,34),(20,3):0.000000
(31,34),(22,3):0.000000
(31,34),(22,11):0.000000
(31,34),(23,11):0.000000
(31,34),(23,6):0.000000
(31,34),(30,6):0.000000
(31,34),(30,5):0.000000
(31,34),(25,5):0.000000
(31,34),(25,2):0.000000
(31,34),(26,2):0.000000
(31,34),(26,4):0.000000
(31,34),(28,4):0.000000
(31,22),(36,22):44.666668
(31,22),(36,15):6.000000
(31,22),(33,15):0.000000
(31,22),(33,13):0.000000
(31,22),(21,13):0.000000
(31,22),(21,25):0.000000
(31,22),(24,25):0.000000
(31,22),(24,31):0.000000
(31,22),(27,31):0.000000
(31,22),(27,33):0.000000
(31,22),(20,33):0.000000
(31,22),(20,3):0.000000
(31,22),(22,3):0.000000
(31,22),(22,11):0.000000
(31,22),(23,11):0.000000
(31,22),(23,6):0.000000
(31,22),(30,6):0.000000
(31,22),(30,5):0.000000
(31,22),(25,5):0.000000
(31,22),(25,2):0.000000
(31,22),(26,2):0.000000
(31,22),(26,4):0.000000
(31,22),(28,4):0.000000
(36,22),(36,15):21.000000
(36,22),(33,15):8.000000
(36,22),(33,13):8.333333
(36,22),(21,13):6.000000
(36,22),(21,25):0.000000
(36,22),(24,25):0.000000
(36,22),(24,31):0.000000
(36,22),(27,31):0.000000
(36,22),(27,33):0.000000
(36,22),(20,33):0.000000
(36,22),(20,3):0.000000
(36,22),(22,3):0.000000
(36,22),(22,11):2.636364
(36,22),(23,11):6.700000
(36,22),(23,6):8.118881
(36,22),(30,6):8.125000
(36,22),(30,5):7.583333
(36,22),(25,5):0.000000
(36,22),(25,2):0.000000
(36,22),(26,2):0.000000
(36,22),(26,4):0.000000
(36,22),(28,4):0.000000
(36,15),(33,15):34.000000
(36,15),(33,13):88.500000
(36,15),(21,13):60.153488
(36,15),(21,25):0.000000
(36,15),(24,25):0.000000
(36,15),(24,31):0.000000
(36,15),(27,31):0.000000
(36,15),(27,33):0.000000
(36,15),(20,33):0.000000
(36,15),(20,3):0.000000
(36,15),(22,3):0.000000
(36,15),(22,11):12.454545
(36,15),(23,11):67.403030
(36,15),(23,6):66.621590
(36,15),(30,6):83.934525
(36,15),(30,5):69.000000
(36,15),(25,5):7.643162
(36,15),(25,2):0.000000
(36,15),(26,2):0.000000
(36,15),(26,4):5.308333
(36,15),(28,4):20.166666
(33,15),(33,13):38.000000
(33,15),(21,13):27.722221
(33,15),(21,25):0.000000
(33,15),(24,25):0.000000
(33,15),(24,31):0.000000
(33,15),(27,31):0.000000
(33,15),(27,33):0.000000
(33,15),(20,33):0.000000
(33,15),(20,3):0.000000
(33,15),(22,3):0.000000
(33,15),(22,11):9.454545
(33,15),(23,11):29.100000
(33,15),(23,6):29.733767
(33,15),(30,6):36.017857
(33,15),(30,5):35.000000
(33,15),(25,5):2.833333
(33,15),(25,2):0.000000
(33,15),(26,2):0.000000
(33,15),(26,4):1.875000
(33,15),(28,4):5.750000
(33,13),(21,13):95.085861
(33,13),(21,25):2.272727
(33,13),(24,25):0.000000
(33,13),(24,31):0.000000
(33,13),(27,31):0.000000
(33,13),(27,33):0.000000
(33,13),(20,33):2.390663
(33,13),(20,3):4.863636
(33,13),(22,3):4.363636
(33,13),(22,11):35.818180
(33,13),(23,11):108.314285
(33,13),(23,6):100.067101
(33,13),(30,6):124.151192
(33,13),(30,5):74.333336
(33,13),(25,5):9.796296
(33,13),(25,2):0.000000
(33,13),(26,2):0.000000
(33,13),(26,4):6.187500
(33,13),(28,4):23.000000
(21,13),(21,25):30.000000
(21,13),(24,25):8.000000
(21,13),(24,31):9.000000
(21,13),(27,31):2.000000
(21,13),(27,33):4.333333
(21,13),(20,33):32.500000
(21,13),(20,3):40.500000
(21,13),(22,3):25.000000
(21,13),(22,11):51.000000
(21,13),(23,11):94.714287
(21,13),(23,6):82.090912
(21,13),(30,6):90.771828
(21,13),(30,5):49.972221
(21,13),(25,5):2.865079
(21,13),(25,2):0.000000
(21,13),(26,2):0.000000
(21,13),(26,4):3.915058
(21,13),(28,4):6.613526
(21,25),(24,25):32.000000
(21,25),(24,31):34.000000
(21,25),(27,31):9.000000
(21,25),(27,33):14.333333
(21,25),(20,33):55.000000
(21,25),(20,3):31.454546
(21,25),(22,3):15.000000
(21,25),(22,11):11.000000
(21,25),(23,11):2.500000
(21,25),(23,6):0.000000
(21,25),(30,6):0.603175
(21,25),(30,5):0.000000
(21,25),(25,5):0.000000
(21,25),(25,2):0.000000
(21,25),(26,2):0.000000
(21,25),(26,4):0.000000
(21,25),(28,4):0.000000
(24,25),(24,31):32.000000
(24,25),(27,31):8.000000
(24,25),(27,33):13.333333
(24,25),(20,33):32.000000
(24,25),(20,3):9.454545
(24,25),(22,3):0.000000
(24,25),(22,11):0.000000
(24,25),(23,11):0.000000
(24,25),(23,6):0.000000
(24,25),(30,6):0.000000
(24,25),(30,5):0.000000
(24,25),(25,5):0.000000
(24,25),(25,2):0.000000
(24,25),(26,2):0.000000
(24,25),(26,4):0.000000
(24,25),(28,4):0.000000
(24,31),(27,31):14.000000
(24,31),(27,33):19.333334
(24,31),(20,33):39.000000
(24,31),(20,3):10.454545
(24,31),(22,3):0.000000
(24,31),(22,11):0.000000
(24,31),(23,11):0.000000
(24,31),(23,6):0.000000
(24,31),(30,6):0.000000
(24,31),(30,5):0.000000
(24,31),(25,5):0.000000
(24,31),(25,2):0.000000
(24,31),(26,2):0.000000
(24,31),(26,4):0.000000
(24,31),(28,4):0.000000
(27,31),(27,33):14.000000
(27,31),(20,33):14.000000
(27,31),(20,3):2.636364
(27,31),(22,3):0.000000
(27,31),(22,11):0.000000
(27,31),(23,11):0.000000
(27,31),(23,6):0.000000
(27,31),(30,6):0.000000
(27,31),(30,5):0.000000
(27,31),(25,5):0.000000
(27,31),(25,2):0.000000
(27,31),(26,2):0.000000
(27,31),(26,4):0.000000
(27,31),(28,4):0.000000
(27,33),(20,33):19.333334
(27,33),(20,3):5.412879
(27,33),(22,3):0.000000
(27,33),(22,11):0.000000
(27,33),(23,11):0.000000
(27,33),(23,6):0.000000
(27,33),(30,6):0.000000
(27,33),(30,5):0.000000
(27,33),(25,5):0.000000
(27,33),(25,2):0.000000
(27,33),(26,2):0.000000
(27,33),(26,4):0.000000
(27,33),(28,4):0.000000
(20,33),(20,3):33.954544
(20,33),(22,3):17.500000
(20,33),(22,11):13.500000
(20,33),(23,11):2.600000
(20,33),(23,6):0.000000
(20,33),(30,6):0.611640
(20,33),(30,5):0.000000
(20,33),(25,5):0.000000
(20,33),(25,2):0.000000
(20,33),(26,2):0.000000
(20,33),(26,4):0.000000
(20,33),(28,4):0.000000
(20,3),(22,3):25.000000
(20,3),(22,11):21.500000
(20,3),(23,11):5.000000
(20,3),(23,6):0.000000
(20,3),(30,6):1.977633
(20,3),(30,5):0.000000
(20,3),(25,5):0.000000
(20,3),(25,2):0.000000
(20,3),(26,2):0.000000
(20,3),(26,4):0.000000
(20,3),(28,4):0.000000
(22,3),(22,11):21.000000
(22,3),(23,11):4.500000
(22,3),(23,6):0.000000
(22,3),(30,6):1.531746
(22,3),(30,5):0.000000
(22,3),(25,5):0.000000
(22,3),(25,2):0.000000
(22,3),(26,2):0.000000
(22,3),(26,4):0.000000
(22,3),(28,4):0.000000
(22,11),(23,11):35.954544
(22,11),(23,6):29.454546
(22,11),(30,6):32.629150
(22,11),(30,5):15.454545
(22,11),(25,5):0.000000
(22,11),(25,2):0.000000
(22,11),(26,2):0.000000
(22,11),(26,4):0.000000
(22,11),(28,4):0.000000
(23,11),(23,6):96.190910
(23,11),(30,6):104.363892
(23,11),(30,5):51.064285
(23,11),(25,5):2.414286
(23,11),(25,2):0.000000
(23,11),(26,2):0.000000
(23,11),(26,4):3.718518
(23,11),(28,4):6.126050
(23,6),(30,6):99.364014
(23,6),(30,5):49.239010
(23,6),(25,5):0.000000
(23,6),(25,2):0.000000
(23,6),(26,2):0.000000
(23,6),(26,4):0.000000
(23,6),(28,4):1.000000
(30,6),(30,5):71.642860
(30,6),(25,5):9.333333
(30,6),(25,2):0.000000
(30,6),(26,2):0.000000
(30,6),(26,4):6.000000
(30,6),(28,4):20.000000
(30,5),(25,5):15.125000
(30,5),(25,2):1.375000
(30,5),(26,2):1.125000
(30,5),(26,4):11.125000
(30,5),(28,4):31.000000
(25,5),(25,2):3.250000
(25,5),(26,2):3.000000
(25,5),(26,4):11.000000
(25,5),(28,4):15.000000
(25,2),(26,2):3.000000
(25,2),(26,4):3.250000
(25,2),(28,4):1.250000
(26,2),(26,4):3.000000
(26,2),(28,4):1.000000
(26,4),(28,4):11.000000
