20
(5,2):(5,2)	(5,5)	(5,6)	(6,2)	(6,3)	(6,4)	(6,5)	(6,6)	(7,4)	(7,5)	(7,6)	(7,7)	(8,8)	(8,9)	
(6,2):(5,2)	(5,5)	(5,6)	(6,2)	(6,3)	(6,4)	(6,5)	(6,6)	
(6,3):(5,2)	(5,5)	(5,6)	(6,2)	(6,3)	(6,4)	(6,5)	(6,6)	(7,4)	(7,5)	(7,6)	(7,7)	(8,3)	(8,8)	(8,9)	
(8,3):(3,7)	(4,6)	(5,5)	(5,6)	(6,3)	(6,4)	(6,5)	(6,6)	(7,4)	(7,5)	(7,6)	(7,7)	(7,10)	(8,3)	(8,8)	(8,9)	
(8,8):(5,2)	(5,5)	(6,3)	(6,4)	(6,5)	(6,6)	(7,4)	(7,5)	(7,6)	(7,7)	(7,10)	(8,3)	(8,8)	(8,9)	(9,8)	(9,9)	(10,10)	
(9,8):(7,10)	(8,8)	(8,9)	(9,8)	(9,9)	
(9,9):(7,7)	(7,10)	(8,8)	(8,9)	(9,8)	(9,9)	(10,9)	(10,10)	
(10,9):(7,10)	(8,9)	(9,9)	(10,9)	(10,10)	
(10,10):(7,7)	(7,10)	(8,8)	(8,9)	(9,9)	(10,9)	(10,10)	
(7,10):(7,4)	(7,5)	(7,6)	(7,7)	(7,10)	(8,3)	(8,8)	(8,9)	(9,8)	(9,9)	(10,9)	(10,10)	
(7,7):(2,4)	(3,5)	(3,6)	(3,7)	(4,5)	(4,6)	(5,2)	(5,5)	(5,6)	(6,3)	(6,4)	(6,5)	(6,6)	(7,4)	(7,5)	(7,6)	(7,7)	(7,10)	(8,3)	(8,8)	(8,9)	(9,9)	(10,10)	
(3,7):(3,2)	(3,3)	(3,4)	(3,5)	(3,6)	(3,7)	(4,1)	(4,5)	(4,6)	(5,5)	(5,6)	(6,4)	(6,5)	(6,6)	(7,4)	(7,5)	(7,6)	(7,7)	(8,3)	
(3,6):(1,1)	(2,2)	(2,3)	(2,4)	(2,6)	(3,2)	(3,3)	(3,4)	(3,5)	(3,6)	(3,7)	(4,1)	(4,5)	(4,6)	(5,5)	(5,6)	(6,5)	(6,6)	(7,4)	(7,5)	(7,6)	(7,7)	
(2,6):(2,2)	(2,3)	(2,4)	(2,6)	(3,2)	(3,3)	(3,4)	(3,5)	(3,6)	(4,1)	(4,5)	(4,6)	(5,5)	(5,6)	(6,5)	(6,6)	(7,5)	(7,6)	
(2,4):(1,1)	(1,4)	(2,2)	(2,3)	(2,4)	(2,6)	(3,2)	(3,3)	(3,4)	(3,5)	(3,6)	(4,1)	(4,5)	(4,6)	(5,6)	(6,6)	(7,7)	
(1,4):(1,1)	(1,4)	(2,2)	(2,3)	(2,4)	(3,2)	(3,3)	(3,4)	(4,1)	
(1,1):(1,1)	(1,4)	(2,2)	(2,3)	(2,4)	(3,2)	(3,3)	(3,4)	(3,5)	(3,6)	(4,1)	(4,5)	(4,6)	
(4,1):(1,1)	(1,4)	(2,2)	(2,3)	(2,4)	(2,6)	(3,2)	(3,3)	(3,4)	(3,5)	(3,6)	(3,7)	(4,1)	(4,5)	(4,6)	
(4,5):(1,1)	(2,2)	(2,3)	(2,4)	(2,6)	(3,2)	(3,3)	(3,4)	(3,5)	(3,6)	(3,7)	(4,1)	(4,5)	(4,6)	(5,5)	(5,6)	(6,5)	(6,6)	(7,5)	(7,6)	(7,7)	
(5,5):(2,6)	(3,5)	(3,6)	(3,7)	(4,5)	(4,6)	(5,2)	(5,5)	(5,6)	(6,2)	(6,3)	(6,4)	(6,5)	(6,6)	(7,4)	(7,5)	(7,6)	(7,7)	(8,3)	(8,8)	
(5,2):13.200000
(6,2):5.666667
(6,3):16.674999
(8,3):17.666666
(8,8):16.299999
(9,8):4.000000
(9,9):5.500000
(10,9):3.000000
(10,10):5.000000
(7,10):10.000000
(7,7):24.450001
(3,7):18.000000
(3,6):23.375000
(2,6):15.500000
(2,4):18.049999
(1,4):9.000000
(1,1):14.633333
(4,1):14.000000
(4,5):22.083334
(5,5):18.500000
(5,2),(6,2):5.000000
(5,2),(6,3):13.000000
(5,2),(8,3):11.250000
(5,2),(8,8):11.000000
(5,2),(9,8):1.400000
(5,2),(9,9):1.700000
(5,2),(10,9):0.750000
(5,2),(10,10):1.700000
(5,2),(7,10):4.700000
(5,2),(7,7):13.075000
(5,2),(3,7):8.250000
(5,2),(3,6):7.625000
(5,2),(2,6):4.125000
(5,2),(2,4):2.550000
(5,2),(1,4):0.000000
(5,2),(1,1):0.166667
(5,2),(4,1):0.000000
(5,2),(4,5):6.333333
(5,2),(5,5):11.500000
(6,2),(6,3):5.666667
(6,2),(8,3):4.666667
(6,2),(8,8):3.300000
(6,2),(9,8):0.000000
(6,2),(9,9):0.000000
(6,2),(10,9):0.000000
(6,2),(10,10):0.000000
(6,2),(7,10):0.000000
(6,2),(7,7):5.541667
(6,2),(3,7):3.166667
(6,2),(3,6):2.916667
(6,2),(2,6):1.333333
(6,2),(2,4):1.880952
(6,2),(1,4):0.000000
(6,2),(1,1):0.628205
(6,2),(4,1):0.000000
(6,2),(4,5):2.666667
(6,2),(5,5):5.666667
(6,3),(8,3):14.875000
(6,3),(8,8):13.475000
(6,3),(9,8):1.800000
(6,3),(9,9):2.175000
(6,3),(10,9):0.975000
(6,3),(10,10):2.175000
(6,3),(7,10):6.675000
(6,3),(7,7):16.549999
(6,3),(3,7):11.000000
(6,3),(3,6):9.375000
(6,3),(2,6):4.750000
(6,3),(2,4):3.500000
(6,3),(1,4):0.000000
(6,3),(1,1):0.900000
(6,3),(4,1):0.000000
(6,3),(4,5):7.333333
(6,3),(5,5):14.500000
(8,3),(8,8):13.000000
(8,3),(9,8):2.000000
(8,3),(9,9):2.500000
(8,3),(10,9):1.000000
(8,3),(10,10):2.500000
(8,3),(7,10):7.000000
(8,3),(7,7):17.666666
(8,3),(3,7):12.666667
(8,3),(3,6):11.041667
(8,3),(2,6):5.250000
(8,3),(2,4):4.880357
(8,3),(1,4):0.000000
(8,3),(1,1):2.206433
(8,3),(4,1):1.000000
(8,3),(4,5):9.000000
(8,3),(5,5):15.166667
(8,8),(9,8):4.000000
(8,8),(9,9):5.000000
(8,8),(10,9):2.500000
(8,8),(10,10):4.500000
(8,8),(7,10):9.500000
(8,8),(7,7):15.800000
(8,8),(3,7):8.000000
(8,8),(3,6):6.375000
(8,8),(2,6):4.000000
(8,8),(2,4):0.800000
(8,8),(1,4):0.000000
(8,8),(1,1):0.000000
(8,8),(4,1):0.000000
(8,8),(4,5):4.333333
(8,8),(5,5):11.300000
(9,8),(9,9):4.000000
(9,8),(10,9):2.000000
(9,8),(10,10):3.500000
(9,8),(7,10):4.000000
(9,8),(7,7):3.500000
(9,8),(3,7):0.000000
(9,8),(3,6):0.000000
(9,8),(2,6):0.000000
(9,8),(2,4):0.000000
(9,8),(1,4):0.000000
(9,8),(1,1):0.000000
(9,8),(4,1):0.000000
(9,8),(4,5):0.000000
(9,8),(5,5):0.000000
(9,9),(10,9):3.000000
(9,9),(10,10):5.000000
(9,9),(7,10):5.500000
(9,9),(7,7):4.500000
(9,9),(3,7):0.000000
(9,9),(3,6):0.000000
(9,9),(2,6):0.000000
(9,9),(2,4):0.000000
(9,9),(1,4):0.000000
(9,9),(1,1):0.000000
(9,9),(4,1):0.000000
(9,9),(4,5):0.000000
(9,9),(5,5):0.000000
(10,9),(10,10):3.000000
(10,9),(7,10):3.000000
(10,9),(7,7):2.500000
(10,9),(3,7):0.000000
(10,9),(3,6):0.000000
(10,9),(2,6):0.000000
(10,9),(2,4):0.000000
(10,9),(1,4):0.000000
(10,9),(1,1):0.000000
(10,9),(4,1):0.000000
(10,9),(4,5):0.000000
(10,9),(5,5):0.000000
(10,10),(7,10):5.000000
(10,10),(7,7):4.500000
(10,10),(3,7):0.000000
(10,10),(3,6):0.000000
(10,10),(2,6):0.000000
(10,10),(2,4):0.000000
(10,10),(1,4):0.000000
(10,10),(1,1):0.000000
(10,10),(4,1):0.000000
(10,10),(4,5):0.000000
(10,10),(5,5):0.000000
(7,10),(7,7):9.000000
(7,10),(3,7):4.000000
(7,10),(3,6):3.375000
(7,10),(2,6):1.833333
(7,10),(2,4):0.550000
(7,10),(1,4):0.000000
(7,10),(1,1):0.000000
(7,10),(4,1):0.000000
(7,10),(4,5):2.333333
(7,10),(5,5):4.500000
(7,7),(3,7):14.333333
(7,7),(3,6):14.625000
(7,7),(2,6):8.708333
(7,7),(2,4):8.625000
(7,7),(1,4):0.450000
(7,7),(1,1):5.318182
(7,7),(4,1):4.575000
(7,7),(4,5):12.908334
(7,7),(5,5):18.250000
(3,7),(3,6):16.250000
(3,7),(2,6):10.500000
(3,7),(2,4):9.750000
(3,7),(1,4):3.000000
(3,7),(1,1):7.300000
(3,7),(4,1):6.000000
(3,7),(4,5):14.000000
(3,7),(5,5):14.000000
(3,6),(2,6):15.500000
(3,6),(2,4):16.875000
(3,6),(1,4):8.000000
(3,6),(1,1):13.633333
(3,6),(4,1):13.000000
(3,6),(4,5):21.125000
(3,6),(5,5):13.375000
(2,6),(2,4):11.000000
(2,6),(1,4):6.000000
(2,6),(1,1):9.708333
(2,6),(4,1):10.000000
(2,6),(4,5):14.000000
(2,6),(5,5):7.500000
(2,4),(1,4):9.000000
(2,4),(1,1):14.583333
(2,4),(4,1):13.750000
(2,4),(4,5):17.799999
(2,4),(5,5):7.050000
(1,4),(1,1):9.000000
(1,4),(4,1):9.000000
(1,4),(4,5):8.750000
(1,4),(5,5):0.000000
(1,1),(4,1):13.133333
(1,1),(4,5):14.383333
(1,1),(5,5):3.800000
(4,1),(4,5):13.750000
(4,1),(5,5):3.000000
(4,5),(5,5):11.333333
