24
(11,11):(11,5)	(11,6)	(11,7)	(11,8)	(11,9)	(11,11)	(12,4)	(12,11)	
(11,9):(5,8)	(6,9)	(7,9)	(8,9)	(10,5)	(10,8)	(11,5)	(11,6)	(11,7)	(11,8)	(11,9)	(11,11)	(12,4)	(12,11)	
(8,9):(5,8)	(5,10)	(6,9)	(7,9)	(7,10)	(7,12)	(8,9)	(8,12)	(10,8)	(11,8)	(11,9)	
(8,12):(7,9)	(7,10)	(7,12)	(8,9)	(8,12)	
(7,12):(7,9)	(7,10)	(7,12)	(8,9)	(8,12)	
(7,10):(5,8)	(5,10)	(6,9)	(7,9)	(7,10)	(7,12)	(8,9)	(8,12)	
(5,10):(5,8)	(5,10)	(6,9)	(7,9)	(7,10)	(8,9)	(10,8)	(11,8)	
(5,8):(5,8)	(5,10)	(6,9)	(7,9)	(7,10)	(8,9)	(10,8)	(11,8)	(11,9)	
(10,8):(5,8)	(5,10)	(6,9)	(7,9)	(8,9)	(10,5)	(10,8)	(11,5)	(11,6)	(11,7)	(11,8)	(11,9)	(12,4)	
(10,5):(2,3)	(2,4)	(2,5)	(3,4)	(3,5)	(4,4)	(4,5)	(5,4)	(5,5)	(6,4)	(6,5)	(7,5)	(8,5)	(9,5)	(10,5)	(10,8)	(11,5)	(11,6)	(11,7)	(11,8)	(11,9)	(12,4)	(12,11)	
(9,5):(1,6)	(2,3)	(2,4)	(2,5)	(3,3)	(3,4)	(3,5)	(4,4)	(4,5)	(4,6)	(4,7)	(5,4)	(5,5)	(5,6)	(6,4)	(6,5)	(6,6)	(7,5)	(7,6)	(8,5)	(8,6)	(9,5)	(9,7)	(10,5)	(11,5)	(12,4)	
(9,7):(2,3)	(2,4)	(2,5)	(3,3)	(3,4)	(3,5)	(4,4)	(4,5)	(4,6)	(4,7)	(5,4)	(5,5)	(5,6)	(6,4)	(6,5)	(6,6)	(7,5)	(7,6)	(8,5)	(8,6)	(9,5)	(9,7)	
(4,7):(4,4)	(4,5)	(4,6)	(4,7)	(5,4)	(5,5)	(5,6)	(6,3)	(6,4)	(6,5)	(6,6)	(7,5)	(7,6)	(8,5)	(8,6)	(9,5)	(9,7)	
(4,6):(1,1)	(1,6)	(2,2)	(2,3)	(2,4)	(2,5)	(3,3)	(3,4)	(3,5)	(4,4)	(4,5)	(4,6)	(4,7)	(5,4)	(5,5)	(5,6)	(6,3)	(6,4)	(6,5)	(6,6)	(7,5)	(7,6)	(8,5)	(8,6)	(9,5)	(9,7)	(12,4)	
(1,6):(1,1)	(1,6)	(2,1)	(2,2)	(2,3)	(2,4)	(2,5)	(3,2)	(3,3)	(3,4)	(3,5)	(4,4)	(4,5)	(4,6)	(5,4)	(5,5)	(5,6)	(6,3)	(6,4)	(6,5)	(6,6)	(7,5)	(7,6)	(8,5)	(8,6)	(9,5)	(12,4)	
(1,1):(1,1)	(1,6)	(2,1)	(2,2)	(2,3)	(2,4)	(2,5)	(3,3)	(3,4)	(3,5)	(4,4)	(4,5)	(4,6)	(5,5)	(5,6)	(6,6)	
(2,1):(1,1)	(1,6)	(2,1)	(2,2)	(2,3)	(2,4)	(2,5)	
(2,2):(1,1)	(1,6)	(2,1)	(2,2)	(2,3)	(2,4)	(2,5)	(3,2)	(3,3)	(3,4)	(3,5)	(4,4)	(4,5)	(4,6)	(5,5)	(5,6)	(6,6)	
(3,2):(1,6)	(2,2)	(2,3)	(2,4)	(2,5)	(3,2)	(3,3)	(3,4)	(3,5)	
(3,3):(1,1)	(1,6)	(2,2)	(2,3)	(2,4)	(2,5)	(3,2)	(3,3)	(3,4)	(3,5)	(4,4)	(4,5)	(4,6)	(5,4)	(5,5)	(5,6)	(6,3)	(6,4)	(6,5)	(6,6)	(7,5)	(7,6)	(8,5)	(8,6)	(9,5)	(9,7)	
(6,3):(1,6)	(2,3)	(2,4)	(2,5)	(3,3)	(3,4)	(3,5)	(4,4)	(4,5)	(4,6)	(4,7)	(5,4)	(5,5)	(5,6)	(6,3)	(6,4)	(6,5)	(6,6)	
(6,4):(1,6)	(2,3)	(2,4)	(2,5)	(3,3)	(3,4)	(3,5)	(4,4)	(4,5)	(4,6)	(4,7)	(5,4)	(5,5)	(5,6)	(6,3)	(6,4)	(6,5)	(6,6)	(7,5)	(7,6)	(8,5)	(8,6)	(9,5)	(9,7)	(10,5)	(11,5)	(12,4)	
(12,4):(1,6)	(2,4)	(2,5)	(3,4)	(3,5)	(4,4)	(4,5)	(4,6)	(5,4)	(5,5)	(5,6)	(6,4)	(6,5)	(6,6)	(7,5)	(8,5)	(9,5)	(10,5)	(10,8)	(11,5)	(11,6)	(11,7)	(11,8)	(11,9)	(11,11)	(12,4)	(12,11)	
(12,11):(10,5)	(11,5)	(11,6)	(11,7)	(11,8)	(11,9)	(11,11)	(12,4)	(12,11)	
(11,11):7.000000
(11,9):17.125000
(8,9):13.000000
(8,12):5.000000
(7,12):4.166667
(7,10):8.500000
(5,10):8.133333
(5,8):10.583333
(10,8):17.500000
(10,5):23.625000
(9,5):28.166666
(9,7):25.933332
(4,7):18.250000
(4,6):30.683332
(1,6):26.437500
(1,1):15.200000
(2,1):5.000000
(2,2):15.750000
(3,2):8.000000
(3,3):26.833334
(6,3):17.000000
(6,4):30.166666
(12,4):28.416666
(12,11):11.166667
(11,11),(11,9):7.000000
(11,11),(8,9):1.750000
(11,11),(8,12):0.000000
(11,11),(7,12):0.000000
(11,11),(7,10):0.000000
(11,11),(5,10):0.433333
(11,11),(5,8):1.083333
(11,11),(10,8):5.500000
(11,11),(10,5):6.500000
(11,11),(9,5):1.000000
(11,11),(9,7):0.000000
(11,11),(4,7):0.050000
(11,11),(4,6):0.500000
(11,11),(1,6):0.687500
(11,11),(1,1):0.000000
(11,11),(2,1):0.000000
(11,11),(2,2):0.000000
(11,11),(3,2):0.000000
(11,11),(3,3):0.000000
(11,11),(6,3):0.000000
(11,11),(6,4):1.375000
(11,11),(12,4):7.000000
(11,11),(12,11):7.000000
(11,9),(8,9):8.000000
(11,9),(8,12):1.750000
(11,9),(7,12):1.166667
(11,9),(7,10):3.500000
(11,9),(5,10):5.133333
(11,9),(5,8):7.083333
(11,9),(10,8):15.500000
(11,9),(10,5):11.625000
(11,9),(9,5):2.125000
(11,9),(9,7):0.000000
(11,9),(4,7):0.556818
(11,9),(4,6):1.320238
(11,9),(1,6):1.623106
(11,9),(1,1):0.000000
(11,9),(2,1):0.000000
(11,9),(2,2):0.000000
(11,9),(3,2):0.000000
(11,9),(3,3):0.000000
(11,9),(6,3):0.000000
(11,9),(6,4):2.625000
(11,9),(12,4):12.375000
(11,9),(12,11):11.125000
(8,9),(8,12):5.000000
(8,9),(7,12):4.166667
(8,9),(7,10):8.500000
(8,9),(5,10):8.133333
(8,9),(5,8):10.500000
(8,9),(10,8):10.000000
(8,9),(10,5):3.000000
(8,9),(9,5):0.000000
(8,9),(9,7):0.000000
(8,9),(4,7):0.000000
(8,9),(4,6):0.000000
(8,9),(1,6):0.000000
(8,9),(1,1):0.000000
(8,9),(2,1):0.000000
(8,9),(2,2):0.000000
(8,9),(3,2):0.000000
(8,9),(3,3):0.000000
(8,9),(6,3):0.000000
(8,9),(6,4):0.000000
(8,9),(12,4):3.250000
(8,9),(12,11):2.200000
(8,12),(7,12):4.000000
(8,12),(7,10):5.000000
(8,12),(5,10):3.000000
(8,12),(5,8):3.500000
(8,12),(10,8):2.200000
(8,12),(10,5):0.000000
(8,12),(9,5):0.000000
(8,12),(9,7):0.000000
(8,12),(4,7):0.000000
(8,12),(4,6):0.000000
(8,12),(1,6):0.000000
(8,12),(1,1):0.000000
(8,12),(2,1):0.000000
(8,12),(2,2):0.000000
(8,12),(3,2):0.000000
(8,12),(3,3):0.000000
(8,12),(6,3):0.000000
(8,12),(6,4):0.000000
(8,12),(12,4):0.000000
(8,12),(12,11):0.000000
(7,12),(7,10):4.166667
(7,12),(5,10):2.166667
(7,12),(5,8):2.666667
(7,12),(10,8):1.416667
(7,12),(10,5):0.000000
(7,12),(9,5):0.000000
(7,12),(9,7):0.000000
(7,12),(4,7):0.000000
(7,12),(4,6):0.000000
(7,12),(1,6):0.000000
(7,12),(1,1):0.000000
(7,12),(2,1):0.000000
(7,12),(2,2):0.000000
(7,12),(3,2):0.000000
(7,12),(3,3):0.000000
(7,12),(6,3):0.000000
(7,12),(6,4):0.000000
(7,12),(12,4):0.000000
(7,12),(12,11):0.000000
(7,10),(5,10):6.500000
(7,10),(5,8):7.000000
(7,10),(10,8):5.500000
(7,10),(10,5):0.000000
(7,10),(9,5):0.000000
(7,10),(9,7):0.000000
(7,10),(4,7):0.000000
(7,10),(4,6):0.000000
(7,10),(1,6):0.000000
(7,10),(1,1):0.000000
(7,10),(2,1):0.000000
(7,10),(2,2):0.000000
(7,10),(3,2):0.000000
(7,10),(3,3):0.000000
(7,10),(6,3):0.000000
(7,10),(6,4):0.000000
(7,10),(12,4):0.000000
(7,10),(12,11):0.000000
(5,10),(5,8):7.500000
(5,10),(10,8):7.133333
(5,10),(10,5):0.800000
(5,10),(9,5):0.000000
(5,10),(9,7):0.000000
(5,10),(4,7):0.000000
(5,10),(4,6):0.000000
(5,10),(1,6):0.000000
(5,10),(1,1):0.000000
(5,10),(2,1):0.000000
(5,10),(2,2):0.000000
(5,10),(3,2):0.000000
(5,10),(3,3):0.000000
(5,10),(6,3):0.000000
(5,10),(6,4):0.000000
(5,10),(12,4):0.833333
(5,10),(12,11):0.627381
(5,8),(10,8):9.083333
(5,8),(10,5):2.083333
(5,8),(9,5):0.000000
(5,8),(9,7):0.000000
(5,8),(4,7):0.000000
(5,8),(4,6):0.000000
(5,8),(1,6):0.000000
(5,8),(1,1):0.000000
(5,8),(2,1):0.000000
(5,8),(2,2):0.000000
(5,8),(3,2):0.000000
(5,8),(3,3):0.000000
(5,8),(6,3):0.000000
(5,8),(6,4):0.000000
(5,8),(12,4):2.333333
(5,8),(12,11):1.333333
(10,8),(10,5):10.500000
(10,8),(9,5):2.000000
(10,8),(9,7):0.000000
(10,8),(4,7):0.450000
(10,8),(4,6):1.200000
(10,8),(1,6):1.500000
(10,8),(1,1):0.000000
(10,8),(2,1):0.000000
(10,8),(2,2):0.000000
(10,8),(3,2):0.000000
(10,8),(3,3):0.000000
(10,8),(6,3):0.000000
(10,8),(6,4):2.500000
(10,8),(12,4):10.750000
(10,8),(12,11):9.500000
(10,5),(9,5):14.125000
(10,5),(9,7):11.125000
(10,5),(4,7):6.750000
(10,5),(4,6):13.225000
(10,5),(1,6):13.562500
(10,5),(1,1):5.958333
(10,5),(2,1):2.125000
(10,5),(2,2):5.958333
(10,5),(3,2):4.000000
(10,5),(3,3):9.625000
(10,5),(6,3):8.000000
(10,5),(6,4):14.625000
(10,5),(12,4):20.500000
(10,5),(12,11):10.666667
(9,5),(9,7):24.266666
(9,5),(4,7):16.916666
(9,5),(4,6):27.266666
(9,5),(1,6):22.604166
(9,5),(1,1):13.366667
(9,5),(2,1):3.500000
(9,5),(2,2):13.416667
(9,5),(3,2):6.666667
(9,5),(3,3):23.500000
(9,5),(6,3):15.500000
(9,5),(6,4):28.166666
(9,5),(12,4):18.166666
(9,5),(12,11):2.166667
(9,7),(4,7):16.500000
(9,7),(4,6):25.933332
(9,7),(1,6):20.933332
(9,7),(1,1):13.133333
(9,7),(2,1):3.500000
(9,7),(2,2):13.183333
(9,7),(3,2):6.450000
(9,7),(3,3):24.266666
(9,7),(6,3):15.600000
(9,7),(6,4):25.266666
(9,7),(12,4):14.266666
(9,7),(12,11):0.000000
(4,7),(4,6):18.250000
(4,7),(1,6):13.250000
(4,7),(1,1):4.200000
(4,7),(2,1):0.000000
(4,7),(2,2):4.250000
(4,7),(3,2):0.000000
(4,7),(3,3):15.333333
(4,7),(6,3):8.000000
(4,7),(6,4):18.250000
(4,7),(12,4):10.416667
(4,7),(12,11):0.593137
(4,6),(1,6):25.683332
(4,6),(1,1):14.950000
(4,6),(2,1):4.750000
(4,6),(2,2):15.333333
(4,6),(3,2):7.833333
(4,6),(3,3):26.666666
(4,6),(6,3):17.000000
(4,6),(6,4):28.766666
(4,6),(12,4):17.266666
(4,6),(12,11):1.360417
(1,6),(1,1):13.000000
(1,6),(2,1):5.000000
(1,6),(2,2):13.500000
(1,6),(3,2):8.000000
(1,6),(3,3):22.000000
(1,6),(6,3):15.000000
(1,6),(6,4):24.104166
(1,6),(12,4):16.937500
(1,6),(12,11):1.664167
(1,1),(2,1):5.000000
(1,1),(2,2):15.200000
(1,1),(3,2):7.500000
(1,1),(3,3):14.700000
(1,1),(6,3):12.200000
(1,1),(6,4):13.366667
(1,1),(12,4):8.555555
(1,1),(12,11):0.000000
(2,1),(2,2):5.000000
(2,1),(3,2):4.000000
(2,1),(3,3):4.500000
(2,1),(6,3):3.000000
(2,1),(6,4):3.500000
(2,1),(12,4):2.000000
(2,1),(12,11):0.000000
(2,2),(3,2):8.000000
(2,2),(3,3):15.250000
(2,2),(6,3):12.250000
(2,2),(6,4):13.416667
(2,2),(12,4):8.571428
(2,2),(12,11):0.000000
(3,2),(3,3):8.000000
(3,2),(6,3):6.000000
(3,2),(6,4):6.666667
(3,2),(12,4):4.000000
(3,2),(12,11):0.000000
(3,3),(6,3):16.833334
(3,3),(6,4):25.000000
(3,3),(12,4):13.600000
(3,3),(12,11):0.000000
(6,3),(6,4):17.000000
(6,3),(12,4):10.666667
(6,3),(12,11):0.000000
(6,4),(12,4):18.666666
(6,4),(12,11):2.666667
(12,4),(12,11):11.166667
