62
(28,14):(28,5)	(28,6)	(28,7)	(28,8)	(28,9)	(28,10)	(28,11)	(28,12)	(28,13)	(28,14)	(29,4)	(29,8)	(29,9)	(29,10)	(29,11)	(29,12)	(29,13)	(30,9)	(30,10)	(30,11)	(30,12)	(30,13)	(31,8)	(31,14)	
(28,13):(23,4)	(24,5)	(24,6)	(25,5)	(25,6)	(25,7)	(25,8)	(25,9)	(25,10)	(26,5)	(26,6)	(26,7)	(26,8)	(26,9)	(26,10)	(26,11)	(26,13)	(27,5)	(27,6)	(27,7)	(27,8)	(27,9)	(27,10)	(27,11)	(27,12)	(28,5)	(28,6)	(28,7)	(28,8)	(28,9)	(28,10)	(28,11)	(28,12)	(28,13)	(28,14)	(29,4)	(29,8)	(29,9)	(29,10)	(29,11)	(29,12)	(29,13)	(30,9)	(30,10)	(30,11)	(30,12)	(30,13)	(31,8)	(31,14)	
(26,13):(26,5)	(26,6)	(26,7)	(26,8)	(26,9)	(26,10)	(26,11)	(26,13)	(27,5)	(27,6)	(27,7)	(27,8)	(27,9)	(27,10)	(27,11)	(27,12)	(28,5)	(28,6)	(28,7)	(28,8)	(28,9)	(28,10)	(28,11)	(28,12)	(28,13)	(29,4)	(29,8)	(29,9)	(29,10)	(29,11)	(29,12)	(29,13)	(30,9)	(30,10)	(30,11)	(30,12)	(30,13)	(31,8)	
(26,11):(24,5)	(24,6)	(24,11)	(25,5)	(25,6)	(25,7)	(25,8)	(25,9)	(25,10)	(26,5)	(26,6)	(26,7)	(26,8)	(26,9)	(26,10)	(26,11)	(26,13)	(27,5)	(27,6)	(27,7)	(27,8)	(27,9)	(27,10)	(27,11)	(27,12)	(28,5)	(28,6)	(28,7)	(28,8)	(28,9)	(28,10)	(28,11)	(28,12)	(28,13)	(29,4)	(29,8)	(29,9)	(29,10)	(29,11)	(29,12)	(29,13)	(30,9)	(30,10)	(30,11)	(30,12)	(30,13)	(31,8)	(31,14)	
(24,11):(24,5)	(24,6)	(24,11)	(25,5)	(25,6)	(25,7)	(25,8)	(25,9)	(25,10)	(26,5)	(26,6)	(26,7)	(26,8)	(26,9)	(26,10)	(26,11)	(27,5)	(27,6)	(27,7)	(27,8)	(27,9)	(27,10)	(27,11)	(28,5)	(28,6)	(28,7)	(28,8)	(28,9)	(28,10)	(28,11)	(29,4)	(29,8)	(29,9)	(29,10)	(29,11)	(30,9)	(30,10)	(30,11)	(31,8)	
(24,6):(17,4)	(17,5)	(17,6)	(18,4)	(18,5)	(18,6)	(19,5)	(19,6)	(20,5)	(21,5)	(23,4)	(23,5)	(24,5)	(24,6)	(24,11)	(25,5)	(25,6)	(25,7)	(25,8)	(25,9)	(25,10)	(26,5)	(26,6)	(26,7)	(26,8)	(26,9)	(26,10)	(26,11)	(27,5)	(27,6)	(27,7)	(27,8)	(27,9)	(27,10)	(27,11)	(27,12)	(28,5)	(28,6)	(28,7)	(28,8)	(28,9)	(28,10)	(28,11)	(28,12)	(28,13)	(29,4)	(29,8)	(29,9)	(29,10)	(29,11)	(29,12)	(29,13)	(30,9)	(30,10)	(30,11)	(30,12)	(30,13)	(31,14)	
(19,6):(10,15)	(11,14)	(11,15)	(11,16)	(11,19)	(11,20)	(12,13)	(12,14)	(12,15)	(12,16)	(12,17)	(12,18)	(12,19)	(12,20)	(13,12)	(13,13)	(13,14)	(13,15)	(13,16)	(13,17)	(13,18)	(13,19)	(13,20)	(14,11)	(14,12)	(14,13)	(14,14)	(14,15)	(14,16)	(14,17)	(14,18)	(14,19)	(14,20)	(15,10)	(15,11)	(15,12)	(15,13)	(15,14)	(15,15)	(15,16)	(15,17)	(15,18)	(15,19)	(15,20)	(16,1)	(16,7)	(16,8)	(16,9)	(16,10)	(16,11)	(16,12)	(16,13)	(16,14)	(16,15)	(16,16)	(16,17)	(16,18)	(16,19)	(16,20)	(17,2)	(17,3)	(17,4)	(17,5)	(17,6)	(17,7)	(17,8)	(17,9)	(17,10)	(17,11)	(17,12)	(17,13)	(17,14)	(17,15)	(17,16)	(17,17)	(17,18)	(17,19)	(17,20)	(17,21)	(17,22)	(18,2)	(18,3)	(18,4)	(18,5)	(18,6)	(18,7)	(18,8)	(18,9)	(18,10)	(18,11)	(18,12)	(18,13)	(18,14)	(18,15)	(18,16)	(18,17)	(18,18)	(18,19)	(18,20)	(18,21)	(19,3)	(19,4)	(19,5)	(19,6)	(19,9)	(19,10)	(19,11)	(19,12)	(19,13)	(19,14)	(19,15)	(19,16)	(19,17)	(19,18)	(19,19)	(19,20)	(19,21)	(20,3)	(20,4)	(20,5)	(21,2)	(21,5)	(23,5)	(24,5)	(24,6)	(25,5)	(25,6)	(26,5)	(26,6)	(27,5)	(27,6)	(28,5)	(28,6)	(29,4)	
(19,9):(8,16)	(9,14)	(9,15)	(10,14)	(10,15)	(11,13)	(11,14)	(11,15)	(11,16)	(11,19)	(11,20)	(12,13)	(12,14)	(12,15)	(12,16)	(12,17)	(12,18)	(12,19)	(12,20)	(13,12)	(13,13)	(13,14)	(13,15)	(13,16)	(13,17)	(13,18)	(13,19)	(13,20)	(14,11)	(14,12)	(14,13)	(14,14)	(14,15)	(14,16)	(14,17)	(14,18)	(14,19)	(14,20)	(15,7)	(15,10)	(15,11)	(15,12)	(15,13)	(15,14)	(15,15)	(15,16)	(15,17)	(15,18)	(15,19)	(15,20)	(16,1)	(16,7)	(16,8)	(16,9)	(16,10)	(16,11)	(16,12)	(16,13)	(16,14)	(16,15)	(16,16)	(16,17)	(16,18)	(16,19)	(16,20)	(17,2)	(17,3)	(17,4)	(17,5)	(17,6)	(17,7)	(17,8)	(17,9)	(17,10)	(17,11)	(17,12)	(17,13)	(17,14)	(17,15)	(17,16)	(17,17)	(17,18)	(17,19)	(17,20)	(17,21)	(17,22)	(18,2)	(18,3)	(18,4)	(18,5)	(18,6)	(18,7)	(18,8)	(18,9)	(18,10)	(18,11)	(18,12)	(18,13)	(18,14)	(18,15)	(18,16)	(18,17)	(18,18)	(18,19)	(18,20)	(18,21)	(19,3)	(19,4)	(19,5)	(19,6)	(19,9)	(19,10)	(19,11)	(19,12)	(19,13)	(19,14)	(19,15)	(19,16)	(19,17)	(19,18)	(19,19)	(19,20)	(19,21)	(20,10)	(20,11)	(20,12)	(20,13)	(20,14)	(20,15)	(20,16)	(20,17)	(20,18)	(20,19)	(20,20)	(20,21)	(20,22)	(21,10)	(21,11)	(21,12)	(21,13)	(21,14)	(21,15)	(21,16)	(21,17)	(21,18)	(21,19)	(21,20)	(21,21)	(21,22)	(21,23)	(22,9)	(22,17)	(22,18)	(22,19)	(22,20)	(22,21)	(22,22)	(22,23)	(23,20)	(23,21)	(23,22)	(23,23)	(24,23)	
(22,9):(8,16)	(9,14)	(9,15)	(10,13)	(10,14)	(10,15)	(10,20)	(11,13)	(11,14)	(11,15)	(11,16)	(11,19)	(11,20)	(12,13)	(12,14)	(12,15)	(12,16)	(12,17)	(12,18)	(12,19)	(12,20)	(13,12)	(13,13)	(13,14)	(13,15)	(13,16)	(13,17)	(13,18)	(13,19)	(13,20)	(14,11)	(14,12)	(14,13)	(14,14)	(14,15)	(14,16)	(14,17)	(14,18)	(14,19)	(14,20)	(15,10)	(15,11)	(15,12)	(15,13)	(15,14)	(15,15)	(15,16)	(15,17)	(15,18)	(15,19)	(15,20)	(16,9)	(16,10)	(16,11)	(16,12)	(16,13)	(16,14)	(16,15)	(16,16)	(16,17)	(16,18)	(16,19)	(16,20)	(17,9)	(17,10)	(17,11)	(17,12)	(17,13)	(17,14)	(17,15)	(17,16)	(17,17)	(17,18)	(17,19)	(17,20)	(17,21)	(17,22)	(18,9)	(18,10)	(18,11)	(18,12)	(18,13)	(18,14)	(18,15)	(18,16)	(18,17)	(18,18)	(18,19)	(18,20)	(18,21)	(19,9)	(19,10)	(19,11)	(19,12)	(19,13)	(19,14)	(19,15)	(19,16)	(19,17)	(19,18)	(19,19)	(19,20)	(19,21)	(20,10)	(20,11)	(20,12)	(20,13)	(20,14)	(20,15)	(20,16)	(20,17)	(20,18)	(20,19)	(20,20)	(20,21)	(20,22)	(20,24)	(21,10)	(21,11)	(21,12)	(21,13)	(21,14)	(21,15)	(21,16)	(21,17)	(21,18)	(21,19)	(21,20)	(21,21)	(21,22)	(21,23)	(22,9)	(22,17)	(22,18)	(22,19)	(22,20)	(22,21)	(22,22)	(22,23)	
(22,17):(4,21)	(5,21)	(6,20)	(7,20)	(8,12)	(8,20)	(9,13)	(9,14)	(9,15)	(9,20)	(10,13)	(10,14)	(10,15)	(10,20)	(11,13)	(11,14)	(11,15)	(11,16)	(11,19)	(11,20)	(12,13)	(12,14)	(12,15)	(12,16)	(12,17)	(12,18)	(12,19)	(12,20)	(13,10)	(13,12)	(13,13)	(13,14)	(13,15)	(13,16)	(13,17)	(13,18)	(13,19)	(13,20)	(14,11)	(14,12)	(14,13)	(14,14)	(14,15)	(14,16)	(14,17)	(14,18)	(14,19)	(14,20)	(15,7)	(15,10)	(15,11)	(15,12)	(15,13)	(15,14)	(15,15)	(15,16)	(15,17)	(15,18)	(15,19)	(15,20)	(16,1)	(16,7)	(16,8)	(16,9)	(16,10)	(16,11)	(16,12)	(16,13)	(16,14)	(16,15)	(16,16)	(16,17)	(16,18)	(16,19)	(16,20)	(17,4)	(17,5)	(17,6)	(17,7)	(17,8)	(17,9)	(17,10)	(17,11)	(17,12)	(17,13)	(17,14)	(17,15)	(17,16)	(17,17)	(17,18)	(17,19)	(17,20)	(17,21)	(17,22)	(18,7)	(18,8)	(18,9)	(18,10)	(18,11)	(18,12)	(18,13)	(18,14)	(18,15)	(18,16)	(18,17)	(18,18)	(18,19)	(18,20)	(18,21)	(19,9)	(19,10)	(19,11)	(19,12)	(19,13)	(19,14)	(19,15)	(19,16)	(19,17)	(19,18)	(19,19)	(19,20)	(19,21)	(20,10)	(20,11)	(20,12)	(20,13)	(20,14)	(20,15)	(20,16)	(20,17)	(20,18)	(20,19)	(20,20)	(20,21)	(20,22)	(20,24)	(21,10)	(21,11)	(21,12)	(21,13)	(21,14)	(21,15)	(21,16)	(21,17)	(21,18)	(21,19)	(21,20)	(21,21)	(21,22)	(21,23)	(22,9)	(22,17)	(22,18)	(22,19)	(22,20)	(22,21)	(22,22)	(22,23)	(23,18)	(23,19)	(23,20)	(23,21)	(23,22)	(23,23)	(24,18)	(24,19)	(24,20)	(24,21)	(24,22)	(24,23)	(25,17)	(25,18)	(25,19)	(25,20)	(25,21)	(25,22)	(25,23)	(26,19)	(26,20)	(26,21)	(26,22)	(26,23)	(27,23)	
(25,17):(4,20)	(4,21)	(5,20)	(5,21)	(6,20)	(7,20)	(8,20)	(9,20)	(10,20)	(11,19)	(11,20)	(12,17)	(12,18)	(12,19)	(12,20)	(13,17)	(13,18)	(13,19)	(13,20)	(14,17)	(14,18)	(14,19)	(14,20)	(15,17)	(15,18)	(15,19)	(15,20)	(16,17)	(16,18)	(16,19)	(16,20)	(17,17)	(17,18)	(17,19)	(17,20)	(17,21)	(17,22)	(18,17)	(18,18)	(18,19)	(18,20)	(18,21)	(19,17)	(19,18)	(19,19)	(19,20)	(19,21)	(20,17)	(20,18)	(20,19)	(20,20)	(20,21)	(20,22)	(20,24)	(21,17)	(21,18)	(21,19)	(21,20)	(21,21)	(21,22)	(21,23)	(22,17)	(22,18)	(22,19)	(22,20)	(22,21)	(22,22)	(22,23)	(23,18)	(23,19)	(23,20)	(23,21)	(23,22)	(23,23)	(24,18)	(24,19)	(24,20)	(24,21)	(24,22)	(24,23)	(25,17)	(25,18)	(25,19)	(25,20)	(25,21)	(25,22)	(25,23)	
(25,18):(4,20)	(4,21)	(5,20)	(5,21)	(6,20)	(7,20)	(8,20)	(9,13)	(9,14)	(9,15)	(9,20)	(10,13)	(10,14)	(10,15)	(10,20)	(11,14)	(11,15)	(11,16)	(11,19)	(11,20)	(12,14)	(12,15)	(12,16)	(12,17)	(12,18)	(12,19)	(12,20)	(13,14)	(13,15)	(13,16)	(13,17)	(13,18)	(13,19)	(13,20)	(14,15)	(14,16)	(14,17)	(14,18)	(14,19)	(14,20)	(15,15)	(15,16)	(15,17)	(15,18)	(15,19)	(15,20)	(16,15)	(16,16)	(16,17)	(16,18)	(16,19)	(16,20)	(17,16)	(17,17)	(17,18)	(17,19)	(17,20)	(17,21)	(17,22)	(18,16)	(18,17)	(18,18)	(18,19)	(18,20)	(18,21)	(19,16)	(19,17)	(19,18)	(19,19)	(19,20)	(19,21)	(20,17)	(20,18)	(20,19)	(20,20)	(20,21)	(20,22)	(20,24)	(21,17)	(21,18)	(21,19)	(21,20)	(21,21)	(21,22)	(21,23)	(22,17)	(22,18)	(22,19)	(22,20)	(22,21)	(22,22)	(22,23)	(23,18)	(23,19)	(23,20)	(23,21)	(23,22)	(23,23)	(24,18)	(24,19)	(24,20)	(24,21)	(24,22)	(24,23)	(25,17)	(25,18)	(25,19)	(25,20)	(25,21)	(25,22)	(25,23)	(26,19)	(26,20)	(26,21)	(26,22)	(26,23)	(27,18)	(27,23)	
(27,18):(4,20)	(4,21)	(5,20)	(5,21)	(6,20)	(7,20)	(8,20)	(9,20)	(10,20)	(11,19)	(11,20)	(12,18)	(12,19)	(12,20)	(13,18)	(13,19)	(13,20)	(14,18)	(14,19)	(14,20)	(15,18)	(15,19)	(15,20)	(16,18)	(16,19)	(16,20)	(17,18)	(17,19)	(17,20)	(17,21)	(17,22)	(18,18)	(18,19)	(18,20)	(18,21)	(19,18)	(19,19)	(19,20)	(19,21)	(20,18)	(20,19)	(20,20)	(20,21)	(20,22)	(20,24)	(21,18)	(21,19)	(21,20)	(21,21)	(21,22)	(21,23)	(22,18)	(22,19)	(22,20)	(22,21)	(22,22)	(22,23)	(23,18)	(23,19)	(23,20)	(23,21)	(23,22)	(23,23)	(24,18)	(24,19)	(24,20)	(24,21)	(24,22)	(24,23)	(25,18)	(25,19)	(25,20)	(25,21)	(25,22)	(25,23)	(26,19)	(26,20)	(26,21)	(26,22)	(26,23)	(27,18)	(27,23)	
(27,23):(7,19)	(8,12)	(9,13)	(9,14)	(9,15)	(10,13)	(10,14)	(10,15)	(11,13)	(11,14)	(11,15)	(11,16)	(11,19)	(12,13)	(12,14)	(12,15)	(12,16)	(12,17)	(12,18)	(12,19)	(12,20)	(13,10)	(13,12)	(13,13)	(13,14)	(13,15)	(13,16)	(13,17)	(13,18)	(13,19)	(13,20)	(14,11)	(14,12)	(14,13)	(14,14)	(14,15)	(14,16)	(14,17)	(14,18)	(14,19)	(14,20)	(15,10)	(15,11)	(15,12)	(15,13)	(15,14)	(15,15)	(15,16)	(15,17)	(15,18)	(15,19)	(15,20)	(16,10)	(16,11)	(16,12)	(16,13)	(16,14)	(16,15)	(16,16)	(16,17)	(16,18)	(16,19)	(16,20)	(17,11)	(17,12)	(17,13)	(17,14)	(17,15)	(17,16)	(17,17)	(17,18)	(17,19)	(17,20)	(17,21)	(18,13)	(18,14)	(18,15)	(18,16)	(18,17)	(18,18)	(18,19)	(18,20)	(18,21)	(19,14)	(19,15)	(19,16)	(19,17)	(19,18)	(19,19)	(19,20)	(19,21)	(20,15)	(20,16)	(20,17)	(20,18)	(20,19)	(20,20)	(20,21)	(20,22)	(20,24)	(21,16)	(21,17)	(21,18)	(21,19)	(21,20)	(21,21)	(21,22)	(21,23)	(22,17)	(22,18)	(22,19)	(22,20)	(22,21)	(22,22)	(22,23)	(23,18)	(23,19)	(23,20)	(23,21)	(23,22)	(23,23)	(24,18)	(24,19)	(24,20)	(24,21)	(24,22)	(24,23)	(25,18)	(25,19)	(25,20)	(25,21)	(25,22)	(25,23)	(26,19)	(26,20)	(26,21)	(26,22)	(26,23)	(27,18)	(27,23)	(30,23)	(30,24)	
(30,23):(20,24)	(21,23)	(22,23)	(23,23)	(24,23)	(25,23)	(26,23)	(27,23)	(30,23)	(30,24)	
(30,24):(11,19)	(12,18)	(12,19)	(13,19)	(13,20)	(14,19)	(14,20)	(15,19)	(15,20)	(16,20)	(17,20)	(17,21)	(18,20)	(18,21)	(19,21)	(20,21)	(20,22)	(20,24)	(21,21)	(21,22)	(21,23)	(22,22)	(22,23)	(23,22)	(23,23)	(24,22)	(24,23)	(25,23)	(26,23)	(27,23)	(30,23)	(30,24)	
(20,24):(20,10)	(20,11)	(20,12)	(20,13)	(20,14)	(20,15)	(20,16)	(20,17)	(20,18)	(20,19)	(20,20)	(20,21)	(20,22)	(20,24)	(21,10)	(21,11)	(21,12)	(21,13)	(21,14)	(21,15)	(21,16)	(21,17)	(21,18)	(21,19)	(21,20)	(21,21)	(21,22)	(21,23)	(22,9)	(22,17)	(22,18)	(22,19)	(22,20)	(22,21)	(22,22)	(22,23)	(23,18)	(23,19)	(23,20)	(23,21)	(23,22)	(23,23)	(24,18)	(24,19)	(24,20)	(24,21)	(24,22)	(24,23)	(25,17)	(25,18)	(25,19)	(25,20)	(25,21)	(25,22)	(25,23)	(26,19)	(26,20)	(26,21)	(26,22)	(26,23)	(27,18)	(27,23)	(30,23)	(30,24)	
(20,22):(8,12)	(9,13)	(9,14)	(10,13)	(10,14)	(10,15)	(11,13)	(11,14)	(11,15)	(11,16)	(11,19)	(12,13)	(12,14)	(12,15)	(12,16)	(12,17)	(12,18)	(12,19)	(13,10)	(13,12)	(13,13)	(13,14)	(13,15)	(13,16)	(13,17)	(13,18)	(13,19)	(14,11)	(14,12)	(14,13)	(14,14)	(14,15)	(14,16)	(14,17)	(14,18)	(14,19)	(14,20)	(15,7)	(15,10)	(15,11)	(15,12)	(15,13)	(15,14)	(15,15)	(15,16)	(15,17)	(15,18)	(15,19)	(15,20)	(16,1)	(16,7)	(16,8)	(16,9)	(16,10)	(16,11)	(16,12)	(16,13)	(16,14)	(16,15)	(16,16)	(16,17)	(16,18)	(16,19)	(16,20)	(17,2)	(17,3)	(17,4)	(17,5)	(17,6)	(17,7)	(17,8)	(17,9)	(17,10)	(17,11)	(17,12)	(17,13)	(17,14)	(17,15)	(17,16)	(17,17)	(17,18)	(17,19)	(17,20)	(17,21)	(17,22)	(18,2)	(18,3)	(18,4)	(18,5)	(18,6)	(18,7)	(18,8)	(18,9)	(18,10)	(18,11)	(18,12)	(18,13)	(18,14)	(18,15)	(18,16)	(18,17)	(18,18)	(18,19)	(18,20)	(18,21)	(19,9)	(19,10)	(19,11)	(19,12)	(19,13)	(19,14)	(19,15)	(19,16)	(19,17)	(19,18)	(19,19)	(19,20)	(19,21)	(20,10)	(20,11)	(20,12)	(20,13)	(20,14)	(20,15)	(20,16)	(20,17)	(20,18)	(20,19)	(20,20)	(20,21)	(20,22)	(20,24)	(21,10)	(21,11)	(21,12)	(21,13)	(21,14)	(21,15)	(21,16)	(21,17)	(21,18)	(21,19)	(21,20)	(21,21)	(21,22)	(21,23)	(22,9)	(22,17)	(22,18)	(22,19)	(22,20)	(22,21)	(22,22)	(22,23)	(23,18)	(23,19)	(23,20)	(23,21)	(23,22)	(23,23)	(24,18)	(24,19)	(24,20)	(24,21)	(24,22)	(24,23)	(25,17)	(25,18)	(25,19)	(25,20)	(25,21)	(25,22)	(25,23)	(26,19)	(26,20)	(26,21)	(26,22)	(26,23)	(27,18)	(27,23)	(30,24)	
(17,22):(17,2)	(17,3)	(17,4)	(17,5)	(17,6)	(17,7)	(17,8)	(17,9)	(17,10)	(17,11)	(17,12)	(17,13)	(17,14)	(17,15)	(17,16)	(17,17)	(17,18)	(17,19)	(17,20)	(17,21)	(17,22)	(18,1)	(18,2)	(18,3)	(18,4)	(18,5)	(18,6)	(18,7)	(18,8)	(18,9)	(18,10)	(18,11)	(18,12)	(18,13)	(18,14)	(18,15)	(18,16)	(18,17)	(18,18)	(18,19)	(18,20)	(18,21)	(19,3)	(19,4)	(19,5)	(19,6)	(19,9)	(19,10)	(19,11)	(19,12)	(19,13)	(19,14)	(19,15)	(19,16)	(19,17)	(19,18)	(19,19)	(19,20)	(19,21)	(20,10)	(20,11)	(20,12)	(20,13)	(20,14)	(20,15)	(20,16)	(20,17)	(20,18)	(20,19)	(20,20)	(20,21)	(20,22)	(21,10)	(21,11)	(21,12)	(21,13)	(21,14)	(21,15)	(21,16)	(21,17)	(21,18)	(21,19)	(21,20)	(21,21)	(21,22)	(22,9)	(22,17)	(22,18)	(22,19)	(22,20)	(22,21)	(22,22)	(23,18)	(23,19)	(23,20)	(23,21)	(23,22)	(24,18)	(24,19)	(24,20)	(24,21)	(24,22)	(25,17)	(25,18)	(25,19)	(25,20)	(25,21)	(25,22)	(26,19)	(26,20)	(26,21)	(26,22)	(27,18)	
(17,21):(3,20)	(4,20)	(4,21)	(5,19)	(5,20)	(5,21)	(6,19)	(6,20)	(7,19)	(7,20)	(8,12)	(8,20)	(9,13)	(9,14)	(9,20)	(10,13)	(10,14)	(10,15)	(10,20)	(11,13)	(11,14)	(11,15)	(11,16)	(11,19)	(11,20)	(12,13)	(12,14)	(12,15)	(12,16)	(12,17)	(12,18)	(12,19)	(12,20)	(13,10)	(13,12)	(13,13)	(13,14)	(13,15)	(13,16)	(13,17)	(13,18)	(13,19)	(13,20)	(14,11)	(14,12)	(14,13)	(14,14)	(14,15)	(14,16)	(14,17)	(14,18)	(14,19)	(14,20)	(15,7)	(15,10)	(15,11)	(15,12)	(15,13)	(15,14)	(15,15)	(15,16)	(15,17)	(15,18)	(15,19)	(15,20)	(16,1)	(16,7)	(16,8)	(16,9)	(16,10)	(16,11)	(16,12)	(16,13)	(16,14)	(16,15)	(16,16)	(16,17)	(16,18)	(16,19)	(16,20)	(17,2)	(17,3)	(17,4)	(17,5)	(17,6)	(17,7)	(17,8)	(17,9)	(17,10)	(17,11)	(17,12)	(17,13)	(17,14)	(17,15)	(17,16)	(17,17)	(17,18)	(17,19)	(17,20)	(17,21)	(17,22)	(18,1)	(18,2)	(18,3)	(18,4)	(18,5)	(18,6)	(18,7)	(18,8)	(18,9)	(18,10)	(18,11)	(18,12)	(18,13)	(18,14)	(18,15)	(18,16)	(18,17)	(18,18)	(18,19)	(18,20)	(18,21)	(19,3)	(19,4)	(19,5)	(19,6)	(19,9)	(19,10)	(19,11)	(19,12)	(19,13)	(19,14)	(19,15)	(19,16)	(19,17)	(19,18)	(19,19)	(19,20)	(19,21)	(20,10)	(20,11)	(20,12)	(20,13)	(20,14)	(20,15)	(20,16)	(20,17)	(20,18)	(20,19)	(20,20)	(20,21)	(20,22)	(21,10)	(21,11)	(21,12)	(21,13)	(21,14)	(21,15)	(21,16)	(21,17)	(21,18)	(21,19)	(21,20)	(21,21)	(21,22)	(22,9)	(22,17)	(22,18)	(22,19)	(22,20)	(22,21)	(22,22)	(23,18)	(23,19)	(23,20)	(23,21)	(23,22)	(23,23)	(24,18)	(24,19)	(24,20)	(24,21)	(24,22)	(24,23)	(25,17)	(25,18)	(25,19)	(25,20)	(25,21)	(25,22)	(25,23)	(26,19)	(26,20)	(26,21)	(26,22)	(26,23)	(27,18)	(27,23)	(30,24)	
(5,21):(3,4)	(3,5)	(3,6)	(3,7)	(3,8)	(3,9)	(3,20)	(3,28)	(4,4)	(4,5)	(4,6)	(4,7)	(4,8)	(4,9)	(4,10)	(4,11)	(4,12)	(4,13)	(4,14)	(4,15)	(4,20)	(4,21)	(4,22)	(4,23)	(4,24)	(4,25)	(4,26)	(4,27)	(5,4)	(5,5)	(5,6)	(5,7)	(5,8)	(5,9)	(5,10)	(5,11)	(5,12)	(5,13)	(5,14)	(5,15)	(5,16)	(5,17)	(5,18)	(5,19)	(5,20)	(5,21)	(5,26)	(5,27)	(6,4)	(6,5)	(6,6)	(6,7)	(6,8)	(6,9)	(6,10)	(6,11)	(6,12)	(6,13)	(6,14)	(6,15)	(6,16)	(6,17)	(6,18)	(6,19)	(6,20)	(7,3)	(7,19)	(7,20)	(8,20)	(9,20)	(10,20)	(11,19)	(11,20)	(12,19)	(12,20)	(13,19)	(13,20)	(14,18)	(14,19)	(14,20)	(15,18)	(15,19)	(15,20)	(16,18)	(16,19)	(16,20)	(17,17)	(17,18)	(17,19)	(17,20)	(17,21)	(18,17)	(18,18)	(18,19)	(18,20)	(18,21)	(19,17)	(19,18)	(19,19)	(19,20)	(19,21)	(20,16)	(20,17)	(20,18)	(20,19)	(20,20)	(20,21)	(21,16)	(21,17)	(21,18)	(21,19)	(21,20)	(21,21)	(22,17)	(22,18)	(22,19)	(22,20)	(22,21)	(23,18)	(23,19)	(23,20)	(23,21)	(24,18)	(24,19)	(24,20)	(24,21)	(25,17)	(25,18)	(25,19)	(25,20)	(25,21)	(26,19)	(26,20)	(26,21)	(27,18)	
(5,26):(3,4)	(3,20)	(3,28)	(4,4)	(4,5)	(4,6)	(4,7)	(4,8)	(4,9)	(4,10)	(4,11)	(4,12)	(4,13)	(4,14)	(4,15)	(4,20)	(4,21)	(4,22)	(4,23)	(4,24)	(4,25)	(4,26)	(4,27)	(5,4)	(5,5)	(5,6)	(5,7)	(5,8)	(5,9)	(5,10)	(5,11)	(5,12)	(5,13)	(5,14)	(5,15)	(5,16)	(5,17)	(5,18)	(5,19)	(5,20)	(5,21)	(5,26)	(5,27)	(6,26)	(6,27)	
(6,26):(3,28)	(4,26)	(4,27)	(5,26)	(5,27)	(6,26)	(6,27)	
(6,27):(3,28)	(4,25)	(4,26)	(4,27)	(5,26)	(5,27)	(6,26)	(6,27)	(9,28)	(10,27)	
(10,27):(3,28)	(4,27)	(5,27)	(6,27)	(9,28)	(9,31)	(10,27)	(10,29)	(10,30)	
(10,29):(9,28)	(9,31)	(10,27)	(10,29)	(10,30)	(11,30)	(12,30)	(12,31)	(14,29)	(14,30)	
(14,29):(9,31)	(10,29)	(10,30)	(11,30)	(12,30)	(14,29)	(14,30)	
(14,30):(10,29)	(10,30)	(11,30)	(12,30)	(14,29)	(14,30)	
(12,30):(9,31)	(10,29)	(10,30)	(11,30)	(12,30)	(12,31)	(14,29)	(14,30)	
(12,31):(9,28)	(9,31)	(10,29)	(10,30)	(11,30)	(12,30)	(12,31)	
(9,31):(9,28)	(9,31)	(10,27)	(10,29)	(10,30)	(11,30)	(12,30)	(12,31)	(14,29)	
(9,28):(3,28)	(4,27)	(5,27)	(6,27)	(9,28)	(9,31)	(10,27)	(10,29)	(10,30)	(11,30)	(12,31)	
(3,28):(3,20)	(3,28)	(4,20)	(4,21)	(4,22)	(4,23)	(4,24)	(4,25)	(4,26)	(4,27)	(5,12)	(5,13)	(5,14)	(5,15)	(5,16)	(5,17)	(5,18)	(5,19)	(5,20)	(5,21)	(5,26)	(5,27)	(6,4)	(6,5)	(6,6)	(6,7)	(6,8)	(6,9)	(6,10)	(6,11)	(6,12)	(6,13)	(6,14)	(6,15)	(6,16)	(6,17)	(6,26)	(6,27)	(7,3)	(9,28)	(10,27)	
(3,20):(3,20)	(3,28)	(4,20)	(4,21)	(4,22)	(4,23)	(4,24)	(4,25)	(4,26)	(4,27)	(5,20)	(5,21)	(5,26)	(5,27)	(6,20)	(7,20)	(8,20)	(9,20)	(10,20)	(11,20)	(12,20)	(13,20)	(14,20)	(15,20)	(16,20)	(17,20)	(17,21)	(18,20)	(18,21)	(19,20)	(19,21)	(20,20)	(20,21)	(21,20)	(21,21)	(22,20)	(22,21)	(23,20)	(23,21)	(24,20)	(24,21)	(25,20)	(25,21)	(26,20)	(26,21)	
(4,20):(3,20)	(3,28)	(4,4)	(4,5)	(4,6)	(4,7)	(4,8)	(4,9)	(4,10)	(4,11)	(4,12)	(4,13)	(4,14)	(4,15)	(4,20)	(4,21)	(4,22)	(4,23)	(4,24)	(4,25)	(4,26)	(4,27)	(5,4)	(5,5)	(5,6)	(5,7)	(5,8)	(5,9)	(5,10)	(5,11)	(5,12)	(5,13)	(5,14)	(5,15)	(5,16)	(5,17)	(5,18)	(5,19)	(5,20)	(5,21)	(5,26)	(5,27)	(6,4)	(6,5)	(6,6)	(6,7)	(6,8)	(6,9)	(6,10)	(6,11)	(6,12)	(6,13)	(6,14)	(6,15)	(6,16)	(6,17)	(6,18)	(6,19)	(6,20)	(7,3)	(7,19)	(7,20)	(8,20)	(9,20)	(10,20)	(11,19)	(11,20)	(12,19)	(12,20)	(13,19)	(13,20)	(14,19)	(14,20)	(15,19)	(15,20)	(16,19)	(16,20)	(17,19)	(17,20)	(17,21)	(18,18)	(18,19)	(18,20)	(18,21)	(19,18)	(19,19)	(19,20)	(19,21)	(20,18)	(20,19)	(20,20)	(20,21)	(21,18)	(21,19)	(21,20)	(21,21)	(22,18)	(22,19)	(22,20)	(22,21)	(23,18)	(23,19)	(23,20)	(23,21)	(24,18)	(24,19)	(24,20)	(24,21)	(25,17)	(25,18)	(25,19)	(25,20)	(25,21)	(26,19)	(26,20)	(26,21)	(27,18)	
(4,15):(1,3)	(2,4)	(2,5)	(2,6)	(2,7)	(2,8)	(2,9)	(2,10)	(2,11)	(2,12)	(2,13)	(2,14)	(2,15)	(3,4)	(3,5)	(3,6)	(3,7)	(3,8)	(3,9)	(3,10)	(3,11)	(3,12)	(3,13)	(3,14)	(4,4)	(4,5)	(4,6)	(4,7)	(4,8)	(4,9)	(4,10)	(4,11)	(4,12)	(4,13)	(4,14)	(4,15)	(4,20)	(4,21)	(4,22)	(4,23)	(4,24)	(4,25)	(4,26)	(4,27)	(5,4)	(5,5)	(5,6)	(5,7)	(5,8)	(5,9)	(5,10)	(5,11)	(5,12)	(5,13)	(5,14)	(5,15)	(5,16)	(5,17)	(5,18)	(5,19)	(5,20)	(5,21)	(5,26)	(5,27)	(6,4)	(6,5)	(6,6)	(6,7)	(6,8)	(6,9)	(6,10)	(6,11)	(6,12)	(6,13)	(6,14)	(6,15)	(6,16)	(6,17)	(6,18)	(6,19)	(6,20)	(7,3)	(7,19)	(7,20)	
(2,15):(1,3)	(1,25)	(2,4)	(2,5)	(2,6)	(2,7)	(2,8)	(2,9)	(2,10)	(2,11)	(2,12)	(2,13)	(2,14)	(2,15)	(2,25)	(3,4)	(3,5)	(3,6)	(3,7)	(3,8)	(3,9)	(3,10)	(3,11)	(3,12)	(3,13)	(3,14)	(4,4)	(4,5)	(4,6)	(4,7)	(4,8)	(4,9)	(4,10)	(4,11)	(4,12)	(4,13)	(4,14)	(4,15)	(5,4)	(5,5)	(5,6)	(5,7)	(5,8)	(5,9)	(5,10)	(5,11)	(5,12)	(5,13)	(5,14)	(5,15)	(6,4)	(6,5)	(6,6)	(6,7)	(6,8)	(6,9)	(6,10)	(6,11)	(6,12)	(6,13)	(6,14)	(6,15)	(7,3)	
(2,25):(1,3)	(1,25)	(2,4)	(2,5)	(2,6)	(2,7)	(2,8)	(2,9)	(2,10)	(2,11)	(2,12)	(2,13)	(2,14)	(2,15)	(2,25)	
(1,25):(1,3)	(1,25)	(2,4)	(2,5)	(2,6)	(2,7)	(2,8)	(2,9)	(2,10)	(2,11)	(2,12)	(2,13)	(2,14)	(2,15)	(2,25)	(3,4)	(3,5)	
(1,3):(1,3)	(1,25)	(2,4)	(2,5)	(2,6)	(2,7)	(2,8)	(2,9)	(2,10)	(2,11)	(2,12)	(2,13)	(2,14)	(2,15)	(2,25)	(3,4)	(3,5)	(3,6)	(3,7)	(3,8)	(3,9)	(3,10)	(3,11)	(3,12)	(3,13)	(3,14)	(4,4)	(4,5)	(4,6)	(4,7)	(4,8)	(4,9)	(4,10)	(4,11)	(4,12)	(4,13)	(4,14)	(4,15)	(5,4)	(5,5)	(5,6)	(5,7)	(5,8)	(5,9)	(5,10)	(5,11)	(5,12)	(5,13)	(5,14)	(5,15)	(5,16)	(5,17)	(5,18)	(5,19)	(6,4)	(6,5)	(6,6)	(6,7)	(6,8)	(6,9)	(6,10)	(6,11)	(6,12)	(6,13)	(6,14)	(6,15)	(6,16)	(6,17)	(6,18)	(6,19)	(6,20)	(7,3)	(7,19)	(7,20)	
(7,3):(1,3)	(2,4)	(2,5)	(2,6)	(2,7)	(2,8)	(2,9)	(2,10)	(2,11)	(2,12)	(2,13)	(2,14)	(2,15)	(3,4)	(3,5)	(3,6)	(3,7)	(3,8)	(3,9)	(3,10)	(3,11)	(3,12)	(3,13)	(3,14)	(3,28)	(4,4)	(4,5)	(4,6)	(4,7)	(4,8)	(4,9)	(4,10)	(4,11)	(4,12)	(4,13)	(4,14)	(4,15)	(4,20)	(4,21)	(4,22)	(4,23)	(4,24)	(4,25)	(4,26)	(4,27)	(5,4)	(5,5)	(5,6)	(5,7)	(5,8)	(5,9)	(5,10)	(5,11)	(5,12)	(5,13)	(5,14)	(5,15)	(5,16)	(5,17)	(5,18)	(5,19)	(5,20)	(5,21)	(6,4)	(6,5)	(6,6)	(6,7)	(6,8)	(6,9)	(6,10)	(6,11)	(6,12)	(6,13)	(6,14)	(6,15)	(6,16)	(6,17)	(6,18)	(6,19)	(6,20)	(7,3)	(7,19)	(7,20)	
(7,19):(1,3)	(2,4)	(2,5)	(2,6)	(2,7)	(2,8)	(2,9)	(2,10)	(2,11)	(2,12)	(3,4)	(3,5)	(3,6)	(3,7)	(3,8)	(3,9)	(3,10)	(3,11)	(3,12)	(3,13)	(4,4)	(4,5)	(4,6)	(4,7)	(4,8)	(4,9)	(4,10)	(4,11)	(4,12)	(4,13)	(4,14)	(4,15)	(4,20)	(4,21)	(4,22)	(5,4)	(5,5)	(5,6)	(5,7)	(5,8)	(5,9)	(5,10)	(5,11)	(5,12)	(5,13)	(5,14)	(5,15)	(5,16)	(5,17)	(5,18)	(5,19)	(5,20)	(5,21)	(6,4)	(6,5)	(6,6)	(6,7)	(6,8)	(6,9)	(6,10)	(6,11)	(6,12)	(6,13)	(6,14)	(6,15)	(6,16)	(6,17)	(6,18)	(6,19)	(6,20)	(7,3)	(7,19)	(7,20)	(8,20)	(9,20)	(10,20)	(11,19)	(11,20)	(12,19)	(12,20)	(13,19)	(13,20)	(14,19)	(14,20)	(15,19)	(15,20)	(16,19)	(16,20)	(17,19)	(17,20)	(17,21)	(18,19)	(18,20)	(18,21)	(19,19)	(19,20)	(19,21)	(20,19)	(20,20)	(20,21)	(21,19)	(21,20)	(21,21)	(22,19)	(22,20)	(22,21)	(22,22)	(23,19)	(23,20)	(23,21)	(23,22)	(24,19)	(24,20)	(24,21)	(24,22)	(25,19)	(25,20)	(25,21)	(25,22)	(26,19)	(26,20)	(26,21)	(26,22)	(27,23)	
(11,19):(4,20)	(4,21)	(5,19)	(5,20)	(5,21)	(6,19)	(6,20)	(7,19)	(7,20)	(8,20)	(9,20)	(10,20)	(11,13)	(11,14)	(11,15)	(11,16)	(11,19)	(11,20)	(12,13)	(12,14)	(12,15)	(12,16)	(12,17)	(12,18)	(12,19)	(12,20)	(13,12)	(13,13)	(13,14)	(13,15)	(13,16)	(13,17)	(13,18)	(13,19)	(13,20)	(14,11)	(14,12)	(14,13)	(14,14)	(14,15)	(14,16)	(14,17)	(14,18)	(14,19)	(14,20)	(15,10)	(15,11)	(15,12)	(15,13)	(15,14)	(15,15)	(15,16)	(15,17)	(15,18)	(15,19)	(15,20)	(16,8)	(16,9)	(16,10)	(16,11)	(16,12)	(16,13)	(16,14)	(16,15)	(16,16)	(16,17)	(16,18)	(16,19)	(16,20)	(17,6)	(17,7)	(17,8)	(17,9)	(17,10)	(17,11)	(17,12)	(17,13)	(17,14)	(17,15)	(17,16)	(17,17)	(17,18)	(17,19)	(17,20)	(17,21)	(18,4)	(18,5)	(18,6)	(18,7)	(18,8)	(18,9)	(18,10)	(18,11)	(18,12)	(18,13)	(18,14)	(18,15)	(18,16)	(18,17)	(18,18)	(18,19)	(18,20)	(18,21)	(19,3)	(19,4)	(19,5)	(19,6)	(19,9)	(19,10)	(19,11)	(19,12)	(19,13)	(19,14)	(19,15)	(19,16)	(19,17)	(19,18)	(19,19)	(19,20)	(19,21)	(20,3)	(20,4)	(20,10)	(20,11)	(20,12)	(20,13)	(20,14)	(20,15)	(20,16)	(20,17)	(20,18)	(20,19)	(20,20)	(20,21)	(20,22)	(21,2)	(21,10)	(21,11)	(21,12)	(21,13)	(21,14)	(21,15)	(21,16)	(21,17)	(21,18)	(21,19)	(21,20)	(21,21)	(21,22)	(22,9)	(22,17)	(22,18)	(22,19)	(22,20)	(22,21)	(22,22)	(23,18)	(23,19)	(23,20)	(23,21)	(23,22)	(23,23)	(24,18)	(24,19)	(24,20)	(24,21)	(24,22)	(24,23)	(25,17)	(25,18)	(25,19)	(25,20)	(25,21)	(25,22)	(25,23)	(26,19)	(26,20)	(26,21)	(26,22)	(26,23)	(27,18)	(27,23)	(30,24)	
(11,16):(8,12)	(8,16)	(9,13)	(9,14)	(9,15)	(10,13)	(10,14)	(10,15)	(11,13)	(11,14)	(11,15)	(11,16)	(11,19)	(11,20)	(12,13)	(12,14)	(12,15)	(12,16)	(12,17)	(12,18)	(12,19)	(12,20)	(13,12)	(13,13)	(13,14)	(13,15)	(13,16)	(13,17)	(13,18)	(13,19)	(13,20)	(14,11)	(14,12)	(14,13)	(14,14)	(14,15)	(14,16)	(14,17)	(14,18)	(14,19)	(14,20)	(15,10)	(15,11)	(15,12)	(15,13)	(15,14)	(15,15)	(15,16)	(15,17)	(15,18)	(15,19)	(15,20)	(16,9)	(16,10)	(16,11)	(16,12)	(16,13)	(16,14)	(16,15)	(16,16)	(16,17)	(16,18)	(16,19)	(16,20)	(17,7)	(17,8)	(17,9)	(17,10)	(17,11)	(17,12)	(17,13)	(17,14)	(17,15)	(17,16)	(17,17)	(17,18)	(17,19)	(17,20)	(17,21)	(18,6)	(18,7)	(18,8)	(18,9)	(18,10)	(18,11)	(18,12)	(18,13)	(18,14)	(18,15)	(18,16)	(18,17)	(18,18)	(18,19)	(18,20)	(18,21)	(19,4)	(19,5)	(19,6)	(19,9)	(19,10)	(19,11)	(19,12)	(19,13)	(19,14)	(19,15)	(19,16)	(19,17)	(19,18)	(19,19)	(19,20)	(19,21)	(20,3)	(20,4)	(20,10)	(20,11)	(20,12)	(20,13)	(20,14)	(20,15)	(20,16)	(20,17)	(20,18)	(20,19)	(20,20)	(20,21)	(20,22)	(21,2)	(21,10)	(21,11)	(21,12)	(21,13)	(21,14)	(21,15)	(21,16)	(21,17)	(21,18)	(21,19)	(21,20)	(21,21)	(21,22)	(22,9)	(22,17)	(22,18)	(22,19)	(22,20)	(22,21)	(22,22)	(22,23)	(23,18)	(23,19)	(23,20)	(23,21)	(23,22)	(23,23)	(24,18)	(24,19)	(24,20)	(24,21)	(24,22)	(24,23)	(25,18)	(25,19)	(25,20)	(25,21)	(25,22)	(25,23)	(26,19)	(26,20)	(26,21)	(26,22)	(26,23)	(27,23)	
(8,16):(8,12)	(8,16)	(9,13)	(9,14)	(9,15)	(10,13)	(10,14)	(10,15)	(11,13)	(11,14)	(11,15)	(11,16)	(12,13)	(12,14)	(12,15)	(12,16)	(13,12)	(13,13)	(13,14)	(13,15)	(13,16)	(14,12)	(14,13)	(14,14)	(14,15)	(14,16)	(15,11)	(15,12)	(15,13)	(15,14)	(15,15)	(15,16)	(16,10)	(16,11)	(16,12)	(16,13)	(16,14)	(16,15)	(16,16)	(17,9)	(17,10)	(17,11)	(17,12)	(17,13)	(17,14)	(17,15)	(17,16)	(18,8)	(18,9)	(18,10)	(18,11)	(18,12)	(18,13)	(18,14)	(18,15)	(18,16)	(19,9)	(19,10)	(19,11)	(19,12)	(19,13)	(19,14)	(19,15)	(19,16)	(20,10)	(20,11)	(20,12)	(20,13)	(20,14)	(20,15)	(20,16)	(21,10)	(21,11)	(21,12)	(21,13)	(21,14)	(21,15)	(21,16)	(22,9)	
(8,12):(8,12)	(8,16)	(9,13)	(9,14)	(9,15)	(10,13)	(10,14)	(10,15)	(11,13)	(11,14)	(11,15)	(11,16)	(12,13)	(12,14)	(12,15)	(12,16)	(12,17)	(13,12)	(13,13)	(13,14)	(13,15)	(13,16)	(13,17)	(13,18)	(14,12)	(14,13)	(14,14)	(14,15)	(14,16)	(14,17)	(14,18)	(14,19)	(14,20)	(15,12)	(15,13)	(15,14)	(15,15)	(15,16)	(15,17)	(15,18)	(15,19)	(15,20)	(16,12)	(16,13)	(16,14)	(16,15)	(16,16)	(16,17)	(16,18)	(16,19)	(16,20)	(17,12)	(17,13)	(17,14)	(17,15)	(17,16)	(17,17)	(17,18)	(17,19)	(17,20)	(17,21)	(18,12)	(18,13)	(18,14)	(18,15)	(18,16)	(18,17)	(18,18)	(18,19)	(18,20)	(18,21)	(19,12)	(19,13)	(19,14)	(19,15)	(19,16)	(19,17)	(19,18)	(19,19)	(19,20)	(19,21)	(20,12)	(20,13)	(20,14)	(20,15)	(20,16)	(20,17)	(20,18)	(20,19)	(20,20)	(20,21)	(20,22)	(21,12)	(21,13)	(21,14)	(21,15)	(21,16)	(21,17)	(21,18)	(21,19)	(21,20)	(21,21)	(21,22)	(22,17)	(22,18)	(22,19)	(22,20)	(22,21)	(22,22)	(22,23)	(23,18)	(23,19)	(23,20)	(23,21)	(23,22)	(23,23)	(24,18)	(24,19)	(24,20)	(24,21)	(24,22)	(24,23)	(25,19)	(25,20)	(25,21)	(25,22)	(25,23)	(26,19)	(26,20)	(26,21)	(26,22)	(26,23)	(27,23)	
(13,12):(8,12)	(8,16)	(9,13)	(9,14)	(9,15)	(10,13)	(10,14)	(10,15)	(11,13)	(11,14)	(11,15)	(11,16)	(11,19)	(11,20)	(12,13)	(12,14)	(12,15)	(12,16)	(12,17)	(12,18)	(12,19)	(12,20)	(13,10)	(13,12)	(13,13)	(13,14)	(13,15)	(13,16)	(13,17)	(13,18)	(13,19)	(13,20)	(14,11)	(14,12)	(14,13)	(14,14)	(14,15)	(14,16)	(14,17)	(14,18)	(14,19)	(14,20)	(15,10)	(15,11)	(15,12)	(15,13)	(15,14)	(15,15)	(15,16)	(15,17)	(15,18)	(15,19)	(15,20)	(16,9)	(16,10)	(16,11)	(16,12)	(16,13)	(16,14)	(16,15)	(16,16)	(16,17)	(16,18)	(16,19)	(16,20)	(17,8)	(17,9)	(17,10)	(17,11)	(17,12)	(17,13)	(17,14)	(17,15)	(17,16)	(17,17)	(17,18)	(17,19)	(17,20)	(17,21)	(18,7)	(18,8)	(18,9)	(18,10)	(18,11)	(18,12)	(18,13)	(18,14)	(18,15)	(18,16)	(18,17)	(18,18)	(18,19)	(18,20)	(18,21)	(19,6)	(19,9)	(19,10)	(19,11)	(19,12)	(19,13)	(19,14)	(19,15)	(19,16)	(19,17)	(19,18)	(19,19)	(19,20)	(19,21)	(20,10)	(20,11)	(20,12)	(20,13)	(20,14)	(20,15)	(20,16)	(20,17)	(20,18)	(20,19)	(20,20)	(20,21)	(20,22)	(21,10)	(21,11)	(21,12)	(21,13)	(21,14)	(21,15)	(21,16)	(21,17)	(21,18)	(21,19)	(21,20)	(21,21)	(21,22)	(21,23)	(22,9)	(22,17)	(22,18)	(22,19)	(22,20)	(22,21)	(22,22)	(22,23)	(23,18)	(23,19)	(23,20)	(23,21)	(23,22)	(23,23)	(24,19)	(24,20)	(24,21)	(24,22)	(24,23)	(25,19)	(25,20)	(25,21)	(25,22)	(25,23)	(26,20)	(26,21)	(26,22)	(26,23)	(27,23)	
(13,10):(13,10)	(13,12)	(13,13)	(13,14)	(13,15)	(13,16)	(13,17)	(13,18)	(13,19)	(13,20)	(14,11)	(14,12)	(14,13)	(14,14)	(14,15)	(14,16)	(14,17)	(14,18)	(14,19)	(14,20)	(15,10)	(15,11)	(15,12)	(15,13)	(15,14)	(15,15)	(15,16)	(15,17)	(15,18)	(15,19)	(15,20)	(16,10)	(16,11)	(16,12)	(16,13)	(16,14)	(16,15)	(16,16)	(16,17)	(16,18)	(16,19)	(16,20)	(17,10)	(17,11)	(17,12)	(17,13)	(17,14)	(17,15)	(17,16)	(17,17)	(17,18)	(17,19)	(17,20)	(17,21)	(18,10)	(18,11)	(18,12)	(18,13)	(18,14)	(18,15)	(18,16)	(18,17)	(18,18)	(18,19)	(18,20)	(18,21)	(19,10)	(19,11)	(19,12)	(19,13)	(19,14)	(19,15)	(19,16)	(19,17)	(19,18)	(19,19)	(19,20)	(19,21)	(20,10)	(20,11)	(20,12)	(20,13)	(20,14)	(20,15)	(20,16)	(20,17)	(20,18)	(20,19)	(20,20)	(20,21)	(20,22)	(21,10)	(21,11)	(21,12)	(21,13)	(21,14)	(21,15)	(21,16)	(21,17)	(21,18)	(21,19)	(21,20)	(21,21)	(21,22)	(21,23)	(22,17)	(22,18)	(22,19)	(22,20)	(22,21)	(22,22)	(22,23)	(23,18)	(23,19)	(23,20)	(23,21)	(23,22)	(23,23)	(24,19)	(24,20)	(24,21)	(24,22)	(24,23)	(25,20)	(25,21)	(25,22)	(25,23)	(26,21)	(26,22)	(26,23)	(27,23)	
(15,10):(10,15)	(11,14)	(11,15)	(11,16)	(11,19)	(11,20)	(12,13)	(12,14)	(12,15)	(12,16)	(12,17)	(12,18)	(12,19)	(12,20)	(13,10)	(13,12)	(13,13)	(13,14)	(13,15)	(13,16)	(13,17)	(13,18)	(13,19)	(13,20)	(14,11)	(14,12)	(14,13)	(14,14)	(14,15)	(14,16)	(14,17)	(14,18)	(14,19)	(14,20)	(15,7)	(15,10)	(15,11)	(15,12)	(15,13)	(15,14)	(15,15)	(15,16)	(15,17)	(15,18)	(15,19)	(15,20)	(16,7)	(16,8)	(16,9)	(16,10)	(16,11)	(16,12)	(16,13)	(16,14)	(16,15)	(16,16)	(16,17)	(16,18)	(16,19)	(16,20)	(17,4)	(17,5)	(17,6)	(17,7)	(17,8)	(17,9)	(17,10)	(17,11)	(17,12)	(17,13)	(17,14)	(17,15)	(17,16)	(17,17)	(17,18)	(17,19)	(17,20)	(17,21)	(18,1)	(18,2)	(18,3)	(18,4)	(18,5)	(18,6)	(18,7)	(18,8)	(18,9)	(18,10)	(18,11)	(18,12)	(18,13)	(18,14)	(18,15)	(18,16)	(18,17)	(18,18)	(18,19)	(18,20)	(18,21)	(19,3)	(19,4)	(19,5)	(19,6)	(19,9)	(19,10)	(19,11)	(19,12)	(19,13)	(19,14)	(19,15)	(19,16)	(19,17)	(19,18)	(19,19)	(19,20)	(19,21)	(20,3)	(20,4)	(20,5)	(20,10)	(20,11)	(20,12)	(20,13)	(20,14)	(20,15)	(20,16)	(20,17)	(20,18)	(20,19)	(20,20)	(20,21)	(20,22)	(21,2)	(21,10)	(21,11)	(21,12)	(21,13)	(21,14)	(21,15)	(21,16)	(21,17)	(21,18)	(21,19)	(21,20)	(21,21)	(21,22)	(21,23)	(22,9)	(22,17)	(22,18)	(22,19)	(22,20)	(22,21)	(22,22)	(22,23)	(23,18)	(23,19)	(23,20)	(23,21)	(23,22)	(23,23)	(24,19)	(24,20)	(24,21)	(24,22)	(24,23)	(25,20)	(25,21)	(25,22)	(25,23)	(26,21)	(26,22)	(26,23)	(27,23)	
(15,7):(15,7)	(15,10)	(15,11)	(15,12)	(15,13)	(15,14)	(15,15)	(15,16)	(15,17)	(15,18)	(15,19)	(15,20)	(16,7)	(16,8)	(16,9)	(16,10)	(16,11)	(16,12)	(16,13)	(16,14)	(16,15)	(16,16)	(16,17)	(16,18)	(16,19)	(16,20)	(17,7)	(17,8)	(17,9)	(17,10)	(17,11)	(17,12)	(17,13)	(17,14)	(17,15)	(17,16)	(17,17)	(17,18)	(17,19)	(17,20)	(17,21)	(18,7)	(18,8)	(18,9)	(18,10)	(18,11)	(18,12)	(18,13)	(18,14)	(18,15)	(18,16)	(18,17)	(18,18)	(18,19)	(18,20)	(18,21)	(19,9)	(19,10)	(19,11)	(19,12)	(19,13)	(19,14)	(19,15)	(19,16)	(19,17)	(19,18)	(19,19)	(19,20)	(19,21)	(20,10)	(20,11)	(20,12)	(20,13)	(20,14)	(20,15)	(20,16)	(20,17)	(20,18)	(20,19)	(20,20)	(20,21)	(20,22)	(21,10)	(21,11)	(21,12)	(21,13)	(21,14)	(21,15)	(21,16)	(21,17)	(21,18)	(21,19)	(21,20)	(21,21)	(21,22)	(21,23)	(22,17)	(22,18)	(22,19)	(22,20)	(22,21)	(22,22)	(22,23)	(23,19)	(23,20)	(23,21)	(23,22)	(23,23)	(24,20)	(24,21)	(24,22)	(24,23)	(25,22)	(25,23)	(26,23)	
(16,7):(12,19)	(12,20)	(13,16)	(13,17)	(13,18)	(13,19)	(13,20)	(14,13)	(14,14)	(14,15)	(14,16)	(14,17)	(14,18)	(14,19)	(14,20)	(15,7)	(15,10)	(15,11)	(15,12)	(15,13)	(15,14)	(15,15)	(15,16)	(15,17)	(15,18)	(15,19)	(15,20)	(16,1)	(16,7)	(16,8)	(16,9)	(16,10)	(16,11)	(16,12)	(16,13)	(16,14)	(16,15)	(16,16)	(16,17)	(16,18)	(16,19)	(16,20)	(17,2)	(17,3)	(17,4)	(17,5)	(17,6)	(17,7)	(17,8)	(17,9)	(17,10)	(17,11)	(17,12)	(17,13)	(17,14)	(17,15)	(17,16)	(17,17)	(17,18)	(17,19)	(17,20)	(17,21)	(18,1)	(18,2)	(18,3)	(18,4)	(18,5)	(18,6)	(18,7)	(18,8)	(18,9)	(18,10)	(18,11)	(18,12)	(18,13)	(18,14)	(18,15)	(18,16)	(18,17)	(18,18)	(18,19)	(18,20)	(18,21)	(19,3)	(19,4)	(19,5)	(19,6)	(19,9)	(19,10)	(19,11)	(19,12)	(19,13)	(19,14)	(19,15)	(19,16)	(19,17)	(19,18)	(19,19)	(19,20)	(19,21)	(20,3)	(20,4)	(20,5)	(20,10)	(20,11)	(20,12)	(20,13)	(20,14)	(20,15)	(20,16)	(20,17)	(20,18)	(20,19)	(20,20)	(20,21)	(20,22)	(21,2)	(21,5)	(21,11)	(21,12)	(21,13)	(21,14)	(21,15)	(21,16)	(21,17)	(21,18)	(21,19)	(21,20)	(21,21)	(21,22)	(21,23)	(22,17)	(22,18)	(22,19)	(22,20)	(22,21)	(22,22)	(22,23)	(23,19)	(23,20)	(23,21)	(23,22)	(23,23)	(24,21)	(24,22)	(24,23)	(25,22)	(25,23)	
(16,1):(16,1)	(16,7)	(16,8)	(16,9)	(16,10)	(16,11)	(16,12)	(16,13)	(16,14)	(16,15)	(16,16)	(16,17)	(16,18)	(16,19)	(16,20)	(17,2)	(17,3)	(17,4)	(17,5)	(17,6)	(17,7)	(17,8)	(17,9)	(17,10)	(17,11)	(17,12)	(17,13)	(17,14)	(17,15)	(17,16)	(17,17)	(17,18)	(17,19)	(17,20)	(17,21)	(18,1)	(18,2)	(18,3)	(18,4)	(18,5)	(18,6)	(18,7)	(18,8)	(18,9)	(18,10)	(18,11)	(18,12)	(18,13)	(18,14)	(18,15)	(18,16)	(18,17)	(18,18)	(18,19)	(18,20)	(18,21)	(19,3)	(19,4)	(19,5)	(19,6)	(19,9)	(19,10)	(19,11)	(19,12)	(19,13)	(19,14)	(19,15)	(19,16)	(19,17)	(19,18)	(19,19)	(19,20)	(19,21)	(20,3)	(20,4)	(20,5)	(20,12)	(20,13)	(20,14)	(20,15)	(20,16)	(20,17)	(20,18)	(20,19)	(20,20)	(20,21)	(20,22)	(21,5)	(21,15)	(21,16)	(21,17)	(21,18)	(21,19)	(21,20)	(21,21)	(21,22)	(21,23)	(22,17)	(22,18)	(22,19)	(22,20)	(22,21)	(22,22)	(22,23)	(23,20)	(23,21)	(23,22)	(23,23)	(24,23)	
(18,1):(12,19)	(12,20)	(13,16)	(13,17)	(13,18)	(13,19)	(13,20)	(14,13)	(14,14)	(14,15)	(14,16)	(14,17)	(14,18)	(14,19)	(14,20)	(15,10)	(15,11)	(15,12)	(15,13)	(15,14)	(15,15)	(15,16)	(15,17)	(15,18)	(15,19)	(15,20)	(16,1)	(16,7)	(16,8)	(16,9)	(16,10)	(16,11)	(16,12)	(16,13)	(16,14)	(16,15)	(16,16)	(16,17)	(16,18)	(16,19)	(16,20)	(17,2)	(17,3)	(17,4)	(17,5)	(17,6)	(17,7)	(17,8)	(17,9)	(17,10)	(17,11)	(17,12)	(17,13)	(17,14)	(17,15)	(17,16)	(17,17)	(17,18)	(17,19)	(17,20)	(17,21)	(17,22)	(18,1)	(18,2)	(18,3)	(18,4)	(18,5)	(18,6)	(18,7)	(18,8)	(18,9)	(18,10)	(18,11)	(18,12)	(18,13)	(18,14)	(18,15)	(18,16)	(18,17)	(18,18)	(18,19)	(18,20)	(18,21)	
(18,2):(12,18)	(12,19)	(12,20)	(13,16)	(13,17)	(13,18)	(13,19)	(13,20)	(14,13)	(14,14)	(14,15)	(14,16)	(14,17)	(14,18)	(14,19)	(14,20)	(15,10)	(15,11)	(15,12)	(15,13)	(15,14)	(15,15)	(15,16)	(15,17)	(15,18)	(15,19)	(15,20)	(16,1)	(16,7)	(16,8)	(16,9)	(16,10)	(16,11)	(16,12)	(16,13)	(16,14)	(16,15)	(16,16)	(16,17)	(16,18)	(16,19)	(16,20)	(17,2)	(17,3)	(17,4)	(17,5)	(17,6)	(17,7)	(17,8)	(17,9)	(17,10)	(17,11)	(17,12)	(17,13)	(17,14)	(17,15)	(17,16)	(17,17)	(17,18)	(17,19)	(17,20)	(17,21)	(17,22)	(18,1)	(18,2)	(18,3)	(18,4)	(18,5)	(18,6)	(18,7)	(18,8)	(18,9)	(18,10)	(18,11)	(18,12)	(18,13)	(18,14)	(18,15)	(18,16)	(18,17)	(18,18)	(18,19)	(18,20)	(18,21)	(19,3)	(19,4)	(19,5)	(19,6)	(19,9)	(19,10)	(19,11)	(19,12)	(19,13)	(19,14)	(19,15)	(19,16)	(19,17)	(19,18)	(19,19)	(19,20)	(19,21)	(20,3)	(20,4)	(20,5)	(20,16)	(20,17)	(20,18)	(20,19)	(20,20)	(20,21)	(20,22)	(21,2)	(21,5)	(21,23)	
(21,2):(11,16)	(11,19)	(11,20)	(12,14)	(12,15)	(12,16)	(12,17)	(12,18)	(12,19)	(12,20)	(13,13)	(13,14)	(13,15)	(13,16)	(13,17)	(13,18)	(14,12)	(14,13)	(14,14)	(14,15)	(14,16)	(15,10)	(15,11)	(15,12)	(15,13)	(15,14)	(16,7)	(16,8)	(16,9)	(16,10)	(16,11)	(16,12)	(17,2)	(17,3)	(17,4)	(17,5)	(17,6)	(17,7)	(17,8)	(17,9)	(17,10)	(18,2)	(18,3)	(18,4)	(18,5)	(18,6)	(18,7)	(18,8)	(19,3)	(19,4)	(19,5)	(19,6)	(20,3)	(20,4)	(20,5)	(21,2)	(21,5)	
(21,5):(16,1)	(16,7)	(17,2)	(17,3)	(17,4)	(17,5)	(17,6)	(17,7)	(18,2)	(18,3)	(18,4)	(18,5)	(18,6)	(19,3)	(19,4)	(19,5)	(19,6)	(20,3)	(20,4)	(20,5)	(21,2)	(21,5)	(23,5)	(24,5)	(24,6)	(25,5)	(25,6)	(26,5)	(26,6)	(27,5)	(27,6)	(27,7)	(28,5)	(28,6)	(28,7)	
(23,5):(17,5)	(17,6)	(18,5)	(18,6)	(19,5)	(19,6)	(20,5)	(21,5)	(23,4)	(23,5)	(24,5)	(24,6)	(25,5)	(25,6)	(25,7)	(26,5)	(26,6)	(26,7)	(26,8)	(27,5)	(27,6)	(27,7)	(27,8)	(27,9)	(28,5)	(28,6)	(28,7)	(28,8)	(28,9)	(28,10)	(29,4)	(29,8)	(29,9)	(29,10)	(29,11)	(30,9)	(30,10)	(30,11)	(30,12)	
(23,4):(23,4)	(23,5)	(24,5)	(24,6)	(25,5)	(25,6)	(25,7)	(25,8)	(26,5)	(26,6)	(26,7)	(26,8)	(26,9)	(26,10)	(27,5)	(27,6)	(27,7)	(27,8)	(27,9)	(27,10)	(27,11)	(27,12)	(28,5)	(28,6)	(28,7)	(28,8)	(28,9)	(28,10)	(28,11)	(28,12)	(28,13)	(29,4)	(29,8)	(29,9)	(29,10)	(29,11)	(29,12)	(29,13)	(30,9)	(30,10)	(30,11)	(30,12)	(30,13)	(31,14)	
(29,4):(17,6)	(18,6)	(19,6)	(23,4)	(23,5)	(24,5)	(24,6)	(24,11)	(25,5)	(25,6)	(25,7)	(25,8)	(25,9)	(25,10)	(26,5)	(26,6)	(26,7)	(26,8)	(26,9)	(26,10)	(26,11)	(26,13)	(27,5)	(27,6)	(27,7)	(27,8)	(27,9)	(27,10)	(27,11)	(27,12)	(28,5)	(28,6)	(28,7)	(28,8)	(28,9)	(28,10)	(28,11)	(28,12)	(28,13)	(28,14)	(29,4)	(29,8)	(29,9)	(29,10)	(29,11)	(29,12)	(29,13)	
(29,8):(23,4)	(23,5)	(24,5)	(24,6)	(24,11)	(25,5)	(25,6)	(25,7)	(25,8)	(25,9)	(25,10)	(26,5)	(26,6)	(26,7)	(26,8)	(26,9)	(26,10)	(26,11)	(26,13)	(27,5)	(27,6)	(27,7)	(27,8)	(27,9)	(27,10)	(27,11)	(27,12)	(28,5)	(28,6)	(28,7)	(28,8)	(28,9)	(28,10)	(28,11)	(28,12)	(28,13)	(28,14)	(29,4)	(29,8)	(29,9)	(29,10)	(29,11)	(29,12)	(29,13)	(30,9)	(30,10)	(30,11)	(30,12)	(30,13)	(31,8)	(31,14)	
(31,8):(24,11)	(25,8)	(25,9)	(25,10)	(26,8)	(26,9)	(26,10)	(26,11)	(26,13)	(27,8)	(27,9)	(27,10)	(27,11)	(27,12)	(28,8)	(28,9)	(28,10)	(28,11)	(28,12)	(28,13)	(28,14)	(29,8)	(29,9)	(29,10)	(29,11)	(29,12)	(29,13)	(30,9)	(30,10)	(30,11)	(30,12)	(30,13)	(31,8)	(31,14)	
(31,14):(23,4)	(24,5)	(24,6)	(25,5)	(25,6)	(25,7)	(25,8)	(25,9)	(25,10)	(26,5)	(26,6)	(26,7)	(26,8)	(26,9)	(26,10)	(26,11)	(27,5)	(27,6)	(27,7)	(27,8)	(27,9)	(27,10)	(27,11)	(27,12)	(28,5)	(28,6)	(28,7)	(28,8)	(28,9)	(28,10)	(28,11)	(28,12)	(28,13)	(28,14)	(29,8)	(29,9)	(29,10)	(29,11)	(29,12)	(29,13)	(30,9)	(30,10)	(30,11)	(30,12)	(30,13)	(31,8)	(31,14)	
(28,14):22.000000
(28,13):53.125000
(26,13):37.000000
(26,11):54.299999
(24,11):41.000000
(24,6):65.280952
(19,6):133.939102
(19,9):173.812225
(22,9):142.747620
(22,17):201.993317
(25,17):85.828575
(25,18):128.726196
(27,18):85.697998
(27,23):149.588394
(30,23):10.000000
(30,24):33.433334
(20,24):66.000000
(20,22):194.422531
(17,22):104.000000
(17,21):212.316666
(5,21):149.166672
(5,26):42.045456
(6,26):6.000000
(6,27):12.166667
(10,27):10.000000
(10,29):10.500000
(14,29):7.000000
(14,30):5.125000
(12,30):8.250000
(12,31):6.500000
(9,31):9.333333
(9,28):13.500000
(3,28):49.937500
(3,20):42.238094
(4,20):129.179489
(4,15):98.681816
(2,15):82.000000
(2,25):22.000000
(1,25):29.200001
(1,3):96.250000
(7,3):100.644447
(7,19):136.833328
(11,19):193.926590
(11,16):186.014725
(8,16):79.400002
(8,12):139.124344
(13,12):176.641129
(13,10):132.467758
(15,10):180.926178
(15,7):115.161903
(16,7):156.797623
(16,1):107.156548
(18,1):73.666664
(18,2):118.808929
(21,2):56.926472
(21,5):36.466667
(23,5):39.625000
(23,4):46.138889
(29,4):47.816666
(29,8):56.250000
(31,8):34.000000
(31,14):50.895237
(28,14),(28,13):22.000000
(28,14),(26,13):19.000000
(28,14),(26,11):21.500000
(28,14),(24,11):13.000000
(28,14),(24,6):20.914286
(28,14),(19,6):2.000000
(28,14),(19,9):0.000000
(28,14),(22,9):0.000000
(28,14),(22,17):0.000000
(28,14),(25,17):0.000000
(28,14),(25,18):0.000000
(28,14),(27,18):0.000000
(28,14),(27,23):0.000000
(28,14),(30,23):0.000000
(28,14),(30,24):0.000000
(28,14),(20,24):0.000000
(28,14),(20,22):0.000000
(28,14),(17,22):0.000000
(28,14),(17,21):0.000000
(28,14),(5,21):0.000000
(28,14),(5,26):0.000000
(28,14),(6,26):0.000000
(28,14),(6,27):0.000000
(28,14),(10,27):0.000000
(28,14),(10,29):0.000000
(28,14),(14,29):0.000000
(28,14),(14,30):0.000000
(28,14),(12,30):0.000000
(28,14),(12,31):0.000000
(28,14),(9,31):0.000000
(28,14),(9,28):0.000000
(28,14),(3,28):0.000000
(28,14),(3,20):0.000000
(28,14),(4,20):0.000000
(28,14),(4,15):0.000000
(28,14),(2,15):0.000000
(28,14),(2,25):0.000000
(28,14),(1,25):0.000000
(28,14),(1,3):0.000000
(28,14),(7,3):0.000000
(28,14),(7,19):0.000000
(28,14),(11,19):0.000000
(28,14),(11,16):0.000000
(28,14),(8,16):0.000000
(28,14),(8,12):0.000000
(28,14),(13,12):0.000000
(28,14),(13,10):0.000000
(28,14),(15,10):0.000000
(28,14),(15,7):0.000000
(28,14),(16,7):0.000000
(28,14),(16,1):0.000000
(28,14),(18,1):0.000000
(28,14),(18,2):0.000000
(28,14),(21,2):0.000000
(28,14),(21,5):2.500000
(28,14),(23,5):13.500000
(28,14),(23,4):20.388889
(28,14),(29,4):10.000000
(28,14),(29,8):22.000000
(28,14),(31,8):18.000000
(28,14),(31,14):19.500000
(28,13),(26,13):37.000000
(28,13),(26,11):52.299999
(28,13),(24,11):39.000000
(28,13),(24,6):51.239285
(28,13),(19,6):9.265625
(28,13),(19,9):0.000000
(28,13),(22,9):0.000000
(28,13),(22,17):0.000000
(28,13),(25,17):0.000000
(28,13),(25,18):0.000000
(28,13),(27,18):0.000000
(28,13),(27,23):0.000000
(28,13),(30,23):0.000000
(28,13),(30,24):0.000000
(28,13),(20,24):0.000000
(28,13),(20,22):0.000000
(28,13),(17,22):0.000000
(28,13),(17,21):0.000000
(28,13),(5,21):0.000000
(28,13),(5,26):0.000000
(28,13),(6,26):0.000000
(28,13),(6,27):0.000000
(28,13),(10,27):0.000000
(28,13),(10,29):0.000000
(28,13),(14,29):0.000000
(28,13),(14,30):0.000000
(28,13),(12,30):0.000000
(28,13),(12,31):0.000000
(28,13),(9,31):0.000000
(28,13),(9,28):0.000000
(28,13),(3,28):0.000000
(28,13),(3,20):0.000000
(28,13),(4,20):0.000000
(28,13),(4,15):0.000000
(28,13),(2,15):0.000000
(28,13),(2,25):0.000000
(28,13),(1,25):0.000000
(28,13),(1,3):0.000000
(28,13),(7,3):0.000000
(28,13),(7,19):0.000000
(28,13),(11,19):0.000000
(28,13),(11,16):0.000000
(28,13),(8,16):0.000000
(28,13),(8,12):0.000000
(28,13),(13,12):0.000000
(28,13),(13,10):0.000000
(28,13),(15,10):0.000000
(28,13),(15,7):0.000000
(28,13),(16,7):0.000000
(28,13),(16,1):0.000000
(28,13),(18,1):0.000000
(28,13),(18,2):0.000000
(28,13),(21,2):0.000000
(28,13),(21,5):9.452381
(28,13),(23,5):30.625000
(28,13),(23,4):45.263889
(28,13),(29,4):41.125000
(28,13),(29,8):53.125000
(28,13),(31,8):32.000000
(28,13),(31,14):49.791668
(26,13),(26,11):37.000000
(26,13),(24,11):27.000000
(26,13),(24,6):35.400002
(26,13),(19,6):5.875000
(26,13),(19,9):0.000000
(26,13),(22,9):0.000000
(26,13),(22,17):0.000000
(26,13),(25,17):0.000000
(26,13),(25,18):0.000000
(26,13),(27,18):0.000000
(26,13),(27,23):0.000000
(26,13),(30,23):0.000000
(26,13),(30,24):0.000000
(26,13),(20,24):0.000000
(26,13),(20,22):0.000000
(26,13),(17,22):0.000000
(26,13),(17,21):0.000000
(26,13),(5,21):0.000000
(26,13),(5,26):0.000000
(26,13),(6,26):0.000000
(26,13),(6,27):0.000000
(26,13),(10,27):0.000000
(26,13),(10,29):0.000000
(26,13),(14,29):0.000000
(26,13),(14,30):0.000000
(26,13),(12,30):0.000000
(26,13),(12,31):0.000000
(26,13),(9,31):0.000000
(26,13),(9,28):0.000000
(26,13),(3,28):0.000000
(26,13),(3,20):0.000000
(26,13),(4,20):0.000000
(26,13),(4,15):0.000000
(26,13),(2,15):0.000000
(26,13),(2,25):0.000000
(26,13),(1,25):0.000000
(26,13),(1,3):0.000000
(26,13),(7,3):0.000000
(26,13),(7,19):0.000000
(26,13),(11,19):0.000000
(26,13),(11,16):0.000000
(26,13),(8,16):0.000000
(26,13),(8,12):0.000000
(26,13),(13,12):0.000000
(26,13),(13,10):0.000000
(26,13),(15,10):0.000000
(26,13),(15,7):0.000000
(26,13),(16,7):0.000000
(26,13),(16,1):0.000000
(26,13),(18,1):0.000000
(26,13),(18,2):0.000000
(26,13),(21,2):0.000000
(26,13),(21,5):6.500000
(26,13),(23,5):23.500000
(26,13),(23,4):33.416668
(26,13),(29,4):27.000000
(26,13),(29,8):37.000000
(26,13),(31,8):25.000000
(26,13),(31,14):33.666668
(26,11),(24,11):41.000000
(26,11),(24,6):52.700001
(26,11),(19,6):9.159091
(26,11),(19,9):0.000000
(26,11),(22,9):0.000000
(26,11),(22,17):0.000000
(26,11),(25,17):0.000000
(26,11),(25,18):0.000000
(26,11),(27,18):0.000000
(26,11),(27,23):0.000000
(26,11),(30,23):0.000000
(26,11),(30,24):0.000000
(26,11),(20,24):0.000000
(26,11),(20,22):0.000000
(26,11),(17,22):0.000000
(26,11),(17,21):0.000000
(26,11),(5,21):0.000000
(26,11),(5,26):0.000000
(26,11),(6,26):0.000000
(26,11),(6,27):0.000000
(26,11),(10,27):0.000000
(26,11),(10,29):0.000000
(26,11),(14,29):0.000000
(26,11),(14,30):0.000000
(26,11),(12,30):0.000000
(26,11),(12,31):0.000000
(26,11),(9,31):0.000000
(26,11),(9,28):0.000000
(26,11),(3,28):0.000000
(26,11),(3,20):0.000000
(26,11),(4,20):0.000000
(26,11),(4,15):0.000000
(26,11),(2,15):0.000000
(26,11),(2,25):0.000000
(26,11),(1,25):0.000000
(26,11),(1,3):0.000000
(26,11),(7,3):0.000000
(26,11),(7,19):0.000000
(26,11),(11,19):0.000000
(26,11),(11,16):0.000000
(26,11),(8,16):0.000000
(26,11),(8,12):0.000000
(26,11),(13,12):0.000000
(26,11),(13,10):0.000000
(26,11),(15,10):0.000000
(26,11),(15,7):0.000000
(26,11),(16,7):0.000000
(26,11),(16,1):0.000000
(26,11),(18,1):0.000000
(26,11),(18,2):0.000000
(26,11),(21,2):0.000000
(26,11),(21,5):9.366667
(26,11),(23,5):30.299999
(26,11),(23,4):44.716667
(26,11),(29,4):42.299999
(26,11),(29,8):54.299999
(26,11),(31,8):33.500000
(26,11),(31,14):49.766666
(24,11),(24,6):40.200001
(24,11),(19,6):8.875000
(24,11),(19,9):0.000000
(24,11),(22,9):0.000000
(24,11),(22,17):0.000000
(24,11),(25,17):0.000000
(24,11),(25,18):0.000000
(24,11),(27,18):0.000000
(24,11),(27,23):0.000000
(24,11),(30,23):0.000000
(24,11),(30,24):0.000000
(24,11),(20,24):0.000000
(24,11),(20,22):0.000000
(24,11),(17,22):0.000000
(24,11),(17,21):0.000000
(24,11),(5,21):0.000000
(24,11),(5,26):0.000000
(24,11),(6,26):0.000000
(24,11),(6,27):0.000000
(24,11),(10,27):0.000000
(24,11),(10,29):0.000000
(24,11),(14,29):0.000000
(24,11),(14,30):0.000000
(24,11),(12,30):0.000000
(24,11),(12,31):0.000000
(24,11),(9,31):0.000000
(24,11),(9,28):0.000000
(24,11),(3,28):0.000000
(24,11),(3,20):0.000000
(24,11),(4,20):0.000000
(24,11),(4,15):0.000000
(24,11),(2,15):0.000000
(24,11),(2,25):0.000000
(24,11),(1,25):0.000000
(24,11),(1,3):0.000000
(24,11),(7,3):0.000000
(24,11),(7,19):0.000000
(24,11),(11,19):0.000000
(24,11),(11,16):0.000000
(24,11),(8,16):0.000000
(24,11),(8,12):0.000000
(24,11),(13,12):0.000000
(24,11),(13,10):0.000000
(24,11),(15,10):0.000000
(24,11),(15,7):0.000000
(24,11),(16,7):0.000000
(24,11),(16,1):0.000000
(24,11),(18,1):0.000000
(24,11),(18,2):0.000000
(24,11),(21,2):0.000000
(24,11),(21,5):9.166667
(24,11),(23,5):27.500000
(24,11),(23,4):33.416668
(24,11),(29,4):35.000000
(24,11),(29,8):41.000000
(24,11),(31,8):21.000000
(24,11),(31,14):37.133335
(24,6),(19,6):21.166666
(24,6),(19,9):6.500000
(24,6),(22,9):0.000000
(24,6),(22,17):3.520833
(24,6),(25,17):0.000000
(24,6),(25,18):0.000000
(24,6),(27,18):0.000000
(24,6),(27,23):0.000000
(24,6),(30,23):0.000000
(24,6),(30,24):0.000000
(24,6),(20,24):0.000000
(24,6),(20,22):5.986505
(24,6),(17,22):4.166667
(24,6),(17,21):6.677305
(24,6),(5,21):0.000000
(24,6),(5,26):0.000000
(24,6),(6,26):0.000000
(24,6),(6,27):0.000000
(24,6),(10,27):0.000000
(24,6),(10,29):0.000000
(24,6),(14,29):0.000000
(24,6),(14,30):0.000000
(24,6),(12,30):0.000000
(24,6),(12,31):0.000000
(24,6),(9,31):0.000000
(24,6),(9,28):0.000000
(24,6),(3,28):0.000000
(24,6),(3,20):0.000000
(24,6),(4,20):0.000000
(24,6),(4,15):0.000000
(24,6),(2,15):0.000000
(24,6),(2,25):0.000000
(24,6),(1,25):0.000000
(24,6),(1,3):0.000000
(24,6),(7,3):0.000000
(24,6),(7,19):0.000000
(24,6),(11,19):4.114238
(24,6),(11,16):2.180223
(24,6),(8,16):0.000000
(24,6),(8,12):0.000000
(24,6),(13,12):0.000000
(24,6),(13,10):0.000000
(24,6),(15,10):5.691667
(24,6),(15,7):0.000000
(24,6),(16,7):8.666667
(24,6),(16,1):9.791667
(24,6),(18,1):4.666667
(24,6),(18,2):9.666667
(24,6),(21,2):9.166667
(24,6),(21,5):21.333334
(24,6),(23,5):38.500000
(24,6),(23,4):46.130951
(24,6),(29,4):45.914288
(24,6),(29,8):54.364285
(24,6),(31,8):32.114285
(24,6),(31,14):49.399269
(19,6),(19,9):113.939102
(19,6),(22,9):89.230766
(19,6),(22,17):102.897438
(19,6),(25,17):35.230770
(19,6),(25,18):55.480770
(19,6),(27,18):27.230770
(19,6),(27,23):75.395218
(19,6),(30,23):0.000000
(19,6),(30,24):13.148187
(19,6),(20,24):0.000000
(19,6),(20,22):104.023720
(19,6),(17,22):41.875000
(19,6),(17,21):114.096680
(19,6),(5,21):27.897436
(19,6),(5,26):0.000000
(19,6),(6,26):0.000000
(19,6),(6,27):0.000000
(19,6),(10,27):0.000000
(19,6),(10,29):0.000000
(19,6),(14,29):0.000000
(19,6),(14,30):0.000000
(19,6),(12,30):0.000000
(19,6),(12,31):0.000000
(19,6),(9,31):0.000000
(19,6),(9,28):0.000000
(19,6),(3,28):0.000000
(19,6),(3,20):9.065934
(19,6),(4,20):21.956043
(19,6),(4,15):0.000000
(19,6),(2,15):0.000000
(19,6),(2,25):0.000000
(19,6),(1,25):0.000000
(19,6),(1,3):0.000000
(19,6),(7,3):0.000000
(19,6),(7,19):17.630770
(19,6),(11,19):104.425217
(19,6),(11,16):99.566666
(19,6),(8,16):46.400002
(19,6),(8,12):64.125000
(19,6),(13,12):92.349205
(19,6),(13,10):65.818184
(19,6),(15,10):113.559883
(19,6),(15,7):57.761906
(19,6),(16,7):102.339287
(19,6),(16,1):67.224998
(19,6),(18,1):73.541664
(19,6),(18,2):104.812500
(19,6),(21,2):56.926472
(19,6),(21,5):32.299999
(19,6),(23,5):18.125000
(19,6),(23,4):10.000000
(19,6),(29,4):13.816667
(19,6),(29,8):10.250000
(19,6),(31,8):0.000000
(19,6),(31,14):7.435897
(19,9),(22,9):139.696152
(19,9),(22,17):162.474564
(19,9),(25,17):63.633656
(19,9),(25,18):89.840797
(19,9),(27,18):52.446156
(19,9),(27,23):114.692734
(19,9),(30,23):4.322115
(19,9),(30,24):25.583870
(19,9),(20,24):39.033653
(19,9),(20,22):161.434753
(19,9),(17,22):84.616074
(19,9),(17,21):164.951187
(19,9),(5,21):46.766666
(19,9),(5,26):0.000000
(19,9),(6,26):0.000000
(19,9),(6,27):0.000000
(19,9),(10,27):0.000000
(19,9),(10,29):0.000000
(19,9),(14,29):0.000000
(19,9),(14,30):0.000000
(19,9),(12,30):0.000000
(19,9),(12,31):0.000000
(19,9),(9,31):0.000000
(19,9),(9,28):0.000000
(19,9),(3,28):0.000000
(19,9),(3,20):15.062959
(19,9),(4,20):36.883438
(19,9),(4,15):0.000000
(19,9),(2,15):0.000000
(19,9),(2,25):0.000000
(19,9),(1,25):0.000000
(19,9),(1,3):0.000000
(19,9),(7,3):0.000000
(19,9),(7,19):30.417568
(19,9),(11,19):148.579239
(19,9),(11,16):151.194641
(19,9),(8,16):73.150002
(19,9),(8,12):110.662498
(19,9),(13,12):150.386703
(19,9),(13,10):115.339012
(19,9),(15,10):160.602142
(19,9),(15,7):107.199402
(19,9),(16,7):143.713684
(19,9),(16,1):100.460121
(19,9),(18,1):73.595238
(19,9),(18,2):110.237503
(19,9),(21,2):48.926472
(19,9),(21,5):16.299999
(19,9),(23,5):4.125000
(19,9),(23,4):0.000000
(19,9),(29,4):1.150000
(19,9),(29,8):0.000000
(19,9),(31,8):0.000000
(19,9),(31,14):0.000000
(22,9),(22,17):142.338531
(22,9),(25,17):55.200001
(22,9),(25,18):82.890472
(22,9),(27,18):44.200001
(22,9),(27,23):107.957870
(22,9),(30,23):2.000000
(22,9),(30,24):20.612270
(22,9),(20,24):30.000000
(22,9),(20,22):131.547623
(22,9),(17,22):65.000000
(22,9),(17,21):135.676193
(22,9),(5,21):44.366665
(22,9),(5,26):0.000000
(22,9),(6,26):0.000000
(22,9),(6,27):0.000000
(22,9),(10,27):0.000000
(22,9),(10,29):0.000000
(22,9),(14,29):0.000000
(22,9),(14,30):0.000000
(22,9),(12,30):0.000000
(22,9),(12,31):0.000000
(22,9),(9,31):0.000000
(22,9),(9,28):0.000000
(22,9),(3,28):0.000000
(22,9),(3,20):13.542857
(22,9),(4,20):33.804394
(22,9),(4,15):0.000000
(22,9),(2,15):0.000000
(22,9),(2,25):0.000000
(22,9),(1,25):0.000000
(22,9),(1,3):0.000000
(22,9),(7,3):0.000000
(22,9),(7,19):26.700001
(22,9),(11,19):128.754379
(22,9),(11,16):136.156418
(22,9),(8,16):73.208336
(22,9),(8,12):103.625000
(22,9),(13,12):138.996826
(22,9),(13,10):106.365799
(22,9),(15,10):132.678925
(22,9),(15,7):90.011902
(22,9),(16,7):109.597618
(22,9),(16,1):68.594048
(22,9),(18,1):57.000000
(22,9),(18,2):86.508926
(22,9),(21,2):28.676470
(22,9),(21,5):0.000000
(22,9),(23,5):0.000000
(22,9),(23,4):0.000000
(22,9),(29,4):0.000000
(22,9),(29,8):0.000000
(22,9),(31,8):0.000000
(22,9),(31,14):0.000000
(22,17),(25,17):84.581818
(22,17),(25,18):125.038963
(22,17),(27,18):81.787880
(22,17),(27,23):145.576492
(22,17),(30,23):7.416667
(22,17),(30,24):30.488419
(22,17),(20,24):62.750000
(22,17),(20,22):182.750000
(22,17),(17,22):92.666664
(22,17),(17,21):192.181824
(22,17),(5,21):70.152405
(22,17),(5,26):1.925134
(22,17),(6,26):0.000000
(22,17),(6,27):0.000000
(22,17),(10,27):0.000000
(22,17),(10,29):0.000000
(22,17),(14,29):0.000000
(22,17),(14,30):0.000000
(22,17),(12,30):0.000000
(22,17),(12,31):0.000000
(22,17),(9,31):0.000000
(22,17),(9,28):0.000000
(22,17),(3,28):2.049667
(22,17),(3,20):27.473835
(22,17),(4,20):61.831894
(22,17),(4,15):4.443101
(22,17),(2,15):0.000000
(22,17),(2,25):0.000000
(22,17),(1,25):0.000000
(22,17),(1,3):2.481267
(22,17),(7,3):3.251342
(22,17),(7,19):52.652405
(22,17),(11,19):175.822510
(22,17),(11,16):177.331818
(22,17),(8,16):78.523598
(22,17),(8,12):138.268295
(22,17),(13,12):174.785065
(22,17),(13,10):132.345963
(22,17),(15,10):166.538177
(22,17),(15,7):114.411903
(22,17),(16,7):138.297623
(22,17),(16,1):89.781548
(22,17),(18,1):68.333336
(22,17),(18,2):99.308929
(22,17),(21,2):40.692619
(22,17),(21,5):7.221053
(22,17),(23,5):2.667857
(22,17),(23,4):0.000000
(22,17),(29,4):0.758983
(22,17),(29,8):0.000000
(22,17),(31,8):0.000000
(22,17),(31,14):0.000000
(25,17),(25,18):85.728569
(25,17),(27,18):71.701302
(25,17),(27,23):70.490479
(25,17),(30,23):5.000000
(25,17),(30,24):27.452942
(25,17),(20,24):35.000000
(25,17),(20,22):68.000000
(25,17),(17,22):40.000000
(25,17),(17,21):79.595238
(25,17),(5,21):61.828571
(25,17),(5,26):2.400000
(25,17),(6,26):0.000000
(25,17),(6,27):0.000000
(25,17),(10,27):0.000000
(25,17),(10,29):0.000000
(25,17),(14,29):0.000000
(25,17),(14,30):0.000000
(25,17),(12,30):0.000000
(25,17),(12,31):0.000000
(25,17),(9,31):0.000000
(25,17),(9,28):0.000000
(25,17),(3,28):2.594529
(25,17),(3,20):24.614286
(25,17),(4,20):56.290112
(25,17),(4,15):5.132258
(25,17),(2,15):0.000000
(25,17),(2,25):0.000000
(25,17),(1,25):0.000000
(25,17),(1,3):2.851987
(25,17),(7,3):3.874564
(25,17),(7,19):46.133335
(25,17),(11,19):78.495239
(25,17),(11,16):69.990906
(25,17),(8,16):0.000000
(25,17),(8,12):60.492859
(25,17),(13,12):70.449203
(25,17),(13,10):61.151516
(25,17),(15,10):69.464645
(25,17),(15,7):50.833332
(25,17),(16,7):61.930954
(25,17),(16,1):41.781548
(25,17),(18,1):25.000000
(25,17),(18,2):40.799999
(25,17),(21,2):7.176471
(25,17),(21,5):0.000000
(25,17),(23,5):0.000000
(25,17),(23,4):0.000000
(25,17),(29,4):0.000000
(25,17),(29,8):0.000000
(25,17),(31,8):0.000000
(25,17),(31,14):0.000000
(25,18),(27,18):85.475105
(25,18),(27,23):110.634010
(25,18),(30,23):7.200000
(25,18),(30,24):30.439394
(25,18),(20,24):47.866665
(25,18),(20,22):106.866669
(25,18),(17,22):52.166668
(25,18),(17,21):119.319046
(25,18),(5,21):71.585716
(25,18),(5,26):2.788095
(25,18),(6,26):0.000000
(25,18),(6,27):0.000000
(25,18),(10,27):0.000000
(25,18),(10,29):0.000000
(25,18),(14,29):0.000000
(25,18),(14,30):0.000000
(25,18),(12,30):0.000000
(25,18),(12,31):0.000000
(25,18),(9,31):0.000000
(25,18),(9,28):0.000000
(25,18),(3,28):3.132448
(25,18),(3,20):27.823809
(25,18),(4,20):65.348534
(25,18),(4,15):6.367373
(25,18),(2,15):0.000000
(25,18),(2,25):0.000000
(25,18),(1,25):0.000000
(25,18),(1,3):3.543364
(25,18),(7,3):5.016293
(25,18),(7,19):55.383335
(25,18),(11,19):112.345238
(25,18),(11,16):110.929001
(25,18),(8,16):19.523809
(25,18),(8,12):100.484528
(25,18),(13,12):109.228569
(25,18),(13,10):82.629295
(25,18),(15,10):97.414650
(25,18),(15,7):61.578571
(25,18),(16,7):76.197617
(25,18),(16,1):47.781548
(25,18),(18,1):35.400002
(25,18),(18,2):53.920967
(25,18),(21,2):15.972246
(25,18),(21,5):0.000000
(25,18),(23,5):0.000000
(25,18),(23,4):0.000000
(25,18),(29,4):0.000000
(25,18),(29,8):0.000000
(25,18),(31,8):0.000000
(25,18),(31,14):0.000000
(27,18),(27,23):68.976189
(27,18),(30,23):7.000000
(27,18),(30,24):30.091803
(27,18),(20,24):42.000000
(27,18),(20,22):66.000000
(27,18),(17,22):40.000000
(27,18),(17,21):79.425270
(27,18),(5,21):60.197998
(27,18),(5,26):2.822999
(27,18),(6,26):0.000000
(27,18),(6,27):0.000000
(27,18),(10,27):0.000000
(27,18),(10,29):0.000000
(27,18),(14,29):0.000000
(27,18),(14,30):0.000000
(27,18),(12,30):0.000000
(27,18),(12,31):0.000000
(27,18),(9,31):0.000000
(27,18),(9,28):0.000000
(27,18),(3,28):3.187159
(27,18),(3,20):27.800678
(27,18),(4,20):62.044151
(27,18),(4,15):6.514544
(27,18),(2,15):0.000000
(27,18),(2,25):0.000000
(27,18),(1,25):0.000000
(27,18),(1,3):3.630857
(27,18),(7,3):5.153681
(27,18),(7,19):55.574810
(27,18),(11,19):78.170052
(27,18),(11,16):68.114288
(27,18),(8,16):0.000000
(27,18),(8,12):60.360714
(27,18),(13,12):68.104759
(27,18),(13,10):59.286434
(27,18),(15,10):63.964645
(27,18),(15,7):46.061905
(27,18),(16,7):53.330952
(27,18),(16,1):35.594048
(27,18),(18,1):19.500000
(27,18),(18,2):32.773212
(27,18),(21,2):4.926471
(27,18),(21,5):0.000000
(27,18),(23,5):0.000000
(27,18),(23,4):0.000000
(27,18),(29,4):0.000000
(27,18),(29,8):0.000000
(27,18),(31,8):0.000000
(27,18),(31,14):0.000000
(27,23),(30,23):10.000000
(27,23),(30,24):33.433334
(27,23),(20,24):52.200001
(27,23),(20,22):143.914291
(27,23),(17,22):62.157143
(27,23),(17,21):140.907150
(27,23),(5,21):57.060871
(27,23),(5,26):0.000000
(27,23),(6,26):0.000000
(27,23),(6,27):0.000000
(27,23),(10,27):0.000000
(27,23),(10,29):0.000000
(27,23),(14,29):0.000000
(27,23),(14,30):0.000000
(27,23),(12,30):0.000000
(27,23),(12,31):0.000000
(27,23),(9,31):0.000000
(27,23),(9,28):0.000000
(27,23),(3,28):0.000000
(27,23),(3,20):16.071428
(27,23),(4,20):49.656963
(27,23),(4,15):0.000000
(27,23),(2,15):0.000000
(27,23),(2,25):0.000000
(27,23),(1,25):0.000000
(27,23),(1,3):0.000000
(27,23),(7,3):0.000000
(27,23),(7,19):40.000000
(27,23),(11,19):130.719513
(27,23),(11,16):140.927246
(27,23),(8,16):49.637917
(27,23),(8,12):125.810013
(27,23),(13,12):139.043869
(27,23),(13,10):109.927429
(27,23),(15,10):123.776787
(27,23),(15,7):81.816666
(27,23),(16,7):97.068275
(27,23),(16,1):62.655468
(27,23),(18,1):49.365772
(27,23),(18,2):72.647820
(27,23),(21,2):25.083494
(27,23),(21,5):0.000000
(27,23),(23,5):0.000000
(27,23),(23,4):0.000000
(27,23),(29,4):0.000000
(27,23),(29,8):0.000000
(27,23),(31,8):0.000000
(27,23),(31,14):0.000000
(30,23),(30,24):10.000000
(30,23),(20,24):10.000000
(30,23),(20,22):9.357142
(30,23),(17,22):0.000000
(30,23),(17,21):4.600000
(30,23),(5,21):0.000000
(30,23),(5,26):0.000000
(30,23),(6,26):0.000000
(30,23),(6,27):0.000000
(30,23),(10,27):0.000000
(30,23),(10,29):0.000000
(30,23),(14,29):0.000000
(30,23),(14,30):0.000000
(30,23),(12,30):0.000000
(30,23),(12,31):0.000000
(30,23),(9,31):0.000000
(30,23),(9,28):0.000000
(30,23),(3,28):0.000000
(30,23),(3,20):0.000000
(30,23),(4,20):0.000000
(30,23),(4,15):0.000000
(30,23),(2,15):0.000000
(30,23),(2,25):0.000000
(30,23),(1,25):0.000000
(30,23),(1,3):0.000000
(30,23),(7,3):0.000000
(30,23),(7,19):0.000000
(30,23),(11,19):4.375000
(30,23),(11,16):5.892857
(30,23),(8,16):0.000000
(30,23),(8,12):6.063636
(30,23),(13,12):6.586364
(30,23),(13,10):6.663462
(30,23),(15,10):6.836538
(30,23),(15,7):6.050000
(30,23),(16,7):5.500000
(30,23),(16,1):4.151786
(30,23),(18,1):0.000000
(30,23),(18,2):0.921429
(30,23),(21,2):0.000000
(30,23),(21,5):0.000000
(30,23),(23,5):0.000000
(30,23),(23,4):0.000000
(30,23),(29,4):0.000000
(30,23),(29,8):0.000000
(30,23),(31,8):0.000000
(30,23),(31,14):0.000000
(30,24),(20,24):18.166666
(30,24),(20,22):30.123810
(30,24),(17,22):7.266667
(30,24),(17,21):26.533333
(30,24),(5,21):12.000000
(30,24),(5,26):0.000000
(30,24),(6,26):0.000000
(30,24),(6,27):0.000000
(30,24),(10,27):0.000000
(30,24),(10,29):0.000000
(30,24),(14,29):0.000000
(30,24),(14,30):0.000000
(30,24),(12,30):0.000000
(30,24),(12,31):0.000000
(30,24),(9,31):0.000000
(30,24),(9,28):0.000000
(30,24),(3,28):0.000000
(30,24),(3,20):5.393939
(30,24),(4,20):12.266666
(30,24),(4,15):0.000000
(30,24),(2,15):0.000000
(30,24),(2,25):0.000000
(30,24),(1,25):0.000000
(30,24),(1,3):0.000000
(30,24),(7,3):0.000000
(30,24),(7,19):14.666667
(30,24),(11,19):25.708334
(30,24),(11,16):27.629362
(30,24),(8,16):0.000000
(30,24),(8,12):23.437796
(30,24),(13,12):28.860912
(30,24),(13,10):25.260935
(30,24),(15,10):29.302258
(30,24),(15,7):21.370899
(30,24),(16,7):25.628727
(30,24),(16,1):16.763313
(30,24),(18,1):9.576191
(30,24),(18,2):15.874969
(30,24),(21,2):2.847343
(30,24),(21,5):0.000000
(30,24),(23,5):0.000000
(30,24),(23,4):0.000000
(30,24),(29,4):0.000000
(30,24),(29,8):0.000000
(30,24),(31,8):0.000000
(30,24),(31,14):0.000000
(20,24),(20,22):65.357140
(20,24),(17,22):49.000000
(20,24),(17,21):59.099998
(20,24),(5,21):28.666666
(20,24),(5,26):0.000000
(20,24),(6,26):0.000000
(20,24),(6,27):0.000000
(20,24),(10,27):0.000000
(20,24),(10,29):0.000000
(20,24),(14,29):0.000000
(20,24),(14,30):0.000000
(20,24),(12,30):0.000000
(20,24),(12,31):0.000000
(20,24),(9,31):0.000000
(20,24),(9,28):0.000000
(20,24),(3,28):0.000000
(20,24),(3,20):10.250000
(20,24),(4,20):27.714285
(20,24),(4,15):0.000000
(20,24),(2,15):0.000000
(20,24),(2,25):0.000000
(20,24),(1,25):0.000000
(20,24),(1,3):0.000000
(20,24),(7,3):0.000000
(20,24),(7,19):23.100000
(20,24),(11,19):58.875000
(20,24),(11,16):60.448051
(20,24),(8,16):14.000000
(20,24),(8,12):52.999352
(20,24),(13,12):57.291920
(20,24),(13,10):52.649574
(20,24),(15,10):52.128204
(20,24),(15,7):44.483334
(20,24),(16,7):41.500000
(20,24),(16,1):28.139881
(20,24),(18,1):0.000000
(20,24),(18,2):4.371428
(20,24),(21,2):0.000000
(20,24),(21,5):0.000000
(20,24),(23,5):0.000000
(20,24),(23,4):0.000000
(20,24),(29,4):0.000000
(20,24),(29,8):0.000000
(20,24),(31,8):0.000000
(20,24),(31,14):0.000000
(20,22),(17,22):101.065384
(20,22),(17,21):187.415390
(20,22),(5,21):54.166668
(20,22),(5,26):0.000000
(20,22),(6,26):0.000000
(20,22),(6,27):0.000000
(20,22),(10,27):0.000000
(20,22),(10,29):0.000000
(20,22),(14,29):0.000000
(20,22),(14,30):0.000000
(20,22),(12,30):0.000000
(20,22),(12,31):0.000000
(20,22),(9,31):0.000000
(20,22),(9,28):0.000000
(20,22),(3,28):0.000000
(20,22),(3,20):15.071428
(20,22),(4,20):45.846153
(20,22),(4,15):0.000000
(20,22),(2,15):0.000000
(20,22),(2,25):0.000000
(20,22),(1,25):0.000000
(20,22),(1,3):0.000000
(20,22),(7,3):0.000000
(20,22),(7,19):36.000000
(20,22),(11,19):165.705215
(20,22),(11,16):171.985977
(20,22),(8,16):76.282608
(20,22),(8,12):134.999344
(20,22),(13,12):166.748276
(20,22),(13,10):129.801086
(20,22),(15,10):165.314224
(20,22),(15,7):114.341393
(20,22),(16,7):142.546341
(20,22),(16,1):98.624878
(20,22),(18,1):68.800003
(20,22),(18,2):102.816444
(20,22),(21,2):44.431259
(20,22),(21,5):14.748718
(20,22),(23,5):3.849238
(20,22),(23,4):0.000000
(20,22),(29,4):1.068968
(20,22),(29,8):0.000000
(20,22),(31,8):0.000000
(20,22),(31,14):0.000000
(17,22),(17,21):104.000000
(17,22),(5,21):42.166668
(17,22),(5,26):0.000000
(17,22),(6,26):0.000000
(17,22),(6,27):0.000000
(17,22),(10,27):0.000000
(17,22),(10,29):0.000000
(17,22),(14,29):0.000000
(17,22),(14,30):0.000000
(17,22),(12,30):0.000000
(17,22),(12,31):0.000000
(17,22),(9,31):0.000000
(17,22),(9,28):0.000000
(17,22),(3,28):0.000000
(17,22),(3,20):13.571428
(17,22),(4,20):37.274727
(17,22),(4,15):0.000000
(17,22),(2,15):0.000000
(17,22),(2,25):0.000000
(17,22),(1,25):0.000000
(17,22),(1,3):0.000000
(17,22),(7,3):0.000000
(17,22),(7,19):27.500000
(17,22),(11,19):98.777779
(17,22),(11,16):94.012886
(17,22),(8,16):37.000000
(17,22),(8,12):70.035713
(17,22),(13,12):86.833336
(17,22),(13,10):75.095963
(17,22),(15,10):91.909088
(17,22),(15,7):75.428574
(17,22),(16,7):85.464287
(17,22),(16,1):73.133087
(17,22),(18,1):21.000000
(17,22),(18,2):54.071430
(17,22),(21,2):13.000000
(17,22),(21,5):10.500000
(17,22),(23,5):2.562500
(17,22),(23,4):0.000000
(17,22),(29,4):0.740426
(17,22),(29,8):0.000000
(17,22),(31,8):0.000000
(17,22),(31,14):0.000000
(17,21),(5,21):76.066666
(17,21),(5,26):3.500000
(17,21),(6,26):0.000000
(17,21),(6,27):0.000000
(17,21),(10,27):0.000000
(17,21),(10,29):0.000000
(17,21),(14,29):0.000000
(17,21),(14,30):0.000000
(17,21),(12,30):0.000000
(17,21),(12,31):0.000000
(17,21),(9,31):0.000000
(17,21),(9,28):0.000000
(17,21),(3,28):4.122281
(17,21),(3,20):27.571428
(17,21),(4,20):67.746155
(17,21),(4,15):8.400000
(17,21),(2,15):0.000000
(17,21),(2,25):0.000000
(17,21),(1,25):0.000000
(17,21),(1,3):4.671052
(17,21),(7,3):6.988235
(17,21),(7,19):57.733334
(17,21),(11,19):189.576584
(17,21),(11,16):175.431381
(17,21),(8,16):75.650002
(17,21),(8,12):131.774353
(17,21),(13,12):168.291122
(17,21),(13,10):127.634422
(17,21),(15,10):169.917099
(17,21),(15,7):109.828575
(17,21),(16,7):144.897614
(17,21),(16,1):96.038246
(17,21),(18,1):73.666664
(17,21),(18,2):109.704170
(17,21),(21,2):49.929035
(17,21),(21,5):17.366667
(17,21),(23,5):4.191667
(17,21),(23,4):0.000000
(17,21),(29,4):1.157576
(17,21),(29,8):0.000000
(17,21),(31,8):0.000000
(17,21),(31,14):0.000000
(5,21),(5,26):39.545456
(5,21),(6,26):4.000000
(5,21),(6,27):6.000000
(5,21),(10,27):2.000000
(5,21),(10,29):0.000000
(5,21),(14,29):0.000000
(5,21),(14,30):0.000000
(5,21),(12,30):0.000000
(5,21),(12,31):0.000000
(5,21),(9,31):0.000000
(5,21),(9,28):3.333333
(5,21),(3,28):43.937500
(5,21),(3,20):38.000000
(5,21),(4,20):125.000000
(5,21),(4,15):74.500000
(5,21),(2,15):48.000000
(5,21),(2,25):0.000000
(5,21),(1,25):2.700000
(5,21),(1,3):62.250000
(5,21),(7,3):75.444443
(5,21),(7,19):108.833336
(5,21),(11,19):75.761902
(5,21),(11,16):59.471863
(5,21),(8,16):0.666667
(5,21),(8,12):51.027382
(5,21),(13,12):55.793652
(5,21),(13,10):47.777779
(5,21),(15,10):51.055557
(5,21),(15,7):37.099998
(5,21),(16,7):45.445835
(5,21),(16,1):30.537037
(5,21),(18,1):20.645834
(5,21),(18,2):32.711311
(5,21),(21,2):3.626471
(5,21),(21,5):0.000000
(5,21),(23,5):0.000000
(5,21),(23,4):0.000000
(5,21),(29,4):0.000000
(5,21),(29,8):0.000000
(5,21),(31,8):0.000000
(5,21),(31,14):0.000000
(5,26),(6,26):6.000000
(5,26),(6,27):8.500000
(5,26),(10,27):3.500000
(5,26),(10,29):0.000000
(5,26),(14,29):0.000000
(5,26),(14,30):0.000000
(5,26),(12,30):0.000000
(5,26),(12,31):0.000000
(5,26),(9,31):0.000000
(5,26),(9,28):5.000000
(5,26),(3,28):22.500000
(5,26),(3,20):16.666666
(5,26),(4,20):33.333332
(5,26),(4,15):31.727272
(5,26),(2,15):18.545454
(5,26),(2,25):0.000000
(5,26),(1,25):0.221645
(5,26),(1,3):20.545454
(5,26),(7,3):33.989899
(5,26),(7,19):27.378788
(5,26),(11,19):3.595238
(5,26),(11,16):0.000000
(5,26),(8,16):0.000000
(5,26),(8,12):0.000000
(5,26),(13,12):0.000000
(5,26),(13,10):0.000000
(5,26),(15,10):0.000000
(5,26),(15,7):0.000000
(5,26),(16,7):0.000000
(5,26),(16,1):0.000000
(5,26),(18,1):0.000000
(5,26),(18,2):0.000000
(5,26),(21,2):0.000000
(5,26),(21,5):0.000000
(5,26),(23,5):0.000000
(5,26),(23,4):0.000000
(5,26),(29,4):0.000000
(5,26),(29,8):0.000000
(5,26),(31,8):0.000000
(5,26),(31,14):0.000000
(6,26),(6,27):6.000000
(6,26),(10,27):3.000000
(6,26),(10,29):0.000000
(6,26),(14,29):0.000000
(6,26),(14,30):0.000000
(6,26),(12,30):0.000000
(6,26),(12,31):0.000000
(6,26),(9,31):0.000000
(6,26),(9,28):4.500000
(6,26),(3,28):6.000000
(6,26),(3,20):4.666667
(6,26),(4,20):4.333333
(6,26),(4,15):2.181818
(6,26),(2,15):0.000000
(6,26),(2,25):0.000000
(6,26),(1,25):0.000000
(6,26),(1,3):0.000000
(6,26),(7,3):2.666667
(6,26),(7,19):0.000000
(6,26),(11,19):0.000000
(6,26),(11,16):0.000000
(6,26),(8,16):0.000000
(6,26),(8,12):0.000000
(6,26),(13,12):0.000000
(6,26),(13,10):0.000000
(6,26),(15,10):0.000000
(6,26),(15,7):0.000000
(6,26),(16,7):0.000000
(6,26),(16,1):0.000000
(6,26),(18,1):0.000000
(6,26),(18,2):0.000000
(6,26),(21,2):0.000000
(6,26),(21,5):0.000000
(6,26),(23,5):0.000000
(6,26),(23,4):0.000000
(6,26),(29,4):0.000000
(6,26),(29,8):0.000000
(6,26),(31,8):0.000000
(6,26),(31,14):0.000000
(6,27),(10,27):7.166667
(6,27),(10,29):1.666667
(6,27),(14,29):0.000000
(6,27),(14,30):0.000000
(6,27),(12,30):0.000000
(6,27),(12,31):0.000000
(6,27),(9,31):1.166667
(6,27),(9,28):8.666667
(6,27),(3,28):12.000000
(6,27),(3,20):6.666667
(6,27),(4,20):6.333333
(6,27),(4,15):2.681818
(6,27),(2,15):0.000000
(6,27),(2,25):0.000000
(6,27),(1,25):0.000000
(6,27),(1,3):0.000000
(6,27),(7,3):4.319445
(6,27),(7,19):0.000000
(6,27),(11,19):0.000000
(6,27),(11,16):0.000000
(6,27),(8,16):0.000000
(6,27),(8,12):0.000000
(6,27),(13,12):0.000000
(6,27),(13,10):0.000000
(6,27),(15,10):0.000000
(6,27),(15,7):0.000000
(6,27),(16,7):0.000000
(6,27),(16,1):0.000000
(6,27),(18,1):0.000000
(6,27),(18,2):0.000000
(6,27),(21,2):0.000000
(6,27),(21,5):0.000000
(6,27),(23,5):0.000000
(6,27),(23,4):0.000000
(6,27),(29,4):0.000000
(6,27),(29,8):0.000000
(6,27),(31,8):0.000000
(6,27),(31,14):0.000000
(10,27),(10,29):4.500000
(10,27),(14,29):2.000000
(10,27),(14,30):1.125000
(10,27),(12,30):2.250000
(10,27),(12,31):2.500000
(10,27),(9,31):4.000000
(10,27),(9,28):10.000000
(10,27),(3,28):7.000000
(10,27),(3,20):2.500000
(10,27),(4,20):2.250000
(10,27),(4,15):1.136364
(10,27),(2,15):0.000000
(10,27),(2,25):0.000000
(10,27),(1,25):0.000000
(10,27),(1,3):0.000000
(10,27),(7,3):1.277778
(10,27),(7,19):0.000000
(10,27),(11,19):0.000000
(10,27),(11,16):0.000000
(10,27),(8,16):0.000000
(10,27),(8,12):0.000000
(10,27),(13,12):0.000000
(10,27),(13,10):0.000000
(10,27),(15,10):0.000000
(10,27),(15,7):0.000000
(10,27),(16,7):0.000000
(10,27),(16,1):0.000000
(10,27),(18,1):0.000000
(10,27),(18,2):0.000000
(10,27),(21,2):0.000000
(10,27),(21,5):0.000000
(10,27),(23,5):0.000000
(10,27),(23,4):0.000000
(10,27),(29,4):0.000000
(10,27),(29,8):0.000000
(10,27),(31,8):0.000000
(10,27),(31,14):0.000000
(10,29),(14,29):7.000000
(10,29),(14,30):5.125000
(10,29),(12,30):8.250000
(10,29),(12,31):6.500000
(10,29),(9,31):9.333333
(10,29),(9,28):6.500000
(10,29),(3,28):1.500000
(10,29),(3,20):0.000000
(10,29),(4,20):0.000000
(10,29),(4,15):0.000000
(10,29),(2,15):0.000000
(10,29),(2,25):0.000000
(10,29),(1,25):0.000000
(10,29),(1,3):0.000000
(10,29),(7,3):0.000000
(10,29),(7,19):0.000000
(10,29),(11,19):0.000000
(10,29),(11,16):0.000000
(10,29),(8,16):0.000000
(10,29),(8,12):0.000000
(10,29),(13,12):0.000000
(10,29),(13,10):0.000000
(10,29),(15,10):0.000000
(10,29),(15,7):0.000000
(10,29),(16,7):0.000000
(10,29),(16,1):0.000000
(10,29),(18,1):0.000000
(10,29),(18,2):0.000000
(10,29),(21,2):0.000000
(10,29),(21,5):0.000000
(10,29),(23,5):0.000000
(10,29),(23,4):0.000000
(10,29),(29,4):0.000000
(10,29),(29,8):0.000000
(10,29),(31,8):0.000000
(10,29),(31,14):0.000000
(14,29),(14,30):5.000000
(14,29),(12,30):7.000000
(14,29),(12,31):5.000000
(14,29),(9,31):6.333333
(14,29),(9,28):3.333333
(14,29),(3,28):0.000000
(14,29),(3,20):0.000000
(14,29),(4,20):0.000000
(14,29),(4,15):0.000000
(14,29),(2,15):0.000000
(14,29),(2,25):0.000000
(14,29),(1,25):0.000000
(14,29),(1,3):0.000000
(14,29),(7,3):0.000000
(14,29),(7,19):0.000000
(14,29),(11,19):0.000000
(14,29),(11,16):0.000000
(14,29),(8,16):0.000000
(14,29),(8,12):0.000000
(14,29),(13,12):0.000000
(14,29),(13,10):0.000000
(14,29),(15,10):0.000000
(14,29),(15,7):0.000000
(14,29),(16,7):0.000000
(14,29),(16,1):0.000000
(14,29),(18,1):0.000000
(14,29),(18,2):0.000000
(14,29),(21,2):0.000000
(14,29),(21,5):0.000000
(14,29),(23,5):0.000000
(14,29),(23,4):0.000000
(14,29),(29,4):0.000000
(14,29),(29,8):0.000000
(14,29),(31,8):0.000000
(14,29),(31,14):0.000000
(14,30),(12,30):5.125000
(14,30),(12,31):3.125000
(14,30),(9,31):4.458333
(14,30),(9,28):1.625000
(14,30),(3,28):0.000000
(14,30),(3,20):0.000000
(14,30),(4,20):0.000000
(14,30),(4,15):0.000000
(14,30),(2,15):0.000000
(14,30),(2,25):0.000000
(14,30),(1,25):0.000000
(14,30),(1,3):0.000000
(14,30),(7,3):0.000000
(14,30),(7,19):0.000000
(14,30),(11,19):0.000000
(14,30),(11,16):0.000000
(14,30),(8,16):0.000000
(14,30),(8,12):0.000000
(14,30),(13,12):0.000000
(14,30),(13,10):0.000000
(14,30),(15,10):0.000000
(14,30),(15,7):0.000000
(14,30),(16,7):0.000000
(14,30),(16,1):0.000000
(14,30),(18,1):0.000000
(14,30),(18,2):0.000000
(14,30),(21,2):0.000000
(14,30),(21,5):0.000000
(14,30),(23,5):0.000000
(14,30),(23,4):0.000000
(14,30),(29,4):0.000000
(14,30),(29,8):0.000000
(14,30),(31,8):0.000000
(14,30),(31,14):0.000000
(12,30),(12,31):6.250000
(12,30),(9,31):7.583333
(12,30),(9,28):4.250000
(12,30),(3,28):0.000000
(12,30),(3,20):0.000000
(12,30),(4,20):0.000000
(12,30),(4,15):0.000000
(12,30),(2,15):0.000000
(12,30),(2,25):0.000000
(12,30),(1,25):0.000000
(12,30),(1,3):0.000000
(12,30),(7,3):0.000000
(12,30),(7,19):0.000000
(12,30),(11,19):0.000000
(12,30),(11,16):0.000000
(12,30),(8,16):0.000000
(12,30),(8,12):0.000000
(12,30),(13,12):0.000000
(12,30),(13,10):0.000000
(12,30),(15,10):0.000000
(12,30),(15,7):0.000000
(12,30),(16,7):0.000000
(12,30),(16,1):0.000000
(12,30),(18,1):0.000000
(12,30),(18,2):0.000000
(12,30),(21,2):0.000000
(12,30),(21,5):0.000000
(12,30),(23,5):0.000000
(12,30),(23,4):0.000000
(12,30),(29,4):0.000000
(12,30),(29,8):0.000000
(12,30),(31,8):0.000000
(12,30),(31,14):0.000000
(12,31),(9,31):6.500000
(12,31),(9,28):4.500000
(12,31),(3,28):0.000000
(12,31),(3,20):0.000000
(12,31),(4,20):0.000000
(12,31),(4,15):0.000000
(12,31),(2,15):0.000000
(12,31),(2,25):0.000000
(12,31),(1,25):0.000000
(12,31),(1,3):0.000000
(12,31),(7,3):0.000000
(12,31),(7,19):0.000000
(12,31),(11,19):0.000000
(12,31),(11,16):0.000000
(12,31),(8,16):0.000000
(12,31),(8,12):0.000000
(12,31),(13,12):0.000000
(12,31),(13,10):0.000000
(12,31),(15,10):0.000000
(12,31),(15,7):0.000000
(12,31),(16,7):0.000000
(12,31),(16,1):0.000000
(12,31),(18,1):0.000000
(12,31),(18,2):0.000000
(12,31),(21,2):0.000000
(12,31),(21,5):0.000000
(12,31),(23,5):0.000000
(12,31),(23,4):0.000000
(12,31),(29,4):0.000000
(12,31),(29,8):0.000000
(12,31),(31,8):0.000000
(12,31),(31,14):0.000000
(9,31),(9,28):6.000000
(9,31),(3,28):1.000000
(9,31),(3,20):0.000000
(9,31),(4,20):0.000000
(9,31),(4,15):0.000000
(9,31),(2,15):0.000000
(9,31),(2,25):0.000000
(9,31),(1,25):0.000000
(9,31),(1,3):0.000000
(9,31),(7,3):0.000000
(9,31),(7,19):0.000000
(9,31),(11,19):0.000000
(9,31),(11,16):0.000000
(9,31),(8,16):0.000000
(9,31),(8,12):0.000000
(9,31),(13,12):0.000000
(9,31),(13,10):0.000000
(9,31),(15,10):0.000000
(9,31),(15,7):0.000000
(9,31),(16,7):0.000000
(9,31),(16,1):0.000000
(9,31),(18,1):0.000000
(9,31),(18,2):0.000000
(9,31),(21,2):0.000000
(9,31),(21,5):0.000000
(9,31),(23,5):0.000000
(9,31),(23,4):0.000000
(9,31),(29,4):0.000000
(9,31),(29,8):0.000000
(9,31),(31,8):0.000000
(9,31),(31,14):0.000000
(9,28),(3,28):8.500000
(9,28),(3,20):3.916667
(9,28),(4,20):3.627451
(9,28),(4,15):1.660985
(9,28),(2,15):0.000000
(9,28),(2,25):0.000000
(9,28),(1,25):0.000000
(9,28),(1,3):0.000000
(9,28),(7,3):2.331349
(9,28),(7,19):0.000000
(9,28),(11,19):0.000000
(9,28),(11,16):0.000000
(9,28),(8,16):0.000000
(9,28),(8,12):0.000000
(9,28),(13,12):0.000000
(9,28),(13,10):0.000000
(9,28),(15,10):0.000000
(9,28),(15,7):0.000000
(9,28),(16,7):0.000000
(9,28),(16,1):0.000000
(9,28),(18,1):0.000000
(9,28),(18,2):0.000000
(9,28),(21,2):0.000000
(9,28),(21,5):0.000000
(9,28),(23,5):0.000000
(9,28),(23,4):0.000000
(9,28),(29,4):0.000000
(9,28),(29,8):0.000000
(9,28),(31,8):0.000000
(9,28),(31,14):0.000000
(3,28),(3,20):16.809525
(3,28),(4,20):44.270832
(3,28),(4,15):36.119320
(3,28),(2,15):19.357143
(3,28),(2,25):0.000000
(3,28),(1,25):0.000000
(3,28),(1,3):25.712500
(3,28),(7,3):38.381943
(3,28),(7,19):31.770834
(3,28),(11,19):4.104167
(3,28),(11,16):0.000000
(3,28),(8,16):0.000000
(3,28),(8,12):0.000000
(3,28),(13,12):0.000000
(3,28),(13,10):0.000000
(3,28),(15,10):0.000000
(3,28),(15,7):0.000000
(3,28),(16,7):0.000000
(3,28),(16,1):0.000000
(3,28),(18,1):0.000000
(3,28),(18,2):0.000000
(3,28),(21,2):0.000000
(3,28),(21,5):0.000000
(3,28),(23,5):0.000000
(3,28),(23,4):0.000000
(3,28),(29,4):0.000000
(3,28),(29,8):0.000000
(3,28),(31,8):0.000000
(3,28),(31,14):0.000000
(3,20),(4,20):41.904762
(3,20),(4,15):11.306818
(3,20),(2,15):0.000000
(3,20),(2,25):0.000000
(3,20),(1,25):0.000000
(3,20),(1,3):2.187500
(3,20),(7,3):12.444445
(3,20),(7,19):29.404762
(3,20),(11,19):28.166666
(3,20),(11,16):19.571428
(3,20),(8,16):0.000000
(3,20),(8,12):16.196428
(3,20),(13,12):20.000000
(3,20),(13,10):17.063492
(3,20),(15,10):18.282051
(3,20),(15,7):11.737218
(3,20),(16,7):14.643284
(3,20),(16,1):8.862959
(3,20),(18,1):6.535714
(3,20),(18,2):10.078148
(3,20),(21,2):1.632353
(3,20),(21,5):0.000000
(3,20),(23,5):0.000000
(3,20),(23,4):0.000000
(3,20),(29,4):0.000000
(3,20),(29,8):0.000000
(3,20),(31,8):0.000000
(3,20),(31,14):0.000000
(4,20),(4,15):62.681820
(4,20),(2,15):36.000000
(4,20),(2,25):0.000000
(4,20),(1,25):0.000000
(4,20),(1,3):50.250000
(4,20),(7,3):63.444443
(4,20),(7,19):100.679489
(4,20),(11,19):67.441391
(4,20),(11,16):51.401348
(4,20),(8,16):0.000000
(4,20),(8,12):43.514439
(4,20),(13,12):47.984501
(4,20),(13,10):40.381321
(4,20),(15,10):42.826389
(4,20),(15,7):29.514729
(4,20),(16,7):36.191837
(4,20),(16,1):23.497723
(4,20),(18,1):16.130129
(4,20),(18,2):25.372742
(4,20),(21,2):3.349548
(4,20),(21,5):0.000000
(4,20),(23,5):0.000000
(4,20),(23,4):0.000000
(4,20),(29,4):0.000000
(4,20),(29,8):0.000000
(4,20),(31,8):0.000000
(4,20),(31,14):0.000000
(4,15),(2,15):72.000000
(4,15),(2,25):12.000000
(4,15),(1,25):19.200001
(4,15),(1,3):86.250000
(4,15),(7,3):94.277779
(4,15),(7,19):86.000000
(4,15),(11,19):7.666667
(4,15),(11,16):0.000000
(4,15),(8,16):0.000000
(4,15),(8,12):0.000000
(4,15),(13,12):0.000000
(4,15),(13,10):0.000000
(4,15),(15,10):0.000000
(4,15),(15,7):0.000000
(4,15),(16,7):0.000000
(4,15),(16,1):0.000000
(4,15),(18,1):0.000000
(4,15),(18,2):0.000000
(4,15),(21,2):0.000000
(4,15),(21,5):0.000000
(4,15),(23,5):0.000000
(4,15),(23,4):0.000000
(4,15),(29,4):0.000000
(4,15),(29,8):0.000000
(4,15),(31,8):0.000000
(4,15),(31,14):0.000000
(2,15),(2,25):22.000000
(2,15),(1,25):29.200001
(2,15),(1,3):82.000000
(2,15),(7,3):73.199997
(2,15),(7,19):66.000000
(2,15),(11,19):0.000000
(2,15),(11,16):0.000000
(2,15),(8,16):0.000000
(2,15),(8,12):0.000000
(2,15),(13,12):0.000000
(2,15),(13,10):0.000000
(2,15),(15,10):0.000000
(2,15),(15,7):0.000000
(2,15),(16,7):0.000000
(2,15),(16,1):0.000000
(2,15),(18,1):0.000000
(2,15),(18,2):0.000000
(2,15),(21,2):0.000000
(2,15),(21,5):0.000000
(2,15),(23,5):0.000000
(2,15),(23,4):0.000000
(2,15),(29,4):0.000000
(2,15),(29,8):0.000000
(2,15),(31,8):0.000000
(2,15),(31,14):0.000000
(2,25),(1,25):22.000000
(2,25),(1,3):22.000000
(2,25),(7,3):13.200000
(2,25),(7,19):8.666667
(2,25),(11,19):0.000000
(2,25),(11,16):0.000000
(2,25),(8,16):0.000000
(2,25),(8,12):0.000000
(2,25),(13,12):0.000000
(2,25),(13,10):0.000000
(2,25),(15,10):0.000000
(2,25),(15,7):0.000000
(2,25),(16,7):0.000000
(2,25),(16,1):0.000000
(2,25),(18,1):0.000000
(2,25),(18,2):0.000000
(2,25),(21,2):0.000000
(2,25),(21,5):0.000000
(2,25),(23,5):0.000000
(2,25),(23,4):0.000000
(2,25),(29,4):0.000000
(2,25),(29,8):0.000000
(2,25),(31,8):0.000000
(2,25),(31,14):0.000000
(1,25),(1,3):29.200001
(1,25),(7,3):20.400000
(1,25),(7,19):15.552941
(1,25),(11,19):0.000000
(1,25),(11,16):0.000000
(1,25),(8,16):0.000000
(1,25),(8,12):0.000000
(1,25),(13,12):0.000000
(1,25),(13,10):0.000000
(1,25),(15,10):0.000000
(1,25),(15,7):0.000000
(1,25),(16,7):0.000000
(1,25),(16,1):0.000000
(1,25),(18,1):0.000000
(1,25),(18,2):0.000000
(1,25),(21,2):0.000000
(1,25),(21,5):0.000000
(1,25),(23,5):0.000000
(1,25),(23,4):0.000000
(1,25),(29,4):0.000000
(1,25),(29,8):0.000000
(1,25),(31,8):0.000000
(1,25),(31,14):0.000000
(1,3),(7,3):86.699997
(1,3),(7,19):80.250000
(1,3),(11,19):4.250000
(1,3),(11,16):0.000000
(1,3),(8,16):0.000000
(1,3),(8,12):0.000000
(1,3),(13,12):0.000000
(1,3),(13,10):0.000000
(1,3),(15,10):0.000000
(1,3),(15,7):0.000000
(1,3),(16,7):0.000000
(1,3),(16,1):0.000000
(1,3),(18,1):0.000000
(1,3),(18,2):0.000000
(1,3),(21,2):0.000000
(1,3),(21,5):0.000000
(1,3),(23,5):0.000000
(1,3),(23,4):0.000000
(1,3),(29,4):0.000000
(1,3),(29,8):0.000000
(1,3),(31,8):0.000000
(1,3),(31,14):0.000000
(7,3),(7,19):84.928574
(7,3),(11,19):6.333333
(7,3),(11,16):0.000000
(7,3),(8,16):0.000000
(7,3),(8,12):0.000000
(7,3),(13,12):0.000000
(7,3),(13,10):0.000000
(7,3),(15,10):0.000000
(7,3),(15,7):0.000000
(7,3),(16,7):0.000000
(7,3),(16,1):0.000000
(7,3),(18,1):0.000000
(7,3),(18,2):0.000000
(7,3),(21,2):0.000000
(7,3),(21,5):0.000000
(7,3),(23,5):0.000000
(7,3),(23,4):0.000000
(7,3),(29,4):0.000000
(7,3),(29,8):0.000000
(7,3),(31,8):0.000000
(7,3),(31,14):0.000000
(7,19),(11,19):57.500000
(7,19),(11,16):42.000000
(7,19),(8,16):0.000000
(7,19),(8,12):36.000000
(7,19),(13,12):42.026985
(7,19),(13,10):35.706348
(7,19),(15,10):38.388889
(7,19),(15,7):25.274418
(7,19),(16,7):30.489393
(7,19),(16,1):18.817568
(7,19),(18,1):12.766666
(7,19),(18,2):20.063025
(7,19),(21,2):3.176471
(7,19),(21,5):0.000000
(7,19),(23,5):0.000000
(7,19),(23,4):0.000000
(7,19),(29,4):0.000000
(7,19),(29,8):0.000000
(7,19),(31,8):0.000000
(7,19),(31,14):0.000000
(11,19),(11,16):169.364716
(11,19),(8,16):67.400002
(11,19),(8,12):122.524353
(11,19),(13,12):158.191925
(11,19),(13,10):125.744812
(11,19),(15,10):165.306778
(11,19),(15,7):106.400002
(11,19),(16,7):135.894440
(11,19),(16,1):87.395882
(11,19),(18,1):63.458332
(11,19),(18,2):101.915276
(11,19),(21,2):44.787582
(11,19),(21,5):11.670635
(11,19),(23,5):3.002137
(11,19),(23,4):0.000000
(11,19),(29,4):0.908990
(11,19),(29,8):0.000000
(11,19),(31,8):0.000000
(11,19),(31,14):0.000000
(11,16),(8,16):79.400002
(11,16),(8,12):138.424347
(11,16),(13,12):173.091919
(11,16),(13,10):129.216232
(11,16),(15,10):163.528198
(11,16),(15,7):109.300003
(11,16),(16,7):133.433334
(11,16),(16,1):85.775002
(11,16),(18,1):60.333332
(11,16),(18,2):96.575439
(11,16),(21,2):37.416668
(11,16),(21,5):6.166667
(11,16),(23,5):1.666667
(11,16),(23,4):0.000000
(11,16),(29,4):0.548077
(11,16),(29,8):0.000000
(11,16),(31,8):0.000000
(11,16),(31,14):0.000000
(8,16),(8,12):56.000000
(8,16),(13,12):79.400002
(8,16),(13,10):51.500000
(8,16),(15,10):67.400002
(8,16),(15,7):47.549999
(8,16),(16,7):52.763638
(8,16),(16,1):31.987499
(8,16),(18,1):26.363636
(8,16),(18,2):39.007141
(8,16),(21,2):17.750000
(8,16),(21,5):0.000000
(8,16),(23,5):0.000000
(8,16),(23,4):0.000000
(8,16),(29,4):0.000000
(8,16),(29,8):0.000000
(8,16),(31,8):0.000000
(8,16),(31,14):0.000000
(8,12),(13,12):136.416916
(8,12),(13,10):110.874573
(8,12),(15,10):118.686539
(8,12),(15,7):86.250000
(8,12),(16,7):97.912178
(8,12),(16,1):64.599998
(8,12),(18,1):41.612179
(8,12),(18,2):64.539948
(8,12),(21,2):15.600000
(8,12),(21,5):0.000000
(8,12),(23,5):0.000000
(8,12),(23,4):0.000000
(8,12),(29,4):0.000000
(8,12),(29,8):0.000000
(8,12),(31,8):0.000000
(8,12),(31,14):0.000000
(13,12),(13,10):132.194016
(13,12),(15,10):158.910751
(13,12),(15,7):109.777779
(13,12),(16,7):127.244446
(13,12),(16,1):81.065277
(13,12),(18,1):58.444443
(13,12),(18,2):89.196045
(13,12),(21,2):29.821428
(13,12),(21,5):0.000000
(13,12),(23,5):0.000000
(13,12),(23,4):0.000000
(13,12),(29,4):0.000000
(13,12),(29,8):0.000000
(13,12),(31,8):0.000000
(13,12),(31,14):0.000000
(13,10),(15,10):129.613052
(13,10),(15,7):101.551514
(13,10),(16,7):114.601517
(13,10),(16,1):73.651512
(13,10),(18,1):49.818180
(13,10),(18,2):75.318825
(13,10),(21,2):13.333333
(13,10),(21,5):0.000000
(13,10),(23,5):0.000000
(13,10),(23,4):0.000000
(13,10),(29,4):0.000000
(13,10),(29,8):0.000000
(13,10),(31,8):0.000000
(13,10),(31,14):0.000000
(15,10),(15,7):114.975754
(15,10),(16,7):148.942429
(15,10),(16,1):98.013260
(15,10),(18,1):67.575760
(15,10),(18,2):109.584686
(15,10),(21,2):50.472221
(15,10),(21,5):16.674999
(15,10),(23,5):3.969697
(15,10),(23,4):0.000000
(15,10),(29,4):1.122689
(15,10),(29,8):0.000000
(15,10),(31,8):0.000000
(15,10),(31,14):0.000000
(15,7),(16,7):111.961906
(15,7),(16,1):83.449402
(15,7),(18,1):41.428570
(15,7),(18,2):70.083336
(15,7),(21,2):11.750000
(15,7),(21,5):0.800000
(15,7),(23,5):0.000000
(15,7),(23,4):0.000000
(15,7),(29,4):0.000000
(15,7),(29,8):0.000000
(15,7),(31,8):0.000000
(15,7),(31,14):0.000000
(16,7),(16,1):105.750809
(16,7),(18,1):73.630951
(16,7),(18,2):114.794044
(16,7),(21,2):41.750000
(16,7),(21,5):23.799999
(16,7),(23,5):5.625000
(16,7),(23,4):0.000000
(16,7),(29,4):1.483333
(16,7),(29,8):0.022727
(16,7),(31,8):0.000000
(16,7),(31,14):0.000000
(16,1),(18,1):40.974998
(16,1),(18,2):80.915474
(16,1),(21,2):26.750000
(16,1),(21,5):22.125000
(16,1),(23,5):6.750000
(16,1),(23,4):0.000000
(16,1),(29,4):2.717529
(16,1),(29,8):0.000000
(16,1),(31,8):0.000000
(16,1),(31,14):0.000000
(18,1),(18,2):73.666664
(18,1),(21,2):28.416666
(18,1),(21,5):11.550000
(18,1),(23,5):3.000000
(18,1),(23,4):0.000000
(18,1),(29,4):0.800000
(18,1),(29,8):0.000000
(18,1),(31,8):0.000000
(18,1),(31,14):0.000000
(18,2),(21,2):44.187500
(18,2),(21,5):24.312500
(18,2),(23,5):6.625000
(18,2),(23,4):0.000000
(18,2),(29,4):2.602381
(18,2),(29,8):0.000000
(18,2),(31,8):0.000000
(18,2),(31,14):0.000000
(21,2),(21,5):22.500000
(21,2),(23,5):6.125000
(21,2),(23,4):0.000000
(21,2),(29,4):2.150000
(21,2),(29,8):0.000000
(21,2),(31,8):0.000000
(21,2),(31,14):0.000000
(21,5),(23,5):18.291666
(21,5),(23,4):10.166667
(21,5),(29,4):13.983334
(21,5),(29,8):10.416667
(21,5),(31,8):0.000000
(21,5),(31,14):8.125000
(23,5),(23,4):31.166666
(23,5),(29,4):28.316668
(23,5),(29,8):31.750000
(23,5),(31,8):11.500000
(23,5),(31,14):28.261906
(23,4),(29,4):35.472221
(23,4),(29,8):45.938889
(23,4),(31,8):25.138889
(23,4),(31,14):42.850792
(29,4),(29,8):44.117645
(29,4),(31,8):22.000000
(29,4),(31,14):38.895237
(29,8),(31,8):34.000000
(29,8),(31,14):50.895237
(31,8),(31,14):32.133335
