62
(28,30):(28,24)	(28,25)	(28,26)	(28,30)	(29,23)	(29,27)	(29,28)	(29,29)	(30,27)	(30,28)	(30,29)	(31,28)	(31,30)	
(28,26):(21,19)	(21,20)	(21,21)	(22,20)	(22,21)	(22,22)	(23,20)	(23,21)	(23,22)	(23,25)	(24,20)	(24,21)	(24,22)	(24,23)	(24,26)	(25,20)	(25,21)	(25,22)	(25,23)	(25,24)	(25,25)	(25,26)	(26,20)	(26,21)	(26,22)	(26,23)	(26,24)	(26,25)	(26,26)	(27,23)	(27,24)	(27,25)	(28,24)	(28,25)	(28,26)	(28,30)	(29,23)	(29,27)	(29,28)	(29,29)	(30,28)	(30,29)	(31,30)	
(26,26):(23,20)	(23,25)	(23,29)	(24,20)	(24,21)	(24,22)	(24,26)	(24,27)	(24,28)	(24,29)	(24,31)	(25,20)	(25,21)	(25,22)	(25,23)	(25,24)	(25,25)	(25,26)	(25,27)	(25,28)	(25,29)	(25,30)	(26,20)	(26,21)	(26,22)	(26,23)	(26,24)	(26,25)	(26,26)	(26,31)	(27,19)	(27,23)	(27,24)	(27,25)	(28,24)	(28,25)	(28,26)	(29,23)	
(26,31):(23,25)	(24,26)	(24,27)	(24,28)	(24,29)	(24,31)	(25,20)	(25,21)	(25,22)	(25,23)	(25,24)	(25,25)	(25,26)	(25,27)	(25,28)	(25,29)	(25,30)	(26,20)	(26,21)	(26,22)	(26,23)	(26,24)	(26,25)	(26,26)	(26,31)	
(24,31):(24,26)	(24,27)	(24,28)	(24,29)	(24,31)	(25,25)	(25,26)	(25,27)	(25,28)	(25,29)	(25,30)	(26,20)	(26,21)	(26,22)	(26,23)	(26,24)	(26,25)	(26,26)	(26,31)	(27,19)	(27,23)	
(24,29):(23,25)	(23,29)	(24,26)	(24,27)	(24,28)	(24,29)	(24,31)	(25,25)	(25,26)	(25,27)	(25,28)	(25,29)	(25,30)	(26,21)	(26,22)	(26,23)	(26,24)	(26,25)	(26,26)	(26,31)	(27,19)	(27,23)	(27,24)	
(23,29):(23,25)	(23,29)	(24,26)	(24,27)	(24,28)	(24,29)	(25,25)	(25,26)	(25,27)	(25,28)	(25,29)	(26,23)	(26,24)	(26,25)	(26,26)	(27,23)	(27,24)	(27,25)	(28,24)	(29,23)	
(23,25):(23,25)	(23,29)	(24,26)	(24,27)	(24,28)	(24,29)	(25,25)	(25,26)	(25,27)	(25,28)	(25,29)	(25,30)	(26,25)	(26,26)	(26,31)	(27,25)	(28,25)	(28,26)	
(25,25):(23,25)	(23,29)	(24,26)	(24,27)	(24,28)	(24,29)	(24,31)	(25,20)	(25,21)	(25,22)	(25,23)	(25,24)	(25,25)	(25,26)	(25,27)	(25,28)	(25,29)	(25,30)	(26,20)	(26,21)	(26,22)	(26,23)	(26,24)	(26,25)	(26,26)	(26,31)	(27,19)	(27,23)	(27,24)	(27,25)	(28,24)	(28,25)	(28,26)	(29,23)	
(25,24):(21,19)	(21,20)	(21,21)	(22,20)	(22,21)	(22,22)	(22,24)	(23,20)	(23,21)	(23,22)	(23,23)	(24,20)	(24,21)	(24,22)	(24,23)	(25,20)	(25,21)	(25,22)	(25,23)	(25,24)	(25,25)	(25,26)	(25,27)	(25,28)	(25,29)	(25,30)	(26,20)	(26,21)	(26,22)	(26,23)	(26,24)	(26,25)	(26,26)	(26,31)	(27,19)	(27,23)	(27,24)	(27,25)	(28,24)	(28,25)	(28,26)	(29,23)	
(22,24):(22,20)	(22,21)	(22,22)	(22,24)	(23,20)	(23,21)	(23,22)	(23,23)	(24,20)	(24,21)	(24,22)	(24,23)	(25,20)	(25,21)	(25,22)	(25,23)	(25,24)	(26,20)	(26,21)	(26,22)	(26,23)	(26,24)	(27,19)	(27,23)	(27,24)	(28,24)	(29,23)	
(22,22):(15,20)	(16,20)	(18,21)	(18,22)	(19,21)	(20,21)	(21,19)	(21,20)	(21,21)	(22,20)	(22,21)	(22,22)	(22,24)	(23,20)	(23,21)	(23,22)	(23,23)	(24,20)	(24,21)	(24,22)	(24,23)	(25,20)	(25,21)	(25,22)	(25,23)	(25,24)	(26,20)	(26,21)	(26,22)	(26,23)	(26,24)	(27,19)	(27,23)	(27,24)	(27,25)	(28,24)	(28,25)	(28,26)	
(18,22):(18,21)	(18,22)	(19,21)	(20,21)	(21,20)	(21,21)	(22,20)	(22,21)	(22,22)	(23,20)	(23,21)	(23,22)	(24,20)	(24,21)	(24,22)	(25,20)	(25,21)	(25,22)	(26,20)	(26,21)	(26,22)	(27,19)	
(18,21):(14,21)	(15,20)	(16,20)	(18,21)	(18,22)	(19,21)	(20,21)	(21,20)	(21,21)	(22,20)	(22,21)	(22,22)	(23,20)	(23,21)	(23,22)	(24,20)	(24,21)	(24,22)	(25,20)	(25,21)	(25,22)	(26,20)	(26,21)	(26,22)	(26,23)	(27,19)	(27,23)	
(14,21):(14,6)	(14,7)	(14,8)	(14,9)	(14,10)	(14,11)	(14,12)	(14,21)	(15,5)	(15,6)	(15,7)	(15,8)	(15,9)	(15,10)	(15,11)	(15,12)	(15,13)	(15,14)	(15,15)	(15,16)	(15,17)	(15,18)	(15,19)	(15,20)	(16,5)	(16,6)	(16,7)	(16,8)	(16,9)	(16,10)	(16,11)	(16,12)	(16,13)	(16,14)	(16,15)	(16,16)	(16,17)	(16,18)	(16,20)	(17,4)	(17,6)	(17,7)	(17,8)	(17,9)	(17,10)	(17,11)	(17,12)	(17,13)	(17,14)	(17,15)	(17,16)	(18,7)	(18,8)	(18,9)	(18,10)	(18,11)	(18,12)	(18,13)	(18,14)	(18,15)	(18,21)	(19,6)	(19,21)	(20,21)	(21,20)	(21,21)	(22,20)	(22,21)	(23,20)	(23,21)	(24,20)	(24,21)	(25,20)	(25,21)	(26,20)	(26,21)	
(14,12):(3,10)	(4,10)	(5,10)	(6,10)	(8,11)	(9,8)	(9,11)	(9,12)	(10,9)	(10,10)	(10,11)	(10,12)	(11,5)	(11,8)	(11,9)	(11,10)	(11,11)	(11,12)	(12,6)	(12,7)	(12,8)	(12,9)	(12,10)	(12,11)	(12,12)	(13,6)	(13,7)	(13,8)	(13,9)	(13,10)	(13,11)	(13,12)	(14,6)	(14,7)	(14,8)	(14,9)	(14,10)	(14,11)	(14,12)	(14,21)	(15,5)	(15,6)	(15,7)	(15,8)	(15,9)	(15,10)	(15,11)	(15,12)	(15,13)	(15,14)	(15,15)	(15,16)	(15,17)	(15,18)	(15,19)	(15,20)	(16,5)	(16,6)	(16,7)	(16,8)	(16,9)	(16,10)	(16,11)	(16,12)	(16,13)	(16,14)	(16,15)	(16,16)	(16,17)	(16,18)	(16,20)	(17,4)	(17,6)	(17,7)	(17,8)	(17,9)	(17,10)	(17,11)	(17,12)	(17,13)	(17,14)	(17,15)	(17,16)	(17,17)	(18,7)	(18,8)	(18,9)	(18,10)	(18,11)	(18,12)	(18,13)	(18,14)	(18,15)	(18,16)	(18,17)	(19,6)	(19,14)	(19,15)	(19,16)	(19,17)	(20,18)	
(13,12):(3,10)	(4,10)	(5,10)	(6,10)	(8,11)	(8,13)	(9,8)	(9,11)	(9,12)	(10,9)	(10,10)	(10,11)	(10,12)	(11,5)	(11,8)	(11,9)	(11,10)	(11,11)	(11,12)	(12,6)	(12,7)	(12,8)	(12,9)	(12,10)	(12,11)	(12,12)	(12,13)	(12,15)	(13,6)	(13,7)	(13,8)	(13,9)	(13,10)	(13,11)	(13,12)	(13,16)	(14,6)	(14,7)	(14,8)	(14,9)	(14,10)	(14,11)	(14,12)	(15,5)	(15,6)	(15,7)	(15,8)	(15,9)	(15,10)	(15,11)	(15,12)	(16,5)	(16,6)	(16,7)	(16,8)	(16,9)	(16,10)	(16,11)	(16,12)	(17,4)	(17,6)	(17,7)	(17,8)	(17,9)	(17,10)	(17,11)	(17,12)	(18,7)	(18,8)	(18,9)	(18,10)	(18,11)	(18,12)	(19,6)	
(13,16):(3,15)	(4,16)	(5,16)	(11,5)	(11,8)	(11,9)	(11,10)	(12,6)	(12,7)	(12,8)	(12,9)	(12,10)	(12,11)	(12,12)	(12,13)	(12,15)	(13,6)	(13,7)	(13,8)	(13,9)	(13,10)	(13,11)	(13,12)	(13,16)	
(5,16):(3,15)	(3,17)	(4,16)	(5,16)	(5,17)	(12,15)	(13,16)	
(5,17):(3,15)	(3,17)	(4,16)	(5,16)	(5,17)	
(3,17):(3,15)	(3,17)	(4,16)	(5,16)	(5,17)	
(3,15):(3,15)	(3,17)	(4,16)	(5,16)	(5,17)	(12,15)	(13,16)	
(12,15):(3,15)	(4,16)	(5,16)	(12,6)	(12,7)	(12,8)	(12,9)	(12,10)	(12,11)	(12,12)	(12,13)	(12,15)	(13,6)	(13,7)	(13,8)	(13,9)	(13,10)	(13,11)	(13,12)	(13,16)	(14,6)	(14,7)	(14,8)	(14,9)	(15,5)	(15,6)	
(12,13):(6,10)	(8,11)	(8,13)	(9,11)	(9,12)	(10,9)	(10,10)	(10,11)	(10,12)	(11,5)	(11,8)	(11,9)	(11,10)	(11,11)	(11,12)	(12,6)	(12,7)	(12,8)	(12,9)	(12,10)	(12,11)	(12,12)	(12,13)	(12,15)	(13,6)	(13,7)	(13,8)	(13,9)	(13,10)	(13,11)	(13,12)	(13,16)	(14,6)	(14,7)	(14,8)	(14,9)	(14,10)	(14,11)	(15,5)	(15,6)	(15,7)	(15,8)	(15,9)	(15,10)	(16,5)	(16,6)	(16,7)	(16,8)	(16,9)	(17,4)	(17,6)	(17,7)	(17,8)	(18,7)	(19,6)	
(8,13):(8,11)	(8,13)	(9,11)	(9,12)	(10,10)	(10,11)	(10,12)	(11,9)	(11,10)	(11,11)	(11,12)	(12,7)	(12,8)	(12,9)	(12,10)	(12,11)	(12,12)	(12,13)	(13,6)	(13,7)	(13,8)	(13,9)	(13,10)	(13,11)	(13,12)	(14,6)	(14,7)	(14,8)	(14,9)	(14,10)	(14,11)	(15,5)	(15,6)	(15,7)	(15,8)	(15,9)	(15,10)	(15,11)	(16,5)	(16,6)	(16,7)	(16,8)	(16,9)	(16,10)	(16,11)	(17,4)	(17,6)	(17,7)	(17,8)	(17,9)	(17,10)	(17,11)	(18,7)	(18,8)	(18,9)	(18,10)	(18,11)	(19,6)	
(8,11):(2,11)	(3,9)	(3,10)	(4,9)	(4,10)	(5,10)	(6,10)	(8,11)	(8,13)	(9,11)	(9,12)	(10,10)	(10,11)	(10,12)	(11,10)	(11,11)	(11,12)	(12,9)	(12,10)	(12,11)	(12,12)	(12,13)	(13,9)	(13,10)	(13,11)	(13,12)	(14,8)	(14,9)	(14,10)	(14,11)	(14,12)	(15,8)	(15,9)	(15,10)	(15,11)	(15,12)	(16,7)	(16,8)	(16,9)	(16,10)	(16,11)	(16,12)	(17,7)	(17,8)	(17,9)	(17,10)	(17,11)	(17,12)	(18,7)	(18,8)	(18,9)	(18,10)	(18,11)	(18,12)	(19,6)	
(2,11):(2,2)	(2,3)	(2,4)	(2,5)	(2,6)	(2,7)	(2,11)	(3,2)	(3,3)	(3,4)	(3,5)	(3,6)	(3,7)	(3,8)	(3,9)	(3,10)	(4,1)	(4,2)	(4,3)	(4,4)	(4,5)	(4,6)	(4,7)	(4,8)	(4,9)	(4,10)	(5,3)	(5,4)	(5,5)	(5,6)	(5,7)	(5,8)	(5,9)	(5,10)	(6,3)	(6,10)	(8,11)	(9,11)	(10,10)	(10,11)	(11,10)	(11,11)	(12,10)	(12,11)	(13,10)	(13,11)	(14,10)	(14,11)	(15,10)	(15,11)	(16,10)	(16,11)	(17,10)	(17,11)	(18,9)	(18,10)	(18,11)	
(2,7):(1,1)	(1,7)	(2,2)	(2,3)	(2,4)	(2,5)	(2,6)	(2,7)	(2,11)	(3,2)	(3,3)	(3,4)	(3,5)	(3,6)	(3,7)	(3,8)	(3,9)	(3,10)	(4,1)	(4,2)	(4,3)	(4,4)	(4,5)	(4,6)	(4,7)	(4,8)	(4,9)	(4,10)	(5,3)	(5,4)	(5,5)	(5,6)	(5,7)	(5,8)	(5,9)	(5,10)	(6,3)	(6,10)	(7,2)	
(1,7):(1,1)	(1,7)	(2,2)	(2,3)	(2,4)	(2,5)	(2,6)	(2,7)	(3,2)	(3,3)	(3,4)	(3,5)	(3,6)	(3,7)	(4,1)	(4,2)	(4,3)	(4,4)	(4,5)	(4,6)	(4,7)	(5,3)	(5,4)	(5,5)	(5,6)	(5,7)	(6,3)	(7,2)	
(1,1):(1,1)	(1,7)	(2,2)	(2,3)	(2,4)	(2,5)	(2,6)	(2,7)	(3,2)	(3,3)	(3,4)	(3,5)	(3,6)	(3,7)	(3,8)	(3,9)	(3,10)	(4,1)	(4,2)	(4,3)	(4,4)	(4,5)	(4,6)	(4,7)	(4,8)	(4,9)	(4,10)	(5,3)	(5,4)	(5,5)	(5,6)	(5,7)	(5,8)	(5,9)	(5,10)	(6,3)	(6,10)	(7,3)	
(4,1):(1,1)	(1,7)	(2,2)	(2,3)	(2,4)	(2,5)	(2,6)	(2,7)	(2,11)	(3,2)	(3,3)	(3,4)	(3,5)	(3,6)	(3,7)	(3,8)	(3,9)	(3,10)	(4,1)	(4,2)	(4,3)	(4,4)	(4,5)	(4,6)	(4,7)	(4,8)	(4,9)	(4,10)	
(4,2):(1,1)	(1,7)	(2,2)	(2,3)	(2,4)	(2,5)	(2,6)	(2,7)	(2,11)	(3,2)	(3,3)	(3,4)	(3,5)	(3,6)	(3,7)	(3,8)	(3,9)	(3,10)	(4,1)	(4,2)	(4,3)	(4,4)	(4,5)	(4,6)	(4,7)	(4,8)	(4,9)	(4,10)	(5,3)	(5,4)	(5,5)	(5,6)	(5,7)	(5,8)	(5,9)	(5,10)	(6,3)	(6,10)	(7,2)	(7,3)	
(7,2):(1,7)	(2,2)	(2,3)	(2,4)	(2,5)	(2,6)	(2,7)	(3,2)	(3,3)	(3,4)	(3,5)	(3,6)	(4,2)	(4,3)	(4,4)	(4,5)	(5,3)	(5,4)	(6,3)	(7,2)	(7,3)	
(7,3):(1,1)	(2,2)	(2,3)	(3,2)	(3,3)	(4,2)	(4,3)	(5,3)	(6,3)	(7,2)	(7,3)	
(6,3):(1,1)	(1,7)	(2,2)	(2,3)	(2,4)	(2,5)	(2,6)	(2,7)	(2,11)	(3,2)	(3,3)	(3,4)	(3,5)	(3,6)	(3,7)	(3,8)	(3,9)	(3,10)	(4,2)	(4,3)	(4,4)	(4,5)	(4,6)	(4,7)	(4,8)	(4,9)	(4,10)	(5,3)	(5,4)	(5,5)	(5,6)	(5,7)	(5,8)	(5,9)	(5,10)	(6,3)	(6,10)	(7,2)	(7,3)	
(6,10):(1,1)	(2,2)	(2,3)	(2,4)	(2,5)	(2,6)	(2,7)	(2,11)	(3,2)	(3,3)	(3,4)	(3,5)	(3,6)	(3,7)	(3,8)	(3,9)	(3,10)	(4,2)	(4,3)	(4,4)	(4,5)	(4,6)	(4,7)	(4,8)	(4,9)	(4,10)	(5,3)	(5,4)	(5,5)	(5,6)	(5,7)	(5,8)	(5,9)	(5,10)	(6,3)	(6,10)	(8,11)	(9,11)	(10,10)	(10,11)	(10,12)	(11,10)	(11,11)	(11,12)	(12,10)	(12,11)	(12,12)	(12,13)	(13,10)	(13,11)	(13,12)	(14,10)	(14,11)	(14,12)	(15,10)	(15,11)	(15,12)	(16,10)	(16,11)	(16,12)	(17,10)	(17,11)	(17,12)	(18,10)	(18,11)	(18,12)	(18,13)	
(10,10):(2,11)	(3,10)	(4,10)	(5,10)	(6,10)	(8,11)	(8,13)	(9,11)	(9,12)	(10,9)	(10,10)	(10,11)	(10,12)	(11,8)	(11,9)	(11,10)	(11,11)	(11,12)	(12,6)	(12,7)	(12,8)	(12,9)	(12,10)	(12,11)	(12,12)	(12,13)	(13,6)	(13,7)	(13,8)	(13,9)	(13,10)	(13,11)	(13,12)	(14,6)	(14,7)	(14,8)	(14,9)	(14,10)	(14,11)	(14,12)	(15,5)	(15,6)	(15,7)	(15,8)	(15,9)	(15,10)	(15,11)	(15,12)	(16,5)	(16,6)	(16,7)	(16,8)	(16,9)	(16,10)	(16,11)	(16,12)	(16,13)	(17,4)	(17,6)	(17,7)	(17,8)	(17,9)	(17,10)	(17,11)	(17,12)	(17,13)	(18,7)	(18,8)	(18,9)	(18,10)	(18,11)	(18,12)	(18,13)	(18,14)	(19,6)	(19,14)	
(10,9):(9,8)	(9,9)	(10,9)	(10,10)	(10,11)	(10,12)	(11,8)	(11,9)	(11,10)	(11,11)	(11,12)	(12,7)	(12,8)	(12,9)	(12,10)	(12,11)	(12,12)	(12,13)	(13,6)	(13,7)	(13,8)	(13,9)	(13,10)	(13,11)	(13,12)	(14,6)	(14,7)	(14,8)	(14,9)	(14,10)	(14,11)	(14,12)	(15,5)	(15,6)	(15,7)	(15,8)	(15,9)	(15,10)	(15,11)	(15,12)	(16,5)	(16,6)	(16,7)	(16,8)	(16,9)	(16,10)	(16,11)	(16,12)	(16,13)	(17,4)	(17,6)	(17,7)	(17,8)	(17,9)	(17,10)	(17,11)	(17,12)	(17,13)	(17,14)	(18,7)	(18,8)	(18,9)	(18,10)	(18,11)	(18,12)	(18,13)	(18,14)	(18,15)	(19,6)	(19,14)	(19,15)	
(9,9):(9,8)	(9,9)	(10,9)	(11,8)	(11,9)	(12,8)	(12,9)	(13,7)	(13,8)	(13,9)	(14,7)	(14,8)	(14,9)	(15,6)	(15,7)	(15,8)	(15,9)	(16,6)	(16,7)	(16,8)	(16,9)	(17,6)	(17,7)	(17,8)	(17,9)	(18,7)	(18,8)	(18,9)	(19,6)	
(9,8):(9,8)	(9,9)	(10,9)	(11,8)	(11,9)	(11,10)	(12,8)	(12,9)	(12,10)	(12,11)	(13,8)	(13,9)	(13,10)	(13,11)	(13,12)	(14,8)	(14,9)	(14,10)	(14,11)	(14,12)	(15,8)	(15,9)	(15,10)	(15,11)	(15,12)	(16,8)	(16,9)	(16,10)	(16,11)	(16,12)	(16,13)	(17,8)	(17,9)	(17,10)	(17,11)	(17,12)	(17,13)	(17,14)	(18,8)	(18,9)	(18,10)	(18,11)	(18,12)	(18,13)	(18,14)	(18,15)	(19,14)	(19,15)	(19,16)	
(11,8):(9,8)	(9,9)	(9,12)	(10,9)	(10,10)	(10,11)	(10,12)	(11,5)	(11,8)	(11,9)	(11,10)	(11,11)	(11,12)	(12,6)	(12,7)	(12,8)	(12,9)	(12,10)	(12,11)	(12,12)	(12,13)	(13,6)	(13,7)	(13,8)	(13,9)	(13,10)	(13,11)	(13,12)	(13,16)	(14,6)	(14,7)	(14,8)	(14,9)	(14,10)	(14,11)	(14,12)	(15,5)	(15,6)	(15,7)	(15,8)	(15,9)	(15,10)	(15,11)	(15,12)	(15,13)	(16,5)	(16,6)	(16,7)	(16,8)	(16,9)	(16,10)	(16,11)	(16,12)	(16,13)	(16,14)	(17,4)	(17,6)	(17,7)	(17,8)	(17,9)	(17,10)	(17,11)	(17,12)	(17,13)	(17,14)	(17,15)	(17,16)	(18,7)	(18,8)	(18,9)	(18,10)	(18,11)	(18,12)	(18,13)	(18,14)	(18,15)	(18,16)	(18,17)	(19,6)	(19,14)	(19,15)	(19,16)	(19,17)	(20,18)	
(11,5):(11,5)	(11,8)	(11,9)	(11,10)	(11,11)	(11,12)	(12,6)	(12,7)	(12,8)	(12,9)	(12,10)	(12,11)	(12,12)	(12,13)	(13,6)	(13,7)	(13,8)	(13,9)	(13,10)	(13,11)	(13,12)	(13,16)	(14,6)	(14,7)	(14,8)	(14,9)	(14,10)	(14,11)	(14,12)	(15,5)	(15,6)	(15,7)	(15,8)	(15,9)	(15,10)	(15,11)	(15,12)	(15,13)	(15,14)	(16,5)	(16,6)	(16,7)	(16,8)	(16,9)	(16,10)	(16,11)	(16,12)	(16,13)	(16,14)	(16,15)	(16,16)	(17,6)	(17,7)	(17,8)	(17,9)	(17,10)	(17,11)	(17,12)	(17,13)	(17,14)	(17,15)	(17,16)	(17,17)	(18,7)	(18,8)	(18,9)	(18,10)	(18,11)	(18,12)	(18,13)	(18,14)	(18,15)	(18,16)	(18,17)	(19,14)	(19,15)	(19,16)	(19,17)	(20,18)	
(15,5):(8,13)	(9,11)	(9,12)	(10,9)	(10,10)	(10,11)	(10,12)	(11,5)	(11,8)	(11,9)	(11,10)	(11,11)	(11,12)	(12,6)	(12,7)	(12,8)	(12,9)	(12,10)	(12,11)	(12,12)	(12,13)	(12,15)	(13,6)	(13,7)	(13,8)	(13,9)	(13,10)	(13,11)	(13,12)	(14,6)	(14,7)	(14,8)	(14,9)	(14,10)	(14,11)	(14,12)	(14,21)	(15,4)	(15,5)	(15,6)	(15,7)	(15,8)	(15,9)	(15,10)	(15,11)	(15,12)	(15,13)	(15,14)	(15,15)	(15,16)	(15,17)	(15,18)	(15,19)	(15,20)	(16,5)	(16,6)	(16,7)	(16,8)	(16,9)	(16,10)	(16,11)	(16,12)	(16,13)	(16,14)	(16,15)	(16,16)	(16,17)	(16,18)	(16,20)	(17,4)	(17,6)	(17,7)	(17,8)	(17,9)	(17,10)	(17,11)	(17,12)	(17,13)	(17,14)	(17,15)	(17,16)	(17,17)	(18,7)	(18,8)	(18,9)	(18,10)	(18,11)	(18,12)	(18,13)	(18,14)	(18,15)	(18,16)	(18,17)	(19,14)	(19,15)	(19,16)	(19,17)	(20,18)	
(15,4):(15,4)	(15,5)	(15,6)	(15,7)	(15,8)	(15,9)	(15,10)	(15,11)	(15,12)	(15,13)	(15,14)	(15,15)	(15,16)	(15,17)	(15,18)	(15,19)	(15,20)	(16,5)	(16,6)	(16,7)	(16,8)	(16,9)	(16,10)	(16,11)	(16,12)	(16,13)	(16,14)	(16,15)	(16,16)	(16,17)	(16,18)	(16,20)	(17,4)	(17,6)	(17,7)	(17,8)	(17,9)	(17,10)	(17,11)	(17,12)	(17,13)	(17,14)	(17,15)	(17,16)	(17,17)	(18,7)	(18,8)	(18,9)	(18,10)	(18,11)	(18,12)	(18,13)	(18,14)	(18,15)	(18,16)	(18,17)	(19,14)	(19,15)	(19,16)	(19,17)	(20,18)	
(17,4):(8,13)	(9,11)	(9,12)	(10,9)	(10,10)	(10,11)	(10,12)	(11,8)	(11,9)	(11,10)	(11,11)	(11,12)	(12,7)	(12,8)	(12,9)	(12,10)	(12,11)	(12,12)	(12,13)	(13,6)	(13,7)	(13,8)	(13,9)	(13,10)	(13,11)	(13,12)	(14,6)	(14,7)	(14,8)	(14,9)	(14,10)	(14,11)	(14,12)	(14,21)	(15,4)	(15,5)	(15,6)	(15,7)	(15,8)	(15,9)	(15,10)	(15,11)	(15,12)	(15,13)	(15,14)	(15,15)	(15,16)	(15,17)	(15,18)	(15,19)	(15,20)	(16,5)	(16,6)	(16,7)	(16,8)	(16,9)	(16,10)	(16,11)	(16,12)	(16,13)	(16,14)	(16,15)	(16,16)	(16,17)	(16,18)	(17,4)	(17,6)	(17,7)	(17,8)	(17,9)	(17,10)	(17,11)	(17,12)	(17,13)	(17,14)	(17,15)	(17,16)	(17,17)	
(17,6):(8,13)	(9,9)	(9,11)	(9,12)	(10,9)	(10,10)	(10,11)	(10,12)	(11,5)	(11,8)	(11,9)	(11,10)	(11,11)	(11,12)	(12,6)	(12,7)	(12,8)	(12,9)	(12,10)	(12,11)	(12,12)	(12,13)	(13,6)	(13,7)	(13,8)	(13,9)	(13,10)	(13,11)	(13,12)	(14,6)	(14,7)	(14,8)	(14,9)	(14,10)	(14,11)	(14,12)	(14,21)	(15,4)	(15,5)	(15,6)	(15,7)	(15,8)	(15,9)	(15,10)	(15,11)	(15,12)	(15,13)	(15,14)	(15,15)	(15,16)	(15,17)	(15,18)	(15,19)	(15,20)	(16,5)	(16,6)	(16,7)	(16,8)	(16,9)	(16,10)	(16,11)	(16,12)	(16,13)	(16,14)	(16,15)	(16,16)	(16,17)	(16,18)	(17,4)	(17,6)	(17,7)	(17,8)	(17,9)	(17,10)	(17,11)	(17,12)	(17,13)	(17,14)	(17,15)	(17,16)	(17,17)	(18,7)	(18,8)	(18,9)	(18,10)	(18,11)	(18,12)	(18,13)	(18,14)	(18,15)	(18,16)	(18,17)	(19,6)	(19,14)	(19,15)	(19,16)	(19,17)	(20,18)	
(19,6):(8,11)	(8,13)	(9,9)	(9,11)	(9,12)	(10,9)	(10,10)	(10,11)	(10,12)	(11,8)	(11,9)	(11,10)	(11,11)	(11,12)	(12,6)	(12,7)	(12,8)	(12,9)	(12,10)	(12,11)	(12,12)	(12,13)	(13,6)	(13,7)	(13,8)	(13,9)	(13,10)	(13,11)	(13,12)	(14,6)	(14,7)	(14,8)	(14,9)	(14,10)	(14,11)	(14,12)	(14,21)	(15,6)	(15,7)	(15,8)	(15,9)	(15,10)	(15,11)	(15,12)	(15,13)	(15,14)	(15,15)	(15,16)	(15,17)	(15,18)	(15,19)	(15,20)	(16,6)	(16,7)	(16,8)	(16,9)	(16,10)	(16,11)	(16,12)	(16,13)	(16,14)	(16,15)	(16,16)	(16,17)	(16,18)	(17,6)	(17,7)	(17,8)	(17,9)	(17,10)	(17,11)	(17,12)	(17,13)	(17,14)	(17,15)	(17,16)	(17,17)	(18,7)	(18,8)	(18,9)	(18,10)	(18,11)	(18,12)	(18,13)	(18,14)	(18,15)	(18,16)	(18,17)	(19,6)	(19,14)	(19,15)	(19,16)	(19,17)	
(19,14):(9,8)	(10,9)	(10,10)	(11,5)	(11,8)	(11,9)	(11,10)	(12,6)	(12,7)	(12,8)	(12,9)	(12,10)	(12,11)	(13,6)	(13,7)	(13,8)	(13,9)	(13,10)	(13,11)	(14,6)	(14,7)	(14,8)	(14,9)	(14,10)	(14,11)	(14,12)	(15,4)	(15,5)	(15,6)	(15,7)	(15,8)	(15,9)	(15,10)	(15,11)	(15,12)	(15,13)	(15,14)	(15,15)	(15,16)	(15,17)	(15,18)	(15,19)	(16,5)	(16,6)	(16,7)	(16,8)	(16,9)	(16,10)	(16,11)	(16,12)	(16,13)	(16,14)	(16,15)	(16,16)	(16,17)	(16,18)	(17,6)	(17,7)	(17,8)	(17,9)	(17,10)	(17,11)	(17,12)	(17,13)	(17,14)	(17,15)	(17,16)	(17,17)	(18,7)	(18,8)	(18,9)	(18,10)	(18,11)	(18,12)	(18,13)	(18,14)	(18,15)	(18,16)	(18,17)	(19,6)	(19,14)	(19,15)	(19,16)	(19,17)	(20,14)	(20,18)	
(20,14):(15,14)	(15,15)	(15,16)	(15,17)	(15,18)	(15,19)	(16,14)	(16,15)	(16,16)	(16,17)	(16,18)	(17,14)	(17,15)	(17,16)	(17,17)	(18,14)	(18,15)	(18,16)	(18,17)	(19,14)	(19,15)	(19,16)	(19,17)	(20,14)	(20,18)	
(20,18):(11,5)	(11,8)	(11,9)	(12,6)	(12,7)	(12,8)	(12,9)	(12,10)	(13,6)	(13,7)	(13,8)	(13,9)	(13,10)	(13,11)	(14,6)	(14,7)	(14,8)	(14,9)	(14,10)	(14,11)	(14,12)	(15,4)	(15,5)	(15,6)	(15,7)	(15,8)	(15,9)	(15,10)	(15,11)	(15,12)	(15,13)	(15,14)	(15,15)	(15,16)	(15,17)	(15,18)	(16,5)	(16,6)	(16,7)	(16,8)	(16,9)	(16,10)	(16,11)	(16,12)	(16,13)	(16,14)	(16,15)	(16,16)	(16,17)	(16,18)	(17,6)	(17,7)	(17,8)	(17,9)	(17,10)	(17,11)	(17,12)	(17,13)	(17,14)	(17,15)	(17,16)	(17,17)	(18,10)	(18,11)	(18,12)	(18,13)	(18,14)	(18,15)	(18,16)	(18,17)	(19,14)	(19,15)	(19,16)	(19,17)	(20,14)	(20,18)	
(16,18):(12,6)	(13,6)	(13,7)	(13,8)	(13,9)	(14,6)	(14,7)	(14,8)	(14,9)	(14,10)	(14,11)	(14,12)	(14,21)	(15,4)	(15,5)	(15,6)	(15,7)	(15,8)	(15,9)	(15,10)	(15,11)	(15,12)	(15,13)	(15,14)	(15,15)	(15,16)	(15,17)	(15,18)	(15,19)	(15,20)	(16,5)	(16,6)	(16,7)	(16,8)	(16,9)	(16,10)	(16,11)	(16,12)	(16,13)	(16,14)	(16,15)	(16,16)	(16,17)	(16,18)	(16,20)	(17,4)	(17,6)	(17,7)	(17,8)	(17,9)	(17,10)	(17,11)	(17,12)	(17,13)	(17,14)	(17,15)	(17,16)	(17,17)	(18,7)	(18,8)	(18,9)	(18,10)	(18,11)	(18,12)	(18,13)	(18,14)	(18,15)	(18,16)	(18,17)	(19,6)	(19,14)	(19,15)	(19,16)	(19,17)	(20,14)	(20,18)	
(16,20):(13,6)	(13,7)	(13,8)	(14,6)	(14,7)	(14,8)	(14,9)	(14,10)	(14,11)	(14,12)	(14,21)	(15,4)	(15,5)	(15,6)	(15,7)	(15,8)	(15,9)	(15,10)	(15,11)	(15,12)	(15,13)	(15,14)	(15,15)	(15,16)	(15,17)	(15,18)	(15,19)	(15,20)	(16,5)	(16,6)	(16,7)	(16,8)	(16,9)	(16,10)	(16,11)	(16,12)	(16,13)	(16,14)	(16,15)	(16,16)	(16,17)	(16,18)	(16,20)	(18,21)	(19,21)	(20,21)	(21,20)	(21,21)	(22,20)	(22,21)	(22,22)	(23,20)	(23,21)	(23,22)	(24,20)	(24,21)	(24,22)	(25,20)	(25,21)	(25,22)	(25,23)	(26,20)	(26,21)	(26,22)	(26,23)	(27,23)	(28,24)	
(21,20):(14,21)	(15,20)	(16,20)	(18,21)	(18,22)	(19,21)	(20,21)	(21,19)	(21,20)	(21,21)	(22,20)	(22,21)	(22,22)	(23,20)	(23,21)	(23,22)	(23,23)	(24,20)	(24,21)	(24,22)	(24,23)	(25,20)	(25,21)	(25,22)	(25,23)	(25,24)	(26,20)	(26,21)	(26,22)	(26,23)	(26,24)	(26,25)	(27,19)	(27,23)	(27,24)	(27,25)	(28,24)	(28,25)	(28,26)	
(21,19):(21,19)	(21,20)	(21,21)	(22,20)	(22,21)	(22,22)	(23,20)	(23,21)	(23,22)	(23,23)	(24,20)	(24,21)	(24,22)	(24,23)	(25,20)	(25,21)	(25,22)	(25,23)	(25,24)	(26,20)	(26,21)	(26,22)	(26,23)	(26,24)	(26,25)	(27,19)	(27,23)	(27,24)	(27,25)	(28,24)	(28,25)	(28,26)	(29,27)	
(27,19):(18,21)	(18,22)	(19,21)	(20,21)	(21,19)	(21,20)	(21,21)	(22,20)	(22,21)	(22,22)	(22,24)	(23,20)	(23,21)	(23,22)	(23,23)	(24,20)	(24,21)	(24,22)	(24,23)	(24,28)	(24,29)	(24,31)	(25,20)	(25,21)	(25,22)	(25,23)	(25,24)	(25,25)	(25,26)	(25,27)	(25,28)	(25,29)	(25,30)	(26,20)	(26,21)	(26,22)	(26,23)	(26,24)	(26,25)	(26,26)	(27,19)	(27,23)	(27,24)	(27,25)	
(27,23):(15,20)	(16,20)	(18,21)	(19,21)	(20,21)	(21,19)	(21,20)	(21,21)	(22,20)	(22,21)	(22,22)	(22,24)	(23,20)	(23,21)	(23,22)	(23,23)	(23,29)	(24,20)	(24,21)	(24,22)	(24,23)	(24,26)	(24,27)	(24,28)	(24,29)	(24,31)	(25,20)	(25,21)	(25,22)	(25,23)	(25,24)	(25,25)	(25,26)	(25,27)	(25,28)	(25,29)	(26,20)	(26,21)	(26,22)	(26,23)	(26,24)	(26,25)	(26,26)	(27,19)	(27,23)	(27,24)	(27,25)	(28,24)	(28,25)	(28,26)	(29,23)	(29,27)	(29,28)	(29,29)	(30,29)	
(29,23):(22,24)	(23,23)	(23,29)	(24,23)	(24,26)	(24,27)	(24,28)	(25,23)	(25,24)	(25,25)	(25,26)	(25,27)	(26,23)	(26,24)	(26,25)	(26,26)	(27,23)	(27,24)	(27,25)	(28,24)	(28,25)	(28,26)	(28,30)	(29,23)	(29,27)	(29,28)	(29,29)	
(29,27):(21,19)	(22,20)	(23,20)	(23,21)	(24,20)	(24,21)	(24,22)	(25,20)	(25,21)	(25,22)	(25,23)	(26,21)	(26,22)	(26,23)	(26,24)	(27,23)	(27,24)	(27,25)	(28,24)	(28,25)	(28,26)	(28,30)	(29,23)	(29,27)	(29,28)	(29,29)	(30,27)	(30,28)	(30,29)	(31,30)	
(30,27):(28,30)	(29,27)	(29,28)	(29,29)	(30,27)	(30,28)	(30,29)	
(30,28):(28,26)	(28,30)	(29,27)	(29,28)	(29,29)	(30,27)	(30,28)	(30,29)	(31,28)	(31,30)	
(31,28):(28,30)	(29,28)	(29,29)	(30,28)	(30,29)	(31,28)	(31,30)	
(31,30):(24,20)	(25,21)	(25,22)	(26,23)	(27,24)	(28,26)	(28,30)	(29,27)	(29,28)	(29,29)	(30,28)	(30,29)	(31,28)	(31,30)	
(28,30):12.000000
(28,26):43.333332
(26,26):41.250000
(26,31):23.285715
(24,31):20.799999
(24,29):24.500000
(23,29):18.500000
(23,25):18.600000
(25,25):35.166668
(25,24):44.333332
(22,24):27.000000
(22,22):43.599998
(18,22):23.250000
(18,21):31.180555
(14,21):77.790176
(14,12):109.478569
(13,12):77.209526
(13,16):27.166666
(5,16):12.071428
(5,17):4.000000
(3,17):5.000000
(3,15):12.000000
(12,15):28.802382
(12,13):55.062500
(8,13):59.629166
(8,11):59.333332
(2,11):56.312500
(2,7):45.166668
(1,7):28.600000
(1,1):42.444443
(4,1):26.000000
(4,2):45.125000
(7,2):18.000000
(7,3):7.500000
(6,3):44.000000
(6,10):71.875000
(10,10):79.777779
(10,9):71.097221
(9,9):23.000000
(9,8):44.599998
(11,8):87.808334
(11,5):83.827377
(15,5):105.439285
(15,4):55.781250
(17,4):74.714287
(17,6):105.565475
(19,6):95.000000
(19,14):93.888885
(20,14):26.000000
(20,18):77.500000
(16,18):83.166664
(16,20):63.746212
(21,20):44.428570
(21,19):34.900002
(27,19):45.880951
(27,23):57.584343
(29,23):24.500000
(29,27):28.000000
(30,27):6.000000
(30,28):8.500000
(31,28):6.000000
(31,30):12.791667
(28,30),(28,26):11.000000
(28,30),(26,26):3.000000
(28,30),(26,31):0.000000
(28,30),(24,31):0.000000
(28,30),(24,29):0.000000
(28,30),(23,29):0.500000
(28,30),(23,25):1.100000
(28,30),(25,25):3.166667
(28,30),(25,24):3.333333
(28,30),(22,24):1.000000
(28,30),(22,22):3.033333
(28,30),(18,22):0.000000
(28,30),(18,21):0.291667
(28,30),(14,21):0.000000
(28,30),(14,12):0.000000
(28,30),(13,12):0.000000
(28,30),(13,16):0.000000
(28,30),(5,16):0.000000
(28,30),(5,17):0.000000
(28,30),(3,17):0.000000
(28,30),(3,15):0.000000
(28,30),(12,15):0.000000
(28,30),(12,13):0.000000
(28,30),(8,13):0.000000
(28,30),(8,11):0.000000
(28,30),(2,11):0.000000
(28,30),(2,7):0.000000
(28,30),(1,7):0.000000
(28,30),(1,1):0.000000
(28,30),(4,1):0.000000
(28,30),(4,2):0.000000
(28,30),(7,2):0.000000
(28,30),(7,3):0.000000
(28,30),(6,3):0.000000
(28,30),(6,10):0.000000
(28,30),(10,10):0.000000
(28,30),(10,9):0.000000
(28,30),(9,9):0.000000
(28,30),(9,8):0.000000
(28,30),(11,8):0.000000
(28,30),(11,5):0.000000
(28,30),(15,5):0.000000
(28,30),(15,4):0.000000
(28,30),(17,4):0.000000
(28,30),(17,6):0.000000
(28,30),(19,6):0.000000
(28,30),(19,14):0.000000
(28,30),(20,14):0.000000
(28,30),(20,18):0.000000
(28,30),(16,18):0.000000
(28,30),(16,20):0.757576
(28,30),(21,20):2.678571
(28,30),(21,19):2.500000
(28,30),(27,19):0.000000
(28,30),(27,23):6.583333
(28,30),(29,23):7.000000
(28,30),(29,27):11.500000
(28,30),(30,27):6.000000
(28,30),(30,28):8.500000
(28,30),(31,28):6.000000
(28,30),(31,30):8.500000
(28,26),(26,26):25.583334
(28,26),(26,31):10.619047
(28,26),(24,31):8.244445
(28,26),(24,29):9.428572
(28,26),(23,29):9.100000
(28,26),(23,25):6.100000
(28,26),(25,25):19.500000
(28,26),(25,24):33.666668
(28,26),(22,24):21.333334
(28,26),(22,22):30.266666
(28,26),(18,22):15.750000
(28,26),(18,21):18.513889
(28,26),(14,21):8.121212
(28,26),(14,12):0.000000
(28,26),(13,12):0.000000
(28,26),(13,16):0.000000
(28,26),(5,16):0.000000
(28,26),(5,17):0.000000
(28,26),(3,17):0.000000
(28,26),(3,15):0.000000
(28,26),(12,15):0.000000
(28,26),(12,13):0.000000
(28,26),(8,13):0.000000
(28,26),(8,11):0.000000
(28,26),(2,11):0.000000
(28,26),(2,7):0.000000
(28,26),(1,7):0.000000
(28,26),(1,1):0.000000
(28,26),(4,1):0.000000
(28,26),(4,2):0.000000
(28,26),(7,2):0.000000
(28,26),(7,3):0.000000
(28,26),(6,3):0.000000
(28,26),(6,10):0.000000
(28,26),(10,10):0.000000
(28,26),(10,9):0.000000
(28,26),(9,9):0.000000
(28,26),(9,8):0.000000
(28,26),(11,8):0.000000
(28,26),(11,5):0.000000
(28,26),(15,5):0.000000
(28,26),(15,4):0.000000
(28,26),(17,4):0.000000
(28,26),(17,6):0.000000
(28,26),(19,6):0.000000
(28,26),(19,14):0.000000
(28,26),(20,14):0.000000
(28,26),(20,18):0.000000
(28,26),(16,18):0.000000
(28,26),(16,20):17.121212
(28,26),(21,20):30.761906
(28,26),(21,19):29.566668
(28,26),(27,19):27.233334
(28,26),(27,23):37.416668
(28,26),(29,23):17.750000
(28,26),(29,27):27.500000
(28,26),(30,27):5.500000
(28,26),(30,28):7.500000
(28,26),(31,28):5.500000
(28,26),(31,30):12.041667
(26,26),(26,31):23.285715
(26,26),(24,31):20.799999
(26,26),(24,29):24.500000
(26,26),(23,29):18.500000
(26,26),(23,25):18.500000
(26,26),(25,25):35.000000
(26,26),(25,24):31.250000
(26,26),(22,24):18.250000
(26,26),(22,22):22.850000
(26,26),(18,22):11.250000
(26,26),(18,21):14.037699
(26,26),(14,21):6.054762
(26,26),(14,12):0.000000
(26,26),(13,12):0.000000
(26,26),(13,16):0.000000
(26,26),(5,16):0.000000
(26,26),(5,17):0.000000
(26,26),(3,17):0.000000
(26,26),(3,15):0.000000
(26,26),(12,15):0.000000
(26,26),(12,13):0.000000
(26,26),(8,13):0.000000
(26,26),(8,11):0.000000
(26,26),(2,11):0.000000
(26,26),(2,7):0.000000
(26,26),(1,7):0.000000
(26,26),(1,1):0.000000
(26,26),(4,1):0.000000
(26,26),(4,2):0.000000
(26,26),(7,2):0.000000
(26,26),(7,3):0.000000
(26,26),(6,3):0.000000
(26,26),(6,10):0.000000
(26,26),(10,10):0.000000
(26,26),(10,9):0.000000
(26,26),(9,9):0.000000
(26,26),(9,8):0.000000
(26,26),(11,8):0.000000
(26,26),(11,5):0.000000
(26,26),(15,5):0.000000
(26,26),(15,4):0.000000
(26,26),(17,4):0.000000
(26,26),(17,6):0.000000
(26,26),(19,6):0.000000
(26,26),(19,14):0.000000
(26,26),(20,14):0.000000
(26,26),(20,18):0.000000
(26,26),(16,18):0.000000
(26,26),(16,20):11.821212
(26,26),(21,20):23.250000
(26,26),(21,19):23.316668
(26,26),(27,19):28.130953
(26,26),(27,23):35.083332
(26,26),(29,23):17.750000
(26,26),(29,27):17.250000
(26,26),(30,27):0.000000
(26,26),(30,28):0.000000
(26,26),(31,28):0.000000
(26,26),(31,30):4.375000
(26,31),(24,31):15.000000
(26,31),(24,29):17.500000
(26,31),(23,29):12.500000
(26,31),(23,25):15.000000
(26,31),(25,25):21.500000
(26,31),(25,24):13.785714
(26,31),(22,24):6.785714
(26,31),(22,22):7.119048
(26,31),(18,22):4.500000
(26,31),(18,21):5.544973
(26,31),(14,21):2.462857
(26,31),(14,12):0.000000
(26,31),(13,12):0.000000
(26,31),(13,16):0.000000
(26,31),(5,16):0.000000
(26,31),(5,17):0.000000
(26,31),(3,17):0.000000
(26,31),(3,15):0.000000
(26,31),(12,15):0.000000
(26,31),(12,13):0.000000
(26,31),(8,13):0.000000
(26,31),(8,11):0.000000
(26,31),(2,11):0.000000
(26,31),(2,7):0.000000
(26,31),(1,7):0.000000
(26,31),(1,1):0.000000
(26,31),(4,1):0.000000
(26,31),(4,2):0.000000
(26,31),(7,2):0.000000
(26,31),(7,3):0.000000
(26,31),(6,3):0.000000
(26,31),(6,10):0.000000
(26,31),(10,10):0.000000
(26,31),(10,9):0.000000
(26,31),(9,9):0.000000
(26,31),(9,8):0.000000
(26,31),(11,8):0.000000
(26,31),(11,5):0.000000
(26,31),(15,5):0.000000
(26,31),(15,4):0.000000
(26,31),(17,4):0.000000
(26,31),(17,6):0.000000
(26,31),(19,6):0.000000
(26,31),(19,14):0.000000
(26,31),(20,14):0.000000
(26,31),(20,18):0.000000
(26,31),(16,18):0.000000
(26,31),(16,20):4.234524
(26,31),(21,20):7.285714
(26,31),(21,19):7.410714
(26,31),(27,19):16.625000
(26,31),(27,23):17.119047
(26,31),(29,23):8.321428
(26,31),(29,27):5.202381
(26,31),(30,27):0.000000
(26,31),(30,28):0.000000
(26,31),(31,28):0.000000
(26,31),(31,30):1.381907
(24,31),(24,29):19.299999
(24,31),(23,29):11.800000
(24,31),(23,25):11.700000
(24,31),(25,25):20.799999
(24,31),(25,24):14.800000
(24,31),(22,24):7.083333
(24,31),(22,22):7.923928
(24,31),(18,22):3.750000
(24,31),(18,21):5.439555
(24,31),(14,21):2.112079
(24,31),(14,12):0.000000
(24,31),(13,12):0.000000
(24,31),(13,16):0.000000
(24,31),(5,16):0.000000
(24,31),(5,17):0.000000
(24,31),(3,17):0.000000
(24,31),(3,15):0.000000
(24,31),(12,15):0.000000
(24,31),(12,13):0.000000
(24,31),(8,13):0.000000
(24,31),(8,11):0.000000
(24,31),(2,11):0.000000
(24,31),(2,7):0.000000
(24,31),(1,7):0.000000
(24,31),(1,1):0.000000
(24,31),(4,1):0.000000
(24,31),(4,2):0.000000
(24,31),(7,2):0.000000
(24,31),(7,3):0.000000
(24,31),(6,3):0.000000
(24,31),(6,10):0.000000
(24,31),(10,10):0.000000
(24,31),(10,9):0.000000
(24,31),(9,9):0.000000
(24,31),(9,8):0.000000
(24,31),(11,8):0.000000
(24,31),(11,5):0.000000
(24,31),(15,5):0.000000
(24,31),(15,4):0.000000
(24,31),(17,4):0.000000
(24,31),(17,6):0.000000
(24,31),(19,6):0.000000
(24,31),(19,14):0.000000
(24,31),(20,14):0.000000
(24,31),(20,18):0.000000
(24,31),(16,18):0.000000
(24,31),(16,20):4.939303
(24,31),(21,20):8.220238
(24,31),(21,19):8.408440
(24,31),(27,19):17.464285
(24,31),(27,23):16.133333
(24,31),(29,23):7.216667
(24,31),(29,27):3.764286
(24,31),(30,27):0.000000
(24,31),(30,28):0.000000
(24,31),(31,28):0.000000
(24,31),(31,30):1.067350
(24,29),(23,29):17.000000
(24,29),(23,25):15.833333
(24,29),(25,25):24.500000
(24,29),(25,24):14.500000
(24,29),(22,24):6.291667
(24,29),(22,22):7.441985
(24,29),(18,22):2.625000
(24,29),(18,21):4.302385
(24,29),(14,21):1.404762
(24,29),(14,12):0.000000
(24,29),(13,12):0.000000
(24,29),(13,16):0.000000
(24,29),(5,16):0.000000
(24,29),(5,17):0.000000
(24,29),(3,17):0.000000
(24,29),(3,15):0.000000
(24,29),(12,15):0.000000
(24,29),(12,13):0.000000
(24,29),(8,13):0.000000
(24,29),(8,11):0.000000
(24,29),(2,11):0.000000
(24,29),(2,7):0.000000
(24,29),(1,7):0.000000
(24,29),(1,1):0.000000
(24,29),(4,1):0.000000
(24,29),(4,2):0.000000
(24,29),(7,2):0.000000
(24,29),(7,3):0.000000
(24,29),(6,3):0.000000
(24,29),(6,10):0.000000
(24,29),(10,10):0.000000
(24,29),(10,9):0.000000
(24,29),(9,9):0.000000
(24,29),(9,8):0.000000
(24,29),(11,8):0.000000
(24,29),(11,5):0.000000
(24,29),(15,5):0.000000
(24,29),(15,4):0.000000
(24,29),(17,4):0.000000
(24,29),(17,6):0.000000
(24,29),(19,6):0.000000
(24,29),(19,14):0.000000
(24,29),(20,14):0.000000
(24,29),(20,18):0.000000
(24,29),(16,18):0.000000
(24,29),(16,20):4.448427
(24,29),(21,20):7.712500
(24,29),(21,19):7.887196
(24,29),(27,19):16.630953
(24,29),(27,23):18.333334
(24,29),(29,23):11.000000
(24,29),(29,27):4.100000
(24,29),(30,27):0.000000
(24,29),(30,28):0.000000
(24,29),(31,28):0.000000
(24,29),(31,30):1.092636
(23,29),(23,25):12.500000
(23,29),(25,25):18.500000
(23,29),(25,24):10.500000
(23,29),(22,24):3.750000
(23,29),(22,22):5.154167
(23,29),(18,22):0.250000
(23,29),(18,21):1.536364
(23,29),(14,21):0.000000
(23,29),(14,12):0.000000
(23,29),(13,12):0.000000
(23,29),(13,16):0.000000
(23,29),(5,16):0.000000
(23,29),(5,17):0.000000
(23,29),(3,17):0.000000
(23,29),(3,15):0.000000
(23,29),(12,15):0.000000
(23,29),(12,13):0.000000
(23,29),(8,13):0.000000
(23,29),(8,11):0.000000
(23,29),(2,11):0.000000
(23,29),(2,7):0.000000
(23,29),(1,7):0.000000
(23,29),(1,1):0.000000
(23,29),(4,1):0.000000
(23,29),(4,2):0.000000
(23,29),(7,2):0.000000
(23,29),(7,3):0.000000
(23,29),(6,3):0.000000
(23,29),(6,10):0.000000
(23,29),(10,10):0.000000
(23,29),(10,9):0.000000
(23,29),(9,9):0.000000
(23,29),(9,8):0.000000
(23,29),(11,8):0.000000
(23,29),(11,5):0.000000
(23,29),(15,5):0.000000
(23,29),(15,4):0.000000
(23,29),(17,4):0.000000
(23,29),(17,6):0.000000
(23,29),(19,6):0.000000
(23,29),(19,14):0.000000
(23,29),(20,14):0.000000
(23,29),(20,18):0.000000
(23,29),(16,18):0.000000
(23,29),(16,20):2.428571
(23,29),(21,20):5.250000
(23,29),(21,19):5.353846
(23,29),(27,19):10.523809
(23,29),(27,23):15.000000
(23,29),(29,23):12.000000
(23,29),(29,27):4.166667
(23,29),(30,27):0.000000
(23,29),(30,28):0.000000
(23,29),(31,28):0.000000
(23,29),(31,30):0.907143
(23,25),(25,25):18.600000
(23,25),(25,24):9.100000
(23,25),(22,24):0.000000
(23,25),(22,22):1.850000
(23,25),(18,22):0.000000
(23,25),(18,21):0.000000
(23,25),(14,21):0.000000
(23,25),(14,12):0.000000
(23,25),(13,12):0.000000
(23,25),(13,16):0.000000
(23,25),(5,16):0.000000
(23,25),(5,17):0.000000
(23,25),(3,17):0.000000
(23,25),(3,15):0.000000
(23,25),(12,15):0.000000
(23,25),(12,13):0.000000
(23,25),(8,13):0.000000
(23,25),(8,11):0.000000
(23,25),(2,11):0.000000
(23,25),(2,7):0.000000
(23,25),(1,7):0.000000
(23,25),(1,1):0.000000
(23,25),(4,1):0.000000
(23,25),(4,2):0.000000
(23,25),(7,2):0.000000
(23,25),(7,3):0.000000
(23,25),(6,3):0.000000
(23,25),(6,10):0.000000
(23,25),(10,10):0.000000
(23,25),(10,9):0.000000
(23,25),(9,9):0.000000
(23,25),(9,8):0.000000
(23,25),(11,8):0.000000
(23,25),(11,5):0.000000
(23,25),(15,5):0.000000
(23,25),(15,4):0.000000
(23,25),(17,4):0.000000
(23,25),(17,6):0.000000
(23,25),(19,6):0.000000
(23,25),(19,14):0.000000
(23,25),(20,14):0.000000
(23,25),(20,18):0.000000
(23,25),(16,18):0.000000
(23,25),(16,20):0.000000
(23,25),(21,20):2.600000
(23,25),(21,19):2.900000
(23,25),(27,19):9.380953
(23,25),(27,23):12.457143
(23,25),(29,23):9.600000
(23,25),(29,27):1.600000
(23,25),(30,27):0.000000
(23,25),(30,28):0.000000
(23,25),(31,28):0.000000
(23,25),(31,30):0.387821
(25,25),(25,24):25.166666
(25,25),(22,24):12.000000
(25,25),(22,22):16.766666
(25,25),(18,22):6.000000
(25,25),(18,21):8.555555
(25,25),(14,21):3.428571
(25,25),(14,12):0.000000
(25,25),(13,12):0.000000
(25,25),(13,16):0.000000
(25,25),(5,16):0.000000
(25,25),(5,17):0.000000
(25,25),(3,17):0.000000
(25,25),(3,15):0.000000
(25,25),(12,15):0.000000
(25,25),(12,13):0.000000
(25,25),(8,13):0.000000
(25,25),(8,11):0.000000
(25,25),(2,11):0.000000
(25,25),(2,7):0.000000
(25,25),(1,7):0.000000
(25,25),(1,1):0.000000
(25,25),(4,1):0.000000
(25,25),(4,2):0.000000
(25,25),(7,2):0.000000
(25,25),(7,3):0.000000
(25,25),(6,3):0.000000
(25,25),(6,10):0.000000
(25,25),(10,10):0.000000
(25,25),(10,9):0.000000
(25,25),(9,9):0.000000
(25,25),(9,8):0.000000
(25,25),(11,8):0.000000
(25,25),(11,5):0.000000
(25,25),(15,5):0.000000
(25,25),(15,4):0.000000
(25,25),(17,4):0.000000
(25,25),(17,6):0.000000
(25,25),(19,6):0.000000
(25,25),(19,14):0.000000
(25,25),(20,14):0.000000
(25,25),(20,18):0.000000
(25,25),(16,18):0.000000
(25,25),(16,20):8.121212
(25,25),(21,20):17.166666
(25,25),(21,19):17.233334
(25,25),(27,19):21.880953
(25,25),(27,23):29.000000
(25,25),(29,23):17.666666
(25,25),(29,27):11.666667
(25,25),(30,27):0.000000
(25,25),(30,28):0.000000
(25,25),(31,28):0.000000
(25,25),(31,30):2.357143
(25,24),(22,24):27.000000
(25,24),(22,22):35.933334
(25,24),(18,22):18.250000
(25,24),(18,21):21.180555
(25,24),(14,21):9.821428
(25,24),(14,12):0.000000
(25,24),(13,12):0.000000
(25,24),(13,16):0.000000
(25,24),(5,16):0.000000
(25,24),(5,17):0.000000
(25,24),(3,17):0.000000
(25,24),(3,15):0.000000
(25,24),(12,15):0.000000
(25,24),(12,13):0.000000
(25,24),(8,13):0.000000
(25,24),(8,11):0.000000
(25,24),(2,11):0.000000
(25,24),(2,7):0.000000
(25,24),(1,7):0.000000
(25,24),(1,1):0.000000
(25,24),(4,1):0.000000
(25,24),(4,2):0.000000
(25,24),(7,2):0.000000
(25,24),(7,3):0.000000
(25,24),(6,3):0.000000
(25,24),(6,10):0.000000
(25,24),(10,10):0.000000
(25,24),(10,9):0.000000
(25,24),(9,9):0.000000
(25,24),(9,8):0.000000
(25,24),(11,8):0.000000
(25,24),(11,5):0.000000
(25,24),(15,5):0.000000
(25,24),(15,4):0.000000
(25,24),(17,4):0.000000
(25,24),(17,6):0.000000
(25,24),(19,6):0.000000
(25,24),(19,14):0.000000
(25,24),(20,14):0.000000
(25,24),(20,18):0.000000
(25,24),(16,18):0.000000
(25,24),(16,20):18.621212
(25,24),(21,20):35.333332
(25,24),(21,19):34.400002
(25,24),(27,19):35.947620
(25,24),(27,23):40.833332
(25,24),(29,23):15.833333
(25,24),(29,27):19.833334
(25,24),(30,27):0.000000
(25,24),(30,28):0.000000
(25,24),(31,28):0.000000
(25,24),(31,30):4.441667
(22,24),(22,22):26.600000
(22,24),(18,22):14.916667
(22,24),(18,21):18.013889
(22,24),(14,21):7.500000
(22,24),(14,12):0.000000
(22,24),(13,12):0.000000
(22,24),(13,16):0.000000
(22,24),(5,16):0.000000
(22,24),(5,17):0.000000
(22,24),(3,17):0.000000
(22,24),(3,15):0.000000
(22,24),(12,15):0.000000
(22,24),(12,13):0.000000
(22,24),(8,13):0.000000
(22,24),(8,11):0.000000
(22,24),(2,11):0.000000
(22,24),(2,7):0.000000
(22,24),(1,7):0.000000
(22,24),(1,1):0.000000
(22,24),(4,1):0.000000
(22,24),(4,2):0.000000
(22,24),(7,2):0.000000
(22,24),(7,3):0.000000
(22,24),(6,3):0.000000
(22,24),(6,10):0.000000
(22,24),(10,10):0.000000
(22,24),(10,9):0.000000
(22,24),(9,9):0.000000
(22,24),(9,8):0.000000
(22,24),(11,8):0.000000
(22,24),(11,5):0.000000
(22,24),(15,5):0.000000
(22,24),(15,4):0.000000
(22,24),(17,4):0.000000
(22,24),(17,6):0.000000
(22,24),(19,6):0.000000
(22,24),(19,14):0.000000
(22,24),(20,14):0.000000
(22,24),(20,18):0.000000
(22,24),(16,18):0.000000
(22,24),(16,20):15.454545
(22,24),(21,20):25.000000
(22,24),(21,19):25.083334
(22,24),(27,19):25.000000
(22,24),(27,23):27.000000
(22,24),(29,23):7.000000
(22,24),(29,27):15.000000
(22,24),(30,27):0.000000
(22,24),(30,28):0.000000
(22,24),(31,28):0.000000
(22,24),(31,30):3.541667
(22,22),(18,22):23.250000
(22,22),(18,21):28.847221
(22,22),(14,21):14.238095
(22,22),(14,12):1.200000
(22,22),(13,12):0.000000
(22,22),(13,16):0.000000
(22,22),(5,16):0.000000
(22,22),(5,17):0.000000
(22,22),(3,17):0.000000
(22,22),(3,15):0.000000
(22,22),(12,15):0.000000
(22,22),(12,13):0.000000
(22,22),(8,13):0.000000
(22,22),(8,11):0.000000
(22,22),(2,11):0.000000
(22,22),(2,7):0.000000
(22,22),(1,7):0.000000
(22,22),(1,1):0.000000
(22,22),(4,1):0.000000
(22,22),(4,2):0.000000
(22,22),(7,2):0.000000
(22,22),(7,3):0.000000
(22,22),(6,3):0.000000
(22,22),(6,10):0.000000
(22,22),(10,10):0.000000
(22,22),(10,9):0.000000
(22,22),(9,9):0.000000
(22,22),(9,8):0.000000
(22,22),(11,8):0.000000
(22,22),(11,5):0.000000
(22,22),(15,5):1.175141
(22,22),(15,4):0.549603
(22,22),(17,4):1.086903
(22,22),(17,6):1.073727
(22,22),(19,6):0.892911
(22,22),(19,14):0.392982
(22,22),(20,14):0.166667
(22,22),(20,18):0.000000
(22,22),(16,18):1.166667
(22,22),(16,20):25.287878
(22,22),(21,20):41.333332
(22,22),(21,19):33.333332
(22,22),(27,19):34.883335
(22,22),(27,23):41.878788
(22,22),(29,23):11.933333
(22,22),(29,27):19.433332
(22,22),(30,27):0.000000
(22,22),(30,28):0.000000
(22,22),(31,28):0.000000
(22,22),(31,30):4.441667
(18,22),(18,21):22.500000
(18,22),(14,21):11.571428
(18,22),(14,12):0.000000
(18,22),(13,12):0.000000
(18,22),(13,16):0.000000
(18,22),(5,16):0.000000
(18,22),(5,17):0.000000
(18,22),(3,17):0.000000
(18,22),(3,15):0.000000
(18,22),(12,15):0.000000
(18,22),(12,13):0.000000
(18,22),(8,13):0.000000
(18,22),(8,11):0.000000
(18,22),(2,11):0.000000
(18,22),(2,7):0.000000
(18,22),(1,7):0.000000
(18,22),(1,1):0.000000
(18,22),(4,1):0.000000
(18,22),(4,2):0.000000
(18,22),(7,2):0.000000
(18,22),(7,3):0.000000
(18,22),(6,3):0.000000
(18,22),(6,10):0.000000
(18,22),(10,10):0.000000
(18,22),(10,9):0.000000
(18,22),(9,9):0.000000
(18,22),(9,8):0.000000
(18,22),(11,8):0.000000
(18,22),(11,5):0.000000
(18,22),(15,5):0.000000
(18,22),(15,4):0.000000
(18,22),(17,4):0.000000
(18,22),(17,6):0.000000
(18,22),(19,6):0.000000
(18,22),(19,14):0.000000
(18,22),(20,14):0.000000
(18,22),(20,18):0.000000
(18,22),(16,18):0.000000
(18,22),(16,20):17.000000
(18,22),(21,20):23.250000
(18,22),(21,19):17.250000
(18,22),(27,19):22.500000
(18,22),(27,23):21.650000
(18,22),(29,23):0.000000
(18,22),(29,27):9.300000
(18,22),(30,27):0.000000
(18,22),(30,28):0.000000
(18,22),(31,28):0.000000
(18,22),(31,30):2.375000
(18,21),(14,21):16.571428
(18,21),(14,12):3.125000
(18,21),(13,12):0.000000
(18,21),(13,16):0.000000
(18,21),(5,16):0.000000
(18,21),(5,17):0.000000
(18,21),(3,17):0.000000
(18,21),(3,15):0.000000
(18,21),(12,15):0.000000
(18,21),(12,13):0.000000
(18,21),(8,13):0.000000
(18,21),(8,11):0.000000
(18,21),(2,11):0.000000
(18,21),(2,7):0.000000
(18,21),(1,7):0.000000
(18,21),(1,1):0.000000
(18,21),(4,1):0.000000
(18,21),(4,2):0.000000
(18,21),(7,2):0.000000
(18,21),(7,3):0.000000
(18,21),(6,3):0.000000
(18,21),(6,10):0.000000
(18,21),(10,10):0.000000
(18,21),(10,9):0.000000
(18,21),(9,9):0.000000
(18,21),(9,8):0.000000
(18,21),(11,8):0.000000
(18,21),(11,5):0.000000
(18,21),(15,5):3.033333
(18,21),(15,4):1.281250
(18,21),(17,4):2.816503
(18,21),(17,6):2.785000
(18,21),(19,6):2.319444
(18,21),(19,14):0.757576
(18,21),(20,14):0.333333
(18,21),(20,18):0.000000
(18,21),(16,18):3.000000
(18,21),(16,20):25.579546
(18,21),(21,20):29.750000
(18,21),(21,19):19.700001
(18,21),(27,19):25.625000
(18,21),(27,23):27.348232
(18,21),(29,23):0.680556
(18,21),(29,27):11.388889
(18,21),(30,27):0.000000
(18,21),(30,28):0.000000
(18,21),(31,28):0.000000
(18,21),(31,30):2.813869
(14,21),(14,12):64.303574
(14,21),(13,12):34.857143
(14,21),(13,16):0.000000
(14,21),(5,16):0.000000
(14,21),(5,17):0.000000
(14,21),(3,17):0.000000
(14,21),(3,15):0.000000
(14,21),(12,15):3.016667
(14,21),(12,13):17.312500
(14,21),(8,13):31.062500
(14,21),(8,11):28.083334
(14,21),(2,11):9.062500
(14,21),(2,7):0.000000
(14,21),(1,7):0.000000
(14,21),(1,1):0.000000
(14,21),(4,1):0.000000
(14,21),(4,2):0.000000
(14,21),(7,2):0.000000
(14,21),(7,3):0.000000
(14,21),(6,3):0.000000
(14,21),(6,10):13.125000
(14,21),(10,10):40.500000
(14,21),(10,9):42.625000
(14,21),(9,9):15.750000
(14,21),(9,8):28.641304
(14,21),(11,8):46.289215
(14,21),(11,5):48.351448
(14,21),(15,5):63.252083
(14,21),(15,4):46.250000
(14,21),(17,4):45.647320
(14,21),(17,6):63.843750
(14,21),(19,6):58.125000
(14,21),(19,14):60.385418
(14,21),(20,14):15.333333
(14,21),(20,18):49.741478
(14,21),(16,18):64.218750
(14,21),(16,20):43.968750
(14,21),(21,20):15.571428
(14,21),(21,19):8.571428
(14,21),(27,19):11.571428
(14,21),(27,23):14.339106
(14,21),(29,23):0.000000
(14,21),(29,27):4.537500
(14,21),(30,27):0.000000
(14,21),(30,28):0.000000
(14,21),(31,28):0.000000
(14,21),(31,30):1.113079
(14,12),(13,12):68.757141
(14,12),(13,16):14.000000
(14,12),(5,16):0.000000
(14,12),(5,17):0.000000
(14,12),(3,17):0.000000
(14,12),(3,15):0.000000
(14,12),(12,15):15.516666
(14,12),(12,13):47.062500
(14,12),(8,13):54.629166
(14,12),(8,11):49.083332
(14,12),(2,11):21.062500
(14,12),(2,7):3.714286
(14,12),(1,7):0.000000
(14,12),(1,1):3.045785
(14,12),(4,1):1.833333
(14,12),(4,2):3.391304
(14,12),(7,2):0.000000
(14,12),(7,3):0.000000
(14,12),(6,3):3.333333
(14,12),(6,10):29.125000
(14,12),(10,10):71.027779
(14,12),(10,9):66.722221
(14,12),(9,9):22.625000
(14,12),(9,8):44.224998
(14,12),(11,8):81.083336
(14,12),(11,5):79.389877
(14,12),(15,5):99.482735
(14,12),(15,4):55.709820
(14,12),(17,4):69.598740
(14,12),(17,6):100.449173
(14,12),(19,6):90.152466
(14,12),(19,14):93.520241
(14,12),(20,14):25.799999
(14,12),(20,18):77.228569
(14,12),(16,18):82.895241
(14,12),(16,20):39.178570
(14,12),(21,20):2.125000
(14,12),(21,19):0.000000
(14,12),(27,19):0.125000
(14,12),(27,23):1.252971
(14,12),(29,23):0.000000
(14,12),(29,27):0.000000
(14,12),(30,27):0.000000
(14,12),(30,28):0.000000
(14,12),(31,28):0.000000
(14,12),(31,30):0.000000
(13,12),(13,16):18.333334
(13,12),(5,16):1.238095
(13,12),(5,17):0.000000
(13,12),(3,17):0.000000
(13,12),(3,15):1.166667
(13,12),(12,15):19.683332
(13,12),(12,13):55.062500
(13,12),(8,13):59.629166
(13,12),(8,11):51.935715
(13,12),(2,11):20.748215
(13,12),(2,7):3.412987
(13,12),(1,7):0.000000
(13,12),(1,1):2.824138
(13,12),(4,1):1.714286
(13,12),(4,2):3.133083
(13,12),(7,2):0.000000
(13,12),(7,3):0.000000
(13,12),(6,3):3.085714
(13,12),(6,10):27.935715
(13,12),(10,10):69.500000
(13,12),(10,9):59.375000
(13,12),(9,9):22.500000
(13,12),(9,8):32.000000
(13,12),(11,8):67.183334
(13,12),(11,5):58.104168
(13,12),(15,5):66.364288
(13,12),(15,4):25.857143
(13,12),(17,4):50.842857
(13,12),(17,6):67.464287
(13,12),(19,6):59.720688
(13,12),(19,14):56.857143
(13,12),(20,14):0.000000
(13,12),(20,18):43.857143
(13,12),(16,18):43.023811
(13,12),(16,20):20.982143
(13,12),(21,20):0.000000
(13,12),(21,19):0.000000
(13,12),(27,19):0.000000
(13,12),(27,23):0.000000
(13,12),(29,23):0.000000
(13,12),(29,27):0.000000
(13,12),(30,27):0.000000
(13,12),(30,28):0.000000
(13,12),(31,28):0.000000
(13,12),(31,30):0.000000
(13,16),(5,16):10.071428
(13,16),(5,17):2.000000
(13,16),(3,17):3.000000
(13,16),(3,15):10.000000
(13,16),(12,15):20.000000
(13,16),(12,13):18.166666
(13,16),(8,13):10.750000
(13,16),(8,11):6.785714
(13,16),(2,11):2.335833
(13,16),(2,7):0.000000
(13,16),(1,7):0.000000
(13,16),(1,1):0.000000
(13,16),(4,1):0.000000
(13,16),(4,2):0.000000
(13,16),(7,2):0.000000
(13,16),(7,3):0.000000
(13,16),(6,3):0.000000
(13,16),(6,10):4.750000
(13,16),(10,10):13.666667
(13,16),(10,9):12.166667
(13,16),(9,9):3.500000
(13,16),(9,8):6.666667
(13,16),(11,8):17.266666
(13,16),(11,5):16.937500
(13,16),(15,5):15.897619
(13,16),(15,4):0.000000
(13,16),(17,4):12.045455
(13,16),(17,6):14.850000
(13,16),(19,6):12.615385
(13,16),(19,14):12.943590
(13,16),(20,14):0.000000
(13,16),(20,18):10.416667
(13,16),(16,18):2.666667
(13,16),(16,20):1.125000
(13,16),(21,20):0.000000
(13,16),(21,19):0.000000
(13,16),(27,19):0.000000
(13,16),(27,23):0.000000
(13,16),(29,23):0.000000
(13,16),(29,27):0.000000
(13,16),(30,27):0.000000
(13,16),(30,28):0.000000
(13,16),(31,28):0.000000
(13,16),(31,30):0.000000
(5,16),(5,17):4.000000
(5,16),(3,17):5.000000
(5,16),(3,15):12.000000
(5,16),(12,15):10.357142
(5,16),(12,13):1.071429
(5,16),(8,13):0.000000
(5,16),(8,11):0.000000
(5,16),(2,11):0.000000
(5,16),(2,7):0.000000
(5,16),(1,7):0.000000
(5,16),(1,1):0.000000
(5,16),(4,1):0.000000
(5,16),(4,2):0.000000
(5,16),(7,2):0.000000
(5,16),(7,3):0.000000
(5,16),(6,3):0.000000
(5,16),(6,10):0.000000
(5,16),(10,10):0.000000
(5,16),(10,9):0.004762
(5,16),(9,9):0.000000
(5,16),(9,8):0.000000
(5,16),(11,8):0.560317
(5,16),(11,5):0.754543
(5,16),(15,5):0.151520
(5,16),(15,4):0.000000
(5,16),(17,4):0.000000
(5,16),(17,6):0.000000
(5,16),(19,6):0.000000
(5,16),(19,14):0.000000
(5,16),(20,14):0.000000
(5,16),(20,18):0.000000
(5,16),(16,18):0.000000
(5,16),(16,20):0.000000
(5,16),(21,20):0.000000
(5,16),(21,19):0.000000
(5,16),(27,19):0.000000
(5,16),(27,23):0.000000
(5,16),(29,23):0.000000
(5,16),(29,27):0.000000
(5,16),(30,27):0.000000
(5,16),(30,28):0.000000
(5,16),(31,28):0.000000
(5,16),(31,30):0.000000
(5,17),(3,17):4.000000
(5,17),(3,15):4.000000
(5,17),(12,15):2.285714
(5,17),(12,13):0.000000
(5,17),(8,13):0.000000
(5,17),(8,11):0.000000
(5,17),(2,11):0.000000
(5,17),(2,7):0.000000
(5,17),(1,7):0.000000
(5,17),(1,1):0.000000
(5,17),(4,1):0.000000
(5,17),(4,2):0.000000
(5,17),(7,2):0.000000
(5,17),(7,3):0.000000
(5,17),(6,3):0.000000
(5,17),(6,10):0.000000
(5,17),(10,10):0.000000
(5,17),(10,9):0.000000
(5,17),(9,9):0.000000
(5,17),(9,8):0.000000
(5,17),(11,8):0.000000
(5,17),(11,5):0.000000
(5,17),(15,5):0.000000
(5,17),(15,4):0.000000
(5,17),(17,4):0.000000
(5,17),(17,6):0.000000
(5,17),(19,6):0.000000
(5,17),(19,14):0.000000
(5,17),(20,14):0.000000
(5,17),(20,18):0.000000
(5,17),(16,18):0.000000
(5,17),(16,20):0.000000
(5,17),(21,20):0.000000
(5,17),(21,19):0.000000
(5,17),(27,19):0.000000
(5,17),(27,23):0.000000
(5,17),(29,23):0.000000
(5,17),(29,27):0.000000
(5,17),(30,27):0.000000
(5,17),(30,28):0.000000
(5,17),(31,28):0.000000
(5,17),(31,30):0.000000
(3,17),(3,15):5.000000
(3,17),(12,15):3.285714
(3,17),(12,13):0.000000
(3,17),(8,13):0.000000
(3,17),(8,11):0.000000
(3,17),(2,11):0.000000
(3,17),(2,7):0.000000
(3,17),(1,7):0.000000
(3,17),(1,1):0.000000
(3,17),(4,1):0.000000
(3,17),(4,2):0.000000
(3,17),(7,2):0.000000
(3,17),(7,3):0.000000
(3,17),(6,3):0.000000
(3,17),(6,10):0.000000
(3,17),(10,10):0.000000
(3,17),(10,9):0.000000
(3,17),(9,9):0.000000
(3,17),(9,8):0.000000
(3,17),(11,8):0.000000
(3,17),(11,5):0.000000
(3,17),(15,5):0.000000
(3,17),(15,4):0.000000
(3,17),(17,4):0.000000
(3,17),(17,6):0.000000
(3,17),(19,6):0.000000
(3,17),(19,14):0.000000
(3,17),(20,14):0.000000
(3,17),(20,18):0.000000
(3,17),(16,18):0.000000
(3,17),(16,20):0.000000
(3,17),(21,20):0.000000
(3,17),(21,19):0.000000
(3,17),(27,19):0.000000
(3,17),(27,23):0.000000
(3,17),(29,23):0.000000
(3,17),(29,27):0.000000
(3,17),(30,27):0.000000
(3,17),(30,28):0.000000
(3,17),(31,28):0.000000
(3,17),(31,30):0.000000
(3,15),(12,15):10.285714
(3,15),(12,13):1.000000
(3,15),(8,13):0.000000
(3,15),(8,11):0.000000
(3,15),(2,11):0.000000
(3,15),(2,7):0.000000
(3,15),(1,7):0.000000
(3,15),(1,1):0.000000
(3,15),(4,1):0.000000
(3,15),(4,2):0.000000
(3,15),(7,2):0.000000
(3,15),(7,3):0.000000
(3,15),(6,3):0.000000
(3,15),(6,10):0.000000
(3,15),(10,10):0.000000
(3,15),(10,9):0.000000
(3,15),(9,9):0.000000
(3,15),(9,8):0.000000
(3,15),(11,8):0.500000
(3,15),(11,5):0.687500
(3,15),(15,5):0.150000
(3,15),(15,4):0.000000
(3,15),(17,4):0.000000
(3,15),(17,6):0.000000
(3,15),(19,6):0.000000
(3,15),(19,14):0.000000
(3,15),(20,14):0.000000
(3,15),(20,18):0.000000
(3,15),(16,18):0.000000
(3,15),(16,20):0.000000
(3,15),(21,20):0.000000
(3,15),(21,19):0.000000
(3,15),(27,19):0.000000
(3,15),(27,23):0.000000
(3,15),(29,23):0.000000
(3,15),(29,27):0.000000
(3,15),(30,27):0.000000
(3,15),(30,28):0.000000
(3,15),(31,28):0.000000
(3,15),(31,30):0.000000
(12,15),(12,13):19.479166
(12,15),(8,13):14.935898
(12,15),(8,11):6.950000
(12,15),(2,11):2.126812
(12,15),(2,7):0.000000
(12,15),(1,7):0.000000
(12,15),(1,1):0.000000
(12,15),(4,1):0.000000
(12,15),(4,2):0.000000
(12,15),(7,2):0.000000
(12,15),(7,3):0.000000
(12,15),(6,3):0.000000
(12,15),(6,10):3.916667
(12,15),(10,10):16.750000
(12,15),(10,9):15.227273
(12,15),(9,9):5.250000
(12,15),(9,8):6.166667
(12,15),(11,8):18.322222
(12,15),(11,5):18.604166
(12,15),(15,5):17.380953
(12,15),(15,4):0.516667
(12,15),(17,4):14.266666
(12,15),(17,6):16.266666
(12,15),(19,6):12.500000
(12,15),(19,14):14.893137
(12,15),(20,14):0.000000
(12,15),(20,18):13.891666
(12,15),(16,18):10.266666
(12,15),(16,20):8.498810
(12,15),(21,20):0.000000
(12,15),(21,19):0.000000
(12,15),(27,19):0.000000
(12,15),(27,23):0.000000
(12,15),(29,23):0.000000
(12,15),(29,27):0.000000
(12,15),(30,27):0.000000
(12,15),(30,28):0.000000
(12,15),(31,28):0.000000
(12,15),(31,30):0.000000
(12,13),(8,13):45.229168
(12,13),(8,11):30.250000
(12,13),(2,11):9.285714
(12,13),(2,7):0.000000
(12,13),(1,7):0.000000
(12,13),(1,1):0.000000
(12,13),(4,1):0.000000
(12,13),(4,2):0.000000
(12,13),(7,2):0.000000
(12,13),(7,3):0.000000
(12,13),(6,3):0.000000
(12,13),(6,10):14.250000
(12,13),(10,10):50.000000
(12,13),(10,9):41.125000
(12,13),(9,9):17.750000
(12,13),(9,8):15.750000
(12,13),(11,8):48.933334
(12,13),(11,5):40.151787
(12,13),(15,5):48.532196
(12,13),(15,4):10.812500
(12,13),(17,4):42.785713
(12,13),(17,6):49.348213
(12,13),(19,6):41.617645
(12,13),(19,14):38.705357
(12,13),(20,14):0.000000
(12,13),(20,18):31.962500
(12,13),(16,18):25.354166
(12,13),(16,20):16.837500
(12,13),(21,20):0.000000
(12,13),(21,19):0.000000
(12,13),(27,19):0.000000
(12,13),(27,23):0.000000
(12,13),(29,23):0.000000
(12,13),(29,27):0.000000
(12,13),(30,27):0.000000
(12,13),(30,28):0.000000
(12,13),(31,28):0.000000
(12,13),(31,30):0.000000
(8,13),(8,11):43.400002
(8,13),(2,11):15.962500
(8,13),(2,7):0.000000
(8,13),(1,7):0.000000
(8,13),(1,1):0.000000
(8,13),(4,1):0.000000
(8,13),(4,2):0.000000
(8,13),(7,2):0.000000
(8,13),(7,3):0.000000
(8,13),(6,3):0.000000
(8,13),(6,10):19.400000
(8,13),(10,10):59.566666
(8,13),(10,9):52.775002
(8,13),(9,9):20.958334
(8,13),(9,8):26.766666
(8,13),(11,8):55.650002
(8,13),(11,5):47.983334
(8,13),(15,5):56.486309
(8,13),(15,4):22.362499
(8,13),(17,4):46.623215
(8,13),(17,6):58.152977
(8,13),(19,6):52.677776
(8,13),(19,14):47.195835
(8,13),(20,14):0.000000
(8,13),(20,18):36.231548
(8,13),(16,18):37.834026
(8,13),(16,20):19.242586
(8,13),(21,20):0.000000
(8,13),(21,19):0.000000
(8,13),(27,19):0.000000
(8,13),(27,23):0.000000
(8,13),(29,23):0.000000
(8,13),(29,27):0.000000
(8,13),(30,27):0.000000
(8,13),(30,28):0.000000
(8,13),(31,28):0.000000
(8,13),(31,30):0.000000
(8,11),(2,11):26.062500
(8,11),(2,7):8.666667
(8,11),(1,7):0.000000
(8,11),(1,1):7.035354
(8,11),(4,1):5.000000
(8,11),(4,2):8.125000
(8,11),(7,2):0.000000
(8,11),(7,3):0.000000
(8,11),(6,3):8.000000
(8,11),(6,10):35.333332
(8,11),(10,10):55.333332
(8,11),(10,9):43.333332
(8,11),(9,9):12.000000
(8,11),(9,8):29.916666
(8,11),(11,8):45.583332
(8,11),(11,5):39.812500
(8,11),(15,5):46.177082
(8,11),(15,4):21.916666
(8,11),(17,4):34.085712
(8,11),(17,6):47.627975
(8,11),(19,6):47.708332
(8,11),(19,14):37.083332
(8,11),(20,14):0.000000
(8,11),(20,18):25.816425
(8,11),(16,18):30.369047
(8,11),(16,20):11.111111
(8,11),(21,20):0.000000
(8,11),(21,19):0.000000
(8,11),(27,19):0.000000
(8,11),(27,23):0.000000
(8,11),(29,23):0.000000
(8,11),(29,27):0.000000
(8,11),(30,27):0.000000
(8,11),(30,28):0.000000
(8,11),(31,28):0.000000
(8,11),(31,30):0.000000
(2,11),(2,7):38.916668
(2,11),(1,7):22.250000
(2,11),(1,1):36.301586
(2,11),(4,1):20.000000
(2,11),(4,2):38.375000
(2,11),(7,2):12.250000
(2,11),(7,3):4.916667
(2,11),(6,3):37.250000
(2,11),(6,10):50.875000
(2,11),(10,10):22.062500
(2,11),(10,9):14.062500
(2,11),(9,9):0.062500
(2,11),(9,8):12.506945
(2,11),(11,8):14.312500
(2,11),(11,5):13.000000
(2,11),(15,5):14.562500
(2,11),(15,4):7.500000
(2,11),(17,4):10.645833
(2,11),(17,6):14.937500
(2,11),(19,6):15.187500
(2,11),(19,14):13.812500
(2,11),(20,14):0.000000
(2,11),(20,18):9.281566
(2,11),(16,18):9.895833
(2,11),(16,20):3.882576
(2,11),(21,20):0.000000
(2,11),(21,19):0.000000
(2,11),(27,19):0.000000
(2,11),(27,23):0.000000
(2,11),(29,23):0.000000
(2,11),(29,27):0.000000
(2,11),(30,27):0.000000
(2,11),(30,28):0.000000
(2,11),(31,28):0.000000
(2,11),(31,30):0.000000
(2,7),(1,7):28.500000
(2,7),(1,1):42.319443
(2,7),(4,1):26.000000
(2,7),(4,2):44.625000
(2,7),(7,2):17.500000
(2,7),(7,3):7.000000
(2,7),(6,3):43.500000
(2,7),(6,10):44.166668
(2,7),(10,10):4.666667
(2,7),(10,9):0.000000
(2,7),(9,9):0.000000
(2,7),(9,8):0.000000
(2,7),(11,8):0.000000
(2,7),(11,5):0.000000
(2,7),(15,5):0.000000
(2,7),(15,4):0.000000
(2,7),(17,4):0.000000
(2,7),(17,6):0.000000
(2,7),(19,6):0.000000
(2,7),(19,14):0.000000
(2,7),(20,14):0.000000
(2,7),(20,18):0.000000
(2,7),(16,18):0.000000
(2,7),(16,20):0.000000
(2,7),(21,20):0.000000
(2,7),(21,19):0.000000
(2,7),(27,19):0.000000
(2,7),(27,23):0.000000
(2,7),(29,23):0.000000
(2,7),(29,27):0.000000
(2,7),(30,27):0.000000
(2,7),(30,28):0.000000
(2,7),(31,28):0.000000
(2,7),(31,30):0.000000
(1,7),(1,1):27.382353
(1,7),(4,1):18.000000
(1,7),(4,2):28.600000
(1,7),(7,2):17.600000
(1,7),(7,3):7.100000
(1,7),(6,3):27.600000
(1,7),(6,10):27.500000
(1,7),(10,10):0.000000
(1,7),(10,9):0.000000
(1,7),(9,9):0.000000
(1,7),(9,8):0.000000
(1,7),(11,8):0.000000
(1,7),(11,5):0.000000
(1,7),(15,5):0.000000
(1,7),(15,4):0.000000
(1,7),(17,4):0.000000
(1,7),(17,6):0.000000
(1,7),(19,6):0.000000
(1,7),(19,14):0.000000
(1,7),(20,14):0.000000
(1,7),(20,18):0.000000
(1,7),(16,18):0.000000
(1,7),(16,20):0.000000
(1,7),(21,20):0.000000
(1,7),(21,19):0.000000
(1,7),(27,19):0.000000
(1,7),(27,23):0.000000
(1,7),(29,23):0.000000
(1,7),(29,27):0.000000
(1,7),(30,27):0.000000
(1,7),(30,28):0.000000
(1,7),(31,28):0.000000
(1,7),(31,30):0.000000
(1,1),(4,1):24.666666
(1,1),(4,2):42.291668
(1,1),(7,2):16.500000
(1,1),(7,3):6.000000
(1,1),(6,3):41.166668
(1,1),(6,10):41.777779
(1,1),(10,10):3.694444
(1,1),(10,9):0.000000
(1,1),(9,9):0.000000
(1,1),(9,8):0.000000
(1,1),(11,8):0.000000
(1,1),(11,5):0.000000
(1,1),(15,5):0.000000
(1,1),(15,4):0.000000
(1,1),(17,4):0.000000
(1,1),(17,6):0.000000
(1,1),(19,6):0.000000
(1,1),(19,14):0.000000
(1,1),(20,14):0.000000
(1,1),(20,18):0.000000
(1,1),(16,18):0.000000
(1,1),(16,20):0.000000
(1,1),(21,20):0.000000
(1,1),(21,19):0.000000
(1,1),(27,19):0.000000
(1,1),(27,23):0.000000
(1,1),(29,23):0.000000
(1,1),(29,27):0.000000
(1,1),(30,27):0.000000
(1,1),(30,28):0.000000
(1,1),(31,28):0.000000
(1,1),(31,30):0.000000
(4,1),(4,2):26.000000
(4,1),(7,2):13.000000
(4,1),(7,3):4.500000
(4,1),(6,3):25.000000
(4,1),(6,10):25.500000
(4,1),(10,10):2.000000
(4,1),(10,9):0.000000
(4,1),(9,9):0.000000
(4,1),(9,8):0.000000
(4,1),(11,8):0.000000
(4,1),(11,5):0.000000
(4,1),(15,5):0.000000
(4,1),(15,4):0.000000
(4,1),(17,4):0.000000
(4,1),(17,6):0.000000
(4,1),(19,6):0.000000
(4,1),(19,14):0.000000
(4,1),(20,14):0.000000
(4,1),(20,18):0.000000
(4,1),(16,18):0.000000
(4,1),(16,20):0.000000
(4,1),(21,20):0.000000
(4,1),(21,19):0.000000
(4,1),(27,19):0.000000
(4,1),(27,23):0.000000
(4,1),(29,23):0.000000
(4,1),(29,27):0.000000
(4,1),(30,27):0.000000
(4,1),(30,28):0.000000
(4,1),(31,28):0.000000
(4,1),(31,30):0.000000
(4,2),(7,2):18.000000
(4,2),(7,3):7.500000
(4,2),(6,3):44.000000
(4,2),(6,10):43.625000
(4,2),(10,10):4.125000
(4,2),(10,9):0.000000
(4,2),(9,9):0.000000
(4,2),(9,8):0.000000
(4,2),(11,8):0.000000
(4,2),(11,5):0.000000
(4,2),(15,5):0.000000
(4,2),(15,4):0.000000
(4,2),(17,4):0.000000
(4,2),(17,6):0.000000
(4,2),(19,6):0.000000
(4,2),(19,14):0.000000
(4,2),(20,14):0.000000
(4,2),(20,18):0.000000
(4,2),(16,18):0.000000
(4,2),(16,20):0.000000
(4,2),(21,20):0.000000
(4,2),(21,19):0.000000
(4,2),(27,19):0.000000
(4,2),(27,23):0.000000
(4,2),(29,23):0.000000
(4,2),(29,27):0.000000
(4,2),(30,27):0.000000
(4,2),(30,28):0.000000
(4,2),(31,28):0.000000
(4,2),(31,30):0.000000
(7,2),(7,3):6.000000
(7,2),(6,3):18.000000
(7,2),(6,10):16.625000
(7,2),(10,10):0.000000
(7,2),(10,9):0.000000
(7,2),(9,9):0.000000
(7,2),(9,8):0.000000
(7,2),(11,8):0.000000
(7,2),(11,5):0.000000
(7,2),(15,5):0.000000
(7,2),(15,4):0.000000
(7,2),(17,4):0.000000
(7,2),(17,6):0.000000
(7,2),(19,6):0.000000
(7,2),(19,14):0.000000
(7,2),(20,14):0.000000
(7,2),(20,18):0.000000
(7,2),(16,18):0.000000
(7,2),(16,20):0.000000
(7,2),(21,20):0.000000
(7,2),(21,19):0.000000
(7,2),(27,19):0.000000
(7,2),(27,23):0.000000
(7,2),(29,23):0.000000
(7,2),(29,27):0.000000
(7,2),(30,27):0.000000
(7,2),(30,28):0.000000
(7,2),(31,28):0.000000
(7,2),(31,30):0.000000
(7,3),(6,3):7.500000
(7,3),(6,10):6.500000
(7,3),(10,10):0.000000
(7,3),(10,9):0.000000
(7,3),(9,9):0.000000
(7,3),(9,8):0.000000
(7,3),(11,8):0.000000
(7,3),(11,5):0.000000
(7,3),(15,5):0.000000
(7,3),(15,4):0.000000
(7,3),(17,4):0.000000
(7,3),(17,6):0.000000
(7,3),(19,6):0.000000
(7,3),(19,14):0.000000
(7,3),(20,14):0.000000
(7,3),(20,18):0.000000
(7,3),(16,18):0.000000
(7,3),(16,20):0.000000
(7,3),(21,20):0.000000
(7,3),(21,19):0.000000
(7,3),(27,19):0.000000
(7,3),(27,23):0.000000
(7,3),(29,23):0.000000
(7,3),(29,27):0.000000
(7,3),(30,27):0.000000
(7,3),(30,28):0.000000
(7,3),(31,28):0.000000
(7,3),(31,30):0.000000
(6,3),(6,10):42.625000
(6,3),(10,10):4.000000
(6,3),(10,9):0.000000
(6,3),(9,9):0.000000
(6,3),(9,8):0.000000
(6,3),(11,8):0.000000
(6,3),(11,5):0.000000
(6,3),(15,5):0.000000
(6,3),(15,4):0.000000
(6,3),(17,4):0.000000
(6,3),(17,6):0.000000
(6,3),(19,6):0.000000
(6,3),(19,14):0.000000
(6,3),(20,14):0.000000
(6,3),(20,18):0.000000
(6,3),(16,18):0.000000
(6,3),(16,20):0.000000
(6,3),(21,20):0.000000
(6,3),(21,19):0.000000
(6,3),(27,19):0.000000
(6,3),(27,23):0.000000
(6,3),(29,23):0.000000
(6,3),(29,27):0.000000
(6,3),(30,27):0.000000
(6,3),(30,28):0.000000
(6,3),(31,28):0.000000
(6,3),(31,30):0.000000
(6,10),(10,10):32.375000
(6,10),(10,9):23.375000
(6,10),(9,9):0.000000
(6,10),(9,8):17.125000
(6,10),(11,8):24.174999
(6,10),(11,5):21.125000
(6,10),(15,5):24.427084
(6,10),(15,4):11.000000
(6,10),(17,4):18.398684
(6,10),(17,6):24.679167
(6,10),(19,6):24.750000
(6,10),(19,14):18.125000
(6,10),(20,14):0.000000
(6,10),(20,18):13.200000
(6,10),(16,18):13.791667
(6,10),(16,20):5.000000
(6,10),(21,20):0.000000
(6,10),(21,19):0.000000
(6,10),(27,19):0.000000
(6,10),(27,23):0.000000
(6,10),(29,23):0.000000
(6,10),(29,27):0.000000
(6,10),(30,27):0.000000
(6,10),(30,28):0.000000
(6,10),(31,28):0.000000
(6,10),(31,30):0.000000
(10,10),(10,9):65.347221
(10,10),(9,9):22.000000
(10,10),(9,8):38.200001
(10,10),(11,8):69.708336
(10,10),(11,5):60.616665
(10,10),(15,5):69.321426
(10,10),(15,4):31.562500
(10,10),(17,4):52.226189
(10,10),(17,6):70.934525
(10,10),(19,6):64.750000
(10,10),(19,14):60.527779
(10,10),(20,14):0.777778
(10,10),(20,18):47.527779
(10,10),(16,18):49.027779
(10,10),(16,20):21.583334
(10,10),(21,20):0.000000
(10,10),(21,19):0.000000
(10,10),(27,19):0.000000
(10,10),(27,23):0.000000
(10,10),(29,23):0.000000
(10,10),(29,27):0.000000
(10,10),(30,27):0.000000
(10,10),(30,28):0.000000
(10,10),(31,28):0.000000
(10,10),(31,30):0.000000
(10,9),(9,9):23.000000
(10,9),(9,8):43.700001
(10,9),(11,8):70.958336
(10,9),(11,5):63.104168
(10,9),(15,5):67.098488
(10,9),(15,4):35.250000
(10,9),(17,4):48.375000
(10,9),(17,6):67.768776
(10,9),(19,6):62.375000
(10,9),(19,14):63.119446
(10,9),(20,14):3.888889
(10,9),(20,18):49.597221
(10,9),(16,18):51.722221
(10,9),(16,20):20.799999
(10,9),(21,20):0.000000
(10,9),(21,19):0.000000
(10,9),(27,19):0.000000
(10,9),(27,23):0.000000
(10,9),(29,23):0.000000
(10,9),(29,27):0.000000
(10,9),(30,27):0.000000
(10,9),(30,28):0.000000
(10,9),(31,28):0.000000
(10,9),(31,30):0.000000
(9,9),(9,8):10.000000
(9,9),(11,8):23.000000
(9,9),(11,5):20.666666
(9,9),(15,5):20.666666
(9,9),(15,4):11.000000
(9,9),(17,4):15.750000
(9,9),(17,6):22.333334
(9,9),(19,6):21.500000
(9,9),(19,14):22.611111
(9,9),(20,14):0.000000
(9,9),(20,18):16.513889
(9,9),(16,18):18.571428
(9,9),(16,20):8.236111
(9,9),(21,20):0.000000
(9,9),(21,19):0.000000
(9,9),(27,19):0.000000
(9,9),(27,23):0.000000
(9,9),(29,23):0.000000
(9,9),(29,27):0.000000
(9,9),(30,27):0.000000
(9,9),(30,28):0.000000
(9,9),(31,28):0.000000
(9,9),(31,30):0.000000
(9,8),(11,8):44.525002
(9,8),(11,5):41.837502
(9,8),(15,5):42.441666
(9,8),(15,4):26.750000
(9,8),(17,4):26.850000
(9,8),(17,6):42.458332
(9,8),(19,6):42.000000
(9,8),(19,14):43.988888
(9,8),(20,14):4.600000
(9,8),(20,18):35.599998
(9,8),(16,18):34.766666
(9,8),(16,20):11.600000
(9,8),(21,20):0.000000
(9,8),(21,19):0.000000
(9,8),(27,19):0.000000
(9,8),(27,23):0.000000
(9,8),(29,23):0.000000
(9,8),(29,27):0.000000
(9,8),(30,27):0.000000
(9,8),(30,28):0.000000
(9,8),(31,28):0.000000
(9,8),(31,30):0.000000
(11,8),(11,5):77.704170
(11,8),(15,5):83.007355
(11,8),(15,4):43.916668
(11,8),(17,4):54.261906
(11,8),(17,6):83.147438
(11,8),(19,6):73.750000
(11,8),(19,14):76.513885
(11,8),(20,14):11.625000
(11,8),(20,18):62.958332
(11,8),(16,18):62.625000
(11,8),(16,20):23.166666
(11,8),(21,20):0.000000
(11,8),(21,19):0.000000
(11,8),(27,19):0.000000
(11,8),(27,23):0.000000
(11,8),(29,23):0.000000
(11,8),(29,27):0.000000
(11,8),(30,27):0.000000
(11,8),(30,28):0.000000
(11,8),(31,28):0.000000
(11,8),(31,30):0.000000
(11,5),(15,5):80.638977
(11,5),(15,4):47.869049
(11,5),(17,4):50.235714
(11,5),(17,6):79.689224
(11,5),(19,6):71.452377
(11,5),(19,14):77.464882
(11,5),(20,14):16.580357
(11,5),(20,18):67.098213
(11,5),(16,18):66.556549
(11,5),(16,20):24.791666
(11,5),(21,20):0.000000
(11,5),(21,19):0.000000
(11,5),(27,19):0.000000
(11,5),(27,23):0.000000
(11,5),(29,23):0.000000
(11,5),(29,27):0.000000
(11,5),(30,27):0.000000
(11,5),(30,28):0.000000
(11,5),(31,28):0.000000
(11,5),(31,30):0.000000
(15,5),(15,4):55.781250
(15,5),(17,4):74.345238
(15,5),(17,6):103.041664
(15,5),(19,6):92.041664
(15,5),(19,14):90.547745
(15,5),(20,14):24.875000
(15,5),(20,18):76.160713
(15,5),(16,18):81.041664
(15,5),(16,20):39.158333
(15,5),(21,20):2.033333
(15,5),(21,19):0.000000
(15,5),(27,19):0.093773
(15,5),(27,23):1.222564
(15,5),(29,23):0.000000
(15,5),(29,27):0.000000
(15,5),(30,27):0.000000
(15,5),(30,28):0.000000
(15,5),(31,28):0.000000
(15,5),(31,30):0.000000
(15,4),(17,4):30.678572
(15,4),(17,6):54.625000
(15,4),(19,6):47.875000
(15,4),(19,14):52.916668
(15,4),(20,14):19.250000
(15,4),(20,18):46.250000
(15,4),(16,18):55.750000
(15,4),(16,20):17.031250
(15,4),(21,20):1.031250
(15,4),(21,19):0.000000
(15,4),(27,19):0.093106
(15,4),(27,23):0.590589
(15,4),(29,23):0.000000
(15,4),(29,27):0.000000
(15,4),(30,27):0.000000
(15,4),(30,28):0.000000
(15,4),(31,28):0.000000
(15,4),(31,30):0.000000
(17,4),(17,6):74.410713
(17,4),(19,6):68.410713
(17,4),(19,14):60.742424
(17,4),(20,14):14.000000
(17,4),(20,18):53.299999
(17,4),(16,18):52.464287
(17,4),(16,20):37.123016
(17,4),(21,20):1.821429
(17,4),(21,19):0.000000
(17,4),(27,19):0.052065
(17,4),(27,23):1.122648
(17,4),(29,23):0.000000
(17,4),(29,27):0.000000
(17,4),(30,27):0.000000
(17,4),(30,28):0.000000
(17,4),(31,28):0.000000
(17,4),(31,30):0.000000
(17,6),(19,6):94.565475
(17,6),(19,14):91.132355
(17,6),(20,14):24.000000
(17,6),(20,18):75.375000
(17,6),(16,18):80.791664
(17,6),(16,20):38.750000
(17,6),(21,20):1.791667
(17,6),(21,19):0.000000
(17,6),(27,19):0.047535
(17,6),(27,23):1.107912
(17,6),(29,23):0.000000
(17,6),(29,27):0.000000
(17,6),(30,27):0.000000
(17,6),(30,28):0.000000
(17,6),(31,28):0.000000
(17,6),(31,30):0.000000
(19,6),(19,14):81.785538
(19,6),(20,14):22.000000
(19,6),(20,18):65.900002
(19,6),(16,18):70.875000
(19,6),(16,20):33.375000
(19,6),(21,20):1.375000
(19,6),(21,19):0.000000
(19,6),(27,19):0.005435
(19,6),(27,23):0.906815
(19,6),(29,23):0.000000
(19,6),(29,27):0.000000
(19,6),(30,27):0.000000
(19,6),(30,28):0.000000
(19,6),(31,28):0.000000
(19,6),(31,30):0.000000
(19,14),(20,14):26.000000
(19,14),(20,18):77.500000
(19,14),(16,18):79.333336
(19,14),(16,20):35.791668
(19,14),(21,20):0.166667
(19,14),(21,19):0.000000
(19,14),(27,19):0.000000
(19,14),(27,23):0.358198
(19,14),(29,23):0.000000
(19,14),(29,27):0.000000
(19,14),(30,27):0.000000
(19,14),(30,28):0.000000
(19,14),(31,28):0.000000
(19,14),(31,30):0.000000
(20,14),(20,18):24.000000
(20,14),(16,18):26.000000
(20,14),(16,20):10.000000
(20,14),(21,20):0.000000
(20,14),(21,19):0.000000
(20,14),(27,19):0.000000
(20,14),(27,23):0.116883
(20,14),(29,23):0.000000
(20,14),(29,27):0.000000
(20,14),(30,27):0.000000
(20,14),(30,28):0.000000
(20,14),(31,28):0.000000
(20,14),(31,30):0.000000
(20,18),(16,18):68.666664
(20,18),(16,20):33.125000
(20,18),(21,20):0.000000
(20,18),(21,19):0.000000
(20,18),(27,19):0.000000
(20,18),(27,23):0.000000
(20,18),(29,23):0.000000
(20,18),(29,27):0.000000
(20,18),(30,27):0.000000
(20,18),(30,28):0.000000
(20,18),(31,28):0.000000
(20,18),(31,30):0.000000
(16,18),(16,20):39.125000
(16,18),(21,20):2.000000
(16,18),(21,19):0.000000
(16,18),(27,19):0.083333
(16,18),(27,23):1.212121
(16,18),(29,23):0.000000
(16,18),(29,27):0.000000
(16,18),(30,27):0.000000
(16,18),(30,28):0.000000
(16,18),(31,28):0.000000
(16,18),(31,30):0.000000
(16,20),(21,20):26.166666
(16,20),(21,19):16.833334
(16,20),(27,19):21.166666
(16,20),(27,23):24.722221
(16,20),(29,23):2.121212
(16,20),(29,27):10.371212
(16,20),(30,27):0.000000
(16,20),(30,28):0.000000
(16,20),(31,28):0.000000
(16,20),(31,30):2.380952
(21,20),(21,19):34.095238
(21,20),(27,19):35.000000
(21,20),(27,23):41.050793
(21,20),(29,23):11.678572
(21,20),(29,27):18.928572
(21,20),(30,27):0.000000
(21,20),(30,28):0.000000
(21,20),(31,28):0.000000
(21,20),(31,30):4.486111
(21,19),(27,19):29.733334
(21,19),(27,23):34.799999
(21,19),(29,23):12.066667
(21,19),(29,27):18.666666
(21,19),(30,27):0.000000
(21,19),(30,28):0.000000
(21,19),(31,28):0.000000
(21,19),(31,30):4.541667
(27,19),(27,23):41.471428
(27,19),(29,23):10.500000
(27,19),(29,27):14.000000
(27,19),(30,27):0.000000
(27,19),(30,28):0.000000
(27,19),(31,28):0.000000
(27,19),(31,30):3.708333
(27,23),(29,23):21.000000
(27,23),(29,27):23.083334
(27,23),(30,27):2.500000
(27,23),(30,28):3.083333
(27,23),(31,28):2.000000
(27,23),(31,30):7.625000
(29,23),(29,27):11.500000
(29,23),(30,27):3.000000
(29,23),(30,28):3.500000
(29,23),(31,28):2.000000
(29,23),(31,30):5.041667
(29,27),(30,27):6.000000
(29,27),(30,28):8.000000
(29,27),(31,28):5.500000
(29,27),(31,30):12.291667
(30,27),(30,28):6.000000
(30,27),(31,28):4.000000
(30,27),(31,30):5.750000
(30,28),(31,28):6.000000
(30,28),(31,30):8.250000
(31,28),(31,30):6.000000
