70
(33,10):(12,8)	(13,8)	(22,9)	(23,9)	(23,10)	(23,11)	(24,9)	(24,10)	(24,11)	(25,9)	(25,10)	(25,11)	(26,9)	(26,10)	(26,11)	(27,9)	(27,10)	(28,9)	(28,10)	(29,9)	(29,10)	(30,9)	(30,10)	(31,9)	(31,10)	(32,9)	(32,10)	(32,11)	(32,17)	(33,9)	(33,10)	(33,17)	(34,9)	(35,8)	(35,10)	
(33,17):(32,9)	(32,10)	(32,11)	(32,17)	(33,9)	(33,10)	(33,17)	
(32,17):(32,9)	(32,10)	(32,11)	(32,17)	(33,9)	(33,10)	(33,17)	
(32,11):(22,9)	(23,9)	(23,10)	(23,11)	(24,9)	(24,10)	(24,11)	(25,9)	(25,10)	(25,11)	(26,9)	(26,10)	(26,11)	(27,9)	(27,10)	(28,9)	(28,10)	(29,9)	(29,10)	(30,9)	(30,10)	(31,9)	(31,10)	(32,9)	(32,10)	(32,11)	(32,17)	(33,9)	(33,10)	(33,17)	(34,9)	(35,8)	
(26,11):(8,16)	(10,15)	(11,15)	(12,15)	(13,15)	(14,14)	(14,15)	(15,14)	(15,15)	(16,14)	(16,15)	(17,14)	(17,15)	(18,13)	(18,14)	(18,15)	(19,13)	(19,14)	(19,15)	(20,13)	(20,14)	(20,15)	(21,13)	(21,14)	(21,15)	(22,9)	(22,12)	(22,13)	(22,14)	(22,15)	(23,9)	(23,10)	(23,11)	(23,12)	(23,13)	(23,14)	(23,15)	(24,9)	(24,10)	(24,11)	(24,12)	(24,13)	(24,14)	(24,15)	(25,9)	(25,10)	(25,11)	(25,12)	(25,13)	(25,14)	(25,15)	(26,9)	(26,10)	(26,11)	(26,15)	(27,9)	(27,10)	(28,9)	(28,10)	(29,9)	(29,10)	(30,9)	(30,10)	(31,9)	(31,10)	(32,9)	(32,10)	(32,11)	(33,9)	(33,10)	(34,9)	(35,8)	
(26,15):(8,14)	(8,16)	(9,12)	(9,15)	(10,15)	(11,15)	(12,15)	(13,15)	(14,13)	(14,14)	(14,15)	(15,13)	(15,14)	(15,15)	(16,13)	(16,14)	(16,15)	(17,13)	(17,14)	(17,15)	(18,13)	(18,14)	(18,15)	(19,13)	(19,14)	(19,15)	(20,13)	(20,14)	(20,15)	(21,13)	(21,14)	(21,15)	(22,9)	(22,12)	(22,13)	(22,14)	(22,15)	(23,9)	(23,10)	(23,11)	(23,12)	(23,13)	(23,14)	(23,15)	(24,9)	(24,10)	(24,11)	(24,12)	(24,13)	(24,14)	(24,15)	(25,9)	(25,10)	(25,11)	(25,12)	(25,13)	(25,14)	(25,15)	(26,9)	(26,10)	(26,11)	(26,15)	(27,16)	(28,16)	(28,17)	(29,16)	(29,17)	(29,18)	(30,15)	
(30,15):(8,16)	(9,15)	(10,15)	(11,15)	(12,15)	(13,15)	(14,15)	(15,15)	(16,15)	(17,15)	(18,15)	(19,15)	(20,15)	(21,15)	(22,15)	(23,15)	(24,15)	(25,15)	(26,15)	(27,16)	(28,16)	(28,17)	(28,18)	(28,19)	(29,16)	(29,17)	(29,18)	(29,19)	(29,35)	(30,15)	(30,20)	(30,21)	(30,22)	(30,23)	(30,24)	(30,25)	(30,26)	(30,27)	(30,28)	(30,29)	(30,30)	(30,31)	(30,32)	(30,33)	(30,34)	
(30,20):(27,16)	(28,16)	(28,17)	(28,18)	(29,16)	(29,17)	(29,18)	(29,19)	(29,35)	(30,15)	(30,20)	(30,21)	(30,22)	(30,23)	(30,24)	(30,25)	(30,26)	(30,27)	(30,28)	(30,29)	(30,30)	(30,31)	(30,32)	(30,33)	(30,34)	(31,20)	(31,35)	
(31,20):(29,35)	(30,20)	(30,21)	(30,22)	(30,23)	(30,24)	(30,25)	(30,26)	(30,27)	(30,28)	(30,29)	(30,30)	(30,31)	(30,32)	(30,33)	(30,34)	(31,20)	(31,35)	
(31,35):(29,16)	(29,17)	(29,18)	(29,19)	(29,35)	(30,20)	(30,21)	(30,22)	(30,23)	(30,24)	(30,25)	(30,26)	(30,27)	(30,28)	(30,29)	(30,30)	(30,31)	(30,32)	(30,33)	(30,34)	(31,20)	(31,35)	
(29,35):(29,16)	(29,17)	(29,18)	(29,19)	(29,35)	(30,15)	(30,20)	(30,21)	(30,22)	(30,23)	(30,24)	(30,25)	(30,26)	(30,27)	(30,28)	(30,29)	(30,30)	(30,31)	(30,32)	(30,33)	(30,34)	(31,20)	(31,35)	
(29,19):(27,16)	(28,16)	(28,17)	(28,18)	(28,19)	(29,16)	(29,17)	(29,18)	(29,19)	(29,35)	(30,15)	(30,20)	(30,21)	(30,22)	(30,23)	(30,24)	(30,25)	(30,26)	(30,27)	(30,28)	(30,29)	(30,30)	(30,31)	(30,32)	(30,33)	(30,34)	(31,35)	
(28,19):(25,28)	(25,29)	(25,30)	(25,31)	(25,32)	(26,25)	(26,26)	(26,27)	(26,28)	(26,29)	(26,30)	(26,31)	(26,32)	(27,16)	(27,22)	(27,23)	(27,24)	(27,25)	(27,26)	(27,27)	(27,28)	(27,29)	(27,30)	(27,31)	(27,32)	(28,16)	(28,17)	(28,18)	(28,19)	(28,33)	(29,16)	(29,17)	(29,18)	(29,19)	(30,15)	
(28,33):(20,30)	(20,33)	(21,31)	(21,32)	(22,31)	(22,32)	(23,31)	(23,32)	(24,22)	(24,31)	(24,32)	(25,23)	(25,24)	(25,25)	(25,26)	(25,27)	(25,28)	(25,29)	(25,30)	(25,31)	(25,32)	(26,23)	(26,24)	(26,25)	(26,26)	(26,27)	(26,28)	(26,29)	(26,30)	(26,31)	(26,32)	(27,16)	(27,22)	(27,23)	(27,24)	(27,25)	(27,26)	(27,27)	(27,28)	(27,29)	(27,30)	(27,31)	(27,32)	(28,16)	(28,17)	(28,18)	(28,19)	(28,33)	
(20,33):(20,30)	(20,33)	(21,31)	(21,32)	(22,31)	(22,32)	(23,31)	(23,32)	(24,31)	(24,32)	(25,30)	(25,31)	(25,32)	(26,30)	(26,31)	(26,32)	(27,29)	(27,30)	(27,31)	(27,32)	(28,33)	
(20,30):(20,30)	(20,33)	(21,31)	(21,32)	(22,31)	(22,32)	(23,31)	(23,32)	(24,31)	(24,32)	(25,30)	(25,31)	(25,32)	(26,30)	(26,31)	(26,32)	(27,30)	(27,31)	(27,32)	(28,33)	
(25,30):(20,30)	(20,33)	(21,31)	(21,32)	(22,31)	(22,32)	(23,31)	(23,32)	(24,31)	(24,32)	(25,23)	(25,24)	(25,25)	(25,26)	(25,27)	(25,28)	(25,29)	(25,30)	(25,31)	(25,32)	(26,23)	(26,24)	(26,25)	(26,26)	(26,27)	(26,28)	(26,29)	(26,30)	(26,31)	(26,32)	(27,22)	(27,23)	(27,24)	(27,25)	(27,26)	(27,27)	(27,28)	(27,29)	(27,30)	(27,31)	(27,32)	(28,18)	(28,19)	(28,33)	
(25,29):(18,28)	(18,29)	(19,28)	(20,28)	(21,28)	(24,22)	(24,28)	(25,23)	(25,24)	(25,25)	(25,26)	(25,27)	(25,28)	(25,29)	(25,30)	(25,31)	(25,32)	(26,23)	(26,24)	(26,25)	(26,26)	(26,27)	(26,28)	(26,29)	(26,30)	(26,31)	(26,32)	(27,22)	(27,23)	(27,24)	(27,25)	(27,26)	(27,27)	(27,28)	(27,29)	(27,30)	(27,31)	(27,32)	(28,19)	(28,33)	
(18,29):(16,33)	(17,22)	(17,23)	(17,24)	(17,31)	(17,32)	(17,33)	(18,22)	(18,23)	(18,24)	(18,25)	(18,26)	(18,27)	(18,28)	(18,29)	(18,34)	(19,22)	(19,23)	(19,24)	(19,25)	(19,26)	(19,27)	(19,28)	(20,22)	(20,23)	(20,24)	(20,25)	(20,26)	(20,27)	(20,28)	(21,22)	(21,23)	(21,24)	(21,25)	(21,26)	(21,27)	(21,28)	(22,22)	(22,23)	(22,24)	(22,25)	(22,26)	(23,21)	(24,28)	(25,28)	(25,29)	(26,28)	(26,29)	(27,28)	(27,29)	
(18,34):(15,34)	(16,31)	(16,32)	(16,33)	(17,22)	(17,23)	(17,24)	(17,31)	(17,32)	(17,33)	(18,22)	(18,23)	(18,24)	(18,25)	(18,26)	(18,27)	(18,28)	(18,29)	(18,34)	
(15,34):(15,26)	(15,34)	(16,26)	(16,31)	(16,32)	(16,33)	(17,31)	(17,32)	(17,33)	(18,34)	
(15,26):(15,26)	(15,34)	(16,26)	(16,31)	(16,32)	(16,33)	
(16,26):(15,26)	(15,34)	(16,26)	(16,31)	(16,32)	(16,33)	
(16,31):(15,26)	(15,34)	(16,26)	(16,31)	(16,32)	(16,33)	(17,31)	(17,32)	(17,33)	(18,34)	
(17,31):(15,34)	(16,31)	(16,32)	(16,33)	(17,22)	(17,23)	(17,24)	(17,31)	(17,32)	(17,33)	(18,22)	(18,23)	(18,24)	(18,25)	(18,26)	(18,27)	(18,28)	(18,29)	(18,34)	(19,22)	(19,23)	(19,24)	(19,25)	(19,26)	(19,27)	(20,22)	(20,23)	(20,24)	(20,25)	(21,22)	(21,23)	
(17,24):(3,21)	(3,22)	(4,22)	(5,22)	(6,22)	(7,22)	(8,22)	(9,22)	(10,22)	(10,23)	(10,24)	(11,22)	(11,23)	(12,22)	(12,23)	(13,22)	(13,23)	(14,22)	(14,23)	(15,22)	(15,23)	(16,22)	(16,23)	(17,22)	(17,23)	(17,24)	(17,31)	(17,32)	(17,33)	(18,22)	(18,23)	(18,24)	(18,25)	(18,26)	(18,27)	(18,28)	(18,29)	(18,34)	(19,22)	(19,23)	(19,24)	(19,25)	(19,26)	(19,27)	(19,28)	(20,22)	(20,23)	(20,24)	(20,25)	(20,26)	(20,27)	(20,28)	(21,22)	(21,23)	(21,24)	(21,25)	(21,26)	(21,27)	(21,28)	(22,22)	(22,23)	(22,24)	(22,25)	(22,26)	(23,21)	(23,27)	
(10,24):(10,22)	(10,23)	(10,24)	(11,22)	(11,23)	(12,22)	(12,23)	(13,22)	(13,23)	(14,22)	(14,23)	(15,22)	(15,23)	(16,22)	(16,23)	(17,22)	(17,23)	(17,24)	(18,22)	(18,23)	(18,24)	(19,22)	(19,23)	(19,24)	(20,22)	(20,23)	(20,24)	(21,22)	(21,23)	(21,24)	(22,22)	(22,23)	(22,24)	(23,21)	
(10,23):(3,21)	(3,22)	(3,23)	(4,22)	(4,23)	(5,22)	(5,23)	(6,22)	(7,22)	(8,22)	(9,22)	(10,22)	(10,23)	(10,24)	(11,22)	(11,23)	(12,22)	(12,23)	(13,22)	(13,23)	(14,22)	(14,23)	(15,22)	(15,23)	(16,22)	(16,23)	(17,22)	(17,23)	(17,24)	(18,22)	(18,23)	(18,24)	(19,22)	(19,23)	(19,24)	(20,22)	(20,23)	(20,24)	(21,22)	(21,23)	(21,24)	(22,22)	(22,23)	(22,24)	(23,21)	
(5,23):(1,32)	(2,25)	(2,26)	(2,27)	(2,28)	(2,29)	(2,30)	(2,31)	(3,21)	(3,22)	(3,23)	(3,24)	(3,25)	(3,26)	(3,27)	(3,28)	(3,29)	(3,30)	(3,31)	(4,22)	(4,23)	(4,24)	(4,25)	(4,26)	(4,27)	(4,28)	(4,29)	(4,30)	(4,31)	(5,22)	(5,23)	(5,32)	(6,22)	(7,22)	(8,22)	(9,22)	(10,22)	(10,23)	(11,22)	(11,23)	(12,22)	(12,23)	(13,22)	(13,23)	(14,22)	(14,23)	(15,22)	(15,23)	(16,22)	(16,23)	(17,22)	(17,23)	(18,22)	(18,23)	(19,22)	(19,23)	(20,22)	(20,23)	(21,22)	(21,23)	(22,22)	(22,23)	(23,21)	
(5,32):(1,25)	(1,32)	(2,18)	(2,25)	(2,26)	(2,27)	(2,28)	(2,29)	(2,30)	(2,31)	(3,21)	(3,22)	(3,23)	(3,24)	(3,25)	(3,26)	(3,27)	(3,28)	(3,29)	(3,30)	(3,31)	(4,22)	(4,23)	(4,24)	(4,25)	(4,26)	(4,27)	(4,28)	(4,29)	(4,30)	(4,31)	(5,22)	(5,23)	(5,32)	
(1,32):(1,25)	(1,32)	(2,25)	(2,26)	(2,27)	(2,28)	(2,29)	(2,30)	(2,31)	(3,18)	(3,21)	(3,22)	(3,23)	(3,24)	(3,25)	(3,26)	(3,27)	(3,28)	(3,29)	(3,30)	(3,31)	(4,22)	(4,23)	(4,24)	(4,25)	(4,26)	(4,27)	(4,28)	(4,29)	(4,30)	(4,31)	(5,22)	(5,23)	(5,32)	
(1,25):(1,25)	(1,32)	(2,25)	(2,26)	(2,27)	(2,28)	(2,29)	(2,30)	(2,31)	(3,25)	(3,26)	(3,27)	(3,28)	(3,29)	(3,30)	(3,31)	(4,25)	(4,26)	(4,27)	(4,28)	(4,29)	(4,30)	(4,31)	(5,32)	
(2,25):(1,25)	(1,32)	(2,18)	(2,25)	(2,26)	(2,27)	(2,28)	(2,29)	(2,30)	(2,31)	(3,18)	(3,21)	(3,22)	(3,23)	(3,24)	(3,25)	(3,26)	(3,27)	(3,28)	(3,29)	(3,30)	(3,31)	(4,22)	(4,23)	(4,24)	(4,25)	(4,26)	(4,27)	(4,28)	(4,29)	(4,30)	(4,31)	(5,22)	(5,23)	(5,32)	(6,22)	
(2,18):(2,18)	(2,25)	(2,26)	(2,27)	(2,28)	(2,29)	(2,30)	(2,31)	(3,18)	(3,21)	(3,22)	(3,23)	(3,24)	(3,25)	(3,26)	(3,27)	(3,28)	(3,29)	(3,30)	(3,31)	(4,24)	(4,25)	(4,26)	(4,27)	(4,28)	(4,29)	(4,30)	(4,31)	(5,32)	
(3,18):(1,32)	(2,18)	(2,25)	(2,26)	(2,27)	(2,28)	(2,29)	(2,30)	(2,31)	(3,18)	(3,21)	(3,22)	(3,23)	(3,24)	(3,25)	(3,26)	(3,27)	(3,28)	(3,29)	(3,30)	(3,31)	
(3,21):(1,32)	(2,18)	(2,25)	(2,26)	(2,27)	(2,28)	(2,29)	(2,30)	(2,31)	(3,18)	(3,21)	(3,22)	(3,23)	(3,24)	(3,25)	(3,26)	(3,27)	(3,28)	(3,29)	(3,30)	(3,31)	(4,22)	(4,23)	(4,24)	(4,25)	(4,26)	(4,27)	(4,28)	(4,29)	(4,30)	(4,31)	(5,22)	(5,23)	(5,32)	(6,22)	(7,22)	(8,22)	(9,22)	(10,22)	(10,23)	(11,22)	(11,23)	(12,22)	(12,23)	(13,22)	(13,23)	(14,22)	(14,23)	(15,22)	(15,23)	(16,22)	(16,23)	(17,22)	(17,23)	(17,24)	(18,22)	(18,23)	(18,24)	(19,22)	(19,23)	(19,24)	(20,22)	(20,23)	(20,24)	(21,22)	(21,23)	(21,24)	(22,22)	(22,23)	(22,24)	(22,25)	(23,21)	
(23,21):(3,21)	(3,22)	(3,23)	(4,22)	(4,23)	(5,22)	(5,23)	(6,22)	(7,22)	(8,22)	(9,22)	(10,22)	(10,23)	(10,24)	(11,22)	(11,23)	(12,22)	(12,23)	(13,22)	(13,23)	(14,22)	(14,23)	(15,22)	(15,23)	(16,22)	(16,23)	(17,22)	(17,23)	(17,24)	(18,22)	(18,23)	(18,24)	(18,25)	(18,26)	(18,27)	(18,28)	(18,29)	(19,22)	(19,23)	(19,24)	(19,25)	(19,26)	(19,27)	(19,28)	(20,22)	(20,23)	(20,24)	(20,25)	(20,26)	(20,27)	(20,28)	(21,22)	(21,23)	(21,24)	(21,25)	(21,26)	(21,27)	(22,22)	(22,23)	(22,24)	(22,25)	(22,26)	(23,21)	(23,27)	
(23,27):(13,22)	(14,22)	(15,22)	(15,23)	(16,22)	(16,23)	(17,22)	(17,23)	(17,24)	(18,22)	(18,23)	(18,24)	(18,25)	(18,26)	(18,27)	(19,22)	(19,23)	(19,24)	(19,25)	(19,26)	(19,27)	(20,22)	(20,23)	(20,24)	(20,25)	(20,26)	(20,27)	(21,22)	(21,23)	(21,24)	(21,25)	(21,26)	(21,27)	(22,22)	(22,23)	(22,24)	(22,25)	(22,26)	(23,21)	(23,27)	
(21,27):(15,22)	(16,22)	(16,23)	(17,22)	(17,23)	(17,24)	(18,22)	(18,23)	(18,24)	(18,25)	(18,26)	(18,27)	(18,28)	(18,29)	(19,22)	(19,23)	(19,24)	(19,25)	(19,26)	(19,27)	(19,28)	(20,22)	(20,23)	(20,24)	(20,25)	(20,26)	(20,27)	(20,28)	(21,22)	(21,23)	(21,24)	(21,25)	(21,26)	(21,27)	(21,28)	(22,22)	(22,23)	(22,24)	(22,25)	(22,26)	(23,21)	(23,27)	
(21,28):(15,22)	(16,22)	(16,23)	(17,22)	(17,23)	(17,24)	(18,22)	(18,23)	(18,24)	(18,25)	(18,26)	(18,27)	(18,28)	(18,29)	(19,22)	(19,23)	(19,24)	(19,25)	(19,26)	(19,27)	(19,28)	(20,22)	(20,23)	(20,24)	(20,25)	(20,26)	(20,27)	(20,28)	(21,22)	(21,23)	(21,24)	(21,25)	(21,26)	(21,27)	(21,28)	(24,28)	(25,28)	(25,29)	(26,28)	(26,29)	(27,28)	(27,29)	
(24,28):(18,28)	(18,29)	(19,28)	(20,28)	(21,28)	(24,22)	(24,28)	(25,23)	(25,24)	(25,25)	(25,26)	(25,27)	(25,28)	(25,29)	(26,23)	(26,24)	(26,25)	(26,26)	(26,27)	(26,28)	(26,29)	(26,30)	(27,22)	(27,23)	(27,24)	(27,25)	(27,26)	(27,27)	(27,28)	(27,29)	(27,30)	(27,31)	
(24,22):(24,22)	(24,28)	(25,23)	(25,24)	(25,25)	(25,26)	(25,27)	(25,28)	(25,29)	(26,23)	(26,24)	(26,25)	(26,26)	(26,27)	(26,28)	(26,29)	(26,30)	(26,31)	(26,32)	(27,22)	(27,23)	(27,24)	(27,25)	(27,26)	(27,27)	(27,28)	(27,29)	(27,30)	(27,31)	(27,32)	(28,33)	
(27,22):(24,22)	(24,28)	(25,23)	(25,24)	(25,25)	(25,26)	(25,27)	(25,28)	(25,29)	(25,30)	(25,31)	(25,32)	(26,23)	(26,24)	(26,25)	(26,26)	(26,27)	(26,28)	(26,29)	(26,30)	(26,31)	(26,32)	(27,16)	(27,22)	(27,23)	(27,24)	(27,25)	(27,26)	(27,27)	(27,28)	(27,29)	(27,30)	(27,31)	(27,32)	(28,16)	(28,17)	(28,18)	(28,19)	(28,33)	(29,16)	
(27,16):(8,14)	(8,16)	(9,15)	(10,15)	(11,15)	(12,15)	(13,15)	(14,13)	(14,14)	(14,15)	(15,13)	(15,14)	(15,15)	(16,13)	(16,14)	(16,15)	(17,13)	(17,14)	(17,15)	(18,13)	(18,14)	(18,15)	(19,13)	(19,14)	(19,15)	(20,13)	(20,14)	(20,15)	(21,13)	(21,14)	(21,15)	(22,12)	(22,13)	(22,14)	(22,15)	(23,12)	(23,13)	(23,14)	(23,15)	(24,13)	(24,14)	(24,15)	(25,14)	(25,15)	(26,15)	(27,16)	(27,22)	(27,23)	(27,24)	(27,25)	(27,26)	(27,27)	(27,28)	(27,29)	(27,30)	(27,31)	(27,32)	(28,16)	(28,17)	(28,18)	(28,19)	(28,33)	(29,16)	(29,17)	(29,18)	(29,19)	(30,15)	(30,20)	
(8,16):(8,14)	(8,16)	(9,15)	(10,15)	(11,15)	(12,15)	(13,15)	(14,14)	(14,15)	(15,14)	(15,15)	(16,14)	(16,15)	(17,13)	(17,14)	(17,15)	(18,13)	(18,14)	(18,15)	(19,13)	(19,14)	(19,15)	(20,13)	(20,14)	(20,15)	(21,13)	(21,14)	(21,15)	(22,12)	(22,13)	(22,14)	(22,15)	(23,12)	(23,13)	(23,14)	(23,15)	(24,12)	(24,13)	(24,14)	(24,15)	(25,12)	(25,13)	(25,14)	(25,15)	(26,11)	(26,15)	(27,16)	(28,16)	(29,10)	(29,16)	(30,15)	(33,9)	
(8,14):(8,14)	(8,16)	(9,15)	(10,15)	(11,15)	(12,15)	(13,15)	(14,14)	(14,15)	(15,14)	(15,15)	(16,14)	(16,15)	(17,14)	(17,15)	(18,14)	(18,15)	(19,14)	(19,15)	(20,14)	(20,15)	(21,14)	(21,15)	(22,14)	(22,15)	(23,14)	(23,15)	(24,14)	(24,15)	(25,14)	(25,15)	(26,15)	(27,16)	(28,16)	(29,16)	
(14,14):(8,14)	(8,16)	(9,15)	(10,15)	(11,15)	(12,15)	(13,15)	(14,13)	(14,14)	(14,15)	(15,13)	(15,14)	(15,15)	(16,13)	(16,14)	(16,15)	(17,13)	(17,14)	(17,15)	(18,13)	(18,14)	(18,15)	(19,13)	(19,14)	(19,15)	(20,13)	(20,14)	(20,15)	(21,13)	(21,14)	(21,15)	(22,12)	(22,13)	(22,14)	(22,15)	(23,12)	(23,13)	(23,14)	(23,15)	(24,12)	(24,13)	(24,14)	(24,15)	(25,12)	(25,13)	(25,14)	(25,15)	(26,11)	(26,15)	(27,16)	(28,16)	(29,16)	
(14,13):(9,12)	(9,13)	(14,13)	(14,14)	(14,15)	(15,13)	(15,14)	(15,15)	(16,13)	(16,14)	(16,15)	(17,13)	(17,14)	(17,15)	(18,13)	(18,14)	(18,15)	(19,13)	(19,14)	(19,15)	(20,13)	(20,14)	(20,15)	(21,13)	(21,14)	(21,15)	(22,12)	(22,13)	(22,14)	(22,15)	(23,12)	(23,13)	(23,14)	(23,15)	(24,12)	(24,13)	(24,14)	(24,15)	(25,12)	(25,13)	(25,14)	(25,15)	(26,15)	(27,16)	(28,16)	(29,16)	
(9,13):(9,12)	(9,13)	(14,13)	(15,13)	(16,13)	(17,13)	(18,13)	(19,13)	(20,13)	(21,13)	(22,12)	(22,13)	(23,12)	(23,13)	(24,12)	(24,13)	(25,12)	(25,13)	
(9,12):(9,12)	(9,13)	(14,13)	(15,13)	(16,13)	(17,13)	(18,13)	(19,13)	(19,14)	(20,13)	(20,14)	(21,13)	(21,14)	(22,12)	(22,13)	(22,14)	(23,12)	(23,13)	(23,14)	(24,12)	(24,13)	(24,14)	(24,15)	(25,12)	(25,13)	(25,14)	(25,15)	(26,15)	(29,16)	
(22,12):(8,16)	(9,12)	(9,13)	(10,15)	(11,15)	(12,15)	(13,15)	(14,13)	(14,14)	(14,15)	(15,13)	(15,14)	(15,15)	(16,13)	(16,14)	(16,15)	(17,13)	(17,14)	(17,15)	(18,13)	(18,14)	(18,15)	(19,13)	(19,14)	(19,15)	(20,13)	(20,14)	(20,15)	(21,13)	(21,14)	(21,15)	(22,9)	(22,12)	(22,13)	(22,14)	(22,15)	(23,9)	(23,10)	(23,11)	(23,12)	(23,13)	(23,14)	(23,15)	(24,9)	(24,10)	(24,11)	(24,12)	(24,13)	(24,14)	(24,15)	(25,9)	(25,10)	(25,11)	(25,12)	(25,13)	(25,14)	(25,15)	(26,9)	(26,10)	(26,11)	(26,15)	(27,9)	(27,10)	(27,16)	(28,9)	(28,10)	(29,9)	(29,10)	(30,9)	(30,10)	(31,9)	(32,9)	(33,9)	(34,9)	(35,8)	
(22,9):(11,9)	(12,8)	(13,8)	(22,9)	(22,12)	(22,13)	(22,14)	(22,15)	(23,9)	(23,10)	(23,11)	(23,12)	(23,13)	(23,14)	(23,15)	(24,9)	(24,10)	(24,11)	(24,12)	(24,13)	(24,14)	(24,15)	(25,9)	(25,10)	(25,11)	(25,12)	(25,13)	(25,14)	(25,15)	(26,9)	(26,10)	(26,11)	(26,15)	(27,9)	(27,10)	(28,9)	(28,10)	(29,9)	(29,10)	(30,9)	(30,10)	(31,9)	(31,10)	(32,9)	(32,10)	(32,11)	(33,9)	(33,10)	(34,9)	(35,8)	(35,10)	
(11,9):(11,3)	(11,4)	(11,5)	(11,9)	(12,2)	(12,4)	(12,5)	(12,6)	(12,7)	(12,8)	(13,5)	(13,6)	(13,7)	(13,8)	(14,5)	(14,6)	(15,5)	(22,9)	(23,9)	(24,9)	(25,9)	(26,9)	(27,9)	(28,9)	(29,9)	(30,9)	(31,9)	(32,9)	(33,9)	(34,9)	(35,8)	
(11,5):(4,3)	(4,5)	(5,4)	(6,3)	(6,4)	(7,2)	(7,3)	(7,4)	(8,3)	(8,4)	(9,3)	(9,4)	(10,3)	(10,4)	(11,3)	(11,4)	(11,5)	(11,9)	(12,2)	(12,4)	(12,5)	(12,6)	(12,7)	(12,8)	(13,5)	(13,6)	(13,7)	(13,8)	(14,5)	(14,6)	(15,5)	(15,6)	(16,5)	(16,6)	(17,5)	(17,6)	(18,5)	(18,6)	(19,4)	(19,6)	
(4,5):(4,3)	(4,5)	(5,4)	(6,3)	(6,4)	(7,2)	(7,3)	(7,4)	(8,3)	(8,4)	(9,3)	(9,4)	(10,3)	(10,4)	(11,3)	(11,4)	(11,5)	(12,2)	(12,4)	(12,5)	(13,5)	(14,5)	(15,5)	(16,5)	(17,5)	(18,5)	(19,4)	
(4,3):(4,3)	(4,5)	(5,4)	(6,3)	(6,4)	(7,3)	(7,4)	(8,3)	(8,4)	(9,3)	(9,4)	(10,3)	(10,4)	(11,3)	(11,4)	(11,5)	(12,4)	(12,5)	(13,5)	(14,5)	(15,5)	(15,6)	(16,5)	(16,6)	(17,5)	(17,6)	(18,5)	(18,6)	(19,6)	
(6,3):(4,3)	(4,5)	(5,4)	(6,1)	(6,3)	(6,4)	(7,1)	(7,2)	(7,3)	(7,4)	(8,3)	(8,4)	(9,3)	(9,4)	(10,3)	(10,4)	(11,3)	(11,4)	(11,5)	(12,2)	(12,4)	(12,5)	(13,5)	(14,5)	(14,6)	(15,5)	(15,6)	(16,5)	(16,6)	(17,5)	(17,6)	(18,5)	(18,6)	(19,6)	
(6,1):(6,1)	(6,3)	(6,4)	(7,1)	(7,2)	(7,3)	(7,4)	(8,3)	(8,4)	(9,4)	
(7,1):(6,1)	(6,3)	(6,4)	(7,1)	(7,2)	(7,3)	(7,4)	
(7,2):(4,5)	(5,4)	(6,1)	(6,3)	(6,4)	(7,1)	(7,2)	(7,3)	(7,4)	(8,3)	(8,4)	(9,3)	(9,4)	(10,3)	(10,4)	(11,3)	(11,4)	(11,5)	(12,2)	(12,4)	(12,5)	(13,5)	(13,6)	(14,5)	(14,6)	(15,6)	(16,6)	(17,6)	
(12,2):(4,5)	(5,4)	(6,3)	(6,4)	(7,2)	(7,3)	(7,4)	(8,3)	(8,4)	(9,3)	(9,4)	(10,3)	(10,4)	(11,3)	(11,4)	(11,5)	(11,9)	(12,2)	(12,4)	(12,5)	(12,6)	(12,7)	(12,8)	
(12,4):(4,3)	(4,5)	(5,4)	(6,3)	(6,4)	(7,2)	(7,3)	(7,4)	(8,3)	(8,4)	(9,3)	(9,4)	(10,3)	(10,4)	(11,3)	(11,4)	(11,5)	(11,9)	(12,2)	(12,4)	(12,5)	(12,6)	(12,7)	(12,8)	(13,5)	(13,6)	(13,7)	(13,8)	(14,5)	(14,6)	(15,5)	(15,6)	(16,5)	(16,6)	(17,5)	(17,6)	(18,5)	(18,6)	(19,4)	(19,6)	
(19,4):(4,5)	(5,4)	(6,4)	(7,4)	(8,4)	(9,4)	(10,4)	(11,4)	(11,5)	(12,4)	(12,5)	(12,6)	(12,7)	(13,5)	(13,6)	(13,7)	(14,5)	(14,6)	(15,5)	(15,6)	(16,5)	(16,6)	(17,5)	(17,6)	(18,5)	(18,6)	(19,4)	(19,6)	
(19,6):(4,3)	(5,4)	(6,3)	(6,4)	(7,3)	(7,4)	(8,3)	(8,4)	(9,4)	(10,4)	(11,4)	(11,5)	(12,4)	(12,5)	(12,6)	(12,7)	(13,5)	(13,6)	(13,7)	(14,5)	(14,6)	(15,5)	(15,6)	(16,5)	(16,6)	(17,5)	(17,6)	(18,5)	(18,6)	(19,4)	(19,6)	(34,6)	(34,7)	
(34,6):(12,6)	(12,7)	(13,6)	(13,7)	(14,6)	(15,6)	(16,6)	(17,6)	(18,6)	(19,6)	(34,6)	(34,7)	
(34,7):(12,6)	(12,7)	(13,6)	(13,7)	(14,6)	(15,6)	(16,6)	(17,6)	(18,6)	(19,6)	(34,6)	(34,7)	
(13,7):(9,3)	(10,3)	(10,4)	(11,3)	(11,4)	(11,5)	(11,9)	(12,4)	(12,5)	(12,6)	(12,7)	(12,8)	(13,5)	(13,6)	(13,7)	(13,8)	(14,5)	(14,6)	(15,5)	(15,6)	(16,5)	(16,6)	(17,5)	(17,6)	(18,5)	(18,6)	(19,4)	(19,6)	(34,6)	(34,7)	
(13,8):(10,3)	(11,3)	(11,4)	(11,5)	(11,9)	(12,4)	(12,5)	(12,6)	(12,7)	(12,8)	(13,5)	(13,6)	(13,7)	(13,8)	(22,9)	(23,9)	(24,9)	(25,9)	(26,9)	(27,9)	(28,9)	(29,9)	(30,9)	(31,9)	(31,10)	(32,9)	(32,10)	(33,9)	(33,10)	(34,9)	(35,8)	(35,10)	
(35,8):(11,9)	(12,8)	(13,8)	(13,15)	(14,15)	(16,14)	(17,14)	(19,13)	(20,13)	(22,9)	(22,12)	(23,9)	(23,10)	(23,11)	(23,12)	(24,9)	(24,10)	(24,11)	(25,9)	(25,10)	(25,11)	(26,9)	(26,10)	(26,11)	(27,9)	(27,10)	(28,9)	(28,10)	(29,9)	(29,10)	(30,9)	(30,10)	(31,9)	(31,10)	(32,9)	(32,10)	(32,11)	(33,9)	(33,10)	(34,9)	(35,8)	(35,10)	
(35,10):(12,8)	(13,8)	(22,9)	(23,9)	(23,10)	(24,9)	(24,10)	(25,9)	(25,10)	(26,9)	(26,10)	(27,9)	(27,10)	(28,9)	(28,10)	(29,9)	(29,10)	(30,9)	(30,10)	(31,9)	(31,10)	(32,9)	(32,10)	(33,9)	(33,10)	(34,9)	(35,8)	(35,10)	
(33,10):49.842857
(33,17):9.750000
(32,17):9.285714
(32,11):43.500000
(26,11):89.214287
(26,15):87.750000
(30,15):48.000000
(30,20):41.375000
(31,20):30.000000
(31,35):35.166668
(29,35):35.000000
(29,19):42.833332
(28,19):43.560608
(28,33):61.362743
(20,33):26.700001
(20,30):24.000000
(25,30):51.056820
(25,29):51.400002
(18,29):59.150002
(18,34):20.200001
(15,34):14.750000
(15,26):8.900000
(16,26):8.000000
(16,31):14.000000
(17,31):35.000000
(17,24):82.035713
(10,24):39.000000
(10,23):57.714287
(5,23):76.166664
(5,32):42.181820
(1,32):40.388889
(1,25):28.000000
(2,25):46.000000
(2,18):30.000000
(3,18):17.500000
(3,21):92.107140
(23,21):81.633331
(23,27):45.000000
(21,27):50.333332
(21,28):44.791668
(24,28):40.583332
(24,22):38.857143
(27,22):51.041668
(27,16):86.500000
(8,16):61.892857
(8,14):40.029240
(14,14):66.025642
(14,13):57.705128
(9,13):17.615385
(9,12):33.188236
(22,12):94.974998
(22,9):68.655556
(11,9):38.500000
(11,5):53.708332
(4,5):28.500000
(4,3):31.437500
(6,3):39.083332
(6,1):8.500000
(7,1):5.000000
(7,2):31.583334
(12,2):25.666666
(12,4):51.075001
(19,4):32.000000
(19,6):50.413689
(34,6):23.095238
(34,7):25.133333
(13,7):48.833332
(13,8):45.222221
(35,8):56.000000
(35,10):32.527973
(33,10),(33,17):9.750000
(33,10),(32,17):9.285714
(33,10),(32,11):43.500000
(33,10),(26,11):38.857143
(33,10),(26,15):13.476191
(33,10),(30,15):0.000000
(33,10),(30,20):0.000000
(33,10),(31,20):0.000000
(33,10),(31,35):0.000000
(33,10),(29,35):0.000000
(33,10),(29,19):0.000000
(33,10),(28,19):0.000000
(33,10),(28,33):0.000000
(33,10),(20,33):0.000000
(33,10),(20,30):0.000000
(33,10),(25,30):0.000000
(33,10),(25,29):0.000000
(33,10),(18,29):0.000000
(33,10),(18,34):0.000000
(33,10),(15,34):0.000000
(33,10),(15,26):0.000000
(33,10),(16,26):0.000000
(33,10),(16,31):0.000000
(33,10),(17,31):0.000000
(33,10),(17,24):0.000000
(33,10),(10,24):0.000000
(33,10),(10,23):0.000000
(33,10),(5,23):0.000000
(33,10),(5,32):0.000000
(33,10),(1,32):0.000000
(33,10),(1,25):0.000000
(33,10),(2,25):0.000000
(33,10),(2,18):0.000000
(33,10),(3,18):0.000000
(33,10),(3,21):0.000000
(33,10),(23,21):0.000000
(33,10),(23,27):0.000000
(33,10),(21,27):0.000000
(33,10),(21,28):0.000000
(33,10),(24,28):0.000000
(33,10),(24,22):0.000000
(33,10),(27,22):0.000000
(33,10),(27,16):0.142857
(33,10),(8,16):1.678571
(33,10),(8,14):0.000000
(33,10),(14,14):0.000000
(33,10),(14,13):0.000000
(33,10),(9,13):0.000000
(33,10),(9,12):0.000000
(33,10),(22,12):30.017857
(33,10),(22,9):43.942856
(33,10),(11,9):18.700001
(33,10),(11,5):0.393548
(33,10),(4,5):0.000000
(33,10),(4,3):0.000000
(33,10),(6,3):0.000000
(33,10),(6,1):0.000000
(33,10),(7,1):0.000000
(33,10),(7,2):0.000000
(33,10),(12,2):0.195455
(33,10),(12,4):0.386046
(33,10),(19,4):0.033333
(33,10),(19,6):0.000000
(33,10),(34,6):0.000000
(33,10),(34,7):0.000000
(33,10),(13,7):0.381818
(33,10),(13,8):27.422222
(33,10),(35,8):43.142857
(33,10),(35,10):31.681818
(33,17),(32,17):9.000000
(33,17),(32,11):9.750000
(33,17),(26,11):3.750000
(33,17),(26,15):0.000000
(33,17),(30,15):0.000000
(33,17),(30,20):0.000000
(33,17),(31,20):0.000000
(33,17),(31,35):0.000000
(33,17),(29,35):0.000000
(33,17),(29,19):0.000000
(33,17),(28,19):0.000000
(33,17),(28,33):0.000000
(33,17),(20,33):0.000000
(33,17),(20,30):0.000000
(33,17),(25,30):0.000000
(33,17),(25,29):0.000000
(33,17),(18,29):0.000000
(33,17),(18,34):0.000000
(33,17),(15,34):0.000000
(33,17),(15,26):0.000000
(33,17),(16,26):0.000000
(33,17),(16,31):0.000000
(33,17),(17,31):0.000000
(33,17),(17,24):0.000000
(33,17),(10,24):0.000000
(33,17),(10,23):0.000000
(33,17),(5,23):0.000000
(33,17),(5,32):0.000000
(33,17),(1,32):0.000000
(33,17),(1,25):0.000000
(33,17),(2,25):0.000000
(33,17),(2,18):0.000000
(33,17),(3,18):0.000000
(33,17),(3,21):0.000000
(33,17),(23,21):0.000000
(33,17),(23,27):0.000000
(33,17),(21,27):0.000000
(33,17),(21,28):0.000000
(33,17),(24,28):0.000000
(33,17),(24,22):0.000000
(33,17),(27,22):0.000000
(33,17),(27,16):0.000000
(33,17),(8,16):0.247556
(33,17),(8,14):0.000000
(33,17),(14,14):0.000000
(33,17),(14,13):0.000000
(33,17),(9,13):0.000000
(33,17),(9,12):0.000000
(33,17),(22,12):1.945000
(33,17),(22,9):3.850000
(33,17),(11,9):1.416667
(33,17),(11,5):0.000000
(33,17),(4,5):0.000000
(33,17),(4,3):0.000000
(33,17),(6,3):0.000000
(33,17),(6,1):0.000000
(33,17),(7,1):0.000000
(33,17),(7,2):0.000000
(33,17),(12,2):0.000000
(33,17),(12,4):0.000000
(33,17),(19,4):0.000000
(33,17),(19,6):0.000000
(33,17),(34,6):0.000000
(33,17),(34,7):0.000000
(33,17),(13,7):0.000000
(33,17),(13,8):2.849581
(33,17),(35,8):3.250000
(33,17),(35,10):2.666667
(32,17),(32,11):9.285714
(32,17),(26,11):3.285714
(32,17),(26,15):0.000000
(32,17),(30,15):0.000000
(32,17),(30,20):0.000000
(32,17),(31,20):0.000000
(32,17),(31,35):0.000000
(32,17),(29,35):0.000000
(32,17),(29,19):0.000000
(32,17),(28,19):0.000000
(32,17),(28,33):0.000000
(32,17),(20,33):0.000000
(32,17),(20,30):0.000000
(32,17),(25,30):0.000000
(32,17),(25,29):0.000000
(32,17),(18,29):0.000000
(32,17),(18,34):0.000000
(32,17),(15,34):0.000000
(32,17),(15,26):0.000000
(32,17),(16,26):0.000000
(32,17),(16,31):0.000000
(32,17),(17,31):0.000000
(32,17),(17,24):0.000000
(32,17),(10,24):0.000000
(32,17),(10,23):0.000000
(32,17),(5,23):0.000000
(32,17),(5,32):0.000000
(32,17),(1,32):0.000000
(32,17),(1,25):0.000000
(32,17),(2,25):0.000000
(32,17),(2,18):0.000000
(32,17),(3,18):0.000000
(32,17),(3,21):0.000000
(32,17),(23,21):0.000000
(32,17),(23,27):0.000000
(32,17),(21,27):0.000000
(32,17),(21,28):0.000000
(32,17),(24,28):0.000000
(32,17),(24,22):0.000000
(32,17),(27,22):0.000000
(32,17),(27,16):0.000000
(32,17),(8,16):0.225364
(32,17),(8,14):0.000000
(32,17),(14,14):0.000000
(32,17),(14,13):0.000000
(32,17),(9,13):0.000000
(32,17),(9,12):0.000000
(32,17),(22,12):1.619048
(32,17),(22,9):3.385714
(32,17),(11,9):1.214286
(32,17),(11,5):0.000000
(32,17),(4,5):0.000000
(32,17),(4,3):0.000000
(32,17),(6,3):0.000000
(32,17),(6,1):0.000000
(32,17),(7,1):0.000000
(32,17),(7,2):0.000000
(32,17),(12,2):0.000000
(32,17),(12,4):0.000000
(32,17),(19,4):0.000000
(32,17),(19,6):0.000000
(32,17),(34,6):0.000000
(32,17),(34,7):0.000000
(32,17),(13,7):0.000000
(32,17),(13,8):2.452381
(32,17),(35,8):2.785714
(32,17),(35,10):2.285714
(32,11),(26,11):36.000000
(32,11),(26,15):12.333333
(32,11),(30,15):0.000000
(32,11),(30,20):0.000000
(32,11),(31,20):0.000000
(32,11),(31,35):0.000000
(32,11),(29,35):0.000000
(32,11),(29,19):0.000000
(32,11),(28,19):0.000000
(32,11),(28,33):0.000000
(32,11),(20,33):0.000000
(32,11),(20,30):0.000000
(32,11),(25,30):0.000000
(32,11),(25,29):0.000000
(32,11),(18,29):0.000000
(32,11),(18,34):0.000000
(32,11),(15,34):0.000000
(32,11),(15,26):0.000000
(32,11),(16,26):0.000000
(32,11),(16,31):0.000000
(32,11),(17,31):0.000000
(32,11),(17,24):0.000000
(32,11),(10,24):0.000000
(32,11),(10,23):0.000000
(32,11),(5,23):0.000000
(32,11),(5,32):0.000000
(32,11),(1,32):0.000000
(32,11),(1,25):0.000000
(32,11),(2,25):0.000000
(32,11),(2,18):0.000000
(32,11),(3,18):0.000000
(32,11),(3,21):0.000000
(32,11),(23,21):0.000000
(32,11),(23,27):0.000000
(32,11),(21,27):0.000000
(32,11),(21,28):0.000000
(32,11),(24,28):0.000000
(32,11),(24,22):0.000000
(32,11),(27,22):0.000000
(32,11),(27,16):0.000000
(32,11),(8,16):1.526923
(32,11),(8,14):0.000000
(32,11),(14,14):0.000000
(32,11),(14,13):0.000000
(32,11),(9,13):0.000000
(32,11),(9,12):0.000000
(32,11),(22,12):28.500000
(32,11),(22,9):37.599998
(32,11),(11,9):15.000000
(32,11),(11,5):0.000000
(32,11),(4,5):0.000000
(32,11),(4,3):0.000000
(32,11),(6,3):0.000000
(32,11),(6,1):0.000000
(32,11),(7,1):0.000000
(32,11),(7,2):0.000000
(32,11),(12,2):0.000000
(32,11),(12,4):0.000000
(32,11),(19,4):0.000000
(32,11),(19,6):0.000000
(32,11),(34,6):0.000000
(32,11),(34,7):0.000000
(32,11),(13,7):0.000000
(32,11),(13,8):22.222221
(32,11),(35,8):37.000000
(32,11),(35,10):26.500000
(26,11),(26,15):63.833332
(26,11),(30,15):17.500000
(26,11),(30,20):0.000000
(26,11),(31,20):0.000000
(26,11),(31,35):0.000000
(26,11),(29,35):0.000000
(26,11),(29,19):0.000000
(26,11),(28,19):0.000000
(26,11),(28,33):0.000000
(26,11),(20,33):0.000000
(26,11),(20,30):0.000000
(26,11),(25,30):0.000000
(26,11),(25,29):0.000000
(26,11),(18,29):0.000000
(26,11),(18,34):0.000000
(26,11),(15,34):0.000000
(26,11),(15,26):0.000000
(26,11),(16,26):0.000000
(26,11),(16,31):0.000000
(26,11),(17,31):0.000000
(26,11),(17,24):0.000000
(26,11),(10,24):0.000000
(26,11),(10,23):0.000000
(26,11),(5,23):0.000000
(26,11),(5,32):0.000000
(26,11),(1,32):0.000000
(26,11),(1,25):0.000000
(26,11),(2,25):0.000000
(26,11),(2,18):0.000000
(26,11),(3,18):0.000000
(26,11),(3,21):0.000000
(26,11),(23,21):0.000000
(26,11),(23,27):0.000000
(26,11),(21,27):0.000000
(26,11),(21,28):0.000000
(26,11),(24,28):0.000000
(26,11),(24,22):0.000000
(26,11),(27,22):0.000000
(26,11),(27,16):43.500000
(26,11),(8,16):51.392857
(26,11),(8,14):31.500000
(26,11),(14,14):49.500000
(26,11),(14,13):41.000000
(26,11),(9,13):6.615385
(26,11),(9,12):19.511110
(26,11),(22,12):80.375000
(26,11),(22,9):57.714287
(26,11),(11,9):14.000000
(26,11),(11,5):0.000000
(26,11),(4,5):0.000000
(26,11),(4,3):0.000000
(26,11),(6,3):0.000000
(26,11),(6,1):0.000000
(26,11),(7,1):0.000000
(26,11),(7,2):0.000000
(26,11),(12,2):0.000000
(26,11),(12,4):0.000000
(26,11),(19,4):0.000000
(26,11),(19,6):0.000000
(26,11),(34,6):0.000000
(26,11),(34,7):0.000000
(26,11),(13,7):0.000000
(26,11),(13,8):22.436508
(26,11),(35,8):45.714287
(26,11),(35,10):26.714285
(26,15),(30,15):26.500000
(26,15),(30,20):7.875000
(26,15),(31,20):0.000000
(26,15),(31,35):3.630952
(26,15),(29,35):3.500000
(26,15),(29,19):7.833333
(26,15),(28,19):7.666667
(26,15),(28,33):1.529412
(26,15),(20,33):0.000000
(26,15),(20,30):0.000000
(26,15),(25,30):0.728247
(26,15),(25,29):0.438462
(26,15),(18,29):0.000000
(26,15),(18,34):0.000000
(26,15),(15,34):0.000000
(26,15),(15,26):0.000000
(26,15),(16,26):0.000000
(26,15),(16,31):0.000000
(26,15),(17,31):0.000000
(26,15),(17,24):0.000000
(26,15),(10,24):0.000000
(26,15),(10,23):0.000000
(26,15),(5,23):0.000000
(26,15),(5,32):0.000000
(26,15),(1,32):0.000000
(26,15),(1,25):0.000000
(26,15),(2,25):0.000000
(26,15),(2,18):0.000000
(26,15),(3,18):0.000000
(26,15),(3,21):0.000000
(26,15),(23,21):0.000000
(26,15),(23,27):0.000000
(26,15),(21,27):0.000000
(26,15),(21,28):0.000000
(26,15),(24,28):0.000000
(26,15),(24,22):0.000000
(26,15),(27,22):3.666667
(26,15),(27,16):66.666664
(26,15),(8,16):60.285713
(26,15),(8,14):40.029240
(26,15),(14,14):66.025642
(26,15),(14,13):55.621796
(26,15),(9,13):15.532051
(26,15),(9,12):31.104902
(26,15),(22,12):76.016670
(26,15),(22,9):32.666668
(26,15),(11,9):4.333333
(26,15),(11,5):0.000000
(26,15),(4,5):0.000000
(26,15),(4,3):0.000000
(26,15),(6,3):0.000000
(26,15),(6,1):0.000000
(26,15),(7,1):0.000000
(26,15),(7,2):0.000000
(26,15),(12,2):0.000000
(26,15),(12,4):0.000000
(26,15),(19,4):0.000000
(26,15),(19,6):0.000000
(26,15),(34,6):0.000000
(26,15),(34,7):0.000000
(26,15),(13,7):0.000000
(26,15),(13,8):5.222222
(26,15),(35,8):20.833334
(26,15),(35,10):8.333333
(30,15),(30,20):26.375000
(30,15),(31,20):15.000000
(30,15),(31,35):20.166666
(30,15),(29,35):20.000000
(30,15),(29,19):28.333334
(30,15),(28,19):13.166667
(30,15),(28,33):5.029412
(30,15),(20,33):0.000000
(30,15),(20,30):0.000000
(30,15),(25,30):1.306818
(30,15),(25,29):0.733333
(30,15),(18,29):0.000000
(30,15),(18,34):0.000000
(30,15),(15,34):0.000000
(30,15),(15,26):0.000000
(30,15),(16,26):0.000000
(30,15),(16,31):0.000000
(30,15),(17,31):0.000000
(30,15),(17,24):0.000000
(30,15),(10,24):0.000000
(30,15),(10,23):0.000000
(30,15),(5,23):0.000000
(30,15),(5,32):0.000000
(30,15),(1,32):0.000000
(30,15),(1,25):0.000000
(30,15),(2,25):0.000000
(30,15),(2,18):0.000000
(30,15),(3,18):0.000000
(30,15),(3,21):0.000000
(30,15),(23,21):0.000000
(30,15),(23,27):0.000000
(30,15),(21,27):0.000000
(30,15),(21,28):0.000000
(30,15),(24,28):0.000000
(30,15),(24,22):0.000000
(30,15),(27,22):7.666667
(30,15),(27,16):32.750000
(30,15),(8,16):22.000000
(30,15),(8,14):22.029240
(30,15),(14,14):22.025640
(30,15),(14,13):15.705129
(30,15),(9,13):0.000000
(30,15),(9,12):2.188235
(30,15),(22,12):19.100000
(30,15),(22,9):4.333333
(30,15),(11,9):0.000000
(30,15),(11,5):0.000000
(30,15),(4,5):0.000000
(30,15),(4,3):0.000000
(30,15),(6,3):0.000000
(30,15),(6,1):0.000000
(30,15),(7,1):0.000000
(30,15),(7,2):0.000000
(30,15),(12,2):0.000000
(30,15),(12,4):0.000000
(30,15),(19,4):0.000000
(30,15),(19,6):0.000000
(30,15),(34,6):0.000000
(30,15),(34,7):0.000000
(30,15),(13,7):0.000000
(30,15),(13,8):0.000000
(30,15),(35,8):1.875000
(30,15),(35,10):0.000000
(30,20),(31,20):30.000000
(30,20),(31,35):35.166668
(30,20),(29,35):35.000000
(30,20),(29,19):40.833332
(30,20),(28,19):10.166667
(30,20),(28,33):2.529412
(30,20),(20,33):0.000000
(30,20),(20,30):0.000000
(30,20),(25,30):0.949675
(30,20),(25,29):0.562393
(30,20),(18,29):0.000000
(30,20),(18,34):0.000000
(30,20),(15,34):0.000000
(30,20),(15,26):0.000000
(30,20),(16,26):0.000000
(30,20),(16,31):0.000000
(30,20),(17,31):0.000000
(30,20),(17,24):0.000000
(30,20),(10,24):0.000000
(30,20),(10,23):0.000000
(30,20),(5,23):0.000000
(30,20),(5,32):0.000000
(30,20),(1,32):0.000000
(30,20),(1,25):0.000000
(30,20),(2,25):0.000000
(30,20),(2,18):0.000000
(30,20),(3,18):0.000000
(30,20),(3,21):0.000000
(30,20),(23,21):0.000000
(30,20),(23,27):0.000000
(30,20),(21,27):0.000000
(30,20),(21,28):0.000000
(30,20),(24,28):0.000000
(30,20),(24,22):0.000000
(30,20),(27,22):5.041667
(30,20),(27,16):11.708333
(30,20),(8,16):3.375000
(30,20),(8,14):3.406051
(30,20),(14,14):3.403419
(30,20),(14,13):3.086081
(30,20),(9,13):0.000000
(30,20),(9,12):1.599003
(30,20),(22,12):1.028571
(30,20),(22,9):0.000000
(30,20),(11,9):0.000000
(30,20),(11,5):0.000000
(30,20),(4,5):0.000000
(30,20),(4,3):0.000000
(30,20),(6,3):0.000000
(30,20),(6,1):0.000000
(30,20),(7,1):0.000000
(30,20),(7,2):0.000000
(30,20),(12,2):0.000000
(30,20),(12,4):0.000000
(30,20),(19,4):0.000000
(30,20),(19,6):0.000000
(30,20),(34,6):0.000000
(30,20),(34,7):0.000000
(30,20),(13,7):0.000000
(30,20),(13,8):0.000000
(30,20),(35,8):0.000000
(30,20),(35,10):0.000000
(31,20),(31,35):30.000000
(31,20),(29,35):30.000000
(31,20),(29,19):29.500000
(31,20),(28,19):0.000000
(31,20),(28,33):0.000000
(31,20),(20,33):0.000000
(31,20),(20,30):0.000000
(31,20),(25,30):0.000000
(31,20),(25,29):0.000000
(31,20),(18,29):0.000000
(31,20),(18,34):0.000000
(31,20),(15,34):0.000000
(31,20),(15,26):0.000000
(31,20),(16,26):0.000000
(31,20),(16,31):0.000000
(31,20),(17,31):0.000000
(31,20),(17,24):0.000000
(31,20),(10,24):0.000000
(31,20),(10,23):0.000000
(31,20),(5,23):0.000000
(31,20),(5,32):0.000000
(31,20),(1,32):0.000000
(31,20),(1,25):0.000000
(31,20),(2,25):0.000000
(31,20),(2,18):0.000000
(31,20),(3,18):0.000000
(31,20),(3,21):0.000000
(31,20),(23,21):0.000000
(31,20),(23,27):0.000000
(31,20),(21,27):0.000000
(31,20),(21,28):0.000000
(31,20),(24,28):0.000000
(31,20),(24,22):0.000000
(31,20),(27,22):0.000000
(31,20),(27,16):0.666667
(31,20),(8,16):0.000000
(31,20),(8,14):0.000000
(31,20),(14,14):0.000000
(31,20),(14,13):0.000000
(31,20),(9,13):0.000000
(31,20),(9,12):0.000000
(31,20),(22,12):0.000000
(31,20),(22,9):0.000000
(31,20),(11,9):0.000000
(31,20),(11,5):0.000000
(31,20),(4,5):0.000000
(31,20),(4,3):0.000000
(31,20),(6,3):0.000000
(31,20),(6,1):0.000000
(31,20),(7,1):0.000000
(31,20),(7,2):0.000000
(31,20),(12,2):0.000000
(31,20),(12,4):0.000000
(31,20),(19,4):0.000000
(31,20),(19,6):0.000000
(31,20),(34,6):0.000000
(31,20),(34,7):0.000000
(31,20),(13,7):0.000000
(31,20),(13,8):0.000000
(31,20),(35,8):0.000000
(31,20),(35,10):0.000000
(31,35),(29,35):34.166668
(31,35),(29,19):34.666668
(31,35),(28,19):4.200000
(31,35),(28,33):0.000000
(31,35),(20,33):0.000000
(31,35),(20,30):0.000000
(31,35),(25,30):0.355628
(31,35),(25,29):0.272123
(31,35),(18,29):0.000000
(31,35),(18,34):0.000000
(31,35),(15,34):0.000000
(31,35),(15,26):0.000000
(31,35),(16,26):0.000000
(31,35),(16,31):0.000000
(31,35),(17,31):0.000000
(31,35),(17,24):0.000000
(31,35),(10,24):0.000000
(31,35),(10,23):0.000000
(31,35),(5,23):0.000000
(31,35),(5,32):0.000000
(31,35),(1,32):0.000000
(31,35),(1,25):0.000000
(31,35),(2,25):0.000000
(31,35),(2,18):0.000000
(31,35),(3,18):0.000000
(31,35),(3,21):0.000000
(31,35),(23,21):0.000000
(31,35),(23,27):0.000000
(31,35),(21,27):0.000000
(31,35),(21,28):0.000000
(31,35),(24,28):0.000000
(31,35),(24,22):0.000000
(31,35),(27,22):0.757576
(31,35),(27,16):5.500000
(31,35),(8,16):1.137500
(31,35),(8,14):1.192642
(31,35),(14,14):1.210892
(31,35),(14,13):1.098239
(31,35),(9,13):0.000000
(31,35),(9,12):0.541094
(31,35),(22,12):0.399886
(31,35),(22,9):0.000000
(31,35),(11,9):0.000000
(31,35),(11,5):0.000000
(31,35),(4,5):0.000000
(31,35),(4,3):0.000000
(31,35),(6,3):0.000000
(31,35),(6,1):0.000000
(31,35),(7,1):0.000000
(31,35),(7,2):0.000000
(31,35),(12,2):0.000000
(31,35),(12,4):0.000000
(31,35),(19,4):0.000000
(31,35),(19,6):0.000000
(31,35),(34,6):0.000000
(31,35),(34,7):0.000000
(31,35),(13,7):0.000000
(31,35),(13,8):0.000000
(31,35),(35,8):0.000000
(31,35),(35,10):0.000000
(29,35),(29,19):34.500000
(29,35),(28,19):4.000000
(29,35),(28,33):0.000000
(29,35),(20,33):0.000000
(29,35),(20,30):0.000000
(29,35),(25,30):0.015152
(29,35),(25,29):0.066667
(29,35),(18,29):0.000000
(29,35),(18,34):0.000000
(29,35),(15,34):0.000000
(29,35),(15,26):0.000000
(29,35),(16,26):0.000000
(29,35),(16,31):0.000000
(29,35),(17,31):0.000000
(29,35),(17,24):0.000000
(29,35),(10,24):0.000000
(29,35),(10,23):0.000000
(29,35),(5,23):0.000000
(29,35),(5,32):0.000000
(29,35),(1,32):0.000000
(29,35),(1,25):0.000000
(29,35),(2,25):0.000000
(29,35),(2,18):0.000000
(29,35),(3,18):0.000000
(29,35),(3,21):0.000000
(29,35),(23,21):0.000000
(29,35),(23,27):0.000000
(29,35),(21,27):0.000000
(29,35),(21,28):0.000000
(29,35),(24,28):0.000000
(29,35),(24,22):0.000000
(29,35),(27,22):0.166667
(29,35),(27,16):5.333333
(29,35),(8,16):1.000000
(29,35),(8,14):1.068713
(29,35),(14,14):1.092949
(29,35),(14,13):0.993590
(29,35),(9,13):0.000000
(29,35),(9,12):0.482353
(29,35),(22,12):0.375000
(29,35),(22,9):0.000000
(29,35),(11,9):0.000000
(29,35),(11,5):0.000000
(29,35),(4,5):0.000000
(29,35),(4,3):0.000000
(29,35),(6,3):0.000000
(29,35),(6,1):0.000000
(29,35),(7,1):0.000000
(29,35),(7,2):0.000000
(29,35),(12,2):0.000000
(29,35),(12,4):0.000000
(29,35),(19,4):0.000000
(29,35),(19,6):0.000000
(29,35),(34,6):0.000000
(29,35),(34,7):0.000000
(29,35),(13,7):0.000000
(29,35),(13,8):0.000000
(29,35),(35,8):0.000000
(29,35),(35,10):0.000000
(29,19),(28,19):12.166667
(29,19),(28,33):4.029412
(29,19),(20,33):0.000000
(29,19),(20,30):0.000000
(29,19),(25,30):1.181818
(29,19),(25,29):0.685714
(29,19),(18,29):0.000000
(29,19),(18,34):0.000000
(29,19),(15,34):0.000000
(29,19),(15,26):0.000000
(29,19),(16,26):0.000000
(29,19),(16,31):0.000000
(29,19),(17,31):0.000000
(29,19),(17,24):0.000000
(29,19),(10,24):0.000000
(29,19),(10,23):0.000000
(29,19),(5,23):0.000000
(29,19),(5,32):0.000000
(29,19),(1,32):0.000000
(29,19),(1,25):0.000000
(29,19),(2,25):0.000000
(29,19),(2,18):0.000000
(29,19),(3,18):0.000000
(29,19),(3,21):0.000000
(29,19),(23,21):0.000000
(29,19),(23,27):0.000000
(29,19),(21,27):0.000000
(29,19),(21,28):0.000000
(29,19),(24,28):0.000000
(29,19),(24,22):0.000000
(29,19),(27,22):6.666667
(29,19),(27,16):13.666667
(29,19),(8,16):3.333333
(29,19),(8,14):3.365778
(29,19),(14,14):3.363876
(29,19),(14,13):3.048878
(29,19),(9,13):0.000000
(29,19),(9,12):1.571141
(29,19),(22,12):1.016667
(29,19),(22,9):0.000000
(29,19),(11,9):0.000000
(29,19),(11,5):0.000000
(29,19),(4,5):0.000000
(29,19),(4,3):0.000000
(29,19),(6,3):0.000000
(29,19),(6,1):0.000000
(29,19),(7,1):0.000000
(29,19),(7,2):0.000000
(29,19),(12,2):0.000000
(29,19),(12,4):0.000000
(29,19),(19,4):0.000000
(29,19),(19,6):0.000000
(29,19),(34,6):0.000000
(29,19),(34,7):0.000000
(29,19),(13,7):0.000000
(29,19),(13,8):0.000000
(29,19),(35,8):0.000000
(29,19),(35,10):0.000000
(28,19),(28,33):35.372070
(28,19),(20,33):12.927273
(28,19),(20,30):10.227273
(28,19),(25,30):31.284090
(28,19),(25,29):29.566668
(28,19),(18,29):4.411765
(28,19),(18,34):0.000000
(28,19),(15,34):0.000000
(28,19),(15,26):0.000000
(28,19),(16,26):0.000000
(28,19),(16,31):0.000000
(28,19),(17,31):0.000000
(28,19),(17,24):0.000000
(28,19),(10,24):0.000000
(28,19),(10,23):0.000000
(28,19),(5,23):0.000000
(28,19),(5,32):0.000000
(28,19),(1,32):0.000000
(28,19),(1,25):0.000000
(28,19),(2,25):0.000000
(28,19),(2,18):0.000000
(28,19),(3,18):0.000000
(28,19),(3,21):0.000000
(28,19),(23,21):0.000000
(28,19),(23,27):0.000000
(28,19),(21,27):0.000000
(28,19),(21,28):4.291667
(28,19),(24,28):20.666666
(28,19),(24,22):26.023809
(28,19),(27,22):37.958332
(28,19),(27,16):26.166666
(28,19),(8,16):3.166667
(28,19),(8,14):3.208485
(28,19),(14,14):3.211355
(28,19),(14,13):2.911011
(28,19),(9,13):0.000000
(28,19),(9,12):1.467997
(28,19),(22,12):0.988889
(28,19),(22,9):0.000000
(28,19),(11,9):0.000000
(28,19),(11,5):0.000000
(28,19),(4,5):0.000000
(28,19),(4,3):0.000000
(28,19),(6,3):0.000000
(28,19),(6,1):0.000000
(28,19),(7,1):0.000000
(28,19),(7,2):0.000000
(28,19),(12,2):0.000000
(28,19),(12,4):0.000000
(28,19),(19,4):0.000000
(28,19),(19,6):0.000000
(28,19),(34,6):0.000000
(28,19),(34,7):0.000000
(28,19),(13,7):0.000000
(28,19),(13,8):0.000000
(28,19),(35,8):0.000000
(28,19),(35,10):0.000000
(28,33),(20,33):26.700001
(28,33),(20,30):24.000000
(28,33),(25,30):50.000000
(28,33),(25,29):41.083332
(28,33),(18,29):4.703704
(28,33),(18,34):0.000000
(28,33),(15,34):0.000000
(28,33),(15,26):0.000000
(28,33),(16,26):0.000000
(28,33),(16,31):0.000000
(28,33),(17,31):0.000000
(28,33),(17,24):0.000000
(28,33),(10,24):0.000000
(28,33),(10,23):0.000000
(28,33),(5,23):0.000000
(28,33),(5,32):0.000000
(28,33),(1,32):0.000000
(28,33),(1,25):0.000000
(28,33),(2,25):0.000000
(28,33),(2,18):0.000000
(28,33),(3,18):0.000000
(28,33),(3,21):0.000000
(28,33),(23,21):0.000000
(28,33),(23,27):0.000000
(28,33),(21,27):0.000000
(28,33),(21,28):4.500000
(28,33),(24,28):32.833332
(28,33),(24,22):38.190475
(28,33),(27,22):47.458332
(28,33),(27,16):18.029411
(28,33),(8,16):1.029412
(28,33),(8,14):0.995619
(28,33),(14,14):0.976759
(28,33),(14,13):0.886012
(28,33),(9,13):0.000000
(28,33),(9,12):0.450689
(28,33),(22,12):0.276923
(28,33),(22,9):0.000000
(28,33),(11,9):0.000000
(28,33),(11,5):0.000000
(28,33),(4,5):0.000000
(28,33),(4,3):0.000000
(28,33),(6,3):0.000000
(28,33),(6,1):0.000000
(28,33),(7,1):0.000000
(28,33),(7,2):0.000000
(28,33),(12,2):0.000000
(28,33),(12,4):0.000000
(28,33),(19,4):0.000000
(28,33),(19,6):0.000000
(28,33),(34,6):0.000000
(28,33),(34,7):0.000000
(28,33),(13,7):0.000000
(28,33),(13,8):0.000000
(28,33),(35,8):0.000000
(28,33),(35,10):0.000000
(20,33),(20,30):24.000000
(20,33),(25,30):26.700001
(20,33),(25,29):11.700000
(20,33),(18,29):0.533333
(20,33),(18,34):0.000000
(20,33),(15,34):0.000000
(20,33),(15,26):0.000000
(20,33),(16,26):0.000000
(20,33),(16,31):0.000000
(20,33),(17,31):0.000000
(20,33),(17,24):0.000000
(20,33),(10,24):0.000000
(20,33),(10,23):0.000000
(20,33),(5,23):0.000000
(20,33),(5,32):0.000000
(20,33),(1,32):0.000000
(20,33),(1,25):0.000000
(20,33),(2,25):0.000000
(20,33),(2,18):0.000000
(20,33),(3,18):0.000000
(20,33),(3,21):0.000000
(20,33),(23,21):0.000000
(20,33),(23,27):0.000000
(20,33),(21,27):0.000000
(20,33),(21,28):1.413235
(20,33),(24,28):4.512500
(20,33),(24,22):10.622932
(20,33),(27,22):12.825000
(20,33),(27,16):4.500000
(20,33),(8,16):0.000000
(20,33),(8,14):0.000000
(20,33),(14,14):0.000000
(20,33),(14,13):0.000000
(20,33),(9,13):0.000000
(20,33),(9,12):0.000000
(20,33),(22,12):0.000000
(20,33),(22,9):0.000000
(20,33),(11,9):0.000000
(20,33),(11,5):0.000000
(20,33),(4,5):0.000000
(20,33),(4,3):0.000000
(20,33),(6,3):0.000000
(20,33),(6,1):0.000000
(20,33),(7,1):0.000000
(20,33),(7,2):0.000000
(20,33),(12,2):0.000000
(20,33),(12,4):0.000000
(20,33),(19,4):0.000000
(20,33),(19,6):0.000000
(20,33),(34,6):0.000000
(20,33),(34,7):0.000000
(20,33),(13,7):0.000000
(20,33),(13,8):0.000000
(20,33),(35,8):0.000000
(20,33),(35,10):0.000000
(20,30),(25,30):24.000000
(20,30),(25,29):9.000000
(20,30),(18,29):0.000000
(20,30),(18,34):0.000000
(20,30),(15,34):0.000000
(20,30),(15,26):0.000000
(20,30),(16,26):0.000000
(20,30),(16,31):0.000000
(20,30),(17,31):0.000000
(20,30),(17,24):0.000000
(20,30),(10,24):0.000000
(20,30),(10,23):0.000000
(20,30),(5,23):0.000000
(20,30),(5,32):0.000000
(20,30),(1,32):0.000000
(20,30),(1,25):0.000000
(20,30),(2,25):0.000000
(20,30),(2,18):0.000000
(20,30),(3,18):0.000000
(20,30),(3,21):0.000000
(20,30),(23,21):0.000000
(20,30),(23,27):0.000000
(20,30),(21,27):0.000000
(20,30),(21,28):0.000000
(20,30),(24,28):2.000000
(20,30),(24,22):7.928571
(20,30),(27,22):10.125000
(20,30),(27,16):3.000000
(20,30),(8,16):0.000000
(20,30),(8,14):0.000000
(20,30),(14,14):0.000000
(20,30),(14,13):0.000000
(20,30),(9,13):0.000000
(20,30),(9,12):0.000000
(20,30),(22,12):0.000000
(20,30),(22,9):0.000000
(20,30),(11,9):0.000000
(20,30),(11,5):0.000000
(20,30),(4,5):0.000000
(20,30),(4,3):0.000000
(20,30),(6,3):0.000000
(20,30),(6,1):0.000000
(20,30),(7,1):0.000000
(20,30),(7,2):0.000000
(20,30),(12,2):0.000000
(20,30),(12,4):0.000000
(20,30),(19,4):0.000000
(20,30),(19,6):0.000000
(20,30),(34,6):0.000000
(20,30),(34,7):0.000000
(20,30),(13,7):0.000000
(20,30),(13,8):0.000000
(20,30),(35,8):0.000000
(20,30),(35,10):0.000000
(25,30),(25,29):35.181820
(25,30),(18,29):4.250000
(25,30),(18,34):0.000000
(25,30),(15,34):0.000000
(25,30),(15,26):0.000000
(25,30),(16,26):0.000000
(25,30),(16,31):0.000000
(25,30),(17,31):0.000000
(25,30),(17,24):0.000000
(25,30),(10,24):0.000000
(25,30),(10,23):0.000000
(25,30),(5,23):0.000000
(25,30),(5,32):0.000000
(25,30),(1,32):0.000000
(25,30),(1,25):0.000000
(25,30),(2,25):0.000000
(25,30),(2,18):0.000000
(25,30),(3,18):0.000000
(25,30),(3,21):0.000000
(25,30),(23,21):0.000000
(25,30),(23,27):0.000000
(25,30),(21,27):0.000000
(25,30),(21,28):4.125000
(25,30),(24,28):26.500000
(25,30),(24,22):31.857143
(25,30),(27,22):37.181820
(25,30),(27,16):14.056818
(25,30),(8,16):0.329545
(25,30),(8,14):0.329066
(25,30),(14,14):0.326378
(25,30),(14,13):0.286414
(25,30),(9,13):0.000000
(25,30),(9,12):0.143688
(25,30),(22,12):0.078914
(25,30),(22,9):0.000000
(25,30),(11,9):0.000000
(25,30),(11,5):0.000000
(25,30),(4,5):0.000000
(25,30),(4,3):0.000000
(25,30),(6,3):0.000000
(25,30),(6,1):0.000000
(25,30),(7,1):0.000000
(25,30),(7,2):0.000000
(25,30),(12,2):0.000000
(25,30),(12,4):0.000000
(25,30),(19,4):0.000000
(25,30),(19,6):0.000000
(25,30),(34,6):0.000000
(25,30),(34,7):0.000000
(25,30),(13,7):0.000000
(25,30),(13,8):0.000000
(25,30),(35,8):0.000000
(25,30),(35,10):0.000000
(25,29),(18,29):14.333333
(25,29),(18,34):1.875000
(25,29),(15,34):0.000000
(25,29),(15,26):0.000000
(25,29),(16,26):0.000000
(25,29),(16,31):0.000000
(25,29),(17,31):2.555556
(25,29),(17,24):6.500000
(25,29),(10,24):0.000000
(25,29),(10,23):0.000000
(25,29),(5,23):0.000000
(25,29),(5,32):0.000000
(25,29),(1,32):0.000000
(25,29),(1,25):0.000000
(25,29),(2,25):0.000000
(25,29),(2,18):0.000000
(25,29),(3,18):0.000000
(25,29),(3,21):0.000000
(25,29),(23,21):5.487179
(25,29),(23,27):0.000000
(25,29),(21,27):6.000000
(25,29),(21,28):14.125000
(25,29),(24,28):40.500000
(25,29),(24,22):38.857143
(25,29),(27,22):42.650002
(25,29),(27,16):13.400000
(25,29),(8,16):0.192857
(25,29),(8,14):0.193197
(25,29),(14,14):0.191776
(25,29),(14,13):0.167521
(25,29),(9,13):0.000000
(25,29),(9,12):0.083978
(25,29),(22,12):0.045281
(25,29),(22,9):0.000000
(25,29),(11,9):0.000000
(25,29),(11,5):0.000000
(25,29),(4,5):0.000000
(25,29),(4,3):0.000000
(25,29),(6,3):0.000000
(25,29),(6,1):0.000000
(25,29),(7,1):0.000000
(25,29),(7,2):0.000000
(25,29),(12,2):0.000000
(25,29),(12,4):0.000000
(25,29),(19,4):0.000000
(25,29),(19,6):0.000000
(25,29),(34,6):0.000000
(25,29),(34,7):0.000000
(25,29),(13,7):0.000000
(25,29),(13,8):0.000000
(25,29),(35,8):0.000000
(25,29),(35,10):0.000000
(18,29),(18,34):15.700000
(18,29),(15,34):6.000000
(18,29),(15,26):0.864286
(18,29),(16,26):0.250000
(18,29),(16,31):5.250000
(18,29),(17,31):31.250000
(18,29),(17,24):49.066666
(18,29),(10,24):18.900000
(18,29),(10,23):21.471428
(18,29),(5,23):12.800000
(18,29),(5,32):0.000000
(18,29),(1,32):0.000000
(18,29),(1,25):0.000000
(18,29),(2,25):0.000000
(18,29),(2,18):0.000000
(18,29),(3,18):0.000000
(18,29),(3,21):22.757143
(18,29),(23,21):43.700001
(18,29),(23,27):35.566666
(18,29),(21,27):43.900002
(18,29),(21,28):40.066666
(18,29),(24,28):12.416667
(18,29),(24,22):5.333333
(18,29),(27,22):5.583333
(18,29),(27,16):1.583333
(18,29),(8,16):0.000000
(18,29),(8,14):0.000000
(18,29),(14,14):0.000000
(18,29),(14,13):0.000000
(18,29),(9,13):0.000000
(18,29),(9,12):0.000000
(18,29),(22,12):0.000000
(18,29),(22,9):0.000000
(18,29),(11,9):0.000000
(18,29),(11,5):0.000000
(18,29),(4,5):0.000000
(18,29),(4,3):0.000000
(18,29),(6,3):0.000000
(18,29),(6,1):0.000000
(18,29),(7,1):0.000000
(18,29),(7,2):0.000000
(18,29),(12,2):0.000000
(18,29),(12,4):0.000000
(18,29),(19,4):0.000000
(18,29),(19,6):0.000000
(18,29),(34,6):0.000000
(18,29),(34,7):0.000000
(18,29),(13,7):0.000000
(18,29),(13,8):0.000000
(18,29),(35,8):0.000000
(18,29),(35,10):0.000000
(18,34),(15,34):10.500000
(18,34),(15,26):4.650000
(18,34),(16,26):3.750000
(18,34),(16,31):9.750000
(18,34),(17,31):19.000000
(18,34),(17,24):13.450000
(18,34),(10,24):3.450000
(18,34),(10,23):3.521429
(18,34),(5,23):2.400000
(18,34),(5,32):0.000000
(18,34),(1,32):0.000000
(18,34),(1,25):0.000000
(18,34),(2,25):0.000000
(18,34),(2,18):0.000000
(18,34),(3,18):0.000000
(18,34),(3,21):3.557143
(18,34),(23,21):9.250000
(18,34),(23,27):6.450000
(18,34),(21,27):8.783334
(18,34),(21,28):8.616667
(18,34),(24,28):1.083333
(18,34),(24,22):0.000000
(18,34),(27,22):0.000000
(18,34),(27,16):0.000000
(18,34),(8,16):0.000000
(18,34),(8,14):0.000000
(18,34),(14,14):0.000000
(18,34),(14,13):0.000000
(18,34),(9,13):0.000000
(18,34),(9,12):0.000000
(18,34),(22,12):0.000000
(18,34),(22,9):0.000000
(18,34),(11,9):0.000000
(18,34),(11,5):0.000000
(18,34),(4,5):0.000000
(18,34),(4,3):0.000000
(18,34),(6,3):0.000000
(18,34),(6,1):0.000000
(18,34),(7,1):0.000000
(18,34),(7,2):0.000000
(18,34),(12,2):0.000000
(18,34),(12,4):0.000000
(18,34),(19,4):0.000000
(18,34),(19,6):0.000000
(18,34),(34,6):0.000000
(18,34),(34,7):0.000000
(18,34),(13,7):0.000000
(18,34),(13,8):0.000000
(18,34),(35,8):0.000000
(18,34),(35,10):0.000000
(15,34),(15,26):8.900000
(15,34),(16,26):8.000000
(15,34),(16,31):14.000000
(15,34),(17,31):9.750000
(15,34),(17,24):3.750000
(15,34),(10,24):0.000000
(15,34),(10,23):0.000000
(15,34),(5,23):0.000000
(15,34),(5,32):0.000000
(15,34),(1,32):0.000000
(15,34),(1,25):0.000000
(15,34),(2,25):0.000000
(15,34),(2,18):0.000000
(15,34),(3,18):0.000000
(15,34),(3,21):0.000000
(15,34),(23,21):0.000000
(15,34),(23,27):0.000000
(15,34),(21,27):0.000000
(15,34),(21,28):0.000000
(15,34),(24,28):0.000000
(15,34),(24,22):0.000000
(15,34),(27,22):0.000000
(15,34),(27,16):0.000000
(15,34),(8,16):0.000000
(15,34),(8,14):0.000000
(15,34),(14,14):0.000000
(15,34),(14,13):0.000000
(15,34),(9,13):0.000000
(15,34),(9,12):0.000000
(15,34),(22,12):0.000000
(15,34),(22,9):0.000000
(15,34),(11,9):0.000000
(15,34),(11,5):0.000000
(15,34),(4,5):0.000000
(15,34),(4,3):0.000000
(15,34),(6,3):0.000000
(15,34),(6,1):0.000000
(15,34),(7,1):0.000000
(15,34),(7,2):0.000000
(15,34),(12,2):0.000000
(15,34),(12,4):0.000000
(15,34),(19,4):0.000000
(15,34),(19,6):0.000000
(15,34),(34,6):0.000000
(15,34),(34,7):0.000000
(15,34),(13,7):0.000000
(15,34),(13,8):0.000000
(15,34),(35,8):0.000000
(15,34),(35,10):0.000000
(15,26),(16,26):8.000000
(15,26),(16,31):8.900000
(15,26),(17,31):3.900000
(15,26),(17,24):0.000000
(15,26),(10,24):0.000000
(15,26),(10,23):0.000000
(15,26),(5,23):0.000000
(15,26),(5,32):0.000000
(15,26),(1,32):0.000000
(15,26),(1,25):0.000000
(15,26),(2,25):0.000000
(15,26),(2,18):0.000000
(15,26),(3,18):0.000000
(15,26),(3,21):0.000000
(15,26),(23,21):0.000000
(15,26),(23,27):0.000000
(15,26),(21,27):0.000000
(15,26),(21,28):0.000000
(15,26),(24,28):0.000000
(15,26),(24,22):0.000000
(15,26),(27,22):0.000000
(15,26),(27,16):0.000000
(15,26),(8,16):0.000000
(15,26),(8,14):0.000000
(15,26),(14,14):0.000000
(15,26),(14,13):0.000000
(15,26),(9,13):0.000000
(15,26),(9,12):0.000000
(15,26),(22,12):0.000000
(15,26),(22,9):0.000000
(15,26),(11,9):0.000000
(15,26),(11,5):0.000000
(15,26),(4,5):0.000000
(15,26),(4,3):0.000000
(15,26),(6,3):0.000000
(15,26),(6,1):0.000000
(15,26),(7,1):0.000000
(15,26),(7,2):0.000000
(15,26),(12,2):0.000000
(15,26),(12,4):0.000000
(15,26),(19,4):0.000000
(15,26),(19,6):0.000000
(15,26),(34,6):0.000000
(15,26),(34,7):0.000000
(15,26),(13,7):0.000000
(15,26),(13,8):0.000000
(15,26),(35,8):0.000000
(15,26),(35,10):0.000000
(16,26),(16,31):8.000000
(16,26),(17,31):3.000000
(16,26),(17,24):0.000000
(16,26),(10,24):0.000000
(16,26),(10,23):0.000000
(16,26),(5,23):0.000000
(16,26),(5,32):0.000000
(16,26),(1,32):0.000000
(16,26),(1,25):0.000000
(16,26),(2,25):0.000000
(16,26),(2,18):0.000000
(16,26),(3,18):0.000000
(16,26),(3,21):0.000000
(16,26),(23,21):0.000000
(16,26),(23,27):0.000000
(16,26),(21,27):0.000000
(16,26),(21,28):0.000000
(16,26),(24,28):0.000000
(16,26),(24,22):0.000000
(16,26),(27,22):0.000000
(16,26),(27,16):0.000000
(16,26),(8,16):0.000000
(16,26),(8,14):0.000000
(16,26),(14,14):0.000000
(16,26),(14,13):0.000000
(16,26),(9,13):0.000000
(16,26),(9,12):0.000000
(16,26),(22,12):0.000000
(16,26),(22,9):0.000000
(16,26),(11,9):0.000000
(16,26),(11,5):0.000000
(16,26),(4,5):0.000000
(16,26),(4,3):0.000000
(16,26),(6,3):0.000000
(16,26),(6,1):0.000000
(16,26),(7,1):0.000000
(16,26),(7,2):0.000000
(16,26),(12,2):0.000000
(16,26),(12,4):0.000000
(16,26),(19,4):0.000000
(16,26),(19,6):0.000000
(16,26),(34,6):0.000000
(16,26),(34,7):0.000000
(16,26),(13,7):0.000000
(16,26),(13,8):0.000000
(16,26),(35,8):0.000000
(16,26),(35,10):0.000000
(16,31),(17,31):9.000000
(16,31),(17,24):3.000000
(16,31),(10,24):0.000000
(16,31),(10,23):0.000000
(16,31),(5,23):0.000000
(16,31),(5,32):0.000000
(16,31),(1,32):0.000000
(16,31),(1,25):0.000000
(16,31),(2,25):0.000000
(16,31),(2,18):0.000000
(16,31),(3,18):0.000000
(16,31),(3,21):0.000000
(16,31),(23,21):0.000000
(16,31),(23,27):0.000000
(16,31),(21,27):0.000000
(16,31),(21,28):0.000000
(16,31),(24,28):0.000000
(16,31),(24,22):0.000000
(16,31),(27,22):0.000000
(16,31),(27,16):0.000000
(16,31),(8,16):0.000000
(16,31),(8,14):0.000000
(16,31),(14,14):0.000000
(16,31),(14,13):0.000000
(16,31),(9,13):0.000000
(16,31),(9,12):0.000000
(16,31),(22,12):0.000000
(16,31),(22,9):0.000000
(16,31),(11,9):0.000000
(16,31),(11,5):0.000000
(16,31),(4,5):0.000000
(16,31),(4,3):0.000000
(16,31),(6,3):0.000000
(16,31),(6,1):0.000000
(16,31),(7,1):0.000000
(16,31),(7,2):0.000000
(16,31),(12,2):0.000000
(16,31),(12,4):0.000000
(16,31),(19,4):0.000000
(16,31),(19,6):0.000000
(16,31),(34,6):0.000000
(16,31),(34,7):0.000000
(16,31),(13,7):0.000000
(16,31),(13,8):0.000000
(16,31),(35,8):0.000000
(16,31),(35,10):0.000000
(17,31),(17,24):29.000000
(17,31),(10,24):12.750000
(17,31),(10,23):13.566667
(17,31),(5,23):9.000000
(17,31),(5,32):0.000000
(17,31),(1,32):0.000000
(17,31),(1,25):0.000000
(17,31),(2,25):0.000000
(17,31),(2,18):0.000000
(17,31),(3,18):0.000000
(17,31),(3,21):13.935484
(17,31),(23,21):24.799999
(17,31),(23,27):21.000000
(17,31),(21,27):24.333334
(17,31),(21,28):23.166666
(17,31),(24,28):1.333333
(17,31),(24,22):0.000000
(17,31),(27,22):0.000000
(17,31),(27,16):0.000000
(17,31),(8,16):0.000000
(17,31),(8,14):0.000000
(17,31),(14,14):0.000000
(17,31),(14,13):0.000000
(17,31),(9,13):0.000000
(17,31),(9,12):0.000000
(17,31),(22,12):0.000000
(17,31),(22,9):0.000000
(17,31),(11,9):0.000000
(17,31),(11,5):0.000000
(17,31),(4,5):0.000000
(17,31),(4,3):0.000000
(17,31),(6,3):0.000000
(17,31),(6,1):0.000000
(17,31),(7,1):0.000000
(17,31),(7,2):0.000000
(17,31),(12,2):0.000000
(17,31),(12,4):0.000000
(17,31),(19,4):0.000000
(17,31),(19,6):0.000000
(17,31),(34,6):0.000000
(17,31),(34,7):0.000000
(17,31),(13,7):0.000000
(17,31),(13,8):0.000000
(17,31),(35,8):0.000000
(17,31),(35,10):0.000000
(17,24),(10,24):39.000000
(17,24),(10,23):53.107143
(17,24),(5,23):37.535713
(17,24),(5,32):3.321429
(17,24),(1,32):3.564231
(17,24),(1,25):0.000000
(17,24),(2,25):6.006302
(17,24),(2,18):1.210714
(17,24),(3,18):1.035714
(17,24),(3,21):52.642857
(17,24),(23,21):76.561905
(17,24),(23,27):45.000000
(17,24),(21,27):50.333332
(17,24),(21,28):37.166668
(17,24),(24,28):4.583333
(17,24),(24,22):0.000000
(17,24),(27,22):0.000000
(17,24),(27,16):0.000000
(17,24),(8,16):0.000000
(17,24),(8,14):0.000000
(17,24),(14,14):0.000000
(17,24),(14,13):0.000000
(17,24),(9,13):0.000000
(17,24),(9,12):0.000000
(17,24),(22,12):0.000000
(17,24),(22,9):0.000000
(17,24),(11,9):0.000000
(17,24),(11,5):0.000000
(17,24),(4,5):0.000000
(17,24),(4,3):0.000000
(17,24),(6,3):0.000000
(17,24),(6,1):0.000000
(17,24),(7,1):0.000000
(17,24),(7,2):0.000000
(17,24),(12,2):0.000000
(17,24),(12,4):0.000000
(17,24),(19,4):0.000000
(17,24),(19,6):0.000000
(17,24),(34,6):0.000000
(17,24),(34,7):0.000000
(17,24),(13,7):0.000000
(17,24),(13,8):0.000000
(17,24),(35,8):0.000000
(17,24),(35,10):0.000000
(10,24),(10,23):39.000000
(10,24),(5,23):26.000000
(10,24),(5,32):0.000000
(10,24),(1,32):0.000000
(10,24),(1,25):0.000000
(10,24),(2,25):0.000000
(10,24),(2,18):0.000000
(10,24),(3,18):0.000000
(10,24),(3,21):37.250000
(10,24),(23,21):39.000000
(10,24),(23,27):27.000000
(10,24),(21,27):24.000000
(10,24),(21,28):16.500000
(10,24),(24,28):0.000000
(10,24),(24,22):0.000000
(10,24),(27,22):0.000000
(10,24),(27,16):0.000000
(10,24),(8,16):0.000000
(10,24),(8,14):0.000000
(10,24),(14,14):0.000000
(10,24),(14,13):0.000000
(10,24),(9,13):0.000000
(10,24),(9,12):0.000000
(10,24),(22,12):0.000000
(10,24),(22,9):0.000000
(10,24),(11,9):0.000000
(10,24),(11,5):0.000000
(10,24),(4,5):0.000000
(10,24),(4,3):0.000000
(10,24),(6,3):0.000000
(10,24),(6,1):0.000000
(10,24),(7,1):0.000000
(10,24),(7,2):0.000000
(10,24),(12,2):0.000000
(10,24),(12,4):0.000000
(10,24),(19,4):0.000000
(10,24),(19,6):0.000000
(10,24),(34,6):0.000000
(10,24),(34,7):0.000000
(10,24),(13,7):0.000000
(10,24),(13,8):0.000000
(10,24),(35,8):0.000000
(10,24),(35,10):0.000000
(10,23),(5,23):42.142857
(10,23),(5,32):6.142857
(10,23),(1,32):6.056956
(10,23),(1,25):0.000000
(10,23),(2,25):9.142858
(10,23),(2,18):2.809524
(10,23),(3,18):2.142857
(10,23),(3,21):55.964287
(10,23),(23,21):57.571430
(10,23),(23,27):29.571428
(10,23),(21,27):26.571428
(10,23),(21,28):17.642857
(10,23),(24,28):0.000000
(10,23),(24,22):0.000000
(10,23),(27,22):0.000000
(10,23),(27,16):0.000000
(10,23),(8,16):0.000000
(10,23),(8,14):0.000000
(10,23),(14,14):0.000000
(10,23),(14,13):0.000000
(10,23),(9,13):0.000000
(10,23),(9,12):0.000000
(10,23),(22,12):0.000000
(10,23),(22,9):0.000000
(10,23),(11,9):0.000000
(10,23),(11,5):0.000000
(10,23),(4,5):0.000000
(10,23),(4,3):0.000000
(10,23),(6,3):0.000000
(10,23),(6,1):0.000000
(10,23),(7,1):0.000000
(10,23),(7,2):0.000000
(10,23),(12,2):0.000000
(10,23),(12,4):0.000000
(10,23),(19,4):0.000000
(10,23),(19,6):0.000000
(10,23),(34,6):0.000000
(10,23),(34,7):0.000000
(10,23),(13,7):0.000000
(10,23),(13,8):0.000000
(10,23),(35,8):0.000000
(10,23),(35,10):0.000000
(5,23),(5,32):40.166668
(5,23),(1,32):39.493057
(5,23),(1,25):27.666666
(5,23),(2,25):43.166668
(5,23),(2,18):27.500000
(5,23),(3,18):15.000000
(5,23),(3,21):74.500000
(5,23),(23,21):42.500000
(5,23),(23,27):20.000000
(5,23),(21,27):17.333334
(5,23),(21,28):12.000000
(5,23),(24,28):0.000000
(5,23),(24,22):0.000000
(5,23),(27,22):0.000000
(5,23),(27,16):0.000000
(5,23),(8,16):0.000000
(5,23),(8,14):0.000000
(5,23),(14,14):0.000000
(5,23),(14,13):0.000000
(5,23),(9,13):0.000000
(5,23),(9,12):0.000000
(5,23),(22,12):0.000000
(5,23),(22,9):0.000000
(5,23),(11,9):0.000000
(5,23),(11,5):0.000000
(5,23),(4,5):0.000000
(5,23),(4,3):0.000000
(5,23),(6,3):0.000000
(5,23),(6,1):0.000000
(5,23),(7,1):0.000000
(5,23),(7,2):0.000000
(5,23),(12,2):0.000000
(5,23),(12,4):0.000000
(5,23),(19,4):0.000000
(5,23),(19,6):0.000000
(5,23),(34,6):0.000000
(5,23),(34,7):0.000000
(5,23),(13,7):0.000000
(5,23),(13,8):0.000000
(5,23),(35,8):0.000000
(5,23),(35,10):0.000000
(5,32),(1,32):39.139999
(5,32),(1,25):28.000000
(5,32),(2,25):42.181820
(5,32),(2,18):29.181818
(5,32),(3,18):16.681818
(5,32),(3,21):40.181820
(5,32),(23,21):6.500000
(5,32),(23,27):0.000000
(5,32),(21,27):0.000000
(5,32),(21,28):0.000000
(5,32),(24,28):0.000000
(5,32),(24,22):0.000000
(5,32),(27,22):0.000000
(5,32),(27,16):0.000000
(5,32),(8,16):0.000000
(5,32),(8,14):0.000000
(5,32),(14,14):0.000000
(5,32),(14,13):0.000000
(5,32),(9,13):0.000000
(5,32),(9,12):0.000000
(5,32),(22,12):0.000000
(5,32),(22,9):0.000000
(5,32),(11,9):0.000000
(5,32),(11,5):0.000000
(5,32),(4,5):0.000000
(5,32),(4,3):0.000000
(5,32),(6,3):0.000000
(5,32),(6,1):0.000000
(5,32),(7,1):0.000000
(5,32),(7,2):0.000000
(5,32),(12,2):0.000000
(5,32),(12,4):0.000000
(5,32),(19,4):0.000000
(5,32),(19,6):0.000000
(5,32),(34,6):0.000000
(5,32),(34,7):0.000000
(5,32),(13,7):0.000000
(5,32),(13,8):0.000000
(5,32),(35,8):0.000000
(5,32),(35,10):0.000000
(1,32),(1,25):28.000000
(1,32),(2,25):40.388889
(1,32),(2,18):26.500000
(1,32),(3,18):14.000000
(1,32),(3,21):38.388889
(1,32),(23,21):6.447645
(1,32),(23,27):0.000000
(1,32),(21,27):0.000000
(1,32),(21,28):0.000000
(1,32),(24,28):0.000000
(1,32),(24,22):0.000000
(1,32),(27,22):0.000000
(1,32),(27,16):0.000000
(1,32),(8,16):0.000000
(1,32),(8,14):0.000000
(1,32),(14,14):0.000000
(1,32),(14,13):0.000000
(1,32),(9,13):0.000000
(1,32),(9,12):0.000000
(1,32),(22,12):0.000000
(1,32),(22,9):0.000000
(1,32),(11,9):0.000000
(1,32),(11,5):0.000000
(1,32),(4,5):0.000000
(1,32),(4,3):0.000000
(1,32),(6,3):0.000000
(1,32),(6,1):0.000000
(1,32),(7,1):0.000000
(1,32),(7,2):0.000000
(1,32),(12,2):0.000000
(1,32),(12,4):0.000000
(1,32),(19,4):0.000000
(1,32),(19,6):0.000000
(1,32),(34,6):0.000000
(1,32),(34,7):0.000000
(1,32),(13,7):0.000000
(1,32),(13,8):0.000000
(1,32),(35,8):0.000000
(1,32),(35,10):0.000000
(1,25),(2,25):28.000000
(1,25),(2,18):20.333334
(1,25),(3,18):10.500000
(1,25),(3,21):26.000000
(1,25),(23,21):0.000000
(1,25),(23,27):0.000000
(1,25),(21,27):0.000000
(1,25),(21,28):0.000000
(1,25),(24,28):0.000000
(1,25),(24,22):0.000000
(1,25),(27,22):0.000000
(1,25),(27,16):0.000000
(1,25),(8,16):0.000000
(1,25),(8,14):0.000000
(1,25),(14,14):0.000000
(1,25),(14,13):0.000000
(1,25),(9,13):0.000000
(1,25),(9,12):0.000000
(1,25),(22,12):0.000000
(1,25),(22,9):0.000000
(1,25),(11,9):0.000000
(1,25),(11,5):0.000000
(1,25),(4,5):0.000000
(1,25),(4,3):0.000000
(1,25),(6,3):0.000000
(1,25),(6,1):0.000000
(1,25),(7,1):0.000000
(1,25),(7,2):0.000000
(1,25),(12,2):0.000000
(1,25),(12,4):0.000000
(1,25),(19,4):0.000000
(1,25),(19,6):0.000000
(1,25),(34,6):0.000000
(1,25),(34,7):0.000000
(1,25),(13,7):0.000000
(1,25),(13,8):0.000000
(1,25),(35,8):0.000000
(1,25),(35,10):0.000000
(2,25),(2,18):30.000000
(2,25),(3,18):17.500000
(2,25),(3,21):44.000000
(2,25),(23,21):9.500000
(2,25),(23,27):0.000000
(2,25),(21,27):0.000000
(2,25),(21,28):0.000000
(2,25),(24,28):0.000000
(2,25),(24,22):0.000000
(2,25),(27,22):0.000000
(2,25),(27,16):0.000000
(2,25),(8,16):0.000000
(2,25),(8,14):0.000000
(2,25),(14,14):0.000000
(2,25),(14,13):0.000000
(2,25),(9,13):0.000000
(2,25),(9,12):0.000000
(2,25),(22,12):0.000000
(2,25),(22,9):0.000000
(2,25),(11,9):0.000000
(2,25),(11,5):0.000000
(2,25),(4,5):0.000000
(2,25),(4,3):0.000000
(2,25),(6,3):0.000000
(2,25),(6,1):0.000000
(2,25),(7,1):0.000000
(2,25),(7,2):0.000000
(2,25),(12,2):0.000000
(2,25),(12,4):0.000000
(2,25),(19,4):0.000000
(2,25),(19,6):0.000000
(2,25),(34,6):0.000000
(2,25),(34,7):0.000000
(2,25),(13,7):0.000000
(2,25),(13,8):0.000000
(2,25),(35,8):0.000000
(2,25),(35,10):0.000000
(2,18),(3,18):14.000000
(2,18),(3,21):30.000000
(2,18),(23,21):3.071429
(2,18),(23,27):0.000000
(2,18),(21,27):0.000000
(2,18),(21,28):0.000000
(2,18),(24,28):0.000000
(2,18),(24,22):0.000000
(2,18),(27,22):0.000000
(2,18),(27,16):0.000000
(2,18),(8,16):0.000000
(2,18),(8,14):0.000000
(2,18),(14,14):0.000000
(2,18),(14,13):0.000000
(2,18),(9,13):0.000000
(2,18),(9,12):0.000000
(2,18),(22,12):0.000000
(2,18),(22,9):0.000000
(2,18),(11,9):0.000000
(2,18),(11,5):0.000000
(2,18),(4,5):0.000000
(2,18),(4,3):0.000000
(2,18),(6,3):0.000000
(2,18),(6,1):0.000000
(2,18),(7,1):0.000000
(2,18),(7,2):0.000000
(2,18),(12,2):0.000000
(2,18),(12,4):0.000000
(2,18),(19,4):0.000000
(2,18),(19,6):0.000000
(2,18),(34,6):0.000000
(2,18),(34,7):0.000000
(2,18),(13,7):0.000000
(2,18),(13,8):0.000000
(2,18),(35,8):0.000000
(2,18),(35,10):0.000000
(3,18),(3,21):17.500000
(3,18),(23,21):2.277778
(3,18),(23,27):0.000000
(3,18),(21,27):0.000000
(3,18),(21,28):0.000000
(3,18),(24,28):0.000000
(3,18),(24,22):0.000000
(3,18),(27,22):0.000000
(3,18),(27,16):0.000000
(3,18),(8,16):0.000000
(3,18),(8,14):0.000000
(3,18),(14,14):0.000000
(3,18),(14,13):0.000000
(3,18),(9,13):0.000000
(3,18),(9,12):0.000000
(3,18),(22,12):0.000000
(3,18),(22,9):0.000000
(3,18),(11,9):0.000000
(3,18),(11,5):0.000000
(3,18),(4,5):0.000000
(3,18),(4,3):0.000000
(3,18),(6,3):0.000000
(3,18),(6,1):0.000000
(3,18),(7,1):0.000000
(3,18),(7,2):0.000000
(3,18),(12,2):0.000000
(3,18),(12,4):0.000000
(3,18),(19,4):0.000000
(3,18),(19,6):0.000000
(3,18),(34,6):0.000000
(3,18),(34,7):0.000000
(3,18),(13,7):0.000000
(3,18),(13,8):0.000000
(3,18),(35,8):0.000000
(3,18),(35,10):0.000000
(3,21),(23,21):57.607143
(3,21),(23,27):30.857143
(3,21),(21,27):27.857143
(3,21),(21,28):18.214285
(3,21),(24,28):0.000000
(3,21),(24,22):0.000000
(3,21),(27,22):0.000000
(3,21),(27,16):0.000000
(3,21),(8,16):0.000000
(3,21),(8,14):0.000000
(3,21),(14,14):0.000000
(3,21),(14,13):0.000000
(3,21),(9,13):0.000000
(3,21),(9,12):0.000000
(3,21),(22,12):0.000000
(3,21),(22,9):0.000000
(3,21),(11,9):0.000000
(3,21),(11,5):0.000000
(3,21),(4,5):0.000000
(3,21),(4,3):0.000000
(3,21),(6,3):0.000000
(3,21),(6,1):0.000000
(3,21),(7,1):0.000000
(3,21),(7,2):0.000000
(3,21),(12,2):0.000000
(3,21),(12,4):0.000000
(3,21),(19,4):0.000000
(3,21),(19,6):0.000000
(3,21),(34,6):0.000000
(3,21),(34,7):0.000000
(3,21),(13,7):0.000000
(3,21),(13,8):0.000000
(3,21),(35,8):0.000000
(3,21),(35,10):0.000000
(23,21),(23,27):45.000000
(23,21),(21,27):49.666668
(23,21),(21,28):36.000000
(23,21),(24,28):3.583333
(23,21),(24,22):0.000000
(23,21),(27,22):0.000000
(23,21),(27,16):0.000000
(23,21),(8,16):0.000000
(23,21),(8,14):0.000000
(23,21),(14,14):0.000000
(23,21),(14,13):0.000000
(23,21),(9,13):0.000000
(23,21),(9,12):0.000000
(23,21),(22,12):0.000000
(23,21),(22,9):0.000000
(23,21),(11,9):0.000000
(23,21),(11,5):0.000000
(23,21),(4,5):0.000000
(23,21),(4,3):0.000000
(23,21),(6,3):0.000000
(23,21),(6,1):0.000000
(23,21),(7,1):0.000000
(23,21),(7,2):0.000000
(23,21),(12,2):0.000000
(23,21),(12,4):0.000000
(23,21),(19,4):0.000000
(23,21),(19,6):0.000000
(23,21),(34,6):0.000000
(23,21),(34,7):0.000000
(23,21),(13,7):0.000000
(23,21),(13,8):0.000000
(23,21),(35,8):0.000000
(23,21),(35,10):0.000000
(23,27),(21,27):42.000000
(23,27),(21,28):28.500000
(23,27),(24,28):0.000000
(23,27),(24,22):0.000000
(23,27),(27,22):0.000000
(23,27),(27,16):0.000000
(23,27),(8,16):0.000000
(23,27),(8,14):0.000000
(23,27),(14,14):0.000000
(23,27),(14,13):0.000000
(23,27),(9,13):0.000000
(23,27),(9,12):0.000000
(23,27),(22,12):0.000000
(23,27),(22,9):0.000000
(23,27),(11,9):0.000000
(23,27),(11,5):0.000000
(23,27),(4,5):0.000000
(23,27),(4,3):0.000000
(23,27),(6,3):0.000000
(23,27),(6,1):0.000000
(23,27),(7,1):0.000000
(23,27),(7,2):0.000000
(23,27),(12,2):0.000000
(23,27),(12,4):0.000000
(23,27),(19,4):0.000000
(23,27),(19,6):0.000000
(23,27),(34,6):0.000000
(23,27),(34,7):0.000000
(23,27),(13,7):0.000000
(23,27),(13,8):0.000000
(23,27),(35,8):0.000000
(23,27),(35,10):0.000000
(21,27),(21,28):36.666668
(21,27),(24,28):4.083333
(21,27),(24,22):0.000000
(21,27),(27,22):0.000000
(21,27),(27,16):0.000000
(21,27),(8,16):0.000000
(21,27),(8,14):0.000000
(21,27),(14,14):0.000000
(21,27),(14,13):0.000000
(21,27),(9,13):0.000000
(21,27),(9,12):0.000000
(21,27),(22,12):0.000000
(21,27),(22,9):0.000000
(21,27),(11,9):0.000000
(21,27),(11,5):0.000000
(21,27),(4,5):0.000000
(21,27),(4,3):0.000000
(21,27),(6,3):0.000000
(21,27),(6,1):0.000000
(21,27),(7,1):0.000000
(21,27),(7,2):0.000000
(21,27),(12,2):0.000000
(21,27),(12,4):0.000000
(21,27),(19,4):0.000000
(21,27),(19,6):0.000000
(21,27),(34,6):0.000000
(21,27),(34,7):0.000000
(21,27),(13,7):0.000000
(21,27),(13,8):0.000000
(21,27),(35,8):0.000000
(21,27),(35,10):0.000000
(21,28),(24,28):12.208333
(21,28),(24,22):5.125000
(21,28),(27,22):5.375000
(21,28),(27,16):1.625000
(21,28),(8,16):0.000000
(21,28),(8,14):0.000000
(21,28),(14,14):0.000000
(21,28),(14,13):0.000000
(21,28),(9,13):0.000000
(21,28),(9,12):0.000000
(21,28),(22,12):0.000000
(21,28),(22,9):0.000000
(21,28),(11,9):0.000000
(21,28),(11,5):0.000000
(21,28),(4,5):0.000000
(21,28),(4,3):0.000000
(21,28),(6,3):0.000000
(21,28),(6,1):0.000000
(21,28),(7,1):0.000000
(21,28),(7,2):0.000000
(21,28),(12,2):0.000000
(21,28),(12,4):0.000000
(21,28),(19,4):0.000000
(21,28),(19,6):0.000000
(21,28),(34,6):0.000000
(21,28),(34,7):0.000000
(21,28),(13,7):0.000000
(21,28),(13,8):0.000000
(21,28),(35,8):0.000000
(21,28),(35,10):0.000000
(24,28),(24,22):32.500000
(24,28),(27,22):33.750000
(24,28),(27,16):10.500000
(24,28),(8,16):0.000000
(24,28),(8,14):0.000000
(24,28),(14,14):0.000000
(24,28),(14,13):0.000000
(24,28),(9,13):0.000000
(24,28),(9,12):0.000000
(24,28),(22,12):0.000000
(24,28),(22,9):0.000000
(24,28),(11,9):0.000000
(24,28),(11,5):0.000000
(24,28),(4,5):0.000000
(24,28),(4,3):0.000000
(24,28),(6,3):0.000000
(24,28),(6,1):0.000000
(24,28),(7,1):0.000000
(24,28),(7,2):0.000000
(24,28),(12,2):0.000000
(24,28),(12,4):0.000000
(24,28),(19,4):0.000000
(24,28),(19,6):0.000000
(24,28),(34,6):0.000000
(24,28),(34,7):0.000000
(24,28),(13,7):0.000000
(24,28),(13,8):0.000000
(24,28),(35,8):0.000000
(24,28),(35,10):0.000000
(24,22),(27,22):38.857143
(24,22),(27,16):11.000000
(24,22),(8,16):0.000000
(24,22),(8,14):0.000000
(24,22),(14,14):0.000000
(24,22),(14,13):0.000000
(24,22),(9,13):0.000000
(24,22),(9,12):0.000000
(24,22),(22,12):0.000000
(24,22),(22,9):0.000000
(24,22),(11,9):0.000000
(24,22),(11,5):0.000000
(24,22),(4,5):0.000000
(24,22),(4,3):0.000000
(24,22),(6,3):0.000000
(24,22),(6,1):0.000000
(24,22),(7,1):0.000000
(24,22),(7,2):0.000000
(24,22),(12,2):0.000000
(24,22),(12,4):0.000000
(24,22),(19,4):0.000000
(24,22),(19,6):0.000000
(24,22),(34,6):0.000000
(24,22),(34,7):0.000000
(24,22),(13,7):0.000000
(24,22),(13,8):0.000000
(24,22),(35,8):0.000000
(24,22),(35,10):0.000000
(27,22),(27,16):20.666666
(27,22),(8,16):2.166667
(27,22),(8,14):2.094804
(27,22),(14,14):2.050566
(27,22),(14,13):1.801378
(27,22),(9,13):0.000000
(27,22),(9,12):0.928976
(27,22),(22,12):0.471491
(27,22),(22,9):0.000000
(27,22),(11,9):0.000000
(27,22),(11,5):0.000000
(27,22),(4,5):0.000000
(27,22),(4,3):0.000000
(27,22),(6,3):0.000000
(27,22),(6,1):0.000000
(27,22),(7,1):0.000000
(27,22),(7,2):0.000000
(27,22),(12,2):0.000000
(27,22),(12,4):0.000000
(27,22),(19,4):0.000000
(27,22),(19,6):0.000000
(27,22),(34,6):0.000000
(27,22),(34,7):0.000000
(27,22),(13,7):0.000000
(27,22),(13,8):0.000000
(27,22),(35,8):0.000000
(27,22),(35,10):0.000000
(27,16),(8,16):53.611111
(27,16),(8,14):39.529240
(27,16),(14,14):59.625641
(27,16),(14,13):49.427349
(27,16),(9,13):11.702381
(27,16),(9,12):25.854902
(27,16),(22,12):55.266666
(27,16),(22,9):12.333333
(27,16),(11,9):0.000000
(27,16),(11,5):0.000000
(27,16),(4,5):0.000000
(27,16),(4,3):0.000000
(27,16),(6,3):0.000000
(27,16),(6,1):0.000000
(27,16),(7,1):0.000000
(27,16),(7,2):0.000000
(27,16),(12,2):0.000000
(27,16),(12,4):0.000000
(27,16),(19,4):0.000000
(27,16),(19,6):0.000000
(27,16),(34,6):0.000000
(27,16),(34,7):0.000000
(27,16),(13,7):0.000000
(27,16),(13,8):0.000000
(27,16),(35,8):6.500000
(27,16),(35,10):0.000000
(8,16),(8,14):39.555557
(8,16),(14,14):59.333332
(8,16),(14,13):45.666668
(8,16),(9,13):8.115385
(8,16),(9,12):23.025736
(8,16),(22,12):54.059525
(8,16),(22,9):20.226191
(8,16),(11,9):0.442857
(8,16),(11,5):0.000000
(8,16),(4,5):0.000000
(8,16),(4,3):0.000000
(8,16),(6,3):0.000000
(8,16),(6,1):0.000000
(8,16),(7,1):0.000000
(8,16),(7,2):0.000000
(8,16),(12,2):0.000000
(8,16),(12,4):0.000000
(8,16),(19,4):0.000000
(8,16),(19,6):0.000000
(8,16),(34,6):0.000000
(8,16),(34,7):0.000000
(8,16),(13,7):0.000000
(8,16),(13,8):1.010635
(8,16),(35,8):8.392858
(8,16),(35,10):1.092857
(8,14),(14,14):39.807018
(8,14),(14,13):27.140350
(8,14),(9,13):0.000000
(8,14),(9,12):6.688235
(8,14),(22,12):32.173470
(8,14),(22,9):8.333333
(8,14),(11,9):0.000000
(8,14),(11,5):0.000000
(8,14),(4,5):0.000000
(8,14),(4,3):0.000000
(8,14),(6,3):0.000000
(8,14),(6,1):0.000000
(8,14),(7,1):0.000000
(8,14),(7,2):0.000000
(8,14),(12,2):0.000000
(8,14),(12,4):0.000000
(8,14),(19,4):0.000000
(8,14),(19,6):0.000000
(8,14),(34,6):0.000000
(8,14),(34,7):0.000000
(8,14),(13,7):0.000000
(8,14),(13,8):0.000000
(8,14),(35,8):3.500000
(8,14),(35,10):0.000000
(14,14),(14,13):52.358974
(14,14),(9,13):12.615385
(14,14),(9,12):28.188236
(14,14),(22,12):58.177418
(14,14),(22,9):18.333334
(14,14),(11,9):0.000000
(14,14),(11,5):0.000000
(14,14),(4,5):0.000000
(14,14),(4,3):0.000000
(14,14),(6,3):0.000000
(14,14),(6,1):0.000000
(14,14),(7,1):0.000000
(14,14),(7,2):0.000000
(14,14),(12,2):0.000000
(14,14),(12,4):0.000000
(14,14),(19,4):0.000000
(14,14),(19,6):0.000000
(14,14),(34,6):0.000000
(14,14),(34,7):0.000000
(14,14),(13,7):0.000000
(14,14),(13,8):0.000000
(14,14),(35,8):6.500000
(14,14),(35,10):0.000000
(14,13),(9,13):17.615385
(14,13),(9,12):33.188236
(14,13),(22,12):54.685184
(14,13),(22,9):17.333334
(14,13),(11,9):0.000000
(14,13),(11,5):0.000000
(14,13),(4,5):0.000000
(14,13),(4,3):0.000000
(14,13),(6,3):0.000000
(14,13),(6,1):0.000000
(14,13),(7,1):0.000000
(14,13),(7,2):0.000000
(14,13),(12,2):0.000000
(14,13),(12,4):0.000000
(14,13),(19,4):0.000000
(14,13),(19,6):0.000000
(14,13),(34,6):0.000000
(14,13),(34,7):0.000000
(14,13),(13,7):0.000000
(14,13),(13,8):0.000000
(14,13),(35,8):3.753846
(14,13),(35,10):0.000000
(9,13),(9,12):17.000000
(9,13),(22,12):17.615385
(9,13),(22,9):4.615385
(9,13),(11,9):0.000000
(9,13),(11,5):0.000000
(9,13),(4,5):0.000000
(9,13),(4,3):0.000000
(9,13),(6,3):0.000000
(9,13),(6,1):0.000000
(9,13),(7,1):0.000000
(9,13),(7,2):0.000000
(9,13),(12,2):0.000000
(9,13),(12,4):0.000000
(9,13),(19,4):0.000000
(9,13),(19,6):0.000000
(9,13),(34,6):0.000000
(9,13),(34,7):0.000000
(9,13),(13,7):0.000000
(9,13),(13,8):0.000000
(9,13),(35,8):1.175000
(9,13),(35,10):0.000000
(9,12),(22,12):31.545454
(9,12),(22,9):12.061539
(9,12),(11,9):0.000000
(9,12),(11,5):0.000000
(9,12),(4,5):0.000000
(9,12),(4,3):0.000000
(9,12),(6,3):0.000000
(9,12),(6,1):0.000000
(9,12),(7,1):0.000000
(9,12),(7,2):0.000000
(9,12),(12,2):0.000000
(9,12),(12,4):0.000000
(9,12),(19,4):0.000000
(9,12),(19,6):0.000000
(9,12),(34,6):0.000000
(9,12),(34,7):0.000000
(9,12),(13,7):0.000000
(9,12),(13,8):0.000000
(9,12),(35,8):2.007576
(9,12),(35,10):0.000000
(22,12),(22,9):49.208332
(22,12),(11,9):12.875000
(22,12),(11,5):0.000000
(22,12),(4,5):0.000000
(22,12),(4,3):0.000000
(22,12),(6,3):0.000000
(22,12),(6,1):0.000000
(22,12),(7,1):0.000000
(22,12),(7,2):0.000000
(22,12),(12,2):0.000000
(22,12),(12,4):0.000000
(22,12),(19,4):0.000000
(22,12),(19,6):0.000000
(22,12),(34,6):0.000000
(22,12),(34,7):0.000000
(22,12),(13,7):0.000000
(22,12),(13,8):18.413462
(22,12),(35,8):37.375000
(22,12),(35,10):22.875000
(22,9),(11,9):24.222221
(22,9),(11,5):2.555556
(22,9),(4,5):0.000000
(22,9),(4,3):0.000000
(22,9),(6,3):0.000000
(22,9),(6,1):0.000000
(22,9),(7,1):0.000000
(22,9),(7,2):0.000000
(22,9),(12,2):1.166667
(22,9),(12,4):2.347222
(22,9),(19,4):0.040404
(22,9),(19,6):0.000000
(22,9),(34,6):0.000000
(22,9),(34,7):0.000000
(22,9),(13,7):2.222222
(22,9),(13,8):32.944443
(22,9),(35,8):50.166668
(22,9),(35,10):32.527973
(11,9),(11,5):16.833334
(11,9),(4,5):6.500000
(11,9),(4,3):6.388889
(11,9),(6,3):7.642857
(11,9),(6,1):0.000000
(11,9),(7,1):0.000000
(11,9),(7,2):7.642857
(11,9),(12,2):7.000000
(11,9),(12,4):16.625000
(11,9),(19,4):11.500000
(11,9),(19,6):10.976191
(11,9),(34,6):2.595238
(11,9),(34,7):3.852083
(11,9),(13,7):15.833333
(11,9),(13,8):33.500000
(11,9),(35,8):24.000000
(11,9),(35,10):19.527971
(11,5),(4,5):28.500000
(11,5),(4,3):31.437500
(11,5),(6,3):38.458332
(11,5),(6,1):7.875000
(11,5),(7,1):4.375000
(11,5),(7,2):30.958334
(11,5),(12,2):25.666666
(11,5),(12,4):51.075001
(11,5),(19,4):32.000000
(11,5),(19,6):39.413689
(11,5),(34,6):12.095238
(11,5),(34,7):14.133333
(11,5),(13,7):37.833332
(11,5),(13,8):14.833333
(11,5),(35,8):2.333333
(11,5),(35,10):0.676621
(4,5),(4,3):19.937500
(4,5),(6,3):24.500000
(4,5),(6,1):7.000000
(4,5),(7,1):3.500000
(4,5),(7,2):20.750000
(4,5),(12,2):21.166666
(4,5),(12,4):28.500000
(4,5),(19,4):15.000000
(4,5),(19,6):18.881945
(4,5),(34,6):0.000000
(4,5),(34,7):0.000000
(4,5),(13,7):13.833333
(4,5),(13,8):6.500000
(4,5),(35,8):0.000000
(4,5),(35,10):0.000000
(4,3),(6,3):30.083334
(4,3),(6,1):6.000000
(4,3),(7,1):3.000000
(4,3),(7,2):20.250000
(4,3),(12,2):15.809524
(4,3),(12,4):30.687500
(4,3),(19,4):20.937500
(4,3),(19,6):26.625000
(4,3),(34,6):5.250000
(4,3),(34,7):6.130435
(4,3),(13,7):19.270834
(4,3),(13,8):4.717262
(4,3),(35,8):0.000000
(4,3),(35,10):0.000000
(6,3),(6,1):8.500000
(6,3),(7,1):5.000000
(6,3),(7,2):29.250000
(6,3),(12,2):21.866667
(6,3),(12,4):37.866665
(6,3),(19,4):21.916666
(6,3),(19,6):28.163691
(6,3),(34,6):6.416667
(6,3),(34,7):7.626667
(6,3),(13,7):22.916666
(6,3),(13,8):7.216667
(6,3),(35,8):0.000000
(6,3),(35,10):0.000000
(6,1),(7,1):4.000000
(6,1),(7,2):8.500000
(6,1),(12,2):7.500000
(6,1),(12,4):7.700000
(6,1),(19,4):3.500000
(6,1),(19,6):5.351786
(6,1),(34,6):0.000000
(6,1),(34,7):0.000000
(6,1),(13,7):0.000000
(6,1),(13,8):0.000000
(6,1),(35,8):0.000000
(6,1),(35,10):0.000000
(7,1),(7,2):5.000000
(7,1),(12,2):4.000000
(7,1),(12,4):4.200000
(7,1),(19,4):1.750000
(7,1),(19,6):2.453782
(7,1),(34,6):0.000000
(7,1),(34,7):0.000000
(7,1),(13,7):0.000000
(7,1),(13,8):0.000000
(7,1),(35,8):0.000000
(7,1),(35,10):0.000000
(7,2),(12,2):20.375000
(7,2),(12,4):30.783333
(7,2),(19,4):18.033333
(7,2),(19,6):21.003969
(7,2),(34,6):5.250000
(7,2),(34,7):6.716016
(7,2),(13,7):17.416666
(7,2),(13,8):7.800000
(7,2),(35,8):0.000000
(7,2),(35,10):0.000000
(12,2),(12,4):25.666666
(12,2),(19,4):10.750000
(12,2),(19,6):13.997024
(12,2),(34,6):1.071429
(12,2),(34,7):1.500000
(12,2),(13,7):10.833333
(12,2),(13,8):9.500000
(12,2),(35,8):1.000000
(12,2),(35,10):0.328671
(12,4),(19,4):32.000000
(12,4),(19,6):37.163689
(12,4),(34,6):9.845238
(12,4),(34,7):11.883333
(12,4),(13,7):35.583332
(12,4),(13,8):14.625000
(12,4),(35,8):2.125000
(12,4),(35,10):0.655423
(19,4),(19,6):28.270834
(19,4),(34,6):8.095238
(19,4),(34,7):10.133333
(19,4),(13,7):25.500000
(19,4),(13,8):7.333333
(19,4),(35,8):0.000000
(19,4),(35,10):0.027972
(19,6),(34,6):23.095238
(19,6),(34,7):25.133333
(19,6),(13,7):40.633335
(19,6),(13,8):7.156863
(19,6),(35,8):0.000000
(19,6),(35,10):0.000000
(34,6),(34,7):23.000000
(34,6),(13,7):23.095238
(34,6),(13,8):2.095238
(34,6),(35,8):0.000000
(34,6),(35,10):0.000000
(34,7),(13,7):25.133333
(34,7),(13,8):2.933333
(34,7),(35,8):0.000000
(34,7),(35,10):0.000000
(13,7),(13,8):14.333333
(13,7),(35,8):2.000000
(13,7),(35,10):0.643357
(13,8),(35,8):32.700001
(13,8),(35,10):28.027971
(35,8),(35,10):32.346153
