50
(17,16):(17,16)	(17,17)	(22,17)	(23,17)	(24,16)	
(24,16):(17,16)	(17,17)	(22,17)	(22,23)	(23,17)	(23,18)	(23,19)	(23,20)	(23,21)	(23,22)	(23,23)	(24,16)	(24,24)	
(24,24):(14,23)	(14,24)	(15,23)	(15,24)	(16,23)	(16,24)	(17,24)	(18,24)	(19,24)	(20,24)	(21,24)	(22,17)	(22,23)	(23,17)	(23,18)	(23,19)	(23,20)	(23,21)	(23,22)	(23,23)	(24,16)	(24,24)	
(21,24):(13,25)	(14,23)	(14,24)	(15,23)	(15,24)	(16,23)	(16,24)	(17,24)	(18,24)	(19,24)	(20,24)	(21,24)	(21,25)	(22,23)	(23,22)	(23,23)	(24,24)	
(21,25):(13,25)	(14,23)	(14,24)	(15,23)	(15,24)	(16,23)	(16,24)	(17,24)	(18,24)	(19,24)	(20,24)	(21,24)	(21,25)	
(13,25):(13,19)	(13,20)	(13,25)	(14,19)	(14,20)	(14,21)	(14,22)	(14,23)	(14,24)	(15,18)	(15,19)	(15,20)	(15,21)	(15,22)	(15,23)	(15,24)	(16,19)	(16,23)	(16,24)	(17,24)	(18,24)	(19,24)	(20,24)	(21,24)	(21,25)	(22,23)	(23,23)	
(13,20):(5,18)	(5,19)	(5,20)	(6,18)	(6,19)	(6,20)	(7,19)	(7,20)	(8,19)	(8,20)	(9,19)	(9,20)	(10,19)	(11,19)	(12,19)	(13,19)	(13,20)	(13,25)	(14,19)	(14,20)	(14,21)	(14,22)	(14,23)	(14,24)	(15,18)	(15,19)	(15,20)	(15,21)	(15,22)	(15,23)	(15,24)	(16,19)	(16,23)	(16,24)	(17,24)	
(9,20):(4,21)	(5,18)	(5,19)	(5,20)	(6,18)	(6,19)	(6,20)	(7,19)	(7,20)	(8,19)	(8,20)	(8,21)	(8,22)	(9,19)	(9,20)	(9,22)	(10,19)	(11,19)	(12,19)	(13,19)	(13,20)	(14,19)	(14,20)	(15,18)	(15,19)	(15,20)	(16,19)	
(9,22):(5,17)	(5,18)	(6,18)	(6,19)	(7,19)	(7,20)	(8,19)	(8,20)	(8,21)	(8,22)	(9,19)	(9,20)	(9,22)	
(8,22):(8,19)	(8,20)	(8,21)	(8,22)	(9,19)	(9,20)	(9,22)	
(8,21):(4,21)	(5,17)	(5,18)	(5,19)	(5,20)	(6,18)	(6,19)	(6,20)	(7,19)	(7,20)	(8,19)	(8,20)	(8,21)	(8,22)	(9,19)	(9,20)	(9,22)	(10,19)	
(4,21):(4,11)	(4,12)	(4,13)	(4,14)	(4,21)	(5,10)	(5,11)	(5,12)	(5,13)	(5,14)	(5,15)	(5,16)	(5,17)	(5,18)	(5,19)	(5,20)	(6,6)	(6,18)	(6,19)	(6,20)	(7,19)	(7,20)	(8,19)	(8,20)	(8,21)	(9,19)	(9,20)	(10,19)	(11,19)	(12,19)	(13,19)	(14,19)	(15,18)	
(4,14):(1,10)	(2,11)	(2,12)	(2,13)	(3,11)	(3,12)	(3,13)	(3,14)	(4,11)	(4,12)	(4,13)	(4,14)	(4,21)	(5,10)	(5,11)	(5,12)	(5,13)	(5,14)	(5,15)	(5,16)	(5,17)	(5,18)	(5,19)	(5,20)	(6,6)	(6,18)	(6,19)	(6,20)	(7,20)	
(3,14):(1,10)	(2,11)	(2,12)	(2,13)	(2,15)	(3,11)	(3,12)	(3,13)	(3,14)	(3,15)	(4,11)	(4,12)	(4,13)	(4,14)	(5,10)	(5,11)	(5,12)	(5,13)	(5,14)	
(3,15):(1,10)	(2,11)	(2,12)	(2,13)	(2,15)	(3,11)	(3,12)	(3,13)	(3,14)	(3,15)	
(2,15):(2,11)	(2,12)	(2,13)	(2,15)	(3,11)	(3,12)	(3,13)	(3,14)	(3,15)	(4,11)	(4,12)	(4,13)	(5,10)	(5,11)	(5,12)	
(2,13):(1,10)	(1,13)	(2,11)	(2,12)	(2,13)	(2,15)	(3,11)	(3,12)	(3,13)	(3,14)	(3,15)	(4,11)	(4,12)	(4,13)	(4,14)	(5,10)	(5,11)	(5,12)	(5,13)	(5,14)	
(1,13):(1,10)	(1,13)	(2,11)	(2,12)	(2,13)	(3,11)	(3,12)	(3,13)	(4,11)	(4,12)	(4,13)	(5,10)	(5,11)	(5,12)	(5,13)	
(1,10):(1,10)	(1,13)	(2,11)	(2,12)	(2,13)	(3,11)	(3,12)	(3,13)	(3,14)	(3,15)	(4,11)	(4,12)	(4,13)	(4,14)	(5,10)	(5,11)	(5,12)	(5,13)	(5,14)	(5,15)	
(5,10):(1,10)	(1,13)	(2,11)	(2,12)	(2,13)	(2,15)	(3,11)	(3,12)	(3,13)	(3,14)	(4,11)	(4,12)	(4,13)	(4,14)	(4,21)	(5,5)	(5,10)	(5,11)	(5,12)	(5,13)	(5,14)	(5,15)	(5,16)	(5,17)	(5,18)	(5,19)	(5,20)	(6,6)	(6,18)	(6,19)	(6,20)	
(5,5):(5,5)	(5,10)	(5,11)	(5,12)	(5,13)	(5,14)	(5,15)	(5,16)	(5,17)	(5,18)	(5,19)	(5,20)	(6,6)	(6,18)	(6,19)	(6,20)	(7,5)	(8,5)	(9,5)	(10,5)	(11,5)	(11,6)	
(7,5):(5,5)	(6,6)	(7,1)	(7,5)	(8,2)	(8,3)	(8,4)	(8,5)	(9,2)	(9,3)	(9,4)	(9,5)	(10,1)	(10,3)	(10,4)	(10,5)	(11,4)	(11,5)	(11,6)	(12,3)	
(7,1):(7,1)	(7,5)	(8,2)	(8,3)	(8,4)	(8,5)	(9,2)	(9,3)	(9,4)	(9,5)	(10,1)	(10,3)	(10,4)	(10,5)	(11,4)	(11,5)	(11,6)	(12,7)	(15,11)	
(10,1):(7,1)	(7,5)	(8,2)	(8,3)	(8,4)	(8,5)	(9,2)	(9,3)	(9,4)	(9,5)	(10,1)	(10,3)	(10,4)	(10,5)	
(10,3):(6,6)	(7,1)	(7,5)	(8,2)	(8,3)	(8,4)	(8,5)	(9,2)	(9,3)	(9,4)	(9,5)	(10,1)	(10,3)	(10,4)	(10,5)	(11,4)	(11,5)	(11,6)	(12,3)	(12,7)	(12,8)	(12,9)	(13,9)	(13,10)	(13,11)	(14,11)	
(12,3):(6,6)	(7,5)	(8,3)	(8,4)	(8,5)	(9,3)	(9,4)	(9,5)	(10,3)	(10,4)	(10,5)	(11,4)	(11,5)	(11,6)	(11,12)	(12,3)	(12,7)	(12,8)	(12,9)	(12,10)	(12,11)	
(12,7):(7,1)	(8,2)	(8,3)	(9,2)	(9,3)	(9,4)	(10,3)	(10,4)	(10,5)	(11,4)	(11,5)	(11,6)	(11,12)	(12,3)	(12,7)	(12,8)	(12,9)	(12,10)	(12,11)	(13,8)	(13,9)	(13,10)	(13,11)	(14,7)	(14,8)	(14,9)	(14,10)	(14,11)	(15,9)	(15,10)	(15,11)	(16,9)	(16,10)	(16,11)	(17,10)	(17,11)	(18,10)	(18,11)	(19,11)	(19,12)	
(14,7):(11,12)	(12,7)	(12,8)	(12,9)	(12,10)	(12,11)	(13,8)	(13,9)	(13,10)	(13,11)	(14,7)	(14,8)	(14,9)	(14,10)	(14,11)	
(14,8):(11,12)	(12,7)	(12,8)	(12,9)	(12,10)	(12,11)	(13,8)	(13,9)	(13,10)	(13,11)	(14,7)	(14,8)	(14,9)	(14,10)	(14,11)	(15,9)	(15,10)	(15,11)	(16,9)	(16,10)	(16,11)	(17,9)	(17,10)	(17,11)	(18,8)	(18,9)	(18,10)	(18,11)	(19,10)	(19,11)	(19,12)	(20,10)	(21,10)	(22,10)	(25,11)	
(18,8):(11,12)	(12,8)	(12,9)	(12,10)	(12,11)	(13,8)	(13,9)	(13,10)	(13,11)	(14,8)	(14,9)	(14,10)	(14,11)	(15,9)	(15,10)	(15,11)	(16,9)	(16,10)	(16,11)	(17,9)	(17,10)	(17,11)	(18,8)	(18,9)	(18,10)	(18,11)	
(18,9):(11,12)	(12,8)	(12,9)	(12,10)	(12,11)	(13,8)	(13,9)	(13,10)	(13,11)	(14,8)	(14,9)	(14,10)	(14,11)	(15,9)	(15,10)	(15,11)	(16,9)	(16,10)	(16,11)	(17,9)	(17,10)	(17,11)	(18,8)	(18,9)	(18,10)	(18,11)	(19,10)	(19,11)	(19,12)	(20,9)	(20,10)	(21,9)	(21,10)	(22,9)	(22,10)	(23,9)	(23,10)	(24,9)	(24,10)	(25,11)	
(20,9):(11,12)	(12,9)	(12,10)	(12,11)	(13,9)	(13,10)	(13,11)	(14,9)	(14,10)	(14,11)	(15,9)	(15,10)	(15,11)	(16,9)	(16,10)	(16,11)	(17,9)	(17,10)	(17,11)	(18,9)	(18,10)	(18,11)	(19,10)	(19,11)	(20,4)	(20,9)	(20,10)	(21,5)	(21,6)	(21,7)	(21,8)	(21,9)	(21,10)	(22,5)	(22,6)	(22,7)	(22,8)	(22,9)	(22,10)	(23,4)	(23,5)	(23,6)	(23,7)	(23,8)	(23,9)	(23,10)	(24,3)	(24,4)	(24,5)	(24,6)	(24,7)	(24,8)	(24,9)	(24,10)	(25,2)	(25,11)	
(20,4):(20,4)	(20,9)	(20,10)	(21,5)	(21,6)	(21,7)	(21,8)	(21,9)	(21,10)	(22,5)	(22,6)	(22,7)	(22,8)	(22,9)	(22,10)	(23,4)	(23,5)	(23,6)	(23,7)	(23,8)	(23,9)	(23,10)	(24,4)	(24,5)	(24,6)	(24,7)	(24,8)	(24,9)	(24,10)	(25,11)	
(23,4):(19,11)	(20,4)	(20,9)	(20,10)	(21,5)	(21,6)	(21,7)	(21,8)	(21,9)	(21,10)	(22,5)	(22,6)	(22,7)	(22,8)	(22,9)	(22,10)	(23,2)	(23,4)	(23,5)	(23,6)	(23,7)	(23,8)	(23,9)	(23,10)	(24,3)	(24,4)	(24,5)	(24,6)	(24,7)	(24,8)	(24,9)	(24,10)	(25,2)	(25,11)	
(23,2):(23,2)	(23,4)	(23,5)	(23,6)	(23,7)	(23,8)	(23,9)	(23,10)	(24,3)	(24,4)	(24,5)	(24,6)	(24,7)	(24,8)	(24,9)	(24,10)	(25,2)	(25,11)	
(25,2):(19,11)	(20,9)	(20,10)	(21,6)	(21,7)	(21,8)	(21,9)	(21,10)	(22,5)	(22,6)	(22,7)	(22,8)	(22,9)	(22,10)	(23,2)	(23,4)	(23,5)	(23,6)	(23,7)	(23,8)	(23,9)	(23,10)	(24,3)	(24,4)	(24,5)	(24,6)	(24,7)	(24,8)	(24,9)	(24,10)	(25,2)	(25,11)	
(25,11):(12,8)	(12,9)	(12,10)	(12,11)	(13,8)	(13,9)	(13,10)	(13,11)	(14,8)	(14,9)	(14,10)	(14,11)	(15,9)	(15,10)	(15,11)	(16,9)	(16,10)	(16,11)	(17,9)	(17,10)	(17,11)	(18,9)	(18,10)	(18,11)	(19,10)	(19,11)	(20,4)	(20,9)	(20,10)	(21,5)	(21,6)	(21,7)	(21,8)	(21,9)	(21,10)	(22,5)	(22,6)	(22,7)	(22,8)	(22,9)	(22,10)	(23,2)	(23,4)	(23,5)	(23,6)	(23,7)	(23,8)	(23,9)	(23,10)	(24,3)	(24,4)	(24,5)	(24,6)	(24,7)	(24,8)	(24,9)	(24,10)	(25,2)	(25,11)	
(19,11):(11,12)	(12,7)	(12,8)	(12,9)	(12,10)	(12,11)	(13,8)	(13,9)	(13,10)	(13,11)	(14,8)	(14,9)	(14,10)	(14,11)	(15,9)	(15,10)	(15,11)	(16,9)	(16,10)	(16,11)	(17,9)	(17,10)	(17,11)	(18,9)	(18,10)	(18,11)	(19,10)	(19,11)	(19,12)	(20,9)	(20,10)	(21,7)	(21,8)	(21,9)	(21,10)	(22,5)	(22,6)	(22,7)	(22,8)	(22,9)	(22,10)	(23,4)	(23,5)	(23,6)	(23,7)	(23,8)	(23,9)	(23,10)	(24,3)	(24,4)	(24,5)	(24,6)	(24,7)	(24,8)	(24,9)	(24,10)	(25,2)	(25,11)	
(19,12):(11,12)	(12,7)	(12,8)	(12,9)	(12,10)	(12,11)	(13,8)	(13,9)	(13,10)	(13,11)	(14,8)	(14,9)	(14,10)	(14,11)	(15,9)	(15,10)	(15,11)	(16,9)	(16,10)	(16,11)	(17,9)	(17,10)	(17,11)	(18,9)	(18,10)	(18,11)	(19,10)	(19,11)	(19,12)	
(11,12):(11,4)	(11,5)	(11,6)	(11,12)	(12,3)	(12,7)	(12,8)	(12,9)	(12,10)	(12,11)	(13,8)	(13,9)	(13,10)	(13,11)	(14,7)	(14,8)	(14,9)	(14,10)	(14,11)	(15,9)	(15,10)	(15,11)	(16,9)	(16,10)	(16,11)	(17,9)	(17,10)	(17,11)	(18,8)	(18,9)	(18,10)	(18,11)	(19,10)	(19,11)	(19,12)	(20,9)	(20,10)	(21,9)	(21,10)	(22,9)	(22,10)	(23,8)	(23,9)	(23,10)	(24,8)	(24,9)	(24,10)	
(11,6):(5,5)	(6,6)	(7,1)	(7,5)	(8,2)	(8,3)	(8,4)	(8,5)	(9,2)	(9,3)	(9,4)	(9,5)	(10,3)	(10,4)	(10,5)	(11,4)	(11,5)	(11,6)	(11,12)	(12,3)	(12,7)	(12,8)	(12,9)	(12,10)	(12,11)	(13,8)	(13,9)	(13,10)	(13,11)	(14,9)	(14,10)	(14,11)	(15,10)	(15,11)	(16,11)	
(6,6):(4,14)	(4,21)	(5,5)	(5,10)	(5,11)	(5,12)	(5,13)	(5,14)	(5,15)	(5,16)	(5,17)	(5,18)	(5,19)	(5,20)	(6,6)	(6,18)	(6,19)	(6,20)	(7,5)	(8,4)	(8,5)	(9,3)	(9,4)	(9,5)	(10,3)	(10,4)	(10,5)	(11,4)	(11,5)	(11,6)	(12,3)	
(6,18):(3,11)	(3,12)	(4,11)	(4,12)	(4,13)	(4,14)	(4,21)	(5,5)	(5,10)	(5,11)	(5,12)	(5,13)	(5,14)	(5,15)	(5,16)	(5,17)	(5,18)	(5,19)	(5,20)	(6,6)	(6,18)	(6,19)	(6,20)	(7,19)	(7,20)	(8,19)	(8,20)	(8,21)	(9,19)	(9,20)	(9,22)	(10,19)	(11,19)	(12,19)	(13,19)	(13,20)	(14,19)	(14,20)	(15,18)	(15,19)	(15,20)	
(15,18):(4,21)	(5,18)	(5,19)	(5,20)	(6,18)	(6,19)	(6,20)	(7,19)	(7,20)	(8,19)	(8,20)	(9,19)	(9,20)	(10,19)	(11,19)	(12,19)	(13,19)	(13,20)	(13,25)	(14,19)	(14,20)	(14,21)	(14,22)	(14,23)	(14,24)	(15,18)	(15,19)	(15,20)	(15,21)	(15,22)	(15,23)	(15,24)	
(15,19):(5,18)	(5,19)	(5,20)	(6,18)	(6,19)	(6,20)	(7,19)	(7,20)	(8,19)	(8,20)	(9,19)	(9,20)	(10,19)	(11,19)	(12,19)	(13,19)	(13,20)	(13,25)	(14,19)	(14,20)	(14,21)	(14,22)	(14,23)	(14,24)	(15,18)	(15,19)	(15,20)	(15,21)	(15,22)	(15,23)	(15,24)	(16,19)	(16,23)	(16,24)	
(16,19):(5,19)	(5,20)	(6,19)	(6,20)	(7,19)	(7,20)	(8,19)	(8,20)	(9,19)	(9,20)	(10,19)	(11,19)	(12,19)	(13,19)	(13,20)	(13,25)	(14,19)	(14,20)	(14,21)	(14,22)	(14,23)	(14,24)	(15,19)	(15,20)	(15,21)	(15,22)	(15,23)	(15,24)	(16,19)	(16,23)	(16,24)	
(16,23):(12,19)	(13,19)	(13,20)	(13,25)	(14,19)	(14,20)	(14,21)	(14,22)	(14,23)	(14,24)	(15,19)	(15,20)	(15,21)	(15,22)	(15,23)	(15,24)	(16,19)	(16,23)	(16,24)	(17,24)	(18,24)	(19,24)	(20,24)	(21,24)	(21,25)	(22,23)	(23,23)	(24,24)	
(22,23):(13,25)	(14,23)	(14,24)	(15,23)	(15,24)	(16,23)	(16,24)	(17,24)	(18,24)	(19,24)	(20,24)	(21,24)	(22,17)	(22,23)	(23,17)	(23,18)	(23,19)	(23,20)	(23,21)	(23,22)	(23,23)	(24,16)	(24,24)	
(22,17):(17,16)	(17,17)	(22,17)	(22,23)	(23,17)	(23,18)	(23,19)	(23,20)	(23,21)	(23,22)	(23,23)	(24,16)	(24,24)	
(17,17):(17,16)	(17,17)	(22,17)	(23,17)	(24,16)	
(17,16):7.400000
(24,16):21.142857
(24,24):25.705357
(21,24):21.900000
(21,25):17.799999
(13,25):32.881943
(13,20):40.571430
(9,20):30.333334
(9,22):10.666667
(8,22):5.000000
(8,21):21.000000
(4,21):43.330303
(4,14):37.000000
(3,14):20.500000
(3,15):7.000000
(2,15):13.333333
(2,13):21.500000
(1,13):15.375000
(1,10):22.000000
(5,10):39.437500
(5,5):22.429487
(7,5):23.625000
(7,1):21.683332
(10,1):15.375000
(10,3):28.291666
(12,3):22.450001
(12,7):42.000000
(14,7):15.000000
(14,8):40.125000
(18,8):28.000000
(18,9):44.125000
(20,9):63.549999
(20,4):35.000000
(23,4):40.414288
(23,2):18.000000
(25,2):36.380951
(25,11):63.477272
(19,11):66.809525
(19,12):33.565475
(11,12):51.916668
(11,6):40.833332
(6,6):39.500000
(6,18):54.896824
(15,18):35.500000
(15,19):40.805557
(16,19):28.785715
(16,23):34.875000
(22,23):32.500000
(22,17):21.000000
(17,17):7.000000
(17,16),(24,16):7.400000
(17,16),(24,24):2.542857
(17,16),(21,24):0.000000
(17,16),(21,25):0.000000
(17,16),(13,25):0.000000
(17,16),(13,20):0.000000
(17,16),(9,20):0.000000
(17,16),(9,22):0.000000
(17,16),(8,22):0.000000
(17,16),(8,21):0.000000
(17,16),(4,21):0.000000
(17,16),(4,14):0.000000
(17,16),(3,14):0.000000
(17,16),(3,15):0.000000
(17,16),(2,15):0.000000
(17,16),(2,13):0.000000
(17,16),(1,13):0.000000
(17,16),(1,10):0.000000
(17,16),(5,10):0.000000
(17,16),(5,5):0.000000
(17,16),(7,5):0.000000
(17,16),(7,1):0.000000
(17,16),(10,1):0.000000
(17,16),(10,3):0.000000
(17,16),(12,3):0.000000
(17,16),(12,7):0.000000
(17,16),(14,7):0.000000
(17,16),(14,8):0.000000
(17,16),(18,8):0.000000
(17,16),(18,9):0.000000
(17,16),(20,9):0.000000
(17,16),(20,4):0.000000
(17,16),(23,4):0.000000
(17,16),(23,2):0.000000
(17,16),(25,2):0.000000
(17,16),(25,11):0.000000
(17,16),(19,11):0.000000
(17,16),(19,12):0.000000
(17,16),(11,12):0.000000
(17,16),(11,6):0.000000
(17,16),(6,6):0.000000
(17,16),(6,18):0.000000
(17,16),(15,18):0.000000
(17,16),(15,19):0.000000
(17,16),(16,19):0.000000
(17,16),(16,23):0.000000
(17,16),(22,23):2.400000
(17,16),(22,17):7.400000
(17,16),(17,17):7.000000
(24,16),(24,24):16.285715
(24,16),(21,24):4.142857
(24,16),(21,25):0.000000
(24,16),(13,25):2.057870
(24,16),(13,20):0.000000
(24,16),(9,20):0.000000
(24,16),(9,22):0.000000
(24,16),(8,22):0.000000
(24,16),(8,21):0.000000
(24,16),(4,21):0.000000
(24,16),(4,14):0.000000
(24,16),(3,14):0.000000
(24,16),(3,15):0.000000
(24,16),(2,15):0.000000
(24,16),(2,13):0.000000
(24,16),(1,13):0.000000
(24,16),(1,10):0.000000
(24,16),(5,10):0.000000
(24,16),(5,5):0.000000
(24,16),(7,5):0.000000
(24,16),(7,1):0.000000
(24,16),(10,1):0.000000
(24,16),(10,3):0.000000
(24,16),(12,3):0.000000
(24,16),(12,7):0.000000
(24,16),(14,7):0.000000
(24,16),(14,8):0.000000
(24,16),(18,8):0.000000
(24,16),(18,9):0.000000
(24,16),(20,9):0.000000
(24,16),(20,4):0.000000
(24,16),(23,4):0.000000
(24,16),(23,2):0.000000
(24,16),(25,2):0.000000
(24,16),(25,11):0.000000
(24,16),(19,11):0.000000
(24,16),(19,12):0.000000
(24,16),(11,12):0.000000
(24,16),(11,6):0.000000
(24,16),(6,6):0.000000
(24,16),(6,18):0.000000
(24,16),(15,18):0.000000
(24,16),(15,19):0.000000
(24,16),(16,19):0.000000
(24,16),(16,23):2.142857
(24,16),(22,23):16.142857
(24,16),(22,17):21.000000
(24,16),(17,17):7.000000
(24,24),(21,24):13.562500
(24,24),(21,25):8.562500
(24,24),(13,25):11.444445
(24,24),(13,20):4.062500
(24,24),(9,20):0.000000
(24,24),(9,22):0.000000
(24,24),(8,22):0.000000
(24,24),(8,21):0.000000
(24,24),(4,21):0.000000
(24,24),(4,14):0.000000
(24,24),(3,14):0.000000
(24,24),(3,15):0.000000
(24,24),(2,15):0.000000
(24,24),(2,13):0.000000
(24,24),(1,13):0.000000
(24,24),(1,10):0.000000
(24,24),(5,10):0.000000
(24,24),(5,5):0.000000
(24,24),(7,5):0.000000
(24,24),(7,1):0.000000
(24,24),(10,1):0.000000
(24,24),(10,3):0.000000
(24,24),(12,3):0.000000
(24,24),(12,7):0.000000
(24,24),(14,7):0.000000
(24,24),(14,8):0.000000
(24,24),(18,8):0.000000
(24,24),(18,9):0.000000
(24,24),(20,9):0.000000
(24,24),(20,4):0.000000
(24,24),(23,4):0.000000
(24,24),(23,2):0.000000
(24,24),(25,2):0.000000
(24,24),(25,11):0.000000
(24,24),(19,11):0.000000
(24,24),(19,12):0.000000
(24,24),(11,12):0.000000
(24,24),(11,6):0.000000
(24,24),(6,6):0.000000
(24,24),(6,18):0.000000
(24,24),(15,18):2.500000
(24,24),(15,19):3.687500
(24,24),(16,19):3.562500
(24,24),(16,23):11.562500
(24,24),(22,23):25.000000
(24,24),(22,17):16.142857
(24,24),(17,17):2.142857
(21,24),(21,25):16.900000
(21,24),(13,25):19.781944
(21,24),(13,20):8.900000
(21,24),(9,20):0.000000
(21,24),(9,22):0.000000
(21,24),(8,22):0.000000
(21,24),(8,21):0.000000
(21,24),(4,21):0.000000
(21,24),(4,14):0.000000
(21,24),(3,14):0.000000
(21,24),(3,15):0.000000
(21,24),(2,15):0.000000
(21,24),(2,13):0.000000
(21,24),(1,13):0.000000
(21,24),(1,10):0.000000
(21,24),(5,10):0.000000
(21,24),(5,5):0.000000
(21,24),(7,5):0.000000
(21,24),(7,1):0.000000
(21,24),(10,1):0.000000
(21,24),(10,3):0.000000
(21,24),(12,3):0.000000
(21,24),(12,7):0.000000
(21,24),(14,7):0.000000
(21,24),(14,8):0.000000
(21,24),(18,8):0.000000
(21,24),(18,9):0.000000
(21,24),(20,9):0.000000
(21,24),(20,4):0.000000
(21,24),(23,4):0.000000
(21,24),(23,2):0.000000
(21,24),(25,2):0.000000
(21,24),(25,11):0.000000
(21,24),(19,11):0.000000
(21,24),(19,12):0.000000
(21,24),(11,12):0.000000
(21,24),(11,6):0.000000
(21,24),(6,6):0.000000
(21,24),(6,18):0.000000
(21,24),(15,18):4.800000
(21,24),(15,19):7.400000
(21,24),(16,19):6.900000
(21,24),(16,23):19.900000
(21,24),(22,23):20.500000
(21,24),(22,17):4.000000
(21,24),(17,17):0.000000
(21,25),(13,25):17.799999
(21,25),(13,20):9.800000
(21,25),(9,20):0.000000
(21,25),(9,22):0.000000
(21,25),(8,22):0.000000
(21,25),(8,21):0.000000
(21,25),(4,21):0.000000
(21,25),(4,14):0.000000
(21,25),(3,14):0.000000
(21,25),(3,15):0.000000
(21,25),(2,15):0.000000
(21,25),(2,13):0.000000
(21,25),(1,13):0.000000
(21,25),(1,10):0.000000
(21,25),(5,10):0.000000
(21,25),(5,5):0.000000
(21,25),(7,5):0.000000
(21,25),(7,1):0.000000
(21,25),(10,1):0.000000
(21,25),(10,3):0.000000
(21,25),(12,3):0.000000
(21,25),(12,7):0.000000
(21,25),(14,7):0.000000
(21,25),(14,8):0.000000
(21,25),(18,8):0.000000
(21,25),(18,9):0.000000
(21,25),(20,9):0.000000
(21,25),(20,4):0.000000
(21,25),(23,4):0.000000
(21,25),(23,2):0.000000
(21,25),(25,2):0.000000
(21,25),(25,11):0.000000
(21,25),(19,11):0.000000
(21,25),(19,12):0.000000
(21,25),(11,12):0.000000
(21,25),(11,6):0.000000
(21,25),(6,6):0.000000
(21,25),(6,18):0.000000
(21,25),(15,18):5.600000
(21,25),(15,19):8.300000
(21,25),(16,19):7.800000
(21,25),(16,23):17.799999
(21,25),(22,23):15.500000
(21,25),(22,17):0.000000
(21,25),(17,17):0.000000
(13,25),(13,20):22.000000
(13,25),(9,20):5.000000
(13,25),(9,22):0.000000
(13,25),(8,22):0.000000
(13,25),(8,21):0.000000
(13,25),(4,21):2.000000
(13,25),(4,14):0.000000
(13,25),(3,14):0.000000
(13,25),(3,15):0.000000
(13,25),(2,15):0.000000
(13,25),(2,13):0.000000
(13,25),(1,13):0.000000
(13,25),(1,10):0.000000
(13,25),(5,10):0.000000
(13,25),(5,5):0.000000
(13,25),(7,5):0.000000
(13,25),(7,1):0.000000
(13,25),(10,1):0.000000
(13,25),(10,3):0.000000
(13,25),(12,3):0.000000
(13,25),(12,7):0.000000
(13,25),(14,7):0.000000
(13,25),(14,8):0.000000
(13,25),(18,8):0.000000
(13,25),(18,9):0.000000
(13,25),(20,9):0.000000
(13,25),(20,4):0.000000
(13,25),(23,4):0.000000
(13,25),(23,2):0.000000
(13,25),(25,2):0.000000
(13,25),(25,11):0.000000
(13,25),(19,11):0.000000
(13,25),(19,12):0.000000
(13,25),(11,12):0.000000
(13,25),(11,6):0.000000
(13,25),(6,6):0.000000
(13,25),(6,18):6.230159
(13,25),(15,18):14.000000
(13,25),(15,19):20.500000
(13,25),(16,19):18.000000
(13,25),(16,23):32.312500
(13,25),(22,23):18.381945
(13,25),(22,17):1.944444
(13,25),(17,17):0.000000
(13,20),(9,20):23.571428
(13,20),(9,22):6.200000
(13,20),(8,22):3.000000
(13,20),(8,21):12.571428
(13,20),(4,21):18.971428
(13,20),(4,14):5.571429
(13,20),(3,14):0.000000
(13,20),(3,15):0.000000
(13,20),(2,15):0.000000
(13,20),(2,13):0.000000
(13,20),(1,13):0.000000
(13,20),(1,10):0.000000
(13,20),(5,10):4.821429
(13,20),(5,5):2.296703
(13,20),(7,5):0.000000
(13,20),(7,1):0.000000
(13,20),(10,1):0.000000
(13,20),(10,3):0.000000
(13,20),(12,3):0.000000
(13,20),(12,7):0.000000
(13,20),(14,7):0.000000
(13,20),(14,8):0.000000
(13,20),(18,8):0.000000
(13,20),(18,9):0.000000
(13,20),(20,9):0.000000
(13,20),(20,4):0.000000
(13,20),(23,4):0.000000
(13,20),(23,2):0.000000
(13,20),(25,2):0.000000
(13,20),(25,11):0.000000
(13,20),(19,11):0.000000
(13,20),(19,12):0.000000
(13,20),(11,12):0.000000
(13,20),(11,6):0.000000
(13,20),(6,6):4.571429
(13,20),(6,18):24.801588
(13,20),(15,18):32.000000
(13,20),(15,19):38.722221
(13,20),(16,19):27.000000
(13,20),(16,23):23.875000
(13,20),(22,23):8.000000
(13,20),(22,17):0.000000
(13,20),(17,17):0.000000
(9,20),(9,22):9.333333
(9,20),(8,22):5.000000
(9,20),(8,21):19.333334
(9,20),(4,21):24.733334
(9,20),(4,14):9.583333
(9,20),(3,14):0.000000
(9,20),(3,15):0.000000
(9,20),(2,15):0.000000
(9,20),(2,13):0.000000
(9,20),(1,13):0.000000
(9,20),(1,10):0.000000
(9,20),(5,10):7.895833
(9,20),(5,5):3.679487
(9,20),(7,5):0.000000
(9,20),(7,1):0.000000
(9,20),(10,1):0.000000
(9,20),(10,3):0.000000
(9,20),(12,3):0.000000
(9,20),(12,7):0.000000
(9,20),(14,7):0.000000
(9,20),(14,8):0.000000
(9,20),(18,8):0.000000
(9,20),(18,9):0.000000
(9,20),(20,9):0.000000
(9,20),(20,4):0.000000
(9,20),(23,4):0.000000
(9,20),(23,2):0.000000
(9,20),(25,2):0.000000
(9,20),(25,11):0.000000
(9,20),(19,11):0.000000
(9,20),(19,12):0.000000
(9,20),(11,12):0.000000
(9,20),(11,6):0.000000
(9,20),(6,6):7.333333
(9,20),(6,18):29.944445
(9,20),(15,18):25.500000
(9,20),(15,19):25.305555
(9,20),(16,19):13.785714
(9,20),(16,23):6.875000
(9,20),(22,23):0.000000
(9,20),(22,17):0.000000
(9,20),(17,17):0.000000
(9,22),(8,22):4.000000
(9,22),(8,21):10.666667
(9,22),(4,21):9.666667
(9,22),(4,14):3.166667
(9,22),(3,14):0.000000
(9,22),(3,15):0.000000
(9,22),(2,15):0.000000
(9,22),(2,13):0.000000
(9,22),(1,13):0.000000
(9,22),(1,10):0.000000
(9,22),(5,10):2.738095
(9,22),(5,5):1.208333
(9,22),(7,5):0.000000
(9,22),(7,1):0.000000
(9,22),(10,1):0.000000
(9,22),(10,3):0.000000
(9,22),(12,3):0.000000
(9,22),(12,7):0.000000
(9,22),(14,7):0.000000
(9,22),(14,8):0.000000
(9,22),(18,8):0.000000
(9,22),(18,9):0.000000
(9,22),(20,9):0.000000
(9,22),(20,4):0.000000
(9,22),(23,4):0.000000
(9,22),(23,2):0.000000
(9,22),(25,2):0.000000
(9,22),(25,11):0.000000
(9,22),(19,11):0.000000
(9,22),(19,12):0.000000
(9,22),(11,12):0.000000
(9,22),(11,6):0.000000
(9,22),(6,6):2.666667
(9,22),(6,18):10.333333
(9,22),(15,18):6.500000
(9,22),(15,19):6.348214
(9,22),(16,19):2.750000
(9,22),(16,23):0.000000
(9,22),(22,23):0.000000
(9,22),(22,17):0.000000
(9,22),(17,17):0.000000
(8,22),(8,21):5.000000
(8,22),(4,21):4.000000
(8,22),(4,14):0.000000
(8,22),(3,14):0.000000
(8,22),(3,15):0.000000
(8,22),(2,15):0.000000
(8,22),(2,13):0.000000
(8,22),(1,13):0.000000
(8,22),(1,10):0.000000
(8,22),(5,10):0.000000
(8,22),(5,5):0.000000
(8,22),(7,5):0.000000
(8,22),(7,1):0.000000
(8,22),(10,1):0.000000
(8,22),(10,3):0.000000
(8,22),(12,3):0.000000
(8,22),(12,7):0.000000
(8,22),(14,7):0.000000
(8,22),(14,8):0.000000
(8,22),(18,8):0.000000
(8,22),(18,9):0.000000
(8,22),(20,9):0.000000
(8,22),(20,4):0.000000
(8,22),(23,4):0.000000
(8,22),(23,2):0.000000
(8,22),(25,2):0.000000
(8,22),(25,11):0.000000
(8,22),(19,11):0.000000
(8,22),(19,12):0.000000
(8,22),(11,12):0.000000
(8,22),(11,6):0.000000
(8,22),(6,6):0.000000
(8,22),(6,18):4.666667
(8,22),(15,18):3.166667
(8,22),(15,19):3.083333
(8,22),(16,19):1.321429
(8,22),(16,23):0.000000
(8,22),(22,23):0.000000
(8,22),(22,17):0.000000
(8,22),(17,17):0.000000
(8,21),(4,21):20.000000
(8,21),(4,14):11.250000
(8,21),(3,14):0.000000
(8,21),(3,15):0.000000
(8,21),(2,15):0.000000
(8,21),(2,13):0.000000
(8,21),(1,13):0.000000
(8,21),(1,10):0.000000
(8,21),(5,10):9.562500
(8,21),(5,5):4.096154
(8,21),(7,5):0.000000
(8,21),(7,1):0.000000
(8,21),(10,1):0.000000
(8,21),(10,3):0.000000
(8,21),(12,3):0.000000
(8,21),(12,7):0.000000
(8,21),(14,7):0.000000
(8,21),(14,8):0.000000
(8,21),(18,8):0.000000
(8,21),(18,9):0.000000
(8,21),(20,9):0.000000
(8,21),(20,4):0.000000
(8,21),(23,4):0.000000
(8,21),(23,2):0.000000
(8,21),(25,2):0.000000
(8,21),(25,11):0.000000
(8,21),(19,11):0.000000
(8,21),(19,12):0.000000
(8,21),(11,12):0.000000
(8,21),(11,6):0.000000
(8,21),(6,6):9.000000
(8,21),(6,18):20.666666
(8,21),(15,18):15.500000
(8,21),(15,19):14.305555
(8,21),(16,19):7.285714
(8,21),(16,23):0.000000
(8,21),(22,23):0.000000
(8,21),(22,17):0.000000
(8,21),(17,17):0.000000
(4,21),(4,14):26.250000
(4,21),(3,14):9.000000
(4,21),(3,15):0.000000
(4,21),(2,15):4.833333
(4,21),(2,13):9.500000
(4,21),(1,13):6.375000
(4,21),(1,10):10.666667
(4,21),(5,10):26.492804
(4,21),(5,5):15.276457
(4,21),(7,5):0.880303
(4,21),(7,1):0.000000
(4,21),(10,1):0.000000
(4,21),(10,3):0.247836
(4,21),(12,3):0.426610
(4,21),(12,7):0.000000
(4,21),(14,7):0.000000
(4,21),(14,8):0.000000
(4,21),(18,8):0.000000
(4,21),(18,9):0.000000
(4,21),(20,9):0.000000
(4,21),(20,4):0.000000
(4,21),(23,4):0.000000
(4,21),(23,2):0.000000
(4,21),(25,2):0.000000
(4,21),(25,11):0.000000
(4,21),(19,11):0.000000
(4,21),(19,12):0.000000
(4,21),(11,12):0.000000
(4,21),(11,6):0.657576
(4,21),(6,6):23.930304
(4,21),(6,18):43.263638
(4,21),(15,18):21.900000
(4,21),(15,19):20.705555
(4,21),(16,19):9.285714
(4,21),(16,23):3.613095
(4,21),(22,23):0.000000
(4,21),(22,17):0.000000
(4,21),(17,17):0.000000
(4,14),(3,14):19.500000
(4,14),(3,15):6.000000
(4,14),(2,15):12.333333
(4,14),(2,13):20.250000
(4,14),(1,13):15.125000
(4,14),(1,10):21.250000
(4,14),(5,10):35.312500
(4,14),(5,5):13.346154
(4,14),(7,5):0.000000
(4,14),(7,1):0.000000
(4,14),(10,1):0.000000
(4,14),(10,3):0.000000
(4,14),(12,3):0.000000
(4,14),(12,7):0.000000
(4,14),(14,7):0.000000
(4,14),(14,8):0.000000
(4,14),(18,8):0.000000
(4,14),(18,9):0.000000
(4,14),(20,9):0.000000
(4,14),(20,4):0.000000
(4,14),(23,4):0.000000
(4,14),(23,2):0.000000
(4,14),(25,2):0.000000
(4,14),(25,11):0.000000
(4,14),(19,11):0.000000
(4,14),(19,12):0.000000
(4,14),(11,12):0.000000
(4,14),(11,6):0.000000
(4,14),(6,6):22.000000
(4,14),(6,18):30.250000
(4,14),(15,18):7.928571
(4,14),(15,19):6.997863
(4,14),(16,19):4.269048
(4,14),(16,23):0.000000
(4,14),(22,23):0.000000
(4,14),(22,17):0.000000
(4,14),(17,17):0.000000
(3,14),(3,15):7.000000
(3,14),(2,15):13.333333
(3,14),(2,13):20.000000
(3,14),(1,13):14.875000
(3,14),(1,10):18.833334
(3,14),(5,10):20.250000
(3,14),(5,5):5.000000
(3,14),(7,5):0.000000
(3,14),(7,1):0.000000
(3,14),(10,1):0.000000
(3,14),(10,3):0.000000
(3,14),(12,3):0.000000
(3,14),(12,7):0.000000
(3,14),(14,7):0.000000
(3,14),(14,8):0.000000
(3,14),(18,8):0.000000
(3,14),(18,9):0.000000
(3,14),(20,9):0.000000
(3,14),(20,4):0.000000
(3,14),(23,4):0.000000
(3,14),(23,2):0.000000
(3,14),(25,2):0.000000
(3,14),(25,11):0.000000
(3,14),(19,11):0.000000
(3,14),(19,12):0.000000
(3,14),(11,12):0.000000
(3,14),(11,6):0.000000
(3,14),(6,6):7.000000
(3,14),(6,18):13.000000
(3,14),(15,18):0.000000
(3,14),(15,19):0.000000
(3,14),(16,19):0.000000
(3,14),(16,23):0.000000
(3,14),(22,23):0.000000
(3,14),(22,17):0.000000
(3,14),(17,17):0.000000
(3,15),(2,15):5.000000
(3,15),(2,13):7.000000
(3,15),(1,13):5.000000
(3,15),(1,10):6.333333
(3,15),(5,10):6.750000
(3,15),(5,5):0.000000
(3,15),(7,5):0.000000
(3,15),(7,1):0.000000
(3,15),(10,1):0.000000
(3,15),(10,3):0.000000
(3,15),(12,3):0.000000
(3,15),(12,7):0.000000
(3,15),(14,7):0.000000
(3,15),(14,8):0.000000
(3,15),(18,8):0.000000
(3,15),(18,9):0.000000
(3,15),(20,9):0.000000
(3,15),(20,4):0.000000
(3,15),(23,4):0.000000
(3,15),(23,2):0.000000
(3,15),(25,2):0.000000
(3,15),(25,11):0.000000
(3,15),(19,11):0.000000
(3,15),(19,12):0.000000
(3,15),(11,12):0.000000
(3,15),(11,6):0.000000
(3,15),(6,6):0.000000
(3,15),(6,18):1.000000
(3,15),(15,18):0.000000
(3,15),(15,19):0.000000
(3,15),(16,19):0.000000
(3,15),(16,23):0.000000
(3,15),(22,23):0.000000
(3,15),(22,17):0.000000
(3,15),(17,17):0.000000
(2,15),(2,13):13.000000
(2,15),(1,13):10.375000
(2,15),(1,10):11.833333
(2,15),(5,10):13.083333
(2,15),(5,5):2.333333
(2,15),(7,5):0.000000
(2,15),(7,1):0.000000
(2,15),(10,1):0.000000
(2,15),(10,3):0.000000
(2,15),(12,3):0.000000
(2,15),(12,7):0.000000
(2,15),(14,7):0.000000
(2,15),(14,8):0.000000
(2,15),(18,8):0.000000
(2,15),(18,9):0.000000
(2,15),(20,9):0.000000
(2,15),(20,4):0.000000
(2,15),(23,4):0.000000
(2,15),(23,2):0.000000
(2,15),(25,2):0.000000
(2,15),(25,11):0.000000
(2,15),(19,11):0.000000
(2,15),(19,12):0.000000
(2,15),(11,12):0.000000
(2,15),(11,6):0.000000
(2,15),(6,6):3.000000
(2,15),(6,18):8.666667
(2,15),(15,18):0.000000
(2,15),(15,19):0.000000
(2,15),(16,19):0.000000
(2,15),(16,23):0.000000
(2,15),(22,23):0.000000
(2,15),(22,17):0.000000
(2,15),(17,17):0.000000
(2,13),(1,13):15.375000
(2,13),(1,10):20.333334
(2,13),(5,10):21.250000
(2,13),(5,5):5.250000
(2,13),(7,5):0.000000
(2,13),(7,1):0.000000
(2,13),(10,1):0.000000
(2,13),(10,3):0.000000
(2,13),(12,3):0.000000
(2,13),(12,7):0.000000
(2,13),(14,7):0.000000
(2,13),(14,8):0.000000
(2,13),(18,8):0.000000
(2,13),(18,9):0.000000
(2,13),(20,9):0.000000
(2,13),(20,4):0.000000
(2,13),(23,4):0.000000
(2,13),(23,2):0.000000
(2,13),(25,2):0.000000
(2,13),(25,11):0.000000
(2,13),(19,11):0.000000
(2,13),(19,12):0.000000
(2,13),(11,12):0.000000
(2,13),(11,6):0.000000
(2,13),(6,6):7.500000
(2,13),(6,18):13.500000
(2,13),(15,18):0.000000
(2,13),(15,19):0.000000
(2,13),(16,19):0.000000
(2,13),(16,23):0.000000
(2,13),(22,23):0.000000
(2,13),(22,17):0.000000
(2,13),(17,17):0.000000
(1,13),(1,10):15.000000
(1,13),(5,10):15.375000
(1,13),(5,5):3.375000
(1,13),(7,5):0.000000
(1,13),(7,1):0.000000
(1,13),(10,1):0.000000
(1,13),(10,3):0.000000
(1,13),(12,3):0.000000
(1,13),(12,7):0.000000
(1,13),(14,7):0.000000
(1,13),(14,8):0.000000
(1,13),(18,8):0.000000
(1,13),(18,9):0.000000
(1,13),(20,9):0.000000
(1,13),(20,4):0.000000
(1,13),(23,4):0.000000
(1,13),(23,2):0.000000
(1,13),(25,2):0.000000
(1,13),(25,11):0.000000
(1,13),(19,11):0.000000
(1,13),(19,12):0.000000
(1,13),(11,12):0.000000
(1,13),(11,6):0.000000
(1,13),(6,6):4.500000
(1,13),(6,18):10.125000
(1,13),(15,18):0.000000
(1,13),(15,19):0.000000
(1,13),(16,19):0.000000
(1,13),(16,23):0.000000
(1,13),(22,23):0.000000
(1,13),(22,17):0.000000
(1,13),(17,17):0.000000
(1,10),(5,10):21.766666
(1,10),(5,5):6.000000
(1,10),(7,5):0.000000
(1,10),(7,1):0.000000
(1,10),(10,1):0.000000
(1,10),(10,3):0.000000
(1,10),(12,3):0.000000
(1,10),(12,7):0.000000
(1,10),(14,7):0.000000
(1,10),(14,8):0.000000
(1,10),(18,8):0.000000
(1,10),(18,9):0.000000
(1,10),(20,9):0.000000
(1,10),(20,4):0.000000
(1,10),(23,4):0.000000
(1,10),(23,2):0.000000
(1,10),(25,2):0.000000
(1,10),(25,11):0.000000
(1,10),(19,11):0.000000
(1,10),(19,12):0.000000
(1,10),(11,12):0.000000
(1,10),(11,6):0.000000
(1,10),(6,6):8.666667
(1,10),(6,18):14.666667
(1,10),(15,18):0.000000
(1,10),(15,19):0.000000
(1,10),(16,19):0.000000
(1,10),(16,23):0.000000
(1,10),(22,23):0.000000
(1,10),(22,17):0.000000
(1,10),(17,17):0.000000
(5,10),(5,5):16.471153
(5,10),(7,5):1.625000
(5,10),(7,1):0.000000
(5,10),(10,1):0.000000
(5,10),(10,3):0.391667
(5,10),(12,3):0.700000
(5,10),(12,7):0.000000
(5,10),(14,7):0.000000
(5,10),(14,8):0.000000
(5,10),(18,8):0.000000
(5,10),(18,9):0.000000
(5,10),(20,9):0.000000
(5,10),(20,4):0.000000
(5,10),(23,4):0.000000
(5,10),(23,2):0.000000
(5,10),(25,2):0.000000
(5,10),(25,11):0.000000
(5,10),(19,11):0.000000
(5,10),(19,12):0.000000
(5,10),(11,12):0.000000
(5,10),(11,6):1.125000
(5,10),(6,6):25.125000
(5,10),(6,18):31.562500
(5,10),(15,18):6.540000
(5,10),(15,19):5.938209
(5,10),(16,19):3.442513
(5,10),(16,23):0.000000
(5,10),(22,23):0.000000
(5,10),(22,17):0.000000
(5,10),(17,17):0.000000
(5,5),(7,5):7.583333
(5,5),(7,1):5.083333
(5,5),(10,1):3.375000
(5,5),(10,3):6.125000
(5,5),(12,3):6.533333
(5,5),(12,7):1.583333
(5,5),(14,7):0.000000
(5,5),(14,8):0.000000
(5,5),(18,8):0.000000
(5,5),(18,9):0.000000
(5,5),(20,9):0.000000
(5,5),(20,4):0.000000
(5,5),(23,4):0.000000
(5,5),(23,2):0.000000
(5,5),(25,2):0.000000
(5,5),(25,11):0.000000
(5,5),(19,11):0.000000
(5,5),(19,12):0.000000
(5,5),(11,12):1.083333
(5,5),(11,6):7.083333
(5,5),(6,6):22.000000
(5,5),(6,18):16.346153
(5,5),(15,18):3.337500
(5,5),(15,19):2.876231
(5,5),(16,19):1.685917
(5,5),(16,23):0.000000
(5,5),(22,23):0.000000
(5,5),(22,17):0.000000
(5,5),(17,17):0.000000
(7,5),(7,1):19.791666
(7,5),(10,1):15.375000
(7,5),(10,3):22.166666
(7,5),(12,3):16.575001
(7,5),(12,7):12.125000
(7,5),(14,7):0.000000
(7,5),(14,8):0.000000
(7,5),(18,8):0.000000
(7,5),(18,9):0.000000
(7,5),(20,9):0.000000
(7,5),(20,4):0.000000
(7,5),(23,4):0.000000
(7,5),(23,2):0.000000
(7,5),(25,2):0.000000
(7,5),(25,11):0.000000
(7,5),(19,11):0.000000
(7,5),(19,12):0.000000
(7,5),(11,12):3.125000
(7,5),(11,6):22.458334
(7,5),(6,6):16.000000
(7,5),(6,18):1.500000
(7,5),(15,18):0.000000
(7,5),(15,19):0.000000
(7,5),(16,19):0.000000
(7,5),(16,23):0.000000
(7,5),(22,23):0.000000
(7,5),(22,17):0.000000
(7,5),(17,17):0.000000
(7,1),(10,1):15.000000
(7,1),(10,3):20.333334
(7,1),(12,3):14.291667
(7,1),(12,7):12.683333
(7,1),(14,7):0.625000
(7,1),(14,8):1.433333
(7,1),(18,8):1.200000
(7,1),(18,9):1.291338
(7,1),(20,9):0.950000
(7,1),(20,4):0.000000
(7,1),(23,4):0.000000
(7,1),(23,2):0.000000
(7,1),(25,2):0.000000
(7,1),(25,11):0.951664
(7,1),(19,11):1.437719
(7,1),(19,12):1.450000
(7,1),(11,12):4.016667
(7,1),(11,6):21.016666
(7,1),(6,6):12.166667
(7,1),(6,18):0.000000
(7,1),(15,18):0.000000
(7,1),(15,19):0.000000
(7,1),(16,19):0.000000
(7,1),(16,23):0.000000
(7,1),(22,23):0.000000
(7,1),(22,17):0.000000
(7,1),(17,17):0.000000
(10,1),(10,3):15.375000
(10,1),(12,3):9.375000
(10,1),(12,7):6.500000
(10,1),(14,7):0.000000
(10,1),(14,8):0.000000
(10,1),(18,8):0.000000
(10,1),(18,9):0.000000
(10,1),(20,9):0.000000
(10,1),(20,4):0.000000
(10,1),(23,4):0.000000
(10,1),(23,2):0.000000
(10,1),(25,2):0.000000
(10,1),(25,11):0.000000
(10,1),(19,11):0.000000
(10,1),(19,12):0.000000
(10,1),(11,12):0.000000
(10,1),(11,6):14.708333
(10,1),(6,6):7.875000
(10,1),(6,18):0.000000
(10,1),(15,18):0.000000
(10,1),(15,19):0.000000
(10,1),(16,19):0.000000
(10,1),(16,23):0.000000
(10,1),(22,23):0.000000
(10,1),(22,17):0.000000
(10,1),(17,17):0.000000
(10,3),(12,3):17.416666
(10,3),(12,7):18.250000
(10,3),(14,7):5.166667
(10,3),(14,8):5.550000
(10,3),(18,8):4.666667
(10,3),(18,9):5.087662
(10,3),(20,9):3.750000
(10,3),(20,4):0.000000
(10,3),(23,4):0.000000
(10,3),(23,2):0.000000
(10,3),(25,2):0.000000
(10,3),(25,11):3.711404
(10,3),(19,11):5.573529
(10,3),(19,12):5.625000
(10,3),(11,12):9.250000
(10,3),(11,6):27.333334
(10,3),(6,6):14.541667
(10,3),(6,18):0.375000
(10,3),(15,18):0.000000
(10,3),(15,19):0.000000
(10,3),(16,19):0.000000
(10,3),(16,23):0.000000
(10,3),(22,23):0.000000
(10,3),(22,17):0.000000
(10,3),(17,17):0.000000
(12,3),(12,7):13.500000
(12,3),(14,7):5.000000
(12,3),(14,8):5.250000
(12,3),(18,8):4.000000
(12,3),(18,9):4.625000
(12,3),(20,9):3.000000
(12,3),(20,4):0.000000
(12,3),(23,4):0.000000
(12,3),(23,2):0.000000
(12,3),(25,2):0.000000
(12,3),(25,11):3.681818
(12,3),(19,11):5.285714
(12,3),(19,12):5.357143
(12,3),(11,12):9.000000
(12,3),(11,6):22.200001
(12,3),(6,6):14.450000
(12,3),(6,18):0.650000
(12,3),(15,18):0.000000
(12,3),(15,19):0.000000
(12,3),(16,19):0.000000
(12,3),(16,23):0.000000
(12,3),(22,23):0.000000
(12,3),(22,17):0.000000
(12,3),(17,17):0.000000
(12,7),(14,7):15.000000
(12,7),(14,8):29.250000
(12,7),(18,8):24.000000
(12,7),(18,9):27.125000
(12,7),(20,9):21.750000
(12,7),(20,4):0.000000
(12,7),(23,4):0.491209
(12,7),(23,2):0.000000
(12,7),(25,2):0.828321
(12,7),(25,11):19.227272
(12,7),(19,11):28.452381
(12,7),(19,12):28.482143
(12,7),(11,12):32.950001
(12,7),(11,6):30.500000
(12,7),(6,6):7.583333
(12,7),(6,18):0.000000
(12,7),(15,18):0.000000
(12,7),(15,19):0.000000
(12,7),(16,19):0.000000
(12,7),(16,23):0.000000
(12,7),(22,23):0.000000
(12,7),(22,17):0.000000
(12,7),(17,17):0.000000
(14,7),(14,8):15.000000
(14,7),(18,8):12.000000
(14,7),(18,9):13.125000
(14,7),(20,9):9.000000
(14,7),(20,4):0.000000
(14,7),(23,4):0.000000
(14,7),(23,2):0.000000
(14,7),(25,2):0.000000
(14,7),(25,11):10.227273
(14,7),(19,11):14.166667
(14,7),(19,12):14.375000
(14,7),(11,12):15.000000
(14,7),(11,6):13.000000
(14,7),(6,6):0.000000
(14,7),(6,18):0.000000
(14,7),(15,18):0.000000
(14,7),(15,19):0.000000
(14,7),(16,19):0.000000
(14,7),(16,23):0.000000
(14,7),(22,23):0.000000
(14,7),(22,17):0.000000
(14,7),(17,17):0.000000
(14,8),(18,8):28.000000
(14,8),(18,9):38.000000
(14,8),(20,9):29.625000
(14,8),(20,4):4.375000
(14,8),(23,4):5.724068
(14,8),(23,2):1.000000
(14,8),(25,2):6.180195
(14,8),(25,11):28.352272
(14,8),(19,11):39.041668
(14,8),(19,12):33.333332
(14,8),(11,12):38.208332
(14,8),(11,6):17.750000
(14,8),(6,6):0.000000
(14,8),(6,18):0.000000
(14,8),(15,18):0.000000
(14,8),(15,19):0.000000
(14,8),(16,19):0.000000
(14,8),(16,23):0.000000
(14,8),(22,23):0.000000
(14,8),(22,17):0.000000
(14,8),(17,17):0.000000
(18,8),(18,9):28.000000
(18,8),(20,9):21.000000
(18,8),(20,4):0.000000
(18,8),(23,4):0.000000
(18,8),(23,2):0.000000
(18,8),(25,2):0.014286
(18,8),(25,11):19.250000
(18,8),(19,11):27.750000
(18,8),(19,12):27.833334
(18,8),(11,12):28.000000
(18,8),(11,6):16.000000
(18,8),(6,6):0.000000
(18,8),(6,18):0.000000
(18,8),(15,18):0.000000
(18,8),(15,19):0.000000
(18,8),(16,19):0.000000
(18,8),(16,23):0.000000
(18,8),(22,23):0.000000
(18,8),(22,17):0.000000
(18,8),(17,17):0.000000
(18,9),(20,9):35.750000
(18,9),(20,4):10.000000
(18,9),(23,4):11.414286
(18,9),(23,2):4.000000
(18,9),(25,2):11.880953
(18,9),(25,11):34.375000
(18,9),(19,11):43.875000
(18,9),(19,12):31.958334
(18,9),(11,12):41.875000
(18,9),(11,6):16.958334
(18,9),(6,6):0.000000
(18,9),(6,18):0.000000
(18,9),(15,18):0.000000
(18,9),(15,19):0.000000
(18,9),(16,19):0.000000
(18,9),(16,23):0.000000
(18,9),(22,23):0.000000
(18,9),(22,17):0.000000
(18,9),(17,17):0.000000
(20,9),(20,4):35.000000
(20,9),(23,4):39.214287
(20,9),(23,2):16.799999
(20,9),(25,2):35.180954
(20,9),(25,11):55.799999
(20,9),(19,11):57.299999
(20,9),(19,12):23.750000
(20,9),(11,12):37.666668
(20,9),(11,6):13.500000
(20,9),(6,6):0.000000
(20,9),(6,18):0.000000
(20,9),(15,18):0.000000
(20,9),(15,19):0.000000
(20,9),(16,19):0.000000
(20,9),(16,23):0.000000
(20,9),(22,23):0.000000
(20,9),(22,17):0.000000
(20,9),(17,17):0.000000
(20,4),(23,4):35.000000
(20,4),(23,2):14.000000
(20,4),(25,2):30.500000
(20,4),(25,11):35.000000
(20,4),(19,11):28.750000
(20,4),(19,12):0.000000
(20,4),(11,12):11.979167
(20,4),(11,6):0.000000
(20,4),(6,6):0.000000
(20,4),(6,18):0.000000
(20,4),(15,18):0.000000
(20,4),(15,19):0.000000
(20,4),(16,19):0.000000
(20,4),(16,23):0.000000
(20,4),(22,23):0.000000
(20,4),(22,17):0.000000
(20,4),(17,17):0.000000
(23,4),(23,2):18.000000
(23,4),(25,2):35.866665
(23,4),(25,11):40.200001
(23,4),(19,11):33.021427
(23,4),(19,12):0.247619
(23,4),(11,12):13.330953
(23,4),(11,6):0.000000
(23,4),(6,6):0.000000
(23,4),(6,18):0.000000
(23,4),(15,18):0.000000
(23,4),(15,19):0.000000
(23,4),(16,19):0.000000
(23,4),(16,23):0.000000
(23,4),(22,23):0.000000
(23,4),(22,17):0.000000
(23,4),(17,17):0.000000
(23,2),(25,2):18.000000
(23,2),(25,11):18.000000
(23,2),(19,11):16.857143
(23,2),(19,12):0.000000
(23,2),(11,12):5.416667
(23,2),(11,6):0.000000
(23,2),(6,6):0.000000
(23,2),(6,18):0.000000
(23,2),(15,18):0.000000
(23,2),(15,19):0.000000
(23,2),(16,19):0.000000
(23,2),(16,23):0.000000
(23,2),(22,23):0.000000
(23,2),(22,17):0.000000
(23,2),(17,17):0.000000
(25,2),(25,11):35.928570
(25,2),(19,11):33.238094
(25,2),(19,12):0.580952
(25,2),(11,12):13.797619
(25,2),(11,6):0.000000
(25,2),(6,6):0.000000
(25,2),(6,18):0.000000
(25,2),(15,18):0.000000
(25,2),(15,19):0.000000
(25,2),(16,19):0.000000
(25,2),(16,23):0.000000
(25,2),(22,23):0.000000
(25,2),(22,17):0.000000
(25,2),(17,17):0.000000
(25,11),(19,11):56.084415
(25,11),(19,12):22.477272
(25,11),(11,12):36.393940
(25,11),(11,6):11.539773
(25,11),(6,6):0.000000
(25,11),(6,18):0.000000
(25,11),(15,18):0.000000
(25,11),(15,19):0.000000
(25,11),(16,19):0.000000
(25,11),(16,23):0.000000
(25,11),(22,23):0.000000
(25,11),(22,17):0.000000
(25,11),(17,17):0.000000
(19,11),(19,12):33.202381
(19,11),(11,12):47.119049
(19,11),(11,6):17.785715
(19,11),(6,6):0.000000
(19,11),(6,18):0.000000
(19,11),(15,18):0.000000
(19,11),(15,19):0.000000
(19,11),(16,19):0.000000
(19,11),(16,23):0.000000
(19,11),(22,23):0.000000
(19,11),(22,17):0.000000
(19,11),(17,17):0.000000
(19,12),(11,12):33.565475
(19,12),(11,6):17.857143
(19,12),(6,6):0.000000
(19,12),(6,18):0.000000
(19,12),(15,18):0.000000
(19,12),(15,19):0.000000
(19,12),(16,19):0.000000
(19,12),(16,23):0.000000
(19,12),(22,23):0.000000
(19,12),(22,17):0.000000
(19,12),(17,17):0.000000
(11,12),(11,6):21.500000
(11,12),(6,6):3.000000
(11,12),(6,18):0.000000
(11,12),(15,18):0.000000
(11,12),(15,19):0.000000
(11,12),(16,19):0.000000
(11,12),(16,23):0.000000
(11,12),(22,23):0.000000
(11,12),(22,17):0.000000
(11,12),(17,17):0.000000
(11,6),(6,6):15.375000
(11,6),(6,18):1.000000
(11,6),(15,18):0.000000
(11,6),(15,19):0.000000
(11,6),(16,19):0.000000
(11,6),(16,23):0.000000
(11,6),(22,23):0.000000
(11,6),(22,17):0.000000
(11,6),(17,17):0.000000
(6,6),(6,18):25.000000
(6,6),(15,18):6.000000
(6,6),(15,19):5.555555
(6,6),(16,19):3.142857
(6,6),(16,23):0.000000
(6,6),(22,23):0.000000
(6,6),(22,17):0.000000
(6,6),(17,17):0.000000
(6,18),(15,18):26.071428
(6,18),(15,19):26.535715
(6,18),(16,19):15.015873
(6,18),(16,23):8.105159
(6,18),(22,23):0.000000
(6,18),(22,17):0.000000
(6,18),(17,17):0.000000
(15,18),(15,19):34.083332
(15,18),(16,19):22.785715
(15,18),(16,23):15.875000
(15,18),(22,23):4.000000
(15,18),(22,17):0.000000
(15,18),(17,17):0.000000
(15,19),(16,19):28.785715
(15,19),(16,23):22.375000
(15,19),(22,23):6.500000
(15,19),(22,17):0.000000
(15,19),(17,17):0.000000
(16,19),(16,23):18.500000
(16,19),(22,23):6.000000
(16,19),(22,17):0.000000
(16,19),(17,17):0.000000
(16,23),(22,23):18.500000
(16,23),(22,17):2.000000
(16,23),(17,17):0.000000
(22,23),(22,17):16.000000
(22,23),(17,17):2.000000
(22,17),(17,17):7.000000
