56
(27,8):(24,3)	(24,11)	(25,3)	(25,4)	(25,5)	(25,6)	(25,7)	(25,8)	(25,9)	(25,10)	(25,11)	(25,17)	(26,4)	(26,5)	(26,6)	(26,7)	(26,8)	(26,9)	(26,10)	(26,11)	(26,12)	(26,13)	(26,14)	(26,15)	(26,16)	(27,5)	(27,6)	(27,7)	(27,8)	(27,17)	(28,4)	(28,8)	
(27,17):(24,3)	(25,3)	(25,4)	(25,5)	(25,6)	(25,7)	(25,8)	(25,9)	(25,10)	(25,11)	(25,17)	(26,4)	(26,5)	(26,6)	(26,7)	(26,8)	(26,9)	(26,10)	(26,11)	(26,12)	(26,13)	(26,14)	(26,15)	(26,16)	(27,5)	(27,6)	(27,7)	(27,8)	(27,17)	
(25,17):(25,3)	(25,4)	(25,5)	(25,6)	(25,7)	(25,8)	(25,9)	(25,10)	(25,11)	(25,17)	(26,2)	(26,4)	(26,5)	(26,6)	(26,7)	(26,8)	(26,9)	(26,10)	(26,11)	(26,12)	(26,13)	(26,14)	(26,15)	(26,16)	(27,5)	(27,6)	(27,7)	(27,8)	(27,17)	
(25,11):(24,3)	(24,11)	(25,3)	(25,4)	(25,5)	(25,6)	(25,7)	(25,8)	(25,9)	(25,10)	(25,11)	(25,17)	(26,2)	(26,4)	(26,5)	(26,6)	(26,7)	(26,8)	(26,9)	(26,10)	(26,11)	(26,12)	(26,13)	(26,14)	(26,15)	(26,16)	(27,5)	(27,6)	(27,7)	(27,8)	(27,17)	(28,4)	
(24,11):(24,3)	(24,11)	(25,3)	(25,4)	(25,5)	(25,6)	(25,7)	(25,8)	(25,9)	(25,10)	(25,11)	(26,2)	(26,4)	(26,5)	(26,6)	(26,7)	(26,8)	(26,9)	(26,10)	(26,11)	(27,5)	(27,6)	(27,7)	(27,8)	(28,4)	
(24,3):(19,2)	(19,3)	(20,2)	(20,3)	(21,3)	(22,3)	(23,3)	(24,3)	(24,11)	(25,3)	(25,4)	(25,5)	(25,6)	(25,7)	(25,8)	(25,9)	(25,10)	(25,11)	(26,2)	(26,4)	(26,5)	(26,6)	(26,7)	(26,8)	(26,9)	(26,10)	(26,11)	(26,12)	(26,13)	(26,14)	(26,15)	(26,16)	(27,5)	(27,6)	(27,7)	(27,8)	(27,17)	(28,8)	
(23,3):(10,15)	(10,16)	(10,17)	(10,18)	(10,19)	(10,20)	(11,14)	(11,15)	(11,16)	(11,17)	(11,18)	(11,19)	(12,13)	(12,14)	(12,15)	(12,16)	(12,17)	(13,12)	(13,13)	(13,14)	(13,15)	(13,16)	(14,10)	(14,11)	(14,12)	(14,13)	(14,14)	(14,15)	(15,9)	(15,10)	(15,11)	(15,12)	(15,13)	(15,14)	(16,8)	(16,9)	(16,10)	(16,11)	(16,12)	(16,13)	(16,14)	(17,7)	(17,8)	(17,9)	(17,10)	(17,11)	(17,12)	(17,13)	(18,5)	(18,6)	(18,7)	(18,8)	(18,9)	(18,10)	(18,11)	(18,12)	(18,13)	(19,2)	(19,3)	(19,4)	(19,5)	(19,6)	(19,7)	(19,8)	(19,9)	(19,10)	(19,11)	(19,12)	(19,13)	(19,14)	(20,2)	(20,3)	(20,4)	(20,5)	(20,6)	(20,7)	(20,8)	(20,9)	(20,10)	(20,11)	(20,12)	(21,3)	(21,4)	(21,5)	(21,6)	(21,7)	(21,8)	(21,9)	(22,3)	(22,4)	(22,5)	(22,6)	(23,3)	(23,6)	(24,3)	(25,3)	(26,2)	
(23,6):(17,5)	(18,1)	(18,5)	(18,6)	(19,2)	(19,3)	(19,4)	(19,5)	(19,6)	(20,2)	(20,3)	(20,4)	(20,5)	(20,6)	(21,3)	(21,4)	(21,5)	(21,6)	(22,3)	(22,4)	(22,5)	(22,6)	(23,3)	(23,6)	
(22,6):(10,14)	(10,15)	(10,16)	(10,17)	(10,18)	(10,19)	(11,14)	(11,15)	(11,16)	(11,17)	(11,18)	(12,13)	(12,14)	(12,15)	(12,16)	(12,17)	(13,12)	(13,13)	(13,14)	(13,15)	(13,16)	(14,10)	(14,11)	(14,12)	(14,13)	(14,14)	(14,15)	(15,9)	(15,10)	(15,11)	(15,12)	(15,13)	(15,14)	(16,8)	(16,9)	(16,10)	(16,11)	(16,12)	(16,13)	(16,14)	(17,5)	(17,7)	(17,8)	(17,9)	(17,10)	(17,11)	(17,12)	(17,13)	(18,1)	(18,5)	(18,6)	(18,7)	(18,8)	(18,9)	(18,10)	(18,11)	(18,12)	(18,13)	(19,2)	(19,3)	(19,4)	(19,5)	(19,6)	(19,7)	(19,8)	(19,9)	(19,10)	(19,11)	(19,12)	(19,13)	(19,14)	(19,16)	(20,2)	(20,3)	(20,4)	(20,5)	(20,6)	(20,7)	(20,8)	(20,9)	(20,10)	(20,11)	(20,12)	(20,13)	(20,14)	(21,3)	(21,4)	(21,5)	(21,6)	(21,7)	(21,8)	(21,9)	(21,10)	(22,3)	(22,4)	(22,5)	(22,6)	(22,10)	(23,3)	(23,6)	
(22,10):(13,9)	(14,10)	(15,7)	(15,9)	(15,10)	(16,8)	(16,9)	(16,10)	(17,5)	(17,7)	(17,8)	(17,9)	(17,10)	(18,1)	(18,5)	(18,6)	(18,7)	(18,8)	(18,9)	(18,10)	(19,2)	(19,3)	(19,4)	(19,5)	(19,6)	(19,7)	(19,8)	(19,9)	(19,10)	(20,2)	(20,3)	(20,4)	(20,5)	(20,6)	(20,7)	(20,8)	(20,9)	(20,10)	(21,3)	(21,4)	(21,5)	(21,6)	(21,7)	(21,8)	(21,9)	(21,10)	(22,3)	(22,4)	(22,5)	(22,6)	(22,10)	
(21,10):(10,14)	(10,15)	(10,16)	(10,17)	(11,13)	(11,14)	(11,15)	(11,16)	(11,17)	(12,13)	(12,14)	(12,15)	(12,16)	(13,9)	(13,12)	(13,13)	(13,14)	(13,15)	(14,10)	(14,11)	(14,12)	(14,13)	(14,14)	(14,15)	(15,7)	(15,9)	(15,10)	(15,11)	(15,12)	(15,13)	(15,14)	(16,8)	(16,9)	(16,10)	(16,11)	(16,12)	(16,13)	(16,14)	(17,5)	(17,7)	(17,8)	(17,9)	(17,10)	(17,11)	(17,12)	(17,13)	(18,1)	(18,5)	(18,6)	(18,7)	(18,8)	(18,9)	(18,10)	(18,11)	(18,12)	(18,13)	(19,2)	(19,3)	(19,4)	(19,5)	(19,6)	(19,7)	(19,8)	(19,9)	(19,10)	(19,11)	(19,12)	(19,13)	(19,14)	(19,16)	(20,2)	(20,3)	(20,4)	(20,5)	(20,6)	(20,7)	(20,8)	(20,9)	(20,10)	(20,11)	(20,12)	(20,13)	(20,14)	(20,15)	(21,3)	(21,4)	(21,5)	(21,6)	(21,7)	(21,8)	(21,9)	(21,10)	(21,16)	(22,3)	(22,4)	(22,5)	(22,6)	(22,10)	
(21,16):(15,7)	(15,9)	(15,10)	(16,8)	(16,9)	(16,10)	(16,11)	(17,5)	(17,7)	(17,8)	(17,9)	(17,10)	(17,11)	(17,12)	(18,1)	(18,5)	(18,6)	(18,7)	(18,8)	(18,9)	(18,10)	(18,11)	(18,12)	(18,13)	(19,2)	(19,3)	(19,4)	(19,5)	(19,6)	(19,7)	(19,8)	(19,9)	(19,10)	(19,11)	(19,12)	(19,13)	(19,14)	(19,16)	(20,2)	(20,3)	(20,4)	(20,5)	(20,6)	(20,7)	(20,8)	(20,9)	(20,10)	(20,11)	(20,12)	(20,13)	(20,14)	(20,15)	(21,3)	(21,4)	(21,5)	(21,6)	(21,7)	(21,8)	(21,9)	(21,10)	(21,16)	
(19,16):(19,2)	(19,3)	(19,4)	(19,5)	(19,6)	(19,7)	(19,8)	(19,9)	(19,10)	(19,11)	(19,12)	(19,13)	(19,14)	(19,16)	(20,1)	(20,2)	(20,3)	(20,4)	(20,5)	(20,6)	(20,7)	(20,8)	(20,9)	(20,10)	(20,11)	(20,12)	(20,13)	(20,14)	(20,15)	(21,3)	(21,4)	(21,5)	(21,6)	(21,7)	(21,8)	(21,9)	(21,10)	(21,16)	(22,3)	(22,4)	(22,5)	(22,6)	
(19,14):(9,13)	(10,14)	(11,12)	(11,13)	(11,14)	(12,13)	(12,14)	(13,9)	(13,12)	(13,13)	(13,14)	(14,10)	(14,11)	(14,12)	(14,13)	(14,14)	(15,7)	(15,9)	(15,10)	(15,11)	(15,12)	(15,13)	(15,14)	(16,8)	(16,9)	(16,10)	(16,11)	(16,12)	(16,13)	(16,14)	(17,5)	(17,7)	(17,8)	(17,9)	(17,10)	(17,11)	(17,12)	(17,13)	(18,1)	(18,5)	(18,6)	(18,7)	(18,8)	(18,9)	(18,10)	(18,11)	(18,12)	(18,13)	(19,2)	(19,3)	(19,4)	(19,5)	(19,6)	(19,7)	(19,8)	(19,9)	(19,10)	(19,11)	(19,12)	(19,13)	(19,14)	(19,16)	(20,1)	(20,2)	(20,3)	(20,4)	(20,5)	(20,6)	(20,7)	(20,8)	(20,9)	(20,10)	(20,11)	(20,12)	(20,13)	(20,14)	(20,15)	(21,3)	(21,4)	(21,5)	(21,6)	(21,7)	(21,8)	(21,9)	(21,10)	(21,16)	(22,3)	(22,4)	(22,5)	(22,6)	(23,3)	
(16,14):(9,13)	(10,14)	(10,15)	(10,16)	(10,17)	(11,12)	(11,13)	(11,14)	(11,15)	(11,16)	(12,13)	(12,14)	(12,15)	(12,16)	(13,9)	(13,12)	(13,13)	(13,14)	(13,15)	(14,10)	(14,11)	(14,12)	(14,13)	(14,14)	(14,15)	(15,7)	(15,9)	(15,10)	(15,11)	(15,12)	(15,13)	(15,14)	(16,8)	(16,9)	(16,10)	(16,11)	(16,12)	(16,13)	(16,14)	(16,15)	(17,7)	(17,8)	(17,9)	(17,10)	(17,11)	(17,12)	(17,13)	(18,5)	(18,6)	(18,7)	(18,8)	(18,9)	(18,10)	(18,11)	(18,12)	(18,13)	(19,2)	(19,3)	(19,4)	(19,5)	(19,6)	(19,7)	(19,8)	(19,9)	(19,10)	(19,11)	(19,12)	(19,13)	(19,14)	(20,1)	(20,2)	(20,3)	(20,4)	(20,5)	(20,6)	(20,7)	(20,8)	(20,9)	(20,10)	(20,11)	(20,12)	(20,13)	(20,14)	(21,3)	(21,4)	(21,5)	(21,6)	(21,7)	(21,8)	(21,9)	(21,10)	(22,3)	(22,4)	(22,5)	(22,6)	(23,3)	
(16,15):(9,13)	(10,14)	(10,15)	(11,12)	(11,13)	(11,14)	(11,15)	(12,13)	(12,14)	(12,15)	(13,9)	(13,12)	(13,13)	(13,14)	(13,15)	(14,10)	(14,11)	(14,12)	(14,13)	(14,14)	(14,15)	(15,7)	(15,9)	(15,10)	(15,11)	(15,12)	(15,13)	(15,14)	(16,8)	(16,9)	(16,10)	(16,11)	(16,12)	(16,13)	(16,14)	(16,15)	
(14,15):(9,13)	(10,14)	(10,15)	(10,16)	(10,17)	(10,18)	(10,19)	(10,20)	(10,21)	(11,12)	(11,13)	(11,14)	(11,15)	(11,16)	(11,17)	(11,18)	(11,19)	(12,13)	(12,14)	(12,15)	(12,16)	(12,17)	(12,18)	(13,9)	(13,12)	(13,13)	(13,14)	(13,15)	(13,16)	(13,17)	(14,10)	(14,11)	(14,12)	(14,13)	(14,14)	(14,15)	(14,18)	(15,9)	(15,10)	(15,11)	(15,12)	(15,13)	(15,14)	(16,8)	(16,9)	(16,10)	(16,11)	(16,12)	(16,13)	(16,14)	(16,15)	(17,7)	(17,8)	(17,9)	(17,10)	(17,11)	(17,12)	(17,13)	(18,5)	(18,6)	(18,7)	(18,8)	(18,9)	(18,10)	(18,11)	(18,12)	(18,13)	(19,3)	(19,4)	(19,5)	(19,6)	(19,7)	(19,8)	(19,9)	(19,10)	(19,11)	(19,12)	(20,1)	(20,2)	(20,3)	(20,4)	(20,5)	(20,6)	(20,7)	(20,8)	(20,9)	(20,10)	(20,11)	(20,12)	(21,3)	(21,4)	(21,5)	(21,6)	(21,7)	(21,8)	(21,9)	(21,10)	(22,3)	(22,4)	(22,5)	(22,6)	(23,3)	
(14,18):(9,13)	(10,14)	(10,15)	(10,16)	(10,17)	(10,18)	(11,12)	(11,13)	(11,14)	(11,15)	(11,16)	(11,17)	(11,18)	(12,13)	(12,14)	(12,15)	(12,16)	(12,17)	(12,18)	(13,9)	(13,12)	(13,13)	(13,14)	(13,15)	(13,16)	(13,17)	(14,10)	(14,11)	(14,12)	(14,13)	(14,14)	(14,15)	(14,18)	
(12,18):(9,13)	(9,24)	(10,14)	(10,15)	(10,16)	(10,17)	(10,18)	(10,19)	(10,20)	(10,21)	(10,22)	(11,12)	(11,13)	(11,14)	(11,15)	(11,16)	(11,17)	(11,18)	(11,19)	(11,20)	(11,21)	(12,13)	(12,14)	(12,15)	(12,16)	(12,17)	(12,18)	(12,22)	(13,12)	(13,13)	(13,14)	(13,15)	(13,16)	(13,17)	(14,10)	(14,11)	(14,12)	(14,13)	(14,14)	(14,15)	(14,18)	(15,9)	(15,10)	(15,11)	(15,12)	(15,13)	(16,8)	(16,9)	(16,10)	(16,11)	(16,12)	(17,7)	(17,8)	(17,9)	(17,10)	(18,5)	(18,6)	(18,7)	(18,8)	(18,9)	(19,3)	(19,4)	(19,5)	(19,6)	(19,7)	(20,1)	(20,2)	(20,3)	(20,4)	(20,5)	(20,6)	(21,3)	(21,4)	(22,3)	
(12,22):(9,13)	(10,14)	(10,15)	(10,16)	(10,17)	(10,18)	(10,19)	(10,20)	(10,21)	(10,22)	(11,12)	(11,13)	(11,14)	(11,15)	(11,16)	(11,17)	(11,18)	(11,19)	(11,20)	(11,21)	(12,13)	(12,14)	(12,15)	(12,16)	(12,17)	(12,18)	(12,22)	
(10,22):(8,26)	(9,13)	(9,24)	(9,25)	(10,14)	(10,15)	(10,16)	(10,17)	(10,18)	(10,19)	(10,20)	(10,21)	(10,22)	(10,26)	(11,13)	(11,14)	(11,15)	(11,16)	(11,17)	(11,18)	(11,19)	(11,20)	(11,21)	(12,13)	(12,14)	(12,15)	(12,16)	(12,17)	(12,18)	(12,22)	(13,12)	(13,13)	(13,14)	(13,15)	(13,16)	(14,10)	(14,11)	(14,12)	(14,13)	(14,14)	(15,9)	(15,10)	(15,11)	(15,12)	(16,8)	(16,9)	(16,10)	(17,7)	(17,8)	(18,5)	(18,6)	(19,3)	(19,4)	(20,1)	(20,2)	
(10,26):(2,24)	(3,24)	(4,24)	(6,25)	(7,25)	(7,26)	(8,25)	(8,26)	(9,13)	(9,24)	(9,25)	(10,14)	(10,15)	(10,16)	(10,17)	(10,18)	(10,19)	(10,20)	(10,21)	(10,22)	(10,26)	
(8,26):(4,24)	(6,25)	(6,27)	(7,25)	(7,26)	(8,25)	(8,26)	(8,27)	(9,24)	(9,25)	(10,22)	(10,26)	
(8,27):(6,25)	(6,27)	(7,25)	(7,26)	(8,25)	(8,26)	(8,27)	
(6,27):(6,25)	(6,27)	(7,25)	(7,26)	(8,25)	(8,26)	(8,27)	(9,24)	(9,25)	
(6,25):(2,23)	(2,24)	(2,25)	(3,24)	(4,24)	(6,25)	(6,27)	(7,25)	(7,26)	(8,25)	(8,26)	(8,27)	(9,24)	(9,25)	(10,26)	
(2,25):(1,21)	(1,28)	(2,22)	(2,23)	(2,24)	(2,25)	(2,28)	(3,21)	(3,22)	(3,23)	(3,24)	(4,21)	(4,22)	(4,23)	(4,24)	(5,20)	(5,21)	(5,22)	(6,20)	(6,21)	(6,25)	(7,19)	(7,25)	(8,25)	(9,24)	(9,25)	
(2,28):(1,21)	(1,28)	(2,22)	(2,23)	(2,24)	(2,25)	(2,28)	
(1,28):(1,21)	(1,28)	(2,22)	(2,23)	(2,24)	(2,25)	(2,28)	(3,21)	(3,22)	
(1,21):(1,21)	(1,28)	(2,22)	(2,23)	(2,24)	(2,25)	(2,28)	(3,21)	(3,22)	(3,23)	(3,24)	(4,21)	(4,22)	(4,23)	(4,24)	(5,21)	(5,22)	(6,21)	(6,22)	(7,23)	
(3,21):(1,21)	(1,28)	(2,22)	(2,23)	(2,24)	(2,25)	(3,20)	(3,21)	(3,22)	(3,23)	(3,24)	(4,21)	(4,22)	(4,23)	(4,24)	(5,20)	(5,21)	(5,22)	(6,20)	(6,21)	(6,22)	(7,19)	(7,23)	
(3,20):(3,20)	(3,21)	(3,22)	(3,23)	(3,24)	(4,21)	(4,22)	(4,23)	(4,24)	(5,20)	(5,21)	(5,22)	(6,20)	(6,21)	(6,22)	(7,23)	
(5,20):(2,22)	(2,23)	(2,24)	(2,25)	(3,20)	(3,21)	(3,22)	(3,23)	(3,24)	(4,21)	(4,22)	(4,23)	(5,19)	(5,20)	(5,21)	(5,22)	(6,20)	(6,21)	(6,22)	(7,19)	(7,23)	
(5,19):(5,19)	(5,20)	(5,21)	(5,22)	(6,20)	(6,21)	(6,22)	(7,19)	(7,23)	
(7,19):(2,22)	(2,23)	(2,24)	(2,25)	(3,21)	(3,22)	(3,23)	(3,24)	(4,21)	(4,22)	(4,23)	(5,19)	(5,20)	(5,21)	(5,22)	(6,20)	(6,21)	(6,22)	(7,19)	(7,23)	
(7,23):(1,21)	(2,22)	(2,23)	(3,20)	(3,21)	(3,22)	(3,23)	(4,21)	(4,22)	(4,23)	(5,19)	(5,20)	(5,21)	(5,22)	(6,20)	(6,21)	(6,22)	(7,19)	(7,23)	
(4,23):(1,21)	(2,22)	(2,23)	(2,24)	(2,25)	(3,20)	(3,21)	(3,22)	(3,23)	(3,24)	(4,21)	(4,22)	(4,23)	(4,24)	(5,20)	(5,21)	(5,22)	(6,20)	(6,21)	(6,22)	(7,19)	(7,23)	
(4,24):(1,21)	(2,22)	(2,23)	(2,24)	(2,25)	(3,20)	(3,21)	(3,22)	(3,23)	(3,24)	(4,21)	(4,22)	(4,23)	(4,24)	(6,25)	(7,25)	(8,25)	(8,26)	(9,24)	(9,25)	(10,26)	
(9,24):(2,24)	(2,25)	(3,24)	(4,24)	(6,25)	(6,27)	(7,25)	(7,26)	(8,25)	(8,26)	(9,13)	(9,24)	(9,25)	(10,14)	(10,15)	(10,16)	(10,17)	(10,18)	(10,19)	(10,20)	(10,21)	(10,22)	(10,26)	(11,13)	(11,14)	(11,15)	(11,16)	(11,17)	(11,18)	(11,19)	(11,20)	(12,13)	(12,14)	(12,15)	(12,16)	(12,17)	(12,18)	(13,12)	(13,13)	(13,14)	(13,15)	(13,16)	(14,10)	(14,11)	(14,12)	(14,13)	(14,14)	(15,9)	(15,10)	(15,11)	(15,12)	(16,8)	(16,9)	(16,10)	(17,7)	(17,8)	(18,5)	(18,6)	(19,3)	(19,4)	(20,1)	(20,2)	
(9,13):(9,13)	(9,24)	(9,25)	(10,14)	(10,15)	(10,16)	(10,17)	(10,18)	(10,19)	(10,20)	(10,21)	(10,22)	(10,26)	(11,13)	(11,14)	(11,15)	(11,16)	(11,17)	(11,18)	(11,19)	(11,20)	(11,21)	(12,13)	(12,14)	(12,15)	(12,16)	(12,17)	(12,18)	(12,22)	(13,13)	(13,14)	(13,15)	(13,16)	(13,17)	(14,13)	(14,14)	(14,15)	(14,18)	(15,13)	(15,14)	(16,13)	(16,14)	(16,15)	(17,13)	(18,13)	(19,13)	(19,14)	(20,13)	(20,14)	
(11,13):(9,13)	(9,24)	(9,25)	(10,14)	(10,15)	(10,16)	(10,17)	(10,18)	(10,19)	(10,20)	(10,21)	(10,22)	(11,12)	(11,13)	(11,14)	(11,15)	(11,16)	(11,17)	(11,18)	(11,19)	(11,20)	(11,21)	(12,13)	(12,14)	(12,15)	(12,16)	(12,17)	(12,18)	(12,22)	(13,12)	(13,13)	(13,14)	(13,15)	(13,16)	(13,17)	(14,12)	(14,13)	(14,14)	(14,15)	(14,18)	(15,11)	(15,12)	(15,13)	(15,14)	(16,11)	(16,12)	(16,13)	(16,14)	(16,15)	(17,10)	(17,11)	(17,12)	(17,13)	(18,10)	(18,11)	(18,12)	(18,13)	(19,9)	(19,10)	(19,11)	(19,12)	(19,13)	(19,14)	(20,9)	(20,10)	(20,11)	(20,12)	(20,13)	(20,14)	(21,8)	(21,9)	(21,10)	
(11,12):(11,12)	(11,13)	(11,14)	(11,15)	(11,16)	(11,17)	(11,18)	(11,19)	(11,20)	(11,21)	(12,13)	(12,14)	(12,15)	(12,16)	(12,17)	(12,18)	(12,22)	(13,12)	(13,13)	(13,14)	(13,15)	(13,16)	(13,17)	(14,12)	(14,13)	(14,14)	(14,15)	(14,18)	(15,12)	(15,13)	(15,14)	(16,12)	(16,13)	(16,14)	(16,15)	(17,12)	(17,13)	(18,12)	(18,13)	(19,12)	(19,13)	(19,14)	(20,12)	(20,13)	(20,14)	
(13,12):(9,24)	(9,25)	(10,14)	(10,15)	(10,16)	(10,17)	(10,18)	(10,19)	(10,20)	(10,21)	(10,22)	(11,12)	(11,13)	(11,14)	(11,15)	(11,16)	(11,17)	(11,18)	(11,19)	(11,20)	(11,21)	(12,13)	(12,14)	(12,15)	(12,16)	(12,17)	(12,18)	(13,9)	(13,12)	(13,13)	(13,14)	(13,15)	(13,16)	(13,17)	(14,10)	(14,11)	(14,12)	(14,13)	(14,14)	(14,15)	(14,18)	(15,9)	(15,10)	(15,11)	(15,12)	(15,13)	(15,14)	(16,8)	(16,9)	(16,10)	(16,11)	(16,12)	(16,13)	(16,14)	(16,15)	(17,7)	(17,8)	(17,9)	(17,10)	(17,11)	(17,12)	(17,13)	(18,6)	(18,7)	(18,8)	(18,9)	(18,10)	(18,11)	(18,12)	(18,13)	(19,5)	(19,6)	(19,7)	(19,8)	(19,9)	(19,10)	(19,11)	(19,12)	(19,13)	(19,14)	(20,4)	(20,5)	(20,6)	(20,7)	(20,8)	(20,9)	(20,10)	(20,11)	(20,12)	(20,13)	(20,14)	(21,3)	(21,4)	(21,5)	(21,6)	(21,7)	(21,8)	(21,9)	(21,10)	(22,3)	(22,4)	(22,5)	(22,6)	(23,3)	
(13,9):(13,9)	(13,12)	(13,13)	(13,14)	(13,15)	(13,16)	(13,17)	(14,10)	(14,11)	(14,12)	(14,13)	(14,14)	(14,15)	(14,18)	(15,9)	(15,10)	(15,11)	(15,12)	(15,13)	(15,14)	(16,9)	(16,10)	(16,11)	(16,12)	(16,13)	(16,14)	(16,15)	(17,9)	(17,10)	(17,11)	(17,12)	(17,13)	(18,9)	(18,10)	(18,11)	(18,12)	(18,13)	(19,9)	(19,10)	(19,11)	(19,12)	(19,13)	(19,14)	(20,9)	(20,10)	(20,11)	(20,12)	(20,13)	(20,14)	(21,9)	(21,10)	(22,10)	
(15,9):(9,24)	(10,17)	(10,18)	(10,19)	(10,20)	(10,21)	(10,22)	(11,15)	(11,16)	(11,17)	(11,18)	(11,19)	(11,20)	(11,21)	(12,14)	(12,15)	(12,16)	(12,17)	(12,18)	(13,9)	(13,12)	(13,13)	(13,14)	(13,15)	(13,16)	(13,17)	(14,10)	(14,11)	(14,12)	(14,13)	(14,14)	(14,15)	(15,7)	(15,9)	(15,10)	(15,11)	(15,12)	(15,13)	(15,14)	(16,8)	(16,9)	(16,10)	(16,11)	(16,12)	(16,13)	(16,14)	(16,15)	(17,7)	(17,8)	(17,9)	(17,10)	(17,11)	(17,12)	(17,13)	(18,6)	(18,7)	(18,8)	(18,9)	(18,10)	(18,11)	(18,12)	(18,13)	(19,5)	(19,6)	(19,7)	(19,8)	(19,9)	(19,10)	(19,11)	(19,12)	(19,13)	(19,14)	(20,4)	(20,5)	(20,6)	(20,7)	(20,8)	(20,9)	(20,10)	(20,11)	(20,12)	(20,13)	(20,14)	(20,15)	(21,3)	(21,4)	(21,5)	(21,6)	(21,7)	(21,8)	(21,9)	(21,10)	(21,16)	(22,3)	(22,4)	(22,5)	(22,6)	(22,10)	(23,3)	
(15,7):(15,7)	(15,9)	(15,10)	(15,11)	(15,12)	(15,13)	(15,14)	(16,8)	(16,9)	(16,10)	(16,11)	(16,12)	(16,13)	(16,14)	(16,15)	(17,7)	(17,8)	(17,9)	(17,10)	(17,11)	(17,12)	(17,13)	(18,7)	(18,8)	(18,9)	(18,10)	(18,11)	(18,12)	(18,13)	(19,7)	(19,8)	(19,9)	(19,10)	(19,11)	(19,12)	(19,13)	(19,14)	(20,7)	(20,8)	(20,9)	(20,10)	(20,11)	(20,12)	(20,13)	(20,14)	(20,15)	(21,7)	(21,8)	(21,9)	(21,10)	(21,16)	(22,10)	
(17,7):(9,24)	(10,16)	(10,17)	(10,18)	(10,19)	(10,20)	(10,21)	(10,22)	(11,15)	(11,16)	(11,17)	(11,18)	(11,19)	(11,20)	(12,14)	(12,15)	(12,16)	(12,17)	(12,18)	(13,12)	(13,13)	(13,14)	(13,15)	(13,16)	(13,17)	(14,10)	(14,11)	(14,12)	(14,13)	(14,14)	(14,15)	(15,7)	(15,9)	(15,10)	(15,11)	(15,12)	(15,13)	(15,14)	(16,8)	(16,9)	(16,10)	(16,11)	(16,12)	(16,13)	(16,14)	(17,5)	(17,7)	(17,8)	(17,9)	(17,10)	(17,11)	(17,12)	(17,13)	(18,5)	(18,6)	(18,7)	(18,8)	(18,9)	(18,10)	(18,11)	(18,12)	(18,13)	(19,3)	(19,4)	(19,5)	(19,6)	(19,7)	(19,8)	(19,9)	(19,10)	(19,11)	(19,12)	(19,13)	(19,14)	(20,1)	(20,2)	(20,3)	(20,4)	(20,5)	(20,6)	(20,7)	(20,8)	(20,9)	(20,10)	(20,11)	(20,12)	(20,13)	(20,14)	(20,15)	(21,3)	(21,4)	(21,5)	(21,6)	(21,7)	(21,8)	(21,9)	(21,10)	(21,16)	(22,3)	(22,4)	(22,5)	(22,6)	(22,10)	(23,3)	
(17,5):(17,5)	(17,7)	(17,8)	(17,9)	(17,10)	(17,11)	(17,12)	(17,13)	(18,5)	(18,6)	(18,7)	(18,8)	(18,9)	(18,10)	(18,11)	(18,12)	(18,13)	(19,5)	(19,6)	(19,7)	(19,8)	(19,9)	(19,10)	(19,11)	(19,12)	(19,13)	(19,14)	(20,5)	(20,6)	(20,7)	(20,8)	(20,9)	(20,10)	(20,11)	(20,12)	(20,13)	(20,14)	(20,15)	(21,5)	(21,6)	(21,7)	(21,8)	(21,9)	(21,10)	(21,16)	(22,5)	(22,6)	(22,10)	(23,6)	
(18,5):(9,24)	(10,21)	(10,22)	(11,19)	(11,20)	(12,17)	(12,18)	(13,15)	(13,16)	(13,17)	(14,13)	(14,14)	(14,15)	(15,11)	(15,12)	(15,13)	(15,14)	(16,9)	(16,10)	(16,11)	(16,12)	(16,13)	(16,14)	(17,5)	(17,7)	(17,8)	(17,9)	(17,10)	(17,11)	(17,12)	(17,13)	(18,1)	(18,5)	(18,6)	(18,7)	(18,8)	(18,9)	(18,10)	(18,11)	(18,12)	(18,13)	(19,2)	(19,3)	(19,4)	(19,5)	(19,6)	(19,7)	(19,8)	(19,9)	(19,10)	(19,11)	(19,12)	(19,13)	(19,14)	(20,1)	(20,2)	(20,3)	(20,4)	(20,5)	(20,6)	(20,7)	(20,8)	(20,9)	(20,10)	(20,11)	(20,12)	(20,13)	(20,14)	(20,15)	(21,3)	(21,4)	(21,5)	(21,6)	(21,7)	(21,8)	(21,9)	(21,10)	(21,16)	(22,3)	(22,4)	(22,5)	(22,6)	(22,10)	(23,3)	(23,6)	
(18,1):(18,1)	(18,5)	(18,6)	(18,7)	(18,8)	(18,9)	(18,10)	(18,11)	(18,12)	(18,13)	(19,2)	(19,3)	(19,4)	(19,5)	(19,6)	(19,7)	(19,8)	(19,9)	(19,10)	(19,11)	(19,12)	(19,13)	(19,14)	(20,1)	(20,2)	(20,3)	(20,4)	(20,5)	(20,6)	(20,7)	(20,8)	(20,9)	(20,10)	(20,11)	(20,12)	(20,13)	(20,14)	(20,15)	(21,3)	(21,4)	(21,5)	(21,6)	(21,7)	(21,8)	(21,9)	(21,10)	(21,16)	(22,3)	(22,4)	(22,5)	(22,6)	(22,10)	(23,6)	
(20,1):(9,24)	(10,21)	(10,22)	(11,19)	(11,20)	(12,17)	(12,18)	(13,15)	(13,16)	(13,17)	(14,13)	(14,14)	(14,15)	(15,11)	(15,12)	(15,13)	(15,14)	(16,9)	(16,10)	(16,11)	(16,12)	(16,13)	(16,14)	(17,7)	(17,8)	(17,9)	(17,10)	(17,11)	(17,12)	(17,13)	(18,1)	(18,5)	(18,6)	(18,7)	(18,8)	(18,9)	(18,10)	(18,11)	(18,12)	(18,13)	(19,2)	(19,3)	(19,4)	(19,5)	(19,6)	(19,7)	(19,8)	(19,9)	(19,10)	(19,11)	(19,12)	(19,13)	(19,14)	(19,16)	(20,1)	(20,2)	(20,3)	(20,4)	(20,5)	(20,6)	(20,7)	(20,8)	(20,9)	(20,10)	(20,11)	(20,12)	(20,13)	(20,14)	(20,15)	
(20,2):(9,24)	(10,19)	(10,20)	(10,21)	(10,22)	(11,17)	(11,18)	(11,19)	(11,20)	(12,16)	(12,17)	(12,18)	(13,14)	(13,15)	(13,16)	(13,17)	(14,12)	(14,13)	(14,14)	(14,15)	(15,11)	(15,12)	(15,13)	(15,14)	(16,9)	(16,10)	(16,11)	(16,12)	(16,13)	(16,14)	(17,7)	(17,8)	(17,9)	(17,10)	(17,11)	(17,12)	(17,13)	(18,1)	(18,5)	(18,6)	(18,7)	(18,8)	(18,9)	(18,10)	(18,11)	(18,12)	(18,13)	(19,2)	(19,3)	(19,4)	(19,5)	(19,6)	(19,7)	(19,8)	(19,9)	(19,10)	(19,11)	(19,12)	(19,13)	(19,14)	(19,16)	(20,1)	(20,2)	(20,3)	(20,4)	(20,5)	(20,6)	(20,7)	(20,8)	(20,9)	(20,10)	(20,11)	(20,12)	(20,13)	(20,14)	(20,15)	(21,3)	(21,4)	(21,5)	(21,6)	(21,7)	(21,8)	(21,9)	(21,10)	(21,16)	(22,3)	(22,4)	(22,5)	(22,6)	(22,10)	(23,3)	(23,6)	(24,3)	(25,3)	(26,2)	
(26,2):(19,2)	(19,3)	(19,4)	(20,2)	(20,3)	(20,4)	(21,3)	(22,3)	(23,3)	(24,3)	(24,11)	(25,3)	(25,4)	(25,5)	(25,6)	(25,7)	(25,8)	(25,9)	(25,10)	(25,11)	(25,17)	(26,2)	(26,4)	(26,5)	(26,6)	(26,7)	(26,8)	(26,9)	(26,10)	(26,11)	(26,12)	(26,13)	(26,14)	(26,15)	(26,16)	
(26,4):(24,3)	(24,11)	(25,3)	(25,4)	(25,5)	(25,6)	(25,7)	(25,8)	(25,9)	(25,10)	(25,11)	(25,17)	(26,2)	(26,4)	(26,5)	(26,6)	(26,7)	(26,8)	(26,9)	(26,10)	(26,11)	(26,12)	(26,13)	(26,14)	(26,15)	(26,16)	(27,5)	(27,6)	(27,7)	(27,8)	(27,17)	(28,4)	(28,8)	
(28,4):(24,11)	(25,4)	(25,5)	(25,6)	(25,7)	(25,8)	(25,9)	(25,10)	(25,11)	(26,4)	(26,5)	(26,6)	(26,7)	(26,8)	(26,9)	(26,10)	(26,11)	(26,12)	(27,5)	(27,6)	(27,7)	(27,8)	(28,4)	(28,8)	
(28,8):(24,3)	(25,3)	(25,4)	(25,5)	(25,6)	(25,7)	(25,8)	(26,4)	(26,5)	(26,6)	(26,7)	(26,8)	(27,5)	(27,6)	(27,7)	(27,8)	(28,4)	(28,8)	
(27,8):40.799999
(27,17):35.453297
(25,17):29.777779
(25,11):40.312500
(24,11):28.500000
(24,3):44.250000
(23,3):99.281815
(23,6):22.625000
(22,6):104.513687
(22,10):46.875000
(21,10):105.141075
(21,16):57.464287
(19,16):37.900002
(19,14):90.848488
(16,14):99.438026
(16,15):30.000000
(14,15):106.672028
(14,18):31.000000
(12,18):76.315269
(12,22):28.000000
(10,22):55.127174
(10,26):22.375000
(8,26):12.000000
(8,27):6.500000
(6,27):9.500000
(6,25):17.416666
(2,25):28.146429
(2,28):7.000000
(1,28):10.023809
(1,21):21.500000
(3,21):25.041666
(3,20):14.125000
(5,20):23.166666
(5,19):8.000000
(7,19):21.100000
(7,23):18.000000
(4,23):24.333334
(4,24):22.250000
(9,24):62.699871
(9,13):50.200001
(11,13):77.824745
(11,12):38.500000
(13,12):113.363892
(13,9):48.666668
(15,9):102.658791
(15,7):48.857143
(17,7):108.891121
(17,5):45.555557
(18,5):85.607025
(18,1):51.596153
(20,1):57.299873
(20,2):97.173080
(26,2):34.166668
(26,4):42.000000
(28,4):27.000000
(28,8):19.400000
(27,8),(27,17):35.107143
(27,8),(25,17):29.277779
(27,8),(25,11):39.812500
(27,8),(24,11):28.000000
(27,8),(24,3):37.549999
(27,8),(23,3):1.925000
(27,8),(23,6):0.000000
(27,8),(22,6):0.000000
(27,8),(22,10):0.000000
(27,8),(21,10):0.000000
(27,8),(21,16):0.000000
(27,8),(19,16):0.000000
(27,8),(19,14):0.000000
(27,8),(16,14):0.022594
(27,8),(16,15):0.000000
(27,8),(14,15):0.045370
(27,8),(14,18):0.000000
(27,8),(12,18):0.000000
(27,8),(12,22):0.000000
(27,8),(10,22):0.000000
(27,8),(10,26):0.000000
(27,8),(8,26):0.000000
(27,8),(8,27):0.000000
(27,8),(6,27):0.000000
(27,8),(6,25):0.000000
(27,8),(2,25):0.000000
(27,8),(2,28):0.000000
(27,8),(1,28):0.000000
(27,8),(1,21):0.000000
(27,8),(3,21):0.000000
(27,8),(3,20):0.000000
(27,8),(5,20):0.000000
(27,8),(5,19):0.000000
(27,8),(7,19):0.000000
(27,8),(7,23):0.000000
(27,8),(4,23):0.000000
(27,8),(4,24):0.000000
(27,8),(9,24):0.000000
(27,8),(9,13):0.000000
(27,8),(11,13):0.000000
(27,8),(11,12):0.000000
(27,8),(13,12):0.147763
(27,8),(13,9):0.000000
(27,8),(15,9):0.225287
(27,8),(15,7):0.000000
(27,8),(17,7):0.288095
(27,8),(17,5):0.000000
(27,8),(18,5):0.711290
(27,8),(18,1):0.000000
(27,8),(20,1):0.000000
(27,8),(20,2):2.333333
(27,8),(26,2):23.799999
(27,8),(26,4):40.799999
(27,8),(28,4):27.000000
(27,8),(28,8):19.299999
(27,17),(25,17):27.846153
(27,17),(25,11):35.408653
(27,17),(24,11):23.346153
(27,17),(24,3):32.953297
(27,17),(23,3):1.991758
(27,17),(23,6):0.000000
(27,17),(22,6):0.000000
(27,17),(22,10):0.000000
(27,17),(21,10):0.000000
(27,17),(21,16):0.000000
(27,17),(19,16):0.000000
(27,17),(19,14):0.000000
(27,17),(16,14):0.000000
(27,17),(16,15):0.000000
(27,17),(14,15):0.000000
(27,17),(14,18):0.000000
(27,17),(12,18):0.000000
(27,17),(12,22):0.000000
(27,17),(10,22):0.000000
(27,17),(10,26):0.000000
(27,17),(8,26):0.000000
(27,17),(8,27):0.000000
(27,17),(6,27):0.000000
(27,17),(6,25):0.000000
(27,17),(2,25):0.000000
(27,17),(2,28):0.000000
(27,17),(1,28):0.000000
(27,17),(1,21):0.000000
(27,17),(3,21):0.000000
(27,17),(3,20):0.000000
(27,17),(5,20):0.000000
(27,17),(5,19):0.000000
(27,17),(7,19):0.000000
(27,17),(7,23):0.000000
(27,17),(4,23):0.000000
(27,17),(4,24):0.000000
(27,17),(9,24):0.000000
(27,17),(9,13):0.000000
(27,17),(11,13):0.000000
(27,17),(11,12):0.000000
(27,17),(13,12):0.039944
(27,17),(13,9):0.000000
(27,17),(15,9):0.096886
(27,17),(15,7):0.000000
(27,17),(17,7):0.148810
(27,17),(17,5):0.000000
(27,17),(18,5):0.541353
(27,17),(18,1):0.000000
(27,17),(20,1):0.000000
(27,17),(20,2):2.463101
(27,17),(26,2):22.453297
(27,17),(26,4):35.453297
(27,17),(28,4):21.500000
(27,17),(28,8):15.107142
(25,17),(25,11):29.777779
(25,17),(24,11):17.777779
(25,17),(24,3):26.725000
(25,17),(23,3):1.000000
(25,17),(23,6):0.000000
(25,17),(22,6):0.000000
(25,17),(22,10):0.000000
(25,17),(21,10):0.000000
(25,17),(21,16):0.000000
(25,17),(19,16):0.000000
(25,17),(19,14):0.000000
(25,17),(16,14):0.000000
(25,17),(16,15):0.000000
(25,17),(14,15):0.000000
(25,17),(14,18):0.000000
(25,17),(12,18):0.000000
(25,17),(12,22):0.000000
(25,17),(10,22):0.000000
(25,17),(10,26):0.000000
(25,17),(8,26):0.000000
(25,17),(8,27):0.000000
(25,17),(6,27):0.000000
(25,17),(6,25):0.000000
(25,17),(2,25):0.000000
(25,17),(2,28):0.000000
(25,17),(1,28):0.000000
(25,17),(1,21):0.000000
(25,17),(3,21):0.000000
(25,17),(3,20):0.000000
(25,17),(5,20):0.000000
(25,17),(5,19):0.000000
(25,17),(7,19):0.000000
(25,17),(7,23):0.000000
(25,17),(4,23):0.000000
(25,17),(4,24):0.000000
(25,17),(9,24):0.000000
(25,17),(9,13):0.000000
(25,17),(11,13):0.000000
(25,17),(11,12):0.000000
(25,17),(13,12):0.000000
(25,17),(13,9):0.000000
(25,17),(15,9):0.000000
(25,17),(15,7):0.000000
(25,17),(17,7):0.000000
(25,17),(17,5):0.000000
(25,17),(18,5):0.050000
(25,17),(18,1):0.000000
(25,17),(20,1):0.000000
(25,17),(20,2):1.375000
(25,17),(26,2):15.000000
(25,17),(26,4):29.777779
(25,17),(28,4):17.777779
(25,17),(28,8):10.777778
(25,11),(24,11):28.250000
(25,11),(24,3):37.062500
(25,11),(23,3):2.062500
(25,11),(23,6):0.000000
(25,11),(22,6):0.000000
(25,11),(22,10):0.000000
(25,11),(21,10):0.000000
(25,11),(21,16):0.000000
(25,11),(19,16):0.000000
(25,11),(19,14):0.000000
(25,11),(16,14):0.000000
(25,11),(16,15):0.000000
(25,11),(14,15):0.000000
(25,11),(14,18):0.000000
(25,11),(12,18):0.000000
(25,11),(12,22):0.000000
(25,11),(10,22):0.000000
(25,11),(10,26):0.000000
(25,11),(8,26):0.000000
(25,11),(8,27):0.000000
(25,11),(6,27):0.000000
(25,11),(6,25):0.000000
(25,11),(2,25):0.000000
(25,11),(2,28):0.000000
(25,11),(1,28):0.000000
(25,11),(1,21):0.000000
(25,11),(3,21):0.000000
(25,11),(3,20):0.000000
(25,11),(5,20):0.000000
(25,11),(5,19):0.000000
(25,11),(7,19):0.000000
(25,11),(7,23):0.000000
(25,11),(4,23):0.000000
(25,11),(4,24):0.000000
(25,11),(9,24):0.000000
(25,11),(9,13):0.000000
(25,11),(11,13):0.000000
(25,11),(11,12):0.000000
(25,11),(13,12):0.022550
(25,11),(13,9):0.000000
(25,11),(15,9):0.072024
(25,11),(15,7):0.000000
(25,11),(17,7):0.120192
(25,11),(17,5):0.000000
(25,11),(18,5):0.502976
(25,11),(18,1):0.000000
(25,11),(20,1):0.000000
(25,11),(20,2):2.562500
(25,11),(26,2):24.062500
(25,11),(26,4):40.312500
(25,11),(28,4):26.250000
(25,11),(28,8):18.312500
(24,11),(24,3):27.500000
(24,11),(23,3):2.000000
(24,11),(23,6):0.000000
(24,11),(22,6):0.000000
(24,11),(22,10):0.000000
(24,11),(21,10):0.000000
(24,11),(21,16):0.000000
(24,11),(19,16):0.000000
(24,11),(19,14):0.000000
(24,11),(16,14):0.000000
(24,11),(16,15):0.000000
(24,11),(14,15):0.000000
(24,11),(14,18):0.000000
(24,11),(12,18):0.000000
(24,11),(12,22):0.000000
(24,11),(10,22):0.000000
(24,11),(10,26):0.000000
(24,11),(8,26):0.000000
(24,11),(8,27):0.000000
(24,11),(6,27):0.000000
(24,11),(6,25):0.000000
(24,11),(2,25):0.000000
(24,11),(2,28):0.000000
(24,11),(1,28):0.000000
(24,11),(1,21):0.000000
(24,11),(3,21):0.000000
(24,11),(3,20):0.000000
(24,11),(5,20):0.000000
(24,11),(5,19):0.000000
(24,11),(7,19):0.000000
(24,11),(7,23):0.000000
(24,11),(4,23):0.000000
(24,11),(4,24):0.000000
(24,11),(9,24):0.000000
(24,11),(9,13):0.000000
(24,11),(11,13):0.000000
(24,11),(11,12):0.000000
(24,11),(13,12):0.005556
(24,11),(13,9):0.000000
(24,11),(15,9):0.041667
(24,11),(15,7):0.000000
(24,11),(17,7):0.083333
(24,11),(17,5):0.000000
(24,11),(18,5):0.450000
(24,11),(18,1):0.000000
(24,11),(20,1):0.000000
(24,11),(20,2):2.500000
(24,11),(26,2):18.000000
(24,11),(26,4):28.500000
(24,11),(28,4):23.375000
(24,11),(28,8):18.500000
(24,3),(23,3):8.500000
(24,3),(23,6):5.500000
(24,3),(22,6):5.666667
(24,3),(22,10):4.500000
(24,3),(21,10):5.375000
(24,3),(21,16):3.500000
(24,3),(19,16):4.175000
(24,3),(19,14):5.681818
(24,3),(16,14):4.973153
(24,3),(16,15):0.000000
(24,3),(14,15):4.447727
(24,3),(14,18):0.000000
(24,3),(12,18):3.221927
(24,3),(12,22):0.000000
(24,3),(10,22):0.612229
(24,3),(10,26):0.000000
(24,3),(8,26):0.000000
(24,3),(8,27):0.000000
(24,3),(6,27):0.000000
(24,3),(6,25):0.000000
(24,3),(2,25):0.000000
(24,3),(2,28):0.000000
(24,3),(1,28):0.000000
(24,3),(1,21):0.000000
(24,3),(3,21):0.000000
(24,3),(3,20):0.000000
(24,3),(5,20):0.000000
(24,3),(5,19):0.000000
(24,3),(7,19):0.000000
(24,3),(7,23):0.000000
(24,3),(4,23):0.000000
(24,3),(4,24):0.000000
(24,3),(9,24):0.603251
(24,3),(9,13):0.000000
(24,3),(11,13):0.000000
(24,3),(11,12):0.000000
(24,3),(13,12):2.955555
(24,3),(13,9):0.000000
(24,3),(15,9):2.166667
(24,3),(15,7):0.000000
(24,3),(17,7):4.527778
(24,3),(17,5):0.000000
(24,3),(18,5):6.750000
(24,3),(18,1):3.500000
(24,3),(20,1):2.500000
(24,3),(20,2):9.000000
(24,3),(26,2):27.750000
(24,3),(26,4):38.750000
(24,3),(28,4):24.958334
(24,3),(28,8):18.400000
(23,3),(23,6):21.466667
(23,3),(22,6):93.787498
(23,3),(22,10):40.133335
(23,3),(21,10):86.236908
(23,3),(21,16):46.419048
(23,3),(19,16):28.066668
(23,3),(19,14):73.204041
(23,3),(16,14):83.765259
(23,3),(16,15):22.181818
(23,3),(14,15):89.615395
(23,3),(14,18):21.299999
(23,3),(12,18):57.723808
(23,3),(12,22):16.250000
(23,3),(10,22):36.330685
(23,3),(10,26):5.850000
(23,3),(8,26):0.000000
(23,3),(8,27):0.000000
(23,3),(6,27):0.000000
(23,3),(6,25):0.000000
(23,3),(2,25):0.000000
(23,3),(2,28):0.000000
(23,3),(1,28):0.000000
(23,3),(1,21):0.000000
(23,3),(3,21):0.000000
(23,3),(3,20):0.000000
(23,3),(5,20):0.000000
(23,3),(5,19):0.000000
(23,3),(7,19):0.000000
(23,3),(7,23):0.000000
(23,3),(4,23):0.000000
(23,3),(4,24):0.000000
(23,3),(9,24):36.236759
(23,3),(9,13):30.098305
(23,3),(11,13):52.188484
(23,3),(11,12):26.227972
(23,3),(13,12):88.620705
(23,3),(13,9):37.718052
(23,3),(15,9):81.849884
(23,3),(15,7):37.909889
(23,3),(17,7):90.673943
(23,3),(17,5):35.233334
(23,3),(18,5):68.856819
(23,3),(18,1):39.885418
(23,3),(20,1):48.848484
(23,3),(20,2):79.431816
(23,3),(26,2):12.166667
(23,3),(26,4):3.000000
(23,3),(28,4):0.000000
(23,3),(28,8):1.650000
(23,6),(22,6):22.625000
(23,6),(22,10):18.625000
(23,6),(21,10):20.625000
(23,6),(21,16):14.625000
(23,6),(19,16):14.958333
(23,6),(19,14):21.291666
(23,6),(16,14):19.966270
(23,6),(16,15):0.000000
(23,6),(14,15):18.353260
(23,6),(14,18):0.000000
(23,6),(12,18):11.730880
(23,6),(12,22):0.000000
(23,6),(10,22):2.324096
(23,6),(10,26):0.000000
(23,6),(8,26):0.000000
(23,6),(8,27):0.000000
(23,6),(6,27):0.000000
(23,6),(6,25):0.000000
(23,6),(2,25):0.000000
(23,6),(2,28):0.000000
(23,6),(1,28):0.000000
(23,6),(1,21):0.000000
(23,6),(3,21):0.000000
(23,6),(3,20):0.000000
(23,6),(5,20):0.000000
(23,6),(5,19):0.000000
(23,6),(7,19):0.000000
(23,6),(7,23):0.000000
(23,6),(4,23):0.000000
(23,6),(4,24):0.000000
(23,6),(9,24):2.299494
(23,6),(9,13):0.000000
(23,6),(11,13):0.000000
(23,6),(11,12):0.000000
(23,6),(13,12):14.066667
(23,6),(13,9):0.000000
(23,6),(15,9):11.785714
(23,6),(15,7):0.000000
(23,6),(17,7):18.750000
(23,6),(17,5):6.000000
(23,6),(18,5):22.625000
(23,6),(18,1):19.375000
(23,6),(20,1):9.875000
(23,6),(20,2):21.958334
(23,6),(26,2):9.166667
(23,6),(26,4):0.250000
(23,6),(28,4):0.000000
(23,6),(28,8):0.000000
(22,6),(22,10):45.492859
(22,6),(21,10):96.963097
(22,6),(21,16):52.200001
(22,6),(19,16):33.150002
(22,6),(19,14):81.826187
(22,6),(16,14):92.071030
(22,6),(16,15):25.134523
(22,6),(14,15):93.357483
(22,6),(14,18):23.023809
(22,6),(12,18):58.147034
(22,6),(12,22):15.812500
(22,6),(10,22):36.704136
(22,6),(10,26):5.729167
(22,6),(8,26):0.000000
(22,6),(8,27):0.000000
(22,6),(6,27):0.000000
(22,6),(6,25):0.000000
(22,6),(2,25):0.000000
(22,6),(2,28):0.000000
(22,6),(1,28):0.000000
(22,6),(1,21):0.000000
(22,6),(3,21):0.000000
(22,6),(3,20):0.000000
(22,6),(5,20):0.000000
(22,6),(5,19):0.000000
(22,6),(7,19):0.000000
(22,6),(7,23):0.000000
(22,6),(4,23):0.000000
(22,6),(4,24):0.000000
(22,6),(9,24):36.550579
(22,6),(9,13):29.777946
(22,6),(11,13):55.514774
(22,6),(11,12):26.971813
(22,6),(13,12):92.974586
(22,6),(13,9):41.675186
(22,6),(15,9):85.358925
(22,6),(15,7):43.833694
(22,6),(17,7):94.162498
(22,6),(17,5):41.055557
(22,6),(18,5):74.105156
(22,6),(18,1):46.846153
(22,6),(20,1):51.160713
(22,6),(20,2):81.020836
(22,6),(26,2):9.333333
(22,6),(26,4):0.380952
(22,6),(28,4):0.000000
(22,6),(28,8):0.007843
(22,10),(21,10):46.875000
(22,10),(21,16):37.375000
(22,10),(19,16):23.375000
(22,10),(19,14):45.875000
(22,10),(16,14):44.411507
(22,10),(16,15):5.000000
(22,10),(14,15):42.234524
(22,10),(14,18):1.000000
(22,10),(12,18):24.863432
(22,10),(12,22):0.000000
(22,10),(10,22):8.669885
(22,10),(10,26):0.000000
(22,10),(8,26):0.000000
(22,10),(8,27):0.000000
(22,10),(6,27):0.000000
(22,10),(6,25):0.000000
(22,10),(2,25):0.000000
(22,10),(2,28):0.000000
(22,10),(1,28):0.000000
(22,10),(1,21):0.000000
(22,10),(3,21):0.000000
(22,10),(3,20):0.000000
(22,10),(5,20):0.000000
(22,10),(5,19):0.000000
(22,10),(7,19):0.000000
(22,10),(7,23):0.000000
(22,10),(4,23):0.000000
(22,10),(4,24):0.000000
(22,10),(9,24):8.525490
(22,10),(9,13):0.000000
(22,10),(11,13):6.100000
(22,10),(11,12):0.000000
(22,10),(13,12):36.541668
(22,10),(13,9):9.000000
(22,10),(15,9):35.500000
(22,10),(15,7):21.000000
(22,10),(17,7):41.416668
(22,10),(17,5):25.000000
(22,10),(18,5):41.125000
(22,10),(18,1):32.875000
(22,10),(20,1):24.125000
(22,10),(20,2):40.825001
(22,10),(26,2):8.000000
(22,10),(26,4):0.000000
(22,10),(28,4):0.000000
(22,10),(28,8):0.000000
(21,10),(21,16):57.437500
(21,10),(19,16):37.437500
(21,10),(19,14):88.837502
(21,10),(16,14):95.999008
(21,10),(16,15):28.275000
(21,10),(14,15):90.250595
(21,10),(14,18):23.600000
(21,10),(12,18):56.081341
(21,10),(12,22):13.525000
(21,10),(10,22):34.545673
(21,10),(10,26):4.764286
(21,10),(8,26):0.000000
(21,10),(8,27):0.000000
(21,10),(6,27):0.000000
(21,10),(6,25):0.000000
(21,10),(2,25):0.000000
(21,10),(2,28):0.000000
(21,10),(1,28):0.000000
(21,10),(1,21):0.000000
(21,10),(3,21):0.000000
(21,10),(3,20):0.000000
(21,10),(5,20):0.000000
(21,10),(5,19):0.000000
(21,10),(7,19):0.000000
(21,10),(7,23):0.000000
(21,10),(4,23):0.000000
(21,10),(4,24):0.000000
(21,10),(9,24):34.323048
(21,10),(9,13):26.903572
(21,10),(11,13):54.553570
(21,10),(11,12):27.589285
(21,10),(13,12):91.011902
(21,10),(13,9):45.398811
(21,10),(15,9):83.203575
(21,10),(15,7):48.257141
(21,10),(17,7):91.682144
(21,10),(17,5):44.680557
(21,10),(18,5):75.645836
(21,10),(18,1):49.783653
(21,10),(20,1):50.868057
(21,10),(20,2):79.787498
(21,10),(26,2):9.030303
(21,10),(26,4):0.222222
(21,10),(28,4):0.000000
(21,10),(28,8):0.000000
(21,16),(19,16):28.964285
(21,16),(19,14):57.464287
(21,16),(16,14):51.400795
(21,16),(16,15):4.000000
(21,16),(14,15):44.430954
(21,16),(14,18):0.000000
(21,16),(12,18):23.746220
(21,16),(12,22):0.000000
(21,16),(10,22):8.330349
(21,16),(10,26):0.000000
(21,16),(8,26):0.000000
(21,16),(8,27):0.000000
(21,16),(6,27):0.000000
(21,16),(6,25):0.000000
(21,16),(2,25):0.000000
(21,16),(2,28):0.000000
(21,16),(1,28):0.000000
(21,16),(1,21):0.000000
(21,16),(3,21):0.000000
(21,16),(3,20):0.000000
(21,16),(5,20):0.000000
(21,16),(5,19):0.000000
(21,16),(7,19):0.000000
(21,16),(7,23):0.000000
(21,16),(4,23):0.000000
(21,16),(4,24):0.000000
(21,16),(9,24):8.266969
(21,16),(9,13):2.700000
(21,16),(11,13):19.583334
(21,16),(11,12):6.500000
(21,16),(13,12):43.833332
(21,16),(13,9):24.166666
(21,16),(15,9):44.900002
(21,16),(15,7):36.857143
(21,16),(17,7):52.647320
(21,16),(17,5):37.555557
(21,16),(18,5):52.908730
(21,16),(18,1):41.060440
(21,16),(20,1):38.130951
(21,16),(20,2):52.901787
(21,16),(26,2):6.500000
(21,16),(26,4):0.000000
(21,16),(28,4):0.000000
(21,16),(28,8):0.000000
(19,16),(19,14):37.900002
(19,16),(16,14):33.900002
(19,16),(16,15):0.000000
(19,16),(14,15):29.450001
(19,16),(14,18):0.000000
(19,16),(12,18):10.307693
(19,16),(12,22):0.000000
(19,16),(10,22):1.172794
(19,16),(10,26):0.000000
(19,16),(8,26):0.000000
(19,16),(8,27):0.000000
(19,16),(6,27):0.000000
(19,16),(6,25):0.000000
(19,16),(2,25):0.000000
(19,16),(2,28):0.000000
(19,16),(1,28):0.000000
(19,16),(1,21):0.000000
(19,16),(3,21):0.000000
(19,16),(3,20):0.000000
(19,16),(5,20):0.000000
(19,16),(5,19):0.000000
(19,16),(7,19):0.000000
(19,16),(7,23):0.000000
(19,16),(4,23):0.000000
(19,16),(4,24):0.000000
(19,16),(9,24):1.154971
(19,16),(9,13):2.200000
(19,16),(11,13):12.050000
(19,16),(11,12):4.500000
(19,16),(13,12):31.066668
(19,16),(13,9):11.833333
(19,16),(15,9):30.799999
(19,16),(15,7):18.357143
(19,16),(17,7):36.328571
(19,16),(17,5):25.205555
(19,16),(18,5):37.677776
(19,16),(18,1):35.520065
(19,16),(20,1):15.000000
(19,16),(20,2):37.900002
(19,16),(26,2):6.714815
(19,16),(26,4):0.313043
(19,16),(28,4):0.000000
(19,16),(28,8):0.000000
(19,14),(16,14):84.784996
(19,14),(16,15):23.000000
(19,14),(14,15):76.315155
(19,14),(14,18):11.000000
(19,14),(12,18):42.981934
(19,14),(12,22):4.000000
(19,14),(10,22):22.127174
(19,14),(10,26):1.000000
(19,14),(8,26):0.000000
(19,14),(8,27):0.000000
(19,14),(6,27):0.000000
(19,14),(6,25):0.000000
(19,14),(2,25):0.000000
(19,14),(2,28):0.000000
(19,14),(1,28):0.000000
(19,14),(1,21):0.000000
(19,14),(3,21):0.000000
(19,14),(3,20):0.000000
(19,14),(5,20):0.000000
(19,14),(5,19):0.000000
(19,14),(7,19):0.000000
(19,14),(7,23):0.000000
(19,14),(4,23):0.000000
(19,14),(4,24):0.000000
(19,14),(9,24):21.878441
(19,14),(9,13):12.200000
(19,14),(11,13):39.500000
(19,14),(11,12):20.500000
(19,14),(13,12):76.181816
(19,14),(13,9):41.916668
(19,14),(15,9):73.081818
(19,14),(15,7):46.857143
(19,14),(17,7):79.877060
(19,14),(17,5):43.743057
(19,14),(18,5):72.876259
(19,14),(18,1):49.267208
(19,14),(20,1):48.250000
(19,14),(20,2):74.798485
(19,14),(26,2):9.348485
(19,14),(26,4):0.393357
(19,14),(28,4):0.000000
(19,14),(28,8):0.011506
(16,14),(16,15):30.000000
(16,14),(14,15):90.968185
(16,14),(14,18):22.250000
(16,14),(12,18):54.565269
(16,14),(12,22):12.250000
(16,14),(10,22):33.043842
(16,14),(10,26):4.250000
(16,14),(8,26):0.000000
(16,14),(8,27):0.000000
(16,14),(6,27):0.000000
(16,14),(6,25):0.000000
(16,14),(2,25):0.000000
(16,14),(2,28):0.000000
(16,14),(1,28):0.000000
(16,14),(1,21):0.000000
(16,14),(3,21):0.000000
(16,14),(3,20):0.000000
(16,14),(5,20):0.000000
(16,14),(5,19):0.000000
(16,14),(7,19):0.000000
(16,14),(7,23):0.000000
(16,14),(4,23):0.000000
(16,14),(4,24):0.000000
(16,14),(9,24):32.795109
(16,14),(9,13):25.250000
(16,14),(11,13):53.099998
(16,14),(11,12):27.250000
(16,14),(13,12):90.168182
(16,14),(13,9):43.849998
(16,14),(15,9):80.126518
(16,14),(15,7):45.599998
(16,14),(17,7):87.144371
(16,14),(17,5):40.689285
(16,14),(18,5):71.410248
(16,14),(18,1):44.905556
(16,14),(20,1):47.401711
(16,14),(20,2):74.891487
(16,14),(26,2):8.498181
(16,14),(26,4):0.507837
(16,14),(28,4):0.000000
(16,14),(28,8):0.066283
(16,15),(14,15):29.666666
(16,15),(14,18):16.000000
(16,15),(12,18):25.583334
(16,15),(12,22):7.000000
(16,15),(10,22):21.575214
(16,15),(10,26):2.000000
(16,15),(8,26):0.000000
(16,15),(8,27):0.000000
(16,15),(6,27):0.000000
(16,15),(6,25):0.000000
(16,15),(2,25):0.000000
(16,15),(2,28):0.000000
(16,15),(1,28):0.000000
(16,15),(1,21):0.000000
(16,15),(3,21):0.000000
(16,15),(3,20):0.000000
(16,15),(5,20):0.000000
(16,15),(5,19):0.000000
(16,15),(7,19):0.000000
(16,15),(7,23):0.000000
(16,15),(4,23):0.000000
(16,15),(4,24):0.000000
(16,15),(9,24):21.359091
(16,15),(9,13):14.000000
(16,15),(11,13):21.250000
(16,15),(11,12):15.000000
(16,15),(13,12):27.750000
(16,15),(13,9):18.000000
(16,15),(15,9):23.000000
(16,15),(15,7):8.000000
(16,15),(17,7):21.528572
(16,15),(17,5):0.000000
(16,15),(18,5):8.888889
(16,15),(18,1):0.000000
(16,15),(20,1):8.846154
(16,15),(20,2):11.866667
(16,15),(26,2):0.000000
(16,15),(26,4):0.000000
(16,15),(28,4):0.000000
(16,15),(28,8):0.000000
(14,15),(14,18):31.000000
(14,15),(12,18):70.065269
(14,15),(12,22):22.666666
(14,15),(10,22):44.877174
(14,15),(10,26):8.750000
(14,15),(8,26):0.000000
(14,15),(8,27):0.000000
(14,15),(6,27):0.000000
(14,15),(6,25):0.000000
(14,15),(2,25):0.000000
(14,15),(2,28):0.000000
(14,15),(1,28):0.000000
(14,15),(1,21):0.000000
(14,15),(3,21):0.000000
(14,15),(3,20):0.000000
(14,15),(5,20):0.000000
(14,15),(5,19):0.000000
(14,15),(7,19):0.000000
(14,15),(7,23):0.000000
(14,15),(4,23):0.000000
(14,15),(4,24):0.000000
(14,15),(9,24):44.628441
(14,15),(9,13):36.750000
(14,15),(11,13):62.392857
(14,15),(11,12):28.750000
(14,15),(13,12):99.622025
(14,15),(13,9):40.392857
(14,15),(15,9):88.372025
(14,15),(15,7):39.059525
(14,15),(17,7):94.113098
(14,15),(17,5):34.337303
(14,15),(18,5):67.344246
(14,15),(18,1):38.380356
(14,15),(20,1):45.717583
(14,15),(20,2):77.321289
(14,15),(26,2):7.767308
(14,15),(26,4):0.556818
(14,15),(28,4):0.000000
(14,15),(28,8):0.097581
(14,18),(12,18):30.250000
(14,18),(12,22):16.000000
(14,18),(10,22):25.594444
(14,18),(10,26):5.000000
(14,18),(8,26):0.000000
(14,18),(8,27):0.000000
(14,18),(6,27):0.000000
(14,18),(6,25):0.000000
(14,18),(2,25):0.000000
(14,18),(2,28):0.000000
(14,18),(1,28):0.000000
(14,18),(1,21):0.000000
(14,18),(3,21):0.000000
(14,18),(3,20):0.000000
(14,18),(5,20):0.000000
(14,18),(5,19):0.000000
(14,18),(7,19):0.000000
(14,18),(7,23):0.000000
(14,18),(4,23):0.000000
(14,18),(4,24):0.000000
(14,18),(9,24):25.409090
(14,18),(9,13):25.000000
(14,18),(11,13):28.250000
(14,18),(11,12):18.000000
(14,18),(13,12):30.000000
(14,18),(13,9):9.000000
(14,18),(15,9):20.250000
(14,18),(15,7):0.000000
(14,18),(17,7):19.812500
(14,18),(17,5):0.000000
(14,18),(18,5):4.450000
(14,18),(18,1):0.000000
(14,18),(20,1):4.321429
(14,18),(20,2):8.723077
(14,18),(26,2):0.000000
(14,18),(26,4):0.000000
(14,18),(28,4):0.000000
(14,18),(28,8):0.000000
(12,18),(12,22):28.000000
(12,18),(10,22):51.127174
(12,18),(10,26):10.000000
(12,18),(8,26):0.000000
(12,18),(8,27):0.000000
(12,18),(6,27):0.000000
(12,18),(6,25):0.000000
(12,18),(2,25):0.000000
(12,18),(2,28):0.000000
(12,18),(1,28):0.000000
(12,18),(1,21):0.000000
(12,18),(3,21):0.000000
(12,18),(3,20):0.000000
(12,18),(5,20):0.000000
(12,18),(5,19):0.000000
(12,18),(7,19):0.000000
(12,18),(7,23):0.000000
(12,18),(4,23):0.000000
(12,18),(4,24):0.000000
(12,18),(9,24):46.878441
(12,18),(9,13):39.333332
(12,18),(11,13):47.375000
(12,18),(11,12):25.000000
(12,18),(13,12):68.916664
(12,18),(13,9):20.250000
(12,18),(15,9):56.000000
(12,18),(15,7):13.416667
(12,18),(17,7):61.333714
(12,18),(17,5):9.174242
(12,18),(18,5):34.239628
(12,18),(18,1):13.307693
(12,18),(20,1):28.614414
(12,18),(20,2):44.302197
(12,18),(26,2):6.239094
(12,18),(26,4):0.083333
(12,18),(28,4):0.000000
(12,18),(28,8):0.000000
(12,22),(10,22):27.944445
(12,22),(10,26):9.000000
(12,22),(8,26):0.000000
(12,22),(8,27):0.000000
(12,22),(6,27):0.000000
(12,22),(6,25):0.000000
(12,22),(2,25):0.000000
(12,22),(2,28):0.000000
(12,22),(1,28):0.000000
(12,22),(1,21):0.000000
(12,22),(3,21):0.000000
(12,22),(3,20):0.000000
(12,22),(5,20):0.000000
(12,22),(5,19):0.000000
(12,22),(7,19):0.000000
(12,22),(7,23):0.000000
(12,22),(4,23):0.000000
(12,22),(4,24):0.000000
(12,22),(9,24):23.909090
(12,22),(9,13):27.000000
(12,22),(11,13):28.000000
(12,22),(11,12):10.000000
(12,22),(13,12):25.666666
(12,22),(13,9):0.000000
(12,22),(15,9):16.083334
(12,22),(15,7):0.000000
(12,22),(17,7):16.988636
(12,22),(17,5):0.000000
(12,22),(18,5):2.557692
(12,22),(18,1):0.000000
(12,22),(20,1):2.485294
(12,22),(20,2):8.500000
(12,22),(26,2):0.000000
(12,22),(26,4):0.000000
(12,22),(28,4):0.000000
(12,22),(28,8):0.000000
(10,22),(10,26):14.000000
(10,22),(8,26):4.000000
(10,22),(8,27):0.000000
(10,22),(6,27):2.500000
(10,22),(6,25):3.166667
(10,22),(2,25):1.321429
(10,22),(2,28):0.000000
(10,22),(1,28):0.000000
(10,22),(1,21):0.000000
(10,22),(3,21):0.000000
(10,22),(3,20):0.000000
(10,22),(5,20):0.000000
(10,22),(5,19):0.000000
(10,22),(7,19):0.000000
(10,22),(7,23):0.000000
(10,22),(4,23):0.000000
(10,22),(4,24):3.000000
(10,22),(9,24):50.878441
(10,22),(9,13):37.250000
(10,22),(11,13):41.752525
(10,22),(11,12):18.944445
(10,22),(13,12):46.861111
(10,22),(13,9):10.900000
(10,22),(15,9):36.437180
(10,22),(15,7):5.480769
(10,22),(17,7):38.654629
(10,22),(17,5):1.316667
(10,22),(18,5):11.792315
(10,22),(18,1):2.235294
(10,22),(20,1):11.617586
(10,22),(20,2):21.957516
(10,22),(26,2):1.380027
(10,22),(26,4):0.000000
(10,22),(28,4):0.000000
(10,22),(28,8):0.000000
(10,26),(8,26):10.000000
(10,26),(8,27):4.500000
(10,26),(6,27):7.500000
(10,26),(6,25):11.541667
(10,26),(2,25):7.446429
(10,26),(2,28):0.708333
(10,26),(1,28):0.971154
(10,26),(1,21):2.041667
(10,26),(3,21):1.920455
(10,26),(3,20):0.575000
(10,26),(5,20):1.678846
(10,26),(5,19):0.000000
(10,26),(7,19):1.464474
(10,26),(7,23):0.000000
(10,26),(4,23):1.875000
(10,26),(4,24):10.375000
(10,26),(9,24):21.000000
(10,26),(9,13):13.000000
(10,26),(11,13):12.474748
(10,26),(11,12):0.000000
(10,26),(13,12):10.516666
(10,26),(13,9):0.000000
(10,26),(15,9):6.473077
(10,26),(15,7):0.000000
(10,26),(17,7):6.832843
(10,26),(17,5):0.000000
(10,26),(18,5):1.182662
(10,26),(18,1):0.000000
(10,26),(20,1):1.146998
(10,26),(20,2):3.500000
(10,26),(26,2):0.000000
(10,26),(26,4):0.000000
(10,26),(28,4):0.000000
(10,26),(28,8):0.000000
(8,26),(8,27):6.500000
(8,26),(6,27):9.500000
(8,26),(6,25):11.166667
(8,26),(2,25):5.071429
(8,26),(2,28):0.000000
(8,26),(1,28):0.000000
(8,26),(1,21):0.000000
(8,26),(3,21):0.000000
(8,26),(3,20):0.000000
(8,26),(5,20):0.000000
(8,26),(5,19):0.000000
(8,26),(7,19):0.000000
(8,26),(7,23):0.000000
(8,26),(4,23):0.000000
(8,26),(4,24):8.000000
(8,26),(9,24):11.750000
(8,26),(9,13):3.000000
(8,26),(11,13):2.474747
(8,26),(11,12):0.000000
(8,26),(13,12):1.266667
(8,26),(13,9):0.000000
(8,26),(15,9):0.723077
(8,26),(15,7):0.000000
(8,26),(17,7):0.207843
(8,26),(17,5):0.000000
(8,26),(18,5):0.182663
(8,26),(18,1):0.000000
(8,26),(20,1):0.146998
(8,26),(20,2):0.000000
(8,26),(26,2):0.000000
(8,26),(26,4):0.000000
(8,26),(28,4):0.000000
(8,26),(28,8):0.000000
(8,27),(6,27):6.000000
(8,27),(6,25):6.500000
(8,27),(2,25):2.500000
(8,27),(2,28):0.000000
(8,27),(1,28):0.000000
(8,27),(1,21):0.000000
(8,27),(3,21):0.000000
(8,27),(3,20):0.000000
(8,27),(5,20):0.000000
(8,27),(5,19):0.000000
(8,27),(7,19):0.000000
(8,27),(7,23):0.000000
(8,27),(4,23):0.000000
(8,27),(4,24):3.500000
(8,27),(9,24):6.250000
(8,27),(9,13):0.000000
(8,27),(11,13):0.000000
(8,27),(11,12):0.000000
(8,27),(13,12):0.000000
(8,27),(13,9):0.000000
(8,27),(15,9):0.000000
(8,27),(15,7):0.000000
(8,27),(17,7):0.000000
(8,27),(17,5):0.000000
(8,27),(18,5):0.000000
(8,27),(18,1):0.000000
(8,27),(20,1):0.000000
(8,27),(20,2):0.000000
(8,27),(26,2):0.000000
(8,27),(26,4):0.000000
(8,27),(28,4):0.000000
(8,27),(28,8):0.000000
(6,27),(6,25):9.166667
(6,27),(2,25):4.071429
(6,27),(2,28):0.000000
(6,27),(1,28):0.000000
(6,27),(1,21):0.000000
(6,27),(3,21):0.000000
(6,27),(3,20):0.000000
(6,27),(5,20):0.000000
(6,27),(5,19):0.000000
(6,27),(7,19):0.000000
(6,27),(7,23):0.000000
(6,27),(4,23):0.000000
(6,27),(4,24):6.000000
(6,27),(9,24):9.250000
(6,27),(9,13):1.750000
(6,27),(11,13):1.508088
(6,27),(11,12):0.000000
(6,27),(13,12):0.826050
(6,27),(13,9):0.000000
(6,27),(15,9):0.482143
(6,27),(15,7):0.000000
(6,27),(17,7):0.140677
(6,27),(17,5):0.000000
(6,27),(18,5):0.123490
(6,27),(18,1):0.000000
(6,27),(20,1):0.099188
(6,27),(20,2):0.000000
(6,27),(26,2):0.000000
(6,27),(26,4):0.000000
(6,27),(28,4):0.000000
(6,27),(28,8):0.000000
(6,25),(2,25):11.321428
(6,25),(2,28):2.250000
(6,25),(1,28):2.821429
(6,25),(1,21):5.750000
(6,25),(3,21):5.416667
(6,25),(3,20):1.375000
(6,25),(5,20):4.726191
(6,25),(5,19):0.000000
(6,25),(7,19):4.022727
(6,25),(7,23):0.250000
(6,25),(4,23):5.250000
(6,25),(4,24):14.250000
(6,25),(9,24):14.916667
(6,25),(9,13):2.166667
(6,25),(11,13):1.801671
(6,25),(11,12):0.000000
(6,25),(13,12):0.896296
(6,25),(13,9):0.000000
(6,25),(15,9):0.502489
(6,25),(15,7):0.000000
(6,25),(17,7):0.142054
(6,25),(17,5):0.000000
(6,25),(18,5):0.124523
(6,25),(18,1):0.000000
(6,25),(20,1):0.099828
(6,25),(20,2):0.000000
(6,25),(26,2):0.000000
(6,25),(26,4):0.000000
(6,25),(28,4):0.000000
(6,25),(28,8):0.000000
(2,25),(2,28):7.000000
(2,25),(1,28):10.023809
(2,25),(1,21):17.500000
(2,25),(3,21):20.416666
(2,25),(3,20):9.500000
(2,25),(5,20):18.241667
(2,25),(5,19):3.700000
(2,25),(7,19):16.299999
(2,25),(7,23):13.075000
(2,25),(4,23):19.575001
(2,25),(4,24):19.125000
(2,25),(9,24):9.142858
(2,25),(9,13):1.071429
(2,25),(11,13):0.857038
(2,25),(11,12):0.000000
(2,25),(13,12):0.428607
(2,25),(13,9):0.000000
(2,25),(15,9):0.242487
(2,25),(15,7):0.000000
(2,25),(17,7):0.068968
(2,25),(17,5):0.000000
(2,25),(18,5):0.060636
(2,25),(18,1):0.000000
(2,25),(20,1):0.048828
(2,25),(20,2):0.000000
(2,25),(26,2):0.000000
(2,25),(26,4):0.000000
(2,25),(28,4):0.000000
(2,25),(28,8):0.000000
(2,28),(1,28):7.000000
(2,28),(1,21):7.000000
(2,28),(3,21):5.875000
(2,28),(3,20):0.000000
(2,28),(5,20):4.083333
(2,28),(5,19):0.000000
(2,28),(7,19):3.850000
(2,28),(7,23):2.000000
(2,28),(4,23):4.500000
(2,28),(4,24):4.250000
(2,28),(9,24):1.071429
(2,28),(9,13):0.000000
(2,28),(11,13):0.000000
(2,28),(11,12):0.000000
(2,28),(13,12):0.000000
(2,28),(13,9):0.000000
(2,28),(15,9):0.000000
(2,28),(15,7):0.000000
(2,28),(17,7):0.000000
(2,28),(17,5):0.000000
(2,28),(18,5):0.000000
(2,28),(18,1):0.000000
(2,28),(20,1):0.000000
(2,28),(20,2):0.000000
(2,28),(26,2):0.000000
(2,28),(26,4):0.000000
(2,28),(28,4):0.000000
(2,28),(28,8):0.000000
(1,28),(1,21):9.666667
(1,28),(3,21):8.898809
(1,28),(3,20):0.523810
(1,28),(5,20):6.857143
(1,28),(5,19):0.000000
(1,28),(7,19):6.300000
(1,28),(7,23):4.357143
(1,28),(4,23):7.523809
(1,28),(4,24):7.273809
(1,28),(9,24):1.238095
(1,28),(9,13):0.000000
(1,28),(11,13):0.000000
(1,28),(11,12):0.000000
(1,28),(13,12):0.000000
(1,28),(13,9):0.000000
(1,28),(15,9):0.000000
(1,28),(15,7):0.000000
(1,28),(17,7):0.000000
(1,28),(17,5):0.000000
(1,28),(18,5):0.000000
(1,28),(18,1):0.000000
(1,28),(20,1):0.000000
(1,28),(20,2):0.000000
(1,28),(26,2):0.000000
(1,28),(26,4):0.000000
(1,28),(28,4):0.000000
(1,28),(28,8):0.000000
(1,21),(3,21):20.041666
(1,21),(3,20):10.125000
(1,21),(5,20):17.166666
(1,21),(5,19):4.000000
(1,21),(7,19):16.100000
(1,21),(7,23):12.000000
(1,21),(4,23):18.500000
(1,21),(4,24):12.750000
(1,21),(9,24):3.571429
(1,21),(9,13):0.000000
(1,21),(11,13):0.000000
(1,21),(11,12):0.000000
(1,21),(13,12):0.000000
(1,21),(13,9):0.000000
(1,21),(15,9):0.000000
(1,21),(15,7):0.000000
(1,21),(17,7):0.000000
(1,21),(17,5):0.000000
(1,21),(18,5):0.000000
(1,21),(18,1):0.000000
(1,21),(20,1):0.000000
(1,21),(20,2):0.000000
(1,21),(26,2):0.000000
(1,21),(26,4):0.000000
(1,21),(28,4):0.000000
(1,21),(28,8):0.000000
(3,21),(3,20):14.125000
(3,21),(5,20):22.166666
(3,21),(5,19):7.000000
(3,21),(7,19):20.100000
(3,21),(7,23):17.000000
(3,21),(4,23):23.500000
(3,21),(4,24):13.416667
(3,21),(9,24):3.238095
(3,21),(9,13):0.000000
(3,21),(11,13):0.000000
(3,21),(11,12):0.000000
(3,21),(13,12):0.000000
(3,21),(13,9):0.000000
(3,21),(15,9):0.000000
(3,21),(15,7):0.000000
(3,21),(17,7):0.000000
(3,21),(17,5):0.000000
(3,21),(18,5):0.000000
(3,21),(18,1):0.000000
(3,21),(20,1):0.000000
(3,21),(20,2):0.000000
(3,21),(26,2):0.000000
(3,21),(26,4):0.000000
(3,21),(28,4):0.000000
(3,21),(28,8):0.000000
(3,20),(5,20):13.333333
(3,20),(5,19):6.000000
(3,20),(7,19):11.666667
(3,20),(7,23):12.000000
(3,20),(4,23):14.000000
(3,20),(4,24):5.125000
(3,20),(9,24):1.125000
(3,20),(9,13):0.000000
(3,20),(11,13):0.000000
(3,20),(11,12):0.000000
(3,20),(13,12):0.000000
(3,20),(13,9):0.000000
(3,20),(15,9):0.000000
(3,20),(15,7):0.000000
(3,20),(17,7):0.000000
(3,20),(17,5):0.000000
(3,20),(18,5):0.000000
(3,20),(18,1):0.000000
(3,20),(20,1):0.000000
(3,20),(20,2):0.000000
(3,20),(26,2):0.000000
(3,20),(26,4):0.000000
(3,20),(28,4):0.000000
(3,20),(28,8):0.000000
(5,20),(5,19):8.000000
(5,20),(7,19):21.100000
(5,20),(7,23):17.000000
(5,20),(4,23):22.666666
(5,20),(4,24):11.583333
(5,20),(9,24):2.571429
(5,20),(9,13):0.000000
(5,20),(11,13):0.000000
(5,20),(11,12):0.000000
(5,20),(13,12):0.000000
(5,20),(13,9):0.000000
(5,20),(15,9):0.000000
(5,20),(15,7):0.000000
(5,20),(17,7):0.000000
(5,20),(17,5):0.000000
(5,20),(18,5):0.000000
(5,20),(18,1):0.000000
(5,20),(20,1):0.000000
(5,20),(20,2):0.000000
(5,20),(26,2):0.000000
(5,20),(26,4):0.000000
(5,20),(28,4):0.000000
(5,20),(28,8):0.000000
(5,19),(7,19):8.000000
(5,19),(7,23):8.000000
(5,19),(4,23):7.833333
(5,19),(4,24):0.000000
(5,19),(9,24):0.000000
(5,19),(9,13):0.000000
(5,19),(11,13):0.000000
(5,19),(11,12):0.000000
(5,19),(13,12):0.000000
(5,19),(13,9):0.000000
(5,19),(15,9):0.000000
(5,19),(15,7):0.000000
(5,19),(17,7):0.000000
(5,19),(17,5):0.000000
(5,19),(18,5):0.000000
(5,19),(18,1):0.000000
(5,19),(20,1):0.000000
(5,19),(20,2):0.000000
(5,19),(26,2):0.000000
(5,19),(26,4):0.000000
(5,19),(28,4):0.000000
(5,19),(28,8):0.000000
(7,19),(7,23):16.000000
(7,19),(4,23):20.833334
(7,19),(4,24):10.000000
(7,19),(9,24):1.946429
(7,19),(9,13):0.000000
(7,19),(11,13):0.000000
(7,19),(11,12):0.000000
(7,19),(13,12):0.000000
(7,19),(13,9):0.000000
(7,19),(15,9):0.000000
(7,19),(15,7):0.000000
(7,19),(17,7):0.000000
(7,19),(17,5):0.000000
(7,19),(18,5):0.000000
(7,19),(18,1):0.000000
(7,19),(20,1):0.000000
(7,19),(20,2):0.000000
(7,19),(26,2):0.000000
(7,19),(26,4):0.000000
(7,19),(28,4):0.000000
(7,19),(28,8):0.000000
(7,23),(4,23):17.833334
(7,23),(4,24):7.000000
(7,23),(9,24):0.000000
(7,23),(9,13):0.000000
(7,23),(11,13):0.000000
(7,23),(11,12):0.000000
(7,23),(13,12):0.000000
(7,23),(13,9):0.000000
(7,23),(15,9):0.000000
(7,23),(15,7):0.000000
(7,23),(17,7):0.000000
(7,23),(17,5):0.000000
(7,23),(18,5):0.000000
(7,23),(18,1):0.000000
(7,23),(20,1):0.000000
(7,23),(20,2):0.000000
(7,23),(26,2):0.000000
(7,23),(26,4):0.000000
(7,23),(28,4):0.000000
(7,23),(28,8):0.000000
(4,23),(4,24):13.250000
(4,23),(9,24):3.071429
(4,23),(9,13):0.000000
(4,23),(11,13):0.000000
(4,23),(11,12):0.000000
(4,23),(13,12):0.000000
(4,23),(13,9):0.000000
(4,23),(15,9):0.000000
(4,23),(15,7):0.000000
(4,23),(17,7):0.000000
(4,23),(17,5):0.000000
(4,23),(18,5):0.000000
(4,23),(18,1):0.000000
(4,23),(20,1):0.000000
(4,23),(20,2):0.000000
(4,23),(26,2):0.000000
(4,23),(26,4):0.000000
(4,23),(28,4):0.000000
(4,23),(28,8):0.000000
(4,24),(9,24):12.071428
(4,24),(9,13):2.000000
(4,24),(11,13):1.696970
(4,24),(11,12):0.000000
(4,24),(13,12):0.866667
(4,24),(13,9):0.000000
(4,24),(15,9):0.492308
(4,24),(15,7):0.000000
(4,24),(17,7):0.141176
(4,24),(17,5):0.000000
(4,24),(18,5):0.123839
(4,24),(18,1):0.000000
(4,24),(20,1):0.099379
(4,24),(20,2):0.000000
(4,24),(26,2):0.000000
(4,24),(26,4):0.000000
(4,24),(28,4):0.000000
(4,24),(28,8):0.000000
(9,24),(9,13):33.250000
(9,24),(11,13):37.717171
(9,24),(11,12):15.909091
(9,24),(13,12):44.009090
(9,24),(13,9):10.750000
(9,24),(15,9):34.923077
(9,24),(15,7):5.450000
(9,24),(17,7):38.216667
(9,24),(17,5):1.308824
(9,24),(18,5):11.452012
(9,24),(18,1):2.210526
(9,24),(20,1):11.357524
(9,24),(20,2):21.927193
(9,24),(26,2):1.366338
(9,24),(26,4):0.000000
(9,24),(28,4):0.000000
(9,24),(28,8):0.000000
(9,13),(11,13):49.311111
(9,13),(11,12):28.200001
(9,13),(13,12):45.533333
(9,13),(13,9):14.200000
(9,13),(15,9):35.750000
(9,13),(15,7):7.200000
(9,13),(17,7):35.476135
(9,13),(17,5):4.200000
(9,13),(18,5):16.659081
(9,13),(18,1):3.200000
(9,13),(20,1):15.252876
(9,13),(20,2):24.823076
(9,13),(26,2):0.000000
(9,13),(26,4):0.000000
(9,13),(28,4):0.000000
(9,13),(28,8):0.000000
(11,13),(11,12):38.250000
(11,13),(13,12):73.980301
(11,13),(13,9):38.099998
(11,13),(15,9):62.295403
(11,13),(15,7):30.350000
(11,13),(17,7):62.029175
(11,13),(17,5):22.350000
(11,13),(18,5):40.811398
(11,13),(18,1):18.100000
(11,13),(20,1):32.516846
(11,13),(20,2):49.915936
(11,13),(26,2):0.000000
(11,13),(26,4):0.000000
(11,13),(28,4):0.000000
(11,13),(28,8):0.000000
(11,12),(13,12):37.166668
(11,12),(13,9):22.500000
(11,12),(15,9):32.250000
(11,12),(15,7):13.500000
(11,12),(17,7):31.341072
(11,12),(17,5):8.500000
(11,12),(18,5):21.422222
(11,12),(18,1):6.500000
(11,12),(20,1):18.855082
(11,12),(20,2):25.756411
(11,12),(26,2):0.000000
(11,12),(26,4):0.000000
(11,12),(28,4):0.000000
(11,12),(28,8):0.000000
(13,12),(13,9):47.541668
(13,12),(15,9):99.103630
(13,12),(15,7):45.208332
(13,12),(17,7):99.118599
(13,12),(17,5):40.608334
(13,12),(18,5):72.231895
(13,12),(18,1):40.511906
(13,12),(20,1):48.000099
(13,12),(20,2):82.186966
(13,12),(26,2):4.737374
(13,12),(26,4):0.716270
(13,12),(28,4):0.000000
(13,12),(28,8):0.217183
(13,9),(15,9):47.916668
(13,9),(15,7):33.666668
(13,9),(17,7):44.928570
(13,9),(17,5):22.666666
(13,9),(18,5):37.805557
(13,9),(18,1):17.666666
(13,9),(20,1):30.429487
(13,9),(20,2):40.049999
(13,9),(26,2):0.000000
(13,9),(26,4):0.000000
(13,9),(28,4):0.000000
(13,9),(28,8):0.000000
(15,9),(15,7):48.400002
(15,9),(17,7):98.057091
(15,9),(17,5):42.185715
(15,9),(18,5):71.832298
(15,9),(18,1):40.602383
(15,9),(20,1):47.340378
(15,9),(20,2):81.775459
(15,9),(26,2):3.166667
(15,9),(26,4):0.816667
(15,9),(28,4):0.000000
(15,9),(28,8):0.301042
(15,7),(17,7):48.785713
(15,7),(17,5):33.857143
(15,7),(18,5):44.746033
(15,7),(18,1):26.857143
(15,7),(20,1):32.721153
(15,7),(20,2):45.357143
(15,7),(26,2):0.000000
(15,7),(26,4):0.000000
(15,7),(28,4):0.000000
(15,7),(28,8):0.000000
(17,7),(17,5):45.328571
(17,7),(18,5):80.651627
(17,7),(18,1):47.078571
(17,7),(20,1):52.713100
(17,7),(20,2):89.751648
(17,7),(26,2):7.700000
(17,7),(26,4):0.892857
(17,7),(28,4):0.000000
(17,7),(28,8):0.367391
(17,5),(18,5):45.555557
(17,5),(18,1):36.555557
(17,5),(20,1):27.555555
(17,5),(20,2):44.805557
(17,5),(26,2):0.000000
(17,5),(26,4):0.000000
(17,5),(28,4):0.000000
(17,5),(28,8):0.000000
(18,5),(18,1):51.527779
(18,5),(20,1):57.068501
(18,5),(20,2):84.034187
(18,5),(26,2):10.416667
(18,5),(26,4):1.361111
(18,5),(28,4):0.000000
(18,5),(28,8):0.759848
(18,1),(20,1):27.846153
(18,1),(20,2):51.596153
(18,1),(26,2):7.066667
(18,1),(26,4):0.000000
(18,1),(28,4):0.000000
(18,1),(28,8):0.000000
(20,1),(20,2):56.756409
(20,1),(26,2):4.666667
(20,1),(26,4):0.000000
(20,1),(28,4):0.000000
(20,1),(28,8):0.000000
(20,2),(26,2):12.666667
(20,2),(26,4):3.500000
(20,2),(28,4):0.000000
(20,2),(28,8):1.971429
(26,2),(26,4):25.000000
(26,2),(28,4):17.000000
(26,2),(28,8):11.400000
(26,4),(28,4):27.000000
(26,4),(28,8):19.400000
(28,4),(28,8):16.000000
