72
(35,9):(31,13)	(32,12)	(33,11)	(33,12)	(34,7)	(34,10)	(34,11)	(34,12)	(35,8)	(35,9)	(35,13)	(36,7)	(36,9)	
(35,13):(27,8)	(27,9)	(27,10)	(28,9)	(28,10)	(29,9)	(29,10)	(29,11)	(30,9)	(30,10)	(30,11)	(30,12)	(30,13)	(31,9)	(31,10)	(31,11)	(31,12)	(31,13)	(32,9)	(32,10)	(32,11)	(32,12)	(33,10)	(33,11)	(33,12)	(34,7)	(34,10)	(34,11)	(34,12)	(35,8)	(35,9)	(35,13)	
(31,13):(23,29)	(23,30)	(23,31)	(23,32)	(24,27)	(24,28)	(24,29)	(24,30)	(25,25)	(25,26)	(25,27)	(25,28)	(25,29)	(26,23)	(26,24)	(26,25)	(26,26)	(26,27)	(26,28)	(26,29)	(27,8)	(27,9)	(27,21)	(27,22)	(27,23)	(27,24)	(27,25)	(27,26)	(27,27)	(27,28)	(27,29)	(28,9)	(28,10)	(28,19)	(28,20)	(28,21)	(28,22)	(28,23)	(28,24)	(28,25)	(28,26)	(28,27)	(28,28)	(28,29)	(29,9)	(29,10)	(29,11)	(29,17)	(29,18)	(29,19)	(29,20)	(29,21)	(29,22)	(29,23)	(29,24)	(29,25)	(29,26)	(29,27)	(29,28)	(29,29)	(30,9)	(30,10)	(30,11)	(30,12)	(30,13)	(30,14)	(30,15)	(30,16)	(30,17)	(30,18)	(30,19)	(30,20)	(30,21)	(30,22)	(30,23)	(30,24)	(31,9)	(31,10)	(31,11)	(31,12)	(31,13)	(31,23)	(32,9)	(32,10)	(32,11)	(32,12)	(33,8)	(33,10)	(33,11)	(33,12)	(34,10)	(34,11)	(34,12)	(35,9)	(35,13)	
(31,23):(22,19)	(23,16)	(23,19)	(23,20)	(23,21)	(23,22)	(23,23)	(23,24)	(23,25)	(23,26)	(23,27)	(23,28)	(23,29)	(23,30)	(23,31)	(24,16)	(24,17)	(24,18)	(24,19)	(24,20)	(24,21)	(24,22)	(24,23)	(24,24)	(24,25)	(24,26)	(24,27)	(24,28)	(24,29)	(24,30)	(25,17)	(25,18)	(25,19)	(25,20)	(25,21)	(25,22)	(25,23)	(25,24)	(25,25)	(25,26)	(25,27)	(25,28)	(25,29)	(26,18)	(26,19)	(26,20)	(26,21)	(26,22)	(26,23)	(26,24)	(26,25)	(26,26)	(26,27)	(26,28)	(27,18)	(27,19)	(27,20)	(27,21)	(27,22)	(27,23)	(27,24)	(27,25)	(27,26)	(27,27)	(28,18)	(28,19)	(28,20)	(28,21)	(28,22)	(28,23)	(28,24)	(28,25)	(28,26)	(29,9)	(29,10)	(29,11)	(29,17)	(29,18)	(29,19)	(29,20)	(29,21)	(29,22)	(29,23)	(29,24)	(29,25)	(30,9)	(30,10)	(30,11)	(30,12)	(30,13)	(30,14)	(30,15)	(30,16)	(30,17)	(30,18)	(30,19)	(30,20)	(30,21)	(30,22)	(30,23)	(30,24)	(31,9)	(31,10)	(31,11)	(31,12)	(31,13)	(31,23)	(32,23)	(32,24)	
(32,23):(23,23)	(23,24)	(23,25)	(23,26)	(23,27)	(24,23)	(24,24)	(24,25)	(24,26)	(24,27)	(25,23)	(25,24)	(25,25)	(25,26)	(26,23)	(26,24)	(26,25)	(26,26)	(27,23)	(27,24)	(27,25)	(28,23)	(28,24)	(28,25)	(29,23)	(29,24)	(30,23)	(30,24)	(31,23)	(32,23)	(32,24)	
(32,24):(22,19)	(23,16)	(23,19)	(23,20)	(23,21)	(23,22)	(23,23)	(23,24)	(24,16)	(24,17)	(24,18)	(24,19)	(24,20)	(24,21)	(24,22)	(24,23)	(24,24)	(25,17)	(25,18)	(25,19)	(25,20)	(25,21)	(25,22)	(25,23)	(25,24)	(26,18)	(26,19)	(26,20)	(26,21)	(26,22)	(26,23)	(26,24)	(27,19)	(27,20)	(27,21)	(27,22)	(27,23)	(27,24)	(28,20)	(28,21)	(28,22)	(28,23)	(28,24)	(29,21)	(29,22)	(29,23)	(29,24)	(30,22)	(30,23)	(30,24)	(31,23)	(32,23)	(32,24)	
(30,24):(22,19)	(23,16)	(23,19)	(23,20)	(23,21)	(23,22)	(23,23)	(23,24)	(23,25)	(23,26)	(23,27)	(23,28)	(23,29)	(23,30)	(23,31)	(24,16)	(24,17)	(24,18)	(24,19)	(24,20)	(24,21)	(24,22)	(24,23)	(24,24)	(24,25)	(24,26)	(24,27)	(24,28)	(24,29)	(24,30)	(25,17)	(25,18)	(25,19)	(25,20)	(25,21)	(25,22)	(25,23)	(25,24)	(25,25)	(25,26)	(25,27)	(25,28)	(25,29)	(26,18)	(26,19)	(26,20)	(26,21)	(26,22)	(26,23)	(26,24)	(26,25)	(26,26)	(26,27)	(26,28)	(26,29)	(27,18)	(27,19)	(27,20)	(27,21)	(27,22)	(27,23)	(27,24)	(27,25)	(27,26)	(27,27)	(27,28)	(27,29)	(28,18)	(28,19)	(28,20)	(28,21)	(28,22)	(28,23)	(28,24)	(28,25)	(28,26)	(28,27)	(28,28)	(28,29)	(29,9)	(29,10)	(29,11)	(29,17)	(29,18)	(29,19)	(29,20)	(29,21)	(29,22)	(29,23)	(29,24)	(29,25)	(29,26)	(29,27)	(29,28)	(29,29)	(30,9)	(30,10)	(30,11)	(30,12)	(30,13)	(30,14)	(30,15)	(30,16)	(30,17)	(30,18)	(30,19)	(30,20)	(30,21)	(30,22)	(30,23)	(30,24)	(30,30)	(31,9)	(31,10)	(31,11)	(31,12)	(31,13)	(31,23)	(32,23)	(32,24)	
(30,30):(22,19)	(23,16)	(23,19)	(23,20)	(23,21)	(23,22)	(23,23)	(23,24)	(23,25)	(23,26)	(23,27)	(23,28)	(23,29)	(23,30)	(24,16)	(24,17)	(24,18)	(24,19)	(24,20)	(24,21)	(24,22)	(24,23)	(24,24)	(24,25)	(24,26)	(24,27)	(24,28)	(24,29)	(24,30)	(25,17)	(25,18)	(25,19)	(25,20)	(25,21)	(25,22)	(25,23)	(25,24)	(25,25)	(25,26)	(25,27)	(25,28)	(25,29)	(26,18)	(26,19)	(26,20)	(26,21)	(26,22)	(26,23)	(26,24)	(26,25)	(26,26)	(26,27)	(26,28)	(26,29)	(27,18)	(27,19)	(27,20)	(27,21)	(27,22)	(27,23)	(27,24)	(27,25)	(27,26)	(27,27)	(27,28)	(27,29)	(28,18)	(28,19)	(28,20)	(28,21)	(28,22)	(28,23)	(28,24)	(28,25)	(28,26)	(28,27)	(28,28)	(28,29)	(29,9)	(29,10)	(29,11)	(29,17)	(29,18)	(29,19)	(29,20)	(29,21)	(29,22)	(29,23)	(29,24)	(29,25)	(29,26)	(29,27)	(29,28)	(29,29)	(30,9)	(30,10)	(30,11)	(30,12)	(30,13)	(30,14)	(30,15)	(30,16)	(30,17)	(30,18)	(30,19)	(30,20)	(30,21)	(30,22)	(30,23)	(30,24)	(30,30)	
(24,30):(22,19)	(22,35)	(23,16)	(23,19)	(23,20)	(23,21)	(23,22)	(23,23)	(23,24)	(23,25)	(23,26)	(23,27)	(23,28)	(23,29)	(23,30)	(23,31)	(23,32)	(23,33)	(23,34)	(23,35)	(24,16)	(24,17)	(24,18)	(24,19)	(24,20)	(24,21)	(24,22)	(24,23)	(24,24)	(24,25)	(24,26)	(24,27)	(24,28)	(24,29)	(24,30)	(24,36)	(25,15)	(25,17)	(25,18)	(25,19)	(25,20)	(25,21)	(25,22)	(25,23)	(25,24)	(25,25)	(25,26)	(25,27)	(25,28)	(25,29)	(26,18)	(26,19)	(26,20)	(26,21)	(26,22)	(26,23)	(26,24)	(26,25)	(26,26)	(26,27)	(26,28)	(26,29)	(27,18)	(27,19)	(27,20)	(27,21)	(27,22)	(27,23)	(27,24)	(27,25)	(27,26)	(27,27)	(27,28)	(27,29)	(28,18)	(28,19)	(28,20)	(28,21)	(28,22)	(28,23)	(28,24)	(28,25)	(28,26)	(28,27)	(28,28)	(28,29)	(29,17)	(29,18)	(29,19)	(29,20)	(29,21)	(29,22)	(29,23)	(29,24)	(29,25)	(29,26)	(29,27)	(29,28)	(29,29)	(30,15)	(30,16)	(30,17)	(30,18)	(30,19)	(30,20)	(30,21)	(30,22)	(30,23)	(30,24)	(30,30)	(31,12)	(31,13)	(31,23)	(32,10)	(33,8)	
(24,36):(20,35)	(20,36)	(22,19)	(22,35)	(23,16)	(23,19)	(23,20)	(23,21)	(23,22)	(23,23)	(23,24)	(23,25)	(23,26)	(23,27)	(23,28)	(23,29)	(23,30)	(23,31)	(23,32)	(23,33)	(23,34)	(23,35)	(24,16)	(24,17)	(24,18)	(24,19)	(24,20)	(24,21)	(24,22)	(24,23)	(24,24)	(24,25)	(24,26)	(24,27)	(24,28)	(24,29)	(24,30)	(24,36)	
(20,36):(20,35)	(20,36)	(22,35)	(23,35)	(24,36)	
(20,35):(20,35)	(20,36)	(22,35)	(23,35)	(24,36)	
(22,35):(20,35)	(20,36)	(22,19)	(22,35)	(23,19)	(23,20)	(23,21)	(23,22)	(23,23)	(23,24)	(23,25)	(23,26)	(23,27)	(23,28)	(23,29)	(23,30)	(23,31)	(23,32)	(23,33)	(23,34)	(23,35)	(24,16)	(24,17)	(24,18)	(24,19)	(24,20)	(24,21)	(24,22)	(24,23)	(24,24)	(24,25)	(24,26)	(24,27)	(24,28)	(24,29)	(24,30)	(24,36)	(25,15)	(25,17)	(25,18)	(25,19)	(25,20)	(25,21)	(25,22)	(25,23)	(25,24)	(25,25)	(25,26)	(25,27)	(26,18)	(26,19)	(26,20)	(26,21)	(26,22)	(26,23)	(26,24)	(26,25)	(27,18)	(27,19)	(27,20)	(27,21)	(27,22)	(28,18)	(28,19)	(28,20)	(29,17)	(30,15)	(31,12)	(32,10)	
(22,19):(22,19)	(22,35)	(23,19)	(23,20)	(23,21)	(23,22)	(23,23)	(23,24)	(23,25)	(23,26)	(23,27)	(23,28)	(23,29)	(23,30)	(23,31)	(23,32)	(23,33)	(23,34)	(23,35)	(24,19)	(24,20)	(24,21)	(24,22)	(24,23)	(24,24)	(24,25)	(24,26)	(24,27)	(24,28)	(24,29)	(24,30)	(24,36)	(25,19)	(25,20)	(25,21)	(25,22)	(25,23)	(25,24)	(25,25)	(25,26)	(25,27)	(25,28)	(25,29)	(26,19)	(26,20)	(26,21)	(26,22)	(26,23)	(26,24)	(26,25)	(26,26)	(26,27)	(26,28)	(26,29)	(27,19)	(27,20)	(27,21)	(27,22)	(27,23)	(27,24)	(27,25)	(27,26)	(27,27)	(27,28)	(27,29)	(28,19)	(28,20)	(28,21)	(28,22)	(28,23)	(28,24)	(28,25)	(28,26)	(28,27)	(28,28)	(28,29)	(29,19)	(29,20)	(29,21)	(29,22)	(29,23)	(29,24)	(29,25)	(29,26)	(29,27)	(29,28)	(29,29)	(30,19)	(30,20)	(30,21)	(30,22)	(30,23)	(30,24)	(30,30)	(31,23)	(32,24)	
(23,19):(22,19)	(22,35)	(23,16)	(23,19)	(23,20)	(23,21)	(23,22)	(23,23)	(23,24)	(23,25)	(23,26)	(23,27)	(23,28)	(23,29)	(23,30)	(23,31)	(23,32)	(23,33)	(23,34)	(23,35)	(24,16)	(24,17)	(24,18)	(24,19)	(24,20)	(24,21)	(24,22)	(24,23)	(24,24)	(24,25)	(24,26)	(24,27)	(24,28)	(24,29)	(24,30)	(24,36)	(25,15)	(25,17)	(25,18)	(25,19)	(25,20)	(25,21)	(25,22)	(25,23)	(25,24)	(25,25)	(25,26)	(25,27)	(25,28)	(25,29)	(26,18)	(26,19)	(26,20)	(26,21)	(26,22)	(26,23)	(26,24)	(26,25)	(26,26)	(26,27)	(26,28)	(26,29)	(27,18)	(27,19)	(27,20)	(27,21)	(27,22)	(27,23)	(27,24)	(27,25)	(27,26)	(27,27)	(27,28)	(27,29)	(28,18)	(28,19)	(28,20)	(28,21)	(28,22)	(28,23)	(28,24)	(28,25)	(28,26)	(28,27)	(28,28)	(28,29)	(29,17)	(29,18)	(29,19)	(29,20)	(29,21)	(29,22)	(29,23)	(29,24)	(29,25)	(29,26)	(29,27)	(29,28)	(29,29)	(30,17)	(30,18)	(30,19)	(30,20)	(30,21)	(30,22)	(30,23)	(30,24)	(30,30)	(31,23)	(32,24)	
(23,16):(2,14)	(2,15)	(2,16)	(3,14)	(3,15)	(3,16)	(4,15)	(4,16)	(5,15)	(5,16)	(6,15)	(6,16)	(7,15)	(7,16)	(8,15)	(8,16)	(9,15)	(9,16)	(10,15)	(10,16)	(11,15)	(12,15)	(13,15)	(14,15)	(15,15)	(16,15)	(17,15)	(18,15)	(19,15)	(20,15)	(21,15)	(23,16)	(23,19)	(23,20)	(23,21)	(23,22)	(23,23)	(23,24)	(23,25)	(23,26)	(23,27)	(23,28)	(23,29)	(23,30)	(23,31)	(23,32)	(23,33)	(23,34)	(23,35)	(24,16)	(24,17)	(24,18)	(24,19)	(24,20)	(24,21)	(24,22)	(24,23)	(24,24)	(24,25)	(24,26)	(24,27)	(24,28)	(24,29)	(24,30)	(24,36)	(25,15)	(25,17)	(25,18)	(25,19)	(25,20)	(25,21)	(25,22)	(25,23)	(25,24)	(25,25)	(25,26)	(25,27)	(25,28)	(25,29)	(26,18)	(26,19)	(26,20)	(26,21)	(26,22)	(26,23)	(26,24)	(26,25)	(26,26)	(26,27)	(26,28)	(26,29)	(27,18)	(27,19)	(27,20)	(27,21)	(27,22)	(27,23)	(27,24)	(27,25)	(27,26)	(27,27)	(27,28)	(27,29)	(28,19)	(28,20)	(28,21)	(28,22)	(28,23)	(28,24)	(28,25)	(28,26)	(28,27)	(28,28)	(28,29)	(29,19)	(29,20)	(29,21)	(29,22)	(29,23)	(29,24)	(29,25)	(29,26)	(29,27)	(29,28)	(29,29)	(30,20)	(30,21)	(30,22)	(30,23)	(30,24)	(30,30)	(31,23)	(32,24)	
(10,16):(1,18)	(2,14)	(2,15)	(2,16)	(2,17)	(3,14)	(3,15)	(3,16)	(3,17)	(4,15)	(4,16)	(4,17)	(4,18)	(4,20)	(5,15)	(5,16)	(5,17)	(5,18)	(5,19)	(5,20)	(5,21)	(6,15)	(6,16)	(6,17)	(6,18)	(6,19)	(6,20)	(7,15)	(7,16)	(7,17)	(7,18)	(7,19)	(7,20)	(8,15)	(8,16)	(8,17)	(8,18)	(8,19)	(8,20)	(8,21)	(8,25)	(8,26)	(8,27)	(8,28)	(9,15)	(9,16)	(9,17)	(9,18)	(9,19)	(9,20)	(9,21)	(9,22)	(9,23)	(9,24)	(9,25)	(9,26)	(9,27)	(9,28)	(9,29)	(9,33)	(10,15)	(10,16)	(10,22)	(10,23)	(10,24)	(10,25)	(10,26)	(10,27)	(10,28)	(10,29)	(10,30)	(10,31)	(10,32)	(11,15)	(12,15)	(13,15)	(14,15)	(15,15)	(16,15)	(17,15)	(18,15)	(19,15)	(20,15)	(21,14)	(21,15)	(23,16)	(24,16)	(25,15)	
(10,22):(2,13)	(2,14)	(2,15)	(2,16)	(3,14)	(3,15)	(3,16)	(3,17)	(4,15)	(4,16)	(4,17)	(4,18)	(5,15)	(5,16)	(5,17)	(5,18)	(5,19)	(6,15)	(6,16)	(6,17)	(6,18)	(6,19)	(6,20)	(6,29)	(7,15)	(7,16)	(7,17)	(7,18)	(7,19)	(7,20)	(7,27)	(7,28)	(8,15)	(8,16)	(8,17)	(8,18)	(8,19)	(8,20)	(8,21)	(8,25)	(8,26)	(8,27)	(8,28)	(9,15)	(9,16)	(9,17)	(9,18)	(9,19)	(9,20)	(9,21)	(9,22)	(9,23)	(9,24)	(9,25)	(9,26)	(9,27)	(9,28)	(9,29)	(9,33)	(10,15)	(10,16)	(10,22)	(10,23)	(10,24)	(10,25)	(10,26)	(10,27)	(10,28)	(10,29)	(10,30)	(10,31)	(10,32)	(11,23)	(11,24)	(11,25)	(11,26)	(11,27)	(11,28)	(11,29)	(11,30)	(11,31)	(11,32)	(12,23)	(12,24)	(12,25)	(12,26)	(12,27)	(12,28)	(12,31)	(13,23)	(13,24)	(13,25)	(13,26)	(13,27)	(14,22)	(14,26)	(14,27)	(15,27)	
(14,22):(6,29)	(7,26)	(7,27)	(7,28)	(8,25)	(8,26)	(8,27)	(8,28)	(9,22)	(9,23)	(9,24)	(9,25)	(9,26)	(9,27)	(9,28)	(9,29)	(9,33)	(10,22)	(10,23)	(10,24)	(10,25)	(10,26)	(10,27)	(10,28)	(10,29)	(10,30)	(10,31)	(10,32)	(11,23)	(11,24)	(11,25)	(11,26)	(11,27)	(11,28)	(11,29)	(11,30)	(11,31)	(12,23)	(12,24)	(12,25)	(12,26)	(12,27)	(12,28)	(13,23)	(13,24)	(13,25)	(13,26)	(13,27)	(14,22)	(14,26)	(14,27)	
(14,26):(2,14)	(2,15)	(2,16)	(3,15)	(3,16)	(4,16)	(4,17)	(5,17)	(5,18)	(6,18)	(6,19)	(6,25)	(6,29)	(7,19)	(7,20)	(7,26)	(7,27)	(7,28)	(8,20)	(8,21)	(8,25)	(8,26)	(8,27)	(8,28)	(9,21)	(9,22)	(9,23)	(9,24)	(9,25)	(9,26)	(9,27)	(9,28)	(9,29)	(10,22)	(10,23)	(10,24)	(10,25)	(10,26)	(10,27)	(10,28)	(10,29)	(10,30)	(11,23)	(11,24)	(11,25)	(11,26)	(11,27)	(11,28)	(11,29)	(12,23)	(12,24)	(12,25)	(12,26)	(12,27)	(12,28)	(13,23)	(13,24)	(13,25)	(13,26)	(13,27)	(14,22)	(14,26)	(14,27)	(15,26)	(15,27)	
(15,26):(6,29)	(7,26)	(7,27)	(7,28)	(8,26)	(8,27)	(8,28)	(9,26)	(9,27)	(9,28)	(9,29)	(10,26)	(10,27)	(10,28)	(10,29)	(11,26)	(11,27)	(11,28)	(12,26)	(12,27)	(12,28)	(13,26)	(13,27)	(14,26)	(14,27)	(15,26)	(15,27)	
(15,27):(2,14)	(2,15)	(3,15)	(3,16)	(4,16)	(4,17)	(5,17)	(5,18)	(6,18)	(6,19)	(6,25)	(6,29)	(7,19)	(7,20)	(7,26)	(7,27)	(7,28)	(8,20)	(8,21)	(8,25)	(8,26)	(8,27)	(8,28)	(9,21)	(9,22)	(9,23)	(9,24)	(9,25)	(9,26)	(9,27)	(9,28)	(9,29)	(10,22)	(10,23)	(10,24)	(10,25)	(10,26)	(10,27)	(10,28)	(11,23)	(11,24)	(11,25)	(11,26)	(11,27)	(11,28)	(12,24)	(12,25)	(12,26)	(12,27)	(12,28)	(13,25)	(13,26)	(13,27)	(14,26)	(14,27)	(15,26)	(15,27)	(19,27)	(19,28)	
(19,27):(7,27)	(7,28)	(8,27)	(8,28)	(9,27)	(9,28)	(10,27)	(10,28)	(11,27)	(11,28)	(12,27)	(12,28)	(13,27)	(14,27)	(15,27)	(19,27)	(19,28)	
(19,28):(6,25)	(7,26)	(7,27)	(7,28)	(8,26)	(8,27)	(8,28)	(9,26)	(9,27)	(9,28)	(10,26)	(10,27)	(10,28)	(11,26)	(11,27)	(11,28)	(12,27)	(12,28)	(13,27)	(14,27)	(15,27)	(19,27)	(19,28)	
(12,28):(5,15)	(6,15)	(6,16)	(6,17)	(6,25)	(6,29)	(7,15)	(7,16)	(7,17)	(7,18)	(7,19)	(7,26)	(7,27)	(7,28)	(8,16)	(8,17)	(8,18)	(8,19)	(8,20)	(8,21)	(8,25)	(8,26)	(8,27)	(8,28)	(9,19)	(9,20)	(9,21)	(9,22)	(9,23)	(9,24)	(9,25)	(9,26)	(9,27)	(9,28)	(9,29)	(9,33)	(10,22)	(10,23)	(10,24)	(10,25)	(10,26)	(10,27)	(10,28)	(10,29)	(10,30)	(10,31)	(10,32)	(11,23)	(11,24)	(11,25)	(11,26)	(11,27)	(11,28)	(11,29)	(11,30)	(11,31)	(12,23)	(12,24)	(12,25)	(12,26)	(12,27)	(12,28)	(12,31)	(13,23)	(13,24)	(13,25)	(13,26)	(13,27)	(14,22)	(14,26)	(14,27)	(15,26)	(15,27)	(19,27)	(19,28)	
(12,31):(6,15)	(6,16)	(6,25)	(7,15)	(7,16)	(7,17)	(7,18)	(7,26)	(7,27)	(8,15)	(8,16)	(8,17)	(8,18)	(8,19)	(8,20)	(8,21)	(8,25)	(8,26)	(8,27)	(8,28)	(9,18)	(9,19)	(9,20)	(9,21)	(9,22)	(9,23)	(9,24)	(9,25)	(9,26)	(9,27)	(9,28)	(9,29)	(10,22)	(10,23)	(10,24)	(10,25)	(10,26)	(10,27)	(10,28)	(10,29)	(10,30)	(10,31)	(11,23)	(11,24)	(11,25)	(11,26)	(11,27)	(11,28)	(11,29)	(11,30)	(11,31)	(12,23)	(12,24)	(12,25)	(12,26)	(12,27)	(12,28)	(12,31)	
(11,31):(6,25)	(7,15)	(7,16)	(7,17)	(7,26)	(7,27)	(8,15)	(8,16)	(8,17)	(8,18)	(8,19)	(8,20)	(8,21)	(8,25)	(8,26)	(8,27)	(8,28)	(9,15)	(9,16)	(9,17)	(9,18)	(9,19)	(9,20)	(9,21)	(9,22)	(9,23)	(9,24)	(9,25)	(9,26)	(9,27)	(9,28)	(9,29)	(9,33)	(10,22)	(10,23)	(10,24)	(10,25)	(10,26)	(10,27)	(10,28)	(10,29)	(10,30)	(10,31)	(10,32)	(11,23)	(11,24)	(11,25)	(11,26)	(11,27)	(11,28)	(11,29)	(11,30)	(11,31)	(11,32)	(12,23)	(12,24)	(12,25)	(12,26)	(12,27)	(12,28)	(12,31)	(13,23)	(13,24)	(13,25)	(14,22)	
(11,32):(7,15)	(7,16)	(7,17)	(7,26)	(8,15)	(8,16)	(8,17)	(8,18)	(8,19)	(8,20)	(8,21)	(8,25)	(8,26)	(8,27)	(9,15)	(9,16)	(9,17)	(9,18)	(9,19)	(9,20)	(9,21)	(9,22)	(9,23)	(9,24)	(9,25)	(9,26)	(9,27)	(9,28)	(9,29)	(9,33)	(10,22)	(10,23)	(10,24)	(10,25)	(10,26)	(10,27)	(10,28)	(10,29)	(10,30)	(10,31)	(10,32)	(11,23)	(11,24)	(11,25)	(11,26)	(11,27)	(11,28)	(11,29)	(11,30)	(11,31)	(11,32)	(13,33)	(14,33)	(15,33)	(16,33)	(17,33)	(18,32)	(18,34)	
(18,32):(9,33)	(10,32)	(11,32)	(13,33)	(13,34)	(14,33)	(15,33)	(16,33)	(17,33)	(18,32)	(18,34)	
(18,34):(10,32)	(11,32)	(13,33)	(13,34)	(14,33)	(15,33)	(16,33)	(17,33)	(18,32)	(18,34)	
(13,34):(13,33)	(13,34)	(14,33)	(15,33)	(16,33)	(17,33)	(18,32)	(18,34)	
(13,33):(9,33)	(10,32)	(11,32)	(13,33)	(13,34)	(14,33)	(15,33)	(16,33)	(17,33)	(18,32)	(18,34)	
(9,33):(9,15)	(9,16)	(9,17)	(9,18)	(9,19)	(9,20)	(9,21)	(9,22)	(9,23)	(9,24)	(9,25)	(9,26)	(9,27)	(9,28)	(9,29)	(9,33)	(10,15)	(10,16)	(10,22)	(10,23)	(10,24)	(10,25)	(10,26)	(10,27)	(10,28)	(10,29)	(10,30)	(10,31)	(10,32)	(11,23)	(11,24)	(11,25)	(11,26)	(11,27)	(11,28)	(11,29)	(11,30)	(11,31)	(11,32)	(12,23)	(12,24)	(12,25)	(12,26)	(12,27)	(12,28)	(13,23)	(13,24)	(13,25)	(13,26)	(13,33)	(14,22)	(14,33)	(15,33)	(16,33)	(17,33)	(18,32)	
(9,29):(6,25)	(6,29)	(7,26)	(7,27)	(7,28)	(8,15)	(8,16)	(8,17)	(8,18)	(8,19)	(8,20)	(8,21)	(8,25)	(8,26)	(8,27)	(8,28)	(9,15)	(9,16)	(9,17)	(9,18)	(9,19)	(9,20)	(9,21)	(9,22)	(9,23)	(9,24)	(9,25)	(9,26)	(9,27)	(9,28)	(9,29)	(9,33)	(10,15)	(10,16)	(10,22)	(10,23)	(10,24)	(10,25)	(10,26)	(10,27)	(10,28)	(10,29)	(10,30)	(10,31)	(10,32)	(11,23)	(11,24)	(11,25)	(11,26)	(11,27)	(11,28)	(11,29)	(11,30)	(11,31)	(11,32)	(12,23)	(12,24)	(12,25)	(12,26)	(12,27)	(12,28)	(12,31)	(13,23)	(13,24)	(13,25)	(13,26)	(13,27)	(14,22)	(14,26)	(14,27)	(15,26)	(15,27)	
(6,29):(6,25)	(6,29)	(7,26)	(7,27)	(7,28)	(8,25)	(8,26)	(8,27)	(8,28)	(9,23)	(9,24)	(9,25)	(9,26)	(9,27)	(9,28)	(9,29)	(10,22)	(10,23)	(10,24)	(10,25)	(10,26)	(10,27)	(10,28)	(10,29)	(11,23)	(11,24)	(11,25)	(11,26)	(11,27)	(11,28)	(11,29)	(12,23)	(12,24)	(12,25)	(12,26)	(12,27)	(12,28)	(13,23)	(13,24)	(13,25)	(13,26)	(13,27)	(14,22)	(14,26)	(14,27)	(15,26)	(15,27)	
(6,25):(6,25)	(6,29)	(7,26)	(7,27)	(7,28)	(8,25)	(8,26)	(8,27)	(8,28)	(9,25)	(9,26)	(9,27)	(9,28)	(9,29)	(10,25)	(10,26)	(10,27)	(10,28)	(10,29)	(10,30)	(11,25)	(11,26)	(11,27)	(11,28)	(11,29)	(11,30)	(11,31)	(12,25)	(12,26)	(12,27)	(12,28)	(12,31)	(13,25)	(13,26)	(13,27)	(14,26)	(14,27)	(15,27)	(19,28)	
(8,25):(6,25)	(6,29)	(7,26)	(7,27)	(7,28)	(8,15)	(8,16)	(8,17)	(8,18)	(8,19)	(8,20)	(8,21)	(8,25)	(8,26)	(8,27)	(8,28)	(9,15)	(9,16)	(9,17)	(9,18)	(9,19)	(9,20)	(9,21)	(9,22)	(9,23)	(9,24)	(9,25)	(9,26)	(9,27)	(9,28)	(9,29)	(10,15)	(10,16)	(10,22)	(10,23)	(10,24)	(10,25)	(10,26)	(10,27)	(10,28)	(10,29)	(10,30)	(10,31)	(10,32)	(11,23)	(11,24)	(11,25)	(11,26)	(11,27)	(11,28)	(11,29)	(11,30)	(11,31)	(11,32)	(12,23)	(12,24)	(12,25)	(12,26)	(12,27)	(12,28)	(12,31)	(13,23)	(13,24)	(13,25)	(13,26)	(13,27)	(14,22)	(14,26)	(14,27)	(15,27)	
(8,21):(2,13)	(2,14)	(2,15)	(2,16)	(3,14)	(3,15)	(3,16)	(3,17)	(4,15)	(4,16)	(4,17)	(4,18)	(5,15)	(5,16)	(5,17)	(5,18)	(5,19)	(5,20)	(5,21)	(6,15)	(6,16)	(6,17)	(6,18)	(6,19)	(6,20)	(7,15)	(7,16)	(7,17)	(7,18)	(7,19)	(7,20)	(8,15)	(8,16)	(8,17)	(8,18)	(8,19)	(8,20)	(8,21)	(8,25)	(8,26)	(8,27)	(8,28)	(9,15)	(9,16)	(9,17)	(9,18)	(9,19)	(9,20)	(9,21)	(9,22)	(9,23)	(9,24)	(9,25)	(9,26)	(9,27)	(9,28)	(9,29)	(10,15)	(10,16)	(10,22)	(10,23)	(10,24)	(10,25)	(10,26)	(10,27)	(10,28)	(10,29)	(10,30)	(10,31)	(10,32)	(11,23)	(11,24)	(11,25)	(11,26)	(11,27)	(11,28)	(11,29)	(11,30)	(11,31)	(11,32)	(12,23)	(12,24)	(12,25)	(12,26)	(12,27)	(12,28)	(12,31)	(13,24)	(13,25)	(13,26)	(13,27)	(14,26)	(14,27)	(15,27)	
(5,21):(5,15)	(5,16)	(5,17)	(5,18)	(5,19)	(5,20)	(5,21)	(6,15)	(6,16)	(6,17)	(6,18)	(6,19)	(6,20)	(7,15)	(7,16)	(7,17)	(7,18)	(7,19)	(7,20)	(8,15)	(8,16)	(8,17)	(8,18)	(8,19)	(8,20)	(8,21)	(9,15)	(9,16)	(9,17)	(9,18)	(9,19)	(9,20)	(9,21)	(10,15)	(10,16)	(11,15)	
(5,20):(2,11)	(2,12)	(2,13)	(2,14)	(3,14)	(3,15)	(3,16)	(4,15)	(4,16)	(4,17)	(4,18)	(4,20)	(5,15)	(5,16)	(5,17)	(5,18)	(5,19)	(5,20)	(5,21)	(6,15)	(6,16)	(6,17)	(6,18)	(6,19)	(6,20)	(7,15)	(7,16)	(7,17)	(7,18)	(7,19)	(7,20)	(8,15)	(8,16)	(8,17)	(8,18)	(8,19)	(8,20)	(8,21)	(9,15)	(9,16)	(9,17)	(9,18)	(9,19)	(9,20)	(9,21)	(10,15)	(10,16)	(11,15)	
(4,20):(4,15)	(4,16)	(4,17)	(4,18)	(4,20)	(5,15)	(5,16)	(5,17)	(5,18)	(5,19)	(5,20)	(6,15)	(6,16)	(6,17)	(6,18)	(6,19)	(6,20)	(7,15)	(7,16)	(7,17)	(7,18)	(7,19)	(7,20)	(8,15)	(8,16)	(8,17)	(8,18)	(8,19)	(8,20)	(9,15)	(9,16)	(9,17)	(9,18)	(9,19)	(9,20)	(10,15)	(10,16)	(11,15)	
(4,18):(1,6)	(1,18)	(2,10)	(2,11)	(2,12)	(2,13)	(2,14)	(2,15)	(2,16)	(2,17)	(3,14)	(3,15)	(3,16)	(3,17)	(4,15)	(4,16)	(4,17)	(4,18)	(4,20)	(5,15)	(5,16)	(5,17)	(5,18)	(5,19)	(5,20)	(6,15)	(6,16)	(6,17)	(6,18)	(6,19)	(6,20)	(7,15)	(7,16)	(7,17)	(7,18)	(7,19)	(7,20)	(8,15)	(8,16)	(8,17)	(8,18)	(8,19)	(8,20)	(8,21)	(9,15)	(9,16)	(9,17)	(9,18)	(9,19)	(9,20)	(9,21)	(10,15)	(10,16)	(10,22)	(11,15)	(11,23)	(12,15)	(12,24)	(13,15)	(13,24)	
(1,18):(1,6)	(1,18)	(2,6)	(2,7)	(2,8)	(2,9)	(2,10)	(2,11)	(2,12)	(2,13)	(2,14)	(2,15)	(2,16)	(2,17)	(3,3)	(3,4)	(3,5)	(3,6)	(3,7)	(3,8)	(3,9)	(3,10)	(3,11)	(3,12)	(3,14)	(3,15)	(3,16)	(3,17)	(4,3)	(4,4)	(4,5)	(4,6)	(4,7)	(4,8)	(4,9)	(4,15)	(4,16)	(4,17)	(4,18)	(5,3)	(5,4)	(5,5)	(5,6)	(5,15)	(5,16)	(5,17)	(5,18)	(6,3)	(6,15)	(6,16)	(6,17)	(6,18)	(7,15)	(7,16)	(7,17)	(7,18)	(8,15)	(8,16)	(8,17)	(8,18)	(9,15)	(9,16)	(9,17)	(9,18)	(10,15)	(10,16)	(11,15)	(12,15)	(13,15)	(14,15)	
(1,6):(1,6)	(1,18)	(2,6)	(2,7)	(2,8)	(2,9)	(2,10)	(2,11)	(2,12)	(2,13)	(2,14)	(2,15)	(2,16)	(2,17)	(3,6)	(3,7)	(3,8)	(3,9)	(3,10)	(3,11)	(3,12)	(3,14)	(3,15)	(3,16)	(3,17)	(4,6)	(4,7)	(4,8)	(4,9)	(4,10)	(4,11)	(4,18)	(5,6)	(5,7)	(5,8)	(5,9)	(5,10)	(5,11)	(6,6)	(6,7)	(6,8)	(6,9)	(6,10)	(6,11)	(7,6)	(7,7)	(7,8)	(7,9)	(7,10)	(7,11)	(8,6)	(8,7)	(8,8)	(8,9)	(8,10)	(8,11)	(9,6)	(9,7)	(9,8)	(9,9)	(9,10)	(9,11)	(10,6)	(10,7)	(10,8)	(10,9)	(10,10)	(10,11)	(11,6)	(11,7)	(11,8)	(11,9)	(11,10)	(11,11)	(12,6)	(12,7)	(12,8)	(12,9)	(12,10)	(12,11)	(13,6)	(13,7)	(13,8)	(13,9)	(13,10)	(13,11)	(14,6)	(14,7)	(14,8)	(14,9)	(14,10)	(14,11)	(15,6)	(15,7)	(15,8)	(15,9)	(15,10)	(15,11)	(16,12)	
(2,6):(1,6)	(1,18)	(2,2)	(2,6)	(2,7)	(2,8)	(2,9)	(2,10)	(2,11)	(2,12)	(2,13)	(2,14)	(2,15)	(2,16)	(2,17)	(3,3)	(3,4)	(3,5)	(3,6)	(3,7)	(3,8)	(3,9)	(3,10)	(3,11)	(3,12)	(3,14)	(3,15)	(3,16)	(3,17)	(4,3)	(4,4)	(4,5)	(4,6)	(4,7)	(4,8)	(4,9)	(4,10)	(4,11)	(5,3)	(5,4)	(5,5)	(5,6)	(5,7)	(5,8)	(5,9)	(5,10)	(5,11)	(6,3)	(6,4)	(6,5)	(6,6)	(6,7)	(6,8)	(6,9)	(6,10)	(6,11)	(7,2)	(7,3)	(7,4)	(7,5)	(7,6)	(7,7)	(7,8)	(7,9)	(7,10)	(7,11)	(8,2)	(8,3)	(8,4)	(8,5)	(8,6)	(8,7)	(8,8)	(8,9)	(8,10)	(8,11)	(9,2)	(9,3)	(9,4)	(9,5)	(9,6)	(9,7)	(9,8)	(9,9)	(9,10)	(9,11)	(10,2)	(10,3)	(10,4)	(10,5)	(10,6)	(10,7)	(10,8)	(10,9)	(10,10)	(10,11)	(11,2)	(11,3)	(11,4)	(11,5)	(11,6)	(11,7)	(11,8)	(11,9)	(11,10)	(11,11)	(12,2)	(12,3)	(12,4)	(12,5)	(12,6)	(12,7)	(12,8)	(12,9)	(12,10)	(12,11)	(13,2)	(13,3)	(13,4)	(13,5)	(13,6)	(13,7)	(13,8)	(13,9)	(13,10)	(13,11)	(14,2)	(14,3)	(14,4)	(14,5)	(14,6)	(14,7)	(14,8)	(14,9)	(14,10)	(14,11)	(15,2)	(15,3)	(15,4)	(15,5)	(15,6)	(15,7)	(15,8)	(15,9)	(15,10)	(15,11)	(16,2)	(16,3)	(16,4)	(16,5)	(16,12)	(17,1)	
(2,2):(2,2)	(2,6)	(2,7)	(2,8)	(2,9)	(2,10)	(2,11)	(2,12)	(2,13)	(2,14)	(2,15)	(2,16)	(2,17)	(3,3)	(3,4)	(3,5)	(3,6)	(3,7)	(3,8)	(3,9)	(3,10)	(3,11)	(3,12)	(3,14)	(3,15)	(3,16)	(3,17)	(4,3)	(4,4)	(4,5)	(4,6)	(4,7)	(4,8)	(4,9)	(4,10)	(4,11)	(5,3)	(5,4)	(5,5)	(5,6)	(5,7)	(5,8)	(5,9)	(5,10)	(5,11)	(6,3)	(6,4)	(6,5)	(6,6)	(6,7)	(6,8)	(6,9)	(6,10)	(6,11)	(7,2)	(7,3)	(7,4)	(7,5)	(7,6)	(7,7)	(7,8)	(7,9)	(7,10)	(7,11)	(8,2)	(8,3)	(8,4)	(8,5)	(8,6)	(8,7)	(8,8)	(8,9)	(8,10)	(8,11)	(9,2)	(9,3)	(9,4)	(9,5)	(9,6)	(9,7)	(9,8)	(9,9)	(9,10)	(9,11)	(10,2)	(10,3)	(10,4)	(10,5)	(10,6)	(10,7)	(10,8)	(10,9)	(10,10)	(10,11)	(11,2)	(11,3)	(11,4)	(11,5)	(11,6)	(11,7)	(11,8)	(11,9)	(11,10)	(11,11)	(12,2)	(12,3)	(12,4)	(12,5)	(12,6)	(12,7)	(12,8)	(12,9)	(12,10)	(12,11)	(13,2)	(13,3)	(13,4)	(13,5)	(13,6)	(13,7)	(13,8)	(13,9)	(13,10)	(13,11)	(14,2)	(14,3)	(14,4)	(14,5)	(14,6)	(14,7)	(14,8)	(14,9)	(14,10)	(14,11)	(15,2)	(15,3)	(15,4)	(15,5)	(15,6)	(15,7)	(15,8)	(15,9)	(15,10)	(15,11)	(16,2)	(16,3)	(16,4)	(16,5)	(16,12)	(17,5)	
(7,2):(2,2)	(2,6)	(2,7)	(2,8)	(2,9)	(2,10)	(2,11)	(2,12)	(2,13)	(2,14)	(3,3)	(3,4)	(3,5)	(3,6)	(3,7)	(3,8)	(3,9)	(3,10)	(3,11)	(3,12)	(4,3)	(4,4)	(4,5)	(4,6)	(4,7)	(4,8)	(4,9)	(4,10)	(4,11)	(5,3)	(5,4)	(5,5)	(5,6)	(5,7)	(5,8)	(5,9)	(5,10)	(5,11)	(6,3)	(6,4)	(6,5)	(6,6)	(6,7)	(6,8)	(6,9)	(6,10)	(6,11)	(7,1)	(7,2)	(7,3)	(7,4)	(7,5)	(7,6)	(7,7)	(7,8)	(7,9)	(7,10)	(7,11)	(8,2)	(8,3)	(8,4)	(8,5)	(8,6)	(8,7)	(8,8)	(8,9)	(8,10)	(8,11)	(9,2)	(9,3)	(9,4)	(9,5)	(9,6)	(9,7)	(9,8)	(9,9)	(9,10)	(9,11)	(10,2)	(10,3)	(10,4)	(10,5)	(10,6)	(10,7)	(10,8)	(10,9)	(10,10)	(10,11)	(11,2)	(11,3)	(11,4)	(11,5)	(11,6)	(11,7)	(11,8)	(11,9)	(11,10)	(11,11)	(12,2)	(12,3)	(12,4)	(12,5)	(12,6)	(12,7)	(12,8)	(12,9)	(12,10)	(12,11)	(13,2)	(13,3)	(13,4)	(13,5)	(13,6)	(13,7)	(13,8)	(13,9)	(13,10)	(13,11)	(14,2)	(14,3)	(14,4)	(14,5)	(14,6)	(14,7)	(14,8)	(14,9)	(14,10)	(14,11)	(15,2)	(15,3)	(15,4)	(15,5)	(15,6)	(15,7)	(15,8)	(15,9)	(15,10)	(15,11)	(16,2)	(16,3)	(16,4)	(16,5)	(16,12)	(17,1)	(17,5)	
(7,1):(7,1)	(7,2)	(7,3)	(7,4)	(7,5)	(7,6)	(7,7)	(7,8)	(7,9)	(7,10)	(7,11)	(8,2)	(8,3)	(8,4)	(8,5)	(8,6)	(8,7)	(8,8)	(8,9)	(8,10)	(8,11)	(9,2)	(9,3)	(9,4)	(9,5)	(9,6)	(9,7)	(9,8)	(9,9)	(9,10)	(9,11)	(10,2)	(10,3)	(10,4)	(10,5)	(10,6)	(10,7)	(10,8)	(10,9)	(10,10)	(10,11)	(11,2)	(11,3)	(11,4)	(11,5)	(11,6)	(11,7)	(11,8)	(11,9)	(11,10)	(11,11)	(12,2)	(12,3)	(12,4)	(12,5)	(12,6)	(12,7)	(12,8)	(12,9)	(12,10)	(12,11)	(13,2)	(13,3)	(13,4)	(13,5)	(13,6)	(13,7)	(13,8)	(13,9)	(13,10)	(13,11)	(14,2)	(14,3)	(14,4)	(14,5)	(14,6)	(14,7)	(14,8)	(14,9)	(14,10)	(14,11)	(15,2)	(15,3)	(15,4)	(15,5)	(15,6)	(15,7)	(15,8)	(15,9)	(15,10)	(15,11)	(16,2)	(16,3)	(16,4)	(16,5)	(16,12)	(17,1)	(17,5)	
(17,1):(2,6)	(2,7)	(2,8)	(2,9)	(2,10)	(2,11)	(2,12)	(3,3)	(3,4)	(3,5)	(3,6)	(3,7)	(3,8)	(3,9)	(3,10)	(3,11)	(3,12)	(4,3)	(4,4)	(4,5)	(4,6)	(4,7)	(4,8)	(4,9)	(4,10)	(4,11)	(5,3)	(5,4)	(5,5)	(5,6)	(5,7)	(5,8)	(5,9)	(5,10)	(5,11)	(6,3)	(6,4)	(6,5)	(6,6)	(6,7)	(6,8)	(6,9)	(6,10)	(6,11)	(7,1)	(7,2)	(7,3)	(7,4)	(7,5)	(7,6)	(7,7)	(7,8)	(7,9)	(7,10)	(7,11)	(8,2)	(8,3)	(8,4)	(8,5)	(8,6)	(8,7)	(8,8)	(8,9)	(8,10)	(8,11)	(9,2)	(9,3)	(9,4)	(9,5)	(9,6)	(9,7)	(9,8)	(9,9)	(9,10)	(9,11)	(10,2)	(10,3)	(10,4)	(10,5)	(10,6)	(10,7)	(10,8)	(10,9)	(10,10)	(10,11)	(11,2)	(11,3)	(11,4)	(11,5)	(11,6)	(11,7)	(11,8)	(11,9)	(11,10)	(11,11)	(12,2)	(12,3)	(12,4)	(12,5)	(12,6)	(12,7)	(12,8)	(12,9)	(12,10)	(12,11)	(13,2)	(13,3)	(13,4)	(13,5)	(13,6)	(13,7)	(13,8)	(13,9)	(13,10)	(13,11)	(14,2)	(14,3)	(14,4)	(14,5)	(14,6)	(14,7)	(14,8)	(14,9)	(14,10)	(14,11)	(15,2)	(15,3)	(15,4)	(15,5)	(15,6)	(15,7)	(15,8)	(15,9)	(16,2)	(16,3)	(16,4)	(16,5)	(17,1)	(17,5)	
(17,5):(2,2)	(3,3)	(3,4)	(3,5)	(4,3)	(4,4)	(4,5)	(5,3)	(5,4)	(5,5)	(6,3)	(6,4)	(6,5)	(7,1)	(7,2)	(7,3)	(7,4)	(7,5)	(8,2)	(8,3)	(8,4)	(8,5)	(9,2)	(9,3)	(9,4)	(9,5)	(10,2)	(10,3)	(10,4)	(10,5)	(11,2)	(11,3)	(11,4)	(11,5)	(12,2)	(12,3)	(12,4)	(12,5)	(13,2)	(13,3)	(13,4)	(13,5)	(14,2)	(14,3)	(14,4)	(14,5)	(15,2)	(15,3)	(15,4)	(15,5)	(16,2)	(16,3)	(16,4)	(16,5)	(17,1)	(17,5)	
(16,5):(2,2)	(2,6)	(2,7)	(2,8)	(2,9)	(2,10)	(2,11)	(2,12)	(3,3)	(3,4)	(3,5)	(3,6)	(3,7)	(3,8)	(3,9)	(3,10)	(3,11)	(3,12)	(4,3)	(4,4)	(4,5)	(4,6)	(4,7)	(4,8)	(4,9)	(4,10)	(4,11)	(5,3)	(5,4)	(5,5)	(5,6)	(5,7)	(5,8)	(5,9)	(5,10)	(5,11)	(6,3)	(6,4)	(6,5)	(6,6)	(6,7)	(6,8)	(6,9)	(6,10)	(6,11)	(7,1)	(7,2)	(7,3)	(7,4)	(7,5)	(7,6)	(7,7)	(7,8)	(7,9)	(7,10)	(7,11)	(8,2)	(8,3)	(8,4)	(8,5)	(8,6)	(8,7)	(8,8)	(8,9)	(8,10)	(8,11)	(9,2)	(9,3)	(9,4)	(9,5)	(9,6)	(9,7)	(9,8)	(9,9)	(9,10)	(9,11)	(10,2)	(10,3)	(10,4)	(10,5)	(10,6)	(10,7)	(10,8)	(10,9)	(10,10)	(10,11)	(11,2)	(11,3)	(11,4)	(11,5)	(11,6)	(11,7)	(11,8)	(11,9)	(11,10)	(11,11)	(12,2)	(12,3)	(12,4)	(12,5)	(12,6)	(12,7)	(12,8)	(12,9)	(12,10)	(12,11)	(13,2)	(13,3)	(13,4)	(13,5)	(13,6)	(13,7)	(13,8)	(13,9)	(13,10)	(13,11)	(14,2)	(14,3)	(14,4)	(14,5)	(14,6)	(14,7)	(14,8)	(14,9)	(14,10)	(14,11)	(15,2)	(15,3)	(15,4)	(15,5)	(15,6)	(15,7)	(15,8)	(15,9)	(15,10)	(15,11)	(16,2)	(16,3)	(16,4)	(16,5)	(16,12)	(17,1)	(17,5)	
(16,12):(1,6)	(2,2)	(2,6)	(2,7)	(2,8)	(2,9)	(2,10)	(2,11)	(2,12)	(3,3)	(3,4)	(3,5)	(3,6)	(3,7)	(3,8)	(3,9)	(3,10)	(3,11)	(3,12)	(4,3)	(4,4)	(4,5)	(4,6)	(4,7)	(4,8)	(4,9)	(4,10)	(4,11)	(5,3)	(5,4)	(5,5)	(5,6)	(5,7)	(5,8)	(5,9)	(5,10)	(5,11)	(6,3)	(6,4)	(6,5)	(6,6)	(6,7)	(6,8)	(6,9)	(6,10)	(6,11)	(7,1)	(7,2)	(7,3)	(7,4)	(7,5)	(7,6)	(7,7)	(7,8)	(7,9)	(7,10)	(7,11)	(8,2)	(8,3)	(8,4)	(8,5)	(8,6)	(8,7)	(8,8)	(8,9)	(8,10)	(8,11)	(9,2)	(9,3)	(9,4)	(9,5)	(9,6)	(9,7)	(9,8)	(9,9)	(9,10)	(9,11)	(10,2)	(10,3)	(10,4)	(10,5)	(10,6)	(10,7)	(10,8)	(10,9)	(10,10)	(10,11)	(11,2)	(11,3)	(11,4)	(11,5)	(11,6)	(11,7)	(11,8)	(11,9)	(11,10)	(11,11)	(12,2)	(12,3)	(12,4)	(12,5)	(12,6)	(12,7)	(12,8)	(12,9)	(12,10)	(12,11)	(13,2)	(13,3)	(13,4)	(13,5)	(13,6)	(13,7)	(13,8)	(13,9)	(13,10)	(13,11)	(14,2)	(14,3)	(14,4)	(14,5)	(14,6)	(14,7)	(14,8)	(14,9)	(14,10)	(14,11)	(15,2)	(15,3)	(15,4)	(15,5)	(15,6)	(15,7)	(15,8)	(15,9)	(15,10)	(15,11)	(16,2)	(16,3)	(16,4)	(16,5)	(16,12)	
(3,12):(1,6)	(1,18)	(2,2)	(2,6)	(2,7)	(2,8)	(2,9)	(2,10)	(2,11)	(2,12)	(2,13)	(2,14)	(2,15)	(2,16)	(2,17)	(3,3)	(3,4)	(3,5)	(3,6)	(3,7)	(3,8)	(3,9)	(3,10)	(3,11)	(3,12)	(3,14)	(3,15)	(3,16)	(3,17)	(4,3)	(4,4)	(4,5)	(4,6)	(4,7)	(4,8)	(4,9)	(4,10)	(4,11)	(5,3)	(5,4)	(5,5)	(5,6)	(5,7)	(5,8)	(5,9)	(5,10)	(5,11)	(6,3)	(6,4)	(6,5)	(6,6)	(6,7)	(6,8)	(6,9)	(6,10)	(6,11)	(7,2)	(7,3)	(7,4)	(7,5)	(7,6)	(7,7)	(7,8)	(7,9)	(7,10)	(7,11)	(8,2)	(8,3)	(8,4)	(8,5)	(8,6)	(8,7)	(8,8)	(8,9)	(8,10)	(8,11)	(9,2)	(9,3)	(9,4)	(9,5)	(9,6)	(9,7)	(9,8)	(9,9)	(9,10)	(9,11)	(10,2)	(10,3)	(10,4)	(10,5)	(10,6)	(10,7)	(10,8)	(10,9)	(10,10)	(10,11)	(11,2)	(11,3)	(11,4)	(11,5)	(11,6)	(11,7)	(11,8)	(11,9)	(11,10)	(11,11)	(12,2)	(12,3)	(12,4)	(12,5)	(12,6)	(12,7)	(12,8)	(12,9)	(12,10)	(12,11)	(13,2)	(13,3)	(13,4)	(13,5)	(13,6)	(13,7)	(13,8)	(13,9)	(13,10)	(13,11)	(14,2)	(14,3)	(14,4)	(14,5)	(14,6)	(14,7)	(14,8)	(14,9)	(14,10)	(14,11)	(15,2)	(15,3)	(15,4)	(15,5)	(15,6)	(15,7)	(15,8)	(15,9)	(15,10)	(15,11)	(16,2)	(16,3)	(16,4)	(16,5)	(16,12)	(17,1)	
(3,14):(1,6)	(1,18)	(2,2)	(2,6)	(2,7)	(2,8)	(2,9)	(2,10)	(2,11)	(2,12)	(2,13)	(2,14)	(2,15)	(2,16)	(2,17)	(3,3)	(3,4)	(3,5)	(3,6)	(3,7)	(3,8)	(3,9)	(3,10)	(3,11)	(3,12)	(3,14)	(3,15)	(3,16)	(3,17)	(4,15)	(4,16)	(4,17)	(4,18)	(5,15)	(5,16)	(5,17)	(5,18)	(5,19)	(5,20)	(6,15)	(6,16)	(6,17)	(6,18)	(6,19)	(6,20)	(7,15)	(7,16)	(7,17)	(7,18)	(7,19)	(7,20)	(8,15)	(8,16)	(8,17)	(8,18)	(8,19)	(8,20)	(8,21)	(9,15)	(9,16)	(9,17)	(9,18)	(9,19)	(9,20)	(9,21)	(9,22)	(10,15)	(10,16)	(10,22)	(10,23)	(11,15)	(11,24)	(11,25)	(12,15)	(12,25)	(12,26)	(13,15)	(13,26)	(13,27)	(14,15)	(14,27)	(15,15)	(16,15)	(17,15)	(18,15)	(19,15)	(20,15)	(21,14)	(21,15)	(23,16)	(24,16)	
(21,14):(2,14)	(2,15)	(2,16)	(2,17)	(3,14)	(3,15)	(3,16)	(3,17)	(4,15)	(4,16)	(4,17)	(5,15)	(5,16)	(6,15)	(6,16)	(7,15)	(7,16)	(8,15)	(8,16)	(9,15)	(9,16)	(10,15)	(10,16)	(11,15)	(12,15)	(13,15)	(14,15)	(15,15)	(16,15)	(17,15)	(18,15)	(19,15)	(20,15)	(21,14)	(21,15)	
(21,15):(2,14)	(2,15)	(2,16)	(3,14)	(3,15)	(3,16)	(4,15)	(4,16)	(5,15)	(5,16)	(6,15)	(6,16)	(7,15)	(7,16)	(8,15)	(8,16)	(9,15)	(9,16)	(10,15)	(10,16)	(11,15)	(12,15)	(13,15)	(14,15)	(15,15)	(16,15)	(17,15)	(18,15)	(19,15)	(20,15)	(21,14)	(21,15)	(23,16)	(24,16)	(25,15)	(25,17)	
(25,15):(2,15)	(2,16)	(3,15)	(3,16)	(4,15)	(4,16)	(5,15)	(5,16)	(6,15)	(6,16)	(7,15)	(7,16)	(8,15)	(8,16)	(9,15)	(9,16)	(10,15)	(10,16)	(11,15)	(12,15)	(13,15)	(14,15)	(15,15)	(16,15)	(17,15)	(18,15)	(19,15)	(20,15)	(21,15)	(22,35)	(23,16)	(23,19)	(23,20)	(23,21)	(23,22)	(23,23)	(23,24)	(23,25)	(23,26)	(23,27)	(23,28)	(23,29)	(23,30)	(23,31)	(23,32)	(23,33)	(23,34)	(23,35)	(24,16)	(24,17)	(24,18)	(24,19)	(24,20)	(24,21)	(24,22)	(24,23)	(24,24)	(24,25)	(24,26)	(24,27)	(24,28)	(24,29)	(24,30)	(25,15)	(25,17)	(25,18)	(25,19)	(25,20)	(25,21)	(25,22)	(25,23)	(25,24)	(25,25)	(25,26)	(25,27)	(25,28)	(25,29)	
(25,17):(21,15)	(22,35)	(23,16)	(23,19)	(23,20)	(23,21)	(23,22)	(23,23)	(23,24)	(23,25)	(23,26)	(23,27)	(23,28)	(23,29)	(23,30)	(23,31)	(23,32)	(23,33)	(23,34)	(23,35)	(24,16)	(24,17)	(24,18)	(24,19)	(24,20)	(24,21)	(24,22)	(24,23)	(24,24)	(24,25)	(24,26)	(24,27)	(24,28)	(24,29)	(24,30)	(25,15)	(25,17)	(25,18)	(25,19)	(25,20)	(25,21)	(25,22)	(25,23)	(25,24)	(25,25)	(25,26)	(25,27)	(25,28)	(25,29)	(26,18)	(26,19)	(26,20)	(26,21)	(26,22)	(26,23)	(26,24)	(26,25)	(26,26)	(26,27)	(26,28)	(26,29)	(27,18)	(27,19)	(27,20)	(27,21)	(27,22)	(27,23)	(27,24)	(27,25)	(27,26)	(27,27)	(27,28)	(27,29)	(28,18)	(28,19)	(28,20)	(28,21)	(28,22)	(28,23)	(28,24)	(28,25)	(28,26)	(28,27)	(28,28)	(28,29)	(29,17)	(29,18)	(29,19)	(29,20)	(29,21)	(29,22)	(29,23)	(29,24)	(29,25)	(29,26)	(29,27)	(29,28)	(29,29)	(30,17)	(30,18)	(30,19)	(30,20)	(30,21)	(30,22)	(30,23)	(30,24)	(30,30)	(31,23)	(32,24)	
(29,17):(22,35)	(23,19)	(23,20)	(23,21)	(23,22)	(23,23)	(23,24)	(23,25)	(23,26)	(23,27)	(23,28)	(23,29)	(23,30)	(23,31)	(23,32)	(24,17)	(24,18)	(24,19)	(24,20)	(24,21)	(24,22)	(24,23)	(24,24)	(24,25)	(24,26)	(24,27)	(24,28)	(24,29)	(24,30)	(25,17)	(25,18)	(25,19)	(25,20)	(25,21)	(25,22)	(25,23)	(25,24)	(25,25)	(25,26)	(25,27)	(25,28)	(25,29)	(26,18)	(26,19)	(26,20)	(26,21)	(26,22)	(26,23)	(26,24)	(26,25)	(26,26)	(26,27)	(26,28)	(26,29)	(27,18)	(27,19)	(27,20)	(27,21)	(27,22)	(27,23)	(27,24)	(27,25)	(27,26)	(27,27)	(27,28)	(27,29)	(28,18)	(28,19)	(28,20)	(28,21)	(28,22)	(28,23)	(28,24)	(28,25)	(28,26)	(28,27)	(28,28)	(28,29)	(29,9)	(29,10)	(29,11)	(29,17)	(29,18)	(29,19)	(29,20)	(29,21)	(29,22)	(29,23)	(29,24)	(29,25)	(29,26)	(29,27)	(29,28)	(29,29)	(30,9)	(30,10)	(30,11)	(30,12)	(30,13)	(30,14)	(30,15)	(30,16)	(30,17)	(30,18)	(30,19)	(30,20)	(30,21)	(30,22)	(30,23)	(30,24)	(30,30)	(31,9)	(31,10)	(31,11)	(31,12)	(31,13)	(31,23)	(32,9)	(32,10)	(32,11)	(33,8)	
(29,11):(26,11)	(27,8)	(27,9)	(27,10)	(28,9)	(28,10)	(29,9)	(29,10)	(29,11)	(29,17)	(29,18)	(29,19)	(29,20)	(29,21)	(29,22)	(29,23)	(29,24)	(29,25)	(29,26)	(29,27)	(29,28)	(29,29)	(30,9)	(30,10)	(30,11)	(30,12)	(30,13)	(30,14)	(30,15)	(30,16)	(30,17)	(30,18)	(30,19)	(30,20)	(30,21)	(30,22)	(30,23)	(30,24)	(30,30)	(31,9)	(31,10)	(31,11)	(31,12)	(31,13)	(31,23)	(32,9)	(32,10)	(32,11)	(32,12)	(33,8)	(33,10)	(33,11)	(33,12)	(34,10)	(34,11)	(34,12)	(35,13)	
(26,11):(26,3)	(26,11)	(27,4)	(27,8)	(27,9)	(27,10)	(28,9)	(28,10)	(29,9)	(29,10)	(29,11)	(30,9)	(30,10)	(30,11)	(31,9)	(31,10)	(31,11)	(32,9)	(32,10)	(32,11)	(33,8)	(33,10)	(33,11)	(34,10)	(34,11)	
(26,3):(26,3)	(26,11)	(27,4)	(27,8)	(27,9)	(27,10)	(28,3)	(28,4)	
(28,3):(26,3)	(27,4)	(28,3)	(28,4)	
(28,4):(26,3)	(27,4)	(28,3)	(28,4)	
(27,4):(26,3)	(26,11)	(27,4)	(27,8)	(27,9)	(27,10)	(28,3)	(28,4)	
(27,8):(26,3)	(26,11)	(27,4)	(27,8)	(27,9)	(27,10)	(28,9)	(28,10)	(29,9)	(29,10)	(29,11)	(30,9)	(30,10)	(30,11)	(30,12)	(31,9)	(31,10)	(31,11)	(31,12)	(31,13)	(32,9)	(32,10)	(32,11)	(32,12)	(33,8)	(33,10)	(33,11)	(33,12)	(34,11)	(34,12)	(35,13)	
(33,8):(23,31)	(23,32)	(24,29)	(24,30)	(25,26)	(25,27)	(25,28)	(26,11)	(26,24)	(26,25)	(27,8)	(27,9)	(27,10)	(27,22)	(27,23)	(28,9)	(28,10)	(28,20)	(29,9)	(29,10)	(29,11)	(29,17)	(29,18)	(30,9)	(30,10)	(30,11)	(30,12)	(30,13)	(30,14)	(30,15)	(31,9)	(31,10)	(31,11)	(31,12)	(31,13)	(32,9)	(32,10)	(32,11)	(32,12)	(33,8)	(33,10)	(33,11)	(33,12)	
(33,10):(26,11)	(27,8)	(27,9)	(27,10)	(28,9)	(28,10)	(29,9)	(29,10)	(29,11)	(30,9)	(30,10)	(30,11)	(30,12)	(30,13)	(30,14)	(31,9)	(31,10)	(31,11)	(31,12)	(31,13)	(32,9)	(32,10)	(32,11)	(32,12)	(33,8)	(33,10)	(33,11)	(33,12)	(34,10)	(34,11)	(34,12)	(35,13)	
(34,10):(26,11)	(27,10)	(28,10)	(29,10)	(29,11)	(30,10)	(30,11)	(30,12)	(30,13)	(30,14)	(31,10)	(31,11)	(31,12)	(31,13)	(32,10)	(32,11)	(32,12)	(33,10)	(33,11)	(33,12)	(34,7)	(34,10)	(34,11)	(34,12)	(35,8)	(35,9)	(35,13)	(36,7)	
(34,7):(34,7)	(34,10)	(34,11)	(34,12)	(35,8)	(35,9)	(35,13)	(36,7)	(36,9)	
(36,7):(33,12)	(34,7)	(34,10)	(34,11)	(35,8)	(35,9)	(36,7)	(36,9)	
(36,9):(34,7)	(35,8)	(35,9)	(36,7)	(36,9)	
(35,9):12.500000
(35,13):35.479168
(31,13):104.845779
(31,23):115.321426
(32,23):26.000000
(32,24):46.562500
(30,24):134.491440
(30,30):114.717613
(24,30):132.301651
(24,36):40.025002
(20,36):5.000000
(20,35):4.000000
(22,35):77.550003
(22,19):105.777779
(23,19):126.447914
(23,16):140.762497
(10,16):101.349205
(10,22):108.335716
(14,22):54.833332
(14,26):65.083336
(15,26):24.000000
(15,27):57.000000
(19,27):15.571428
(19,28):23.000000
(12,28):82.666664
(12,31):57.688889
(11,31):67.294441
(11,32):60.815151
(18,32):14.000000
(18,34):12.971429
(13,34):10.000000
(13,33):15.000000
(9,33):54.284313
(9,29):78.049683
(6,29):48.000000
(6,25):38.826389
(8,25):76.325394
(8,21):102.361366
(5,21):37.000000
(5,20):53.166668
(4,20):39.000000
(4,18):70.916664
(1,18):81.000000
(1,6):104.000000
(2,6):171.339279
(2,2):149.666672
(7,2):163.600006
(7,1):103.000000
(17,1):153.029755
(17,5):55.000000
(16,5):160.041214
(16,12):155.000000
(3,12):170.530762
(3,14):110.338890
(21,14):47.363636
(21,15):48.792931
(25,15):75.574997
(25,17):124.698715
(29,17):138.271362
(29,11):63.933334
(26,11):28.133928
(26,3):9.900000
(28,3):2.500000
(28,4):2.000000
(27,4):9.000000
(27,8):38.333332
(33,8):45.963890
(33,10):38.166668
(34,10):27.500000
(34,7):8.000000
(36,7):7.000000
(36,9):4.000000
(35,9),(35,13):10.500000
(35,9),(31,13):8.000000
(35,9),(31,23):0.000000
(35,9),(32,23):0.000000
(35,9),(32,24):0.000000
(35,9),(30,24):0.000000
(35,9),(30,30):0.000000
(35,9),(24,30):0.000000
(35,9),(24,36):0.000000
(35,9),(20,36):0.000000
(35,9),(20,35):0.000000
(35,9),(22,35):0.000000
(35,9),(22,19):0.000000
(35,9),(23,19):0.000000
(35,9),(23,16):0.000000
(35,9),(10,16):0.000000
(35,9),(10,22):0.000000
(35,9),(14,22):0.000000
(35,9),(14,26):0.000000
(35,9),(15,26):0.000000
(35,9),(15,27):0.000000
(35,9),(19,27):0.000000
(35,9),(19,28):0.000000
(35,9),(12,28):0.000000
(35,9),(12,31):0.000000
(35,9),(11,31):0.000000
(35,9),(11,32):0.000000
(35,9),(18,32):0.000000
(35,9),(18,34):0.000000
(35,9),(13,34):0.000000
(35,9),(13,33):0.000000
(35,9),(9,33):0.000000
(35,9),(9,29):0.000000
(35,9),(6,29):0.000000
(35,9),(6,25):0.000000
(35,9),(8,25):0.000000
(35,9),(8,21):0.000000
(35,9),(5,21):0.000000
(35,9),(5,20):0.000000
(35,9),(4,20):0.000000
(35,9),(4,18):0.000000
(35,9),(1,18):0.000000
(35,9),(1,6):0.000000
(35,9),(2,6):0.000000
(35,9),(2,2):0.000000
(35,9),(7,2):0.000000
(35,9),(7,1):0.000000
(35,9),(17,1):0.000000
(35,9),(17,5):0.000000
(35,9),(16,5):0.000000
(35,9),(16,12):0.000000
(35,9),(3,12):0.000000
(35,9),(3,14):0.000000
(35,9),(21,14):0.000000
(35,9),(21,15):0.000000
(35,9),(25,15):0.000000
(35,9),(25,17):0.000000
(35,9),(29,17):0.000000
(35,9),(29,11):7.600000
(35,9),(26,11):1.562500
(35,9),(26,3):0.000000
(35,9),(28,3):0.000000
(35,9),(28,4):0.000000
(35,9),(27,4):0.000000
(35,9),(27,8):6.958333
(35,9),(33,8):2.000000
(35,9),(33,10):7.500000
(35,9),(34,10):12.000000
(35,9),(34,7):8.000000
(35,9),(36,7):7.000000
(35,9),(36,9):4.000000
(35,13),(31,13):29.979166
(35,13),(31,23):10.750000
(35,13),(32,23):0.000000
(35,13),(32,24):0.000000
(35,13),(30,24):11.482517
(35,13),(30,30):5.236842
(35,13),(24,30):2.048985
(35,13),(24,36):0.000000
(35,13),(20,36):0.000000
(35,13),(20,35):0.000000
(35,13),(22,35):1.087975
(35,13),(22,19):0.000000
(35,13),(23,19):0.000000
(35,13),(23,16):0.000000
(35,13),(10,16):0.000000
(35,13),(10,22):0.000000
(35,13),(14,22):0.000000
(35,13),(14,26):0.000000
(35,13),(15,26):0.000000
(35,13),(15,27):0.000000
(35,13),(19,27):0.000000
(35,13),(19,28):0.000000
(35,13),(12,28):0.000000
(35,13),(12,31):0.000000
(35,13),(11,31):0.000000
(35,13),(11,32):0.000000
(35,13),(18,32):0.000000
(35,13),(18,34):0.000000
(35,13),(13,34):0.000000
(35,13),(13,33):0.000000
(35,13),(9,33):0.000000
(35,13),(9,29):0.000000
(35,13),(6,29):0.000000
(35,13),(6,25):0.000000
(35,13),(8,25):0.000000
(35,13),(8,21):0.000000
(35,13),(5,21):0.000000
(35,13),(5,20):0.000000
(35,13),(4,20):0.000000
(35,13),(4,18):0.000000
(35,13),(1,18):0.000000
(35,13),(1,6):0.000000
(35,13),(2,6):0.000000
(35,13),(2,2):0.000000
(35,13),(7,2):0.000000
(35,13),(7,1):0.000000
(35,13),(17,1):0.000000
(35,13),(17,5):0.000000
(35,13),(16,5):0.000000
(35,13),(16,12):0.000000
(35,13),(3,12):0.000000
(35,13),(3,14):0.000000
(35,13),(21,14):0.000000
(35,13),(21,15):0.000000
(35,13),(25,15):0.000000
(35,13),(25,17):0.000000
(35,13),(29,17):14.809524
(35,13),(29,11):32.579166
(35,13),(26,11):20.541666
(35,13),(26,3):3.062500
(35,13),(28,3):0.000000
(35,13),(28,4):0.000000
(35,13),(27,4):2.479167
(35,13),(27,8):30.479166
(35,13),(33,8):26.166666
(35,13),(33,10):32.333332
(35,13),(34,10):22.500000
(35,13),(34,7):6.000000
(35,13),(36,7):5.000000
(35,13),(36,9):2.000000
(31,13),(31,23):64.750000
(31,13),(32,23):12.000000
(31,13),(32,24):13.583333
(31,13),(30,24):81.846153
(31,13),(30,30):62.850479
(31,13),(24,30):72.286713
(31,13),(24,36):6.857143
(31,13),(20,36):0.000000
(31,13),(20,35):0.000000
(31,13),(22,35):17.907143
(31,13),(22,19):60.220779
(31,13),(23,19):65.887444
(31,13),(23,16):55.777924
(31,13),(10,16):0.000000
(31,13),(10,22):0.000000
(31,13),(14,22):0.000000
(31,13),(14,26):0.000000
(31,13),(15,26):0.000000
(31,13),(15,27):0.000000
(31,13),(19,27):0.000000
(31,13),(19,28):0.000000
(31,13),(12,28):0.000000
(31,13),(12,31):0.000000
(31,13),(11,31):0.000000
(31,13),(11,32):0.000000
(31,13),(18,32):0.000000
(31,13),(18,34):0.000000
(31,13),(13,34):0.000000
(31,13),(13,33):0.000000
(31,13),(9,33):0.000000
(31,13),(9,29):0.000000
(31,13),(6,29):0.000000
(31,13),(6,25):0.000000
(31,13),(8,25):0.000000
(31,13),(8,21):0.000000
(31,13),(5,21):0.000000
(31,13),(5,20):0.000000
(31,13),(4,20):0.000000
(31,13),(4,18):0.000000
(31,13),(1,18):0.000000
(31,13),(1,6):0.000000
(31,13),(2,6):0.000000
(31,13),(2,2):0.000000
(31,13),(7,2):0.000000
(31,13),(7,1):0.000000
(31,13),(17,1):0.000000
(31,13),(17,5):0.000000
(31,13),(16,5):0.000000
(31,13),(16,12):0.000000
(31,13),(3,12):0.000000
(31,13),(3,14):0.000000
(31,13),(21,14):0.000000
(31,13),(21,15):0.000000
(31,13),(25,15):10.857142
(31,13),(25,17):65.220779
(31,13),(29,17):89.220779
(31,13),(29,11):57.588634
(31,13),(26,11):19.187500
(31,13),(26,3):1.250000
(31,13),(28,3):0.000000
(31,13),(28,4):0.000000
(31,13),(27,4):1.125000
(31,13),(27,8):29.458334
(31,13),(33,8):41.432144
(31,13),(33,10):33.666668
(31,13),(34,10):21.000000
(31,13),(34,7):3.500000
(31,13),(36,7):2.500000
(31,13),(36,9):0.000000
(31,23),(32,23):26.000000
(31,23),(32,24):46.562500
(31,23),(30,24):114.783653
(31,23),(30,30):95.486839
(31,23),(24,30):99.735718
(31,23),(24,36):27.525000
(31,23),(20,36):0.000000
(31,23),(20,35):0.000000
(31,23),(22,35):62.422268
(31,23),(22,19):77.777779
(31,23),(23,19):96.416664
(31,23),(23,16):74.633926
(31,23),(10,16):1.071429
(31,23),(10,22):0.000000
(31,23),(14,22):0.000000
(31,23),(14,26):0.000000
(31,23),(15,26):0.000000
(31,23),(15,27):0.000000
(31,23),(19,27):0.000000
(31,23),(19,28):0.000000
(31,23),(12,28):0.000000
(31,23),(12,31):0.000000
(31,23),(11,31):0.000000
(31,23),(11,32):0.000000
(31,23),(18,32):0.000000
(31,23),(18,34):0.000000
(31,23),(13,34):0.000000
(31,23),(13,33):0.000000
(31,23),(9,33):0.000000
(31,23),(9,29):0.000000
(31,23),(6,29):0.000000
(31,23),(6,25):0.000000
(31,23),(8,25):0.000000
(31,23),(8,21):0.000000
(31,23),(5,21):0.000000
(31,23),(5,20):0.000000
(31,23),(4,20):0.000000
(31,23),(4,18):0.000000
(31,23),(1,18):0.000000
(31,23),(1,6):0.000000
(31,23),(2,6):0.000000
(31,23),(2,2):0.000000
(31,23),(7,2):0.000000
(31,23),(7,1):0.000000
(31,23),(17,1):0.000000
(31,23),(17,5):0.000000
(31,23),(16,5):0.000000
(31,23),(16,12):0.000000
(31,23),(3,12):0.000000
(31,23),(3,14):1.031129
(31,23),(21,14):0.000000
(31,23),(21,15):1.571429
(31,23),(25,15):40.071430
(31,23),(25,17):95.571426
(31,23),(29,17):111.000000
(31,23),(29,11):33.333332
(31,23),(26,11):6.750000
(31,23),(26,3):0.000000
(31,23),(28,3):0.000000
(31,23),(28,4):0.000000
(31,23),(27,4):0.000000
(31,23),(27,8):9.750000
(31,23),(33,8):25.016666
(31,23),(33,10):13.750000
(31,23),(34,10):8.083333
(31,23),(34,7):0.000000
(31,23),(36,7):0.000000
(31,23),(36,9):0.000000
(32,23),(32,24):10.000000
(32,23),(30,24):26.000000
(32,23),(30,30):24.000000
(32,23),(24,30):24.500000
(32,23),(24,36):9.000000
(32,23),(20,36):0.000000
(32,23),(20,35):0.000000
(32,23),(22,35):16.549999
(32,23),(22,19):25.777779
(32,23),(23,19):25.750000
(32,23),(23,16):20.812500
(32,23),(10,16):0.000000
(32,23),(10,22):0.000000
(32,23),(14,22):0.000000
(32,23),(14,26):0.000000
(32,23),(15,26):0.000000
(32,23),(15,27):0.000000
(32,23),(19,27):0.000000
(32,23),(19,28):0.000000
(32,23),(12,28):0.000000
(32,23),(12,31):0.000000
(32,23),(11,31):0.000000
(32,23),(11,32):0.000000
(32,23),(18,32):0.000000
(32,23),(18,34):0.000000
(32,23),(13,34):0.000000
(32,23),(13,33):0.000000
(32,23),(9,33):0.000000
(32,23),(9,29):0.000000
(32,23),(6,29):0.000000
(32,23),(6,25):0.000000
(32,23),(8,25):0.000000
(32,23),(8,21):0.000000
(32,23),(5,21):0.000000
(32,23),(5,20):0.000000
(32,23),(4,20):0.000000
(32,23),(4,18):0.000000
(32,23),(1,18):0.000000
(32,23),(1,6):0.000000
(32,23),(2,6):0.000000
(32,23),(2,2):0.000000
(32,23),(7,2):0.000000
(32,23),(7,1):0.000000
(32,23),(17,1):0.000000
(32,23),(17,5):0.000000
(32,23),(16,5):0.000000
(32,23),(16,12):0.000000
(32,23),(3,12):0.000000
(32,23),(3,14):0.000000
(32,23),(21,14):0.000000
(32,23),(21,15):0.000000
(32,23),(25,15):12.750000
(32,23),(25,17):25.500000
(32,23),(29,17):25.166666
(32,23),(29,11):2.333333
(32,23),(26,11):0.000000
(32,23),(26,3):0.000000
(32,23),(28,3):0.000000
(32,23),(28,4):0.000000
(32,23),(27,4):0.000000
(32,23),(27,8):0.000000
(32,23),(33,8):2.508929
(32,23),(33,10):0.000000
(32,23),(34,10):0.000000
(32,23),(34,7):0.000000
(32,23),(36,7):0.000000
(32,23),(36,9):0.000000
(32,24),(30,24):46.437500
(32,24),(30,30):43.750000
(32,24),(24,30):44.535713
(32,24),(24,36):13.525000
(32,24),(20,36):0.000000
(32,24),(20,35):0.000000
(32,24),(22,35):33.829411
(32,24),(22,19):37.777779
(32,24),(23,19):45.750000
(32,24),(23,16):41.125000
(32,24),(10,16):1.062500
(32,24),(10,22):0.000000
(32,24),(14,22):0.000000
(32,24),(14,26):0.000000
(32,24),(15,26):0.000000
(32,24),(15,27):0.000000
(32,24),(19,27):0.000000
(32,24),(19,28):0.000000
(32,24),(12,28):0.000000
(32,24),(12,31):0.000000
(32,24),(11,31):0.000000
(32,24),(11,32):0.000000
(32,24),(18,32):0.000000
(32,24),(18,34):0.000000
(32,24),(13,34):0.000000
(32,24),(13,33):0.000000
(32,24),(9,33):0.000000
(32,24),(9,29):0.000000
(32,24),(6,29):0.000000
(32,24),(6,25):0.000000
(32,24),(8,25):0.000000
(32,24),(8,21):0.000000
(32,24),(5,21):0.000000
(32,24),(5,20):0.000000
(32,24),(4,20):0.000000
(32,24),(4,18):0.000000
(32,24),(1,18):0.000000
(32,24),(1,6):0.000000
(32,24),(2,6):0.000000
(32,24),(2,2):0.000000
(32,24),(7,2):0.000000
(32,24),(7,1):0.000000
(32,24),(17,1):0.000000
(32,24),(17,5):0.000000
(32,24),(16,5):0.000000
(32,24),(16,12):0.000000
(32,24),(3,12):0.000000
(32,24),(3,14):1.023094
(32,24),(21,14):0.000000
(32,24),(21,15):1.562500
(32,24),(25,15):20.562500
(32,24),(25,17):45.562500
(32,24),(29,17):43.000000
(32,24),(29,11):4.083333
(32,24),(26,11):0.000000
(32,24),(26,3):0.000000
(32,24),(28,3):0.000000
(32,24),(28,4):0.000000
(32,24),(27,4):0.000000
(32,24),(27,8):0.000000
(32,24),(33,8):2.513065
(32,24),(33,10):0.000000
(32,24),(34,10):0.000000
(32,24),(34,7):0.000000
(32,24),(36,7):0.000000
(32,24),(36,9):0.000000
(30,24),(30,30):114.058273
(30,24),(24,30):118.392860
(30,24),(24,36):27.896429
(30,24),(20,36):0.000000
(30,24),(20,35):0.000000
(30,24),(22,35):63.027061
(30,24),(22,19):95.777779
(30,24),(23,19):114.988098
(30,24),(23,16):93.071426
(30,24),(10,16):1.366071
(30,24),(10,22):0.000000
(30,24),(14,22):0.000000
(30,24),(14,26):0.000000
(30,24),(15,26):0.000000
(30,24),(15,27):0.000000
(30,24),(19,27):0.000000
(30,24),(19,28):0.000000
(30,24),(12,28):0.000000
(30,24),(12,31):0.000000
(30,24),(11,31):0.000000
(30,24),(11,32):0.000000
(30,24),(18,32):0.000000
(30,24),(18,34):0.000000
(30,24),(13,34):0.000000
(30,24),(13,33):0.000000
(30,24),(9,33):0.000000
(30,24),(9,29):0.000000
(30,24),(6,29):0.000000
(30,24),(6,25):0.000000
(30,24),(8,25):0.000000
(30,24),(8,21):0.000000
(30,24),(5,21):0.000000
(30,24),(5,20):0.000000
(30,24),(4,20):0.000000
(30,24),(4,18):0.000000
(30,24),(1,18):0.000000
(30,24),(1,6):0.000000
(30,24),(2,6):0.000000
(30,24),(2,2):0.000000
(30,24),(7,2):0.000000
(30,24),(7,1):0.000000
(30,24),(17,1):0.000000
(30,24),(17,5):0.000000
(30,24),(16,5):0.000000
(30,24),(16,12):0.000000
(30,24),(3,12):0.000000
(30,24),(3,14):1.300772
(30,24),(21,14):0.000000
(30,24),(21,15):2.008929
(30,24),(25,15):41.008930
(30,24),(25,17):114.008926
(30,24),(29,17):130.136368
(30,24),(29,11):39.565849
(30,24),(26,11):7.300699
(30,24),(26,3):0.000000
(30,24),(28,3):0.000000
(30,24),(28,4):0.000000
(30,24),(27,4):0.000000
(30,24),(27,8):10.482517
(30,24),(33,8):25.782518
(30,24),(33,10):14.482517
(30,24),(34,10):8.447553
(30,24),(34,7):0.000000
(30,24),(36,7):0.000000
(30,24),(36,9):0.000000
(30,30),(24,30):106.566483
(30,30),(24,36):26.025000
(30,30),(20,36):0.000000
(30,30),(20,35):0.000000
(30,30),(22,35):61.016483
(30,30),(22,19):88.000000
(30,30),(23,19):105.397438
(30,30),(23,16):88.230766
(30,30),(10,16):1.673077
(30,30),(10,22):0.000000
(30,30),(14,22):0.000000
(30,30),(14,26):0.000000
(30,30),(15,26):0.000000
(30,30),(15,27):0.000000
(30,30),(19,27):0.000000
(30,30),(19,28):0.000000
(30,30),(12,28):0.000000
(30,30),(12,31):0.000000
(30,30),(11,31):0.000000
(30,30),(11,32):0.000000
(30,30),(18,32):0.000000
(30,30),(18,34):0.000000
(30,30),(13,34):0.000000
(30,30),(13,33):0.000000
(30,30),(9,33):0.000000
(30,30),(9,29):0.000000
(30,30),(6,29):0.000000
(30,30),(6,25):0.000000
(30,30),(8,25):0.000000
(30,30),(8,21):0.000000
(30,30),(5,21):0.000000
(30,30),(5,20):0.000000
(30,30),(4,20):0.000000
(30,30),(4,18):0.000000
(30,30),(1,18):0.000000
(30,30),(1,6):0.000000
(30,30),(2,6):0.000000
(30,30),(2,2):0.000000
(30,30),(7,2):0.000000
(30,30),(7,1):0.000000
(30,30),(17,1):0.000000
(30,30),(17,5):0.000000
(30,30),(16,5):0.000000
(30,30),(16,12):0.000000
(30,30),(3,12):0.000000
(30,30),(3,14):1.576784
(30,30),(21,14):0.000000
(30,30),(21,15):2.480769
(30,30),(25,15):39.480770
(30,30),(25,17):104.980766
(30,30),(29,17):110.833336
(30,30),(29,11):22.236841
(30,30),(26,11):3.236842
(30,30),(26,3):0.000000
(30,30),(28,3):0.000000
(30,30),(28,4):0.000000
(30,30),(27,4):0.000000
(30,30),(27,8):3.986842
(30,30),(33,8):17.742397
(30,30),(33,10):7.486842
(30,30),(34,10):4.526316
(30,30),(34,7):0.000000
(30,30),(36,7):0.000000
(30,30),(36,9):0.000000
(24,30),(24,36):38.224998
(24,30),(20,36):3.200000
(24,30),(20,35):2.200000
(24,30),(22,35):75.750000
(24,30),(22,19):104.500000
(24,30),(23,19):125.197914
(24,30),(23,16):98.535713
(24,30),(10,16):2.035714
(24,30),(10,22):0.000000
(24,30),(14,22):0.000000
(24,30),(14,26):0.000000
(24,30),(15,26):0.000000
(24,30),(15,27):0.000000
(24,30),(19,27):0.000000
(24,30),(19,28):0.000000
(24,30),(12,28):0.000000
(24,30),(12,31):0.000000
(24,30),(11,31):0.000000
(24,30),(11,32):0.000000
(24,30),(18,32):0.000000
(24,30),(18,34):0.000000
(24,30),(13,34):0.000000
(24,30),(13,33):0.000000
(24,30),(9,33):0.000000
(24,30),(9,29):0.000000
(24,30),(6,29):0.000000
(24,30),(6,25):0.000000
(24,30),(8,25):0.000000
(24,30),(8,21):0.000000
(24,30),(5,21):0.000000
(24,30),(5,20):0.000000
(24,30),(4,20):0.000000
(24,30),(4,18):0.000000
(24,30),(1,18):0.000000
(24,30),(1,6):0.000000
(24,30),(2,6):0.000000
(24,30),(2,2):0.000000
(24,30),(7,2):0.000000
(24,30),(7,1):0.000000
(24,30),(17,1):0.000000
(24,30),(17,5):0.000000
(24,30),(16,5):0.000000
(24,30),(16,12):0.000000
(24,30),(3,12):0.000000
(24,30),(3,14):1.894998
(24,30),(21,14):0.000000
(24,30),(21,15):3.035714
(24,30),(25,15):50.910713
(24,30),(25,17):122.734436
(24,30),(29,17):121.170631
(24,30),(29,11):27.065933
(24,30),(26,11):1.665482
(24,30),(26,3):0.000000
(24,30),(28,3):0.000000
(24,30),(28,4):0.000000
(24,30),(27,4):0.000000
(24,30),(27,8):2.956178
(24,30),(33,8):16.529823
(24,30),(33,10):3.020479
(24,30),(34,10):1.679864
(24,30),(34,7):0.000000
(24,30),(36,7):0.000000
(24,30),(36,9):0.000000
(24,36),(20,36):5.000000
(24,36),(20,35):4.000000
(24,36),(22,35):39.500000
(24,36),(22,19):34.000000
(24,36),(23,19):38.031250
(24,36),(23,16):21.025000
(24,36),(10,16):1.025000
(24,36),(10,22):0.000000
(24,36),(14,22):0.000000
(24,36),(14,26):0.000000
(24,36),(15,26):0.000000
(24,36),(15,27):0.000000
(24,36),(19,27):0.000000
(24,36),(19,28):0.000000
(24,36),(12,28):0.000000
(24,36),(12,31):0.000000
(24,36),(11,31):0.000000
(24,36),(11,32):0.000000
(24,36),(18,32):0.000000
(24,36),(18,34):0.000000
(24,36),(13,34):0.000000
(24,36),(13,33):0.000000
(24,36),(9,33):0.000000
(24,36),(9,29):0.000000
(24,36),(6,29):0.000000
(24,36),(6,25):0.000000
(24,36),(8,25):0.000000
(24,36),(8,21):0.000000
(24,36),(5,21):0.000000
(24,36),(5,20):0.000000
(24,36),(4,20):0.000000
(24,36),(4,18):0.000000
(24,36),(1,18):0.000000
(24,36),(1,6):0.000000
(24,36),(2,6):0.000000
(24,36),(2,2):0.000000
(24,36),(7,2):0.000000
(24,36),(7,1):0.000000
(24,36),(17,1):0.000000
(24,36),(17,5):0.000000
(24,36),(16,5):0.000000
(24,36),(16,12):0.000000
(24,36),(3,12):0.000000
(24,36),(3,14):0.930919
(24,36),(21,14):0.000000
(24,36),(21,15):1.275000
(24,36),(25,15):35.900002
(24,36),(25,17):36.223717
(24,36),(29,17):29.104700
(24,36),(29,11):0.000000
(24,36),(26,11):0.000000
(24,36),(26,3):0.000000
(24,36),(28,3):0.000000
(24,36),(28,4):0.000000
(24,36),(27,4):0.000000
(24,36),(27,8):0.000000
(24,36),(33,8):3.888889
(24,36),(33,10):0.000000
(24,36),(34,10):0.000000
(24,36),(34,7):0.000000
(24,36),(36,7):0.000000
(24,36),(36,9):0.000000
(20,36),(20,35):4.000000
(20,36),(22,35):5.000000
(20,36),(22,19):3.000000
(20,36),(23,19):3.031250
(20,36),(23,16):1.750000
(20,36),(10,16):0.000000
(20,36),(10,22):0.000000
(20,36),(14,22):0.000000
(20,36),(14,26):0.000000
(20,36),(15,26):0.000000
(20,36),(15,27):0.000000
(20,36),(19,27):0.000000
(20,36),(19,28):0.000000
(20,36),(12,28):0.000000
(20,36),(12,31):0.000000
(20,36),(11,31):0.000000
(20,36),(11,32):0.000000
(20,36),(18,32):0.000000
(20,36),(18,34):0.000000
(20,36),(13,34):0.000000
(20,36),(13,33):0.000000
(20,36),(9,33):0.000000
(20,36),(9,29):0.000000
(20,36),(6,29):0.000000
(20,36),(6,25):0.000000
(20,36),(8,25):0.000000
(20,36),(8,21):0.000000
(20,36),(5,21):0.000000
(20,36),(5,20):0.000000
(20,36),(4,20):0.000000
(20,36),(4,18):0.000000
(20,36),(1,18):0.000000
(20,36),(1,6):0.000000
(20,36),(2,6):0.000000
(20,36),(2,2):0.000000
(20,36),(7,2):0.000000
(20,36),(7,1):0.000000
(20,36),(17,1):0.000000
(20,36),(17,5):0.000000
(20,36),(16,5):0.000000
(20,36),(16,12):0.000000
(20,36),(3,12):0.000000
(20,36),(3,14):0.000000
(20,36),(21,14):0.000000
(20,36),(21,15):0.000000
(20,36),(25,15):2.426724
(20,36),(25,17):2.338718
(20,36),(29,17):0.080891
(20,36),(29,11):0.000000
(20,36),(26,11):0.000000
(20,36),(26,3):0.000000
(20,36),(28,3):0.000000
(20,36),(28,4):0.000000
(20,36),(27,4):0.000000
(20,36),(27,8):0.000000
(20,36),(33,8):0.000000
(20,36),(33,10):0.000000
(20,36),(34,10):0.000000
(20,36),(34,7):0.000000
(20,36),(36,7):0.000000
(20,36),(36,9):0.000000
(20,35),(22,35):4.000000
(20,35),(22,19):2.000000
(20,35),(23,19):2.031250
(20,35),(23,16):1.000000
(20,35),(10,16):0.000000
(20,35),(10,22):0.000000
(20,35),(14,22):0.000000
(20,35),(14,26):0.000000
(20,35),(15,26):0.000000
(20,35),(15,27):0.000000
(20,35),(19,27):0.000000
(20,35),(19,28):0.000000
(20,35),(12,28):0.000000
(20,35),(12,31):0.000000
(20,35),(11,31):0.000000
(20,35),(11,32):0.000000
(20,35),(18,32):0.000000
(20,35),(18,34):0.000000
(20,35),(13,34):0.000000
(20,35),(13,33):0.000000
(20,35),(9,33):0.000000
(20,35),(9,29):0.000000
(20,35),(6,29):0.000000
(20,35),(6,25):0.000000
(20,35),(8,25):0.000000
(20,35),(8,21):0.000000
(20,35),(5,21):0.000000
(20,35),(5,20):0.000000
(20,35),(4,20):0.000000
(20,35),(4,18):0.000000
(20,35),(1,18):0.000000
(20,35),(1,6):0.000000
(20,35),(2,6):0.000000
(20,35),(2,2):0.000000
(20,35),(7,2):0.000000
(20,35),(7,1):0.000000
(20,35),(17,1):0.000000
(20,35),(17,5):0.000000
(20,35),(16,5):0.000000
(20,35),(16,12):0.000000
(20,35),(3,12):0.000000
(20,35),(3,14):0.000000
(20,35),(21,14):0.000000
(20,35),(21,15):0.000000
(20,35),(25,15):1.708333
(20,35),(25,17):1.660256
(20,35),(29,17):0.079060
(20,35),(29,11):0.000000
(20,35),(26,11):0.000000
(20,35),(26,3):0.000000
(20,35),(28,3):0.000000
(20,35),(28,4):0.000000
(20,35),(27,4):0.000000
(20,35),(27,8):0.000000
(20,35),(33,8):0.000000
(20,35),(33,10):0.000000
(20,35),(34,10):0.000000
(20,35),(34,7):0.000000
(20,35),(36,7):0.000000
(20,35),(36,9):0.000000
(22,35),(22,19):58.200001
(22,35),(23,19):73.338943
(22,35),(23,16):52.625000
(22,35),(10,16):1.781250
(22,35),(10,22):0.000000
(22,35),(14,22):0.000000
(22,35),(14,26):0.000000
(22,35),(15,26):0.000000
(22,35),(15,27):0.000000
(22,35),(19,27):0.000000
(22,35),(19,28):0.000000
(22,35),(12,28):0.000000
(22,35),(12,31):0.000000
(22,35),(11,31):0.000000
(22,35),(11,32):0.000000
(22,35),(18,32):0.000000
(22,35),(18,34):0.000000
(22,35),(13,34):0.000000
(22,35),(13,33):0.000000
(22,35),(9,33):0.000000
(22,35),(9,29):0.000000
(22,35),(6,29):0.000000
(22,35),(6,25):0.000000
(22,35),(8,25):0.000000
(22,35),(8,21):0.000000
(22,35),(5,21):0.000000
(22,35),(5,20):0.000000
(22,35),(4,20):0.000000
(22,35),(4,18):0.000000
(22,35),(1,18):0.000000
(22,35),(1,6):0.000000
(22,35),(2,6):0.000000
(22,35),(2,2):0.000000
(22,35),(7,2):0.000000
(22,35),(7,1):0.000000
(22,35),(17,1):0.000000
(22,35),(17,5):0.000000
(22,35),(16,5):0.000000
(22,35),(16,12):0.000000
(22,35),(3,12):0.000000
(22,35),(3,14):1.675197
(22,35),(21,14):0.000000
(22,35),(21,15):2.772727
(22,35),(25,15):49.125000
(22,35),(25,17):71.498718
(22,35),(29,17):65.029701
(22,35),(29,11):2.300000
(22,35),(26,11):0.850000
(22,35),(26,3):0.000000
(22,35),(28,3):0.000000
(22,35),(28,4):0.000000
(22,35),(27,4):0.000000
(22,35),(27,8):1.439803
(22,35),(33,8):11.813889
(22,35),(33,10):1.641667
(22,35),(34,10):0.911616
(22,35),(34,7):0.000000
(22,35),(36,7):0.000000
(22,35),(36,9):0.000000
(22,19),(23,19):105.750000
(22,19),(23,16):87.562500
(22,19),(10,16):0.000000
(22,19),(10,22):0.000000
(22,19),(14,22):0.000000
(22,19),(14,26):0.000000
(22,19),(15,26):0.000000
(22,19),(15,27):0.000000
(22,19),(19,27):0.000000
(22,19),(19,28):0.000000
(22,19),(12,28):0.000000
(22,19),(12,31):0.000000
(22,19),(11,31):0.000000
(22,19),(11,32):0.000000
(22,19),(18,32):0.000000
(22,19),(18,34):0.000000
(22,19),(13,34):0.000000
(22,19),(13,33):0.000000
(22,19),(9,33):0.000000
(22,19),(9,29):0.000000
(22,19),(6,29):0.000000
(22,19),(6,25):0.000000
(22,19),(8,25):0.000000
(22,19),(8,21):0.000000
(22,19),(5,21):0.000000
(22,19),(5,20):0.000000
(22,19),(4,20):0.000000
(22,19),(4,18):0.000000
(22,19),(1,18):0.000000
(22,19),(1,6):0.000000
(22,19),(2,6):0.000000
(22,19),(2,2):0.000000
(22,19),(7,2):0.000000
(22,19),(7,1):0.000000
(22,19),(17,1):0.000000
(22,19),(17,5):0.000000
(22,19),(16,5):0.000000
(22,19),(16,12):0.000000
(22,19),(3,12):0.000000
(22,19),(3,14):0.000000
(22,19),(21,14):0.000000
(22,19),(21,15):0.000000
(22,19),(25,15):42.799999
(22,19),(25,17):103.615387
(22,19),(29,17):98.199997
(22,19),(29,11):16.083334
(22,19),(26,11):0.000000
(22,19),(26,3):0.000000
(22,19),(28,3):0.000000
(22,19),(28,4):0.000000
(22,19),(27,4):0.000000
(22,19),(27,8):0.000000
(22,19),(33,8):11.275000
(22,19),(33,10):0.000000
(22,19),(34,10):0.000000
(22,19),(34,7):0.000000
(22,19),(36,7):0.000000
(22,19),(36,9):0.000000
(23,19),(23,16):99.562500
(23,19),(10,16):2.000000
(23,19),(10,22):0.000000
(23,19),(14,22):0.000000
(23,19),(14,26):0.000000
(23,19),(15,26):0.000000
(23,19),(15,27):0.000000
(23,19),(19,27):0.000000
(23,19),(19,28):0.000000
(23,19),(12,28):0.000000
(23,19),(12,31):0.000000
(23,19),(11,31):0.000000
(23,19),(11,32):0.000000
(23,19),(18,32):0.000000
(23,19),(18,34):0.000000
(23,19),(13,34):0.000000
(23,19),(13,33):0.000000
(23,19),(9,33):0.000000
(23,19),(9,29):0.000000
(23,19),(6,29):0.000000
(23,19),(6,25):0.000000
(23,19),(8,25):0.000000
(23,19),(8,21):0.000000
(23,19),(5,21):0.000000
(23,19),(5,20):0.000000
(23,19),(4,20):0.000000
(23,19),(4,18):0.000000
(23,19),(1,18):0.000000
(23,19),(1,6):0.000000
(23,19),(2,6):0.000000
(23,19),(2,2):0.000000
(23,19),(7,2):0.000000
(23,19),(7,1):0.000000
(23,19),(17,1):0.000000
(23,19),(17,5):0.000000
(23,19),(16,5):0.000000
(23,19),(16,12):0.000000
(23,19),(3,12):0.000000
(23,19),(3,14):1.866667
(23,19),(21,14):0.000000
(23,19),(21,15):3.000000
(23,19),(25,15):50.831249
(23,19),(25,17):123.646637
(23,19),(29,17):114.868156
(23,19),(29,11):20.750000
(23,19),(26,11):0.000000
(23,19),(26,3):0.000000
(23,19),(28,3):0.000000
(23,19),(28,4):0.000000
(23,19),(27,4):0.000000
(23,19),(27,8):0.000000
(23,19),(33,8):12.194658
(23,19),(33,10):0.000000
(23,19),(34,10):0.000000
(23,19),(34,7):0.000000
(23,19),(36,7):0.000000
(23,19),(36,9):0.000000
(23,16),(10,16):43.200001
(23,16),(10,22):18.200001
(23,16),(14,22):0.000000
(23,16),(14,26):3.727778
(23,16),(15,26):0.000000
(23,16),(15,27):3.561111
(23,16),(19,27):0.000000
(23,16),(19,28):0.000000
(23,16),(12,28):6.190476
(23,16),(12,31):5.688889
(23,16),(11,31):6.044445
(23,16),(11,32):5.872727
(23,16),(18,32):0.000000
(23,16),(18,34):0.000000
(23,16),(13,34):0.000000
(23,16),(13,33):0.000000
(23,16),(9,33):2.117647
(23,16),(9,29):5.653846
(23,16),(6,29):0.000000
(23,16),(6,25):0.000000
(23,16),(8,25):4.444445
(23,16),(8,21):18.958334
(23,16),(5,21):12.000000
(23,16),(5,20):17.552631
(23,16),(4,20):15.000000
(23,16),(4,18):24.200001
(23,16),(1,18):27.200001
(23,16),(1,6):4.700000
(23,16),(2,6):4.450000
(23,16),(2,2):2.216667
(23,16),(7,2):1.769231
(23,16),(7,1):0.000000
(23,16),(17,1):0.000000
(23,16),(17,5):0.000000
(23,16),(16,5):0.000000
(23,16),(16,12):0.000000
(23,16),(3,12):4.200000
(23,16),(3,14):42.955555
(23,16),(21,14):39.000000
(23,16),(21,15):44.111111
(23,16),(25,15):56.799999
(23,16),(25,17):99.115387
(23,16),(29,17):90.466667
(23,16),(29,11):15.083333
(23,16),(26,11):0.000000
(23,16),(26,3):0.000000
(23,16),(28,3):0.000000
(23,16),(28,4):0.000000
(23,16),(27,4):0.000000
(23,16),(27,8):0.000000
(23,16),(33,8):9.361616
(23,16),(33,10):0.000000
(23,16),(34,10):0.000000
(23,16),(34,7):0.000000
(23,16),(36,7):0.000000
(23,16),(36,9):0.000000
(10,16),(10,22):69.349205
(10,16),(14,22):19.777779
(10,16),(14,26):30.232540
(10,16),(15,26):8.333333
(10,16),(15,27):27.982540
(10,16),(19,27):3.876399
(10,16),(19,28):5.993421
(10,16),(12,28):39.111111
(10,16),(12,31):35.430824
(10,16),(11,31):38.112625
(10,16),(11,32):37.252651
(10,16),(18,32):1.000000
(10,16),(18,34):0.728571
(10,16),(13,34):0.000000
(10,16),(13,33):1.750000
(10,16),(9,33):19.117647
(10,16),(9,29):38.994125
(10,16),(6,29):13.777778
(10,16),(6,25):10.444445
(10,16),(8,25):34.222221
(10,16),(8,21):69.829765
(10,16),(5,21):37.000000
(10,16),(5,20):48.333332
(10,16),(4,20):39.000000
(10,16),(4,18):60.821430
(10,16),(1,18):45.571430
(10,16),(1,6):10.571428
(10,16),(2,6):9.571428
(10,16),(2,2):4.809524
(10,16),(7,2):2.289377
(10,16),(7,1):0.000000
(10,16),(17,1):0.009524
(10,16),(17,5):0.000000
(10,16),(16,5):0.000000
(10,16),(16,12):0.000000
(10,16),(3,12):8.571428
(10,16),(3,14):81.260315
(10,16),(21,14):47.363636
(10,16),(21,15):47.792931
(10,16),(25,15):26.700001
(10,16),(25,17):3.000000
(10,16),(29,17):0.000000
(10,16),(29,11):0.000000
(10,16),(26,11):0.000000
(10,16),(26,3):0.000000
(10,16),(28,3):0.000000
(10,16),(28,4):0.000000
(10,16),(27,4):0.000000
(10,16),(27,8):0.000000
(10,16),(33,8):0.000000
(10,16),(33,10):0.000000
(10,16),(34,10):0.000000
(10,16),(34,7):0.000000
(10,16),(36,7):0.000000
(10,16),(36,9):0.000000
(10,22),(14,22):52.833332
(10,22),(14,26):61.583332
(10,22),(15,26):22.166666
(10,22),(15,27):50.000000
(10,22),(19,27):11.738095
(10,22),(19,28):16.607143
(10,22),(12,28):75.666664
(10,22),(12,31):54.919659
(10,22),(11,31):65.094444
(10,22),(11,32):48.823486
(10,22),(18,32):2.050000
(10,22),(18,34):1.389796
(10,22),(13,34):0.000000
(10,22),(13,33):3.050000
(10,22),(9,33):47.216667
(10,22),(9,29):74.112503
(10,22),(6,29):43.857143
(10,22),(6,25):33.666668
(10,22),(8,25):71.050003
(10,22),(8,21):97.960716
(10,22),(5,21):32.750000
(10,22),(5,20):43.952381
(10,22),(4,20):35.000000
(10,22),(4,18):53.452381
(10,22),(1,18):35.285713
(10,22),(1,6):9.285714
(10,22),(2,6):8.376623
(10,22),(2,2):4.061625
(10,22),(7,2):3.676839
(10,22),(7,1):0.000000
(10,22),(17,1):0.894180
(10,22),(17,5):0.000000
(10,22),(16,5):0.552180
(10,22),(16,12):0.035714
(10,22),(3,12):7.619048
(10,22),(3,14):61.392857
(10,22),(21,14):23.785715
(10,22),(21,15):21.351110
(10,22),(25,15):11.454545
(10,22),(25,17):0.000000
(10,22),(29,17):0.000000
(10,22),(29,11):0.000000
(10,22),(26,11):0.000000
(10,22),(26,3):0.000000
(10,22),(28,3):0.000000
(10,22),(28,4):0.000000
(10,22),(27,4):0.000000
(10,22),(27,8):0.000000
(10,22),(33,8):0.000000
(10,22),(33,10):0.000000
(10,22),(34,10):0.000000
(10,22),(34,7):0.000000
(10,22),(36,7):0.000000
(10,22),(36,9):0.000000
(14,22),(14,26):48.500000
(14,22),(15,26):22.000000
(14,22),(15,27):37.500000
(14,22),(19,27):10.571428
(14,22),(19,28):16.958334
(14,22),(12,28):54.833332
(14,22),(12,31):36.500000
(14,22),(11,31):44.333332
(14,22),(11,32):29.145834
(14,22),(18,32):1.500000
(14,22),(18,34):1.123603
(14,22),(13,34):0.000000
(14,22),(13,33):2.476191
(14,22),(9,33):37.500000
(14,22),(9,29):54.166668
(14,22),(6,29):44.250000
(14,22),(6,25):32.115383
(14,22),(8,25):52.833332
(14,22),(8,21):42.833332
(14,22),(5,21):0.000000
(14,22),(5,20):0.000000
(14,22),(4,20):0.000000
(14,22),(4,18):2.833333
(14,22),(1,18):0.000000
(14,22),(1,6):0.000000
(14,22),(2,6):0.000000
(14,22),(2,2):0.000000
(14,22),(7,2):0.000000
(14,22),(7,1):0.000000
(14,22),(17,1):0.000000
(14,22),(17,5):0.000000
(14,22),(16,5):0.000000
(14,22),(16,12):0.000000
(14,22),(3,12):0.000000
(14,22),(3,14):9.714286
(14,22),(21,14):0.000000
(14,22),(21,15):0.000000
(14,22),(25,15):0.000000
(14,22),(25,17):0.000000
(14,22),(29,17):0.000000
(14,22),(29,11):0.000000
(14,22),(26,11):0.000000
(14,22),(26,3):0.000000
(14,22),(28,3):0.000000
(14,22),(28,4):0.000000
(14,22),(27,4):0.000000
(14,22),(27,8):0.000000
(14,22),(33,8):0.000000
(14,22),(33,10):0.000000
(14,22),(34,10):0.000000
(14,22),(34,7):0.000000
(14,22),(36,7):0.000000
(14,22),(36,9):0.000000
(14,26),(15,26):24.000000
(14,26),(15,27):53.500000
(14,26),(19,27):12.071428
(14,26),(19,28):19.500000
(14,26),(12,28):54.666668
(14,26),(12,31):36.833332
(14,26),(11,31):41.214287
(14,26),(11,32):26.520834
(14,26),(18,32):0.000000
(14,26),(18,34):0.000000
(14,26),(13,34):0.000000
(14,26),(13,33):0.000000
(14,26),(9,33):31.666666
(14,26),(9,29):52.071430
(14,26),(6,29):46.690475
(14,26),(6,25):33.080357
(14,26),(8,25):53.516666
(14,26),(8,21):52.444443
(14,26),(5,21):4.250000
(14,26),(5,20):8.035714
(14,26),(4,20):4.733333
(14,26),(4,18):15.250000
(14,26),(1,18):7.683333
(14,26),(1,6):5.100877
(14,26),(2,6):4.488649
(14,26),(2,2):2.230665
(14,26),(7,2):1.781548
(14,26),(7,1):0.000000
(14,26),(17,1):0.091429
(14,26),(17,5):0.000000
(14,26),(16,5):0.001923
(14,26),(16,12):0.000000
(14,26),(3,12):4.000000
(14,26),(3,14):23.333334
(14,26),(21,14):5.590222
(14,26),(21,15):4.787983
(14,26),(25,15):2.933642
(14,26),(25,17):0.000000
(14,26),(29,17):0.000000
(14,26),(29,11):0.000000
(14,26),(26,11):0.000000
(14,26),(26,3):0.000000
(14,26),(28,3):0.000000
(14,26),(28,4):0.000000
(14,26),(27,4):0.000000
(14,26),(27,8):0.000000
(14,26),(33,8):0.000000
(14,26),(33,10):0.000000
(14,26),(34,10):0.000000
(14,26),(34,7):0.000000
(14,26),(36,7):0.000000
(14,26),(36,9):0.000000
(15,26),(15,27):22.500000
(15,26),(19,27):11.571428
(15,26),(19,28):16.000000
(15,26),(12,28):24.000000
(15,26),(12,31):15.000000
(15,26),(11,31):14.166667
(15,26),(11,32):9.666667
(15,26),(18,32):0.000000
(15,26),(18,34):0.000000
(15,26),(13,34):0.000000
(15,26),(13,33):0.000000
(15,26),(9,33):10.200000
(15,26),(9,29):22.500000
(15,26),(6,29):22.500000
(15,26),(6,25):23.687500
(15,26),(8,25):23.809525
(15,26),(8,21):17.525640
(15,26),(5,21):0.000000
(15,26),(5,20):0.000000
(15,26),(4,20):0.000000
(15,26),(4,18):0.000000
(15,26),(1,18):0.000000
(15,26),(1,6):0.000000
(15,26),(2,6):0.000000
(15,26),(2,2):0.000000
(15,26),(7,2):0.000000
(15,26),(7,1):0.000000
(15,26),(17,1):0.000000
(15,26),(17,5):0.000000
(15,26),(16,5):0.000000
(15,26),(16,12):0.000000
(15,26),(3,12):0.000000
(15,26),(3,14):4.142857
(15,26),(21,14):0.000000
(15,26),(21,15):0.000000
(15,26),(25,15):0.000000
(15,26),(25,17):0.000000
(15,26),(29,17):0.000000
(15,26),(29,11):0.000000
(15,26),(26,11):0.000000
(15,26),(26,3):0.000000
(15,26),(28,3):0.000000
(15,26),(28,4):0.000000
(15,26),(27,4):0.000000
(15,26),(27,8):0.000000
(15,26),(33,8):0.000000
(15,26),(33,10):0.000000
(15,26),(34,10):0.000000
(15,26),(34,7):0.000000
(15,26),(36,7):0.000000
(15,26),(36,9):0.000000
(15,27),(19,27):15.571428
(15,27),(19,28):23.000000
(15,27),(12,28):47.166668
(15,27),(12,31):31.833334
(15,27),(11,31):32.214287
(15,27),(11,32):23.354166
(15,27),(18,32):0.000000
(15,27),(18,34):0.000000
(15,27),(13,34):0.000000
(15,27),(13,33):0.000000
(15,27),(9,33):21.000000
(15,27),(9,29):41.071430
(15,27),(6,29):38.333332
(15,27),(6,25):32.159721
(15,27),(8,25):44.166668
(15,27),(8,21):45.166668
(15,27),(5,21):4.142857
(15,27),(5,20):7.812500
(15,27),(4,20):4.559524
(15,27),(4,18):12.500000
(15,27),(1,18):7.250000
(15,27),(1,6):4.719697
(15,27),(2,6):4.158571
(15,27),(2,2):2.070846
(15,27),(7,2):1.689970
(15,27),(7,1):0.000000
(15,27),(17,1):0.091429
(15,27),(17,5):0.000000
(15,27),(16,5):0.001923
(15,27),(16,12):0.000000
(15,27),(3,12):3.714286
(15,27),(3,14):22.750000
(15,27),(21,14):5.249519
(15,27),(21,15):4.520055
(15,27),(25,15):2.689433
(15,27),(25,17):0.000000
(15,27),(29,17):0.000000
(15,27),(29,11):0.000000
(15,27),(26,11):0.000000
(15,27),(26,3):0.000000
(15,27),(28,3):0.000000
(15,27),(28,4):0.000000
(15,27),(27,4):0.000000
(15,27),(27,8):0.000000
(15,27),(33,8):0.000000
(15,27),(33,10):0.000000
(15,27),(34,10):0.000000
(15,27),(34,7):0.000000
(15,27),(36,7):0.000000
(15,27),(36,9):0.000000
(19,27),(19,28):13.000000
(19,27),(12,28):15.571428
(19,27),(12,31):6.441176
(19,27),(11,31):5.666667
(19,27),(11,32):3.805383
(19,27),(18,32):0.000000
(19,27),(18,34):0.000000
(19,27),(13,34):0.000000
(19,27),(13,33):0.000000
(19,27),(9,33):3.942857
(19,27),(9,29):10.071428
(19,27),(6,29):11.571428
(19,27),(6,25):13.793651
(19,27),(8,25):13.321428
(19,27),(8,21):8.726191
(19,27),(5,21):0.000000
(19,27),(5,20):0.000000
(19,27),(4,20):0.000000
(19,27),(4,18):0.000000
(19,27),(1,18):0.000000
(19,27),(1,6):0.000000
(19,27),(2,6):0.000000
(19,27),(2,2):0.000000
(19,27),(7,2):0.000000
(19,27),(7,1):0.000000
(19,27),(17,1):0.000000
(19,27),(17,5):0.000000
(19,27),(16,5):0.000000
(19,27),(16,12):0.000000
(19,27),(3,12):0.000000
(19,27),(3,14):2.169643
(19,27),(21,14):0.000000
(19,27),(21,15):0.000000
(19,27),(25,15):0.000000
(19,27),(25,17):0.000000
(19,27),(29,17):0.000000
(19,27),(29,11):0.000000
(19,27),(26,11):0.000000
(19,27),(26,3):0.000000
(19,27),(28,3):0.000000
(19,27),(28,4):0.000000
(19,27),(27,4):0.000000
(19,27),(27,8):0.000000
(19,27),(33,8):0.000000
(19,27),(33,10):0.000000
(19,27),(34,10):0.000000
(19,27),(34,7):0.000000
(19,27),(36,7):0.000000
(19,27),(36,9):0.000000
(19,28),(12,28):23.000000
(19,28),(12,31):14.125000
(19,28),(11,31):13.346154
(19,28),(11,32):9.000000
(19,28),(18,32):0.000000
(19,28),(18,34):0.000000
(19,28),(13,34):0.000000
(19,28),(13,33):0.000000
(19,28),(9,33):7.173913
(19,28),(9,29):17.500000
(19,28),(6,29):19.000000
(19,28),(6,25):21.222221
(19,28),(8,25):20.750000
(19,28),(8,21):13.708333
(19,28),(5,21):0.000000
(19,28),(5,20):0.000000
(19,28),(4,20):0.000000
(19,28),(4,18):0.000000
(19,28),(1,18):0.000000
(19,28),(1,6):0.000000
(19,28),(2,6):0.000000
(19,28),(2,2):0.000000
(19,28),(7,2):0.000000
(19,28),(7,1):0.000000
(19,28),(17,1):0.000000
(19,28),(17,5):0.000000
(19,28),(16,5):0.000000
(19,28),(16,12):0.000000
(19,28),(3,12):0.000000
(19,28),(3,14):3.228261
(19,28),(21,14):0.000000
(19,28),(21,15):0.000000
(19,28),(25,15):0.000000
(19,28),(25,17):0.000000
(19,28),(29,17):0.000000
(19,28),(29,11):0.000000
(19,28),(26,11):0.000000
(19,28),(26,3):0.000000
(19,28),(28,3):0.000000
(19,28),(28,4):0.000000
(19,28),(27,4):0.000000
(19,28),(27,8):0.000000
(19,28),(33,8):0.000000
(19,28),(33,10):0.000000
(19,28),(34,10):0.000000
(19,28),(34,7):0.000000
(19,28),(36,7):0.000000
(19,28),(36,9):0.000000
(12,28),(12,31):54.133335
(12,28),(11,31):59.516666
(12,28),(11,32):41.681820
(12,28),(18,32):1.500000
(12,28),(18,34):1.123603
(12,28),(13,34):0.000000
(12,28),(13,33):2.476191
(12,28),(9,33):40.000000
(12,28),(9,29):66.229164
(12,28),(6,29):47.900002
(12,28),(6,25):38.775108
(12,28),(8,25):65.000000
(12,28),(8,21):65.833336
(12,28),(5,21):16.625000
(12,28),(5,20):18.020834
(12,28),(4,20):15.714286
(12,28),(4,18):21.500000
(12,28),(1,18):11.428572
(12,28),(1,6):0.000000
(12,28),(2,6):0.000000
(12,28),(2,2):0.000000
(12,28),(7,2):0.000000
(12,28),(7,1):0.000000
(12,28),(17,1):0.000000
(12,28),(17,5):0.000000
(12,28),(16,5):0.000000
(12,28),(16,12):0.000000
(12,28),(3,12):0.000000
(12,28),(3,14):29.583334
(12,28),(21,14):7.790476
(12,28),(21,15):7.033406
(12,28),(25,15):3.603292
(12,28),(25,17):0.000000
(12,28),(29,17):0.000000
(12,28),(29,11):0.000000
(12,28),(26,11):0.000000
(12,28),(26,3):0.000000
(12,28),(28,3):0.000000
(12,28),(28,4):0.000000
(12,28),(27,4):0.000000
(12,28),(27,8):0.000000
(12,28),(33,8):0.000000
(12,28),(33,10):0.000000
(12,28),(34,10):0.000000
(12,28),(34,7):0.000000
(12,28),(36,7):0.000000
(12,28),(36,9):0.000000
(12,31),(11,31):53.738888
(12,31),(11,32):41.904041
(12,31),(18,32):0.000000
(12,31),(18,34):0.000000
(12,31),(13,34):0.000000
(12,31),(13,33):0.000000
(12,31),(9,33):28.750000
(12,31),(9,29):50.951389
(12,31),(6,29):30.923077
(12,31),(6,25):25.500000
(12,31),(8,25):47.388889
(12,31),(8,21):51.105556
(12,31),(5,21):16.799999
(12,31),(5,20):17.368889
(12,31),(4,20):14.933333
(12,31),(4,18):19.355556
(12,31),(1,18):10.666667
(12,31),(1,6):0.000000
(12,31),(2,6):0.000000
(12,31),(2,2):0.000000
(12,31),(7,2):0.000000
(12,31),(7,1):0.000000
(12,31),(17,1):0.000000
(12,31),(17,5):0.000000
(12,31),(16,5):0.000000
(12,31),(16,12):0.000000
(12,31),(3,12):0.000000
(12,31),(3,14):23.603174
(12,31),(21,14):6.889481
(12,31),(21,15):6.311435
(12,31),(25,15):3.216642
(12,31),(25,17):0.000000
(12,31),(29,17):0.000000
(12,31),(29,11):0.000000
(12,31),(26,11):0.000000
(12,31),(26,3):0.000000
(12,31),(28,3):0.000000
(12,31),(28,4):0.000000
(12,31),(27,4):0.000000
(12,31),(27,8):0.000000
(12,31),(33,8):0.000000
(12,31),(33,10):0.000000
(12,31),(34,10):0.000000
(12,31),(34,7):0.000000
(12,31),(36,7):0.000000
(12,31),(36,9):0.000000
(11,31),(11,32):49.459595
(11,31),(18,32):2.000000
(11,31),(18,34):1.371429
(11,31),(13,34):0.000000
(11,31),(13,33):3.000000
(11,31),(9,33):40.944443
(11,31),(9,29):63.006943
(11,31),(6,29):35.454544
(11,31),(6,25):25.666666
(11,31),(8,25):57.944443
(11,31),(8,21):58.865871
(11,31),(5,21):17.850000
(11,31),(5,20):18.467522
(11,31),(4,20):15.866667
(11,31),(4,18):21.297474
(11,31),(1,18):11.333333
(11,31),(1,6):0.000000
(11,31),(2,6):0.000000
(11,31),(2,2):0.000000
(11,31),(7,2):0.000000
(11,31),(7,1):0.000000
(11,31),(17,1):0.000000
(11,31),(17,5):0.000000
(11,31),(16,5):0.000000
(11,31),(16,12):0.000000
(11,31),(3,12):0.000000
(11,31),(3,14):26.151028
(11,31),(21,14):7.060875
(11,31),(21,15):6.566480
(11,31),(25,15):3.313399
(11,31),(25,17):0.000000
(11,31),(29,17):0.000000
(11,31),(29,11):0.000000
(11,31),(26,11):0.000000
(11,31),(26,3):0.000000
(11,31),(28,3):0.000000
(11,31),(28,4):0.000000
(11,31),(27,4):0.000000
(11,31),(27,8):0.000000
(11,31),(33,8):0.000000
(11,31),(33,10):0.000000
(11,31),(34,10):0.000000
(11,31),(34,7):0.000000
(11,31),(36,7):0.000000
(11,31),(36,9):0.000000
(11,32),(18,32):13.000000
(11,32),(18,34):11.971429
(11,32),(13,34):9.000000
(11,32),(13,33):14.000000
(11,32),(9,33):33.799999
(11,32),(9,29):46.529167
(11,32),(6,29):20.291666
(11,32),(6,25):16.000000
(11,32),(8,25):41.347618
(11,32),(8,21):46.618183
(11,32),(5,21):17.531818
(11,32),(5,20):18.154232
(11,32),(4,20):15.545455
(11,32),(4,18):19.523485
(11,32),(1,18):11.054545
(11,32),(1,6):0.000000
(11,32),(2,6):0.000000
(11,32),(2,2):0.000000
(11,32),(7,2):0.000000
(11,32),(7,1):0.000000
(11,32),(17,1):0.000000
(11,32),(17,5):0.000000
(11,32),(16,5):0.000000
(11,32),(16,12):0.000000
(11,32),(3,12):0.000000
(11,32),(3,14):22.210390
(11,32),(21,14):6.820541
(11,32),(21,15):6.358344
(11,32),(25,15):3.208480
(11,32),(25,17):0.000000
(11,32),(29,17):0.000000
(11,32),(29,11):0.000000
(11,32),(26,11):0.000000
(11,32),(26,3):0.000000
(11,32),(28,3):0.000000
(11,32),(28,4):0.000000
(11,32),(27,4):0.000000
(11,32),(27,8):0.000000
(11,32),(33,8):0.000000
(11,32),(33,10):0.000000
(11,32),(34,10):0.000000
(11,32),(34,7):0.000000
(11,32),(36,7):0.000000
(11,32),(36,9):0.000000
(18,32),(18,34):12.400000
(18,32),(13,34):10.000000
(18,32),(13,33):14.000000
(18,32),(9,33):9.000000
(18,32),(9,29):2.333333
(18,32),(6,29):0.000000
(18,32),(6,25):0.000000
(18,32),(8,25):1.339286
(18,32),(8,21):1.698864
(18,32),(5,21):0.000000
(18,32),(5,20):0.000000
(18,32),(4,20):0.000000
(18,32),(4,18):0.000000
(18,32),(1,18):0.000000
(18,32),(1,6):0.000000
(18,32),(2,6):0.000000
(18,32),(2,2):0.000000
(18,32),(7,2):0.000000
(18,32),(7,1):0.000000
(18,32),(17,1):0.000000
(18,32),(17,5):0.000000
(18,32),(16,5):0.000000
(18,32),(16,12):0.000000
(18,32),(3,12):0.000000
(18,32),(3,14):0.000000
(18,32),(21,14):0.000000
(18,32),(21,15):0.000000
(18,32),(25,15):0.000000
(18,32),(25,17):0.000000
(18,32),(29,17):0.000000
(18,32),(29,11):0.000000
(18,32),(26,11):0.000000
(18,32),(26,3):0.000000
(18,32),(28,3):0.000000
(18,32),(28,4):0.000000
(18,32),(27,4):0.000000
(18,32),(27,8):0.000000
(18,32),(33,8):0.000000
(18,32),(33,10):0.000000
(18,32),(34,10):0.000000
(18,32),(34,7):0.000000
(18,32),(36,7):0.000000
(18,32),(36,9):0.000000
(18,34),(13,34):10.000000
(18,34),(13,33):12.971429
(18,34),(9,33):7.971428
(18,34),(9,29):1.509890
(18,34),(6,29):0.000000
(18,34),(6,25):0.000000
(18,34),(8,25):0.902391
(18,34),(8,21):1.149217
(18,34),(5,21):0.000000
(18,34),(5,20):0.000000
(18,34),(4,20):0.000000
(18,34),(4,18):0.000000
(18,34),(1,18):0.000000
(18,34),(1,6):0.000000
(18,34),(2,6):0.000000
(18,34),(2,2):0.000000
(18,34),(7,2):0.000000
(18,34),(7,1):0.000000
(18,34),(17,1):0.000000
(18,34),(17,5):0.000000
(18,34),(16,5):0.000000
(18,34),(16,12):0.000000
(18,34),(3,12):0.000000
(18,34),(3,14):0.000000
(18,34),(21,14):0.000000
(18,34),(21,15):0.000000
(18,34),(25,15):0.000000
(18,34),(25,17):0.000000
(18,34),(29,17):0.000000
(18,34),(29,11):0.000000
(18,34),(26,11):0.000000
(18,34),(26,3):0.000000
(18,34),(28,3):0.000000
(18,34),(28,4):0.000000
(18,34),(27,4):0.000000
(18,34),(27,8):0.000000
(18,34),(33,8):0.000000
(18,34),(33,10):0.000000
(18,34),(34,10):0.000000
(18,34),(34,7):0.000000
(18,34),(36,7):0.000000
(18,34),(36,9):0.000000
(13,34),(13,33):10.000000
(13,34),(9,33):5.000000
(13,34),(9,29):0.000000
(13,34),(6,29):0.000000
(13,34),(6,25):0.000000
(13,34),(8,25):0.000000
(13,34),(8,21):0.000000
(13,34),(5,21):0.000000
(13,34),(5,20):0.000000
(13,34),(4,20):0.000000
(13,34),(4,18):0.000000
(13,34),(1,18):0.000000
(13,34),(1,6):0.000000
(13,34),(2,6):0.000000
(13,34),(2,2):0.000000
(13,34),(7,2):0.000000
(13,34),(7,1):0.000000
(13,34),(17,1):0.000000
(13,34),(17,5):0.000000
(13,34),(16,5):0.000000
(13,34),(16,12):0.000000
(13,34),(3,12):0.000000
(13,34),(3,14):0.000000
(13,34),(21,14):0.000000
(13,34),(21,15):0.000000
(13,34),(25,15):0.000000
(13,34),(25,17):0.000000
(13,34),(29,17):0.000000
(13,34),(29,11):0.000000
(13,34),(26,11):0.000000
(13,34),(26,3):0.000000
(13,34),(28,3):0.000000
(13,34),(28,4):0.000000
(13,34),(27,4):0.000000
(13,34),(27,8):0.000000
(13,34),(33,8):0.000000
(13,34),(33,10):0.000000
(13,34),(34,10):0.000000
(13,34),(34,7):0.000000
(13,34),(36,7):0.000000
(13,34),(36,9):0.000000
(13,33),(9,33):10.000000
(13,33),(9,29):3.333333
(13,33),(6,29):0.000000
(13,33),(6,25):0.000000
(13,33),(8,25):1.785714
(13,33),(8,21):2.403030
(13,33),(5,21):0.000000
(13,33),(5,20):0.000000
(13,33),(4,20):0.000000
(13,33),(4,18):0.000000
(13,33),(1,18):0.000000
(13,33),(1,6):0.000000
(13,33),(2,6):0.000000
(13,33),(2,2):0.000000
(13,33),(7,2):0.000000
(13,33),(7,1):0.000000
(13,33),(17,1):0.000000
(13,33),(17,5):0.000000
(13,33),(16,5):0.000000
(13,33),(16,12):0.000000
(13,33),(3,12):0.000000
(13,33),(3,14):0.000000
(13,33),(21,14):0.000000
(13,33),(21,15):0.000000
(13,33),(25,15):0.000000
(13,33),(25,17):0.000000
(13,33),(29,17):0.000000
(13,33),(29,11):0.000000
(13,33),(26,11):0.000000
(13,33),(26,3):0.000000
(13,33),(28,3):0.000000
(13,33),(28,4):0.000000
(13,33),(27,4):0.000000
(13,33),(27,8):0.000000
(13,33),(33,8):0.000000
(13,33),(33,10):0.000000
(13,33),(34,10):0.000000
(13,33),(34,7):0.000000
(13,33),(36,7):0.000000
(13,33),(36,9):0.000000
(9,33),(9,29):47.617645
(9,33),(6,29):29.666666
(9,33),(6,25):18.866667
(9,33),(8,25):45.498600
(9,33),(8,21):42.420677
(9,33),(5,21):7.117647
(9,33),(5,20):7.617647
(9,33),(4,20):6.117647
(9,33),(4,18):10.765635
(9,33),(1,18):4.117647
(9,33),(1,6):0.000000
(9,33),(2,6):0.000000
(9,33),(2,2):0.000000
(9,33),(7,2):0.000000
(9,33),(7,1):0.000000
(9,33),(17,1):0.000000
(9,33),(17,5):0.000000
(9,33),(16,5):0.000000
(9,33),(16,12):0.000000
(9,33),(3,12):0.000000
(9,33),(3,14):15.467573
(9,33),(21,14):2.208556
(9,33),(21,15):2.163102
(9,33),(25,15):1.062745
(9,33),(25,17):0.000000
(9,33),(29,17):0.000000
(9,33),(29,11):0.000000
(9,33),(26,11):0.000000
(9,33),(26,3):0.000000
(9,33),(28,3):0.000000
(9,33),(28,4):0.000000
(9,33),(27,4):0.000000
(9,33),(27,8):0.000000
(9,33),(33,8):0.000000
(9,33),(33,10):0.000000
(9,33),(34,10):0.000000
(9,33),(34,7):0.000000
(9,33),(36,7):0.000000
(9,33),(36,9):0.000000
(9,29),(6,29):46.500000
(9,29),(6,25):35.104168
(9,29),(8,25):72.784798
(9,29),(8,21):64.436043
(9,29),(5,21):17.216347
(9,29),(5,20):17.883013
(9,29),(4,20):15.153846
(9,29),(4,18):21.383013
(9,29),(1,18):10.653846
(9,29),(1,6):0.000000
(9,29),(2,6):0.000000
(9,29),(2,2):0.000000
(9,29),(7,2):0.000000
(9,29),(7,1):0.000000
(9,29),(17,1):0.000000
(9,29),(17,5):0.000000
(9,29),(16,5):0.000000
(9,29),(16,12):0.000000
(9,29),(3,12):0.000000
(9,29),(3,14):28.238058
(9,29),(21,14):6.266346
(9,29),(21,15):5.963537
(9,29),(25,15):2.953751
(9,29),(25,17):0.000000
(9,29),(29,17):0.000000
(9,29),(29,11):0.000000
(9,29),(26,11):0.000000
(9,29),(26,3):0.000000
(9,29),(28,3):0.000000
(9,29),(28,4):0.000000
(9,29),(27,4):0.000000
(9,29),(27,8):0.000000
(9,29),(33,8):0.000000
(9,29),(33,10):0.000000
(9,29),(34,10):0.000000
(9,29),(34,7):0.000000
(9,29),(36,7):0.000000
(9,29),(36,9):0.000000
(6,29),(6,25):31.508928
(6,29),(8,25):47.442982
(6,29),(8,21):34.955425
(6,29),(5,21):0.000000
(6,29),(5,20):0.095238
(6,29),(4,20):0.000000
(6,29),(4,18):3.075758
(6,29),(1,18):0.000000
(6,29),(1,6):0.000000
(6,29),(2,6):0.000000
(6,29),(2,2):0.000000
(6,29),(7,2):0.000000
(6,29),(7,1):0.000000
(6,29),(17,1):0.000000
(6,29),(17,5):0.000000
(6,29),(16,5):0.000000
(6,29),(16,12):0.000000
(6,29),(3,12):0.000000
(6,29),(3,14):9.909227
(6,29),(21,14):0.000000
(6,29),(21,15):0.000000
(6,29),(25,15):0.000000
(6,29),(25,17):0.000000
(6,29),(29,17):0.000000
(6,29),(29,11):0.000000
(6,29),(26,11):0.000000
(6,29),(26,3):0.000000
(6,29),(28,3):0.000000
(6,29),(28,4):0.000000
(6,29),(27,4):0.000000
(6,29),(27,8):0.000000
(6,29),(33,8):0.000000
(6,29),(33,10):0.000000
(6,29),(34,10):0.000000
(6,29),(34,7):0.000000
(6,29),(36,7):0.000000
(6,29),(36,9):0.000000
(6,25),(8,25):38.333332
(6,25),(8,21):28.833334
(6,25),(5,21):0.000000
(6,25),(5,20):0.000000
(6,25),(4,20):0.000000
(6,25),(4,18):0.166667
(6,25),(1,18):0.000000
(6,25),(1,6):0.000000
(6,25),(2,6):0.000000
(6,25),(2,2):0.000000
(6,25),(7,2):0.000000
(6,25),(7,1):0.000000
(6,25),(17,1):0.000000
(6,25),(17,5):0.000000
(6,25),(16,5):0.000000
(6,25),(16,12):0.000000
(6,25),(3,12):0.000000
(6,25),(3,14):6.026786
(6,25),(21,14):0.000000
(6,25),(21,15):0.000000
(6,25),(25,15):0.000000
(6,25),(25,17):0.000000
(6,25),(29,17):0.000000
(6,25),(29,11):0.000000
(6,25),(26,11):0.000000
(6,25),(26,3):0.000000
(6,25),(28,3):0.000000
(6,25),(28,4):0.000000
(6,25),(27,4):0.000000
(6,25),(27,8):0.000000
(6,25),(33,8):0.000000
(6,25),(33,10):0.000000
(6,25),(34,10):0.000000
(6,25),(34,7):0.000000
(6,25),(36,7):0.000000
(6,25),(36,9):0.000000
(8,25),(8,21):62.747475
(8,25),(5,21):14.444445
(8,25),(5,20):15.111111
(8,25),(4,20):12.444445
(8,25),(4,18):18.611111
(8,25),(1,18):8.444445
(8,25),(1,6):0.000000
(8,25),(2,6):0.000000
(8,25),(2,2):0.000000
(8,25),(7,2):0.000000
(8,25),(7,1):0.000000
(8,25),(17,1):0.000000
(8,25),(17,5):0.000000
(8,25),(16,5):0.000000
(8,25),(16,12):0.000000
(8,25),(3,12):0.000000
(8,25),(3,14):26.694445
(8,25),(21,14):4.808081
(8,25),(21,15):4.626263
(8,25),(25,15):2.244444
(8,25),(25,17):0.000000
(8,25),(29,17):0.000000
(8,25),(29,11):0.000000
(8,25),(26,11):0.000000
(8,25),(26,3):0.000000
(8,25),(28,3):0.000000
(8,25),(28,4):0.000000
(8,25),(27,4):0.000000
(8,25),(27,8):0.000000
(8,25),(33,8):0.000000
(8,25),(33,10):0.000000
(8,25),(34,10):0.000000
(8,25),(34,7):0.000000
(8,25),(36,7):0.000000
(8,25),(36,9):0.000000
(8,21),(5,21):35.799999
(8,21),(5,20):48.099998
(8,21),(4,20):36.633335
(8,21),(4,18):56.974998
(8,21),(1,18):36.224998
(8,21),(1,6):9.425000
(8,21),(2,6):8.528448
(8,21),(2,2):4.044445
(8,21),(7,2):4.072436
(8,21),(7,1):0.000000
(8,21),(17,1):1.286461
(8,21),(17,5):0.000000
(8,21),(16,5):0.908669
(8,21),(16,12):0.228571
(8,21),(3,12):7.800000
(8,21),(3,14):64.762878
(8,21),(21,14):24.254269
(8,21),(21,15):21.914490
(8,21),(25,15):11.457653
(8,21),(25,17):0.000000
(8,21),(29,17):0.000000
(8,21),(29,11):0.000000
(8,21),(26,11):0.000000
(8,21),(26,3):0.000000
(8,21),(28,3):0.000000
(8,21),(28,4):0.000000
(8,21),(27,4):0.000000
(8,21),(27,8):0.000000
(8,21),(33,8):0.000000
(8,21),(33,10):0.000000
(8,21),(34,10):0.000000
(8,21),(34,7):0.000000
(8,21),(36,7):0.000000
(8,21),(36,9):0.000000
(5,21),(5,20):37.000000
(5,21),(4,20):32.000000
(5,21),(4,18):36.750000
(5,21),(1,18):22.000000
(5,21),(1,6):0.000000
(5,21),(2,6):0.000000
(5,21),(2,2):0.000000
(5,21),(7,2):0.000000
(5,21),(7,1):0.000000
(5,21),(17,1):0.000000
(5,21),(17,5):0.000000
(5,21),(16,5):0.000000
(5,21),(16,12):0.000000
(5,21),(3,12):0.000000
(5,21),(3,14):36.833332
(5,21),(21,14):14.272727
(5,21),(21,15):13.136364
(5,21),(25,15):6.333333
(5,21),(25,17):0.000000
(5,21),(29,17):0.000000
(5,21),(29,11):0.000000
(5,21),(26,11):0.000000
(5,21),(26,3):0.000000
(5,21),(28,3):0.000000
(5,21),(28,4):0.000000
(5,21),(27,4):0.000000
(5,21),(27,8):0.000000
(5,21),(33,8):0.000000
(5,21),(33,10):0.000000
(5,21),(34,10):0.000000
(5,21),(34,7):0.000000
(5,21),(36,7):0.000000
(5,21),(36,9):0.000000
(5,20),(4,20):38.500000
(5,20),(4,18):52.916668
(5,20),(1,18):35.500000
(5,20),(1,6):7.000000
(5,20),(2,6):6.333333
(5,20),(2,2):2.700000
(5,20),(7,2):4.585859
(5,20),(7,1):0.000000
(5,20),(17,1):3.656507
(5,20),(17,5):0.000000
(5,20),(16,5):3.413702
(5,20),(16,12):2.666667
(5,20),(3,12):6.000000
(5,20),(3,14):52.500000
(5,20),(21,14):21.583334
(5,20),(21,15):19.659006
(5,20),(25,15):9.455646
(5,20),(25,17):0.000000
(5,20),(29,17):0.000000
(5,20),(29,11):0.000000
(5,20),(26,11):0.000000
(5,20),(26,3):0.000000
(5,20),(28,3):0.000000
(5,20),(28,4):0.000000
(5,20),(27,4):0.000000
(5,20),(27,8):0.000000
(5,20),(33,8):0.000000
(5,20),(33,10):0.000000
(5,20),(34,10):0.000000
(5,20),(34,7):0.000000
(5,20),(36,7):0.000000
(5,20),(36,9):0.000000
(4,20),(4,18):39.000000
(4,20),(1,18):27.000000
(4,20),(1,6):0.000000
(4,20),(2,6):0.000000
(4,20),(2,2):0.000000
(4,20),(7,2):0.000000
(4,20),(7,1):0.000000
(4,20),(17,1):0.000000
(4,20),(17,5):0.000000
(4,20),(16,5):0.000000
(4,20),(16,12):0.000000
(4,20),(3,12):0.000000
(4,20),(3,14):38.500000
(4,20),(21,14):18.272728
(4,20),(21,15):16.636364
(4,20),(25,15):7.950000
(4,20),(25,17):0.000000
(4,20),(29,17):0.000000
(4,20),(29,11):0.000000
(4,20),(26,11):0.000000
(4,20),(26,3):0.000000
(4,20),(28,3):0.000000
(4,20),(28,4):0.000000
(4,20),(27,4):0.000000
(4,20),(27,8):0.000000
(4,20),(33,8):0.000000
(4,20),(33,10):0.000000
(4,20),(34,10):0.000000
(4,20),(34,7):0.000000
(4,20),(36,7):0.000000
(4,20),(36,9):0.000000
(4,18),(1,18):50.000000
(4,18),(1,6):18.000000
(4,18),(2,6):17.000000
(4,18),(2,2):6.666667
(4,18),(7,2):9.241026
(4,18),(7,1):0.000000
(4,18),(17,1):5.976519
(4,18),(17,5):0.000000
(4,18),(16,5):5.516974
(4,18),(16,12):4.500000
(4,18),(3,12):16.000000
(4,18),(3,14):68.068184
(4,18),(21,14):31.363636
(4,18),(21,15):27.792929
(4,18),(25,15):13.200000
(4,18),(25,17):0.000000
(4,18),(29,17):0.000000
(4,18),(29,11):0.000000
(4,18),(26,11):0.000000
(4,18),(26,3):0.000000
(4,18),(28,3):0.000000
(4,18),(28,4):0.000000
(4,18),(27,4):0.000000
(4,18),(27,8):0.000000
(4,18),(33,8):0.000000
(4,18),(33,10):0.000000
(4,18),(34,10):0.000000
(4,18),(34,7):0.000000
(4,18),(36,7):0.000000
(4,18),(36,9):0.000000
(1,18),(1,6):32.000000
(1,18),(2,6):45.000000
(1,18),(2,2):32.666668
(1,18),(7,2):36.599998
(1,18),(7,1):0.000000
(1,18),(17,1):32.329712
(1,18),(17,5):10.875000
(1,18),(16,5):33.041210
(1,18),(16,12):32.000000
(1,18),(3,12):44.000000
(1,18),(3,14):64.333336
(1,18),(21,14):34.363636
(1,18),(21,15):30.792929
(1,18),(25,15):13.950000
(1,18),(25,17):0.000000
(1,18),(29,17):0.000000
(1,18),(29,11):0.000000
(1,18),(26,11):0.000000
(1,18),(26,3):0.000000
(1,18),(28,3):0.000000
(1,18),(28,4):0.000000
(1,18),(27,4):0.000000
(1,18),(27,8):0.000000
(1,18),(33,8):0.000000
(1,18),(33,10):0.000000
(1,18),(34,10):0.000000
(1,18),(34,7):0.000000
(1,18),(36,7):0.000000
(1,18),(36,9):0.000000
(1,6),(2,6):103.000000
(1,6),(2,2):90.666664
(1,6),(7,2):94.599998
(1,6),(7,1):54.000000
(1,6),(17,1):85.404762
(1,6),(17,5):0.000000
(1,6),(16,5):91.041206
(1,6),(16,12):90.000000
(1,6),(3,12):102.000000
(1,6),(3,14):26.000000
(1,6),(21,14):8.189723
(1,6),(21,15):6.415152
(1,6),(25,15):3.689754
(1,6),(25,17):0.000000
(1,6),(29,17):0.000000
(1,6),(29,11):0.000000
(1,6),(26,11):0.000000
(1,6),(26,3):0.000000
(1,6),(28,3):0.000000
(1,6),(28,4):0.000000
(1,6),(27,4):0.000000
(1,6),(27,8):0.000000
(1,6),(33,8):0.000000
(1,6),(33,10):0.000000
(1,6),(34,10):0.000000
(1,6),(34,7):0.000000
(1,6),(36,7):0.000000
(1,6),(36,9):0.000000
(2,6),(2,2):149.630951
(2,6),(7,2):162.939285
(2,6),(7,1):102.339287
(2,6),(17,1):152.369049
(2,6),(17,5):54.339287
(2,6),(16,5):159.380493
(2,6),(16,12):154.375000
(2,6),(3,12):170.105774
(2,6),(3,14):29.000000
(2,6),(21,14):7.563636
(2,6),(21,15):5.995176
(2,6),(25,15):3.381302
(2,6),(25,17):0.000000
(2,6),(29,17):0.000000
(2,6),(29,11):0.000000
(2,6),(26,11):0.000000
(2,6),(26,3):0.000000
(2,6),(28,3):0.000000
(2,6),(28,4):0.000000
(2,6),(27,4):0.000000
(2,6),(27,8):0.000000
(2,6),(33,8):0.000000
(2,6),(33,10):0.000000
(2,6),(34,10):0.000000
(2,6),(34,7):0.000000
(2,6),(36,7):0.000000
(2,6),(36,9):0.000000
(2,2),(7,2):144.250000
(2,2),(7,1):93.000000
(2,2),(17,1):136.017853
(2,2),(17,5):45.000000
(2,2),(16,5):143.269226
(2,2),(16,12):140.000000
(2,2),(3,12):148.730774
(2,2),(3,14):16.666666
(2,2),(21,14):3.803257
(2,2),(21,15):2.997019
(2,2),(25,15):1.710451
(2,2),(25,17):0.000000
(2,2),(29,17):0.000000
(2,2),(29,11):0.000000
(2,2),(26,11):0.000000
(2,2),(26,3):0.000000
(2,2),(28,3):0.000000
(2,2),(28,4):0.000000
(2,2),(27,4):0.000000
(2,2),(27,8):0.000000
(2,2),(33,8):0.000000
(2,2),(33,10):0.000000
(2,2),(34,10):0.000000
(2,2),(34,7):0.000000
(2,2),(36,7):0.000000
(2,2),(36,9):0.000000
(7,2),(7,1):103.000000
(7,2),(17,1):152.796432
(7,2),(17,5):55.000000
(7,2),(16,5):159.676926
(7,2),(16,12):154.600006
(7,2),(3,12):163.130768
(7,2),(3,14):20.600000
(7,2),(21,14):1.800000
(7,2),(21,15):1.886859
(7,2),(25,15):0.767123
(7,2),(25,17):0.000000
(7,2),(29,17):0.000000
(7,2),(29,11):0.000000
(7,2),(26,11):0.000000
(7,2),(26,3):0.000000
(7,2),(28,3):0.000000
(7,2),(28,4):0.000000
(7,2),(27,4):0.000000
(7,2),(27,8):0.000000
(7,2),(33,8):0.000000
(7,2),(33,10):0.000000
(7,2),(34,10):0.000000
(7,2),(34,7):0.000000
(7,2),(36,7):0.000000
(7,2),(36,9):0.000000
(7,1),(17,1):96.875000
(7,1),(17,5):40.000000
(7,1),(16,5):103.000000
(7,1),(16,12):99.000000
(7,1),(3,12):102.530769
(7,1),(3,14):0.000000
(7,1),(21,14):0.000000
(7,1),(21,15):0.000000
(7,1),(25,15):0.000000
(7,1),(25,17):0.000000
(7,1),(29,17):0.000000
(7,1),(29,11):0.000000
(7,1),(26,11):0.000000
(7,1),(26,3):0.000000
(7,1),(28,3):0.000000
(7,1),(28,4):0.000000
(7,1),(27,4):0.000000
(7,1),(27,8):0.000000
(7,1),(33,8):0.000000
(7,1),(33,10):0.000000
(7,1),(34,10):0.000000
(7,1),(34,7):0.000000
(7,1),(36,7):0.000000
(7,1),(36,9):0.000000
(17,1),(17,5):53.750000
(17,1),(16,5):152.535263
(17,1),(16,12):147.458328
(17,1),(3,12):152.560532
(17,1),(3,14):16.954762
(17,1),(21,14):0.000000
(17,1),(21,15):0.000000
(17,1),(25,15):0.000000
(17,1),(25,17):0.000000
(17,1),(29,17):0.000000
(17,1),(29,11):0.000000
(17,1),(26,11):0.000000
(17,1),(26,3):0.000000
(17,1),(28,3):0.000000
(17,1),(28,4):0.000000
(17,1),(27,4):0.000000
(17,1),(27,8):0.000000
(17,1),(33,8):0.000000
(17,1),(33,10):0.000000
(17,1),(34,10):0.000000
(17,1),(34,7):0.000000
(17,1),(36,7):0.000000
(17,1),(36,9):0.000000
(17,5),(16,5):55.000000
(17,5),(16,12):51.000000
(17,5),(3,12):54.530769
(17,5),(3,14):3.000000
(17,5),(21,14):0.000000
(17,5),(21,15):0.000000
(17,5),(25,15):0.000000
(17,5),(25,17):0.000000
(17,5),(29,17):0.000000
(17,5),(29,11):0.000000
(17,5),(26,11):0.000000
(17,5),(26,3):0.000000
(17,5),(28,3):0.000000
(17,5),(28,4):0.000000
(17,5),(27,4):0.000000
(17,5),(27,8):0.000000
(17,5),(33,8):0.000000
(17,5),(33,10):0.000000
(17,5),(34,10):0.000000
(17,5),(34,7):0.000000
(17,5),(36,7):0.000000
(17,5),(36,9):0.000000
(16,5),(16,12):154.964279
(16,5),(3,12):159.571976
(16,5),(3,14):17.041208
(16,5),(21,14):0.000000
(16,5),(21,15):0.000000
(16,5),(25,15):0.000000
(16,5),(25,17):0.000000
(16,5),(29,17):0.000000
(16,5),(29,11):0.000000
(16,5),(26,11):0.000000
(16,5),(26,3):0.000000
(16,5),(28,3):0.000000
(16,5),(28,4):0.000000
(16,5),(27,4):0.000000
(16,5),(27,8):0.000000
(16,5),(33,8):0.000000
(16,5),(33,10):0.000000
(16,5),(34,10):0.000000
(16,5),(34,7):0.000000
(16,5),(36,7):0.000000
(16,5),(36,9):0.000000
(16,12),(3,12):154.800003
(16,12),(3,14):16.000000
(16,12),(21,14):0.000000
(16,12),(21,15):0.000000
(16,12),(25,15):0.000000
(16,12),(25,17):0.000000
(16,12),(29,17):0.000000
(16,12),(29,11):0.000000
(16,12),(26,11):0.000000
(16,12),(26,3):0.000000
(16,12),(28,3):0.000000
(16,12),(28,4):0.000000
(16,12),(27,4):0.000000
(16,12),(27,8):0.000000
(16,12),(33,8):0.000000
(16,12),(33,10):0.000000
(16,12),(34,10):0.000000
(16,12),(34,7):0.000000
(16,12),(36,7):0.000000
(16,12),(36,9):0.000000
(3,12),(3,14):28.000000
(3,12),(21,14):6.909091
(3,12),(21,15):5.565657
(3,12),(25,15):3.066667
(3,12),(25,17):0.000000
(3,12),(29,17):0.000000
(3,12),(29,11):0.000000
(3,12),(26,11):0.000000
(3,12),(26,3):0.000000
(3,12),(28,3):0.000000
(3,12),(28,4):0.000000
(3,12),(27,4):0.000000
(3,12),(27,8):0.000000
(3,12),(33,8):0.000000
(3,12),(33,10):0.000000
(3,12),(34,10):0.000000
(3,12),(34,7):0.000000
(3,12),(36,7):0.000000
(3,12),(36,9):0.000000
(3,14),(21,14):47.363636
(3,14),(21,15):47.548485
(3,14),(25,15):26.455555
(3,14),(25,17):2.755556
(3,14),(29,17):0.000000
(3,14),(29,11):0.000000
(3,14),(26,11):0.000000
(3,14),(26,3):0.000000
(3,14),(28,3):0.000000
(3,14),(28,4):0.000000
(3,14),(27,4):0.000000
(3,14),(27,8):0.000000
(3,14),(33,8):0.000000
(3,14),(33,10):0.000000
(3,14),(34,10):0.000000
(3,14),(34,7):0.000000
(3,14),(36,7):0.000000
(3,14),(36,9):0.000000
(21,14),(21,15):43.681820
(21,14),(25,15):22.700001
(21,14),(25,17):0.000000
(21,14),(29,17):0.000000
(21,14),(29,11):0.000000
(21,14),(26,11):0.000000
(21,14),(26,3):0.000000
(21,14),(28,3):0.000000
(21,14),(28,4):0.000000
(21,14),(27,4):0.000000
(21,14),(27,8):0.000000
(21,14),(33,8):0.000000
(21,14),(33,10):0.000000
(21,14),(34,10):0.000000
(21,14),(34,7):0.000000
(21,14),(36,7):0.000000
(21,14),(36,9):0.000000
(21,15),(25,15):27.700001
(21,15),(25,17):4.000000
(21,15),(29,17):0.000000
(21,15),(29,11):0.000000
(21,15),(26,11):0.000000
(21,15),(26,3):0.000000
(21,15),(28,3):0.000000
(21,15),(28,4):0.000000
(21,15),(27,4):0.000000
(21,15),(27,8):0.000000
(21,15),(33,8):0.000000
(21,15),(33,10):0.000000
(21,15),(34,10):0.000000
(21,15),(34,7):0.000000
(21,15),(36,7):0.000000
(21,15),(36,9):0.000000
(25,15),(25,17):51.690384
(25,15),(29,17):41.204918
(25,15),(29,11):0.000000
(25,15),(26,11):0.000000
(25,15),(26,3):0.000000
(25,15),(28,3):0.000000
(25,15),(28,4):0.000000
(25,15),(27,4):0.000000
(25,15),(27,8):0.000000
(25,15),(33,8):5.963889
(25,15),(33,10):0.000000
(25,15),(34,10):0.000000
(25,15),(34,7):0.000000
(25,15),(36,7):0.000000
(25,15),(36,9):0.000000
(25,17),(29,17):113.872551
(25,17),(29,11):20.083334
(25,17),(26,11):0.000000
(25,17),(26,3):0.000000
(25,17),(28,3):0.000000
(25,17),(28,4):0.000000
(25,17),(27,4):0.000000
(25,17),(27,8):0.000000
(25,17),(33,8):12.163889
(25,17),(33,10):0.000000
(25,17),(34,10):0.000000
(25,17),(34,7):0.000000
(25,17),(36,7):0.000000
(25,17),(36,9):0.000000
(29,17),(29,11):44.083332
(29,17),(26,11):11.000000
(29,17),(26,3):0.000000
(29,17),(28,3):0.000000
(29,17),(28,4):0.000000
(29,17),(27,4):0.000000
(29,17),(27,8):15.000000
(29,17),(33,8):32.963890
(29,17),(33,10):19.000000
(29,17),(34,10):10.250000
(29,17),(34,7):0.000000
(29,17),(36,7):0.000000
(29,17),(36,9):0.000000
(29,11),(26,11):23.812500
(29,11),(26,3):4.650000
(29,11),(28,3):0.000000
(29,11),(28,4):0.000000
(29,11),(27,4):3.750000
(29,11),(27,8):34.083332
(29,11),(33,8):34.000000
(29,11),(33,10):38.166668
(29,11),(34,10):23.100000
(29,11),(34,7):3.100000
(29,11),(36,7):2.277778
(29,11),(36,9):0.000000
(26,11),(26,3):8.971429
(26,11),(28,3):1.571429
(26,11),(28,4):1.071429
(26,11),(27,4):8.071428
(26,11),(27,8):27.333334
(26,11),(33,8):21.000000
(26,11),(33,10):23.166666
(26,11),(34,10):9.062500
(26,11),(34,7):1.062500
(26,11),(36,7):0.600000
(26,11),(36,9):0.000000
(26,3),(28,3):2.500000
(26,3),(28,4):2.000000
(26,3),(27,4):9.000000
(26,3),(27,8):8.900000
(26,3),(33,8):3.900000
(26,3),(33,10):4.066667
(26,3),(34,10):1.500000
(26,3),(34,7):0.000000
(26,3),(36,7):0.000000
(26,3),(36,9):0.000000
(28,3),(28,4):2.000000
(28,3),(27,4):2.500000
(28,3),(27,8):1.500000
(28,3),(33,8):0.000000
(28,3),(33,10):0.000000
(28,3),(34,10):0.000000
(28,3),(34,7):0.000000
(28,3),(36,7):0.000000
(28,3),(36,9):0.000000
(28,4),(27,4):2.000000
(28,4),(27,8):1.000000
(28,4),(33,8):0.000000
(28,4),(33,10):0.000000
(28,4),(34,10):0.000000
(28,4),(34,7):0.000000
(28,4),(36,7):0.000000
(28,4),(36,9):0.000000
(27,4),(27,8):8.000000
(27,4),(33,8):3.000000
(27,4),(33,10):3.166667
(27,4),(34,10):1.000000
(27,4),(34,7):0.000000
(27,4),(36,7):0.000000
(27,4),(36,9):0.000000
(27,8),(33,8):27.875000
(27,8),(33,10):33.333332
(27,8),(34,10):19.133333
(27,8),(34,7):2.500000
(27,8),(36,7):2.064935
(27,8),(36,9):0.000000
(33,8),(33,10):32.000000
(33,8),(34,10):17.000000
(33,8),(34,7):0.000000
(33,8),(36,7):0.750000
(33,8),(36,9):0.000000
(33,10),(34,10):23.000000
(33,10),(34,7):3.000000
(33,10),(36,7):2.250000
(33,10),(36,9):0.000000
(34,10),(34,7):7.500000
(34,10),(36,7):6.500000
(34,10),(36,9):3.500000
(34,7),(36,7):5.000000
(34,7),(36,9):4.000000
(36,7),(36,9):4.000000
