32
(13,11):(1,14)	(2,13)	(2,14)	(3,12)	(3,13)	(4,9)	(4,10)	(4,11)	(4,12)	(4,13)	(5,9)	(5,10)	(5,11)	(5,12)	(5,13)	(6,10)	(6,11)	(6,12)	(6,13)	(7,10)	(7,11)	(7,12)	(8,10)	(8,11)	(8,12)	(9,10)	(9,11)	(9,12)	(10,10)	(10,11)	(10,12)	(11,10)	(11,11)	(11,12)	(12,10)	(12,11)	(12,12)	(13,10)	(13,11)	(13,13)	(14,10)	(15,9)	(15,10)	(16,10)	(16,11)	
(13,13):(1,12)	(2,13)	(3,12)	(3,13)	(4,9)	(4,10)	(4,11)	(4,12)	(4,13)	(5,9)	(5,10)	(5,11)	(5,12)	(5,13)	(6,10)	(6,11)	(6,12)	(6,13)	(7,10)	(7,11)	(7,12)	(8,10)	(8,11)	(8,12)	(9,10)	(9,11)	(9,12)	(10,10)	(10,11)	(10,12)	(11,10)	(11,11)	(11,12)	(12,10)	(12,11)	(12,12)	(13,10)	(13,11)	(13,13)	
(6,13):(1,12)	(1,14)	(2,13)	(2,14)	(2,16)	(3,1)	(3,12)	(3,13)	(3,14)	(3,15)	(4,5)	(4,6)	(4,7)	(4,8)	(4,9)	(4,10)	(4,11)	(4,12)	(4,13)	(4,14)	(4,15)	(5,9)	(5,10)	(5,11)	(5,12)	(5,13)	(5,14)	(5,15)	(6,10)	(6,11)	(6,12)	(6,13)	(6,15)	(7,10)	(7,11)	(7,12)	(8,10)	(8,11)	(8,12)	(9,10)	(9,11)	(9,12)	(10,10)	(10,11)	(10,12)	(11,10)	(11,11)	(11,12)	(12,10)	(12,11)	(12,12)	(13,10)	(13,11)	(13,13)	(14,10)	(15,9)	(15,10)	(16,10)	
(6,15):(1,12)	(2,13)	(2,14)	(2,16)	(3,1)	(3,12)	(3,13)	(3,14)	(3,15)	(4,3)	(4,4)	(4,5)	(4,6)	(4,7)	(4,8)	(4,9)	(4,10)	(4,11)	(4,12)	(4,13)	(4,14)	(4,15)	(5,9)	(5,10)	(5,11)	(5,12)	(5,13)	(5,14)	(5,15)	(6,10)	(6,11)	(6,12)	(6,13)	(6,15)	(11,15)	(11,16)	
(11,15):(2,16)	(3,15)	(4,15)	(5,15)	(6,15)	(11,15)	(11,16)	
(11,16):(2,16)	(3,15)	(4,15)	(5,15)	(6,15)	(11,15)	(11,16)	
(2,16):(2,13)	(2,14)	(2,16)	(3,12)	(3,13)	(3,14)	(3,15)	(4,8)	(4,9)	(4,10)	(4,11)	(4,12)	(4,13)	(4,14)	(4,15)	(5,4)	(5,5)	(5,6)	(5,7)	(5,8)	(5,9)	(5,10)	(5,11)	(5,12)	(5,13)	(5,14)	(5,15)	(6,3)	(6,4)	(6,5)	(6,10)	(6,11)	(6,12)	(6,13)	(6,15)	(7,2)	(7,10)	(7,11)	(7,12)	(8,10)	(8,11)	(9,10)	(10,10)	(11,15)	(11,16)	
(2,14):(1,12)	(1,14)	(2,13)	(2,14)	(2,16)	(3,12)	(3,13)	(3,14)	(3,15)	(4,10)	(4,11)	(4,12)	(4,13)	(4,14)	(4,15)	(5,8)	(5,9)	(5,10)	(5,11)	(5,12)	(5,13)	(5,14)	(5,15)	(6,10)	(6,11)	(6,12)	(6,13)	(6,15)	(7,10)	(7,11)	(7,12)	(8,10)	(8,11)	(8,12)	(9,10)	(9,11)	(9,12)	(10,10)	(10,11)	(10,12)	(11,10)	(11,11)	(12,10)	(12,11)	(13,10)	(13,11)	(14,10)	(15,9)	(15,10)	(16,10)	
(1,14):(1,12)	(1,14)	(2,13)	(2,14)	(3,12)	(3,13)	(3,14)	(4,11)	(4,12)	(4,13)	(4,14)	(5,10)	(5,11)	(5,12)	(5,13)	(5,14)	(6,10)	(6,11)	(6,12)	(6,13)	(7,10)	(7,11)	(7,12)	(8,10)	(8,11)	(8,12)	(9,10)	(9,11)	(9,12)	(10,10)	(10,11)	(10,12)	(11,10)	(11,11)	(11,12)	(12,10)	(12,11)	(13,10)	(13,11)	(14,10)	(15,9)	(15,10)	(16,10)	
(1,12):(1,12)	(1,14)	(2,13)	(2,14)	(3,12)	(3,13)	(3,14)	(3,15)	(4,12)	(4,13)	(4,14)	(4,15)	(5,12)	(5,13)	(5,14)	(5,15)	(6,12)	(6,13)	(6,15)	(7,12)	(8,12)	(9,12)	(10,12)	(11,12)	(12,12)	(13,13)	
(3,12):(1,12)	(1,14)	(2,13)	(2,14)	(2,16)	(3,1)	(3,12)	(3,13)	(3,14)	(3,15)	(4,1)	(4,2)	(4,3)	(4,4)	(4,5)	(4,6)	(4,7)	(4,8)	(4,9)	(4,10)	(4,11)	(4,12)	(4,13)	(4,14)	(4,15)	(5,3)	(5,4)	(5,5)	(5,6)	(5,7)	(5,8)	(5,9)	(5,10)	(5,11)	(5,12)	(5,13)	(5,14)	(5,15)	(6,3)	(6,4)	(6,5)	(6,6)	(6,10)	(6,11)	(6,12)	(6,13)	(6,15)	(7,2)	(7,4)	(7,10)	(7,11)	(7,12)	(8,10)	(8,11)	(8,12)	(9,10)	(9,11)	(9,12)	(10,10)	(10,11)	(10,12)	(11,10)	(11,11)	(11,12)	(12,10)	(12,11)	(12,12)	(13,10)	(13,11)	(13,13)	(14,10)	(15,9)	(15,10)	(16,10)	
(3,1):(3,1)	(3,12)	(3,13)	(3,14)	(3,15)	(4,1)	(4,2)	(4,3)	(4,4)	(4,5)	(4,6)	(4,7)	(4,8)	(4,9)	(4,10)	(4,11)	(4,12)	(4,13)	(4,14)	(4,15)	(5,3)	(5,4)	(5,5)	(5,6)	(5,7)	(5,8)	(5,9)	(5,10)	(5,11)	(5,12)	(5,13)	(5,14)	(5,15)	(6,4)	(6,5)	(6,6)	(6,7)	(6,13)	(6,15)	(7,5)	(7,6)	(7,7)	(8,6)	(8,7)	(9,7)	(10,8)	
(4,1):(3,1)	(3,12)	(3,13)	(3,14)	(3,15)	(4,1)	(4,2)	(4,3)	(4,4)	(4,5)	(4,6)	(4,7)	(4,8)	(4,9)	(4,10)	(4,11)	(4,12)	(4,13)	(4,14)	(4,15)	
(4,2):(3,1)	(3,12)	(3,13)	(3,14)	(3,15)	(4,1)	(4,2)	(4,3)	(4,4)	(4,5)	(4,6)	(4,7)	(4,8)	(4,9)	(4,10)	(4,11)	(4,12)	(4,13)	(4,14)	(4,15)	(5,3)	(5,4)	(5,5)	(5,6)	(5,7)	(5,8)	(5,9)	(5,10)	(5,11)	(5,12)	(5,13)	(5,14)	(5,15)	(6,3)	(6,4)	(6,5)	(6,6)	(6,7)	(7,2)	(7,4)	(7,5)	(7,6)	(7,7)	(8,6)	(8,7)	(9,7)	(10,8)	
(7,2):(2,16)	(3,12)	(3,13)	(3,14)	(4,2)	(4,3)	(4,4)	(4,5)	(4,6)	(4,7)	(4,8)	(4,9)	(4,10)	(4,11)	(5,3)	(5,4)	(5,5)	(5,6)	(5,7)	(5,8)	(6,3)	(6,4)	(6,5)	(6,6)	(6,7)	(7,2)	(7,4)	(7,5)	(7,6)	(7,7)	
(7,4):(3,12)	(4,2)	(4,3)	(4,4)	(4,5)	(4,6)	(4,7)	(4,8)	(4,9)	(4,10)	(5,3)	(5,4)	(5,5)	(5,6)	(5,7)	(5,8)	(6,3)	(6,4)	(6,5)	(6,6)	(6,7)	(7,2)	(7,4)	(7,5)	(7,6)	(7,7)	(8,4)	(8,6)	(8,7)	
(8,4):(4,4)	(4,5)	(4,6)	(4,7)	(4,8)	(4,9)	(5,4)	(5,5)	(5,6)	(5,7)	(5,8)	(6,4)	(6,5)	(6,6)	(6,7)	(7,4)	(7,5)	(7,6)	(7,7)	(8,4)	(8,6)	(8,7)	
(8,6):(3,1)	(4,2)	(4,3)	(4,4)	(4,5)	(4,6)	(4,7)	(4,8)	(5,3)	(5,4)	(5,5)	(5,6)	(5,7)	(5,8)	(6,3)	(6,4)	(6,5)	(6,6)	(6,7)	(7,4)	(7,5)	(7,6)	(7,7)	(8,4)	(8,6)	(8,7)	(9,6)	(9,7)	(10,6)	(10,7)	(10,8)	(11,6)	(12,6)	(13,6)	(14,7)	
(9,6):(4,6)	(4,7)	(4,8)	(5,6)	(5,7)	(5,8)	(6,6)	(6,7)	(7,6)	(7,7)	(8,6)	(8,7)	(9,3)	(9,6)	(9,7)	(10,4)	(10,5)	(10,6)	(10,7)	(10,8)	(11,4)	(11,5)	(11,6)	(12,3)	(12,5)	(12,6)	(13,6)	(14,5)	(14,7)	
(9,3):(9,3)	(9,6)	(9,7)	(10,4)	(10,5)	(10,6)	(10,7)	(10,8)	(11,4)	(11,5)	(11,6)	(12,3)	(12,5)	(12,6)	(13,6)	(14,7)	
(12,3):(8,7)	(9,3)	(9,6)	(9,7)	(10,4)	(10,5)	(10,6)	(10,7)	(11,4)	(11,5)	(11,6)	(12,3)	(12,5)	(12,6)	
(12,5):(4,8)	(5,8)	(6,7)	(7,7)	(8,7)	(9,3)	(9,6)	(9,7)	(10,4)	(10,5)	(10,6)	(10,7)	(11,4)	(11,5)	(11,6)	(12,3)	(12,5)	(12,6)	(13,6)	(14,5)	(14,7)	
(14,5):(4,7)	(4,8)	(5,7)	(5,8)	(6,7)	(7,7)	(8,7)	(9,6)	(9,7)	(10,5)	(10,6)	(10,7)	(11,5)	(11,6)	(12,5)	(12,6)	(13,6)	(14,5)	(14,7)	
(14,7):(4,6)	(4,7)	(5,6)	(5,7)	(6,6)	(6,7)	(7,6)	(7,7)	(8,6)	(8,7)	(9,3)	(9,6)	(9,7)	(10,4)	(10,5)	(10,6)	(10,7)	(11,4)	(11,5)	(11,6)	(12,5)	(12,6)	(13,6)	(14,5)	(14,7)	
(10,7):(4,4)	(4,5)	(4,6)	(4,7)	(4,8)	(5,5)	(5,6)	(5,7)	(5,8)	(6,5)	(6,6)	(6,7)	(7,6)	(7,7)	(8,6)	(8,7)	(9,3)	(9,6)	(9,7)	(10,4)	(10,5)	(10,6)	(10,7)	(10,8)	(11,4)	(11,5)	(11,6)	(12,3)	(12,5)	(12,6)	(13,6)	(14,5)	(14,7)	
(10,8):(3,1)	(4,2)	(4,3)	(4,4)	(4,5)	(4,6)	(4,7)	(4,8)	(5,3)	(5,4)	(5,5)	(5,6)	(5,7)	(5,8)	(6,4)	(6,5)	(6,6)	(6,7)	(7,5)	(7,6)	(7,7)	(8,6)	(8,7)	(9,3)	(9,6)	(9,7)	(10,4)	(10,5)	(10,6)	(10,7)	(10,8)	
(5,8):(2,14)	(2,16)	(3,1)	(3,12)	(3,13)	(3,14)	(3,15)	(4,2)	(4,3)	(4,4)	(4,5)	(4,6)	(4,7)	(4,8)	(4,9)	(4,10)	(4,11)	(4,12)	(4,13)	(4,14)	(4,15)	(5,3)	(5,4)	(5,5)	(5,6)	(5,7)	(5,8)	(5,9)	(5,10)	(5,11)	(5,12)	(5,13)	(5,14)	(5,15)	(6,3)	(6,4)	(6,5)	(6,6)	(6,7)	(7,2)	(7,4)	(7,5)	(7,6)	(7,7)	(8,4)	(8,6)	(8,7)	(9,6)	(9,7)	(10,6)	(10,7)	(10,8)	(11,5)	(11,6)	(12,5)	(12,6)	(13,6)	(14,5)	
(5,9):(2,14)	(2,16)	(3,1)	(3,12)	(3,13)	(3,14)	(3,15)	(4,2)	(4,3)	(4,4)	(4,5)	(4,6)	(4,7)	(4,8)	(4,9)	(4,10)	(4,11)	(4,12)	(4,13)	(4,14)	(4,15)	(5,3)	(5,4)	(5,5)	(5,6)	(5,7)	(5,8)	(5,9)	(5,10)	(5,11)	(5,12)	(5,13)	(5,14)	(5,15)	(6,10)	(6,11)	(6,12)	(6,13)	(6,15)	(7,10)	(7,11)	(7,12)	(8,10)	(8,11)	(8,12)	(9,10)	(9,11)	(9,12)	(10,10)	(10,11)	(10,12)	(11,10)	(11,11)	(11,12)	(12,10)	(12,11)	(12,12)	(13,10)	(13,11)	(13,13)	(14,10)	(15,9)	(15,10)	(16,11)	
(15,9):(1,14)	(2,13)	(2,14)	(3,12)	(3,13)	(3,14)	(4,9)	(4,10)	(4,11)	(4,12)	(4,13)	(5,9)	(5,10)	(5,11)	(5,12)	(5,13)	(6,10)	(6,11)	(6,12)	(6,13)	(7,10)	(7,11)	(7,12)	(8,10)	(8,11)	(8,12)	(9,10)	(9,11)	(9,12)	(10,10)	(10,11)	(10,12)	(11,10)	(11,11)	(11,12)	(12,10)	(12,11)	(12,12)	(13,10)	(13,11)	(14,10)	(15,9)	(15,10)	
(15,10):(1,14)	(2,13)	(2,14)	(3,12)	(3,13)	(3,14)	(4,9)	(4,10)	(4,11)	(4,12)	(4,13)	(5,9)	(5,10)	(5,11)	(5,12)	(5,13)	(6,10)	(6,11)	(6,12)	(6,13)	(7,10)	(7,11)	(7,12)	(8,10)	(8,11)	(8,12)	(9,10)	(9,11)	(9,12)	(10,10)	(10,11)	(10,12)	(11,10)	(11,11)	(11,12)	(12,10)	(12,11)	(13,10)	(13,11)	(14,10)	(15,9)	(15,10)	(16,10)	(16,11)	
(16,10):(1,14)	(2,13)	(2,14)	(3,12)	(3,13)	(4,10)	(4,11)	(4,12)	(4,13)	(5,10)	(5,11)	(5,12)	(5,13)	(6,10)	(6,11)	(6,12)	(6,13)	(7,10)	(7,11)	(7,12)	(8,10)	(8,11)	(8,12)	(9,10)	(9,11)	(9,12)	(10,10)	(10,11)	(10,12)	(11,10)	(11,11)	(12,10)	(12,11)	(13,10)	(13,11)	(14,10)	(15,10)	(16,10)	(16,11)	
(16,11):(4,9)	(4,10)	(4,11)	(5,9)	(5,10)	(5,11)	(6,10)	(6,11)	(7,10)	(7,11)	(8,10)	(8,11)	(9,10)	(9,11)	(10,10)	(10,11)	(11,10)	(11,11)	(12,10)	(12,11)	(13,10)	(13,11)	(14,10)	(15,10)	(16,10)	(16,11)	
(13,11):50.585712
(13,13):43.000000
(6,13):66.714287
(6,15):42.541668
(11,15):9.000000
(11,16):10.600000
(2,16):48.833332
(2,14):52.647728
(1,14):41.474998
(1,12):24.833334
(3,12):83.050003
(3,1):46.107143
(4,1):15.727273
(4,2):50.966667
(7,2):32.083332
(7,4):33.333332
(8,4):22.666666
(8,6):36.833332
(9,6):30.000000
(9,3):15.666667
(12,3):14.750000
(12,5):23.357143
(14,5):19.066668
(14,7):22.083334
(10,7):35.650002
(10,8):29.500000
(5,8):58.566666
(5,9):72.295235
(15,9):48.055557
(15,10):46.533333
(16,10):32.092308
(16,11):24.863636
(13,11),(13,13):42.299999
(13,11),(6,13):49.299999
(13,11),(6,15):17.460714
(13,11),(11,15):0.000000
(13,11),(11,16):0.000000
(13,11),(2,16):24.961205
(13,11),(2,14):40.511219
(13,11),(1,14):39.525002
(13,11),(1,12):15.081250
(13,11),(3,12):50.135715
(13,11),(3,1):11.785714
(13,11),(4,1):5.250238
(13,11),(4,2):11.080882
(13,11),(7,2):5.428889
(13,11),(7,4):2.722222
(13,11),(8,4):1.482456
(13,11),(8,6):0.378788
(13,11),(9,6):0.166667
(13,11),(9,3):0.000000
(13,11),(12,3):0.000000
(13,11),(12,5):0.093985
(13,11),(14,5):0.023810
(13,11),(14,7):0.000000
(13,11),(10,7):0.000000
(13,11),(10,8):0.000000
(13,11),(5,8):10.642858
(13,11),(5,9):48.069046
(13,11),(15,9):46.785713
(13,11),(15,10):46.152382
(13,11),(16,10):31.978022
(13,11),(16,11):24.863636
(13,13),(6,13):43.000000
(13,13),(6,15):15.000000
(13,13),(11,15):0.000000
(13,13),(11,16):0.000000
(13,13),(2,16):22.888889
(13,13),(2,14):33.674999
(13,13),(1,14):32.599998
(13,13),(1,12):12.000000
(13,13),(3,12):43.000000
(13,13),(3,1):11.000000
(13,13),(4,1):4.795455
(13,13),(4,2):10.192857
(13,13),(7,2):5.176190
(13,13),(7,4):3.200000
(13,13),(8,4):1.939394
(13,13),(8,6):0.761905
(13,13),(9,6):0.500000
(13,13),(9,3):0.000000
(13,13),(12,3):0.000000
(13,13),(12,5):0.395604
(13,13),(14,5):0.266667
(13,13),(14,7):0.000000
(13,13),(10,7):0.114286
(13,13),(10,8):0.000000
(13,13),(5,8):9.250000
(13,13),(5,9):41.333332
(13,13),(15,9):39.500000
(13,13),(15,10):37.866665
(13,13),(16,10):25.692308
(13,13),(16,11):20.363636
(6,13),(6,15):34.875000
(6,13),(11,15):4.000000
(6,13),(11,16):5.600000
(6,13),(2,16):36.104168
(6,13),(2,14):50.505951
(6,13),(1,14):41.314285
(6,13),(1,12):24.000000
(6,13),(3,12):66.714287
(6,13),(3,1):27.000000
(6,13),(4,1):13.727273
(6,13),(4,2):26.299999
(6,13),(7,2):14.029762
(6,13),(7,4):10.066667
(6,13),(8,4):7.635417
(6,13),(8,6):7.440476
(6,13),(9,6):3.986111
(6,13),(9,3):0.000000
(6,13),(12,3):0.000000
(6,13),(12,5):1.316200
(6,13),(14,5):2.205861
(6,13),(14,7):2.235507
(6,13),(10,7):5.626191
(6,13),(10,8):6.125000
(6,13),(5,8):25.000000
(6,13),(5,9):63.997620
(6,13),(15,9):47.484127
(6,13),(15,10):45.247620
(6,13),(16,10):30.806593
(6,13),(16,11):23.577923
(6,15),(11,15):9.000000
(6,15),(11,16):10.600000
(6,15),(2,16):30.750000
(6,15),(2,14):26.812500
(6,15),(1,14):14.375000
(6,15),(1,12):17.708334
(6,15),(3,12):38.041668
(6,15),(3,1):29.773809
(6,15),(4,1):15.393939
(6,15),(4,2):28.966667
(6,15),(7,2):16.055555
(6,15),(7,4):12.302083
(6,15),(8,4):8.651515
(6,15),(8,6):9.808333
(6,15),(9,6):4.326923
(6,15),(9,3):0.000000
(6,15),(12,3):0.000000
(6,15),(12,5):1.382289
(6,15),(14,5):2.355291
(6,15),(14,7):2.616667
(6,15),(10,7):6.639736
(6,15),(10,8):8.483334
(6,15),(5,8):27.666666
(6,15),(5,9):35.071430
(6,15),(15,9):17.930555
(6,15),(15,10):17.408333
(6,15),(16,10):13.967308
(6,15),(16,11):6.363636
(11,15),(11,16):9.000000
(11,15),(2,16):9.000000
(11,15),(2,14):6.000000
(11,15),(1,14):0.000000
(11,15),(1,12):4.083333
(11,15),(3,12):4.500000
(11,15),(3,1):3.107143
(11,15),(4,1):1.318182
(11,15),(4,2):3.278571
(11,15),(7,2):0.500000
(11,15),(7,4):0.000000
(11,15),(8,4):0.000000
(11,15),(8,6):0.000000
(11,15),(9,6):0.000000
(11,15),(9,3):0.000000
(11,15),(12,3):0.000000
(11,15),(12,5):0.000000
(11,15),(14,5):0.000000
(11,15),(14,7):0.000000
(11,15),(10,7):0.000000
(11,15),(10,8):0.000000
(11,15),(5,8):3.000000
(11,15),(5,9):4.083333
(11,15),(15,9):0.000000
(11,15),(15,10):0.000000
(11,15),(16,10):0.000000
(11,15),(16,11):0.000000
(11,16),(2,16):10.600000
(11,16),(2,14):7.600000
(11,16),(1,14):0.000000
(11,16),(1,12):5.444445
(11,16),(3,12):6.100000
(11,16),(3,1):4.007143
(11,16),(4,1):1.970130
(11,16),(4,2):4.344118
(11,16),(7,2):1.041667
(11,16),(7,4):0.000000
(11,16),(8,4):0.000000
(11,16),(8,6):0.000000
(11,16),(9,6):0.000000
(11,16),(9,3):0.000000
(11,16),(12,3):0.000000
(11,16),(12,5):0.000000
(11,16),(14,5):0.000000
(11,16),(14,7):0.000000
(11,16),(10,7):0.000000
(11,16),(10,8):0.000000
(11,16),(5,8):4.500000
(11,16),(5,9):5.683333
(11,16),(15,9):0.259004
(11,16),(15,10):0.016667
(11,16),(16,10):0.000000
(11,16),(16,11):0.000000
(2,16),(2,14):35.666668
(2,16),(1,14):23.166666
(2,16),(1,12):16.500000
(2,16),(3,12):44.333332
(2,16),(3,1):24.416233
(2,16),(4,1):6.727273
(2,16),(4,2):26.466667
(2,16),(7,2):14.250000
(2,16),(7,4):10.166667
(2,16),(8,4):6.000000
(2,16),(8,6):7.757143
(2,16),(9,6):2.535714
(2,16),(9,3):0.000000
(2,16),(12,3):0.000000
(2,16),(12,5):0.820087
(2,16),(14,5):1.442131
(2,16),(14,7):1.770441
(2,16),(10,7):4.011696
(2,16),(10,8):5.309091
(2,16),(5,8):25.166666
(2,16),(5,9):37.000000
(2,16),(15,9):25.972221
(2,16),(15,10):25.201220
(2,16),(16,10):17.823076
(2,16),(16,11):13.135870
(2,14),(1,14):40.147728
(2,14),(1,12):19.833334
(2,14),(3,12):51.147728
(2,14),(3,1):17.107143
(2,14),(4,1):5.727273
(2,14),(4,2):16.299999
(2,14),(7,2):4.083333
(2,14),(7,4):0.000000
(2,14),(8,4):0.000000
(2,14),(8,6):0.000000
(2,14),(9,6):0.000000
(2,14),(9,3):0.000000
(2,14),(12,3):0.000000
(2,14),(12,5):0.000000
(2,14),(14,5):0.000000
(2,14),(14,7):0.000000
(2,14),(10,7):0.000000
(2,14),(10,8):0.000000
(2,14),(5,8):15.000000
(2,14),(5,9):48.014393
(2,14),(15,9):41.093433
(2,14),(15,10):40.617966
(2,14),(16,10):29.365034
(2,14),(16,11):21.293560
(1,14),(1,12):12.500000
(1,14),(3,12):41.474998
(1,14),(3,1):8.900000
(1,14),(4,1):2.681818
(1,14),(4,2):7.923214
(1,14),(7,2):1.800000
(1,14),(7,4):0.000000
(1,14),(8,4):0.000000
(1,14),(8,6):0.000000
(1,14),(9,6):0.000000
(1,14),(9,3):0.000000
(1,14),(12,3):0.000000
(1,14),(12,5):0.000000
(1,14),(14,5):0.000000
(1,14),(14,7):0.000000
(1,14),(10,7):0.000000
(1,14),(10,8):0.000000
(1,14),(5,8):7.000000
(1,14),(5,9):38.758335
(1,14),(15,9):39.250000
(1,14),(15,10):39.041668
(1,14),(16,10):28.650640
(1,14),(16,11):19.375000
(1,12),(3,12):24.500000
(1,12),(3,1):11.982142
(1,12),(4,1):4.615385
(1,12),(4,2):11.523809
(1,12),(7,2):2.044445
(1,12),(7,4):0.000000
(1,12),(8,4):0.000000
(1,12),(8,6):0.000000
(1,12),(9,6):0.000000
(1,12),(9,3):0.000000
(1,12),(12,3):0.000000
(1,12),(12,5):0.000000
(1,12),(14,5):0.000000
(1,12),(14,7):0.000000
(1,12),(10,7):0.000000
(1,12),(10,8):0.000000
(1,12),(5,8):10.000000
(1,12),(5,9):21.416666
(1,12),(15,9):14.431818
(1,12),(15,10):12.309524
(1,12),(16,10):10.583612
(1,12),(16,11):0.000000
(3,12),(3,1):37.773811
(3,12),(4,1):15.727273
(3,12),(4,2):41.299999
(3,12),(7,2):28.083334
(3,12),(7,4):24.333334
(3,12),(8,4):14.666667
(3,12),(8,6):20.833334
(3,12),(9,6):6.000000
(3,12),(9,3):0.000000
(3,12),(12,3):0.000000
(3,12),(12,5):1.657143
(3,12),(14,5):3.066667
(3,12),(14,7):4.525641
(3,12),(10,7):10.850000
(3,12),(10,8):16.166666
(3,12),(5,8):39.916668
(3,12),(5,9):71.845238
(3,12),(15,9):47.855556
(3,12),(15,10):46.083332
(3,12),(16,10):31.642307
(3,12),(16,11):24.413637
(3,1),(4,1):15.000000
(3,1),(4,2):44.500000
(3,1),(7,2):25.500000
(3,1),(7,4):27.333334
(3,1),(8,4):20.666666
(3,1),(8,6):25.833334
(3,1),(9,6):13.000000
(3,1),(9,3):0.500000
(3,1),(12,3):2.166667
(3,1),(12,5):6.732143
(3,1),(14,5):8.483334
(3,1),(14,7):7.583333
(3,1),(10,7):18.650000
(3,1),(10,8):24.500000
(3,1),(5,8):40.916668
(3,1),(5,9):33.511906
(3,1),(15,9):12.000000
(3,1),(15,10):11.700000
(3,1),(16,10):9.225000
(3,1),(16,11):4.863636
(4,1),(4,2):15.727273
(4,1),(7,2):10.750000
(4,1),(7,4):9.333333
(4,1),(8,4):6.000000
(4,1),(8,6):7.500000
(4,1),(9,6):2.750000
(4,1),(9,3):0.000000
(4,1),(12,3):0.000000
(4,1),(12,5):0.809524
(4,1),(14,5):1.400000
(4,1),(14,7):1.750000
(4,1),(10,7):4.550000
(4,1),(10,8):6.500000
(4,1),(5,8):15.643939
(4,1),(5,9):15.655844
(4,1),(15,9):5.369006
(4,1),(15,10):5.170833
(4,1),(16,10):3.918692
(4,1),(16,11):2.272727
(4,2),(7,2):30.285715
(4,2),(7,4):33.000000
(4,2),(8,4):22.333334
(4,2),(8,6):30.500000
(4,2),(9,6):13.000000
(4,2),(9,3):0.500000
(4,2),(12,3):2.166667
(4,2),(12,5):6.732143
(4,2),(14,5):8.483334
(4,2),(14,7):7.583333
(4,2),(10,7):18.650000
(4,2),(10,8):24.500000
(4,2),(5,8):47.383335
(4,2),(5,9):33.228573
(4,2),(15,9):11.389361
(4,2),(15,10):11.020533
(4,2),(16,10):8.581092
(4,2),(16,11):4.649351
(7,2),(7,4):28.000000
(7,2),(8,4):18.666666
(7,2),(8,6):24.333334
(7,2),(9,6):9.000000
(7,2),(9,3):0.000000
(7,2),(12,3):0.000000
(7,2),(12,5):3.523809
(7,2),(14,5):5.466667
(7,2),(14,7):6.000000
(7,2),(10,7):14.400000
(7,2),(10,8):19.500000
(7,2),(5,8):32.083332
(7,2),(5,9):20.083334
(7,2),(15,9):5.450483
(7,2),(15,10):5.284367
(7,2),(16,10):3.485269
(7,2),(16,11):3.020779
(7,4),(8,4):22.666666
(7,4),(8,6):29.666666
(7,4),(9,6):12.000000
(7,4),(9,3):0.000000
(7,4),(12,3):1.333333
(7,4),(12,5):6.000000
(7,4),(14,5):7.957576
(7,4),(14,7):7.333333
(7,4),(10,7):17.650000
(7,4),(10,8):23.333334
(7,4),(5,8):33.333332
(7,4),(5,9):16.333334
(7,4),(15,9):2.250000
(7,4),(15,10):2.438095
(7,4),(16,10):1.000000
(7,4),(16,11):2.342803
(8,4),(8,6):21.333334
(8,4),(9,6):11.000000
(8,4),(9,3):0.000000
(8,4),(12,3):0.500000
(8,4),(12,5):5.023809
(8,4),(14,5):7.166667
(8,4),(14,7):7.083333
(8,4),(10,7):16.400000
(8,4),(10,8):18.000000
(8,4),(5,8):22.666666
(8,4),(5,9):10.666667
(8,4),(15,9):1.041667
(8,4),(15,10):1.215504
(8,4),(16,10):0.166667
(8,4),(16,11):1.360303
(8,6),(9,6):19.000000
(8,6),(9,3):5.916667
(8,6),(12,3):5.750000
(8,6),(12,5):12.357142
(8,6),(14,5):14.066667
(8,6),(14,7):13.083333
(8,6),(10,7):24.650000
(8,6),(10,8):26.500000
(8,6),(5,8):35.233334
(8,6),(5,9):13.833333
(8,6),(15,9):0.083333
(8,6),(15,10):0.185507
(8,6),(16,10):0.000000
(8,6),(16,11):0.286255
(9,6),(9,3):15.666667
(9,6),(12,3):14.750000
(9,6),(12,5):23.357143
(9,6),(14,5):19.066668
(9,6),(14,7):20.000000
(9,6),(10,7):29.400000
(9,6),(10,8):17.000000
(9,6),(5,8):21.650000
(9,6),(5,9):5.000000
(9,6),(15,9):0.000000
(9,6),(15,10):0.033333
(9,6),(16,10):0.000000
(9,6),(16,11):0.096970
(9,3),(12,3):12.750000
(9,3),(12,5):15.166667
(9,3),(14,5):8.916667
(9,3),(14,7):12.666667
(9,3),(10,7):15.666667
(9,3),(10,8):5.000000
(9,3),(5,8):7.326923
(9,3),(5,9):0.000000
(9,3),(15,9):0.000000
(9,3),(15,10):0.000000
(9,3),(16,10):0.000000
(9,3),(16,11):0.000000
(12,3),(12,5):14.500000
(12,3),(14,5):8.000000
(12,3),(14,7):10.500000
(12,3),(10,7):14.750000
(12,3),(10,8):6.750000
(12,3),(5,8):7.600000
(12,3),(5,9):0.000000
(12,3),(15,9):0.000000
(12,3),(15,10):0.000000
(12,3),(16,10):0.000000
(12,3),(16,11):0.000000
(12,5),(14,5):16.666666
(12,5),(14,7):15.500000
(12,5),(10,7):22.900000
(12,5),(10,8):10.500000
(12,5),(5,8):15.007143
(12,5),(5,9):1.523810
(12,5),(15,9):0.000000
(12,5),(15,10):0.003089
(12,5),(16,10):0.000000
(12,5),(16,11):0.039928
(14,5),(14,7):12.500000
(14,5),(10,7):18.799999
(14,5),(10,8):10.400000
(14,5),(5,8):16.466667
(14,5),(5,9):2.666667
(14,5),(15,9):0.000000
(14,5),(15,10):0.000000
(14,5),(16,10):0.000000
(14,5),(16,11):0.000891
(14,7),(10,7):22.083334
(14,7),(10,8):12.083333
(14,7),(5,8):15.650000
(14,7),(5,9):3.333333
(14,7),(15,9):0.000000
(14,7),(15,10):0.000000
(14,7),(16,10):0.000000
(14,7),(16,11):0.000000
(10,7),(10,8):23.250000
(10,7),(5,8):27.299999
(10,7),(5,9):8.400000
(10,7),(15,9):0.000000
(10,7),(15,10):0.000000
(10,7),(16,10):0.000000
(10,7),(16,11):0.000000
(10,8),(5,8):26.750000
(10,8),(5,9):12.000000
(10,8),(15,9):0.000000
(10,8),(15,10):0.000000
(10,8),(16,10):0.000000
(10,8),(16,11):0.000000
(5,8),(5,9):31.916666
(5,8),(15,9):11.333333
(5,8),(15,10):10.700000
(5,8),(16,10):8.250000
(5,8),(16,11):4.363636
(5,9),(15,9):45.888889
(5,9),(15,10):44.150002
(5,9),(16,10):29.683332
(5,9),(16,11):24.813637
(15,9),(15,10):45.166668
(15,9),(16,10):30.900000
(15,9),(16,11):23.500000
(15,10),(16,10):32.066666
(15,10),(16,11):24.700001
(16,10),(16,11):13.000000
