52
(22,11):(20,10)	(20,13)	(21,10)	(21,11)	(21,12)	(22,10)	(22,11)	(22,12)	(23,10)	(24,10)	(25,10)	(26,9)	(26,11)	
(22,12):(20,10)	(21,10)	(21,11)	(21,12)	(22,10)	(22,11)	(22,12)	
(21,12):(15,18)	(16,17)	(17,16)	(17,17)	(18,15)	(18,16)	(19,14)	(19,15)	(20,10)	(20,13)	(20,14)	(20,15)	(21,10)	(21,11)	(21,12)	(21,16)	(22,10)	(22,11)	(22,12)	(23,10)	
(21,16):(1,15)	(2,16)	(3,14)	(3,15)	(3,16)	(4,15)	(4,16)	(5,15)	(5,16)	(6,15)	(6,16)	(7,15)	(7,16)	(8,15)	(8,16)	(9,15)	(9,16)	(10,15)	(10,16)	(11,15)	(11,16)	(12,15)	(12,16)	(13,15)	(13,16)	(14,15)	(14,16)	(15,15)	(15,16)	(16,15)	(16,16)	(17,15)	(17,16)	(18,15)	(18,16)	(19,13)	(19,14)	(19,15)	(20,10)	(20,13)	(20,14)	(20,15)	(21,10)	(21,11)	(21,12)	(21,16)	
(18,16):(1,15)	(2,16)	(2,17)	(2,18)	(3,14)	(3,15)	(3,16)	(3,17)	(4,15)	(4,16)	(4,17)	(5,15)	(5,16)	(5,17)	(6,15)	(6,16)	(6,17)	(7,15)	(7,16)	(7,17)	(8,15)	(8,16)	(8,17)	(9,15)	(9,16)	(9,17)	(10,15)	(10,16)	(10,17)	(11,15)	(11,16)	(12,15)	(12,16)	(13,15)	(13,16)	(13,17)	(13,19)	(14,15)	(14,16)	(14,17)	(14,18)	(15,15)	(15,16)	(15,17)	(15,18)	(16,15)	(16,16)	(16,17)	(17,15)	(17,16)	(17,17)	(18,15)	(18,16)	(18,18)	(19,14)	(19,15)	(20,13)	(20,14)	(20,15)	(21,12)	(21,16)	(22,10)	
(18,18):(3,14)	(3,15)	(4,15)	(5,15)	(6,15)	(7,15)	(8,15)	(8,16)	(9,15)	(9,16)	(10,15)	(10,16)	(11,15)	(11,16)	(12,15)	(12,16)	(13,15)	(13,16)	(13,17)	(14,15)	(14,16)	(14,17)	(14,18)	(15,15)	(15,16)	(15,17)	(15,18)	(16,15)	(16,16)	(16,17)	(17,15)	(17,16)	(17,17)	(18,15)	(18,16)	(18,18)	
(15,18):(9,15)	(10,15)	(11,15)	(11,16)	(12,15)	(12,16)	(13,15)	(13,16)	(13,17)	(13,19)	(14,15)	(14,16)	(14,17)	(14,18)	(15,15)	(15,16)	(15,17)	(15,18)	(15,19)	(16,15)	(16,16)	(16,17)	(17,15)	(17,16)	(17,17)	(18,15)	(18,16)	(18,18)	(19,14)	(19,15)	(20,13)	(20,14)	(21,12)	
(15,19):(11,15)	(12,15)	(12,16)	(13,15)	(13,16)	(13,17)	(13,19)	(14,15)	(14,16)	(14,17)	(14,18)	(15,15)	(15,16)	(15,17)	(15,18)	(15,19)	
(13,19):(13,15)	(13,16)	(13,17)	(13,19)	(14,15)	(14,16)	(14,17)	(14,18)	(15,15)	(15,16)	(15,17)	(15,18)	(15,19)	(16,15)	(16,16)	(16,17)	(17,15)	(17,16)	(17,17)	(18,15)	(18,16)	(19,14)	(19,15)	(20,14)	
(13,17):(1,15)	(2,16)	(2,17)	(3,14)	(3,15)	(3,16)	(3,17)	(4,15)	(4,16)	(4,17)	(5,15)	(5,16)	(5,17)	(6,15)	(6,16)	(6,17)	(7,15)	(7,16)	(7,17)	(8,15)	(8,16)	(8,17)	(9,15)	(9,16)	(9,17)	(10,15)	(10,16)	(10,17)	(11,15)	(11,16)	(12,15)	(12,16)	(13,15)	(13,16)	(13,17)	(13,19)	(14,15)	(14,16)	(14,17)	(14,18)	(15,15)	(15,16)	(15,17)	(15,18)	(15,19)	(16,15)	(16,16)	(16,17)	(17,15)	(17,16)	(17,17)	(18,15)	(18,16)	(18,18)	(19,14)	(19,15)	(20,14)	(20,15)	
(10,17):(1,15)	(2,16)	(2,17)	(2,18)	(2,19)	(2,20)	(2,21)	(2,22)	(3,14)	(3,15)	(3,16)	(3,17)	(3,18)	(3,19)	(3,20)	(3,21)	(4,15)	(4,16)	(4,17)	(4,18)	(4,19)	(4,20)	(4,21)	(4,22)	(4,25)	(5,15)	(5,16)	(5,17)	(5,18)	(5,19)	(5,20)	(5,21)	(5,22)	(5,23)	(5,24)	(6,15)	(6,16)	(6,17)	(6,18)	(6,19)	(6,20)	(6,21)	(6,22)	(6,23)	(7,15)	(7,16)	(7,17)	(7,18)	(7,19)	(7,20)	(7,21)	(7,22)	(8,15)	(8,16)	(8,17)	(8,18)	(8,19)	(8,20)	(8,21)	(8,22)	(9,15)	(9,16)	(9,17)	(9,18)	(9,19)	(9,20)	(9,21)	(9,22)	(10,15)	(10,16)	(10,17)	(10,20)	(10,21)	(10,22)	(11,15)	(11,16)	(12,15)	(12,16)	(13,15)	(13,16)	(13,17)	(14,15)	(14,16)	(14,17)	(15,15)	(15,16)	(15,17)	(16,15)	(16,16)	(16,17)	(17,15)	(17,16)	(17,17)	(18,15)	(18,16)	(19,14)	(19,15)	(20,14)	(20,15)	
(10,20):(1,15)	(2,16)	(2,17)	(2,18)	(2,19)	(2,20)	(2,21)	(2,22)	(3,14)	(3,15)	(3,16)	(3,17)	(3,18)	(3,19)	(3,20)	(3,21)	(4,15)	(4,16)	(4,17)	(4,18)	(4,19)	(4,20)	(4,21)	(4,22)	(5,15)	(5,16)	(5,17)	(5,18)	(5,19)	(5,20)	(5,21)	(5,22)	(5,23)	(6,15)	(6,16)	(6,17)	(6,18)	(6,19)	(6,20)	(6,21)	(6,22)	(6,23)	(7,15)	(7,16)	(7,17)	(7,18)	(7,19)	(7,20)	(7,21)	(7,22)	(8,15)	(8,16)	(8,17)	(8,18)	(8,19)	(8,20)	(8,21)	(8,22)	(9,15)	(9,16)	(9,17)	(9,18)	(9,19)	(9,20)	(9,21)	(9,22)	(10,15)	(10,16)	(10,17)	(10,20)	(10,21)	(10,22)	(11,21)	(11,22)	(12,21)	(12,22)	(13,21)	(13,22)	(14,21)	(14,22)	(15,21)	(15,22)	(16,21)	(16,23)	(17,20)	(17,21)	
(17,20):(2,20)	(2,21)	(2,22)	(3,20)	(3,21)	(4,20)	(4,21)	(4,22)	(5,20)	(5,21)	(5,22)	(5,23)	(6,20)	(6,21)	(6,22)	(6,23)	(7,20)	(7,21)	(7,22)	(8,20)	(8,21)	(8,22)	(9,20)	(9,21)	(9,22)	(10,20)	(10,21)	(10,22)	(11,21)	(11,22)	(12,21)	(12,22)	(13,21)	(13,22)	(14,21)	(14,22)	(15,21)	(15,22)	(16,21)	(17,20)	(17,21)	
(17,21):(2,19)	(2,20)	(2,21)	(3,19)	(3,20)	(3,21)	(4,20)	(4,21)	(5,20)	(5,21)	(6,20)	(6,21)	(7,20)	(7,21)	(8,20)	(8,21)	(9,20)	(9,21)	(10,20)	(10,21)	(11,21)	(12,21)	(13,21)	(14,21)	(15,21)	(16,21)	(17,20)	(17,21)	
(16,21):(2,19)	(2,20)	(2,21)	(2,22)	(3,19)	(3,20)	(3,21)	(4,19)	(4,20)	(4,21)	(4,22)	(5,20)	(5,21)	(5,22)	(5,23)	(6,20)	(6,21)	(6,22)	(6,23)	(7,20)	(7,21)	(7,22)	(8,20)	(8,21)	(8,22)	(9,20)	(9,21)	(9,22)	(10,20)	(10,21)	(10,22)	(11,21)	(11,22)	(12,21)	(12,22)	(13,21)	(13,22)	(14,21)	(14,22)	(15,21)	(15,22)	(16,21)	(16,23)	(17,20)	(17,21)	
(16,23):(2,16)	(2,17)	(2,18)	(2,19)	(2,20)	(2,21)	(3,17)	(3,18)	(3,19)	(3,20)	(3,21)	(4,17)	(4,18)	(4,19)	(4,20)	(4,21)	(4,22)	(5,18)	(5,19)	(5,20)	(5,21)	(5,22)	(5,23)	(6,18)	(6,19)	(6,20)	(6,21)	(6,22)	(6,23)	(7,19)	(7,20)	(7,21)	(7,22)	(8,19)	(8,20)	(8,21)	(8,22)	(9,20)	(9,21)	(9,22)	(10,20)	(10,21)	(10,22)	(11,21)	(11,22)	(12,21)	(12,22)	(13,21)	(13,22)	(14,21)	(14,22)	(15,21)	(15,22)	(16,21)	(16,23)	
(6,23):(1,15)	(2,16)	(2,17)	(2,18)	(2,19)	(2,20)	(2,21)	(3,14)	(3,15)	(3,16)	(3,17)	(3,18)	(3,19)	(3,20)	(3,21)	(4,15)	(4,16)	(4,17)	(4,18)	(4,19)	(4,20)	(4,21)	(4,22)	(4,25)	(5,15)	(5,16)	(5,17)	(5,18)	(5,19)	(5,20)	(5,21)	(5,22)	(5,23)	(5,24)	(6,15)	(6,16)	(6,17)	(6,18)	(6,19)	(6,20)	(6,21)	(6,22)	(6,23)	(6,24)	(7,15)	(7,16)	(7,17)	(7,18)	(7,19)	(7,20)	(7,21)	(7,22)	(8,15)	(8,16)	(8,17)	(8,18)	(8,19)	(8,20)	(8,21)	(8,22)	(9,15)	(9,16)	(9,17)	(9,18)	(9,19)	(9,20)	(9,21)	(9,22)	(10,15)	(10,16)	(10,17)	(10,20)	(10,21)	(10,22)	(11,15)	(11,21)	(11,22)	(12,21)	(12,22)	(13,21)	(13,22)	(14,21)	(14,22)	(15,21)	(15,22)	(16,21)	(16,23)	(17,20)	
(6,24):(1,15)	(2,16)	(2,17)	(2,18)	(2,19)	(2,20)	(3,14)	(3,15)	(3,16)	(3,17)	(3,18)	(3,19)	(3,20)	(3,21)	(4,15)	(4,16)	(4,17)	(4,18)	(4,19)	(4,20)	(4,21)	(4,22)	(5,15)	(5,16)	(5,17)	(5,18)	(5,19)	(5,20)	(5,21)	(5,22)	(5,23)	(5,24)	(6,15)	(6,16)	(6,17)	(6,18)	(6,19)	(6,20)	(6,21)	(6,22)	(6,23)	(6,24)	
(5,24):(1,15)	(2,16)	(2,17)	(2,18)	(3,14)	(3,15)	(3,16)	(3,17)	(3,18)	(3,19)	(3,20)	(4,15)	(4,16)	(4,17)	(4,18)	(4,19)	(4,20)	(4,21)	(4,22)	(4,25)	(5,15)	(5,16)	(5,17)	(5,18)	(5,19)	(5,20)	(5,21)	(5,22)	(5,23)	(5,24)	(5,25)	(6,15)	(6,16)	(6,17)	(6,18)	(6,19)	(6,20)	(6,21)	(6,22)	(6,23)	(6,24)	(7,15)	(7,16)	(7,17)	(7,18)	(7,19)	(7,20)	(7,21)	(7,22)	(8,15)	(8,16)	(8,17)	(8,18)	(8,19)	(8,20)	(8,21)	(9,15)	(9,16)	(9,17)	(9,18)	(9,19)	(9,20)	(10,15)	(10,16)	(10,17)	(11,15)	
(5,25):(2,16)	(3,14)	(3,15)	(3,16)	(3,17)	(3,18)	(3,19)	(4,15)	(4,16)	(4,17)	(4,18)	(4,19)	(4,20)	(4,21)	(4,22)	(4,25)	(5,15)	(5,16)	(5,17)	(5,18)	(5,19)	(5,20)	(5,21)	(5,22)	(5,23)	(5,24)	(5,25)	
(4,25):(4,15)	(4,16)	(4,17)	(4,18)	(4,19)	(4,20)	(4,21)	(4,22)	(4,25)	(5,15)	(5,16)	(5,17)	(5,18)	(5,19)	(5,20)	(5,21)	(5,22)	(5,23)	(5,24)	(5,25)	(6,15)	(6,16)	(6,17)	(6,18)	(6,19)	(6,20)	(6,21)	(6,22)	(6,23)	(7,15)	(7,16)	(7,17)	(7,18)	(7,19)	(7,20)	(7,21)	(7,22)	(8,15)	(8,16)	(8,17)	(8,18)	(8,19)	(8,20)	(8,21)	(9,15)	(9,16)	(9,17)	(9,18)	(9,19)	(9,20)	(10,15)	(10,16)	(10,17)	(11,15)	
(4,22):(1,15)	(2,16)	(2,17)	(2,18)	(2,19)	(2,20)	(2,21)	(2,22)	(3,14)	(3,15)	(3,16)	(3,17)	(3,18)	(3,19)	(3,20)	(3,21)	(4,15)	(4,16)	(4,17)	(4,18)	(4,19)	(4,20)	(4,21)	(4,22)	(4,25)	(5,15)	(5,16)	(5,17)	(5,18)	(5,19)	(5,20)	(5,21)	(5,22)	(5,23)	(5,24)	(5,25)	(6,15)	(6,16)	(6,17)	(6,18)	(6,19)	(6,20)	(6,21)	(6,22)	(6,23)	(6,24)	(7,15)	(7,16)	(7,17)	(7,18)	(7,19)	(7,20)	(7,21)	(7,22)	(8,15)	(8,16)	(8,17)	(8,18)	(8,19)	(8,20)	(8,21)	(8,22)	(9,15)	(9,16)	(9,17)	(9,18)	(9,19)	(9,20)	(9,21)	(9,22)	(10,15)	(10,16)	(10,17)	(10,20)	(10,21)	(10,22)	(11,15)	(11,16)	(11,21)	(11,22)	(12,15)	(12,21)	(12,22)	(13,21)	(13,22)	(14,21)	(14,22)	(15,21)	(15,22)	(16,21)	(16,23)	(17,20)	
(2,22):(1,15)	(1,26)	(2,16)	(2,17)	(2,18)	(2,19)	(2,20)	(2,21)	(2,22)	(2,26)	(3,15)	(3,16)	(3,17)	(3,18)	(3,19)	(3,20)	(3,21)	(4,15)	(4,16)	(4,17)	(4,18)	(4,19)	(4,20)	(4,21)	(4,22)	(5,15)	(5,16)	(5,17)	(5,18)	(5,19)	(5,20)	(5,21)	(5,22)	(6,15)	(6,16)	(6,17)	(6,18)	(6,19)	(6,20)	(6,21)	(6,22)	(7,15)	(7,16)	(7,17)	(7,18)	(7,19)	(7,20)	(7,21)	(7,22)	(8,15)	(8,16)	(8,17)	(8,18)	(8,19)	(8,20)	(8,21)	(8,22)	(9,15)	(9,16)	(9,17)	(9,18)	(9,19)	(9,20)	(9,21)	(9,22)	(10,15)	(10,16)	(10,17)	(10,20)	(10,21)	(10,22)	(11,15)	(11,16)	(11,21)	(11,22)	(12,15)	(12,21)	(12,22)	(13,15)	(13,21)	(13,22)	(14,21)	(14,22)	(15,21)	(15,22)	(16,21)	(17,20)	
(2,26):(1,15)	(1,26)	(2,16)	(2,17)	(2,18)	(2,19)	(2,20)	(2,21)	(2,22)	(2,26)	
(1,26):(1,15)	(1,26)	(2,16)	(2,17)	(2,18)	(2,19)	(2,20)	(2,21)	(2,22)	(2,26)	(3,15)	(3,16)	(3,17)	(3,18)	
(1,15):(1,15)	(1,26)	(2,16)	(2,17)	(2,18)	(2,19)	(2,20)	(2,21)	(2,22)	(2,26)	(3,15)	(3,16)	(3,17)	(3,18)	(3,19)	(3,20)	(3,21)	(4,15)	(4,16)	(4,17)	(4,18)	(4,19)	(4,20)	(4,21)	(4,22)	(5,15)	(5,16)	(5,17)	(5,18)	(5,19)	(5,20)	(5,21)	(5,22)	(5,23)	(5,24)	(6,15)	(6,16)	(6,17)	(6,18)	(6,19)	(6,20)	(6,21)	(6,22)	(6,23)	(6,24)	(7,15)	(7,16)	(7,17)	(7,18)	(7,19)	(7,20)	(7,21)	(7,22)	(8,15)	(8,16)	(8,17)	(8,18)	(8,19)	(8,20)	(8,21)	(8,22)	(9,15)	(9,16)	(9,17)	(9,18)	(9,19)	(9,20)	(9,21)	(9,22)	(10,15)	(10,16)	(10,17)	(10,20)	(10,21)	(10,22)	(11,15)	(11,16)	(11,21)	(11,22)	(12,15)	(12,16)	(12,22)	(13,15)	(13,16)	(13,17)	(13,22)	(14,15)	(14,16)	(14,17)	(15,15)	(15,16)	(15,17)	(16,15)	(16,16)	(16,17)	(17,15)	(17,16)	(17,17)	(18,15)	(18,16)	(19,15)	(20,15)	(21,16)	
(3,15):(1,15)	(1,26)	(2,16)	(2,17)	(2,18)	(2,19)	(2,20)	(2,21)	(2,22)	(3,14)	(3,15)	(3,16)	(3,17)	(3,18)	(3,19)	(3,20)	(3,21)	(4,15)	(4,16)	(4,17)	(4,18)	(4,19)	(4,20)	(4,21)	(4,22)	(5,15)	(5,16)	(5,17)	(5,18)	(5,19)	(5,20)	(5,21)	(5,22)	(5,23)	(5,24)	(5,25)	(6,15)	(6,16)	(6,17)	(6,18)	(6,19)	(6,20)	(6,21)	(6,22)	(6,23)	(6,24)	(7,15)	(7,16)	(7,17)	(7,18)	(7,19)	(7,20)	(7,21)	(7,22)	(8,15)	(8,16)	(8,17)	(8,18)	(8,19)	(8,20)	(8,21)	(8,22)	(9,15)	(9,16)	(9,17)	(9,18)	(9,19)	(9,20)	(9,21)	(9,22)	(10,15)	(10,16)	(10,17)	(10,20)	(10,21)	(10,22)	(11,15)	(11,16)	(11,21)	(11,22)	(12,15)	(12,16)	(12,22)	(13,15)	(13,16)	(13,17)	(14,15)	(14,16)	(14,17)	(15,15)	(15,16)	(15,17)	(16,15)	(16,16)	(16,17)	(17,15)	(17,16)	(17,17)	(18,15)	(18,16)	(18,18)	(19,14)	(19,15)	(20,14)	(20,15)	(21,16)	
(3,14):(3,14)	(3,15)	(3,16)	(3,17)	(3,18)	(3,19)	(3,20)	(3,21)	(4,15)	(4,16)	(4,17)	(4,18)	(4,19)	(4,20)	(4,21)	(4,22)	(5,15)	(5,16)	(5,17)	(5,18)	(5,19)	(5,20)	(5,21)	(5,22)	(5,23)	(5,24)	(5,25)	(6,15)	(6,16)	(6,17)	(6,18)	(6,19)	(6,20)	(6,21)	(6,22)	(6,23)	(6,24)	(7,15)	(7,16)	(7,17)	(7,18)	(7,19)	(7,20)	(7,21)	(7,22)	(8,15)	(8,16)	(8,17)	(8,18)	(8,19)	(8,20)	(8,21)	(8,22)	(9,15)	(9,16)	(9,17)	(9,18)	(9,19)	(9,20)	(9,21)	(9,22)	(10,15)	(10,16)	(10,17)	(10,20)	(10,21)	(10,22)	(11,15)	(11,16)	(11,21)	(11,22)	(12,15)	(12,16)	(12,22)	(13,15)	(13,16)	(13,17)	(14,15)	(14,16)	(14,17)	(15,15)	(15,16)	(15,17)	(16,15)	(16,16)	(16,17)	(17,15)	(17,16)	(17,17)	(18,15)	(18,16)	(18,18)	(19,14)	(19,15)	(20,14)	(20,15)	(21,16)	
(19,14):(2,16)	(2,17)	(2,18)	(2,19)	(3,14)	(3,15)	(3,16)	(3,17)	(3,18)	(3,19)	(4,15)	(4,16)	(4,17)	(4,18)	(4,19)	(5,15)	(5,16)	(5,17)	(5,18)	(6,15)	(6,16)	(6,17)	(6,18)	(7,15)	(7,16)	(7,17)	(7,18)	(8,15)	(8,16)	(8,17)	(9,15)	(9,16)	(9,17)	(10,15)	(10,16)	(10,17)	(11,15)	(11,16)	(12,15)	(12,16)	(13,15)	(13,16)	(13,17)	(13,19)	(14,15)	(14,16)	(14,17)	(14,18)	(15,15)	(15,16)	(15,17)	(15,18)	(16,15)	(16,16)	(16,17)	(17,15)	(17,16)	(17,17)	(18,15)	(18,16)	(19,13)	(19,14)	(19,15)	(20,13)	(20,14)	(20,15)	(21,12)	(21,16)	
(19,13):(19,13)	(19,14)	(19,15)	(20,13)	(20,14)	(20,15)	(21,16)	
(20,13):(15,18)	(16,17)	(17,16)	(17,17)	(18,15)	(18,16)	(19,13)	(19,14)	(19,15)	(20,10)	(20,13)	(20,14)	(20,15)	(21,10)	(21,11)	(21,12)	(21,16)	(22,10)	(22,11)	(23,10)	
(20,10):(11,10)	(12,9)	(20,10)	(20,13)	(20,14)	(20,15)	(21,10)	(21,11)	(21,12)	(21,16)	(22,10)	(22,11)	(22,12)	(23,10)	(24,10)	(25,10)	(26,9)	(26,11)	
(11,10):(11,2)	(11,3)	(11,4)	(11,5)	(11,6)	(11,10)	(12,2)	(12,3)	(12,4)	(12,5)	(12,6)	(12,7)	(12,9)	(13,2)	(13,3)	(13,4)	(14,1)	(20,10)	(21,10)	(22,10)	(23,10)	(24,10)	(25,10)	(26,9)	
(11,6):(7,4)	(8,1)	(8,4)	(8,5)	(8,6)	(9,2)	(9,3)	(9,4)	(9,5)	(9,6)	(10,2)	(10,3)	(10,4)	(10,5)	(11,2)	(11,3)	(11,4)	(11,5)	(11,6)	(11,10)	(12,2)	(12,3)	(12,4)	(12,5)	(12,6)	(12,7)	(12,9)	(13,2)	(13,3)	(13,4)	(13,5)	(13,6)	(14,1)	(14,2)	(14,3)	(14,4)	(14,5)	(14,6)	(15,3)	(15,4)	(15,5)	(15,6)	(16,3)	(16,4)	(16,5)	(16,6)	(17,3)	(17,4)	(17,5)	(17,6)	(18,3)	(18,4)	(18,5)	(18,6)	(19,3)	(19,4)	(19,5)	(19,6)	(20,3)	(20,4)	(20,5)	(20,6)	(21,3)	(21,4)	(21,5)	(21,6)	(22,3)	(22,4)	(22,5)	(22,6)	(23,3)	(23,4)	(23,5)	(23,7)	(24,3)	(25,2)	
(9,6):(7,4)	(7,8)	(8,1)	(8,4)	(8,5)	(8,6)	(8,7)	(9,2)	(9,3)	(9,4)	(9,5)	(9,6)	(9,8)	(10,2)	(10,3)	(10,4)	(10,5)	(11,2)	(11,3)	(11,4)	(11,5)	(11,6)	(12,2)	(12,3)	(12,4)	(12,5)	(12,6)	(13,2)	(13,3)	(13,4)	(13,5)	(13,6)	(14,1)	(14,2)	(14,3)	(14,4)	(14,5)	(14,6)	(15,3)	(15,4)	(15,5)	(15,6)	(16,3)	(16,4)	(16,5)	(16,6)	(17,3)	(17,4)	(17,5)	(17,6)	(18,3)	(18,4)	(18,5)	(18,6)	(19,3)	(19,4)	(19,5)	(19,6)	(20,3)	(20,4)	(20,5)	(20,6)	(21,3)	(21,4)	(21,5)	(21,6)	(22,3)	(22,4)	(22,5)	(22,6)	(23,3)	(23,4)	(23,5)	(24,3)	(25,2)	
(9,8):(7,4)	(7,8)	(8,1)	(8,4)	(8,5)	(8,6)	(8,7)	(9,2)	(9,3)	(9,4)	(9,5)	(9,6)	(9,8)	
(7,8):(7,4)	(7,8)	(8,4)	(8,5)	(8,6)	(8,7)	(9,2)	(9,3)	(9,4)	(9,5)	(9,6)	(9,8)	(10,2)	(10,3)	(10,4)	(10,5)	(11,2)	(11,3)	(11,4)	(12,2)	(12,3)	(13,2)	(14,1)	
(7,4):(7,4)	(7,8)	(8,4)	(8,5)	(8,6)	(8,7)	(9,4)	(9,5)	(9,6)	(9,8)	(10,4)	(10,5)	(11,4)	(11,5)	(11,6)	(12,4)	(12,5)	(12,6)	(13,4)	(13,5)	(13,6)	(14,4)	(14,5)	(14,6)	(15,4)	(15,5)	(15,6)	(16,4)	(16,5)	(16,6)	(17,4)	(17,5)	(17,6)	(18,4)	(18,5)	(18,6)	(19,4)	(19,5)	(19,6)	(20,4)	(20,5)	(20,6)	(21,4)	(21,5)	(21,6)	(22,4)	(22,5)	(22,6)	(23,4)	(23,5)	(23,7)	(24,5)	
(8,4):(7,4)	(7,8)	(8,1)	(8,4)	(8,5)	(8,6)	(8,7)	(9,2)	(9,3)	(9,4)	(9,5)	(9,6)	(9,8)	(10,2)	(10,3)	(10,4)	(10,5)	(11,2)	(11,3)	(11,4)	(11,5)	(11,6)	(12,2)	(12,3)	(12,4)	(12,5)	(12,6)	(13,2)	(13,3)	(13,4)	(13,5)	(13,6)	(14,1)	(14,2)	(14,3)	(14,4)	(14,5)	(14,6)	(15,3)	(15,4)	(15,5)	(15,6)	(16,3)	(16,4)	(16,5)	(16,6)	(17,3)	(17,4)	(17,5)	(17,6)	(18,3)	(18,4)	(18,5)	(18,6)	(19,3)	(19,4)	(19,5)	(19,6)	(20,3)	(20,4)	(20,5)	(20,6)	(21,3)	(21,4)	(21,5)	(21,6)	(22,3)	(22,4)	(22,5)	(22,6)	(23,3)	(23,4)	(23,5)	(23,7)	(24,3)	(24,5)	(25,2)	
(8,1):(8,1)	(8,4)	(8,5)	(8,6)	(8,7)	(9,2)	(9,3)	(9,4)	(9,5)	(9,6)	(9,8)	(10,2)	(10,3)	(10,4)	(10,5)	(11,2)	(11,3)	(11,4)	(11,5)	(11,6)	(12,2)	(12,3)	(12,4)	(12,5)	(12,6)	(12,7)	(13,2)	(13,3)	(13,4)	(13,5)	(13,6)	(14,1)	(14,2)	(14,3)	(14,4)	(14,5)	(14,6)	(15,3)	(15,4)	(15,5)	(15,6)	(16,3)	(16,4)	(16,5)	(16,6)	(17,3)	(17,4)	(17,5)	(17,6)	(18,3)	(18,4)	(18,5)	(18,6)	(19,3)	(19,4)	(19,5)	(19,6)	(20,3)	(20,4)	(20,5)	(20,6)	(21,4)	(21,5)	(21,6)	(22,4)	(22,5)	(22,6)	(23,4)	(23,5)	(23,7)	(24,5)	
(14,1):(7,8)	(8,1)	(8,4)	(8,5)	(8,6)	(8,7)	(9,2)	(9,3)	(9,4)	(9,5)	(9,6)	(10,2)	(10,3)	(10,4)	(10,5)	(11,2)	(11,3)	(11,4)	(11,5)	(11,6)	(11,10)	(12,2)	(12,3)	(12,4)	(12,5)	(12,6)	(12,7)	(13,2)	(13,3)	(13,4)	(13,5)	(13,6)	(14,1)	(14,2)	(14,3)	(14,4)	(14,5)	(14,6)	
(14,2):(8,1)	(8,4)	(8,5)	(8,6)	(9,2)	(9,3)	(9,4)	(9,5)	(9,6)	(10,2)	(10,3)	(10,4)	(10,5)	(11,2)	(11,3)	(11,4)	(11,5)	(11,6)	(12,2)	(12,3)	(12,4)	(12,5)	(12,6)	(12,7)	(13,2)	(13,3)	(13,4)	(13,5)	(13,6)	(14,1)	(14,2)	(14,3)	(14,4)	(14,5)	(14,6)	(15,3)	(15,4)	(15,5)	(15,6)	(16,3)	(16,4)	(16,5)	(16,6)	(17,3)	(17,4)	(17,5)	(17,6)	(18,3)	(18,4)	(18,5)	(18,6)	(19,3)	(19,4)	(19,5)	(19,6)	(20,3)	(20,4)	(20,5)	(20,6)	(21,3)	(21,4)	(21,5)	(21,6)	(22,3)	(22,4)	(22,5)	(22,6)	(23,3)	(23,4)	(23,5)	(23,7)	(24,3)	(24,5)	(25,2)	(25,3)	
(25,2):(8,4)	(8,5)	(8,6)	(9,2)	(9,3)	(9,4)	(9,5)	(9,6)	(10,2)	(10,3)	(10,4)	(10,5)	(11,2)	(11,3)	(11,4)	(11,5)	(11,6)	(12,2)	(12,3)	(12,4)	(12,5)	(12,6)	(12,7)	(13,2)	(13,3)	(13,4)	(13,5)	(13,6)	(14,2)	(14,3)	(14,4)	(14,5)	(14,6)	(15,3)	(15,4)	(15,5)	(15,6)	(16,3)	(16,4)	(16,5)	(16,6)	(17,3)	(17,4)	(17,5)	(17,6)	(18,3)	(18,4)	(18,5)	(18,6)	(19,3)	(19,4)	(19,5)	(19,6)	(20,3)	(20,4)	(20,5)	(20,6)	(21,3)	(21,4)	(21,5)	(21,6)	(22,3)	(22,4)	(22,5)	(23,3)	(23,4)	(24,3)	(25,2)	(25,3)	
(25,3):(9,2)	(9,3)	(10,2)	(10,3)	(11,2)	(11,3)	(12,2)	(12,3)	(13,2)	(13,3)	(14,2)	(14,3)	(15,3)	(16,3)	(17,3)	(18,3)	(19,3)	(20,3)	(21,3)	(22,3)	(23,3)	(24,3)	(25,2)	(25,3)	
(24,3):(8,4)	(8,5)	(8,6)	(9,2)	(9,3)	(9,4)	(9,5)	(9,6)	(10,2)	(10,3)	(10,4)	(10,5)	(11,2)	(11,3)	(11,4)	(11,5)	(11,6)	(12,2)	(12,3)	(12,4)	(12,5)	(12,6)	(12,7)	(13,2)	(13,3)	(13,4)	(13,5)	(13,6)	(14,2)	(14,3)	(14,4)	(14,5)	(14,6)	(15,3)	(15,4)	(15,5)	(15,6)	(16,3)	(16,4)	(16,5)	(16,6)	(17,3)	(17,4)	(17,5)	(17,6)	(18,3)	(18,4)	(18,5)	(18,6)	(19,3)	(19,4)	(19,5)	(19,6)	(20,3)	(20,4)	(20,5)	(20,6)	(21,3)	(21,4)	(21,5)	(21,6)	(22,3)	(22,4)	(22,5)	(22,6)	(23,3)	(23,4)	(23,5)	(24,3)	(24,5)	(25,2)	(25,3)	
(24,5):(7,4)	(8,1)	(8,4)	(8,5)	(9,2)	(9,3)	(9,4)	(9,5)	(10,2)	(10,3)	(10,4)	(10,5)	(11,2)	(11,3)	(11,4)	(11,5)	(12,2)	(12,3)	(12,4)	(12,5)	(13,2)	(13,3)	(13,4)	(13,5)	(14,2)	(14,3)	(14,4)	(14,5)	(15,3)	(15,4)	(15,5)	(16,3)	(16,4)	(16,5)	(17,3)	(17,4)	(17,5)	(18,3)	(18,4)	(18,5)	(19,3)	(19,4)	(19,5)	(20,3)	(20,4)	(20,5)	(21,3)	(21,4)	(21,5)	(22,3)	(22,4)	(22,5)	(23,3)	(23,4)	(23,5)	(24,3)	(24,5)	
(23,5):(7,4)	(8,1)	(8,4)	(8,5)	(8,6)	(9,2)	(9,3)	(9,4)	(9,5)	(9,6)	(10,2)	(10,3)	(10,4)	(10,5)	(11,2)	(11,3)	(11,4)	(11,5)	(11,6)	(12,2)	(12,3)	(12,4)	(12,5)	(12,6)	(12,7)	(13,2)	(13,3)	(13,4)	(13,5)	(13,6)	(14,2)	(14,3)	(14,4)	(14,5)	(14,6)	(15,3)	(15,4)	(15,5)	(15,6)	(16,3)	(16,4)	(16,5)	(16,6)	(17,3)	(17,4)	(17,5)	(17,6)	(18,3)	(18,4)	(18,5)	(18,6)	(19,3)	(19,4)	(19,5)	(19,6)	(20,3)	(20,4)	(20,5)	(20,6)	(21,3)	(21,4)	(21,5)	(21,6)	(22,3)	(22,4)	(22,5)	(22,6)	(23,3)	(23,4)	(23,5)	(23,7)	(24,3)	(24,5)	
(23,7):(7,4)	(8,1)	(8,4)	(8,5)	(9,2)	(9,3)	(9,4)	(9,5)	(10,2)	(10,3)	(10,4)	(10,5)	(11,2)	(11,3)	(11,4)	(11,5)	(11,6)	(12,2)	(12,3)	(12,4)	(12,5)	(12,6)	(12,7)	(13,2)	(13,3)	(13,4)	(13,5)	(13,6)	(14,2)	(14,3)	(14,4)	(14,5)	(14,6)	(15,3)	(15,4)	(15,5)	(15,6)	(16,3)	(16,4)	(16,5)	(16,6)	(17,3)	(17,4)	(17,5)	(17,6)	(18,3)	(18,4)	(18,5)	(18,6)	(19,3)	(19,4)	(19,5)	(19,6)	(20,3)	(20,4)	(20,5)	(20,6)	(21,3)	(21,4)	(21,5)	(21,6)	(22,3)	(22,4)	(22,5)	(22,6)	(23,3)	(23,4)	(23,5)	(23,7)	
(12,7):(8,1)	(9,2)	(9,3)	(9,4)	(10,2)	(10,3)	(10,4)	(10,5)	(11,2)	(11,3)	(11,4)	(11,5)	(11,6)	(11,10)	(12,2)	(12,3)	(12,4)	(12,5)	(12,6)	(12,7)	(12,9)	(13,2)	(13,3)	(13,4)	(13,5)	(13,6)	(14,1)	(14,2)	(14,3)	(14,4)	(14,5)	(14,6)	(15,3)	(15,4)	(15,5)	(15,6)	(16,3)	(16,4)	(16,5)	(16,6)	(17,3)	(17,4)	(17,5)	(17,6)	(18,3)	(18,4)	(18,5)	(18,6)	(19,3)	(19,4)	(19,5)	(19,6)	(20,3)	(20,4)	(20,5)	(20,6)	(21,3)	(21,4)	(21,5)	(21,6)	(22,3)	(22,4)	(22,5)	(22,6)	(23,3)	(23,4)	(23,5)	(23,7)	(24,3)	(25,2)	
(12,9):(10,2)	(10,3)	(11,2)	(11,3)	(11,4)	(11,5)	(11,6)	(11,10)	(12,2)	(12,3)	(12,4)	(12,5)	(12,6)	(12,7)	(12,9)	(20,10)	(21,10)	(22,10)	(23,10)	(24,10)	(25,10)	(26,9)	
(26,9):(11,10)	(12,9)	(20,10)	(21,10)	(21,11)	(22,10)	(22,11)	(23,10)	(24,10)	(25,10)	(26,9)	(26,11)	
(26,11):(20,10)	(21,10)	(21,11)	(22,10)	(22,11)	(23,10)	(24,10)	(25,10)	(26,9)	(26,11)	
(22,11):15.500000
(22,12):6.500000
(21,12):19.250000
(21,16):44.083332
(18,16):70.104164
(18,18):40.000000
(15,18):36.000000
(15,19):14.500000
(13,19):24.716667
(13,17):62.099998
(10,17):108.726189
(10,20):96.625000
(17,20):41.612122
(17,21):21.785715
(16,21):50.185715
(16,23):61.875000
(6,23):98.150002
(6,24):37.500000
(5,24):65.214287
(5,25):20.166666
(4,25):51.875000
(4,22):103.358330
(2,22):94.092857
(2,26):11.000000
(1,26):17.909090
(1,15):103.349998
(3,15):120.139282
(3,14):103.020836
(19,14):76.375000
(19,13):6.000000
(20,13):19.166666
(20,10):27.062500
(11,10):29.000000
(11,6):87.009613
(9,6):75.864288
(9,8):11.000000
(7,8):22.375000
(7,4):48.000000
(8,4):87.218750
(8,1):74.500000
(14,1):38.250000
(14,2):86.683334
(25,2):72.633484
(25,3):18.636364
(24,3):79.335419
(24,5):53.333332
(23,5):81.983765
(23,7):78.433334
(12,7):80.242424
(12,9):29.416666
(26,9):22.000000
(26,11):15.000000
(22,11),(22,12):6.500000
(22,11),(21,12):8.750000
(22,11),(21,16):3.583333
(22,11),(18,16):1.541667
(22,11),(18,18):0.000000
(22,11),(15,18):0.000000
(22,11),(15,19):0.000000
(22,11),(13,19):0.000000
(22,11),(13,17):0.000000
(22,11),(10,17):0.000000
(22,11),(10,20):0.000000
(22,11),(17,20):0.000000
(22,11),(17,21):0.000000
(22,11),(16,21):0.000000
(22,11),(16,23):0.000000
(22,11),(6,23):0.000000
(22,11),(6,24):0.000000
(22,11),(5,24):0.000000
(22,11),(5,25):0.000000
(22,11),(4,25):0.000000
(22,11),(4,22):0.000000
(22,11),(2,22):0.000000
(22,11),(2,26):0.000000
(22,11),(1,26):0.000000
(22,11),(1,15):0.000000
(22,11),(3,15):0.000000
(22,11),(3,14):0.000000
(22,11),(19,14):0.000000
(22,11),(19,13):0.000000
(22,11),(20,13):8.000000
(22,11),(20,10):15.500000
(22,11),(11,10):7.000000
(22,11),(11,6):0.000000
(22,11),(9,6):0.000000
(22,11),(9,8):0.000000
(22,11),(7,8):0.000000
(22,11),(7,4):0.000000
(22,11),(8,4):0.000000
(22,11),(8,1):0.000000
(22,11),(14,1):0.000000
(22,11),(14,2):0.000000
(22,11),(25,2):0.000000
(22,11),(25,3):0.000000
(22,11),(24,3):0.000000
(22,11),(24,5):0.000000
(22,11),(23,5):0.000000
(22,11),(23,7):0.000000
(22,11),(12,7):0.000000
(22,11),(12,9):9.250000
(22,11),(26,9):14.000000
(22,11),(26,11):13.000000
(22,12),(21,12):6.250000
(22,12),(21,16):3.083333
(22,12),(18,16):0.666667
(22,12),(18,18):0.000000
(22,12),(15,18):0.000000
(22,12),(15,19):0.000000
(22,12),(13,19):0.000000
(22,12),(13,17):0.000000
(22,12),(10,17):0.000000
(22,12),(10,20):0.000000
(22,12),(17,20):0.000000
(22,12),(17,21):0.000000
(22,12),(16,21):0.000000
(22,12),(16,23):0.000000
(22,12),(6,23):0.000000
(22,12),(6,24):0.000000
(22,12),(5,24):0.000000
(22,12),(5,25):0.000000
(22,12),(4,25):0.000000
(22,12),(4,22):0.000000
(22,12),(2,22):0.000000
(22,12),(2,26):0.000000
(22,12),(1,26):0.000000
(22,12),(1,15):0.000000
(22,12),(3,15):0.000000
(22,12),(3,14):0.000000
(22,12),(19,14):0.000000
(22,12),(19,13):0.000000
(22,12),(20,13):5.500000
(22,12),(20,10):6.500000
(22,12),(11,10):2.500000
(22,12),(11,6):0.000000
(22,12),(9,6):0.000000
(22,12),(9,8):0.000000
(22,12),(7,8):0.000000
(22,12),(7,4):0.000000
(22,12),(8,4):0.000000
(22,12),(8,1):0.000000
(22,12),(14,1):0.000000
(22,12),(14,2):0.000000
(22,12),(25,2):0.000000
(22,12),(25,3):0.000000
(22,12),(24,3):0.000000
(22,12),(24,5):0.000000
(22,12),(23,5):0.000000
(22,12),(23,7):0.000000
(22,12),(12,7):0.000000
(22,12),(12,9):2.750000
(22,12),(26,9):5.500000
(22,12),(26,11):4.500000
(21,12),(21,16):11.583333
(21,12),(18,16):12.041667
(21,12),(18,18):3.000000
(21,12),(15,18):7.500000
(21,12),(15,19):0.000000
(21,12),(13,19):6.566667
(21,12),(13,17):8.600000
(21,12),(10,17):7.229167
(21,12),(10,20):0.000000
(21,12),(17,20):0.000000
(21,12),(17,21):0.000000
(21,12),(16,21):0.000000
(21,12),(16,23):0.000000
(21,12),(6,23):0.000000
(21,12),(6,24):0.000000
(21,12),(5,24):0.000000
(21,12),(5,25):0.000000
(21,12),(4,25):0.000000
(21,12),(4,22):0.000000
(21,12),(2,22):0.000000
(21,12),(2,26):0.000000
(21,12),(1,26):0.000000
(21,12),(1,15):5.320106
(21,12),(3,15):8.070652
(21,12),(3,14):8.294871
(21,12),(19,14):10.500000
(21,12),(19,13):5.500000
(21,12),(20,13):18.500000
(21,12),(20,10):12.250000
(21,12),(11,10):3.750000
(21,12),(11,6):0.000000
(21,12),(9,6):0.000000
(21,12),(9,8):0.000000
(21,12),(7,8):0.000000
(21,12),(7,4):0.000000
(21,12),(8,4):0.000000
(21,12),(8,1):0.000000
(21,12),(14,1):0.000000
(21,12),(14,2):0.000000
(21,12),(25,2):0.000000
(21,12),(25,3):0.000000
(21,12),(24,3):0.000000
(21,12),(24,5):0.000000
(21,12),(23,5):0.000000
(21,12),(23,7):0.000000
(21,12),(12,7):0.000000
(21,12),(12,9):4.250000
(21,12),(26,9):7.250000
(21,12),(26,11):6.250000
(21,16),(18,16):40.500000
(21,16),(18,18):27.500000
(21,16),(15,18):23.000000
(21,16),(15,19):8.000000
(21,16),(13,19):14.966666
(21,16),(13,17):38.099998
(21,16),(10,17):38.104168
(21,16),(10,20):16.000000
(21,16),(17,20):0.000000
(21,16),(17,21):0.000000
(21,16),(16,21):0.000000
(21,16),(16,23):0.250000
(21,16),(6,23):18.666666
(21,16),(6,24):8.000000
(21,16),(5,24):18.857143
(21,16),(5,25):5.166667
(21,16),(4,25):15.000000
(21,16),(4,22):20.799999
(21,16),(2,22):22.328571
(21,16),(2,26):1.000000
(21,16),(1,26):3.409091
(21,16),(1,15):20.000000
(21,16),(3,15):38.125000
(21,16),(3,14):36.000000
(21,16),(19,14):40.375000
(21,16),(19,13):6.000000
(21,16),(20,13):12.000000
(21,16),(20,10):7.083333
(21,16),(11,10):1.083333
(21,16),(11,6):0.000000
(21,16),(9,6):0.000000
(21,16),(9,8):0.000000
(21,16),(7,8):0.000000
(21,16),(7,4):0.000000
(21,16),(8,4):0.000000
(21,16),(8,1):0.000000
(21,16),(14,1):0.000000
(21,16),(14,2):0.000000
(21,16),(25,2):0.000000
(21,16),(25,3):0.000000
(21,16),(24,3):0.000000
(21,16),(24,5):0.000000
(21,16),(23,5):0.000000
(21,16),(23,7):0.000000
(21,16),(12,7):0.000000
(21,16),(12,9):1.145833
(21,16),(26,9):2.833333
(21,16),(26,11):2.083333
(18,16),(18,18):40.000000
(18,16),(15,18):35.250000
(18,16),(15,19):13.750000
(18,16),(13,19):23.966667
(18,16),(13,17):61.349998
(18,16),(10,17):60.166668
(18,16),(10,20):30.062500
(18,16),(17,20):0.000000
(18,16),(17,21):0.000000
(18,16),(16,21):0.000000
(18,16),(16,23):5.512500
(18,16),(6,23):33.062500
(18,16),(6,24):17.062500
(18,16),(5,24):32.214287
(18,16),(5,25):9.964167
(18,16),(4,25):23.625000
(18,16),(4,22):35.462502
(18,16),(2,22):37.191071
(18,16),(2,26):3.062500
(18,16),(1,26):7.907075
(18,16),(1,15):44.145832
(18,16),(3,15):62.687500
(18,16),(3,14):57.395832
(18,16),(19,14):67.437500
(18,16),(19,13):5.750000
(18,16),(20,13):12.458333
(18,16),(20,10):5.041667
(18,16),(11,10):0.541667
(18,16),(11,6):0.000000
(18,16),(9,6):0.000000
(18,16),(9,8):0.000000
(18,16),(7,8):0.000000
(18,16),(7,4):0.000000
(18,16),(8,4):0.000000
(18,16),(8,1):0.000000
(18,16),(14,1):0.000000
(18,16),(14,2):0.000000
(18,16),(25,2):0.000000
(18,16),(25,3):0.000000
(18,16),(24,3):0.000000
(18,16),(24,5):0.000000
(18,16),(23,5):0.000000
(18,16),(23,7):0.000000
(18,16),(12,7):0.000000
(18,16),(12,9):0.668040
(18,16),(26,9):1.141667
(18,16),(26,11):1.000000
(18,18),(15,18):29.000000
(18,18),(15,19):12.500000
(18,18),(13,19):17.750000
(18,18),(13,17):40.000000
(18,18),(10,17):35.000000
(18,18),(10,20):11.900000
(18,18),(17,20):0.000000
(18,18),(17,21):0.000000
(18,18),(16,21):0.000000
(18,18),(16,23):0.000000
(18,18),(6,23):14.794118
(18,18),(6,24):3.900000
(18,18),(5,24):15.001785
(18,18),(5,25):2.400000
(18,18),(4,25):14.057609
(18,18),(4,22):17.125807
(18,18),(2,22):18.810390
(18,18),(2,26):0.000000
(18,18),(1,26):0.837662
(18,18),(1,15):22.083334
(18,18),(3,15):37.500000
(18,18),(3,14):38.333332
(18,18),(19,14):39.000000
(18,18),(19,13):0.000000
(18,18),(20,13):3.166667
(18,18),(20,10):0.000000
(18,18),(11,10):0.000000
(18,18),(11,6):0.000000
(18,18),(9,6):0.000000
(18,18),(9,8):0.000000
(18,18),(7,8):0.000000
(18,18),(7,4):0.000000
(18,18),(8,4):0.000000
(18,18),(8,1):0.000000
(18,18),(14,1):0.000000
(18,18),(14,2):0.000000
(18,18),(25,2):0.000000
(18,18),(25,3):0.000000
(18,18),(24,3):0.000000
(18,18),(24,5):0.000000
(18,18),(23,5):0.000000
(18,18),(23,7):0.000000
(18,18),(12,7):0.000000
(18,18),(12,9):0.000000
(18,18),(26,9):0.000000
(18,18),(26,11):0.000000
(15,18),(15,19):14.500000
(15,18),(13,19):24.416666
(15,18),(13,17):35.000000
(15,18),(10,17):27.666666
(15,18),(10,20):2.250000
(15,18),(17,20):0.000000
(15,18),(17,21):0.000000
(15,18),(16,21):0.000000
(15,18),(16,23):0.000000
(15,18),(6,23):4.687500
(15,18),(6,24):0.000000
(15,18),(5,24):4.872180
(15,18),(5,25):0.000000
(15,18),(4,25):5.011364
(15,18),(4,22):6.806250
(15,18),(2,22):8.450000
(15,18),(2,26):0.000000
(15,18),(1,26):0.000000
(15,18),(1,15):16.833334
(15,18),(3,15):29.625000
(15,18),(3,14):30.333334
(15,18),(19,14):34.500000
(15,18),(19,13):2.833333
(15,18),(20,13):7.666667
(15,18),(20,10):1.833333
(15,18),(11,10):0.000000
(15,18),(11,6):0.000000
(15,18),(9,6):0.000000
(15,18),(9,8):0.000000
(15,18),(7,8):0.000000
(15,18),(7,4):0.000000
(15,18),(8,4):0.000000
(15,18),(8,1):0.000000
(15,18),(14,1):0.000000
(15,18),(14,2):0.000000
(15,18),(25,2):0.000000
(15,18),(25,3):0.000000
(15,18),(24,3):0.000000
(15,18),(24,5):0.000000
(15,18),(23,5):0.000000
(15,18),(23,7):0.000000
(15,18),(12,7):0.000000
(15,18),(12,9):0.000000
(15,18),(26,9):0.000000
(15,18),(26,11):0.000000
(15,19),(13,19):10.000000
(15,19),(13,17):14.500000
(15,19),(10,17):10.500000
(15,19),(10,20):0.000000
(15,19),(17,20):0.000000
(15,19),(17,21):0.000000
(15,19),(16,21):0.000000
(15,19),(16,23):0.000000
(15,19),(6,23):1.200000
(15,19),(6,24):0.000000
(15,19),(5,24):1.339286
(15,19),(5,25):0.000000
(15,19),(4,25):1.446429
(15,19),(4,22):2.945455
(15,19),(2,22):4.430769
(15,19),(2,26):0.000000
(15,19),(1,26):0.000000
(15,19),(1,15):6.333333
(15,19),(3,15):10.900000
(15,19),(3,14):11.100000
(15,19),(19,14):14.000000
(15,19),(19,13):0.000000
(15,19),(20,13):0.000000
(15,19),(20,10):0.000000
(15,19),(11,10):0.000000
(15,19),(11,6):0.000000
(15,19),(9,6):0.000000
(15,19),(9,8):0.000000
(15,19),(7,8):0.000000
(15,19),(7,4):0.000000
(15,19),(8,4):0.000000
(15,19),(8,1):0.000000
(15,19),(14,1):0.000000
(15,19),(14,2):0.000000
(15,19),(25,2):0.000000
(15,19),(25,3):0.000000
(15,19),(24,3):0.000000
(15,19),(24,5):0.000000
(15,19),(23,5):0.000000
(15,19),(23,7):0.000000
(15,19),(12,7):0.000000
(15,19),(12,9):0.000000
(15,19),(26,9):0.000000
(15,19),(26,11):0.000000
(13,19),(13,17):24.049999
(13,19),(10,17):18.716667
(13,19),(10,20):0.000000
(13,19),(17,20):0.000000
(13,19),(17,21):0.000000
(13,19),(16,21):0.000000
(13,19),(16,23):0.000000
(13,19),(6,23):0.000000
(13,19),(6,24):0.000000
(13,19),(5,24):0.000000
(13,19),(5,25):0.000000
(13,19),(4,25):0.000000
(13,19),(4,22):0.150000
(13,19),(2,22):1.012500
(13,19),(2,26):0.000000
(13,19),(1,26):0.000000
(13,19),(1,15):11.583333
(13,19),(3,15):19.317858
(13,19),(3,14):19.549999
(13,19),(19,14):24.133333
(13,19),(19,13):3.000000
(13,19),(20,13):6.591667
(13,19),(20,10):1.750000
(13,19),(11,10):0.000000
(13,19),(11,6):0.000000
(13,19),(9,6):0.000000
(13,19),(9,8):0.000000
(13,19),(7,8):0.000000
(13,19),(7,4):0.000000
(13,19),(8,4):0.000000
(13,19),(8,1):0.000000
(13,19),(14,1):0.000000
(13,19),(14,2):0.000000
(13,19),(25,2):0.000000
(13,19),(25,3):0.000000
(13,19),(24,3):0.000000
(13,19),(24,5):0.000000
(13,19),(23,5):0.000000
(13,19),(23,7):0.000000
(13,19),(12,7):0.000000
(13,19),(12,9):0.000000
(13,19),(26,9):0.000000
(13,19),(26,11):0.000000
(13,17),(10,17):54.766666
(13,17),(10,20):25.000000
(13,17),(17,20):0.000000
(13,17),(17,21):0.000000
(13,17),(16,21):0.000000
(13,17),(16,23):2.250000
(13,17),(6,23):28.000000
(13,17),(6,24):13.000000
(13,17),(5,24):27.964285
(13,17),(5,25):8.000000
(13,17),(4,25):21.375000
(13,17),(4,22):30.400000
(13,17),(2,22):32.128571
(13,17),(2,26):2.000000
(13,17),(1,26):5.784091
(13,17),(1,15):38.183334
(13,17),(3,15):56.724998
(13,17),(3,14):53.433334
(13,17),(19,14):60.474998
(13,17),(19,13):4.200000
(13,17),(20,13):8.766666
(13,17),(20,10):2.250000
(13,17),(11,10):0.000000
(13,17),(11,6):0.000000
(13,17),(9,6):0.000000
(13,17),(9,8):0.000000
(13,17),(7,8):0.000000
(13,17),(7,4):0.000000
(13,17),(8,4):0.000000
(13,17),(8,1):0.000000
(13,17),(14,1):0.000000
(13,17),(14,2):0.000000
(13,17),(25,2):0.000000
(13,17),(25,3):0.000000
(13,17),(24,3):0.000000
(13,17),(24,5):0.000000
(13,17),(23,5):0.000000
(13,17),(23,7):0.000000
(13,17),(12,7):0.000000
(13,17),(12,9):0.000000
(13,17),(26,9):0.000000
(13,17),(26,11):0.000000
(10,17),(10,20):77.625000
(10,17),(17,20):24.612122
(10,17),(17,21):14.785714
(10,17),(16,21):31.185715
(10,17),(16,23):43.875000
(10,17),(6,23):78.916664
(10,17),(6,24):37.166668
(10,17),(5,24):64.523811
(10,17),(5,25):19.809525
(10,17),(4,25):51.517857
(10,17),(4,22):83.709526
(10,17),(2,22):77.441071
(10,17),(2,26):7.312500
(10,17),(1,26):14.221591
(10,17),(1,15):88.568451
(10,17),(3,15):107.553574
(10,17),(3,14):93.189270
(10,17),(19,14):68.229164
(10,17),(19,13):4.166667
(10,17),(20,13):7.270833
(10,17),(20,10):2.187500
(10,17),(11,10):0.000000
(10,17),(11,6):0.000000
(10,17),(9,6):0.000000
(10,17),(9,8):0.000000
(10,17),(7,8):0.000000
(10,17),(7,4):0.000000
(10,17),(8,4):0.000000
(10,17),(8,1):0.000000
(10,17),(14,1):0.000000
(10,17),(14,2):0.000000
(10,17),(25,2):0.000000
(10,17),(25,3):0.000000
(10,17),(24,3):0.000000
(10,17),(24,5):0.000000
(10,17),(23,5):0.000000
(10,17),(23,7):0.000000
(10,17),(12,7):0.000000
(10,17),(12,9):0.000000
(10,17),(26,9):0.000000
(10,17),(26,11):0.000000
(10,20),(17,20):41.612122
(10,20),(17,21):21.785715
(10,20),(16,21):50.185715
(10,20),(16,23):61.875000
(10,20),(6,23):94.150002
(10,20),(6,24):36.833332
(10,20),(5,24):60.500000
(10,20),(5,25):19.291666
(10,20),(4,25):47.500000
(10,20),(4,22):96.458336
(10,20),(2,22):83.017860
(10,20),(2,26):7.125000
(10,20),(1,26):14.034091
(10,20),(1,15):77.711487
(10,20),(3,15):83.521774
(10,20),(3,14):68.392860
(10,20),(19,14):38.375000
(10,20),(19,13):0.000000
(10,20),(20,13):0.000000
(10,20),(20,10):0.000000
(10,20),(11,10):0.000000
(10,20),(11,6):0.000000
(10,20),(9,6):0.000000
(10,20),(9,8):0.000000
(10,20),(7,8):0.000000
(10,20),(7,4):0.000000
(10,20),(8,4):0.000000
(10,20),(8,1):0.000000
(10,20),(14,1):0.000000
(10,20),(14,2):0.000000
(10,20),(25,2):0.000000
(10,20),(25,3):0.000000
(10,20),(24,3):0.000000
(10,20),(24,5):0.000000
(10,20),(23,5):0.000000
(10,20),(23,7):0.000000
(10,20),(12,7):0.000000
(10,20),(12,9):0.000000
(10,20),(26,9):0.000000
(10,20),(26,11):0.000000
(17,20),(17,21):16.000000
(17,20),(16,21):41.435715
(17,20),(16,23):39.625000
(17,20),(6,23):39.195454
(17,20),(6,24):8.545455
(17,20),(5,24):12.045455
(17,20),(5,25):4.075758
(17,20),(4,25):11.045455
(17,20),(4,22):41.503788
(17,20),(2,22):30.530952
(17,20),(2,26):2.066667
(17,20),(1,26):2.566667
(17,20),(1,15):31.903875
(17,20),(3,15):30.739584
(17,20),(3,14):25.651098
(17,20),(19,14):0.000000
(17,20),(19,13):0.000000
(17,20),(20,13):0.000000
(17,20),(20,10):0.000000
(17,20),(11,10):0.000000
(17,20),(11,6):0.000000
(17,20),(9,6):0.000000
(17,20),(9,8):0.000000
(17,20),(7,8):0.000000
(17,20),(7,4):0.000000
(17,20),(8,4):0.000000
(17,20),(8,1):0.000000
(17,20),(14,1):0.000000
(17,20),(14,2):0.000000
(17,20),(25,2):0.000000
(17,20),(25,3):0.000000
(17,20),(24,3):0.000000
(17,20),(24,5):0.000000
(17,20),(23,5):0.000000
(17,20),(23,7):0.000000
(17,20),(12,7):0.000000
(17,20),(12,9):0.000000
(17,20),(26,9):0.000000
(17,20),(26,11):0.000000
(17,21),(16,21):21.785715
(17,21),(16,23):20.785715
(17,21),(6,23):21.435715
(17,21),(6,24):7.642857
(17,21),(5,24):8.956731
(17,21),(5,25):3.047619
(17,21),(4,25):7.008929
(17,21),(4,22):21.744047
(17,21),(2,22):21.750000
(17,21),(2,26):2.214286
(17,21),(1,26):3.281404
(17,21),(1,15):15.685715
(17,21),(3,15):15.485714
(17,21),(3,14):11.083333
(17,21),(19,14):1.735714
(17,21),(19,13):0.000000
(17,21),(20,13):0.000000
(17,21),(20,10):0.000000
(17,21),(11,10):0.000000
(17,21),(11,6):0.000000
(17,21),(9,6):0.000000
(17,21),(9,8):0.000000
(17,21),(7,8):0.000000
(17,21),(7,4):0.000000
(17,21),(8,4):0.000000
(17,21),(8,1):0.000000
(17,21),(14,1):0.000000
(17,21),(14,2):0.000000
(17,21),(25,2):0.000000
(17,21),(25,3):0.000000
(17,21),(24,3):0.000000
(17,21),(24,5):0.000000
(17,21),(23,5):0.000000
(17,21),(23,7):0.000000
(17,21),(12,7):0.000000
(17,21),(12,9):0.000000
(17,21),(26,9):0.000000
(17,21),(26,11):0.000000
(16,21),(16,23):48.375000
(16,21),(6,23):47.799999
(16,21),(6,24):13.316667
(16,21),(5,24):16.283117
(16,21),(5,25):5.804902
(16,21),(4,25):13.828571
(16,21),(4,22):50.108334
(16,21),(2,22):37.750000
(16,21),(2,26):3.452381
(16,21),(1,26):4.785714
(16,21),(1,15):38.898872
(16,21),(3,15):37.349602
(16,21),(3,14):29.613821
(16,21),(19,14):2.250000
(16,21),(19,13):0.000000
(16,21),(20,13):0.000000
(16,21),(20,10):0.000000
(16,21),(11,10):0.000000
(16,21),(11,6):0.000000
(16,21),(9,6):0.000000
(16,21),(9,8):0.000000
(16,21),(7,8):0.000000
(16,21),(7,4):0.000000
(16,21),(8,4):0.000000
(16,21),(8,1):0.000000
(16,21),(14,1):0.000000
(16,21),(14,2):0.000000
(16,21),(25,2):0.000000
(16,21),(25,3):0.000000
(16,21),(24,3):0.000000
(16,21),(24,5):0.000000
(16,21),(23,5):0.000000
(16,21),(23,7):0.000000
(16,21),(12,7):0.000000
(16,21),(12,9):0.000000
(16,21),(26,9):0.000000
(16,21),(26,11):0.000000
(16,23),(6,23):60.000000
(16,23),(6,24):23.750000
(16,23),(5,24):27.583334
(16,23),(5,25):10.750000
(16,23),(4,25):19.333334
(16,23),(4,22):61.875000
(16,23),(2,22):49.875000
(16,23),(2,26):6.041667
(16,23),(1,26):10.038265
(16,23),(1,15):51.760715
(16,23),(3,15):50.103573
(16,23),(3,14):37.395832
(16,23),(19,14):12.150000
(16,23),(19,13):0.000000
(16,23),(20,13):0.000000
(16,23),(20,10):0.000000
(16,23),(11,10):0.000000
(16,23),(11,6):0.000000
(16,23),(9,6):0.000000
(16,23),(9,8):0.000000
(16,23),(7,8):0.000000
(16,23),(7,4):0.000000
(16,23),(8,4):0.000000
(16,23),(8,1):0.000000
(16,23),(14,1):0.000000
(16,23),(14,2):0.000000
(16,23),(25,2):0.000000
(16,23),(25,3):0.000000
(16,23),(24,3):0.000000
(16,23),(24,5):0.000000
(16,23),(23,5):0.000000
(16,23),(23,7):0.000000
(16,23),(12,7):0.000000
(16,23),(12,9):0.000000
(16,23),(26,9):0.000000
(16,23),(26,11):0.000000
(6,23),(6,24):37.500000
(6,23),(5,24):64.500000
(6,23),(5,25):19.666666
(6,23),(4,25):51.000000
(6,23),(4,22):98.150002
(6,23),(2,22):83.578575
(6,23),(2,26):5.750000
(6,23),(1,26):12.547979
(6,23),(1,15):77.333336
(6,23),(3,15):84.987503
(6,23),(3,14):72.000000
(6,23),(19,14):41.375000
(6,23),(19,13):0.000000
(6,23),(20,13):0.000000
(6,23),(20,10):0.000000
(6,23),(11,10):0.000000
(6,23),(11,6):0.000000
(6,23),(9,6):0.000000
(6,23),(9,8):0.000000
(6,23),(7,8):0.000000
(6,23),(7,4):0.000000
(6,23),(8,4):0.000000
(6,23),(8,1):0.000000
(6,23),(14,1):0.000000
(6,23),(14,2):0.000000
(6,23),(25,2):0.000000
(6,23),(25,3):0.000000
(6,23),(24,3):0.000000
(6,23),(24,5):0.000000
(6,23),(23,5):0.000000
(6,23),(23,7):0.000000
(6,23),(12,7):0.000000
(6,23),(12,9):0.000000
(6,23),(26,9):0.000000
(6,23),(26,11):0.000000
(6,24),(5,24):33.000000
(6,24),(5,25):19.166666
(6,24),(4,25):19.500000
(6,24),(4,22):37.500000
(6,24),(2,22):33.428570
(6,24),(2,26):4.500000
(6,24),(1,26):11.009091
(6,24),(1,15):33.642857
(6,24),(3,15):37.214287
(6,24),(3,14):27.250000
(6,24),(19,14):23.333334
(6,24),(19,13):0.000000
(6,24),(20,13):0.000000
(6,24),(20,10):0.000000
(6,24),(11,10):0.000000
(6,24),(11,6):0.000000
(6,24),(9,6):0.000000
(6,24),(9,8):0.000000
(6,24),(7,8):0.000000
(6,24),(7,4):0.000000
(6,24),(8,4):0.000000
(6,24),(8,1):0.000000
(6,24),(14,1):0.000000
(6,24),(14,2):0.000000
(6,24),(25,2):0.000000
(6,24),(25,3):0.000000
(6,24),(24,3):0.000000
(6,24),(24,5):0.000000
(6,24),(23,5):0.000000
(6,24),(23,7):0.000000
(6,24),(12,7):0.000000
(6,24),(12,9):0.000000
(6,24),(26,9):0.000000
(6,24),(26,11):0.000000
(5,24),(5,25):20.166666
(5,24),(4,25):51.714287
(5,24),(4,22):65.214287
(5,24),(2,22):59.642857
(5,24),(2,26):2.000000
(5,24),(1,26):7.575758
(5,24),(1,15):54.595238
(5,24),(3,15):64.571426
(5,24),(3,14):58.651787
(5,24),(19,14):38.160713
(5,24),(19,13):0.000000
(5,24),(20,13):0.000000
(5,24),(20,10):0.000000
(5,24),(11,10):0.000000
(5,24),(11,6):0.000000
(5,24),(9,6):0.000000
(5,24),(9,8):0.000000
(5,24),(7,8):0.000000
(5,24),(7,4):0.000000
(5,24),(8,4):0.000000
(5,24),(8,1):0.000000
(5,24),(14,1):0.000000
(5,24),(14,2):0.000000
(5,24),(25,2):0.000000
(5,24),(25,3):0.000000
(5,24),(24,3):0.000000
(5,24),(24,5):0.000000
(5,24),(23,5):0.000000
(5,24),(23,7):0.000000
(5,24),(12,7):0.000000
(5,24),(12,9):0.000000
(5,24),(26,9):0.000000
(5,24),(26,11):0.000000
(5,25),(4,25):11.000000
(5,25),(4,22):20.166666
(5,25),(2,22):17.095238
(5,25),(2,26):0.166667
(5,25),(1,26):4.504329
(5,25),(1,15):16.333334
(5,25),(3,15):19.523809
(5,25),(3,14):16.937500
(5,25),(19,14):12.595578
(5,25),(19,13):0.000000
(5,25),(20,13):0.000000
(5,25),(20,10):0.000000
(5,25),(11,10):0.000000
(5,25),(11,6):0.000000
(5,25),(9,6):0.000000
(5,25),(9,8):0.000000
(5,25),(7,8):0.000000
(5,25),(7,4):0.000000
(5,25),(8,4):0.000000
(5,25),(8,1):0.000000
(5,25),(14,1):0.000000
(5,25),(14,2):0.000000
(5,25),(25,2):0.000000
(5,25),(25,3):0.000000
(5,25),(24,3):0.000000
(5,25),(24,5):0.000000
(5,25),(23,5):0.000000
(5,25),(23,7):0.000000
(5,25),(12,7):0.000000
(5,25),(12,9):0.000000
(5,25),(26,9):0.000000
(5,25),(26,11):0.000000
(4,25),(4,22):51.875000
(4,25),(2,22):46.875000
(4,25),(2,26):0.000000
(4,25),(1,26):0.000000
(4,25),(1,15):42.166668
(4,25),(3,15):51.232143
(4,25),(3,14):51.312500
(4,25),(19,14):27.375000
(4,25),(19,13):0.000000
(4,25),(20,13):0.000000
(4,25),(20,10):0.000000
(4,25),(11,10):0.000000
(4,25),(11,6):0.000000
(4,25),(9,6):0.000000
(4,25),(9,8):0.000000
(4,25),(7,8):0.000000
(4,25),(7,4):0.000000
(4,25),(8,4):0.000000
(4,25),(8,1):0.000000
(4,25),(14,1):0.000000
(4,25),(14,2):0.000000
(4,25),(25,2):0.000000
(4,25),(25,3):0.000000
(4,25),(24,3):0.000000
(4,25),(24,5):0.000000
(4,25),(23,5):0.000000
(4,25),(23,7):0.000000
(4,25),(12,7):0.000000
(4,25),(12,9):0.000000
(4,25),(26,9):0.000000
(4,25),(26,11):0.000000
(4,22),(2,22):88.286903
(4,22),(2,26):7.000000
(4,22),(1,26):13.909091
(4,22),(1,15):80.666664
(4,22),(3,15):90.057144
(4,22),(3,14):75.087502
(4,22),(19,14):43.775002
(4,22),(19,13):0.000000
(4,22),(20,13):0.000000
(4,22),(20,10):0.000000
(4,22),(11,10):0.000000
(4,22),(11,6):0.000000
(4,22),(9,6):0.000000
(4,22),(9,8):0.000000
(4,22),(7,8):0.000000
(4,22),(7,4):0.000000
(4,22),(8,4):0.000000
(4,22),(8,1):0.000000
(4,22),(14,1):0.000000
(4,22),(14,2):0.000000
(4,22),(25,2):0.000000
(4,22),(25,3):0.000000
(4,22),(24,3):0.000000
(4,22),(24,5):0.000000
(4,22),(23,5):0.000000
(4,22),(23,7):0.000000
(4,22),(12,7):0.000000
(4,22),(12,9):0.000000
(4,22),(26,9):0.000000
(4,22),(26,11):0.000000
(2,22),(2,26):11.000000
(2,22),(1,26):17.909090
(2,22),(1,15):73.800003
(2,22),(3,15):82.785713
(2,22),(3,14):65.461906
(2,22),(19,14):45.503571
(2,22),(19,13):0.000000
(2,22),(20,13):0.000000
(2,22),(20,10):0.000000
(2,22),(11,10):0.000000
(2,22),(11,6):0.000000
(2,22),(9,6):0.000000
(2,22),(9,8):0.000000
(2,22),(7,8):0.000000
(2,22),(7,4):0.000000
(2,22),(8,4):0.000000
(2,22),(8,1):0.000000
(2,22),(14,1):0.000000
(2,22),(14,2):0.000000
(2,22),(25,2):0.000000
(2,22),(25,3):0.000000
(2,22),(24,3):0.000000
(2,22),(24,5):0.000000
(2,22),(23,5):0.000000
(2,22),(23,7):0.000000
(2,22),(12,7):0.000000
(2,22),(12,9):0.000000
(2,22),(26,9):0.000000
(2,22),(26,11):0.000000
(2,26),(1,26):11.000000
(2,26),(1,15):11.000000
(2,26),(3,15):9.857142
(2,26),(3,14):0.000000
(2,26),(19,14):4.739583
(2,26),(19,13):0.000000
(2,26),(20,13):0.000000
(2,26),(20,10):0.000000
(2,26),(11,10):0.000000
(2,26),(11,6):0.000000
(2,26),(9,6):0.000000
(2,26),(9,8):0.000000
(2,26),(7,8):0.000000
(2,26),(7,4):0.000000
(2,26),(8,4):0.000000
(2,26),(8,1):0.000000
(2,26),(14,1):0.000000
(2,26),(14,2):0.000000
(2,26),(25,2):0.000000
(2,26),(25,3):0.000000
(2,26),(24,3):0.000000
(2,26),(24,5):0.000000
(2,26),(23,5):0.000000
(2,26),(23,7):0.000000
(2,26),(12,7):0.000000
(2,26),(12,9):0.000000
(2,26),(26,9):0.000000
(2,26),(26,11):0.000000
(1,26),(1,15):17.125000
(1,26),(3,15):16.766233
(1,26),(3,14):1.909091
(1,26),(19,14):10.875000
(1,26),(19,13):0.000000
(1,26),(20,13):0.000000
(1,26),(20,10):0.000000
(1,26),(11,10):0.000000
(1,26),(11,6):0.000000
(1,26),(9,6):0.000000
(1,26),(9,8):0.000000
(1,26),(7,8):0.000000
(1,26),(7,4):0.000000
(1,26),(8,4):0.000000
(1,26),(8,1):0.000000
(1,26),(14,1):0.000000
(1,26),(14,2):0.000000
(1,26),(25,2):0.000000
(1,26),(25,3):0.000000
(1,26),(24,3):0.000000
(1,26),(24,5):0.000000
(1,26),(23,5):0.000000
(1,26),(23,7):0.000000
(1,26),(12,7):0.000000
(1,26),(12,9):0.000000
(1,26),(26,9):0.000000
(1,26),(26,11):0.000000
(1,15),(3,15):100.407143
(1,15),(3,14):82.500000
(1,15),(19,14):51.682693
(1,15),(19,13):2.000000
(1,15),(20,13):5.432143
(1,15),(20,10):1.000000
(1,15),(11,10):0.000000
(1,15),(11,6):0.000000
(1,15),(9,6):0.000000
(1,15),(9,8):0.000000
(1,15),(7,8):0.000000
(1,15),(7,4):0.000000
(1,15),(8,4):0.000000
(1,15),(8,1):0.000000
(1,15),(14,1):0.000000
(1,15),(14,2):0.000000
(1,15),(25,2):0.000000
(1,15),(25,3):0.000000
(1,15),(24,3):0.000000
(1,15),(24,5):0.000000
(1,15),(23,5):0.000000
(1,15),(23,7):0.000000
(1,15),(12,7):0.000000
(1,15),(12,9):0.000000
(1,15),(26,9):0.000000
(1,15),(26,11):0.000000
(3,15),(3,14):102.107140
(3,15),(19,14):70.090912
(3,15),(19,13):4.125000
(3,15),(20,13):8.198529
(3,15),(20,10):2.093750
(3,15),(11,10):0.000000
(3,15),(11,6):0.000000
(3,15),(9,6):0.000000
(3,15),(9,8):0.000000
(3,15),(7,8):0.000000
(3,15),(7,4):0.000000
(3,15),(8,4):0.000000
(3,15),(8,1):0.000000
(3,15),(14,1):0.000000
(3,15),(14,2):0.000000
(3,15),(25,2):0.000000
(3,15),(25,3):0.000000
(3,15),(24,3):0.000000
(3,15),(24,5):0.000000
(3,15),(23,5):0.000000
(3,15),(23,7):0.000000
(3,15),(12,7):0.000000
(3,15),(12,9):0.000000
(3,15),(26,9):0.000000
(3,15),(26,11):0.000000
(3,14),(19,14):61.500000
(3,14),(19,13):4.000000
(3,14),(20,13):8.461538
(3,14),(20,10):2.000000
(3,14),(11,10):0.000000
(3,14),(11,6):0.000000
(3,14),(9,6):0.000000
(3,14),(9,8):0.000000
(3,14),(7,8):0.000000
(3,14),(7,4):0.000000
(3,14),(8,4):0.000000
(3,14),(8,1):0.000000
(3,14),(14,1):0.000000
(3,14),(14,2):0.000000
(3,14),(25,2):0.000000
(3,14),(25,3):0.000000
(3,14),(24,3):0.000000
(3,14),(24,5):0.000000
(3,14),(23,5):0.000000
(3,14),(23,7):0.000000
(3,14),(12,7):0.000000
(3,14),(12,9):0.000000
(3,14),(26,9):0.000000
(3,14),(26,11):0.000000
(19,14),(19,13):6.000000
(19,14),(20,13):11.166667
(19,14),(20,10):3.500000
(19,14),(11,10):0.000000
(19,14),(11,6):0.000000
(19,14),(9,6):0.000000
(19,14),(9,8):0.000000
(19,14),(7,8):0.000000
(19,14),(7,4):0.000000
(19,14),(8,4):0.000000
(19,14),(8,1):0.000000
(19,14),(14,1):0.000000
(19,14),(14,2):0.000000
(19,14),(25,2):0.000000
(19,14),(25,3):0.000000
(19,14),(24,3):0.000000
(19,14),(24,5):0.000000
(19,14),(23,5):0.000000
(19,14),(23,7):0.000000
(19,14),(12,7):0.000000
(19,14),(12,9):0.000000
(19,14),(26,9):0.000000
(19,14),(26,11):0.000000
(19,13),(20,13):6.000000
(19,13),(20,10):3.000000
(19,13),(11,10):0.000000
(19,13),(11,6):0.000000
(19,13),(9,6):0.000000
(19,13),(9,8):0.000000
(19,13),(7,8):0.000000
(19,13),(7,4):0.000000
(19,13),(8,4):0.000000
(19,13),(8,1):0.000000
(19,13),(14,1):0.000000
(19,13),(14,2):0.000000
(19,13),(25,2):0.000000
(19,13),(25,3):0.000000
(19,13),(24,3):0.000000
(19,13),(24,5):0.000000
(19,13),(23,5):0.000000
(19,13),(23,7):0.000000
(19,13),(12,7):0.000000
(19,13),(12,9):0.000000
(19,13),(26,9):0.000000
(19,13),(26,11):0.000000
(20,13),(20,10):11.500000
(20,13),(11,10):3.500000
(20,13),(11,6):0.000000
(20,13),(9,6):0.000000
(20,13),(9,8):0.000000
(20,13),(7,8):0.000000
(20,13),(7,4):0.000000
(20,13),(8,4):0.000000
(20,13),(8,1):0.000000
(20,13),(14,1):0.000000
(20,13),(14,2):0.000000
(20,13),(25,2):0.000000
(20,13),(25,3):0.000000
(20,13),(24,3):0.000000
(20,13),(24,5):0.000000
(20,13),(23,5):0.000000
(20,13),(23,7):0.000000
(20,13),(12,7):0.000000
(20,13),(12,9):4.000000
(20,13),(26,9):7.000000
(20,13),(26,11):6.000000
(20,10),(11,10):15.062500
(20,10),(11,6):1.229167
(20,10),(9,6):0.000000
(20,10),(9,8):0.000000
(20,10),(7,8):0.000000
(20,10),(7,4):0.000000
(20,10),(8,4):0.000000
(20,10),(8,1):0.000000
(20,10),(14,1):0.202500
(20,10),(14,2):0.074405
(20,10),(25,2):0.000000
(20,10),(25,3):0.000000
(20,10),(24,3):0.000000
(20,10),(24,5):0.000000
(20,10),(23,5):0.000000
(20,10),(23,7):0.000000
(20,10),(12,7):1.062500
(20,10),(12,9):17.312500
(20,10),(26,9):22.000000
(20,10),(26,11):15.000000
(11,10),(11,6):15.166667
(11,10),(9,6):10.833333
(11,10),(9,8):0.000000
(11,10),(7,8):4.500000
(11,10),(7,4):3.714286
(11,10),(8,4):11.318182
(11,10),(8,1):11.833333
(11,10),(14,1):13.500000
(11,10),(14,2):13.250000
(11,10),(25,2):9.358974
(11,10),(25,3):2.904189
(11,10),(24,3):9.777957
(11,10),(24,5):7.834848
(11,10),(23,5):10.740909
(11,10),(23,7):11.240625
(11,10),(12,7):15.000000
(11,10),(12,9):23.000000
(11,10),(26,9):15.000000
(11,10),(26,11):9.000000
(11,6),(9,6):71.842949
(11,6),(9,8):7.000000
(11,6),(7,8):18.375000
(11,6),(7,4):43.958332
(11,6),(8,4):83.092949
(11,6),(8,1):72.458336
(11,6),(14,1):36.250000
(11,6),(14,2):84.926285
(11,6),(25,2):72.018097
(11,6),(25,3):18.520979
(11,6),(24,3):78.778366
(11,6),(24,5):53.291668
(11,6),(23,5):81.799240
(11,6),(23,7):78.433334
(11,6),(12,7):80.242424
(11,6),(12,9):13.333333
(11,6),(26,9):1.166667
(11,6),(26,11):0.000000
(9,6),(9,8):11.000000
(9,6),(7,8):22.375000
(9,6),(7,4):36.964287
(9,6),(8,4):75.864288
(9,6),(8,1):62.630951
(9,6),(14,1):33.750000
(9,6),(14,2):73.297623
(9,6),(25,2):62.841175
(9,6),(25,3):18.536364
(9,6),(24,3):67.783035
(9,6),(24,5):53.297619
(9,6),(23,5):69.857140
(9,6),(23,7):66.433334
(9,6),(12,7):65.242424
(9,6),(12,9):9.166667
(9,6),(26,9):0.000000
(9,6),(26,11):0.000000
(9,8),(7,8):9.875000
(9,8),(7,4):8.000000
(9,8),(8,4):11.000000
(9,8),(8,1):7.000000
(9,8),(14,1):8.750000
(9,8),(14,2):8.433333
(9,8),(25,2):6.441176
(9,8),(25,3):1.500000
(9,8),(24,3):6.918750
(9,8),(24,5):5.000000
(9,8),(23,5):7.142857
(9,8),(23,7):6.500000
(9,8),(12,7):2.500000
(9,8),(12,9):0.000000
(9,8),(26,9):0.000000
(9,8),(26,11):0.000000
(7,8),(7,4):10.000000
(7,8),(8,4):22.375000
(7,8),(8,1):18.375000
(7,8),(14,1):20.125000
(7,8),(14,2):19.808332
(7,8),(25,2):13.941176
(7,8),(25,3):5.427778
(7,8),(24,3):15.298905
(7,8),(24,5):14.592949
(7,8),(23,5):17.392857
(7,8),(23,7):17.283607
(7,8),(12,7):12.975000
(7,8),(12,9):6.166667
(7,8),(26,9):0.000000
(7,8),(26,11):0.000000
(7,4),(8,4):48.000000
(7,4),(8,1):44.000000
(7,4),(14,1):17.750000
(7,4),(14,2):45.433334
(7,4),(25,2):38.941177
(7,4),(25,3):0.000000
(7,4),(24,3):43.368752
(7,4),(24,5):17.000000
(7,4),(23,5):44.142857
(7,4),(23,7):42.333332
(7,4),(12,7):37.909092
(7,4),(12,9):2.916667
(7,4),(26,9):0.000000
(7,4),(26,11):0.000000
(8,4),(8,1):73.916664
(8,4),(14,1):36.000000
(8,4),(14,2):84.652084
(8,4),(25,2):71.659927
(8,4),(25,3):18.605114
(8,4),(24,3):78.387497
(8,4),(24,5):53.333332
(8,4),(23,5):81.142860
(8,4),(23,7):77.683334
(8,4),(12,7):76.492424
(8,4),(12,9):9.500000
(8,4),(26,9):0.000000
(8,4),(26,11):0.000000
(8,1),(14,1):33.285713
(8,1),(14,2):72.846664
(8,1),(25,2):60.707142
(8,1),(25,3):10.636364
(8,1),(24,3):67.288887
(8,1),(24,5):44.000000
(8,1),(23,5):70.915497
(8,1),(23,7):69.675003
(8,1),(12,7):67.909088
(8,1),(12,9):10.000000
(8,1),(26,9):0.000000
(8,1),(26,11):0.000000
(14,1),(14,2):37.599998
(14,1),(25,2):29.442308
(14,1),(25,3):7.636364
(14,1),(24,3):31.116667
(14,1),(24,5):23.083334
(14,1),(23,5):33.483765
(14,1),(23,7):33.183334
(14,1),(12,7):30.000000
(14,1),(12,9):11.666667
(14,1),(26,9):0.166667
(14,1),(26,11):0.000000
(14,2),(25,2):72.525642
(14,2),(25,3):18.636364
(14,2),(24,3):79.199997
(14,2),(24,5):53.166668
(14,2),(23,5):81.817101
(14,2),(23,7):78.266670
(14,2),(12,7):78.492424
(14,2),(12,9):11.416667
(14,2),(26,9):0.050000
(14,2),(26,11):0.000000
(25,2),(25,3):17.000000
(25,2),(24,3):72.507843
(25,2),(24,5):46.941177
(25,2),(23,5):71.424942
(25,2),(23,7):68.774513
(25,2),(12,7):65.525642
(25,2),(12,9):7.858974
(25,2),(26,9):0.000000
(25,2),(26,11):0.000000
(25,3),(24,3):18.636364
(25,3),(24,5):17.636364
(25,3),(23,5):17.886364
(25,3),(23,7):16.636364
(25,3),(12,7):18.469696
(25,3),(12,9):2.865057
(25,3),(26,9):0.000000
(25,3),(26,11):0.000000
(24,3),(24,5):50.768749
(24,3),(23,5):78.252518
(24,3),(23,7):74.102081
(24,3),(12,7):72.209091
(24,3),(12,9):8.604598
(24,3),(26,9):0.000000
(24,3),(26,11):0.000000
(24,5),(23,5):53.333332
(24,5),(23,7):50.333332
(24,5),(12,7):50.242424
(24,5),(12,9):7.733333
(24,5),(26,9):0.000000
(24,5),(26,11):0.000000
(23,5),(23,7):77.833336
(23,5),(12,7):75.250000
(23,5),(12,9):10.090909
(23,5),(26,9):0.000000
(23,5),(26,11):0.000000
(23,7),(12,7):72.599998
(23,7),(12,9):10.166667
(23,7),(26,9):0.000000
(23,7),(26,11):0.000000
(12,7),(12,9):13.166667
(12,7),(26,9):1.000000
(12,7),(26,11):0.000000
(12,9),(26,9):17.250000
(12,9),(26,11):11.250000
(26,9),(26,11):15.000000
