62
(26,30):(10,31)	(11,27)	(11,28)	(11,29)	(11,30)	(12,28)	(12,29)	(12,30)	(13,27)	(13,28)	(13,29)	(13,30)	(14,27)	(14,28)	(14,29)	(14,30)	(15,28)	(15,29)	(15,30)	(16,28)	(16,29)	(16,30)	(17,28)	(17,29)	(17,30)	(18,28)	(18,29)	(18,30)	(19,29)	(19,30)	(20,29)	(20,30)	(21,29)	(21,30)	(22,29)	(22,30)	(23,30)	(24,30)	(25,30)	(26,30)	(26,31)	(27,29)	(28,28)	(28,29)	(29,27)	(29,28)	(29,29)	(30,26)	(30,27)	(30,28)	(30,29)	(31,30)	
(26,31):(10,31)	(11,27)	(11,28)	(11,29)	(11,30)	(12,28)	(12,29)	(12,30)	(13,27)	(13,28)	(13,29)	(13,30)	(14,26)	(14,27)	(14,28)	(14,29)	(14,30)	(15,26)	(15,27)	(15,28)	(15,29)	(15,30)	(16,27)	(16,28)	(16,29)	(16,30)	(17,27)	(17,28)	(17,29)	(17,30)	(18,27)	(18,28)	(18,29)	(18,30)	(19,28)	(19,29)	(19,30)	(20,28)	(20,29)	(20,30)	(21,29)	(21,30)	(22,29)	(22,30)	(23,30)	(24,30)	(25,30)	(26,30)	(26,31)	
(10,31):(10,15)	(10,16)	(10,17)	(10,18)	(10,19)	(10,20)	(10,31)	(11,15)	(11,16)	(11,17)	(11,18)	(11,19)	(11,27)	(11,28)	(11,29)	(11,30)	(12,28)	(12,29)	(12,30)	(13,27)	(13,28)	(13,29)	(13,30)	(14,26)	(14,27)	(14,28)	(14,29)	(14,30)	(15,26)	(15,27)	(15,28)	(15,29)	(15,30)	(16,27)	(16,28)	(16,29)	(16,30)	(17,27)	(17,28)	(17,29)	(17,30)	(18,27)	(18,28)	(18,29)	(18,30)	(19,27)	(19,28)	(19,29)	(19,30)	(20,27)	(20,28)	(20,29)	(20,30)	(21,26)	(21,28)	(21,29)	(21,30)	(22,28)	(22,29)	(22,30)	(23,30)	(24,30)	(25,30)	(26,30)	(26,31)	(27,29)	(28,29)	(29,29)	(30,29)	
(10,20):(9,15)	(9,20)	(10,15)	(10,16)	(10,17)	(10,18)	(10,19)	(10,20)	(10,31)	(11,15)	(11,16)	(11,17)	(11,18)	(11,19)	(11,27)	(11,28)	(11,29)	(11,30)	(12,14)	(12,15)	(12,16)	(12,17)	(12,18)	(13,13)	(13,14)	(13,15)	(13,16)	(13,17)	(14,12)	(14,16)	
(9,20):(9,15)	(9,20)	(10,15)	(10,16)	(10,17)	(10,18)	(10,19)	(10,20)	(11,15)	(11,16)	(11,17)	(11,18)	(11,19)	(12,14)	(12,15)	(12,16)	(12,17)	(12,18)	(13,13)	(13,14)	(13,15)	(13,16)	(13,17)	(13,18)	(14,12)	(14,16)	(14,17)	(15,17)	
(9,15):(3,14)	(3,15)	(4,14)	(4,15)	(5,15)	(9,15)	(9,20)	(10,15)	(10,16)	(10,17)	(10,18)	(10,19)	(10,20)	(11,15)	(11,16)	(11,17)	(11,18)	(11,19)	(12,14)	(12,15)	(12,16)	(12,17)	(12,18)	(13,14)	(13,15)	(13,16)	(13,17)	(13,18)	(14,16)	(14,17)	(14,18)	(15,17)	(15,18)	(16,17)	(16,18)	(17,17)	(17,18)	(18,17)	(18,18)	(19,17)	(19,18)	(20,18)	(21,18)	(22,18)	(23,18)	(24,18)	
(5,15):(1,21)	(2,13)	(2,18)	(2,19)	(2,20)	(3,14)	(3,15)	(3,16)	(3,17)	(3,18)	(3,19)	(3,20)	(4,14)	(4,15)	(4,16)	(4,17)	(4,18)	(4,19)	(4,20)	(5,15)	(5,21)	(9,15)	(10,15)	(11,15)	(12,14)	(12,15)	(13,14)	(13,15)	
(5,21):(1,18)	(1,21)	(2,13)	(2,18)	(2,19)	(2,20)	(3,14)	(3,15)	(3,16)	(3,17)	(3,18)	(3,19)	(3,20)	(4,14)	(4,15)	(4,16)	(4,17)	(4,18)	(4,19)	(4,20)	(5,15)	(5,21)	
(1,21):(1,18)	(1,21)	(2,18)	(2,19)	(2,20)	(3,15)	(3,16)	(3,17)	(3,18)	(3,19)	(3,20)	(4,13)	(4,14)	(4,15)	(4,16)	(4,17)	(4,18)	(4,19)	(4,20)	(5,15)	(5,21)	
(1,18):(1,18)	(1,21)	(2,18)	(2,19)	(2,20)	(3,18)	(3,19)	(3,20)	(4,18)	(4,19)	(4,20)	(5,21)	
(2,18):(1,18)	(1,21)	(2,13)	(2,18)	(2,19)	(2,20)	(3,14)	(3,15)	(3,16)	(3,17)	(3,18)	(3,19)	(3,20)	(4,13)	(4,14)	(4,15)	(4,16)	(4,17)	(4,18)	(4,19)	(4,20)	(5,15)	(5,21)	
(2,13):(2,13)	(2,18)	(2,19)	(2,20)	(3,14)	(3,15)	(3,16)	(3,17)	(3,18)	(3,19)	(3,20)	(4,13)	(4,14)	(4,15)	(4,16)	(4,17)	(4,18)	(4,19)	(4,20)	(5,15)	(5,21)	
(4,13):(1,21)	(2,13)	(2,18)	(2,19)	(2,20)	(3,14)	(3,15)	(3,16)	(3,17)	(3,18)	(3,19)	(3,20)	(4,13)	(4,14)	(4,15)	(4,16)	(4,17)	(4,18)	(4,19)	(4,20)	
(4,14):(1,21)	(2,13)	(2,18)	(2,19)	(2,20)	(3,14)	(3,15)	(3,16)	(3,17)	(3,18)	(3,19)	(3,20)	(4,13)	(4,14)	(4,15)	(4,16)	(4,17)	(4,18)	(4,19)	(4,20)	(5,15)	(5,21)	(9,15)	(10,15)	(11,15)	(12,14)	(12,15)	(13,14)	(13,15)	(14,16)	
(12,14):(3,14)	(3,15)	(4,14)	(4,15)	(5,15)	(9,15)	(9,20)	(10,15)	(10,16)	(10,17)	(10,18)	(10,19)	(10,20)	(11,15)	(11,16)	(11,17)	(11,18)	(11,19)	(12,12)	(12,14)	(12,15)	(12,16)	(12,17)	(12,18)	(13,13)	(13,14)	(13,15)	(13,16)	(13,17)	(13,18)	(14,12)	(14,16)	(14,17)	(14,18)	(15,17)	(15,18)	(16,18)	
(12,12):(12,12)	(12,14)	(12,15)	(12,16)	(12,17)	(12,18)	(13,13)	(13,14)	(13,15)	(13,16)	(13,17)	(13,18)	(14,12)	(14,16)	(14,17)	(14,18)	(15,18)	
(14,12):(9,20)	(10,16)	(10,17)	(10,18)	(10,19)	(10,20)	(11,15)	(11,16)	(11,17)	(11,18)	(11,19)	(12,12)	(12,14)	(12,15)	(12,16)	(12,17)	(12,18)	(13,13)	(13,14)	(13,15)	(13,16)	(13,17)	(13,18)	(14,12)	(14,16)	(14,17)	(14,18)	
(14,16):(4,14)	(9,15)	(9,20)	(10,15)	(10,16)	(10,17)	(10,18)	(10,19)	(10,20)	(11,15)	(11,16)	(11,17)	(11,18)	(11,19)	(12,12)	(12,14)	(12,15)	(12,16)	(12,17)	(12,18)	(13,13)	(13,14)	(13,15)	(13,16)	(13,17)	(13,18)	(14,12)	(14,16)	(14,17)	(14,18)	(15,17)	(15,18)	(16,17)	(16,18)	(17,17)	(17,18)	(18,16)	(18,17)	(18,18)	(19,17)	(19,18)	(20,18)	(21,18)	(22,18)	(23,18)	(24,18)	
(18,16):(10,16)	(10,17)	(10,18)	(10,19)	(11,16)	(11,17)	(11,18)	(11,19)	(12,16)	(12,17)	(12,18)	(13,16)	(13,17)	(13,18)	(14,16)	(14,17)	(14,18)	(15,17)	(15,18)	(16,17)	(16,18)	(17,17)	(17,18)	(18,3)	(18,4)	(18,5)	(18,6)	(18,7)	(18,8)	(18,9)	(18,16)	(18,17)	(18,18)	(19,3)	(19,4)	(19,5)	(19,6)	(19,7)	(19,8)	(19,17)	(19,18)	(20,18)	
(18,9):(16,2)	(16,3)	(17,3)	(17,4)	(17,5)	(17,6)	(17,9)	(18,3)	(18,4)	(18,5)	(18,6)	(18,7)	(18,8)	(18,9)	(18,16)	(18,17)	(18,18)	(19,3)	(19,4)	(19,5)	(19,6)	(19,7)	(19,8)	(19,17)	(19,18)	(20,3)	(20,4)	(20,5)	(20,6)	(20,7)	(21,3)	(21,4)	(21,5)	(21,6)	(22,3)	(22,4)	(22,5)	(23,3)	(23,4)	(24,3)	(25,2)	
(17,9):(17,3)	(17,4)	(17,5)	(17,6)	(17,9)	(18,3)	(18,4)	(18,5)	(18,6)	(18,7)	(18,8)	(18,9)	(19,3)	(19,4)	(19,5)	(19,6)	(19,7)	(19,8)	(20,3)	(20,4)	(20,5)	(20,6)	(20,7)	(21,3)	(21,4)	(21,5)	(21,6)	(21,7)	(22,3)	(22,4)	(22,5)	(22,6)	(23,3)	(23,4)	(23,5)	(23,6)	(24,3)	(25,2)	
(17,6):(3,4)	(7,5)	(7,6)	(8,1)	(8,4)	(8,5)	(9,2)	(9,3)	(9,4)	(9,5)	(10,2)	(10,3)	(10,4)	(10,5)	(11,2)	(11,3)	(11,4)	(11,5)	(12,2)	(12,3)	(12,4)	(12,5)	(13,2)	(13,3)	(13,4)	(13,5)	(14,2)	(14,3)	(14,4)	(14,5)	(15,2)	(15,3)	(15,4)	(15,5)	(16,2)	(16,3)	(16,4)	(16,5)	(17,3)	(17,4)	(17,5)	(17,6)	(17,9)	(18,3)	(18,4)	(18,5)	(18,6)	(18,7)	(18,8)	(18,9)	(19,3)	(19,4)	(19,5)	(19,6)	(19,7)	(19,8)	(20,3)	(20,4)	(20,5)	(20,6)	(20,7)	(20,8)	(21,3)	(21,4)	(21,5)	(21,6)	(21,7)	(21,8)	(22,3)	(22,4)	(22,5)	(22,6)	(22,7)	(22,8)	(22,9)	(23,3)	(23,4)	(23,5)	(23,6)	(23,7)	(23,8)	(23,9)	(23,10)	(24,3)	(24,10)	(25,2)	
(7,6):(7,5)	(7,6)	(8,4)	(8,5)	(9,2)	(9,3)	(9,4)	(9,5)	(10,2)	(10,3)	(10,4)	(10,5)	(11,2)	(11,3)	(11,4)	(11,5)	(12,2)	(12,3)	(12,4)	(12,5)	(13,2)	(13,3)	(13,4)	(13,5)	(14,2)	(14,3)	(14,4)	(14,5)	(15,2)	(15,3)	(15,4)	(15,5)	(16,1)	(16,2)	(16,3)	(16,4)	(16,5)	(17,3)	(17,4)	(17,5)	(17,6)	(18,3)	(18,4)	(18,5)	(18,6)	(19,3)	(19,4)	(19,5)	(19,6)	(20,3)	(20,4)	(20,5)	(20,6)	(21,3)	(21,4)	(21,5)	(21,6)	(22,3)	(22,4)	(22,5)	(22,6)	(23,3)	(23,4)	(23,5)	(23,6)	(24,3)	(25,2)	
(7,5):(3,4)	(4,5)	(5,5)	(6,5)	(7,5)	(7,6)	(8,4)	(8,5)	(9,3)	(9,4)	(9,5)	(10,2)	(10,3)	(10,4)	(10,5)	(11,2)	(11,3)	(11,4)	(11,5)	(12,2)	(12,3)	(12,4)	(12,5)	(13,2)	(13,3)	(13,4)	(13,5)	(14,2)	(14,3)	(14,4)	(14,5)	(15,2)	(15,3)	(15,4)	(15,5)	(16,1)	(16,2)	(16,3)	(16,4)	(16,5)	(17,3)	(17,4)	(17,5)	(17,6)	(18,3)	(18,4)	(18,5)	(18,6)	(19,3)	(19,4)	(19,5)	(19,6)	(20,3)	(20,4)	(20,5)	(20,6)	(21,3)	(21,4)	(21,5)	(21,6)	(22,3)	(22,4)	(22,5)	(22,6)	(23,3)	(23,4)	(23,5)	(23,6)	(24,3)	(25,2)	
(6,5):(3,4)	(3,7)	(4,5)	(4,6)	(5,5)	(5,6)	(6,5)	(6,7)	(7,5)	(8,4)	(8,5)	(9,4)	(9,5)	(10,3)	(10,4)	(10,5)	(11,3)	(11,4)	(11,5)	(12,2)	(12,3)	(12,4)	(12,5)	(13,2)	(13,3)	(13,4)	(13,5)	(14,2)	(14,3)	(14,4)	(14,5)	(15,2)	(15,3)	(15,4)	(15,5)	(16,1)	(16,2)	(16,3)	(16,4)	(16,5)	(17,3)	(17,4)	(17,5)	(18,3)	(18,4)	(18,5)	(19,3)	(19,4)	(19,5)	(20,3)	(20,4)	(20,5)	(21,3)	(21,4)	(21,5)	(22,3)	(22,4)	(22,5)	(23,3)	(23,4)	(23,5)	(24,3)	(25,2)	
(6,7):(3,4)	(3,7)	(4,5)	(4,6)	(5,5)	(5,6)	(6,5)	(6,7)	
(3,7):(3,4)	(3,7)	(4,5)	(4,6)	(5,5)	(5,6)	(6,5)	(6,7)	
(3,4):(3,4)	(3,7)	(4,5)	(4,6)	(5,5)	(5,6)	(6,5)	(6,7)	(7,5)	(8,4)	(8,5)	(9,4)	(9,5)	(10,4)	(10,5)	(11,4)	(11,5)	(12,4)	(12,5)	(13,4)	(13,5)	(14,4)	(14,5)	(15,4)	(15,5)	(16,4)	(16,5)	(17,4)	(17,5)	(17,6)	(18,4)	(18,5)	(18,6)	(19,4)	(19,5)	(19,6)	(20,4)	(20,5)	(20,6)	(21,4)	(21,5)	(21,6)	(22,4)	(22,5)	(22,6)	(23,4)	(23,5)	(23,6)	
(8,4):(3,4)	(4,5)	(4,6)	(5,5)	(6,5)	(7,5)	(7,6)	(8,1)	(8,4)	(8,5)	(9,2)	(9,3)	(9,4)	(9,5)	(10,2)	(10,3)	(10,4)	(10,5)	(11,2)	(11,3)	(11,4)	(11,5)	(12,2)	(12,3)	(12,4)	(12,5)	(13,2)	(13,3)	(13,4)	(13,5)	(14,2)	(14,3)	(14,4)	(14,5)	(15,2)	(15,3)	(15,4)	(15,5)	(16,1)	(16,2)	(16,3)	(16,4)	(16,5)	(17,3)	(17,4)	(17,5)	(17,6)	(18,3)	(18,4)	(18,5)	(18,6)	(19,3)	(19,4)	(19,5)	(19,6)	(20,3)	(20,4)	(20,5)	(20,6)	(21,3)	(21,4)	(21,5)	(21,6)	(22,3)	(22,4)	(22,5)	(22,6)	(22,7)	(23,3)	(23,4)	(23,5)	(23,6)	(23,7)	(24,3)	(25,2)	
(8,1):(8,1)	(8,4)	(8,5)	(9,2)	(9,3)	(9,4)	(9,5)	(10,2)	(10,3)	(10,4)	(10,5)	(11,2)	(11,3)	(11,4)	(11,5)	(12,2)	(12,3)	(12,4)	(12,5)	(13,2)	(13,3)	(13,4)	(13,5)	(14,2)	(14,3)	(14,4)	(14,5)	(15,2)	(15,3)	(15,4)	(15,5)	(16,1)	(16,2)	(16,3)	(16,4)	(16,5)	(17,3)	(17,4)	(17,5)	(17,6)	(18,3)	(18,4)	(18,5)	(18,6)	(19,3)	(19,4)	(19,5)	(19,6)	(19,7)	(20,3)	(20,4)	(20,5)	(20,6)	(20,7)	(21,3)	(21,4)	(21,5)	(21,6)	(21,7)	(21,8)	(22,3)	(22,4)	(22,5)	(22,6)	(22,7)	(22,8)	(23,3)	(23,4)	(23,5)	(23,6)	(23,7)	(23,8)	(23,9)	(24,3)	
(16,1):(6,5)	(7,5)	(7,6)	(8,1)	(8,4)	(8,5)	(9,2)	(9,3)	(9,4)	(9,5)	(10,2)	(10,3)	(10,4)	(10,5)	(11,2)	(11,3)	(11,4)	(11,5)	(12,2)	(12,3)	(12,4)	(12,5)	(13,2)	(13,3)	(13,4)	(13,5)	(14,2)	(14,3)	(14,4)	(14,5)	(15,2)	(15,3)	(15,4)	(15,5)	(16,1)	(16,2)	(16,3)	(16,4)	(16,5)	
(16,2):(4,5)	(5,5)	(6,5)	(7,5)	(7,6)	(8,1)	(8,4)	(8,5)	(9,2)	(9,3)	(9,4)	(9,5)	(10,2)	(10,3)	(10,4)	(10,5)	(11,2)	(11,3)	(11,4)	(11,5)	(12,2)	(12,3)	(12,4)	(12,5)	(13,2)	(13,3)	(13,4)	(13,5)	(14,2)	(14,3)	(14,4)	(14,5)	(15,2)	(15,3)	(15,4)	(15,5)	(16,1)	(16,2)	(16,3)	(16,4)	(16,5)	(17,3)	(17,4)	(17,5)	(17,6)	(18,3)	(18,4)	(18,5)	(18,6)	(18,7)	(18,8)	(18,9)	(19,3)	(19,4)	(19,5)	(19,6)	(19,7)	(19,8)	(20,3)	(20,4)	(20,5)	(20,6)	(20,7)	(20,8)	(21,3)	(21,4)	(21,5)	(21,6)	(21,7)	(21,8)	(21,9)	(22,3)	(22,4)	(22,5)	(22,6)	(22,7)	(22,8)	(22,9)	(22,10)	(23,3)	(23,4)	(23,5)	(23,6)	(23,7)	(23,8)	(23,9)	(23,10)	(23,11)	(24,3)	(24,10)	(25,2)	(25,3)	
(25,2):(4,5)	(5,5)	(6,5)	(7,5)	(7,6)	(8,4)	(8,5)	(9,2)	(9,3)	(9,4)	(9,5)	(10,2)	(10,3)	(10,4)	(10,5)	(11,2)	(11,3)	(11,4)	(11,5)	(12,2)	(12,3)	(12,4)	(12,5)	(13,2)	(13,3)	(13,4)	(13,5)	(14,2)	(14,3)	(14,4)	(14,5)	(15,2)	(15,3)	(15,4)	(15,5)	(16,2)	(16,3)	(16,4)	(16,5)	(17,3)	(17,4)	(17,5)	(17,6)	(17,9)	(18,3)	(18,4)	(18,5)	(18,6)	(18,7)	(18,8)	(18,9)	(19,3)	(19,4)	(19,5)	(19,6)	(19,7)	(19,8)	(20,3)	(20,4)	(20,5)	(20,6)	(20,7)	(21,3)	(21,4)	(21,5)	(21,6)	(22,3)	(22,4)	(22,5)	(23,3)	(23,4)	(24,3)	(25,2)	(25,3)	
(25,3):(9,2)	(9,3)	(10,2)	(10,3)	(11,2)	(11,3)	(12,2)	(12,3)	(13,2)	(13,3)	(14,2)	(14,3)	(15,2)	(15,3)	(16,2)	(16,3)	(17,3)	(18,3)	(19,3)	(20,3)	(21,3)	(22,3)	(23,3)	(24,3)	(25,2)	(25,3)	
(24,3):(4,5)	(5,5)	(6,5)	(7,5)	(7,6)	(8,1)	(8,4)	(8,5)	(9,2)	(9,3)	(9,4)	(9,5)	(10,2)	(10,3)	(10,4)	(10,5)	(11,2)	(11,3)	(11,4)	(11,5)	(12,2)	(12,3)	(12,4)	(12,5)	(13,2)	(13,3)	(13,4)	(13,5)	(14,2)	(14,3)	(14,4)	(14,5)	(15,2)	(15,3)	(15,4)	(15,5)	(16,2)	(16,3)	(16,4)	(16,5)	(17,3)	(17,4)	(17,5)	(17,6)	(17,9)	(18,3)	(18,4)	(18,5)	(18,6)	(18,7)	(18,8)	(18,9)	(19,3)	(19,4)	(19,5)	(19,6)	(19,7)	(19,8)	(20,3)	(20,4)	(20,5)	(20,6)	(20,7)	(20,8)	(20,11)	(21,3)	(21,4)	(21,5)	(21,6)	(21,7)	(21,8)	(21,9)	(21,10)	(22,3)	(22,4)	(22,5)	(22,6)	(22,7)	(22,8)	(22,9)	(22,10)	(23,3)	(23,4)	(23,5)	(23,6)	(23,7)	(23,8)	(23,9)	(23,10)	(24,3)	(24,10)	(25,2)	(25,3)	
(24,10):(10,2)	(11,2)	(12,2)	(12,3)	(13,2)	(13,3)	(14,2)	(14,3)	(14,4)	(15,2)	(15,3)	(15,4)	(16,2)	(16,3)	(16,4)	(16,5)	(17,3)	(17,4)	(17,5)	(17,6)	(18,3)	(18,4)	(18,5)	(18,6)	(18,7)	(19,3)	(19,4)	(19,5)	(19,6)	(19,7)	(20,3)	(20,4)	(20,5)	(20,6)	(20,7)	(20,8)	(21,3)	(21,4)	(21,5)	(21,6)	(21,7)	(21,8)	(21,9)	(21,10)	(22,3)	(22,4)	(22,5)	(22,6)	(22,7)	(22,8)	(22,9)	(22,10)	(23,3)	(23,4)	(23,5)	(23,6)	(23,7)	(23,8)	(23,9)	(23,10)	(24,3)	(24,10)	
(23,10):(11,2)	(12,2)	(13,2)	(13,3)	(14,2)	(14,3)	(14,4)	(15,2)	(15,3)	(15,4)	(16,2)	(16,3)	(16,4)	(16,5)	(17,3)	(17,4)	(17,5)	(17,6)	(18,3)	(18,4)	(18,5)	(18,6)	(19,3)	(19,4)	(19,5)	(19,6)	(19,7)	(20,3)	(20,4)	(20,5)	(20,6)	(20,7)	(20,8)	(20,11)	(21,3)	(21,4)	(21,5)	(21,6)	(21,7)	(21,8)	(21,9)	(21,10)	(22,3)	(22,4)	(22,5)	(22,6)	(22,7)	(22,8)	(22,9)	(22,10)	(23,3)	(23,4)	(23,5)	(23,6)	(23,7)	(23,8)	(23,9)	(23,10)	(23,11)	(24,3)	(24,10)	
(23,11):(14,2)	(15,2)	(15,3)	(16,2)	(16,3)	(16,4)	(17,3)	(17,4)	(17,5)	(18,3)	(18,4)	(18,5)	(18,6)	(19,3)	(19,4)	(19,5)	(19,6)	(19,7)	(20,3)	(20,4)	(20,5)	(20,6)	(20,7)	(20,8)	(20,11)	(21,3)	(21,4)	(21,5)	(21,6)	(21,7)	(21,8)	(21,9)	(21,10)	(22,3)	(22,4)	(22,5)	(22,6)	(22,7)	(22,8)	(22,9)	(22,10)	(23,3)	(23,4)	(23,5)	(23,6)	(23,7)	(23,8)	(23,9)	(23,10)	(23,11)	
(20,11):(20,3)	(20,4)	(20,5)	(20,6)	(20,7)	(20,8)	(20,11)	(21,3)	(21,4)	(21,5)	(21,6)	(21,7)	(21,8)	(21,9)	(21,10)	(22,3)	(22,4)	(22,5)	(22,6)	(22,7)	(22,8)	(22,9)	(22,10)	(23,3)	(23,4)	(23,5)	(23,6)	(23,7)	(23,8)	(23,9)	(23,10)	(23,11)	(24,3)	
(20,8):(11,2)	(12,2)	(13,2)	(13,3)	(14,2)	(14,3)	(14,4)	(15,2)	(15,3)	(15,4)	(16,2)	(16,3)	(16,4)	(16,5)	(17,3)	(17,4)	(17,5)	(17,6)	(18,3)	(18,4)	(18,5)	(18,6)	(18,7)	(18,8)	(19,3)	(19,4)	(19,5)	(19,6)	(19,7)	(19,8)	(20,3)	(20,4)	(20,5)	(20,6)	(20,7)	(20,8)	(20,11)	(21,3)	(21,4)	(21,5)	(21,6)	(21,7)	(21,8)	(21,9)	(21,10)	(22,3)	(22,4)	(22,5)	(22,6)	(22,7)	(22,8)	(22,9)	(22,10)	(23,3)	(23,4)	(23,5)	(23,6)	(23,7)	(23,8)	(23,9)	(23,10)	(23,11)	(24,3)	(24,10)	
(19,8):(13,2)	(14,2)	(14,3)	(15,2)	(15,3)	(15,4)	(16,2)	(16,3)	(16,4)	(16,5)	(17,3)	(17,4)	(17,5)	(17,6)	(17,9)	(18,3)	(18,4)	(18,5)	(18,6)	(18,7)	(18,8)	(18,9)	(18,16)	(18,17)	(18,18)	(19,3)	(19,4)	(19,5)	(19,6)	(19,7)	(19,8)	(19,17)	(19,18)	(20,3)	(20,4)	(20,5)	(20,6)	(20,7)	(20,8)	(21,3)	(21,4)	(21,5)	(21,6)	(21,7)	(21,8)	(22,3)	(22,4)	(22,5)	(22,6)	(22,7)	(22,8)	(23,3)	(23,4)	(23,5)	(23,6)	(23,7)	(23,8)	(24,3)	(25,2)	
(19,17):(9,15)	(10,16)	(10,17)	(10,18)	(10,19)	(11,16)	(11,17)	(11,18)	(11,19)	(12,16)	(12,17)	(12,18)	(13,16)	(13,17)	(13,18)	(14,16)	(14,17)	(14,18)	(15,17)	(15,18)	(16,17)	(16,18)	(17,17)	(17,18)	(18,3)	(18,4)	(18,5)	(18,6)	(18,7)	(18,8)	(18,9)	(18,16)	(18,17)	(18,18)	(19,3)	(19,4)	(19,5)	(19,6)	(19,7)	(19,8)	(19,17)	(19,18)	(20,18)	(21,18)	(22,18)	(23,18)	(24,18)	(25,18)	(26,18)	(27,18)	(28,18)	(29,18)	(30,17)	(30,19)	
(30,17):(10,17)	(10,18)	(10,19)	(11,17)	(11,18)	(11,19)	(12,17)	(12,18)	(13,17)	(13,18)	(14,17)	(14,18)	(15,17)	(15,18)	(16,17)	(16,18)	(17,17)	(17,18)	(18,17)	(18,18)	(19,17)	(19,18)	(20,18)	(21,18)	(22,18)	(23,18)	(24,18)	(25,18)	(26,18)	(27,18)	(28,18)	(29,18)	(30,17)	(30,19)	
(30,19):(10,16)	(10,17)	(10,18)	(10,19)	(11,16)	(11,17)	(11,18)	(11,19)	(12,16)	(12,17)	(12,18)	(13,16)	(13,17)	(13,18)	(14,17)	(14,18)	(15,17)	(15,18)	(16,17)	(16,18)	(17,17)	(17,18)	(18,17)	(18,18)	(19,17)	(19,18)	(20,18)	(21,18)	(22,18)	(23,18)	(24,18)	(25,18)	(26,18)	(27,18)	(28,18)	(29,18)	(30,17)	(30,19)	
(11,19):(9,15)	(9,20)	(10,15)	(10,16)	(10,17)	(10,18)	(10,19)	(10,20)	(10,31)	(11,15)	(11,16)	(11,17)	(11,18)	(11,19)	(11,27)	(11,28)	(11,29)	(11,30)	(12,14)	(12,15)	(12,16)	(12,17)	(12,18)	(13,13)	(13,14)	(13,15)	(13,16)	(13,17)	(13,18)	(14,12)	(14,16)	(14,17)	(14,18)	(15,17)	(15,18)	(16,17)	(16,18)	(17,17)	(17,18)	(18,16)	(18,17)	(18,18)	(19,17)	(19,18)	(20,18)	(21,18)	(22,18)	(23,18)	(24,18)	(25,18)	(26,18)	(27,18)	(28,18)	(29,18)	(30,17)	(30,19)	
(11,27):(10,15)	(10,16)	(10,17)	(10,18)	(10,19)	(10,20)	(10,31)	(11,15)	(11,16)	(11,17)	(11,18)	(11,19)	(11,27)	(11,28)	(11,29)	(11,30)	(12,28)	(12,29)	(12,30)	(13,27)	(13,28)	(13,29)	(13,30)	(14,27)	(14,28)	(14,29)	(14,30)	(15,27)	(15,28)	(15,29)	(15,30)	(16,27)	(16,28)	(16,29)	(16,30)	(17,27)	(17,28)	(17,29)	(17,30)	(18,27)	(18,28)	(18,29)	(18,30)	(19,27)	(19,28)	(19,29)	(19,30)	(20,27)	(20,28)	(20,29)	(20,30)	(21,28)	(21,29)	(21,30)	(22,29)	(22,30)	(23,30)	(24,30)	(25,30)	(26,30)	(26,31)	
(13,27):(10,31)	(11,27)	(11,28)	(11,29)	(11,30)	(12,28)	(12,29)	(12,30)	(13,22)	(13,27)	(13,28)	(13,29)	(13,30)	(14,23)	(14,24)	(14,25)	(14,26)	(14,27)	(14,28)	(14,29)	(14,30)	(15,22)	(15,26)	(15,27)	(15,28)	(15,29)	(15,30)	(16,27)	(16,28)	(16,29)	(16,30)	(17,27)	(17,28)	(17,29)	(17,30)	(18,27)	(18,28)	(18,29)	(18,30)	(19,27)	(19,28)	(19,29)	(19,30)	(20,27)	(20,28)	(20,29)	(20,30)	(21,26)	(21,28)	(21,29)	(21,30)	(22,29)	(22,30)	(23,30)	(24,30)	(25,30)	(26,30)	(26,31)	
(13,22):(13,22)	(13,27)	(13,28)	(13,29)	(13,30)	(14,23)	(14,24)	(14,25)	(14,26)	(14,27)	(14,28)	(14,29)	(14,30)	(15,22)	(15,26)	(15,27)	(15,28)	(15,29)	(15,30)	(16,28)	(16,29)	(16,30)	(17,30)	
(15,22):(12,30)	(13,22)	(13,27)	(13,28)	(13,29)	(13,30)	(14,23)	(14,24)	(14,25)	(14,26)	(14,27)	(14,28)	(14,29)	(14,30)	(15,22)	(15,26)	(15,27)	(15,28)	(15,29)	(15,30)	
(15,26):(10,31)	(11,28)	(11,29)	(11,30)	(12,28)	(12,29)	(12,30)	(13,22)	(13,27)	(13,28)	(13,29)	(13,30)	(14,23)	(14,24)	(14,25)	(14,26)	(14,27)	(14,28)	(14,29)	(14,30)	(15,22)	(15,26)	(15,27)	(15,28)	(15,29)	(15,30)	(16,27)	(16,28)	(16,29)	(16,30)	(17,27)	(17,28)	(17,29)	(17,30)	(18,27)	(18,28)	(18,29)	(18,30)	(19,27)	(19,28)	(19,29)	(19,30)	(20,27)	(20,28)	(20,29)	(20,30)	(21,26)	(21,28)	(21,29)	(21,30)	(22,29)	(22,30)	(23,30)	(24,30)	(26,31)	
(21,26):(10,31)	(11,28)	(11,29)	(11,30)	(12,28)	(12,29)	(12,30)	(13,27)	(13,28)	(13,29)	(13,30)	(14,26)	(14,27)	(14,28)	(14,29)	(14,30)	(15,26)	(15,27)	(15,28)	(15,29)	(15,30)	(16,27)	(16,28)	(16,29)	(16,30)	(17,27)	(17,28)	(17,29)	(17,30)	(18,27)	(18,28)	(18,29)	(18,30)	(19,27)	(19,28)	(19,29)	(19,30)	(20,27)	(20,28)	(20,29)	(20,30)	(21,26)	(21,28)	(21,29)	(21,30)	
(21,28):(10,31)	(11,27)	(11,28)	(11,29)	(11,30)	(12,28)	(12,29)	(12,30)	(13,27)	(13,28)	(13,29)	(13,30)	(14,26)	(14,27)	(14,28)	(14,29)	(14,30)	(15,26)	(15,27)	(15,28)	(15,29)	(15,30)	(16,27)	(16,28)	(16,29)	(16,30)	(17,27)	(17,28)	(17,29)	(17,30)	(18,27)	(18,28)	(18,29)	(18,30)	(19,27)	(19,28)	(19,29)	(19,30)	(20,27)	(20,28)	(20,29)	(20,30)	(21,26)	(21,28)	(21,29)	(21,30)	(22,28)	(22,29)	(22,30)	(23,30)	
(22,28):(10,31)	(11,28)	(11,29)	(11,30)	(12,28)	(12,29)	(12,30)	(13,28)	(13,29)	(13,30)	(14,28)	(14,29)	(14,30)	(15,28)	(15,29)	(15,30)	(16,28)	(16,29)	(16,30)	(17,28)	(17,29)	(17,30)	(18,28)	(18,29)	(18,30)	(19,28)	(19,29)	(19,30)	(20,28)	(20,29)	(20,30)	(21,28)	(21,29)	(21,30)	(22,28)	(22,29)	(22,30)	
(22,29):(10,31)	(11,27)	(11,28)	(11,29)	(11,30)	(12,28)	(12,29)	(12,30)	(13,27)	(13,28)	(13,29)	(13,30)	(14,26)	(14,27)	(14,28)	(14,29)	(14,30)	(15,26)	(15,27)	(15,28)	(15,29)	(15,30)	(16,27)	(16,28)	(16,29)	(16,30)	(17,27)	(17,28)	(17,29)	(17,30)	(18,27)	(18,28)	(18,29)	(18,30)	(19,27)	(19,28)	(19,29)	(19,30)	(20,27)	(20,28)	(20,29)	(20,30)	(21,28)	(21,29)	(21,30)	(22,28)	(22,29)	(22,30)	(23,30)	(24,30)	(25,30)	(26,30)	(26,31)	(27,29)	(28,29)	(29,29)	(30,29)	(31,30)	
(27,29):(10,31)	(11,29)	(11,30)	(12,29)	(12,30)	(13,29)	(13,30)	(14,29)	(14,30)	(15,29)	(15,30)	(16,29)	(16,30)	(17,29)	(17,30)	(18,29)	(18,30)	(19,29)	(19,30)	(20,29)	(20,30)	(21,29)	(21,30)	(22,29)	(22,30)	(23,30)	(24,30)	(25,30)	(26,30)	(27,25)	(27,29)	(28,25)	(28,26)	(28,27)	(28,28)	(28,29)	(29,24)	(29,25)	(29,26)	(29,27)	(29,28)	(29,29)	(30,24)	(30,25)	(30,26)	(30,27)	(30,28)	(30,29)	(31,23)	(31,30)	
(27,25):(27,25)	(27,29)	(28,25)	(28,26)	(28,27)	(28,28)	(28,29)	(29,25)	(29,26)	(29,27)	(29,28)	(29,29)	(30,25)	(30,26)	(30,27)	(30,28)	(30,29)	(31,30)	
(28,25):(27,25)	(27,29)	(28,24)	(28,25)	(28,26)	(28,27)	(28,28)	(28,29)	(29,24)	(29,25)	(29,26)	(29,27)	(29,28)	(29,29)	(30,24)	(30,25)	(30,26)	(30,27)	(30,28)	(30,29)	(31,23)	(31,30)	
(28,24):(28,24)	(28,25)	(28,26)	(28,27)	(28,28)	(28,29)	(29,24)	(29,25)	(29,26)	(29,27)	(29,28)	(29,29)	(30,24)	(30,25)	(30,26)	(30,27)	(30,28)	(30,29)	(31,30)	
(29,24):(27,29)	(28,24)	(28,25)	(28,26)	(28,27)	(28,28)	(28,29)	(29,23)	(29,24)	(29,25)	(29,26)	(29,27)	(29,28)	(29,29)	(30,24)	(30,25)	(30,26)	(30,27)	(30,28)	(30,29)	(31,23)	(31,30)	
(29,23):(29,23)	(29,24)	(29,25)	(29,26)	(29,27)	(29,28)	(29,29)	(30,24)	(30,25)	(30,26)	(30,27)	(30,28)	(30,29)	(31,23)	(31,30)	
(31,23):(27,29)	(28,25)	(28,26)	(28,27)	(28,28)	(28,29)	(29,23)	(29,24)	(29,25)	(29,26)	(29,27)	(29,28)	(29,29)	(30,24)	(30,25)	(30,26)	(30,27)	(30,28)	(30,29)	(31,23)	(31,30)	
(31,30):(11,28)	(11,29)	(11,30)	(12,28)	(12,29)	(12,30)	(13,28)	(13,29)	(13,30)	(14,29)	(14,30)	(15,29)	(15,30)	(16,29)	(16,30)	(17,29)	(17,30)	(18,29)	(18,30)	(19,29)	(19,30)	(20,29)	(20,30)	(21,29)	(21,30)	(22,29)	(22,30)	(23,30)	(24,30)	(25,30)	(26,30)	(27,25)	(27,29)	(28,24)	(28,25)	(28,26)	(28,27)	(28,28)	(28,29)	(29,23)	(29,24)	(29,25)	(29,26)	(29,27)	(29,28)	(29,29)	(30,24)	(30,25)	(30,26)	(30,27)	(30,28)	(30,29)	(31,23)	(31,30)	
(26,30):61.224998
(26,31):57.042423
(10,31):82.868263
(10,20):38.076191
(9,20):30.000000
(9,15):60.066666
(5,15):34.285713
(5,21):25.928572
(1,21):22.166666
(1,18):12.000000
(2,18):26.500000
(2,13):23.000000
(4,13):17.750000
(4,14):36.500000
(12,14):44.642857
(12,12):16.250000
(14,12):26.666666
(14,16):58.000000
(18,16):49.107143
(18,9):45.273811
(17,9):38.321430
(17,6):100.360718
(7,6):72.661766
(7,5):76.891174
(6,5):58.944443
(6,7):9.000000
(3,7):9.750000
(3,4):45.500000
(8,4):86.663193
(8,1):81.611115
(16,1):43.112499
(16,2):101.849998
(25,2):73.239937
(25,3):20.555555
(24,3):101.147324
(24,10):68.125000
(23,10):67.383926
(23,11):47.111111
(20,11):35.083332
(20,8):70.816666
(19,8):66.312500
(19,17):72.062500
(30,17):42.210526
(30,19):51.090908
(11,19):79.064285
(11,27):69.271431
(13,27):69.187500
(13,22):24.250000
(15,22):21.200001
(15,26):65.154762
(21,26):51.437500
(21,28):57.716667
(22,28):36.000000
(22,29):66.948051
(27,29):57.174999
(27,25):20.000000
(28,25):24.625000
(28,24):18.000000
(29,24):24.700001
(29,23):14.000000
(31,23):24.750000
(31,30):50.000000
(26,30),(26,31):48.224998
(26,30),(10,31):53.365189
(26,30),(10,20):5.242857
(26,30),(9,20):0.000000
(26,30),(9,15):0.000000
(26,30),(5,15):0.000000
(26,30),(5,21):0.000000
(26,30),(1,21):0.000000
(26,30),(1,18):0.000000
(26,30),(2,18):0.000000
(26,30),(2,13):0.000000
(26,30),(4,13):0.000000
(26,30),(4,14):0.000000
(26,30),(12,14):0.000000
(26,30),(12,12):0.000000
(26,30),(14,12):0.000000
(26,30),(14,16):0.000000
(26,30),(18,16):0.000000
(26,30),(18,9):0.000000
(26,30),(17,9):0.000000
(26,30),(17,6):0.000000
(26,30),(7,6):0.000000
(26,30),(7,5):0.000000
(26,30),(6,5):0.000000
(26,30),(6,7):0.000000
(26,30),(3,7):0.000000
(26,30),(3,4):0.000000
(26,30),(8,4):0.000000
(26,30),(8,1):0.000000
(26,30),(16,1):0.000000
(26,30),(16,2):0.000000
(26,30),(25,2):0.000000
(26,30),(25,3):0.000000
(26,30),(24,3):0.000000
(26,30),(24,10):0.000000
(26,30),(23,10):0.000000
(26,30),(23,11):0.000000
(26,30),(20,11):0.000000
(26,30),(20,8):0.000000
(26,30),(19,8):0.000000
(26,30),(19,17):0.000000
(26,30),(30,17):0.000000
(26,30),(30,19):0.000000
(26,30),(11,19):4.100000
(26,30),(11,27):46.849998
(26,30),(13,27):46.375000
(26,30),(13,22):13.803572
(26,30),(15,22):11.200000
(26,30),(15,26):42.446430
(26,30),(21,26):37.437500
(26,30),(21,28):42.174999
(26,30),(22,28):34.000000
(26,30),(22,29):53.215908
(26,30),(27,29):44.500000
(26,30),(27,25):12.000000
(26,30),(28,25):12.125000
(26,30),(28,24):10.500000
(26,30),(29,24):12.200000
(26,30),(29,23):8.000000
(26,30),(31,23):12.333333
(26,30),(31,30):37.000000
(26,31),(10,31):56.023163
(26,31),(10,20):5.276190
(26,31),(9,20):0.000000
(26,31),(9,15):0.000000
(26,31),(5,15):0.000000
(26,31),(5,21):0.000000
(26,31),(1,21):0.000000
(26,31),(1,18):0.000000
(26,31),(2,18):0.000000
(26,31),(2,13):0.000000
(26,31),(4,13):0.000000
(26,31),(4,14):0.000000
(26,31),(12,14):0.000000
(26,31),(12,12):0.000000
(26,31),(14,12):0.000000
(26,31),(14,16):0.000000
(26,31),(18,16):0.000000
(26,31),(18,9):0.000000
(26,31),(17,9):0.000000
(26,31),(17,6):0.000000
(26,31),(7,6):0.000000
(26,31),(7,5):0.000000
(26,31),(6,5):0.000000
(26,31),(6,7):0.000000
(26,31),(3,7):0.000000
(26,31),(3,4):0.000000
(26,31),(8,4):0.000000
(26,31),(8,1):0.000000
(26,31),(16,1):0.000000
(26,31),(16,2):0.000000
(26,31),(25,2):0.000000
(26,31),(25,3):0.000000
(26,31),(24,3):0.000000
(26,31),(24,10):0.000000
(26,31),(23,10):0.000000
(26,31),(23,11):0.000000
(26,31),(20,11):0.000000
(26,31),(20,8):0.000000
(26,31),(19,8):0.000000
(26,31),(19,17):0.000000
(26,31),(30,17):0.000000
(26,31),(30,19):0.000000
(26,31),(11,19):4.133333
(26,31),(11,27):50.678787
(26,31),(13,27):55.131313
(26,31),(13,22):17.159090
(26,31),(15,22):14.109091
(26,31),(15,26):51.230518
(26,31),(21,26):45.187500
(26,31),(21,28):50.716667
(26,31),(22,28):35.000000
(26,31),(22,29):56.948051
(26,31),(27,29):31.500000
(26,31),(27,25):0.000000
(26,31),(28,25):0.000000
(26,31),(28,24):0.000000
(26,31),(29,24):0.000000
(26,31),(29,23):0.000000
(26,31),(31,23):0.000000
(26,31),(31,30):24.000000
(10,31),(10,20):19.184525
(10,31),(9,20):7.041667
(10,31),(9,15):9.541667
(10,31),(5,15):1.375000
(10,31),(5,21):0.000000
(10,31),(1,21):0.000000
(10,31),(1,18):0.000000
(10,31),(2,18):0.000000
(10,31),(2,13):0.000000
(10,31),(4,13):0.000000
(10,31),(4,14):1.810519
(10,31),(12,14):8.541667
(10,31),(12,12):0.000000
(10,31),(14,12):5.393939
(10,31),(14,16):6.541667
(10,31),(18,16):3.589286
(10,31),(18,9):0.000000
(10,31),(17,9):0.000000
(10,31),(17,6):0.000000
(10,31),(7,6):0.000000
(10,31),(7,5):0.000000
(10,31),(6,5):0.000000
(10,31),(6,7):0.000000
(10,31),(3,7):0.000000
(10,31),(3,4):0.000000
(10,31),(8,4):0.000000
(10,31),(8,1):0.000000
(10,31),(16,1):0.000000
(10,31),(16,2):0.000000
(10,31),(25,2):0.000000
(10,31),(25,3):0.000000
(10,31),(24,3):0.000000
(10,31),(24,10):0.000000
(10,31),(23,10):0.000000
(10,31),(23,11):0.000000
(10,31),(20,11):0.000000
(10,31),(20,8):0.000000
(10,31),(19,8):0.000000
(10,31),(19,17):4.356148
(10,31),(30,17):2.219298
(10,31),(30,19):4.035278
(10,31),(11,19):18.041666
(10,31),(11,27):66.647675
(10,31),(13,27):61.848068
(10,31),(13,22):16.916666
(10,31),(15,22):13.866667
(10,31),(15,26):57.821430
(10,31),(21,26):51.062500
(10,31),(21,28):56.883335
(10,31),(22,28):36.000000
(10,31),(22,29):65.188034
(10,31),(27,29):36.659927
(10,31),(27,25):4.191176
(10,31),(28,25):4.302783
(10,31),(28,24):3.226103
(10,31),(29,24):4.371465
(10,31),(29,23):2.205882
(10,31),(31,23):4.496883
(10,31),(31,30):29.159927
(10,20),(9,20):25.500000
(10,20),(9,15):25.766666
(10,20),(5,15):5.385714
(10,20),(5,21):0.000000
(10,20),(1,21):0.000000
(10,20),(1,18):0.000000
(10,20),(2,18):0.000000
(10,20),(2,13):0.000000
(10,20),(4,13):0.000000
(10,20),(4,14):7.600000
(10,20),(12,14):27.433332
(10,20),(12,12):9.333333
(10,20),(14,12):21.500000
(10,20),(14,16):25.433332
(10,20),(18,16):11.357142
(10,20),(18,9):0.000000
(10,20),(17,9):0.000000
(10,20),(17,6):0.000000
(10,20),(7,6):0.000000
(10,20),(7,5):0.000000
(10,20),(6,5):0.000000
(10,20),(6,7):0.000000
(10,20),(3,7):0.000000
(10,20),(3,4):0.000000
(10,20),(8,4):0.000000
(10,20),(8,1):0.000000
(10,20),(16,1):0.000000
(10,20),(16,2):0.000000
(10,20),(25,2):0.000000
(10,20),(25,3):0.000000
(10,20),(24,3):0.000000
(10,20),(24,10):0.000000
(10,20),(23,10):0.000000
(10,20),(23,11):0.000000
(10,20),(20,11):0.000000
(10,20),(20,8):0.000000
(10,20),(19,8):0.000000
(10,20),(19,17):13.500000
(10,20),(30,17):6.210526
(10,20),(30,19):12.321678
(10,20),(11,19):36.933334
(10,20),(11,27):20.714285
(10,20),(13,27):5.142857
(10,20),(13,22):0.000000
(10,20),(15,22):0.027068
(10,20),(15,26):3.826190
(10,20),(21,26):4.825971
(10,20),(21,28):5.192857
(10,20),(22,28):4.071429
(10,20),(22,29):5.233766
(10,20),(27,29):2.857143
(10,20),(27,25):0.000000
(10,20),(28,25):0.000000
(10,20),(28,24):0.000000
(10,20),(29,24):0.000000
(10,20),(29,23):0.000000
(10,20),(31,23):0.000000
(10,20),(31,30):2.876728
(9,20),(9,15):27.023809
(9,20),(5,15):5.285714
(9,20),(5,21):0.000000
(9,20),(1,21):0.000000
(9,20),(1,18):0.000000
(9,20),(2,18):0.000000
(9,20),(2,13):0.000000
(9,20),(4,13):0.000000
(9,20),(4,14):7.500000
(9,20),(12,14):28.400000
(9,20),(12,12):11.450000
(9,20),(14,12):23.035715
(9,20),(14,16):29.500000
(9,20),(18,16):15.857142
(9,20),(18,9):0.000000
(9,20),(17,9):0.000000
(9,20),(17,6):0.000000
(9,20),(7,6):0.000000
(9,20),(7,5):0.000000
(9,20),(6,5):0.000000
(9,20),(6,7):0.000000
(9,20),(3,7):0.000000
(9,20),(3,4):0.000000
(9,20),(8,4):0.000000
(9,20),(8,1):0.000000
(9,20),(16,1):0.000000
(9,20),(16,2):0.000000
(9,20),(25,2):0.000000
(9,20),(25,3):0.000000
(9,20),(24,3):0.000000
(9,20),(24,10):0.000000
(9,20),(23,10):0.000000
(9,20),(23,11):0.000000
(9,20),(20,11):0.000000
(9,20),(20,8):0.000000
(9,20),(19,8):0.000000
(9,20),(19,17):18.000000
(9,20),(30,17):8.210526
(9,20),(30,19):16.024242
(9,20),(11,19):30.000000
(9,20),(11,27):8.571428
(9,20),(13,27):0.000000
(9,20),(13,22):0.000000
(9,20),(15,22):0.000000
(9,20),(15,26):0.000000
(9,20),(21,26):0.000000
(9,20),(21,28):0.000000
(9,20),(22,28):0.000000
(9,20),(22,29):0.000000
(9,20),(27,29):0.000000
(9,20),(27,25):0.000000
(9,20),(28,25):0.000000
(9,20),(28,24):0.000000
(9,20),(29,24):0.000000
(9,20),(29,23):0.000000
(9,20),(31,23):0.000000
(9,20),(31,30):0.000000
(9,15),(5,15):12.685715
(9,15),(5,21):3.400000
(9,15),(1,21):2.208333
(9,15),(1,18):0.000000
(9,15),(2,18):3.900000
(9,15),(2,13):3.400000
(9,15),(4,13):2.400000
(9,15),(4,14):14.900000
(9,15),(12,14):39.866665
(9,15),(12,12):12.916667
(9,15),(14,12):23.212122
(9,15),(14,16):52.166668
(9,15),(18,16):30.357143
(9,15),(18,9):2.350000
(9,15),(17,9):0.000000
(9,15),(17,6):0.000000
(9,15),(7,6):0.000000
(9,15),(7,5):0.000000
(9,15),(6,5):0.000000
(9,15),(6,7):0.000000
(9,15),(3,7):0.000000
(9,15),(3,4):0.000000
(9,15),(8,4):0.000000
(9,15),(8,1):0.000000
(9,15),(16,1):0.000000
(9,15),(16,2):0.000000
(9,15),(25,2):0.000000
(9,15),(25,3):0.000000
(9,15),(24,3):0.000000
(9,15),(24,10):0.000000
(9,15),(23,10):0.000000
(9,15),(23,11):0.000000
(9,15),(20,11):0.000000
(9,15),(20,8):0.000000
(9,15),(19,8):2.623476
(9,15),(19,17):40.500000
(9,15),(30,17):30.210526
(9,15),(30,19):39.090908
(9,15),(11,19):52.916668
(9,15),(11,27):11.071428
(9,15),(13,27):0.000000
(9,15),(13,22):0.000000
(9,15),(15,22):0.000000
(9,15),(15,26):0.000000
(9,15),(21,26):0.000000
(9,15),(21,28):0.000000
(9,15),(22,28):0.000000
(9,15),(22,29):0.000000
(9,15),(27,29):0.000000
(9,15),(27,25):0.000000
(9,15),(28,25):0.000000
(9,15),(28,24):0.000000
(9,15),(29,24):0.000000
(9,15),(29,23):0.000000
(9,15),(31,23):0.000000
(9,15),(31,30):0.000000
(5,15),(5,21):25.000000
(5,15),(1,21):21.333334
(5,15),(1,18):11.500000
(5,15),(2,18):25.500000
(5,15),(2,13):22.500000
(5,15),(4,13):17.250000
(5,15),(4,14):33.500000
(5,15),(12,14):12.928572
(5,15),(12,12):2.285714
(5,15),(14,12):2.785714
(5,15),(14,16):7.785714
(5,15),(18,16):0.000000
(5,15),(18,9):0.000000
(5,15),(17,9):0.000000
(5,15),(17,6):0.000000
(5,15),(7,6):0.000000
(5,15),(7,5):0.000000
(5,15),(6,5):0.000000
(5,15),(6,7):0.000000
(5,15),(3,7):0.000000
(5,15),(3,4):0.000000
(5,15),(8,4):0.000000
(5,15),(8,1):0.000000
(5,15),(16,1):0.000000
(5,15),(16,2):0.000000
(5,15),(25,2):0.000000
(5,15),(25,3):0.000000
(5,15),(24,3):0.000000
(5,15),(24,10):0.000000
(5,15),(23,10):0.000000
(5,15),(23,11):0.000000
(5,15),(20,11):0.000000
(5,15),(20,8):0.000000
(5,15),(19,8):0.000000
(5,15),(19,17):0.000000
(5,15),(30,17):0.000000
(5,15),(30,19):0.000000
(5,15),(11,19):5.535714
(5,15),(11,27):1.785714
(5,15),(13,27):0.000000
(5,15),(13,22):0.000000
(5,15),(15,22):0.000000
(5,15),(15,26):0.000000
(5,15),(21,26):0.000000
(5,15),(21,28):0.000000
(5,15),(22,28):0.000000
(5,15),(22,29):0.000000
(5,15),(27,29):0.000000
(5,15),(27,25):0.000000
(5,15),(28,25):0.000000
(5,15),(28,24):0.000000
(5,15),(29,24):0.000000
(5,15),(29,23):0.000000
(5,15),(31,23):0.000000
(5,15),(31,30):0.000000
(5,21),(1,21):21.761906
(5,21),(1,18):12.000000
(5,21),(2,18):25.928572
(5,21),(2,13):22.678572
(5,21),(4,13):17.678572
(5,21),(4,14):24.928572
(5,21),(12,14):3.642857
(5,21),(12,12):0.000000
(5,21),(14,12):0.000000
(5,21),(14,16):0.100000
(5,21),(18,16):0.000000
(5,21),(18,9):0.000000
(5,21),(17,9):0.000000
(5,21),(17,6):0.000000
(5,21),(7,6):0.000000
(5,21),(7,5):0.000000
(5,21),(6,5):0.000000
(5,21),(6,7):0.000000
(5,21),(3,7):0.000000
(5,21),(3,4):0.000000
(5,21),(8,4):0.000000
(5,21),(8,1):0.000000
(5,21),(16,1):0.000000
(5,21),(16,2):0.000000
(5,21),(25,2):0.000000
(5,21),(25,3):0.000000
(5,21),(24,3):0.000000
(5,21),(24,10):0.000000
(5,21),(23,10):0.000000
(5,21),(23,11):0.000000
(5,21),(20,11):0.000000
(5,21),(20,8):0.000000
(5,21),(19,8):0.000000
(5,21),(19,17):0.000000
(5,21),(30,17):0.000000
(5,21),(30,19):0.000000
(5,21),(11,19):0.000000
(5,21),(11,27):0.000000
(5,21),(13,27):0.000000
(5,21),(13,22):0.000000
(5,21),(15,22):0.000000
(5,21),(15,26):0.000000
(5,21),(21,26):0.000000
(5,21),(21,28):0.000000
(5,21),(22,28):0.000000
(5,21),(22,29):0.000000
(5,21),(27,29):0.000000
(5,21),(27,25):0.000000
(5,21),(28,25):0.000000
(5,21),(28,24):0.000000
(5,21),(29,24):0.000000
(5,21),(29,23):0.000000
(5,21),(31,23):0.000000
(5,21),(31,30):0.000000
(1,21),(1,18):12.000000
(1,21),(2,18):22.166666
(1,21),(2,13):18.645834
(1,21),(4,13):13.583333
(1,21),(4,14):21.166666
(1,21),(12,14):2.466667
(1,21),(12,12):0.000000
(1,21),(14,12):0.000000
(1,21),(14,16):0.245098
(1,21),(18,16):0.000000
(1,21),(18,9):0.000000
(1,21),(17,9):0.000000
(1,21),(17,6):0.000000
(1,21),(7,6):0.000000
(1,21),(7,5):0.000000
(1,21),(6,5):0.000000
(1,21),(6,7):0.000000
(1,21),(3,7):0.000000
(1,21),(3,4):0.000000
(1,21),(8,4):0.000000
(1,21),(8,1):0.000000
(1,21),(16,1):0.000000
(1,21),(16,2):0.000000
(1,21),(25,2):0.000000
(1,21),(25,3):0.000000
(1,21),(24,3):0.000000
(1,21),(24,10):0.000000
(1,21),(23,10):0.000000
(1,21),(23,11):0.000000
(1,21),(20,11):0.000000
(1,21),(20,8):0.000000
(1,21),(19,8):0.000000
(1,21),(19,17):0.000000
(1,21),(30,17):0.000000
(1,21),(30,19):0.000000
(1,21),(11,19):0.000000
(1,21),(11,27):0.000000
(1,21),(13,27):0.000000
(1,21),(13,22):0.000000
(1,21),(15,22):0.000000
(1,21),(15,26):0.000000
(1,21),(21,26):0.000000
(1,21),(21,28):0.000000
(1,21),(22,28):0.000000
(1,21),(22,29):0.000000
(1,21),(27,29):0.000000
(1,21),(27,25):0.000000
(1,21),(28,25):0.000000
(1,21),(28,24):0.000000
(1,21),(29,24):0.000000
(1,21),(29,23):0.000000
(1,21),(31,23):0.000000
(1,21),(31,30):0.000000
(1,18),(2,18):12.000000
(1,18),(2,13):9.000000
(1,18),(4,13):7.750000
(1,18),(4,14):11.000000
(1,18),(12,14):0.000000
(1,18),(12,12):0.000000
(1,18),(14,12):0.000000
(1,18),(14,16):0.000000
(1,18),(18,16):0.000000
(1,18),(18,9):0.000000
(1,18),(17,9):0.000000
(1,18),(17,6):0.000000
(1,18),(7,6):0.000000
(1,18),(7,5):0.000000
(1,18),(6,5):0.000000
(1,18),(6,7):0.000000
(1,18),(3,7):0.000000
(1,18),(3,4):0.000000
(1,18),(8,4):0.000000
(1,18),(8,1):0.000000
(1,18),(16,1):0.000000
(1,18),(16,2):0.000000
(1,18),(25,2):0.000000
(1,18),(25,3):0.000000
(1,18),(24,3):0.000000
(1,18),(24,10):0.000000
(1,18),(23,10):0.000000
(1,18),(23,11):0.000000
(1,18),(20,11):0.000000
(1,18),(20,8):0.000000
(1,18),(19,8):0.000000
(1,18),(19,17):0.000000
(1,18),(30,17):0.000000
(1,18),(30,19):0.000000
(1,18),(11,19):0.000000
(1,18),(11,27):0.000000
(1,18),(13,27):0.000000
(1,18),(13,22):0.000000
(1,18),(15,22):0.000000
(1,18),(15,26):0.000000
(1,18),(21,26):0.000000
(1,18),(21,28):0.000000
(1,18),(22,28):0.000000
(1,18),(22,29):0.000000
(1,18),(27,29):0.000000
(1,18),(27,25):0.000000
(1,18),(28,25):0.000000
(1,18),(28,24):0.000000
(1,18),(29,24):0.000000
(1,18),(29,23):0.000000
(1,18),(31,23):0.000000
(1,18),(31,30):0.000000
(2,18),(2,13):22.833334
(2,18),(4,13):17.750000
(2,18),(4,14):25.500000
(2,18),(12,14):4.142857
(2,18),(12,12):0.000000
(2,18),(14,12):0.000000
(2,18),(14,16):0.333333
(2,18),(18,16):0.000000
(2,18),(18,9):0.000000
(2,18),(17,9):0.000000
(2,18),(17,6):0.000000
(2,18),(7,6):0.000000
(2,18),(7,5):0.000000
(2,18),(6,5):0.000000
(2,18),(6,7):0.000000
(2,18),(3,7):0.000000
(2,18),(3,4):0.000000
(2,18),(8,4):0.000000
(2,18),(8,1):0.000000
(2,18),(16,1):0.000000
(2,18),(16,2):0.000000
(2,18),(25,2):0.000000
(2,18),(25,3):0.000000
(2,18),(24,3):0.000000
(2,18),(24,10):0.000000
(2,18),(23,10):0.000000
(2,18),(23,11):0.000000
(2,18),(20,11):0.000000
(2,18),(20,8):0.000000
(2,18),(19,8):0.000000
(2,18),(19,17):0.000000
(2,18),(30,17):0.000000
(2,18),(30,19):0.000000
(2,18),(11,19):0.000000
(2,18),(11,27):0.000000
(2,18),(13,27):0.000000
(2,18),(13,22):0.000000
(2,18),(15,22):0.000000
(2,18),(15,26):0.000000
(2,18),(21,26):0.000000
(2,18),(21,28):0.000000
(2,18),(22,28):0.000000
(2,18),(22,29):0.000000
(2,18),(27,29):0.000000
(2,18),(27,25):0.000000
(2,18),(28,25):0.000000
(2,18),(28,24):0.000000
(2,18),(29,24):0.000000
(2,18),(29,23):0.000000
(2,18),(31,23):0.000000
(2,18),(31,30):0.000000
(2,13),(4,13):16.000000
(2,13),(4,14):23.000000
(2,13),(12,14):3.642857
(2,13),(12,12):0.000000
(2,13),(14,12):0.000000
(2,13),(14,16):0.000000
(2,13),(18,16):0.000000
(2,13),(18,9):0.000000
(2,13),(17,9):0.000000
(2,13),(17,6):0.000000
(2,13),(7,6):0.000000
(2,13),(7,5):0.000000
(2,13),(6,5):0.000000
(2,13),(6,7):0.000000
(2,13),(3,7):0.000000
(2,13),(3,4):0.000000
(2,13),(8,4):0.000000
(2,13),(8,1):0.000000
(2,13),(16,1):0.000000
(2,13),(16,2):0.000000
(2,13),(25,2):0.000000
(2,13),(25,3):0.000000
(2,13),(24,3):0.000000
(2,13),(24,10):0.000000
(2,13),(23,10):0.000000
(2,13),(23,11):0.000000
(2,13),(20,11):0.000000
(2,13),(20,8):0.000000
(2,13),(19,8):0.000000
(2,13),(19,17):0.000000
(2,13),(30,17):0.000000
(2,13),(30,19):0.000000
(2,13),(11,19):0.000000
(2,13),(11,27):0.000000
(2,13),(13,27):0.000000
(2,13),(13,22):0.000000
(2,13),(15,22):0.000000
(2,13),(15,26):0.000000
(2,13),(21,26):0.000000
(2,13),(21,28):0.000000
(2,13),(22,28):0.000000
(2,13),(22,29):0.000000
(2,13),(27,29):0.000000
(2,13),(27,25):0.000000
(2,13),(28,25):0.000000
(2,13),(28,24):0.000000
(2,13),(29,24):0.000000
(2,13),(29,23):0.000000
(2,13),(31,23):0.000000
(2,13),(31,30):0.000000
(4,13),(4,14):17.750000
(4,13),(12,14):2.571429
(4,13),(12,12):0.000000
(4,13),(14,12):0.000000
(4,13),(14,16):0.000000
(4,13),(18,16):0.000000
(4,13),(18,9):0.000000
(4,13),(17,9):0.000000
(4,13),(17,6):0.000000
(4,13),(7,6):0.000000
(4,13),(7,5):0.000000
(4,13),(6,5):0.000000
(4,13),(6,7):0.000000
(4,13),(3,7):0.000000
(4,13),(3,4):0.000000
(4,13),(8,4):0.000000
(4,13),(8,1):0.000000
(4,13),(16,1):0.000000
(4,13),(16,2):0.000000
(4,13),(25,2):0.000000
(4,13),(25,3):0.000000
(4,13),(24,3):0.000000
(4,13),(24,10):0.000000
(4,13),(23,10):0.000000
(4,13),(23,11):0.000000
(4,13),(20,11):0.000000
(4,13),(20,8):0.000000
(4,13),(19,8):0.000000
(4,13),(19,17):0.000000
(4,13),(30,17):0.000000
(4,13),(30,19):0.000000
(4,13),(11,19):0.000000
(4,13),(11,27):0.000000
(4,13),(13,27):0.000000
(4,13),(13,22):0.000000
(4,13),(15,22):0.000000
(4,13),(15,26):0.000000
(4,13),(21,26):0.000000
(4,13),(21,28):0.000000
(4,13),(22,28):0.000000
(4,13),(22,29):0.000000
(4,13),(27,29):0.000000
(4,13),(27,25):0.000000
(4,13),(28,25):0.000000
(4,13),(28,24):0.000000
(4,13),(29,24):0.000000
(4,13),(29,23):0.000000
(4,13),(31,23):0.000000
(4,13),(31,30):0.000000
(4,14),(12,14):15.142858
(4,14),(12,12):3.600000
(4,14),(14,12):4.666667
(4,14),(14,16):10.000000
(4,14),(18,16):0.000000
(4,14),(18,9):0.000000
(4,14),(17,9):0.000000
(4,14),(17,6):0.000000
(4,14),(7,6):0.000000
(4,14),(7,5):0.000000
(4,14),(6,5):0.000000
(4,14),(6,7):0.000000
(4,14),(3,7):0.000000
(4,14),(3,4):0.000000
(4,14),(8,4):0.000000
(4,14),(8,1):0.000000
(4,14),(16,1):0.000000
(4,14),(16,2):0.000000
(4,14),(25,2):0.000000
(4,14),(25,3):0.000000
(4,14),(24,3):0.000000
(4,14),(24,10):0.000000
(4,14),(23,10):0.000000
(4,14),(23,11):0.000000
(4,14),(20,11):0.000000
(4,14),(20,8):0.000000
(4,14),(19,8):0.000000
(4,14),(19,17):0.000000
(4,14),(30,17):0.000000
(4,14),(30,19):0.000000
(4,14),(11,19):7.750000
(4,14),(11,27):2.177311
(4,14),(13,27):0.000000
(4,14),(13,22):0.000000
(4,14),(15,22):0.000000
(4,14),(15,26):0.000000
(4,14),(21,26):0.000000
(4,14),(21,28):0.000000
(4,14),(22,28):0.000000
(4,14),(22,29):0.000000
(4,14),(27,29):0.000000
(4,14),(27,25):0.000000
(4,14),(28,25):0.000000
(4,14),(28,24):0.000000
(4,14),(29,24):0.000000
(4,14),(29,23):0.000000
(4,14),(31,23):0.000000
(4,14),(31,30):0.000000
(12,14),(12,12):16.250000
(12,14),(14,12):26.666666
(12,14),(14,16):37.500000
(12,14),(18,16):20.357143
(12,14),(18,9):0.000000
(12,14),(17,9):0.000000
(12,14),(17,6):0.000000
(12,14),(7,6):0.000000
(12,14),(7,5):0.000000
(12,14),(6,5):0.000000
(12,14),(6,7):0.000000
(12,14),(3,7):0.000000
(12,14),(3,4):0.000000
(12,14),(8,4):0.000000
(12,14),(8,1):0.000000
(12,14),(16,1):0.000000
(12,14),(16,2):0.000000
(12,14),(25,2):0.000000
(12,14),(25,3):0.000000
(12,14),(24,3):0.000000
(12,14),(24,10):0.000000
(12,14),(23,10):0.000000
(12,14),(23,11):0.000000
(12,14),(20,11):0.000000
(12,14),(20,8):0.000000
(12,14),(19,8):0.000000
(12,14),(19,17):22.500000
(12,14),(30,17):14.210526
(12,14),(30,19):21.313131
(12,14),(11,19):36.849998
(12,14),(11,27):10.071428
(12,14),(13,27):0.000000
(12,14),(13,22):0.000000
(12,14),(15,22):0.000000
(12,14),(15,26):0.000000
(12,14),(21,26):0.000000
(12,14),(21,28):0.000000
(12,14),(22,28):0.000000
(12,14),(22,29):0.000000
(12,14),(27,29):0.000000
(12,14),(27,25):0.000000
(12,14),(28,25):0.000000
(12,14),(28,24):0.000000
(12,14),(29,24):0.000000
(12,14),(29,23):0.000000
(12,14),(31,23):0.000000
(12,14),(31,30):0.000000
(12,12),(14,12):14.000000
(12,12),(14,16):16.250000
(12,12),(18,16):8.250000
(12,12),(18,9):0.000000
(12,12),(17,9):0.000000
(12,12),(17,6):0.000000
(12,12),(7,6):0.000000
(12,12),(7,5):0.000000
(12,12),(6,5):0.000000
(12,12),(6,7):0.000000
(12,12),(3,7):0.000000
(12,12),(3,4):0.000000
(12,12),(8,4):0.000000
(12,12),(8,1):0.000000
(12,12),(16,1):0.000000
(12,12),(16,2):0.000000
(12,12),(25,2):0.000000
(12,12),(25,3):0.000000
(12,12),(24,3):0.000000
(12,12),(24,10):0.000000
(12,12),(23,10):0.000000
(12,12),(23,11):0.000000
(12,12),(20,11):0.000000
(12,12),(20,8):0.000000
(12,12),(19,8):0.000000
(12,12),(19,17):8.650000
(12,12),(30,17):6.000000
(12,12),(30,19):8.429545
(12,12),(11,19):15.850000
(12,12),(11,27):0.000000
(12,12),(13,27):0.000000
(12,12),(13,22):0.000000
(12,12),(15,22):0.000000
(12,12),(15,26):0.000000
(12,12),(21,26):0.000000
(12,12),(21,28):0.000000
(12,12),(22,28):0.000000
(12,12),(22,29):0.000000
(12,12),(27,29):0.000000
(12,12),(27,25):0.000000
(12,12),(28,25):0.000000
(12,12),(28,24):0.000000
(12,12),(29,24):0.000000
(12,12),(29,23):0.000000
(12,12),(31,23):0.000000
(12,12),(31,30):0.000000
(14,12),(14,16):26.000000
(14,12),(18,16):15.357142
(14,12),(18,9):0.000000
(14,12),(17,9):0.000000
(14,12),(17,6):0.000000
(14,12),(7,6):0.000000
(14,12),(7,5):0.000000
(14,12),(6,5):0.000000
(14,12),(6,7):0.000000
(14,12),(3,7):0.000000
(14,12),(3,4):0.000000
(14,12),(8,4):0.000000
(14,12),(8,1):0.000000
(14,12),(16,1):0.000000
(14,12),(16,2):0.000000
(14,12),(25,2):0.000000
(14,12),(25,3):0.000000
(14,12),(24,3):0.000000
(14,12),(24,10):0.000000
(14,12),(23,10):0.000000
(14,12),(23,11):0.000000
(14,12),(20,11):0.000000
(14,12),(20,8):0.000000
(14,12),(19,8):0.000000
(14,12),(19,17):16.333334
(14,12),(30,17):10.210526
(14,12),(30,19):15.419580
(14,12),(11,19):26.266666
(14,12),(11,27):5.666667
(14,12),(13,27):0.000000
(14,12),(13,22):0.000000
(14,12),(15,22):0.000000
(14,12),(15,26):0.000000
(14,12),(21,26):0.000000
(14,12),(21,28):0.000000
(14,12),(22,28):0.000000
(14,12),(22,29):0.000000
(14,12),(27,29):0.000000
(14,12),(27,25):0.000000
(14,12),(28,25):0.000000
(14,12),(28,24):0.000000
(14,12),(29,24):0.000000
(14,12),(29,23):0.000000
(14,12),(31,23):0.000000
(14,12),(31,30):0.000000
(14,16),(18,16):32.857143
(14,16),(18,9):3.250000
(14,16),(17,9):0.000000
(14,16),(17,6):0.000000
(14,16),(7,6):0.000000
(14,16),(7,5):0.000000
(14,16),(6,5):0.000000
(14,16),(6,7):0.000000
(14,16),(3,7):0.000000
(14,16),(3,4):0.000000
(14,16),(8,4):0.000000
(14,16),(8,1):0.000000
(14,16),(16,1):0.000000
(14,16),(16,2):0.000000
(14,16),(25,2):0.000000
(14,16),(25,3):0.000000
(14,16),(24,3):0.000000
(14,16),(24,10):0.000000
(14,16),(23,10):0.000000
(14,16),(23,11):0.000000
(14,16),(20,11):0.000000
(14,16),(20,8):0.000000
(14,16),(19,8):3.562500
(14,16),(19,17):43.000000
(14,16),(30,17):30.210526
(14,16),(30,19):39.090908
(14,16),(11,19):55.349998
(14,16),(11,27):8.071428
(14,16),(13,27):0.000000
(14,16),(13,22):0.000000
(14,16),(15,22):0.000000
(14,16),(15,26):0.000000
(14,16),(21,26):0.000000
(14,16),(21,28):0.000000
(14,16),(22,28):0.000000
(14,16),(22,29):0.000000
(14,16),(27,29):0.000000
(14,16),(27,25):0.000000
(14,16),(28,25):0.000000
(14,16),(28,24):0.000000
(14,16),(29,24):0.000000
(14,16),(29,23):0.000000
(14,16),(31,23):0.000000
(14,16),(31,30):0.000000
(18,16),(18,9):19.500000
(18,16),(17,9):9.250000
(18,16),(17,6):10.750000
(18,16),(7,6):6.000000
(18,16),(7,5):6.200000
(18,16),(6,5):4.687500
(18,16),(6,7):0.000000
(18,16),(3,7):0.000000
(18,16),(3,4):3.033835
(18,16),(8,4):6.436186
(18,16),(8,1):6.421772
(18,16),(16,1):0.000000
(18,16),(16,2):11.000000
(18,16),(25,2):8.750000
(18,16),(25,3):1.687500
(18,16),(24,3):8.750000
(18,16),(24,10):7.485294
(18,16),(23,10):7.224359
(18,16),(23,11):6.694445
(18,16),(20,11):0.000000
(18,16),(20,8):8.250000
(18,16),(19,8):19.812500
(18,16),(19,17):46.500000
(18,16),(30,17):22.210526
(18,16),(30,19):29.250000
(18,16),(11,19):33.071430
(18,16),(11,27):4.335165
(18,16),(13,27):0.000000
(18,16),(13,22):0.000000
(18,16),(15,22):0.000000
(18,16),(15,26):0.000000
(18,16),(21,26):0.000000
(18,16),(21,28):0.000000
(18,16),(22,28):0.000000
(18,16),(22,29):0.000000
(18,16),(27,29):0.000000
(18,16),(27,25):0.000000
(18,16),(28,25):0.000000
(18,16),(28,24):0.000000
(18,16),(29,24):0.000000
(18,16),(29,23):0.000000
(18,16),(31,23):0.000000
(18,16),(31,30):0.000000
(18,9),(17,9):32.000000
(18,9),(17,6):36.523811
(18,9),(7,6):27.023809
(18,9),(7,5):27.751081
(18,9),(6,5):22.357143
(18,9),(6,7):0.000000
(18,9),(3,7):0.000000
(18,9),(3,4):11.666667
(18,9),(8,4):28.478355
(18,9),(8,1):25.380953
(18,9),(16,1):0.523810
(18,9),(16,2):35.648811
(18,9),(25,2):34.166668
(18,9),(25,3):8.673077
(18,9),(24,3):34.173912
(18,9),(24,10):30.166666
(18,9),(23,10):29.540659
(18,9),(23,11):26.291666
(18,9),(20,11):12.250000
(18,9),(20,8):32.733334
(18,9),(19,8):44.916668
(18,9),(19,17):20.312500
(18,9),(30,17):2.250000
(18,9),(30,19):2.340909
(18,9),(11,19):3.464286
(18,9),(11,27):0.000000
(18,9),(13,27):0.000000
(18,9),(13,22):0.000000
(18,9),(15,22):0.000000
(18,9),(15,26):0.000000
(18,9),(21,26):0.000000
(18,9),(21,28):0.000000
(18,9),(22,28):0.000000
(18,9),(22,29):0.000000
(18,9),(27,29):0.000000
(18,9),(27,25):0.000000
(18,9),(28,25):0.000000
(18,9),(28,24):0.000000
(18,9),(29,24):0.000000
(18,9),(29,23):0.000000
(18,9),(31,23):0.000000
(18,9),(31,30):0.000000
(17,9),(17,6):38.321430
(17,9),(7,6):28.321428
(17,9),(7,5):29.821428
(17,9),(6,5):21.571428
(17,9),(6,7):0.000000
(17,9),(3,7):0.000000
(17,9),(3,4):15.750000
(17,9),(8,4):31.090660
(17,9),(8,1):28.549341
(17,9),(16,1):0.000000
(17,9),(16,2):37.196430
(17,9),(25,2):31.571428
(17,9),(25,3):7.571429
(17,9),(24,3):37.821430
(17,9),(24,10):33.625000
(17,9),(23,10):32.964287
(17,9),(23,11):27.666666
(17,9),(20,11):18.250000
(17,9),(20,8):36.150002
(17,9),(19,8):38.250000
(17,9),(19,17):10.062500
(17,9),(30,17):0.000000
(17,9),(30,19):0.000000
(17,9),(11,19):0.000000
(17,9),(11,27):0.000000
(17,9),(13,27):0.000000
(17,9),(13,22):0.000000
(17,9),(15,22):0.000000
(17,9),(15,26):0.000000
(17,9),(21,26):0.000000
(17,9),(21,28):0.000000
(17,9),(22,28):0.000000
(17,9),(22,29):0.000000
(17,9),(27,29):0.000000
(17,9),(27,25):0.000000
(17,9),(28,25):0.000000
(17,9),(28,24):0.000000
(17,9),(29,24):0.000000
(17,9),(29,23):0.000000
(17,9),(31,23):0.000000
(17,9),(31,30):0.000000
(17,6),(7,6):72.410713
(17,6),(7,5):75.810715
(17,6),(6,5):51.860714
(17,6),(6,7):2.250000
(17,6),(3,7):2.993478
(17,6),(3,4):38.700001
(17,6),(8,4):83.305161
(17,6),(8,1):81.486115
(17,6),(16,1):42.098682
(17,6),(16,2):96.714287
(17,6),(25,2):71.515129
(17,6),(25,3):20.341270
(17,6),(24,3):93.704468
(17,6),(24,10):65.125000
(17,6),(23,10):61.383930
(17,6),(23,11):41.111111
(17,6),(20,11):29.083334
(17,6),(20,8):64.816666
(17,6),(19,8):57.250000
(17,6),(19,17):11.562500
(17,6),(30,17):0.000000
(17,6),(30,19):0.000000
(17,6),(11,19):0.000000
(17,6),(11,27):0.000000
(17,6),(13,27):0.000000
(17,6),(13,22):0.000000
(17,6),(15,22):0.000000
(17,6),(15,26):0.000000
(17,6),(21,26):0.000000
(17,6),(21,28):0.000000
(17,6),(22,28):0.000000
(17,6),(22,29):0.000000
(17,6),(27,29):0.000000
(17,6),(27,25):0.000000
(17,6),(28,25):0.000000
(17,6),(28,24):0.000000
(17,6),(29,24):0.000000
(17,6),(29,23):0.000000
(17,6),(31,23):0.000000
(17,6),(31,30):0.000000
(7,6),(7,5):70.411766
(7,6),(6,5):48.911766
(7,6),(6,7):0.000000
(7,6),(3,7):0.083333
(7,6),(3,4):32.000000
(7,6),(8,4):72.661766
(7,6),(8,1):65.750000
(7,6),(16,1):39.562500
(7,6),(16,2):72.536766
(7,6),(25,2):61.352940
(7,6),(25,3):18.740711
(7,6),(24,3):68.762871
(7,6),(24,10):48.027779
(7,6),(23,10):45.383930
(7,6),(23,11):30.111111
(7,6),(20,11):16.250000
(7,6),(20,8):45.816666
(7,6),(19,8):39.750000
(7,6),(19,17):6.500000
(7,6),(30,17):0.000000
(7,6),(30,19):0.000000
(7,6),(11,19):0.000000
(7,6),(11,27):0.000000
(7,6),(13,27):0.000000
(7,6),(13,22):0.000000
(7,6),(15,22):0.000000
(7,6),(15,26):0.000000
(7,6),(21,26):0.000000
(7,6),(21,28):0.000000
(7,6),(22,28):0.000000
(7,6),(22,29):0.000000
(7,6),(27,29):0.000000
(7,6),(27,25):0.000000
(7,6),(28,25):0.000000
(7,6),(28,24):0.000000
(7,6),(29,24):0.000000
(7,6),(29,23):0.000000
(7,6),(31,23):0.000000
(7,6),(31,30):0.000000
(7,5),(6,5):52.941177
(7,5),(6,7):3.000000
(7,5),(3,7):3.750000
(7,5),(3,4):38.450001
(7,5),(8,4):76.891174
(7,5),(8,1):65.949997
(7,5),(16,1):37.833332
(7,5),(16,2):73.891174
(7,5),(25,2):63.697861
(7,5),(25,3):17.241177
(7,5),(24,3):72.609924
(7,5),(24,10):49.450001
(7,5),(23,10):47.383930
(7,5),(23,11):31.855556
(7,5),(20,11):18.250000
(7,5),(20,8):47.816666
(7,5),(19,8):42.200001
(7,5),(19,17):6.680222
(7,5),(30,17):0.000000
(7,5),(30,19):0.000000
(7,5),(11,19):0.000000
(7,5),(11,27):0.000000
(7,5),(13,27):0.000000
(7,5),(13,22):0.000000
(7,5),(15,22):0.000000
(7,5),(15,26):0.000000
(7,5),(21,26):0.000000
(7,5),(21,28):0.000000
(7,5),(22,28):0.000000
(7,5),(22,29):0.000000
(7,5),(27,29):0.000000
(7,5),(27,25):0.000000
(7,5),(28,25):0.000000
(7,5),(28,24):0.000000
(7,5),(29,24):0.000000
(7,5),(29,23):0.000000
(7,5),(31,23):0.000000
(7,5),(31,30):0.000000
(6,5),(6,7):9.000000
(6,5),(3,7):9.750000
(6,5),(3,4):27.000000
(6,5),(8,4):55.194443
(6,5),(8,1):43.000000
(6,5),(16,1):25.112499
(6,5),(16,2):51.169445
(6,5),(25,2):47.184383
(6,5),(25,3):14.671718
(6,5),(24,3):50.463196
(6,5),(24,10):36.091667
(6,5),(23,10):34.741070
(6,5),(23,11):24.444445
(6,5),(20,11):12.250000
(6,5),(20,8):35.173809
(6,5),(19,8):31.583334
(6,5),(19,17):5.062500
(6,5),(30,17):0.000000
(6,5),(30,19):0.000000
(6,5),(11,19):0.000000
(6,5),(11,27):0.000000
(6,5),(13,27):0.000000
(6,5),(13,22):0.000000
(6,5),(15,22):0.000000
(6,5),(15,26):0.000000
(6,5),(21,26):0.000000
(6,5),(21,28):0.000000
(6,5),(22,28):0.000000
(6,5),(22,29):0.000000
(6,5),(27,29):0.000000
(6,5),(27,25):0.000000
(6,5),(28,25):0.000000
(6,5),(28,24):0.000000
(6,5),(29,24):0.000000
(6,5),(29,23):0.000000
(6,5),(31,23):0.000000
(6,5),(31,30):0.000000
(6,7),(3,7):9.000000
(6,7),(3,4):9.000000
(6,7),(8,4):5.250000
(6,7),(8,1):0.000000
(6,7),(16,1):0.862500
(6,7),(16,2):1.725000
(6,7),(25,2):2.475232
(6,7),(25,3):0.000000
(6,7),(24,3):2.843750
(6,7),(24,10):0.000000
(6,7),(23,10):0.000000
(6,7),(23,11):0.000000
(6,7),(20,11):0.000000
(6,7),(20,8):0.000000
(6,7),(19,8):0.000000
(6,7),(19,17):0.000000
(6,7),(30,17):0.000000
(6,7),(30,19):0.000000
(6,7),(11,19):0.000000
(6,7),(11,27):0.000000
(6,7),(13,27):0.000000
(6,7),(13,22):0.000000
(6,7),(15,22):0.000000
(6,7),(15,26):0.000000
(6,7),(21,26):0.000000
(6,7),(21,28):0.000000
(6,7),(22,28):0.000000
(6,7),(22,29):0.000000
(6,7),(27,29):0.000000
(6,7),(27,25):0.000000
(6,7),(28,25):0.000000
(6,7),(28,24):0.000000
(6,7),(29,24):0.000000
(6,7),(29,23):0.000000
(6,7),(31,23):0.000000
(6,7),(31,30):0.000000
(3,7),(3,4):9.750000
(3,7),(8,4):6.000000
(3,7),(8,1):0.000000
(3,7),(16,1):0.969643
(3,7),(16,2):2.025000
(3,7),(25,2):3.007795
(3,7),(25,3):0.000000
(3,7),(24,3):3.477371
(3,7),(24,10):0.000000
(3,7),(23,10):0.000000
(3,7),(23,11):0.000000
(3,7),(20,11):0.000000
(3,7),(20,8):0.000000
(3,7),(19,8):0.000000
(3,7),(19,17):0.000000
(3,7),(30,17):0.000000
(3,7),(30,19):0.000000
(3,7),(11,19):0.000000
(3,7),(11,27):0.000000
(3,7),(13,27):0.000000
(3,7),(13,22):0.000000
(3,7),(15,22):0.000000
(3,7),(15,26):0.000000
(3,7),(21,26):0.000000
(3,7),(21,28):0.000000
(3,7),(22,28):0.000000
(3,7),(22,29):0.000000
(3,7),(27,29):0.000000
(3,7),(27,25):0.000000
(3,7),(28,25):0.000000
(3,7),(28,24):0.000000
(3,7),(29,24):0.000000
(3,7),(29,23):0.000000
(3,7),(31,23):0.000000
(3,7),(31,30):0.000000
(3,4),(8,4):41.750000
(3,4),(8,1):34.375000
(3,4),(16,1):17.112499
(3,4),(16,2):37.724998
(3,4),(25,2):32.239937
(3,4),(25,3):0.000000
(3,4),(24,3):39.218750
(3,4),(24,10):21.000000
(3,4),(23,10):20.500000
(3,4),(23,11):14.488095
(3,4),(20,11):10.857142
(3,4),(20,8):20.500000
(3,4),(19,8):19.500000
(3,4),(19,17):3.257305
(3,4),(30,17):0.000000
(3,4),(30,19):0.000000
(3,4),(11,19):0.000000
(3,4),(11,27):0.000000
(3,4),(13,27):0.000000
(3,4),(13,22):0.000000
(3,4),(15,22):0.000000
(3,4),(15,26):0.000000
(3,4),(21,26):0.000000
(3,4),(21,28):0.000000
(3,4),(22,28):0.000000
(3,4),(22,29):0.000000
(3,4),(27,29):0.000000
(3,4),(27,25):0.000000
(3,4),(28,25):0.000000
(3,4),(28,24):0.000000
(3,4),(29,24):0.000000
(3,4),(29,23):0.000000
(3,4),(31,23):0.000000
(3,4),(31,30):0.000000
(8,4),(8,1):73.444443
(8,4),(16,1):43.112499
(8,4),(16,2):82.638191
(8,4),(25,2):67.163231
(8,4),(25,3):20.524305
(8,4),(24,3):80.131943
(8,4),(24,10):53.819443
(8,4),(23,10):50.828373
(8,4),(23,11):33.968254
(8,4),(20,11):20.694445
(8,4),(20,8):51.261112
(8,4),(19,8):45.194443
(8,4),(19,17):6.899802
(8,4),(30,17):0.000000
(8,4),(30,19):0.000000
(8,4),(11,19):0.000000
(8,4),(11,27):0.000000
(8,4),(13,27):0.000000
(8,4),(13,22):0.000000
(8,4),(15,22):0.000000
(8,4),(15,26):0.000000
(8,4),(21,26):0.000000
(8,4),(21,28):0.000000
(8,4),(22,28):0.000000
(8,4),(22,29):0.000000
(8,4),(27,29):0.000000
(8,4),(27,25):0.000000
(8,4),(28,25):0.000000
(8,4),(28,24):0.000000
(8,4),(29,24):0.000000
(8,4),(29,23):0.000000
(8,4),(31,23):0.000000
(8,4),(31,30):0.000000
(8,1),(16,1):40.000000
(8,1),(16,2):81.611115
(8,1),(25,2):58.357143
(8,1),(25,3):15.555555
(8,1),(24,3):77.611115
(8,1),(24,10):57.986111
(8,1),(23,10):54.923611
(8,1),(23,11):36.423611
(8,1),(20,11):24.083334
(8,1),(20,8):55.027779
(8,1),(19,8):45.650002
(8,1),(19,17):7.012364
(8,1),(30,17):0.000000
(8,1),(30,19):0.000000
(8,1),(11,19):0.000000
(8,1),(11,27):0.000000
(8,1),(13,27):0.000000
(8,1),(13,22):0.000000
(8,1),(15,22):0.000000
(8,1),(15,26):0.000000
(8,1),(21,26):0.000000
(8,1),(21,28):0.000000
(8,1),(22,28):0.000000
(8,1),(22,29):0.000000
(8,1),(27,29):0.000000
(8,1),(27,25):0.000000
(8,1),(28,25):0.000000
(8,1),(28,24):0.000000
(8,1),(29,24):0.000000
(8,1),(29,23):0.000000
(8,1),(31,23):0.000000
(8,1),(31,30):0.000000
(16,1),(16,2):42.662498
(16,1),(25,2):34.393940
(16,1),(25,3):11.555555
(16,1),(24,3):38.368420
(16,1),(24,10):16.660715
(16,1),(23,10):13.645833
(16,1),(23,11):4.111111
(16,1),(20,11):0.000000
(16,1),(20,8):13.750000
(16,1),(19,8):7.750000
(16,1),(19,17):0.000000
(16,1),(30,17):0.000000
(16,1),(30,19):0.000000
(16,1),(11,19):0.000000
(16,1),(11,27):0.000000
(16,1),(13,27):0.000000
(16,1),(13,22):0.000000
(16,1),(15,22):0.000000
(16,1),(15,26):0.000000
(16,1),(21,26):0.000000
(16,1),(21,28):0.000000
(16,1),(22,28):0.000000
(16,1),(22,29):0.000000
(16,1),(27,29):0.000000
(16,1),(27,25):0.000000
(16,1),(28,25):0.000000
(16,1),(28,24):0.000000
(16,1),(29,24):0.000000
(16,1),(29,23):0.000000
(16,1),(31,23):0.000000
(16,1),(31,30):0.000000
(16,2),(25,2):70.460526
(16,2),(25,3):20.555555
(16,2),(24,3):94.678574
(16,2),(24,10):66.755951
(16,2),(23,10):64.383926
(16,2),(23,11):44.111111
(16,2),(20,11):32.083332
(16,2),(20,8):67.316666
(16,2),(19,8):56.375000
(16,2),(19,17):11.812500
(16,2),(30,17):0.000000
(16,2),(30,19):0.000000
(16,2),(11,19):0.000000
(16,2),(11,27):0.000000
(16,2),(13,27):0.000000
(16,2),(13,22):0.000000
(16,2),(15,22):0.000000
(16,2),(15,26):0.000000
(16,2),(21,26):0.000000
(16,2),(21,28):0.000000
(16,2),(22,28):0.000000
(16,2),(22,29):0.000000
(16,2),(27,29):0.000000
(16,2),(27,25):0.000000
(16,2),(28,25):0.000000
(16,2),(28,24):0.000000
(16,2),(29,24):0.000000
(16,2),(29,23):0.000000
(16,2),(31,23):0.000000
(16,2),(31,30):0.000000
(25,2),(25,3):17.000000
(25,2),(24,3):73.029411
(25,2),(24,10):41.416668
(25,2),(23,10):38.771427
(25,2),(23,11):28.250000
(25,2),(20,11):12.250000
(25,2),(20,8):41.900002
(25,2),(19,8):39.500000
(25,2),(19,17):9.562500
(25,2),(30,17):0.000000
(25,2),(30,19):0.000000
(25,2),(11,19):0.000000
(25,2),(11,27):0.000000
(25,2),(13,27):0.000000
(25,2),(13,22):0.000000
(25,2),(15,22):0.000000
(25,2),(15,26):0.000000
(25,2),(21,26):0.000000
(25,2),(21,28):0.000000
(25,2),(22,28):0.000000
(25,2),(22,29):0.000000
(25,2),(27,29):0.000000
(25,2),(27,25):0.000000
(25,2),(28,25):0.000000
(25,2),(28,24):0.000000
(25,2),(29,24):0.000000
(25,2),(29,23):0.000000
(25,2),(31,23):0.000000
(25,2),(31,30):0.000000
(25,3),(24,3):20.555555
(25,3),(24,10):15.607759
(25,3),(23,10):13.988095
(25,3),(23,11):8.750000
(25,3),(20,11):4.250000
(25,3),(20,8):14.316667
(25,3),(19,8):11.562500
(25,3),(19,17):1.812500
(25,3),(30,17):0.000000
(25,3),(30,19):0.000000
(25,3),(11,19):0.000000
(25,3),(11,27):0.000000
(25,3),(13,27):0.000000
(25,3),(13,22):0.000000
(25,3),(15,22):0.000000
(25,3),(15,26):0.000000
(25,3),(21,26):0.000000
(25,3),(21,28):0.000000
(25,3),(22,28):0.000000
(25,3),(22,29):0.000000
(25,3),(27,29):0.000000
(25,3),(27,25):0.000000
(25,3),(28,25):0.000000
(25,3),(28,24):0.000000
(25,3),(29,24):0.000000
(25,3),(29,23):0.000000
(25,3),(31,23):0.000000
(25,3),(31,30):0.000000
(24,3),(24,10):64.629997
(24,3),(23,10):63.923077
(24,3),(23,11):45.214287
(24,3),(20,11):35.011906
(24,3),(20,8):67.251648
(24,3),(19,8):52.642857
(24,3),(19,17):9.562500
(24,3),(30,17):0.000000
(24,3),(30,19):0.000000
(24,3),(11,19):0.000000
(24,3),(11,27):0.000000
(24,3),(13,27):0.000000
(24,3),(13,22):0.000000
(24,3),(15,22):0.000000
(24,3),(15,26):0.000000
(24,3),(21,26):0.000000
(24,3),(21,28):0.000000
(24,3),(22,28):0.000000
(24,3),(22,29):0.000000
(24,3),(27,29):0.000000
(24,3),(27,25):0.000000
(24,3),(28,25):0.000000
(24,3),(28,24):0.000000
(24,3),(29,24):0.000000
(24,3),(29,23):0.000000
(24,3),(31,23):0.000000
(24,3),(31,30):0.000000
(24,10),(23,10):64.250000
(24,10),(23,11):44.000000
(24,10),(20,11):31.833334
(24,10),(20,8):65.000000
(24,10),(19,8):50.750000
(24,10),(19,17):8.045834
(24,10),(30,17):0.000000
(24,10),(30,19):0.000000
(24,10),(11,19):0.000000
(24,10),(11,27):0.000000
(24,10),(13,27):0.000000
(24,10),(13,22):0.000000
(24,10),(15,22):0.000000
(24,10),(15,26):0.000000
(24,10),(21,26):0.000000
(24,10),(21,28):0.000000
(24,10),(22,28):0.000000
(24,10),(22,29):0.000000
(24,10),(27,29):0.000000
(24,10),(27,25):0.000000
(24,10),(28,25):0.000000
(24,10),(28,24):0.000000
(24,10),(29,24):0.000000
(24,10),(29,23):0.000000
(24,10),(31,23):0.000000
(24,10),(31,30):0.000000
(23,10),(23,11):47.062500
(23,10),(20,11):34.904762
(23,10),(20,8):67.383926
(23,10),(19,8):50.133930
(23,10),(19,17):7.691288
(23,10),(30,17):0.000000
(23,10),(30,19):0.000000
(23,10),(11,19):0.000000
(23,10),(11,27):0.000000
(23,10),(13,27):0.000000
(23,10),(13,22):0.000000
(23,10),(15,22):0.000000
(23,10),(15,26):0.000000
(23,10),(21,26):0.000000
(23,10),(21,28):0.000000
(23,10),(22,28):0.000000
(23,10),(22,29):0.000000
(23,10),(27,29):0.000000
(23,10),(27,25):0.000000
(23,10),(28,25):0.000000
(23,10),(28,24):0.000000
(23,10),(29,24):0.000000
(23,10),(29,23):0.000000
(23,10),(31,23):0.000000
(23,10),(31,30):0.000000
(23,11),(20,11):27.000000
(23,11),(20,8):47.111111
(23,11),(19,8):38.111111
(23,11),(19,17):6.919643
(23,11),(30,17):0.000000
(23,11),(30,19):0.000000
(23,11),(11,19):0.000000
(23,11),(11,27):0.000000
(23,11),(13,27):0.000000
(23,11),(13,22):0.000000
(23,11),(15,22):0.000000
(23,11),(15,26):0.000000
(23,11),(21,26):0.000000
(23,11),(21,28):0.000000
(23,11),(22,28):0.000000
(23,11),(22,29):0.000000
(23,11),(27,29):0.000000
(23,11),(27,25):0.000000
(23,11),(28,25):0.000000
(23,11),(28,24):0.000000
(23,11),(29,24):0.000000
(23,11),(29,23):0.000000
(23,11),(31,23):0.000000
(23,11),(31,30):0.000000
(20,11),(20,8):35.083332
(20,11),(19,8):24.250000
(20,11),(19,17):0.000000
(20,11),(30,17):0.000000
(20,11),(30,19):0.000000
(20,11),(11,19):0.000000
(20,11),(11,27):0.000000
(20,11),(13,27):0.000000
(20,11),(13,22):0.000000
(20,11),(15,22):0.000000
(20,11),(15,26):0.000000
(20,11),(21,26):0.000000
(20,11),(21,28):0.000000
(20,11),(22,28):0.000000
(20,11),(22,29):0.000000
(20,11),(27,29):0.000000
(20,11),(27,25):0.000000
(20,11),(28,25):0.000000
(20,11),(28,24):0.000000
(20,11),(29,24):0.000000
(20,11),(29,23):0.000000
(20,11),(31,23):0.000000
(20,11),(31,30):0.000000
(20,8),(19,8):53.566666
(20,8),(19,17):9.000000
(20,8),(30,17):0.000000
(20,8),(30,19):0.000000
(20,8),(11,19):0.000000
(20,8),(11,27):0.000000
(20,8),(13,27):0.000000
(20,8),(13,22):0.000000
(20,8),(15,22):0.000000
(20,8),(15,26):0.000000
(20,8),(21,26):0.000000
(20,8),(21,28):0.000000
(20,8),(22,28):0.000000
(20,8),(22,29):0.000000
(20,8),(27,29):0.000000
(20,8),(27,25):0.000000
(20,8),(28,25):0.000000
(20,8),(28,24):0.000000
(20,8),(29,24):0.000000
(20,8),(29,23):0.000000
(20,8),(31,23):0.000000
(20,8),(31,30):0.000000
(19,8),(19,17):20.625000
(19,8),(30,17):2.500000
(19,8),(30,19):2.612500
(19,8),(11,19):3.776786
(19,8),(11,27):0.000000
(19,8),(13,27):0.000000
(19,8),(13,22):0.000000
(19,8),(15,22):0.000000
(19,8),(15,26):0.000000
(19,8),(21,26):0.000000
(19,8),(21,28):0.000000
(19,8),(22,28):0.000000
(19,8),(22,29):0.000000
(19,8),(27,29):0.000000
(19,8),(27,25):0.000000
(19,8),(28,25):0.000000
(19,8),(28,24):0.000000
(19,8),(29,24):0.000000
(19,8),(29,23):0.000000
(19,8),(31,23):0.000000
(19,8),(31,30):0.000000
(19,17),(30,17):42.210526
(19,17),(30,19):51.090908
(19,17),(11,19):55.214287
(19,17),(11,27):5.480325
(19,17),(13,27):0.000000
(19,17),(13,22):0.000000
(19,17),(15,22):0.000000
(19,17),(15,26):0.000000
(19,17),(21,26):0.000000
(19,17),(21,28):0.000000
(19,17),(22,28):0.000000
(19,17),(22,29):0.000000
(19,17),(27,29):0.000000
(19,17),(27,25):0.000000
(19,17),(28,25):0.000000
(19,17),(28,24):0.000000
(19,17),(29,24):0.000000
(19,17),(29,23):0.000000
(19,17),(31,23):0.000000
(19,17),(31,30):0.000000
(30,17),(30,19):42.000000
(30,17),(11,19):42.210526
(30,17),(11,27):2.639153
(30,17),(13,27):0.000000
(30,17),(13,22):0.000000
(30,17),(15,22):0.000000
(30,17),(15,26):0.000000
(30,17),(21,26):0.000000
(30,17),(21,28):0.000000
(30,17),(22,28):0.000000
(30,17),(22,29):0.000000
(30,17),(27,29):0.000000
(30,17),(27,25):0.000000
(30,17),(28,25):0.000000
(30,17),(28,24):0.000000
(30,17),(29,24):0.000000
(30,17),(29,23):0.000000
(30,17),(31,23):0.000000
(30,17),(31,30):0.000000
(30,19),(11,19):51.090908
(30,19),(11,27):5.050390
(30,19),(13,27):0.000000
(30,19),(13,22):0.000000
(30,19),(15,22):0.000000
(30,19),(15,26):0.000000
(30,19),(21,26):0.000000
(30,19),(21,28):0.000000
(30,19),(22,28):0.000000
(30,19),(22,29):0.000000
(30,19),(27,29):0.000000
(30,19),(27,25):0.000000
(30,19),(28,25):0.000000
(30,19),(28,24):0.000000
(30,19),(29,24):0.000000
(30,19),(29,23):0.000000
(30,19),(31,23):0.000000
(30,19),(31,30):0.000000
(11,19),(11,27):19.571428
(11,19),(13,27):4.000000
(11,19),(13,22):0.000000
(11,19),(15,22):0.000000
(11,19),(15,26):2.750000
(11,19),(21,26):3.687500
(11,19),(21,28):4.050000
(11,19),(22,28):3.000000
(11,19),(22,29):4.090909
(11,19),(27,29):2.000000
(11,19),(27,25):0.000000
(11,19),(28,25):0.000000
(11,19),(28,24):0.000000
(11,19),(29,24):0.000000
(11,19),(29,23):0.000000
(11,19),(31,23):0.000000
(11,19),(31,30):2.277778
(11,27),(13,27):53.187500
(11,27),(13,22):14.000000
(11,27),(15,22):11.200000
(11,27),(15,26):49.154762
(11,27),(21,26):43.437500
(11,27),(21,28):49.000000
(11,27),(22,28):35.950001
(11,27),(22,29):53.290909
(11,27),(27,29):30.250000
(11,27),(27,25):0.022727
(11,27),(28,25):0.048913
(11,27),(28,24):0.000000
(11,27),(29,24):0.068644
(11,27),(29,23):0.000000
(11,27),(31,23):0.110360
(11,27),(31,30):22.750000
(13,27),(13,22):24.250000
(13,27),(15,22):21.200001
(13,27),(15,26):65.154762
(13,27),(21,26):51.437500
(13,27),(21,28):57.604168
(13,27),(22,28):35.937500
(13,27),(22,29):60.044643
(13,27),(27,29):29.750000
(13,27),(27,25):0.000000
(13,27),(28,25):0.000000
(13,27),(28,24):0.000000
(13,27),(29,24):0.000000
(13,27),(29,23):0.000000
(13,27),(31,23):0.002688
(13,27),(31,30):22.250000
(13,22),(15,22):18.000000
(13,22),(15,26):24.250000
(13,22),(21,26):16.250000
(13,22),(21,28):16.916666
(13,22),(22,28):11.250000
(13,22),(22,29):17.107143
(13,22),(27,29):8.000000
(13,22),(27,25):0.000000
(13,22),(28,25):0.000000
(13,22),(28,24):0.000000
(13,22),(29,24):0.000000
(13,22),(29,23):0.000000
(13,22),(31,23):0.000000
(13,22),(31,30):6.470588
(15,22),(15,26):21.200001
(15,22),(21,26):13.200000
(15,22),(21,28):13.866667
(15,22),(22,28):9.000000
(15,22),(22,29):14.057143
(15,22),(27,29):6.400000
(15,22),(27,25):0.000000
(15,22),(28,25):0.000000
(15,22),(28,24):0.000000
(15,22),(29,24):0.000000
(15,22),(29,23):0.000000
(15,22),(31,23):0.000000
(15,22),(31,30):5.386289
(15,26),(21,26):49.750000
(15,26),(21,28):55.250000
(15,26),(22,28):35.583332
(15,26),(22,29):56.011906
(15,26),(27,29):28.250000
(15,26),(27,25):0.000000
(15,26),(28,25):0.000000
(15,26),(28,24):0.000000
(15,26),(29,24):0.000000
(15,26),(29,23):0.000000
(15,26),(31,23):0.000000
(15,26),(31,30):20.598484
(21,26),(21,28):51.437500
(21,26),(22,28):33.000000
(21,26),(22,29):49.437500
(21,26),(27,29):22.000000
(21,26),(27,25):0.000000
(21,26),(28,25):0.000000
(21,26),(28,24):0.000000
(21,26),(29,24):0.000000
(21,26),(29,23):0.000000
(21,26),(31,23):0.000000
(21,26),(31,30):18.944445
(21,28),(22,28):36.000000
(21,28),(22,29):55.716667
(21,28),(27,29):26.000000
(21,28),(27,25):0.000000
(21,28),(28,25):0.000000
(21,28),(28,24):0.000000
(21,28),(29,24):0.000000
(21,28),(29,23):0.000000
(21,28),(31,23):0.000000
(21,28),(31,30):20.500000
(22,28),(22,29):36.000000
(22,28),(27,29):24.000000
(22,28),(27,25):0.000000
(22,28),(28,25):0.000000
(22,28),(28,24):0.000000
(22,28),(29,24):0.000000
(22,28),(29,23):0.000000
(22,28),(31,23):0.000000
(22,28),(31,30):19.500000
(22,29),(27,29):36.500000
(22,29),(27,25):4.000000
(22,29),(28,25):4.125000
(22,29),(28,24):3.000000
(22,29),(29,24):4.200000
(22,29),(29,23):2.000000
(22,29),(31,23):4.333333
(22,29),(31,30):29.000000
(27,29),(27,25):20.000000
(27,29),(28,25):24.500000
(27,29),(28,24):17.875000
(27,29),(29,24):24.375000
(27,29),(29,23):13.800000
(27,29),(31,23):24.514286
(27,29),(31,30):41.674999
(27,25),(28,25):20.000000
(27,25),(28,24):15.000000
(27,25),(29,24):19.500000
(27,25),(29,23):10.000000
(27,25),(31,23):19.666666
(27,25),(31,30):20.000000
(28,25),(28,24):18.000000
(28,25),(29,24):24.125000
(28,25),(29,23):13.500000
(28,25),(31,23):24.041666
(28,25),(31,30):24.625000
(28,24),(29,24):18.000000
(28,24),(29,23):12.000000
(28,24),(31,23):17.750000
(28,24),(31,30):18.000000
(29,24),(29,23):14.000000
(29,24),(31,23):24.450001
(29,24),(31,30):24.700001
(29,23),(31,23):14.000000
(29,23),(31,30):14.000000
(31,23),(31,30):24.750000
