68
(30,1):(30,1)	(30,2)	(30,3)	(30,4)	(31,2)	(31,3)	(31,4)	(31,5)	(32,2)	(32,3)	(32,4)	(32,5)	(32,6)	(32,7)	(32,8)	(32,9)	(33,1)	
(33,1):(26,4)	(27,4)	(28,3)	(28,4)	(29,3)	(29,4)	(30,1)	(30,2)	(30,3)	(30,4)	(31,2)	(31,3)	(31,4)	(31,5)	(31,13)	(32,2)	(32,3)	(32,4)	(32,5)	(32,6)	(32,7)	(32,8)	(32,9)	(32,10)	(32,11)	(32,12)	(32,13)	(32,19)	(33,1)	(33,17)	(33,18)	
(33,17):(31,2)	(31,3)	(31,4)	(31,5)	(32,2)	(32,3)	(32,4)	(32,5)	(32,6)	(32,7)	(32,8)	(32,9)	(32,10)	(32,11)	(32,12)	(32,13)	(32,19)	(33,1)	(33,17)	(33,18)	(34,17)	(34,19)	
(34,17):(32,19)	(33,17)	(33,18)	(34,17)	(34,19)	
(34,19):(32,19)	(33,17)	(33,18)	(34,17)	(34,19)	
(32,19):(32,2)	(32,3)	(32,4)	(32,5)	(32,6)	(32,7)	(32,8)	(32,9)	(32,10)	(32,11)	(32,12)	(32,13)	(32,19)	(33,1)	(33,17)	(33,18)	(34,17)	(34,19)	
(32,13):(31,2)	(31,3)	(31,4)	(31,5)	(31,13)	(32,2)	(32,3)	(32,4)	(32,5)	(32,6)	(32,7)	(32,8)	(32,9)	(32,10)	(32,11)	(32,12)	(32,13)	(32,19)	(33,1)	(33,17)	(33,18)	
(31,13):(31,2)	(31,3)	(31,4)	(31,5)	(31,13)	(32,2)	(32,3)	(32,4)	(32,5)	(32,6)	(32,7)	(32,8)	(32,9)	(32,10)	(32,11)	(32,12)	(32,13)	(33,1)	
(31,5):(6,4)	(7,5)	(8,5)	(9,5)	(10,5)	(11,5)	(12,5)	(13,5)	(15,3)	(15,4)	(16,4)	(17,4)	(18,4)	(19,4)	(20,4)	(21,4)	(22,4)	(23,4)	(24,4)	(25,4)	(26,4)	(27,4)	(28,2)	(28,3)	(28,4)	(29,3)	(29,4)	(30,1)	(30,2)	(30,3)	(30,4)	(31,2)	(31,3)	(31,4)	(31,5)	(31,13)	(32,2)	(32,3)	(32,4)	(32,5)	(32,6)	(32,7)	(32,8)	(32,9)	(32,10)	(32,11)	(32,12)	(32,13)	(33,1)	(33,17)	(33,18)	
(13,5):(1,12)	(2,7)	(2,8)	(2,9)	(2,10)	(2,11)	(3,7)	(3,8)	(3,9)	(3,10)	(3,11)	(4,7)	(4,8)	(4,9)	(4,10)	(4,11)	(5,7)	(5,8)	(5,9)	(5,10)	(5,11)	(6,4)	(6,6)	(6,7)	(6,8)	(6,9)	(6,10)	(6,11)	(7,5)	(7,6)	(7,7)	(7,8)	(7,9)	(7,10)	(7,11)	(8,5)	(8,6)	(8,7)	(8,8)	(8,9)	(8,10)	(8,11)	(8,17)	(9,5)	(9,6)	(9,7)	(9,8)	(9,9)	(9,10)	(9,11)	(9,12)	(9,14)	(9,15)	(9,16)	(9,17)	(10,5)	(10,6)	(10,7)	(10,8)	(10,9)	(10,10)	(10,11)	(10,12)	(10,13)	(10,14)	(11,5)	(11,6)	(11,7)	(11,8)	(11,9)	(11,10)	(11,11)	(12,5)	(12,6)	(12,7)	(12,8)	(13,5)	(13,7)	(15,4)	(16,4)	(17,4)	(18,4)	(19,4)	(20,4)	(21,4)	(22,4)	(23,4)	(24,4)	(25,4)	(26,4)	(27,4)	(28,3)	(28,4)	(29,3)	(29,4)	(30,3)	(30,4)	(31,3)	(31,4)	(31,5)	(32,3)	(32,4)	(32,5)	
(13,7):(1,6)	(1,12)	(2,7)	(2,8)	(2,9)	(2,10)	(2,11)	(3,7)	(3,8)	(3,9)	(3,10)	(3,11)	(4,7)	(4,8)	(4,9)	(4,10)	(4,11)	(5,7)	(5,8)	(5,9)	(5,10)	(5,11)	(6,4)	(6,6)	(6,7)	(6,8)	(6,9)	(6,10)	(6,11)	(7,5)	(7,6)	(7,7)	(7,8)	(7,9)	(7,10)	(7,11)	(8,5)	(8,6)	(8,7)	(8,8)	(8,9)	(8,10)	(8,11)	(9,5)	(9,6)	(9,7)	(9,8)	(9,9)	(9,10)	(9,11)	(10,5)	(10,6)	(10,7)	(10,8)	(10,9)	(10,10)	(11,5)	(11,6)	(11,7)	(11,8)	(11,9)	(12,5)	(12,6)	(12,7)	(12,8)	(13,5)	(13,7)	(21,8)	(22,8)	(23,8)	(24,8)	(25,7)	
(25,7):(2,7)	(2,8)	(3,7)	(3,8)	(4,7)	(4,8)	(5,7)	(5,8)	(6,7)	(6,8)	(7,7)	(7,8)	(8,7)	(8,8)	(9,7)	(9,8)	(10,7)	(10,8)	(11,7)	(11,8)	(12,7)	(12,8)	(13,7)	(21,8)	(21,10)	(22,8)	(22,9)	(22,10)	(23,8)	(23,9)	(23,10)	(23,11)	(23,12)	(23,13)	(23,14)	(23,15)	(24,8)	(24,9)	(24,10)	(24,11)	(25,7)	(25,9)	(25,10)	
(25,9):(21,8)	(21,10)	(22,8)	(22,9)	(22,10)	(23,8)	(23,9)	(23,10)	(23,11)	(23,12)	(23,13)	(24,8)	(24,9)	(24,10)	(24,11)	(25,7)	(25,9)	(25,10)	(26,10)	(26,11)	(27,10)	(27,11)	(27,12)	(27,13)	(28,10)	(28,11)	(28,12)	(28,13)	(28,14)	(28,15)	(29,9)	
(29,9):(21,10)	(22,9)	(22,10)	(23,9)	(23,10)	(23,11)	(24,9)	(24,10)	(24,11)	(25,9)	(25,10)	(26,10)	(26,11)	(26,22)	(27,10)	(27,11)	(27,12)	(27,13)	(27,14)	(27,15)	(27,16)	(27,17)	(27,18)	(27,19)	(27,20)	(28,10)	(28,11)	(28,12)	(28,13)	(28,14)	(28,15)	(28,16)	(28,17)	(28,18)	(28,19)	(29,9)	(29,20)	
(29,20):(26,10)	(26,11)	(27,10)	(27,11)	(27,12)	(27,13)	(27,14)	(27,15)	(27,16)	(27,17)	(27,18)	(27,19)	(27,20)	(28,10)	(28,11)	(28,12)	(28,13)	(28,14)	(28,15)	(28,16)	(28,17)	(28,18)	(28,19)	(29,9)	(29,20)	
(27,20):(26,10)	(26,11)	(26,22)	(27,10)	(27,11)	(27,12)	(27,13)	(27,14)	(27,15)	(27,16)	(27,17)	(27,18)	(27,19)	(27,20)	(27,22)	(28,10)	(28,11)	(28,12)	(28,13)	(28,14)	(28,15)	(28,16)	(28,17)	(28,18)	(28,19)	(29,9)	(29,20)	
(27,22):(26,10)	(26,11)	(26,22)	(27,10)	(27,11)	(27,12)	(27,13)	(27,14)	(27,15)	(27,16)	(27,17)	(27,18)	(27,19)	(27,20)	(27,22)	
(26,22):(26,10)	(26,11)	(26,22)	(27,10)	(27,11)	(27,12)	(27,13)	(27,14)	(27,15)	(27,16)	(27,17)	(27,18)	(27,19)	(27,20)	(27,22)	(28,10)	(28,11)	(28,12)	(28,13)	(28,14)	(28,15)	(28,16)	(28,17)	(28,18)	(29,9)	
(26,11):(21,8)	(22,8)	(22,9)	(22,10)	(23,8)	(23,9)	(23,10)	(23,11)	(24,8)	(24,9)	(24,10)	(24,11)	(25,9)	(25,10)	(26,10)	(26,11)	(26,22)	(27,10)	(27,11)	(27,12)	(27,13)	(27,14)	(27,15)	(27,16)	(27,17)	(27,18)	(27,19)	(27,20)	(27,22)	(28,10)	(28,11)	(28,12)	(28,13)	(28,14)	(28,15)	(28,16)	(28,17)	(28,18)	(28,19)	(29,9)	(29,20)	
(24,11):(21,8)	(22,8)	(22,9)	(22,10)	(22,25)	(22,26)	(22,27)	(22,28)	(23,8)	(23,9)	(23,10)	(23,11)	(23,12)	(23,13)	(23,14)	(23,15)	(23,16)	(23,17)	(23,18)	(23,19)	(23,20)	(23,21)	(23,22)	(23,23)	(23,24)	(23,25)	(23,26)	(23,27)	(24,8)	(24,9)	(24,10)	(24,11)	(24,27)	(25,7)	(25,9)	(25,10)	(26,10)	(26,11)	(27,10)	(27,11)	(28,10)	(28,11)	(29,9)	
(24,27):(20,26)	(21,26)	(21,27)	(22,8)	(22,9)	(22,10)	(22,25)	(22,26)	(22,27)	(23,8)	(23,9)	(23,10)	(23,11)	(23,12)	(23,13)	(23,14)	(23,15)	(23,16)	(23,17)	(23,18)	(23,19)	(23,20)	(23,21)	(23,22)	(23,23)	(23,24)	(23,25)	(23,26)	(23,27)	(24,8)	(24,9)	(24,10)	(24,11)	(24,27)	
(23,27):(20,26)	(20,29)	(21,26)	(21,27)	(21,28)	(22,8)	(22,9)	(22,10)	(22,25)	(22,26)	(22,27)	(22,28)	(23,8)	(23,9)	(23,10)	(23,11)	(23,12)	(23,13)	(23,14)	(23,15)	(23,16)	(23,17)	(23,18)	(23,19)	(23,20)	(23,21)	(23,22)	(23,23)	(23,24)	(23,25)	(23,26)	(23,27)	(23,29)	(24,8)	(24,9)	(24,10)	(24,11)	(24,27)	
(23,29):(20,26)	(20,29)	(21,26)	(21,27)	(21,28)	(22,8)	(22,9)	(22,10)	(22,25)	(22,26)	(22,27)	(22,28)	(23,8)	(23,9)	(23,10)	(23,11)	(23,12)	(23,13)	(23,14)	(23,15)	(23,16)	(23,17)	(23,18)	(23,19)	(23,20)	(23,21)	(23,22)	(23,23)	(23,24)	(23,25)	(23,26)	(23,27)	(23,29)	
(20,29):(20,26)	(20,29)	(21,26)	(21,27)	(21,28)	(22,25)	(22,26)	(22,27)	(22,28)	(23,23)	(23,24)	(23,25)	(23,26)	(23,27)	(23,29)	
(20,26):(3,25)	(3,26)	(4,26)	(20,26)	(20,29)	(21,26)	(21,27)	(21,28)	(22,25)	(22,26)	(22,27)	(22,28)	(23,25)	(23,26)	(23,27)	(23,29)	(24,27)	
(4,26):(2,24)	(2,30)	(3,25)	(3,26)	(3,27)	(3,28)	(3,29)	(4,26)	(4,28)	(4,29)	(20,26)	(21,26)	(22,25)	(22,26)	(23,25)	(23,26)	
(4,28):(2,24)	(2,30)	(3,25)	(3,26)	(3,27)	(3,28)	(3,29)	(4,26)	(4,28)	(4,29)	(5,29)	(6,29)	(7,29)	(8,29)	(9,29)	(10,29)	(11,29)	(12,29)	(13,29)	(14,29)	(15,29)	(16,29)	(16,30)	(17,29)	(17,30)	(18,28)	
(18,28):(2,30)	(3,28)	(3,29)	(4,28)	(4,29)	(5,29)	(6,29)	(7,29)	(8,29)	(9,29)	(10,29)	(11,29)	(12,29)	(13,29)	(14,29)	(15,29)	(16,29)	(16,30)	(16,31)	(17,29)	(17,30)	(17,31)	(18,28)	(18,32)	
(18,32):(8,31)	(9,32)	(10,32)	(11,32)	(15,29)	(16,29)	(16,30)	(16,31)	(17,29)	(17,30)	(17,31)	(18,28)	(18,32)	
(11,32):(8,31)	(8,34)	(9,32)	(9,33)	(10,32)	(10,33)	(11,32)	(11,33)	(16,31)	(17,31)	(18,32)	
(11,33):(8,31)	(9,32)	(9,33)	(10,32)	(10,33)	(11,32)	(11,33)	
(10,33):(8,31)	(8,34)	(9,32)	(9,33)	(10,32)	(10,33)	(10,34)	(11,32)	(11,33)	
(10,34):(8,31)	(8,34)	(9,32)	(9,33)	(10,32)	(10,33)	(10,34)	
(8,34):(8,31)	(8,34)	(9,32)	(9,33)	(10,32)	(10,33)	(10,34)	(11,32)	
(8,31):(8,31)	(8,34)	(9,32)	(9,33)	(10,32)	(10,33)	(10,34)	(11,32)	(11,33)	(16,31)	(17,31)	(18,32)	
(16,31):(8,31)	(9,32)	(10,32)	(11,32)	(16,29)	(16,30)	(16,31)	(17,29)	(17,30)	(17,31)	(18,28)	(18,32)	
(16,30):(2,30)	(3,28)	(3,29)	(4,28)	(4,29)	(5,29)	(6,29)	(7,29)	(8,29)	(9,29)	(10,29)	(11,29)	(12,29)	(13,29)	(14,29)	(15,29)	(16,29)	(16,30)	(16,31)	(17,29)	(17,30)	(17,31)	(18,28)	(18,32)	
(2,30):(2,24)	(2,30)	(3,24)	(3,25)	(3,26)	(3,27)	(3,28)	(3,29)	(4,26)	(4,28)	(4,29)	(5,29)	(6,29)	(7,29)	(8,29)	(9,29)	(10,29)	(11,29)	(12,29)	(13,29)	(14,29)	(15,29)	(16,29)	(16,30)	(17,29)	(17,30)	(18,28)	
(2,24):(2,24)	(2,30)	(3,24)	(3,25)	(3,26)	(3,27)	(3,28)	(3,29)	(4,26)	(4,28)	(4,29)	
(3,24):(2,24)	(2,30)	(3,24)	(3,25)	(3,26)	(3,27)	(3,28)	(3,29)	
(3,25):(2,24)	(2,30)	(3,24)	(3,25)	(3,26)	(3,27)	(3,28)	(3,29)	(4,26)	(4,28)	(4,29)	(20,26)	(21,26)	(22,25)	(22,26)	(23,25)	(23,26)	
(22,25):(3,25)	(3,26)	(4,26)	(20,26)	(20,29)	(21,26)	(21,27)	(21,28)	(22,8)	(22,9)	(22,10)	(22,25)	(22,26)	(22,27)	(22,28)	(23,8)	(23,9)	(23,10)	(23,11)	(23,12)	(23,13)	(23,14)	(23,15)	(23,16)	(23,17)	(23,18)	(23,19)	(23,20)	(23,21)	(23,22)	(23,23)	(23,24)	(23,25)	(23,26)	(23,27)	(23,29)	(24,8)	(24,9)	(24,10)	(24,11)	(24,27)	
(22,10):(21,8)	(21,10)	(22,8)	(22,9)	(22,10)	(22,25)	(22,26)	(22,27)	(22,28)	(23,8)	(23,9)	(23,10)	(23,11)	(23,12)	(23,13)	(23,14)	(23,15)	(23,16)	(23,17)	(23,18)	(23,19)	(23,20)	(23,21)	(23,22)	(23,23)	(23,24)	(23,25)	(23,26)	(23,27)	(23,29)	(24,8)	(24,9)	(24,10)	(24,11)	(24,27)	(25,7)	(25,9)	(25,10)	(26,10)	(26,11)	(27,10)	(27,11)	(28,10)	(28,11)	(29,9)	
(21,10):(21,8)	(21,10)	(22,8)	(22,9)	(22,10)	(23,8)	(23,9)	(23,10)	(24,8)	(24,9)	(24,10)	(25,7)	(25,9)	(25,10)	(26,10)	(27,10)	(28,10)	(29,9)	
(21,8):(1,6)	(2,7)	(2,8)	(3,7)	(3,8)	(4,7)	(4,8)	(5,7)	(5,8)	(6,7)	(6,8)	(7,7)	(7,8)	(8,7)	(8,8)	(9,7)	(9,8)	(10,7)	(10,8)	(11,7)	(11,8)	(12,7)	(12,8)	(13,7)	(21,8)	(21,10)	(22,8)	(22,9)	(22,10)	(23,8)	(23,9)	(23,10)	(23,11)	(23,12)	(24,8)	(24,9)	(24,10)	(24,11)	(25,7)	(25,9)	(25,10)	(26,10)	(26,11)	(27,10)	(27,11)	(28,10)	(28,11)	(28,12)	
(12,8):(1,6)	(1,12)	(2,7)	(2,8)	(2,9)	(2,10)	(2,11)	(3,7)	(3,8)	(3,9)	(3,10)	(3,11)	(4,7)	(4,8)	(4,9)	(4,10)	(4,11)	(5,7)	(5,8)	(5,9)	(5,10)	(5,11)	(6,4)	(6,6)	(6,7)	(6,8)	(6,9)	(6,10)	(6,11)	(7,5)	(7,6)	(7,7)	(7,8)	(7,9)	(7,10)	(7,11)	(8,5)	(8,6)	(8,7)	(8,8)	(8,9)	(8,10)	(8,11)	(8,16)	(8,17)	(9,5)	(9,6)	(9,7)	(9,8)	(9,9)	(9,10)	(9,11)	(9,12)	(9,14)	(9,15)	(9,16)	(9,17)	(10,5)	(10,6)	(10,7)	(10,8)	(10,9)	(10,10)	(10,11)	(10,12)	(10,13)	(10,14)	(10,15)	(10,16)	(10,17)	(11,5)	(11,6)	(11,7)	(11,8)	(11,9)	(11,10)	(11,11)	(11,12)	(11,13)	(11,14)	(11,15)	(11,16)	(11,17)	(12,5)	(12,6)	(12,7)	(12,8)	(12,16)	(12,17)	(13,5)	(13,7)	(21,8)	(22,8)	(23,8)	(24,8)	(25,7)	
(12,16):(5,15)	(5,18)	(6,4)	(6,6)	(6,7)	(6,8)	(6,16)	(6,17)	(7,5)	(7,6)	(7,7)	(7,8)	(7,9)	(7,14)	(7,15)	(7,16)	(7,17)	(8,5)	(8,6)	(8,7)	(8,8)	(8,9)	(8,10)	(8,15)	(8,16)	(8,17)	(9,5)	(9,6)	(9,7)	(9,8)	(9,9)	(9,10)	(9,11)	(9,12)	(9,14)	(9,15)	(9,16)	(9,17)	(10,5)	(10,6)	(10,7)	(10,8)	(10,9)	(10,10)	(10,11)	(10,12)	(10,13)	(10,14)	(10,15)	(10,16)	(10,17)	(11,5)	(11,6)	(11,7)	(11,8)	(11,9)	(11,10)	(11,11)	(11,12)	(11,13)	(11,14)	(11,15)	(11,16)	(11,17)	(12,5)	(12,6)	(12,7)	(12,8)	(12,16)	(12,17)	(13,17)	(14,17)	(14,18)	(15,17)	(15,18)	(15,19)	(16,17)	(16,18)	(16,19)	(16,20)	(17,17)	(17,18)	(17,19)	(17,20)	(17,21)	(18,17)	(18,18)	(18,19)	(18,20)	(18,21)	(18,22)	(19,16)	(19,23)	
(19,16):(5,18)	(6,16)	(6,17)	(7,16)	(7,17)	(8,16)	(8,17)	(9,16)	(9,17)	(10,16)	(10,17)	(11,16)	(11,17)	(12,16)	(12,17)	(13,17)	(14,17)	(14,18)	(14,21)	(15,17)	(15,18)	(15,19)	(15,20)	(16,17)	(16,18)	(16,19)	(16,20)	(17,17)	(17,18)	(17,19)	(17,20)	(17,21)	(17,23)	(18,17)	(18,18)	(18,19)	(18,20)	(18,21)	(18,22)	(19,16)	(19,23)	
(19,23):(12,16)	(13,17)	(14,17)	(14,18)	(15,17)	(15,18)	(15,19)	(16,17)	(16,18)	(16,19)	(16,20)	(17,17)	(17,18)	(17,19)	(17,20)	(17,21)	(17,23)	(18,17)	(18,18)	(18,19)	(18,20)	(18,21)	(18,22)	(19,16)	(19,23)	
(17,23):(17,17)	(17,18)	(17,19)	(17,20)	(17,21)	(17,23)	(18,17)	(18,18)	(18,19)	(18,20)	(18,21)	(18,22)	(19,16)	(19,23)	
(17,21):(12,16)	(13,17)	(14,17)	(14,18)	(14,21)	(15,17)	(15,18)	(15,19)	(15,20)	(16,17)	(16,18)	(16,19)	(16,20)	(17,17)	(17,18)	(17,19)	(17,20)	(17,21)	(17,23)	(18,17)	(18,18)	(18,19)	(18,20)	(18,21)	(18,22)	(19,16)	(19,23)	
(14,21):(14,17)	(14,18)	(14,21)	(15,17)	(15,18)	(15,19)	(15,20)	(16,17)	(16,18)	(16,19)	(16,20)	(17,17)	(17,18)	(17,19)	(17,20)	(17,21)	(18,17)	(18,18)	(18,19)	(18,20)	(18,21)	(19,16)	
(14,18):(5,15)	(5,18)	(6,16)	(6,17)	(7,14)	(7,15)	(7,16)	(7,17)	(8,15)	(8,16)	(8,17)	(9,14)	(9,15)	(9,16)	(9,17)	(10,14)	(10,15)	(10,16)	(10,17)	(11,15)	(11,16)	(11,17)	(12,16)	(12,17)	(13,17)	(14,17)	(14,18)	(14,21)	(15,17)	(15,18)	(15,19)	(15,20)	(16,17)	(16,18)	(16,19)	(16,20)	(17,17)	(17,18)	(17,19)	(17,20)	(17,21)	(18,17)	(18,18)	(18,19)	(18,20)	(18,21)	(18,22)	(19,16)	(19,23)	
(5,18):(5,15)	(5,18)	(6,16)	(6,17)	(7,15)	(7,16)	(7,17)	(8,15)	(8,16)	(8,17)	(9,14)	(9,15)	(9,16)	(9,17)	(10,13)	(10,14)	(10,15)	(10,16)	(10,17)	(11,12)	(11,13)	(11,14)	(11,15)	(11,16)	(11,17)	(12,16)	(12,17)	(13,17)	(14,17)	(14,18)	(15,17)	(15,18)	(16,17)	(16,18)	(17,17)	(17,18)	(18,17)	(18,18)	(19,16)	
(5,15):(5,15)	(5,18)	(6,16)	(6,17)	(7,15)	(7,16)	(7,17)	(8,15)	(8,16)	(8,17)	(9,15)	(9,16)	(9,17)	(10,15)	(10,16)	(10,17)	(11,15)	(11,16)	(11,17)	(12,16)	(12,17)	(13,17)	(14,17)	(14,18)	(15,17)	(15,18)	(16,17)	(16,18)	(17,17)	(17,18)	(17,19)	(18,17)	(18,18)	(18,19)	
(7,15):(5,15)	(5,18)	(6,16)	(6,17)	(7,14)	(7,15)	(7,16)	(7,17)	(8,15)	(8,16)	(8,17)	(9,14)	(9,15)	(9,16)	(9,17)	(10,14)	(10,15)	(10,16)	(10,17)	(11,13)	(11,14)	(11,15)	(11,16)	(11,17)	(12,16)	(12,17)	(13,17)	(14,17)	(14,18)	(15,17)	(15,18)	(16,17)	(16,18)	(17,17)	(17,18)	(17,19)	(18,18)	(18,19)	
(7,14):(7,14)	(7,15)	(7,16)	(7,17)	(8,15)	(8,16)	(8,17)	(9,14)	(9,15)	(9,16)	(9,17)	(10,14)	(10,15)	(10,16)	(10,17)	(11,14)	(11,15)	(11,16)	(11,17)	(12,16)	(12,17)	(13,17)	(14,17)	(14,18)	(15,18)	(16,18)	(16,19)	(17,18)	(17,19)	(18,19)	(18,20)	
(9,14):(5,18)	(6,16)	(6,17)	(7,14)	(7,15)	(7,16)	(7,17)	(8,15)	(8,16)	(8,17)	(9,5)	(9,6)	(9,7)	(9,8)	(9,9)	(9,10)	(9,11)	(9,12)	(9,14)	(9,15)	(9,16)	(9,17)	(10,5)	(10,6)	(10,7)	(10,8)	(10,9)	(10,10)	(10,11)	(10,12)	(10,13)	(10,14)	(10,15)	(10,16)	(10,17)	(11,5)	(11,6)	(11,7)	(11,8)	(11,9)	(11,10)	(11,11)	(11,12)	(11,13)	(11,14)	(11,15)	(11,16)	(11,17)	(12,5)	(12,6)	(12,7)	(12,8)	(12,16)	(12,17)	(13,5)	(13,17)	(14,18)	(15,18)	(16,19)	(17,20)	(18,20)	(18,21)	
(9,12):(1,6)	(1,12)	(2,7)	(2,8)	(2,9)	(2,10)	(2,11)	(3,7)	(3,8)	(3,9)	(3,10)	(3,11)	(4,7)	(4,8)	(4,9)	(4,10)	(4,11)	(5,7)	(5,8)	(5,9)	(5,10)	(5,11)	(6,4)	(6,6)	(6,7)	(6,8)	(6,9)	(6,10)	(6,11)	(7,5)	(7,6)	(7,7)	(7,8)	(7,9)	(7,10)	(7,11)	(8,5)	(8,6)	(8,7)	(8,8)	(8,9)	(8,10)	(8,11)	(9,5)	(9,6)	(9,7)	(9,8)	(9,9)	(9,10)	(9,11)	(9,12)	(9,14)	(9,15)	(9,16)	(9,17)	(10,5)	(10,6)	(10,7)	(10,8)	(10,9)	(10,10)	(10,11)	(10,12)	(10,13)	(10,14)	(10,15)	(10,16)	(10,17)	(11,5)	(11,6)	(11,7)	(11,8)	(11,9)	(11,10)	(11,11)	(11,12)	(11,13)	(11,14)	(11,15)	(11,16)	(11,17)	(12,5)	(12,6)	(12,7)	(12,8)	(12,16)	(12,17)	(13,5)	
(1,12):(1,6)	(1,12)	(2,7)	(2,8)	(2,9)	(2,10)	(2,11)	(3,7)	(3,8)	(3,9)	(3,10)	(3,11)	(4,7)	(4,8)	(4,9)	(4,10)	(4,11)	(5,7)	(5,8)	(5,9)	(5,10)	(5,11)	(6,6)	(6,7)	(6,8)	(6,9)	(6,10)	(6,11)	(7,5)	(7,6)	(7,7)	(7,8)	(7,9)	(7,10)	(7,11)	(8,5)	(8,6)	(8,7)	(8,8)	(8,9)	(8,10)	(8,11)	(9,5)	(9,6)	(9,7)	(9,8)	(9,9)	(9,10)	(9,11)	(9,12)	(10,5)	(10,6)	(10,7)	(10,8)	(10,9)	(10,10)	(10,11)	(10,12)	(11,5)	(11,6)	(11,7)	(11,8)	(11,9)	(11,10)	(11,11)	(11,12)	(12,5)	(12,6)	(12,7)	(12,8)	(13,5)	(13,7)	
(1,6):(1,6)	(1,12)	(2,7)	(2,8)	(2,9)	(2,10)	(2,11)	(3,7)	(3,8)	(3,9)	(3,10)	(3,11)	(4,7)	(4,8)	(4,9)	(4,10)	(4,11)	(5,7)	(5,8)	(5,9)	(5,10)	(5,11)	(6,6)	(6,7)	(6,8)	(6,9)	(6,10)	(6,11)	(7,6)	(7,7)	(7,8)	(7,9)	(7,10)	(7,11)	(8,6)	(8,7)	(8,8)	(8,9)	(8,10)	(8,11)	(9,6)	(9,7)	(9,8)	(9,9)	(9,10)	(9,11)	(9,12)	(10,6)	(10,7)	(10,8)	(10,9)	(10,10)	(10,11)	(10,12)	(11,6)	(11,7)	(11,8)	(11,9)	(11,10)	(11,11)	(11,12)	(11,13)	(12,6)	(12,7)	(12,8)	(13,7)	(21,8)	(22,8)	(23,8)	(24,8)	
(6,6):(1,6)	(1,12)	(2,7)	(2,8)	(2,9)	(2,10)	(2,11)	(3,7)	(3,8)	(3,9)	(3,10)	(3,11)	(4,7)	(4,8)	(4,9)	(4,10)	(4,11)	(5,7)	(5,8)	(5,9)	(5,10)	(5,11)	(6,4)	(6,6)	(6,7)	(6,8)	(6,9)	(6,10)	(6,11)	(7,5)	(7,6)	(7,7)	(7,8)	(7,9)	(7,10)	(7,11)	(8,5)	(8,6)	(8,7)	(8,8)	(8,9)	(8,10)	(8,11)	(9,5)	(9,6)	(9,7)	(9,8)	(9,9)	(9,10)	(9,11)	(9,12)	(10,5)	(10,6)	(10,7)	(10,8)	(10,9)	(10,10)	(10,11)	(10,12)	(10,13)	(10,14)	(11,5)	(11,6)	(11,7)	(11,8)	(11,9)	(11,10)	(11,11)	(11,12)	(11,13)	(11,14)	(11,15)	(11,16)	(12,5)	(12,6)	(12,7)	(12,8)	(12,16)	(12,17)	(13,5)	(13,7)	(15,4)	(16,4)	(17,4)	(18,4)	(19,4)	(20,4)	
(6,4):(6,4)	(6,6)	(6,7)	(6,8)	(6,9)	(6,10)	(6,11)	(7,5)	(7,6)	(7,7)	(7,8)	(7,9)	(7,10)	(7,11)	(8,5)	(8,6)	(8,7)	(8,8)	(8,9)	(8,10)	(8,11)	(9,5)	(9,6)	(9,7)	(9,8)	(9,9)	(9,10)	(9,11)	(9,12)	(10,5)	(10,6)	(10,7)	(10,8)	(10,9)	(10,10)	(10,11)	(10,12)	(10,13)	(10,14)	(11,5)	(11,6)	(11,7)	(11,8)	(11,9)	(11,10)	(11,11)	(11,12)	(11,13)	(11,14)	(11,15)	(11,16)	(11,17)	(12,5)	(12,6)	(12,7)	(12,8)	(12,16)	(12,17)	(13,5)	(13,7)	(15,4)	(16,4)	(17,4)	(18,4)	(19,4)	(20,4)	(21,4)	(22,4)	(23,4)	(24,4)	(25,4)	(26,4)	(27,4)	(28,4)	(29,4)	(30,4)	(31,4)	(31,5)	(32,4)	(32,5)	
(15,4):(2,7)	(2,8)	(2,9)	(2,10)	(3,7)	(3,8)	(3,9)	(3,10)	(4,7)	(4,8)	(4,9)	(5,7)	(5,8)	(5,9)	(6,4)	(6,6)	(6,7)	(6,8)	(7,5)	(7,6)	(7,7)	(7,8)	(8,5)	(8,6)	(8,7)	(9,5)	(9,6)	(9,7)	(10,5)	(10,6)	(11,5)	(11,6)	(12,5)	(13,5)	(15,3)	(15,4)	(16,4)	(17,4)	(18,4)	(19,4)	(20,4)	(21,4)	(22,4)	(23,4)	(24,4)	(25,4)	(26,4)	(27,4)	(28,3)	(28,4)	(29,3)	(29,4)	(30,3)	(30,4)	(31,3)	(31,4)	(31,5)	(32,3)	(32,4)	(32,5)	
(15,3):(15,3)	(15,4)	(16,4)	(17,4)	(18,4)	(19,4)	(20,4)	(21,4)	(22,4)	(23,4)	(24,4)	(25,4)	(26,4)	(27,4)	(28,3)	(28,4)	(29,3)	(29,4)	(30,3)	(30,4)	(31,3)	(31,4)	(31,5)	(32,3)	(32,4)	(32,5)	
(28,3):(7,5)	(8,5)	(9,5)	(10,5)	(11,5)	(12,5)	(13,5)	(15,3)	(15,4)	(16,4)	(17,4)	(18,4)	(19,4)	(20,4)	(21,4)	(22,4)	(23,4)	(24,4)	(25,4)	(26,4)	(27,4)	(28,2)	(28,3)	(28,4)	(29,3)	(29,4)	(30,2)	(30,3)	(30,4)	(31,2)	(31,3)	(31,4)	(31,5)	(32,2)	(32,3)	(32,4)	(32,5)	(33,1)	
(28,2):(28,2)	(28,3)	(28,4)	(29,3)	(29,4)	(30,2)	(30,3)	(30,4)	(31,2)	(31,3)	(31,4)	(31,5)	(32,2)	(32,3)	(32,4)	(32,5)	(32,6)	
(30,2):(26,4)	(27,4)	(28,2)	(28,3)	(28,4)	(29,3)	(29,4)	(30,1)	(30,2)	(30,3)	(30,4)	(31,2)	(31,3)	(31,4)	(31,5)	(32,2)	(32,3)	(32,4)	(32,5)	(32,6)	(32,7)	(32,8)	(33,1)	
(30,1):20.000000
(33,1):44.333332
(33,17):31.333334
(34,17):4.000000
(34,19):5.000000
(32,19):20.000000
(32,13):31.500000
(31,13):24.000000
(31,5):73.083336
(13,5):123.769844
(13,7):87.000000
(25,7):47.653847
(25,9):38.000000
(29,9):44.436363
(29,20):33.666668
(27,20):35.222221
(27,22):13.181818
(26,22):31.000000
(26,11):51.708332
(24,11):58.267857
(24,27):46.529411
(23,27):52.264706
(23,29):30.736841
(20,29):17.666666
(20,26):33.029411
(4,26):30.611111
(4,28):39.166668
(18,28):36.333332
(18,32):18.000000
(11,32):14.900000
(11,33):6.000000
(10,33):8.500000
(10,34):6.000000
(8,34):8.500000
(8,31):15.000000
(16,31):16.900000
(16,30):36.333332
(2,30):39.250000
(2,24):11.500000
(3,24):6.000000
(3,25):32.137257
(22,25):69.253967
(22,10):58.375000
(21,10):16.000000
(21,8):53.700001
(12,8):116.166664
(12,16):102.000000
(19,16):47.000000
(19,23):26.500000
(17,23):14.000000
(17,21):31.000000
(14,21):25.000000
(14,18):55.500000
(5,18):44.166668
(5,15):35.666668
(7,15):42.707142
(7,14):31.342857
(9,14):65.888885
(9,12):101.119049
(1,12):81.565475
(1,6):78.175003
(6,6):105.449997
(6,4):85.496666
(15,4):74.308762
(15,3):36.250000
(28,3):53.484615
(28,2):17.000000
(30,2):28.000000
(30,1),(33,1):20.000000
(30,1),(33,17):17.333334
(30,1),(34,17):0.000000
(30,1),(34,19):0.000000
(30,1),(32,19):10.000000
(30,1),(32,13):17.000000
(30,1),(31,13):16.000000
(30,1),(31,5):20.000000
(30,1),(13,5):7.400000
(30,1),(13,7):0.000000
(30,1),(25,7):0.000000
(30,1),(25,9):0.000000
(30,1),(29,9):0.000000
(30,1),(29,20):0.000000
(30,1),(27,20):0.000000
(30,1),(27,22):0.000000
(30,1),(26,22):0.000000
(30,1),(26,11):0.000000
(30,1),(24,11):0.000000
(30,1),(24,27):0.000000
(30,1),(23,27):0.000000
(30,1),(23,29):0.000000
(30,1),(20,29):0.000000
(30,1),(20,26):0.000000
(30,1),(4,26):0.000000
(30,1),(4,28):0.000000
(30,1),(18,28):0.000000
(30,1),(18,32):0.000000
(30,1),(11,32):0.000000
(30,1),(11,33):0.000000
(30,1),(10,33):0.000000
(30,1),(10,34):0.000000
(30,1),(8,34):0.000000
(30,1),(8,31):0.000000
(30,1),(16,31):0.000000
(30,1),(16,30):0.000000
(30,1),(2,30):0.000000
(30,1),(2,24):0.000000
(30,1),(3,24):0.000000
(30,1),(3,25):0.000000
(30,1),(22,25):0.000000
(30,1),(22,10):0.000000
(30,1),(21,10):0.000000
(30,1),(21,8):0.000000
(30,1),(12,8):0.000000
(30,1),(12,16):0.000000
(30,1),(19,16):0.000000
(30,1),(19,23):0.000000
(30,1),(17,23):0.000000
(30,1),(17,21):0.000000
(30,1),(14,21):0.000000
(30,1),(14,18):0.000000
(30,1),(5,18):0.000000
(30,1),(5,15):0.000000
(30,1),(7,15):0.000000
(30,1),(7,14):0.000000
(30,1),(9,14):0.000000
(30,1),(9,12):0.000000
(30,1),(1,12):0.000000
(30,1),(1,6):0.000000
(30,1),(6,6):0.000000
(30,1),(6,4):3.080000
(30,1),(15,4):6.932693
(30,1),(15,3):6.250000
(30,1),(28,3):12.333333
(30,1),(28,2):11.000000
(30,1),(30,2):18.000000
(33,1),(33,17):29.333334
(33,1),(34,17):2.000000
(33,1),(34,19):3.000000
(33,1),(32,19):18.000000
(33,1),(32,13):31.000000
(33,1),(31,13):24.000000
(33,1),(31,5):42.083332
(33,1),(13,5):16.666666
(33,1),(13,7):0.000000
(33,1),(25,7):0.000000
(33,1),(25,9):0.000000
(33,1),(29,9):0.000000
(33,1),(29,20):0.000000
(33,1),(27,20):0.000000
(33,1),(27,22):0.000000
(33,1),(26,22):0.000000
(33,1),(26,11):0.000000
(33,1),(24,11):0.000000
(33,1),(24,27):0.000000
(33,1),(23,27):0.000000
(33,1),(23,29):0.000000
(33,1),(20,29):0.000000
(33,1),(20,26):0.000000
(33,1),(4,26):0.000000
(33,1),(4,28):0.000000
(33,1),(18,28):0.000000
(33,1),(18,32):0.000000
(33,1),(11,32):0.000000
(33,1),(11,33):0.000000
(33,1),(10,33):0.000000
(33,1),(10,34):0.000000
(33,1),(8,34):0.000000
(33,1),(8,31):0.000000
(33,1),(16,31):0.000000
(33,1),(16,30):0.000000
(33,1),(2,30):0.000000
(33,1),(2,24):0.000000
(33,1),(3,24):0.000000
(33,1),(3,25):0.000000
(33,1),(22,25):0.000000
(33,1),(22,10):0.000000
(33,1),(21,10):0.000000
(33,1),(21,8):0.000000
(33,1),(12,8):0.000000
(33,1),(12,16):0.000000
(33,1),(19,16):0.000000
(33,1),(19,23):0.000000
(33,1),(17,23):0.000000
(33,1),(17,21):0.000000
(33,1),(14,21):0.000000
(33,1),(14,18):0.000000
(33,1),(5,18):0.000000
(33,1),(5,15):0.000000
(33,1),(7,15):0.000000
(33,1),(7,14):0.000000
(33,1),(9,14):0.000000
(33,1),(9,12):0.000000
(33,1),(1,12):0.000000
(33,1),(1,6):0.000000
(33,1),(6,6):0.000000
(33,1),(6,4):8.830000
(33,1),(15,4):16.086538
(33,1),(15,3):15.250000
(33,1),(28,3):22.666666
(33,1),(28,2):16.333334
(33,1),(30,2):27.333334
(33,17),(34,17):4.000000
(33,17),(34,19):5.000000
(33,17),(32,19):20.000000
(33,17),(32,13):29.500000
(33,17),(31,13):22.000000
(33,17),(31,5):27.416666
(33,17),(13,5):5.536232
(33,17),(13,7):0.000000
(33,17),(25,7):0.000000
(33,17),(25,9):0.000000
(33,17),(29,9):0.000000
(33,17),(29,20):0.000000
(33,17),(27,20):0.000000
(33,17),(27,22):0.000000
(33,17),(26,22):0.000000
(33,17),(26,11):0.000000
(33,17),(24,11):0.000000
(33,17),(24,27):0.000000
(33,17),(23,27):0.000000
(33,17),(23,29):0.000000
(33,17),(20,29):0.000000
(33,17),(20,26):0.000000
(33,17),(4,26):0.000000
(33,17),(4,28):0.000000
(33,17),(18,28):0.000000
(33,17),(18,32):0.000000
(33,17),(11,32):0.000000
(33,17),(11,33):0.000000
(33,17),(10,33):0.000000
(33,17),(10,34):0.000000
(33,17),(8,34):0.000000
(33,17),(8,31):0.000000
(33,17),(16,31):0.000000
(33,17),(16,30):0.000000
(33,17),(2,30):0.000000
(33,17),(2,24):0.000000
(33,17),(3,24):0.000000
(33,17),(3,25):0.000000
(33,17),(22,25):0.000000
(33,17),(22,10):0.000000
(33,17),(21,10):0.000000
(33,17),(21,8):0.000000
(33,17),(12,8):0.000000
(33,17),(12,16):0.000000
(33,17),(19,16):0.000000
(33,17),(19,23):0.000000
(33,17),(17,23):0.000000
(33,17),(17,21):0.000000
(33,17),(14,21):0.000000
(33,17),(14,18):0.000000
(33,17),(5,18):0.000000
(33,17),(5,15):0.000000
(33,17),(7,15):0.000000
(33,17),(7,14):0.000000
(33,17),(9,14):0.000000
(33,17),(9,12):0.000000
(33,17),(1,12):0.000000
(33,17),(1,6):0.000000
(33,17),(6,6):0.000000
(33,17),(6,4):2.163333
(33,17),(15,4):5.149829
(33,17),(15,3):4.583333
(33,17),(28,3):10.025641
(33,17),(28,2):8.750000
(33,17),(30,2):15.333333
(34,17),(34,19):4.000000
(34,17),(32,19):4.000000
(34,17),(32,13):2.500000
(34,17),(31,13):0.000000
(34,17),(31,5):1.083333
(34,17),(13,5):0.000000
(34,17),(13,7):0.000000
(34,17),(25,7):0.000000
(34,17),(25,9):0.000000
(34,17),(29,9):0.000000
(34,17),(29,20):0.000000
(34,17),(27,20):0.000000
(34,17),(27,22):0.000000
(34,17),(26,22):0.000000
(34,17),(26,11):0.000000
(34,17),(24,11):0.000000
(34,17),(24,27):0.000000
(34,17),(23,27):0.000000
(34,17),(23,29):0.000000
(34,17),(20,29):0.000000
(34,17),(20,26):0.000000
(34,17),(4,26):0.000000
(34,17),(4,28):0.000000
(34,17),(18,28):0.000000
(34,17),(18,32):0.000000
(34,17),(11,32):0.000000
(34,17),(11,33):0.000000
(34,17),(10,33):0.000000
(34,17),(10,34):0.000000
(34,17),(8,34):0.000000
(34,17),(8,31):0.000000
(34,17),(16,31):0.000000
(34,17),(16,30):0.000000
(34,17),(2,30):0.000000
(34,17),(2,24):0.000000
(34,17),(3,24):0.000000
(34,17),(3,25):0.000000
(34,17),(22,25):0.000000
(34,17),(22,10):0.000000
(34,17),(21,10):0.000000
(34,17),(21,8):0.000000
(34,17),(12,8):0.000000
(34,17),(12,16):0.000000
(34,17),(19,16):0.000000
(34,17),(19,23):0.000000
(34,17),(17,23):0.000000
(34,17),(17,21):0.000000
(34,17),(14,21):0.000000
(34,17),(14,18):0.000000
(34,17),(5,18):0.000000
(34,17),(5,15):0.000000
(34,17),(7,15):0.000000
(34,17),(7,14):0.000000
(34,17),(9,14):0.000000
(34,17),(9,12):0.000000
(34,17),(1,12):0.000000
(34,17),(1,6):0.000000
(34,17),(6,6):0.000000
(34,17),(6,4):0.000000
(34,17),(15,4):0.000000
(34,17),(15,3):0.000000
(34,17),(28,3):0.000000
(34,17),(28,2):0.000000
(34,17),(30,2):0.000000
(34,19),(32,19):5.000000
(34,19),(32,13):3.500000
(34,19),(31,13):0.000000
(34,19),(31,5):1.416667
(34,19),(13,5):0.000000
(34,19),(13,7):0.000000
(34,19),(25,7):0.000000
(34,19),(25,9):0.000000
(34,19),(29,9):0.000000
(34,19),(29,20):0.000000
(34,19),(27,20):0.000000
(34,19),(27,22):0.000000
(34,19),(26,22):0.000000
(34,19),(26,11):0.000000
(34,19),(24,11):0.000000
(34,19),(24,27):0.000000
(34,19),(23,27):0.000000
(34,19),(23,29):0.000000
(34,19),(20,29):0.000000
(34,19),(20,26):0.000000
(34,19),(4,26):0.000000
(34,19),(4,28):0.000000
(34,19),(18,28):0.000000
(34,19),(18,32):0.000000
(34,19),(11,32):0.000000
(34,19),(11,33):0.000000
(34,19),(10,33):0.000000
(34,19),(10,34):0.000000
(34,19),(8,34):0.000000
(34,19),(8,31):0.000000
(34,19),(16,31):0.000000
(34,19),(16,30):0.000000
(34,19),(2,30):0.000000
(34,19),(2,24):0.000000
(34,19),(3,24):0.000000
(34,19),(3,25):0.000000
(34,19),(22,25):0.000000
(34,19),(22,10):0.000000
(34,19),(21,10):0.000000
(34,19),(21,8):0.000000
(34,19),(12,8):0.000000
(34,19),(12,16):0.000000
(34,19),(19,16):0.000000
(34,19),(19,23):0.000000
(34,19),(17,23):0.000000
(34,19),(17,21):0.000000
(34,19),(14,21):0.000000
(34,19),(14,18):0.000000
(34,19),(5,18):0.000000
(34,19),(5,15):0.000000
(34,19),(7,15):0.000000
(34,19),(7,14):0.000000
(34,19),(9,14):0.000000
(34,19),(9,12):0.000000
(34,19),(1,12):0.000000
(34,19),(1,6):0.000000
(34,19),(6,6):0.000000
(34,19),(6,4):0.000000
(34,19),(15,4):0.000000
(34,19),(15,3):0.000000
(34,19),(28,3):0.000000
(34,19),(28,2):0.000000
(34,19),(30,2):0.000000
(32,19),(32,13):18.500000
(32,19),(31,13):12.000000
(32,19),(31,5):16.083334
(32,19),(13,5):2.600000
(32,19),(13,7):0.000000
(32,19),(25,7):0.000000
(32,19),(25,9):0.000000
(32,19),(29,9):0.000000
(32,19),(29,20):0.000000
(32,19),(27,20):0.000000
(32,19),(27,22):0.000000
(32,19),(26,22):0.000000
(32,19),(26,11):0.000000
(32,19),(24,11):0.000000
(32,19),(24,27):0.000000
(32,19),(23,27):0.000000
(32,19),(23,29):0.000000
(32,19),(20,29):0.000000
(32,19),(20,26):0.000000
(32,19),(4,26):0.000000
(32,19),(4,28):0.000000
(32,19),(18,28):0.000000
(32,19),(18,32):0.000000
(32,19),(11,32):0.000000
(32,19),(11,33):0.000000
(32,19),(10,33):0.000000
(32,19),(10,34):0.000000
(32,19),(8,34):0.000000
(32,19),(8,31):0.000000
(32,19),(16,31):0.000000
(32,19),(16,30):0.000000
(32,19),(2,30):0.000000
(32,19),(2,24):0.000000
(32,19),(3,24):0.000000
(32,19),(3,25):0.000000
(32,19),(22,25):0.000000
(32,19),(22,10):0.000000
(32,19),(21,10):0.000000
(32,19),(21,8):0.000000
(32,19),(12,8):0.000000
(32,19),(12,16):0.000000
(32,19),(19,16):0.000000
(32,19),(19,23):0.000000
(32,19),(17,23):0.000000
(32,19),(17,21):0.000000
(32,19),(14,21):0.000000
(32,19),(14,18):0.000000
(32,19),(5,18):0.000000
(32,19),(5,15):0.000000
(32,19),(7,15):0.000000
(32,19),(7,14):0.000000
(32,19),(9,14):0.000000
(32,19),(9,12):0.000000
(32,19),(1,12):0.000000
(32,19),(1,6):0.000000
(32,19),(6,6):0.000000
(32,19),(6,4):1.060000
(32,19),(15,4):2.439904
(32,19),(15,3):2.187500
(32,19),(28,3):5.000000
(32,19),(28,2):4.500000
(32,19),(30,2):8.500000
(32,13),(31,13):24.000000
(32,13),(31,5):29.083334
(32,13),(13,5):5.420765
(32,13),(13,7):0.000000
(32,13),(25,7):0.000000
(32,13),(25,9):0.000000
(32,13),(29,9):0.000000
(32,13),(29,20):0.000000
(32,13),(27,20):0.000000
(32,13),(27,22):0.000000
(32,13),(26,22):0.000000
(32,13),(26,11):0.000000
(32,13),(24,11):0.000000
(32,13),(24,27):0.000000
(32,13),(23,27):0.000000
(32,13),(23,29):0.000000
(32,13),(20,29):0.000000
(32,13),(20,26):0.000000
(32,13),(4,26):0.000000
(32,13),(4,28):0.000000
(32,13),(18,28):0.000000
(32,13),(18,32):0.000000
(32,13),(11,32):0.000000
(32,13),(11,33):0.000000
(32,13),(10,33):0.000000
(32,13),(10,34):0.000000
(32,13),(8,34):0.000000
(32,13),(8,31):0.000000
(32,13),(16,31):0.000000
(32,13),(16,30):0.000000
(32,13),(2,30):0.000000
(32,13),(2,24):0.000000
(32,13),(3,24):0.000000
(32,13),(3,25):0.000000
(32,13),(22,25):0.000000
(32,13),(22,10):0.000000
(32,13),(21,10):0.000000
(32,13),(21,8):0.000000
(32,13),(12,8):0.000000
(32,13),(12,16):0.000000
(32,13),(19,16):0.000000
(32,13),(19,23):0.000000
(32,13),(17,23):0.000000
(32,13),(17,21):0.000000
(32,13),(14,21):0.000000
(32,13),(14,18):0.000000
(32,13),(5,18):0.000000
(32,13),(5,15):0.000000
(32,13),(7,15):0.000000
(32,13),(7,14):0.000000
(32,13),(9,14):0.000000
(32,13),(9,12):0.000000
(32,13),(1,12):0.000000
(32,13),(1,6):0.000000
(32,13),(6,6):0.000000
(32,13),(6,4):2.142500
(32,13),(15,4):5.048443
(32,13),(15,3):4.500000
(32,13),(28,3):9.803922
(32,13),(28,2):8.562500
(32,13),(30,2):15.000000
(31,13),(31,5):24.000000
(31,13),(13,5):5.066667
(31,13),(13,7):0.000000
(31,13),(25,7):0.000000
(31,13),(25,9):0.000000
(31,13),(29,9):0.000000
(31,13),(29,20):0.000000
(31,13),(27,20):0.000000
(31,13),(27,22):0.000000
(31,13),(26,22):0.000000
(31,13),(26,11):0.000000
(31,13),(24,11):0.000000
(31,13),(24,27):0.000000
(31,13),(23,27):0.000000
(31,13),(23,29):0.000000
(31,13),(20,29):0.000000
(31,13),(20,26):0.000000
(31,13),(4,26):0.000000
(31,13),(4,28):0.000000
(31,13),(18,28):0.000000
(31,13),(18,32):0.000000
(31,13),(11,32):0.000000
(31,13),(11,33):0.000000
(31,13),(10,33):0.000000
(31,13),(10,34):0.000000
(31,13),(8,34):0.000000
(31,13),(8,31):0.000000
(31,13),(16,31):0.000000
(31,13),(16,30):0.000000
(31,13),(2,30):0.000000
(31,13),(2,24):0.000000
(31,13),(3,24):0.000000
(31,13),(3,25):0.000000
(31,13),(22,25):0.000000
(31,13),(22,10):0.000000
(31,13),(21,10):0.000000
(31,13),(21,8):0.000000
(31,13),(12,8):0.000000
(31,13),(12,16):0.000000
(31,13),(19,16):0.000000
(31,13),(19,23):0.000000
(31,13),(17,23):0.000000
(31,13),(17,21):0.000000
(31,13),(14,21):0.000000
(31,13),(14,18):0.000000
(31,13),(5,18):0.000000
(31,13),(5,15):0.000000
(31,13),(7,15):0.000000
(31,13),(7,14):0.000000
(31,13),(9,14):0.000000
(31,13),(9,12):0.000000
(31,13),(1,12):0.000000
(31,13),(1,6):0.000000
(31,13),(6,6):0.000000
(31,13),(6,4):2.080000
(31,13),(15,4):4.740385
(31,13),(15,3):4.250000
(31,13),(28,3):9.083333
(31,13),(28,2):8.000000
(31,13),(30,2):14.000000
(31,5),(13,5):45.666668
(31,5),(13,7):7.000000
(31,5),(25,7):0.000000
(31,5),(25,9):0.000000
(31,5),(29,9):0.000000
(31,5),(29,20):0.000000
(31,5),(27,20):0.000000
(31,5),(27,22):0.000000
(31,5),(26,22):0.000000
(31,5),(26,11):0.000000
(31,5),(24,11):0.000000
(31,5),(24,27):0.000000
(31,5),(23,27):0.000000
(31,5),(23,29):0.000000
(31,5),(20,29):0.000000
(31,5),(20,26):0.000000
(31,5),(4,26):0.000000
(31,5),(4,28):0.000000
(31,5),(18,28):0.000000
(31,5),(18,32):0.000000
(31,5),(11,32):0.000000
(31,5),(11,33):0.000000
(31,5),(10,33):0.000000
(31,5),(10,34):0.000000
(31,5),(8,34):0.000000
(31,5),(8,31):0.000000
(31,5),(16,31):0.000000
(31,5),(16,30):0.000000
(31,5),(2,30):0.000000
(31,5),(2,24):0.000000
(31,5),(3,24):0.000000
(31,5),(3,25):0.000000
(31,5),(22,25):0.000000
(31,5),(22,10):0.000000
(31,5),(21,10):0.000000
(31,5),(21,8):0.000000
(31,5),(12,8):7.166667
(31,5),(12,16):6.000000
(31,5),(19,16):0.000000
(31,5),(19,23):0.000000
(31,5),(17,23):0.000000
(31,5),(17,21):0.000000
(31,5),(14,21):0.000000
(31,5),(14,18):0.000000
(31,5),(5,18):0.000000
(31,5),(5,15):0.000000
(31,5),(7,15):0.000000
(31,5),(7,14):0.000000
(31,5),(9,14):4.222222
(31,5),(9,12):7.285714
(31,5),(1,12):6.607143
(31,5),(1,6):0.000000
(31,5),(6,6):16.750000
(31,5),(6,4):27.080000
(31,5),(15,4):46.086540
(31,5),(15,3):36.250000
(31,5),(28,3):50.217949
(31,5),(28,2):17.000000
(31,5),(30,2):28.000000
(13,5),(13,7):72.214287
(13,5),(25,7):16.653847
(13,5),(25,9):0.000000
(13,5),(29,9):0.000000
(13,5),(29,20):0.000000
(13,5),(27,20):0.000000
(13,5),(27,22):0.000000
(13,5),(26,22):0.000000
(13,5),(26,11):0.000000
(13,5),(24,11):0.000000
(13,5),(24,27):0.000000
(13,5),(23,27):0.000000
(13,5),(23,29):0.000000
(13,5),(20,29):0.000000
(13,5),(20,26):0.000000
(13,5),(4,26):0.000000
(13,5),(4,28):0.000000
(13,5),(18,28):0.000000
(13,5),(18,32):0.000000
(13,5),(11,32):0.000000
(13,5),(11,33):0.000000
(13,5),(10,33):0.000000
(13,5),(10,34):0.000000
(13,5),(8,34):0.000000
(13,5),(8,31):0.000000
(13,5),(16,31):0.000000
(13,5),(16,30):0.000000
(13,5),(2,30):0.000000
(13,5),(2,24):0.000000
(13,5),(3,24):0.000000
(13,5),(3,25):0.000000
(13,5),(22,25):0.000000
(13,5),(22,10):0.000000
(13,5),(21,10):0.000000
(13,5),(21,8):18.247620
(13,5),(12,8):85.269844
(13,5),(12,16):48.243729
(13,5),(19,16):2.666667
(13,5),(19,23):0.000000
(13,5),(17,23):0.000000
(13,5),(17,21):0.000000
(13,5),(14,21):0.000000
(13,5),(14,18):5.388889
(13,5),(5,18):5.638889
(13,5),(5,15):3.833333
(13,5),(7,15):5.188889
(13,5),(7,14):4.888889
(13,5),(9,14):32.111111
(13,5),(9,12):81.333336
(13,5),(1,12):76.556274
(13,5),(1,6):64.380951
(13,5),(6,6):88.964287
(13,5),(6,4):71.294121
(13,5),(15,4):73.183762
(13,5),(15,3):35.000000
(13,5),(28,3):45.817947
(13,5),(28,2):11.666667
(13,5),(30,2):15.666667
(13,7),(25,7):29.653847
(13,7),(25,9):7.000000
(13,7),(29,9):0.000000
(13,7),(29,20):0.000000
(13,7),(27,20):0.000000
(13,7),(27,22):0.000000
(13,7),(26,22):0.000000
(13,7),(26,11):4.900000
(13,7),(24,11):5.500000
(13,7),(24,27):2.819524
(13,7),(23,27):2.946877
(13,7),(23,29):1.331213
(13,7),(20,29):0.000000
(13,7),(20,26):0.000000
(13,7),(4,26):0.000000
(13,7),(4,28):0.000000
(13,7),(18,28):0.000000
(13,7),(18,32):0.000000
(13,7),(11,32):0.000000
(13,7),(11,33):0.000000
(13,7),(10,33):0.000000
(13,7),(10,34):0.000000
(13,7),(8,34):0.000000
(13,7),(8,31):0.000000
(13,7),(16,31):0.000000
(13,7),(16,30):0.000000
(13,7),(2,30):0.000000
(13,7),(2,24):0.000000
(13,7),(3,24):0.000000
(13,7),(3,25):0.000000
(13,7),(22,25):3.159305
(13,7),(22,10):5.250000
(13,7),(21,10):5.000000
(13,7),(21,8):33.000000
(13,7),(12,8):86.000000
(13,7),(12,16):35.785713
(13,7),(19,16):0.000000
(13,7),(19,23):0.000000
(13,7),(17,23):0.000000
(13,7),(17,21):0.000000
(13,7),(14,21):0.000000
(13,7),(14,18):0.000000
(13,7),(5,18):0.000000
(13,7),(5,15):0.000000
(13,7),(7,15):0.000000
(13,7),(7,14):0.000000
(13,7),(9,14):19.500000
(13,7),(9,12):73.333336
(13,7),(1,12):72.708336
(13,7),(1,6):66.800003
(13,7),(6,6):77.500000
(13,7),(6,4):45.166668
(13,7),(15,4):35.222221
(13,7),(15,3):0.000000
(13,7),(28,3):7.305128
(13,7),(28,2):0.000000
(13,7),(30,2):0.000000
(25,7),(25,9):21.000000
(25,7),(29,9):7.800000
(25,7),(29,20):0.000000
(25,7),(27,20):0.000000
(25,7),(27,22):0.000000
(25,7),(26,22):0.000000
(25,7),(26,11):14.708333
(25,7),(24,11):23.250000
(25,7),(24,27):16.529411
(25,7),(23,27):16.764706
(25,7),(23,29):10.236842
(25,7),(20,29):0.000000
(25,7),(20,26):0.000000
(25,7),(4,26):0.000000
(25,7),(4,28):0.000000
(25,7),(18,28):0.000000
(25,7),(18,32):0.000000
(25,7),(11,32):0.000000
(25,7),(11,33):0.000000
(25,7),(10,33):0.000000
(25,7),(10,34):0.000000
(25,7),(8,34):0.000000
(25,7),(8,31):0.000000
(25,7),(16,31):0.000000
(25,7),(16,30):0.000000
(25,7),(2,30):0.000000
(25,7),(2,24):0.000000
(25,7),(3,24):0.000000
(25,7),(3,25):0.000000
(25,7),(22,25):17.142857
(25,7),(22,10):23.250000
(25,7),(21,10):12.000000
(25,7),(21,8):36.250000
(25,7),(12,8):28.653847
(25,7),(12,16):7.684091
(25,7),(19,16):0.000000
(25,7),(19,23):0.000000
(25,7),(17,23):0.000000
(25,7),(17,21):0.000000
(25,7),(14,21):0.000000
(25,7),(14,18):0.000000
(25,7),(5,18):0.000000
(25,7),(5,15):0.000000
(25,7),(7,15):0.000000
(25,7),(7,14):0.000000
(25,7),(9,14):3.596154
(25,7),(9,12):16.028847
(25,7),(1,12):17.028847
(25,7),(1,6):23.453846
(25,7),(6,6):20.153847
(25,7),(6,4):9.551282
(25,7),(15,4):10.489705
(25,7),(15,3):0.000000
(25,7),(28,3):0.000000
(25,7),(28,2):0.000000
(25,7),(30,2):0.000000
(25,9),(29,9):24.799999
(25,9),(29,20):15.666667
(25,9),(27,20):15.222222
(25,9),(27,22):3.181818
(25,9),(26,22):14.875000
(25,9),(26,11):31.708334
(25,9),(24,11):27.250000
(25,9),(24,27):12.529411
(25,9),(23,27):12.764706
(25,9),(23,29):7.236842
(25,9),(20,29):0.000000
(25,9),(20,26):0.000000
(25,9),(4,26):0.000000
(25,9),(4,28):0.000000
(25,9),(18,28):0.000000
(25,9),(18,32):0.000000
(25,9),(11,32):0.000000
(25,9),(11,33):0.000000
(25,9),(10,33):0.000000
(25,9),(10,34):0.000000
(25,9),(8,34):0.000000
(25,9),(8,31):0.000000
(25,9),(16,31):0.000000
(25,9),(16,30):0.000000
(25,9),(2,30):0.000000
(25,9),(2,24):0.000000
(25,9),(3,24):0.000000
(25,9),(3,25):0.000000
(25,9),(22,25):13.142858
(25,9),(22,10):28.375000
(25,9),(21,10):16.000000
(25,9),(21,8):26.575001
(25,9),(12,8):6.000000
(25,9),(12,16):0.000000
(25,9),(19,16):0.000000
(25,9),(19,23):0.000000
(25,9),(17,23):0.000000
(25,9),(17,21):0.000000
(25,9),(14,21):0.000000
(25,9),(14,18):0.000000
(25,9),(5,18):0.000000
(25,9),(5,15):0.000000
(25,9),(7,15):0.000000
(25,9),(7,14):0.000000
(25,9),(9,14):0.000000
(25,9),(9,12):0.000000
(25,9),(1,12):0.000000
(25,9),(1,6):1.800000
(25,9),(6,6):0.000000
(25,9),(6,4):0.000000
(25,9),(15,4):0.000000
(25,9),(15,3):0.000000
(25,9),(28,3):0.000000
(25,9),(28,2):0.000000
(25,9),(30,2):0.000000
(29,9),(29,20):33.666668
(29,9),(27,20):34.858585
(29,9),(27,22):12.818182
(29,9),(26,22):30.636364
(29,9),(26,11):43.511364
(29,9),(24,11):15.550000
(29,9),(24,27):4.858823
(29,9),(23,27):4.954412
(29,9),(23,29):2.626316
(29,9),(20,29):0.000000
(29,9),(20,26):0.000000
(29,9),(4,26):0.000000
(29,9),(4,28):0.000000
(29,9),(18,28):0.000000
(29,9),(18,32):0.000000
(29,9),(11,32):0.000000
(29,9),(11,33):0.000000
(29,9),(10,33):0.000000
(29,9),(10,34):0.000000
(29,9),(8,34):0.000000
(29,9),(8,31):0.000000
(29,9),(16,31):0.000000
(29,9),(16,30):0.000000
(29,9),(2,30):0.000000
(29,9),(2,24):0.000000
(29,9),(3,24):0.000000
(29,9),(3,25):0.000000
(29,9),(22,25):5.085714
(29,9),(22,10):16.924999
(29,9),(21,10):8.000000
(29,9),(21,8):15.825000
(29,9),(12,8):0.000000
(29,9),(12,16):0.000000
(29,9),(19,16):0.000000
(29,9),(19,23):0.000000
(29,9),(17,23):0.000000
(29,9),(17,21):0.000000
(29,9),(14,21):0.000000
(29,9),(14,18):0.000000
(29,9),(5,18):0.000000
(29,9),(5,15):0.000000
(29,9),(7,15):0.000000
(29,9),(7,14):0.000000
(29,9),(9,14):0.000000
(29,9),(9,12):0.000000
(29,9),(1,12):0.000000
(29,9),(1,6):0.000000
(29,9),(6,6):0.000000
(29,9),(6,4):0.000000
(29,9),(15,4):0.000000
(29,9),(15,3):0.000000
(29,9),(28,3):0.000000
(29,9),(28,2):0.000000
(29,9),(30,2):0.000000
(29,20),(27,20):33.222221
(29,20),(27,22):11.181818
(29,20),(26,22):29.000000
(29,20),(26,11):33.666668
(29,20),(24,11):6.666667
(29,20),(24,27):0.000000
(29,20),(23,27):0.000000
(29,20),(23,29):0.000000
(29,20),(20,29):0.000000
(29,20),(20,26):0.000000
(29,20),(4,26):0.000000
(29,20),(4,28):0.000000
(29,20),(18,28):0.000000
(29,20),(18,32):0.000000
(29,20),(11,32):0.000000
(29,20),(11,33):0.000000
(29,20),(10,33):0.000000
(29,20),(10,34):0.000000
(29,20),(8,34):0.000000
(29,20),(8,31):0.000000
(29,20),(16,31):0.000000
(29,20),(16,30):0.000000
(29,20),(2,30):0.000000
(29,20),(2,24):0.000000
(29,20),(3,24):0.000000
(29,20),(3,25):0.000000
(29,20),(22,25):0.000000
(29,20),(22,10):7.791667
(29,20),(21,10):3.500000
(29,20),(21,8):7.381818
(29,20),(12,8):0.000000
(29,20),(12,16):0.000000
(29,20),(19,16):0.000000
(29,20),(19,23):0.000000
(29,20),(17,23):0.000000
(29,20),(17,21):0.000000
(29,20),(14,21):0.000000
(29,20),(14,18):0.000000
(29,20),(5,18):0.000000
(29,20),(5,15):0.000000
(29,20),(7,15):0.000000
(29,20),(7,14):0.000000
(29,20),(9,14):0.000000
(29,20),(9,12):0.000000
(29,20),(1,12):0.000000
(29,20),(1,6):0.000000
(29,20),(6,6):0.000000
(29,20),(6,4):0.000000
(29,20),(15,4):0.000000
(29,20),(15,3):0.000000
(29,20),(28,3):0.000000
(29,20),(28,2):0.000000
(29,20),(30,2):0.000000
(27,20),(27,22):13.181818
(27,20),(26,22):31.000000
(27,20),(26,11):35.222221
(27,20),(24,11):6.222222
(27,20),(24,27):0.000000
(27,20),(23,27):0.000000
(27,20),(23,29):0.000000
(27,20),(20,29):0.000000
(27,20),(20,26):0.000000
(27,20),(4,26):0.000000
(27,20),(4,28):0.000000
(27,20),(18,28):0.000000
(27,20),(18,32):0.000000
(27,20),(11,32):0.000000
(27,20),(11,33):0.000000
(27,20),(10,33):0.000000
(27,20),(10,34):0.000000
(27,20),(8,34):0.000000
(27,20),(8,31):0.000000
(27,20),(16,31):0.000000
(27,20),(16,30):0.000000
(27,20),(2,30):0.000000
(27,20),(2,24):0.000000
(27,20),(3,24):0.000000
(27,20),(3,25):0.000000
(27,20),(22,25):0.000000
(27,20),(22,10):7.347222
(27,20),(21,10):3.166667
(27,20),(21,8):7.000000
(27,20),(12,8):0.000000
(27,20),(12,16):0.000000
(27,20),(19,16):0.000000
(27,20),(19,23):0.000000
(27,20),(17,23):0.000000
(27,20),(17,21):0.000000
(27,20),(14,21):0.000000
(27,20),(14,18):0.000000
(27,20),(5,18):0.000000
(27,20),(5,15):0.000000
(27,20),(7,15):0.000000
(27,20),(7,14):0.000000
(27,20),(9,14):0.000000
(27,20),(9,12):0.000000
(27,20),(1,12):0.000000
(27,20),(1,6):0.000000
(27,20),(6,6):0.000000
(27,20),(6,4):0.000000
(27,20),(15,4):0.000000
(27,20),(15,3):0.000000
(27,20),(28,3):0.000000
(27,20),(28,2):0.000000
(27,20),(30,2):0.000000
(27,22),(26,22):13.000000
(27,22),(26,11):13.181818
(27,22),(24,11):2.181818
(27,22),(24,27):0.000000
(27,22),(23,27):0.000000
(27,22),(23,29):0.000000
(27,22),(20,29):0.000000
(27,22),(20,26):0.000000
(27,22),(4,26):0.000000
(27,22),(4,28):0.000000
(27,22),(18,28):0.000000
(27,22),(18,32):0.000000
(27,22),(11,32):0.000000
(27,22),(11,33):0.000000
(27,22),(10,33):0.000000
(27,22),(10,34):0.000000
(27,22),(8,34):0.000000
(27,22),(8,31):0.000000
(27,22),(16,31):0.000000
(27,22),(16,30):0.000000
(27,22),(2,30):0.000000
(27,22),(2,24):0.000000
(27,22),(3,24):0.000000
(27,22),(3,25):0.000000
(27,22),(22,25):0.000000
(27,22),(22,10):2.306818
(27,22),(21,10):1.136364
(27,22),(21,8):2.067442
(27,22),(12,8):0.000000
(27,22),(12,16):0.000000
(27,22),(19,16):0.000000
(27,22),(19,23):0.000000
(27,22),(17,23):0.000000
(27,22),(17,21):0.000000
(27,22),(14,21):0.000000
(27,22),(14,18):0.000000
(27,22),(5,18):0.000000
(27,22),(5,15):0.000000
(27,22),(7,15):0.000000
(27,22),(7,14):0.000000
(27,22),(9,14):0.000000
(27,22),(9,12):0.000000
(27,22),(1,12):0.000000
(27,22),(1,6):0.000000
(27,22),(6,6):0.000000
(27,22),(6,4):0.000000
(27,22),(15,4):0.000000
(27,22),(15,3):0.000000
(27,22),(28,3):0.000000
(27,22),(28,2):0.000000
(27,22),(30,2):0.000000
(26,22),(26,11):31.000000
(26,22),(24,11):6.000000
(26,22),(24,27):0.000000
(26,22),(23,27):0.000000
(26,22),(23,29):0.000000
(26,22),(20,29):0.000000
(26,22),(20,26):0.000000
(26,22),(4,26):0.000000
(26,22),(4,28):0.000000
(26,22),(18,28):0.000000
(26,22),(18,32):0.000000
(26,22),(11,32):0.000000
(26,22),(11,33):0.000000
(26,22),(10,33):0.000000
(26,22),(10,34):0.000000
(26,22),(8,34):0.000000
(26,22),(8,31):0.000000
(26,22),(16,31):0.000000
(26,22),(16,30):0.000000
(26,22),(2,30):0.000000
(26,22),(2,24):0.000000
(26,22),(3,24):0.000000
(26,22),(3,25):0.000000
(26,22),(22,25):0.000000
(26,22),(22,10):7.125000
(26,22),(21,10):3.000000
(26,22),(21,8):6.825000
(26,22),(12,8):0.000000
(26,22),(12,16):0.000000
(26,22),(19,16):0.000000
(26,22),(19,23):0.000000
(26,22),(17,23):0.000000
(26,22),(17,21):0.000000
(26,22),(14,21):0.000000
(26,22),(14,18):0.000000
(26,22),(5,18):0.000000
(26,22),(5,15):0.000000
(26,22),(7,15):0.000000
(26,22),(7,14):0.000000
(26,22),(9,14):0.000000
(26,22),(9,12):0.000000
(26,22),(1,12):0.000000
(26,22),(1,6):0.000000
(26,22),(6,6):0.000000
(26,22),(6,4):0.000000
(26,22),(15,4):0.000000
(26,22),(15,3):0.000000
(26,22),(28,3):0.000000
(26,22),(28,2):0.000000
(26,22),(30,2):0.000000
(26,11),(24,11):22.250000
(26,11),(24,27):8.529411
(26,11),(23,27):8.709150
(26,11),(23,29):4.236842
(26,11),(20,29):0.000000
(26,11),(20,26):0.000000
(26,11),(4,26):0.000000
(26,11),(4,28):0.000000
(26,11),(18,28):0.000000
(26,11),(18,32):0.000000
(26,11),(11,32):0.000000
(26,11),(11,33):0.000000
(26,11),(10,33):0.000000
(26,11),(10,34):0.000000
(26,11),(8,34):0.000000
(26,11),(8,31):0.000000
(26,11),(16,31):0.000000
(26,11),(16,30):0.000000
(26,11),(2,30):0.000000
(26,11),(2,24):0.000000
(26,11),(3,24):0.000000
(26,11),(3,25):0.000000
(26,11),(22,25):8.888889
(26,11),(22,10):23.250000
(26,11),(21,10):14.875000
(26,11),(21,8):23.158333
(26,11),(12,8):4.083333
(26,11),(12,16):0.000000
(26,11),(19,16):0.000000
(26,11),(19,23):0.000000
(26,11),(17,23):0.000000
(26,11),(17,21):0.000000
(26,11),(14,21):0.000000
(26,11),(14,18):0.000000
(26,11),(5,18):0.000000
(26,11),(5,15):0.000000
(26,11),(7,15):0.000000
(26,11),(7,14):0.000000
(26,11),(9,14):0.000000
(26,11),(9,12):0.000000
(26,11),(1,12):0.000000
(26,11),(1,6):1.408061
(26,11),(6,6):0.000000
(26,11),(6,4):0.000000
(26,11),(15,4):0.000000
(26,11),(15,3):0.000000
(26,11),(28,3):0.000000
(26,11),(28,2):0.000000
(26,11),(30,2):0.000000
(24,11),(24,27):40.815125
(24,11),(23,27):43.782562
(24,11),(23,29):23.254700
(24,11),(20,29):10.684524
(24,11),(20,26):8.017858
(24,11),(4,26):2.182540
(24,11),(4,28):0.000000
(24,11),(18,28):0.000000
(24,11),(18,32):0.000000
(24,11),(11,32):0.000000
(24,11),(11,33):0.000000
(24,11),(10,33):0.000000
(24,11),(10,34):0.000000
(24,11),(8,34):0.000000
(24,11),(8,31):0.000000
(24,11),(16,31):0.000000
(24,11),(16,30):0.000000
(24,11),(2,30):0.000000
(24,11),(2,24):0.000000
(24,11),(3,24):0.000000
(24,11),(3,25):2.441422
(24,11),(22,25):44.160713
(24,11),(22,10):56.875000
(24,11),(21,10):15.750000
(24,11),(21,8):23.250000
(24,11),(12,8):4.500000
(24,11),(12,16):0.000000
(24,11),(19,16):0.000000
(24,11),(19,23):0.000000
(24,11),(17,23):0.000000
(24,11),(17,21):0.000000
(24,11),(14,21):0.000000
(24,11),(14,18):0.000000
(24,11),(5,18):0.000000
(24,11),(5,15):0.000000
(24,11),(7,15):0.000000
(24,11),(7,14):0.000000
(24,11),(9,14):0.000000
(24,11),(9,12):0.000000
(24,11),(1,12):0.000000
(24,11),(1,6):1.527273
(24,11),(6,6):0.000000
(24,11),(6,4):0.000000
(24,11),(15,4):0.000000
(24,11),(15,3):0.000000
(24,11),(28,3):0.000000
(24,11),(28,2):0.000000
(24,11),(30,2):0.000000
(24,27),(23,27):45.764706
(24,27),(23,29):24.736841
(24,27),(20,29):11.666667
(24,27),(20,26):11.000000
(24,27),(4,26):6.111111
(24,27),(4,28):0.000000
(24,27),(18,28):0.000000
(24,27),(18,32):0.000000
(24,27),(11,32):0.000000
(24,27),(11,33):0.000000
(24,27),(10,33):0.000000
(24,27),(10,34):0.000000
(24,27),(8,34):0.000000
(24,27),(8,31):0.000000
(24,27),(16,31):0.000000
(24,27),(16,30):0.000000
(24,27),(2,30):0.000000
(24,27),(2,24):0.000000
(24,27),(3,24):0.000000
(24,27),(3,25):6.470588
(24,27),(22,25):46.000000
(24,27),(22,10):40.529411
(24,27),(21,10):6.529412
(24,27),(21,8):10.529411
(24,27),(12,8):2.294118
(24,27),(12,16):0.000000
(24,27),(19,16):0.000000
(24,27),(19,23):0.000000
(24,27),(17,23):0.000000
(24,27),(17,21):0.000000
(24,27),(14,21):0.000000
(24,27),(14,18):0.000000
(24,27),(5,18):0.000000
(24,27),(5,15):0.000000
(24,27),(7,15):0.000000
(24,27),(7,14):0.000000
(24,27),(9,14):0.000000
(24,27),(9,12):0.000000
(24,27),(1,12):0.000000
(24,27),(1,6):0.819195
(24,27),(6,6):0.000000
(24,27),(6,4):0.000000
(24,27),(15,4):0.000000
(24,27),(15,3):0.000000
(24,27),(28,3):0.000000
(24,27),(28,2):0.000000
(24,27),(30,2):0.000000
(23,27),(23,29):30.736841
(23,27),(20,29):17.666666
(23,27),(20,26):16.500000
(23,27),(4,26):5.611111
(23,27),(4,28):0.000000
(23,27),(18,28):0.000000
(23,27),(18,32):0.000000
(23,27),(11,32):0.000000
(23,27),(11,33):0.000000
(23,27),(10,33):0.000000
(23,27),(10,34):0.000000
(23,27),(8,34):0.000000
(23,27),(8,31):0.000000
(23,27),(16,31):0.000000
(23,27),(16,30):0.000000
(23,27),(2,30):0.000000
(23,27),(2,24):0.000000
(23,27),(3,24):0.000000
(23,27),(3,25):5.970588
(23,27),(22,25):52.000000
(23,27),(22,10):42.764706
(23,27),(21,10):6.733456
(23,27),(21,8):10.764706
(23,27),(12,8):2.365809
(23,27),(12,16):0.000000
(23,27),(19,16):0.000000
(23,27),(19,23):0.000000
(23,27),(17,23):0.000000
(23,27),(17,21):0.000000
(23,27),(14,21):0.000000
(23,27),(14,18):0.000000
(23,27),(5,18):0.000000
(23,27),(5,15):0.000000
(23,27),(7,15):0.000000
(23,27),(7,14):0.000000
(23,27),(9,14):0.000000
(23,27),(9,12):0.000000
(23,27),(1,12):0.000000
(23,27),(1,6):0.845314
(23,27),(6,6):0.000000
(23,27),(6,4):0.000000
(23,27),(15,4):0.000000
(23,27),(15,3):0.000000
(23,27),(28,3):0.000000
(23,27),(28,2):0.000000
(23,27),(30,2):0.000000
(23,29),(20,29):13.000000
(23,29),(20,26):12.750000
(23,29),(4,26):3.527778
(23,29),(4,28):0.000000
(23,29),(18,28):0.000000
(23,29),(18,32):0.000000
(23,29),(11,32):0.000000
(23,29),(11,33):0.000000
(23,29),(10,33):0.000000
(23,29),(10,34):0.000000
(23,29),(8,34):0.000000
(23,29),(8,31):0.000000
(23,29),(16,31):0.000000
(23,29),(16,30):0.000000
(23,29),(2,30):0.000000
(23,29),(2,24):0.000000
(23,29),(3,24):0.000000
(23,29),(3,25):3.764706
(23,29),(22,25):30.500000
(23,29),(22,10):22.236841
(23,29),(21,10):3.236842
(23,29),(21,8):4.236842
(23,29),(12,8):1.131579
(23,29),(12,16):0.000000
(23,29),(19,16):0.000000
(23,29),(19,23):0.000000
(23,29),(17,23):0.000000
(23,29),(17,21):0.000000
(23,29),(14,21):0.000000
(23,29),(14,18):0.000000
(23,29),(5,18):0.000000
(23,29),(5,15):0.000000
(23,29),(7,15):0.000000
(23,29),(7,14):0.000000
(23,29),(9,14):0.000000
(23,29),(9,12):0.000000
(23,29),(1,12):0.000000
(23,29),(1,6):0.396641
(23,29),(6,6):0.000000
(23,29),(6,4):0.000000
(23,29),(15,4):0.000000
(23,29),(15,3):0.000000
(23,29),(28,3):0.000000
(23,29),(28,2):0.000000
(23,29),(30,2):0.000000
(20,29),(20,26):14.666667
(20,29),(4,26):4.111111
(20,29),(4,28):0.000000
(20,29),(18,28):0.000000
(20,29),(18,32):0.000000
(20,29),(11,32):0.000000
(20,29),(11,33):0.000000
(20,29),(10,33):0.000000
(20,29),(10,34):0.000000
(20,29),(8,34):0.000000
(20,29),(8,31):0.000000
(20,29),(16,31):0.000000
(20,29),(16,30):0.000000
(20,29),(2,30):0.000000
(20,29),(2,24):0.000000
(20,29),(3,24):0.000000
(20,29),(3,25):4.470588
(20,29),(22,25):17.666666
(20,29),(22,10):9.666667
(20,29),(21,10):0.000000
(20,29),(21,8):0.000000
(20,29),(12,8):0.000000
(20,29),(12,16):0.000000
(20,29),(19,16):0.000000
(20,29),(19,23):0.000000
(20,29),(17,23):0.000000
(20,29),(17,21):0.000000
(20,29),(14,21):0.000000
(20,29),(14,18):0.000000
(20,29),(5,18):0.000000
(20,29),(5,15):0.000000
(20,29),(7,15):0.000000
(20,29),(7,14):0.000000
(20,29),(9,14):0.000000
(20,29),(9,12):0.000000
(20,29),(1,12):0.000000
(20,29),(1,6):0.000000
(20,29),(6,6):0.000000
(20,29),(6,4):0.000000
(20,29),(15,4):0.000000
(20,29),(15,3):0.000000
(20,29),(28,3):0.000000
(20,29),(28,2):0.000000
(20,29),(30,2):0.000000
(20,26),(4,26):22.140522
(20,26),(4,28):2.029412
(20,26),(18,28):0.000000
(20,26),(18,32):0.000000
(20,26),(11,32):0.000000
(20,26),(11,33):0.000000
(20,26),(10,33):0.000000
(20,26),(10,34):0.000000
(20,26),(8,34):0.000000
(20,26),(8,31):0.000000
(20,26),(16,31):0.000000
(20,26),(16,30):0.000000
(20,26),(2,30):2.279412
(20,26),(2,24):1.529412
(20,26),(3,24):1.029412
(20,26),(3,25):22.500000
(20,26),(22,25):33.000000
(20,26),(22,10):7.000000
(20,26),(21,10):0.000000
(20,26),(21,8):0.000000
(20,26),(12,8):0.000000
(20,26),(12,16):0.000000
(20,26),(19,16):0.000000
(20,26),(19,23):0.000000
(20,26),(17,23):0.000000
(20,26),(17,21):0.000000
(20,26),(14,21):0.000000
(20,26),(14,18):0.000000
(20,26),(5,18):0.000000
(20,26),(5,15):0.000000
(20,26),(7,15):0.000000
(20,26),(7,14):0.000000
(20,26),(9,14):0.000000
(20,26),(9,12):0.000000
(20,26),(1,12):0.000000
(20,26),(1,6):0.000000
(20,26),(6,6):0.000000
(20,26),(6,4):0.000000
(20,26),(15,4):0.000000
(20,26),(15,3):0.000000
(20,26),(28,3):0.000000
(20,26),(28,2):0.000000
(20,26),(30,2):0.000000
(4,26),(4,28):10.500000
(4,26),(18,28):4.000000
(4,26),(18,32):0.000000
(4,26),(11,32):0.000000
(4,26),(11,33):0.000000
(4,26),(10,33):0.000000
(4,26),(10,34):0.000000
(4,26),(8,34):0.000000
(4,26),(8,31):0.000000
(4,26),(16,31):0.000000
(4,26),(16,30):4.333333
(4,26),(2,30):10.750000
(4,26),(2,24):10.000000
(4,26),(3,24):5.500000
(4,26),(3,25):30.500000
(4,26),(22,25):22.222221
(4,26),(22,10):2.111111
(4,26),(21,10):0.000000
(4,26),(21,8):0.000000
(4,26),(12,8):0.000000
(4,26),(12,16):0.000000
(4,26),(19,16):0.000000
(4,26),(19,23):0.000000
(4,26),(17,23):0.000000
(4,26),(17,21):0.000000
(4,26),(14,21):0.000000
(4,26),(14,18):0.000000
(4,26),(5,18):0.000000
(4,26),(5,15):0.000000
(4,26),(7,15):0.000000
(4,26),(7,14):0.000000
(4,26),(9,14):0.000000
(4,26),(9,12):0.000000
(4,26),(1,12):0.000000
(4,26),(1,6):0.000000
(4,26),(6,6):0.000000
(4,26),(6,4):0.000000
(4,26),(15,4):0.000000
(4,26),(15,3):0.000000
(4,26),(28,3):0.000000
(4,26),(28,2):0.000000
(4,26),(30,2):0.000000
(4,28),(18,28):32.333332
(4,28),(18,32):6.333333
(4,28),(11,32):0.000000
(4,28),(11,33):0.000000
(4,28),(10,33):0.000000
(4,28),(10,34):0.000000
(4,28),(8,34):0.000000
(4,28),(8,31):0.000000
(4,28),(16,31):4.333333
(4,28),(16,30):32.666668
(4,28),(2,30):38.833332
(4,28),(2,24):11.333333
(4,28),(3,24):5.833333
(4,28),(3,25):11.500000
(4,28),(22,25):2.111111
(4,28),(22,10):0.000000
(4,28),(21,10):0.000000
(4,28),(21,8):0.000000
(4,28),(12,8):0.000000
(4,28),(12,16):0.000000
(4,28),(19,16):0.000000
(4,28),(19,23):0.000000
(4,28),(17,23):0.000000
(4,28),(17,21):0.000000
(4,28),(14,21):0.000000
(4,28),(14,18):0.000000
(4,28),(5,18):0.000000
(4,28),(5,15):0.000000
(4,28),(7,15):0.000000
(4,28),(7,14):0.000000
(4,28),(9,14):0.000000
(4,28),(9,12):0.000000
(4,28),(1,12):0.000000
(4,28),(1,6):0.000000
(4,28),(6,6):0.000000
(4,28),(6,4):0.000000
(4,28),(15,4):0.000000
(4,28),(15,3):0.000000
(4,28),(28,3):0.000000
(4,28),(28,2):0.000000
(4,28),(30,2):0.000000
(18,28),(18,32):10.333333
(18,28),(11,32):2.733333
(18,28),(11,33):0.000000
(18,28),(10,33):0.000000
(18,28),(10,34):0.000000
(18,28),(8,34):0.000000
(18,28),(8,31):2.333333
(18,28),(16,31):8.333333
(18,28),(16,30):36.000000
(18,28),(2,30):32.000000
(18,28),(2,24):5.000000
(18,28),(3,24):2.000000
(18,28),(3,25):4.666667
(18,28),(22,25):0.000000
(18,28),(22,10):0.000000
(18,28),(21,10):0.000000
(18,28),(21,8):0.000000
(18,28),(12,8):0.000000
(18,28),(12,16):0.000000
(18,28),(19,16):0.000000
(18,28),(19,23):0.000000
(18,28),(17,23):0.000000
(18,28),(17,21):0.000000
(18,28),(14,21):0.000000
(18,28),(14,18):0.000000
(18,28),(5,18):0.000000
(18,28),(5,15):0.000000
(18,28),(7,15):0.000000
(18,28),(7,14):0.000000
(18,28),(9,14):0.000000
(18,28),(9,12):0.000000
(18,28),(1,12):0.000000
(18,28),(1,6):0.000000
(18,28),(6,6):0.000000
(18,28),(6,4):0.000000
(18,28),(15,4):0.000000
(18,28),(15,3):0.000000
(18,28),(28,3):0.000000
(18,28),(28,2):0.000000
(18,28),(30,2):0.000000
(18,32),(11,32):10.400000
(18,32),(11,33):3.000000
(18,32),(10,33):3.500000
(18,32),(10,34):2.000000
(18,32),(8,34):3.750000
(18,32),(8,31):10.000000
(18,32),(16,31):16.000000
(18,32),(16,30):10.000000
(18,32),(2,30):6.000000
(18,32),(2,24):0.000000
(18,32),(3,24):0.000000
(18,32),(3,25):0.000000
(18,32),(22,25):0.000000
(18,32),(22,10):0.000000
(18,32),(21,10):0.000000
(18,32),(21,8):0.000000
(18,32),(12,8):0.000000
(18,32),(12,16):0.000000
(18,32),(19,16):0.000000
(18,32),(19,23):0.000000
(18,32),(17,23):0.000000
(18,32),(17,21):0.000000
(18,32),(14,21):0.000000
(18,32),(14,18):0.000000
(18,32),(5,18):0.000000
(18,32),(5,15):0.000000
(18,32),(7,15):0.000000
(18,32),(7,14):0.000000
(18,32),(9,14):0.000000
(18,32),(9,12):0.000000
(18,32),(1,12):0.000000
(18,32),(1,6):0.000000
(18,32),(6,6):0.000000
(18,32),(6,4):0.000000
(18,32),(15,4):0.000000
(18,32),(15,3):0.000000
(18,32),(28,3):0.000000
(18,32),(28,2):0.000000
(18,32),(30,2):0.000000
(11,32),(11,33):6.000000
(11,32),(10,33):8.000000
(11,32),(10,34):5.500000
(11,32),(8,34):8.000000
(11,32),(8,31):14.500000
(11,32),(16,31):11.300000
(11,32),(16,30):2.400000
(11,32),(2,30):0.000000
(11,32),(2,24):0.000000
(11,32),(3,24):0.000000
(11,32),(3,25):0.000000
(11,32),(22,25):0.000000
(11,32),(22,10):0.000000
(11,32),(21,10):0.000000
(11,32),(21,8):0.000000
(11,32),(12,8):0.000000
(11,32),(12,16):0.000000
(11,32),(19,16):0.000000
(11,32),(19,23):0.000000
(11,32),(17,23):0.000000
(11,32),(17,21):0.000000
(11,32),(14,21):0.000000
(11,32),(14,18):0.000000
(11,32),(5,18):0.000000
(11,32),(5,15):0.000000
(11,32),(7,15):0.000000
(11,32),(7,14):0.000000
(11,32),(9,14):0.000000
(11,32),(9,12):0.000000
(11,32),(1,12):0.000000
(11,32),(1,6):0.000000
(11,32),(6,6):0.000000
(11,32),(6,4):0.000000
(11,32),(15,4):0.000000
(11,32),(15,3):0.000000
(11,32),(28,3):0.000000
(11,32),(28,2):0.000000
(11,32),(30,2):0.000000
(11,33),(10,33):6.000000
(11,33),(10,34):4.000000
(11,33),(8,34):5.750000
(11,33),(8,31):6.000000
(11,33),(16,31):3.900000
(11,33),(16,30):0.000000
(11,33),(2,30):0.000000
(11,33),(2,24):0.000000
(11,33),(3,24):0.000000
(11,33),(3,25):0.000000
(11,33),(22,25):0.000000
(11,33),(22,10):0.000000
(11,33),(21,10):0.000000
(11,33),(21,8):0.000000
(11,33),(12,8):0.000000
(11,33),(12,16):0.000000
(11,33),(19,16):0.000000
(11,33),(19,23):0.000000
(11,33),(17,23):0.000000
(11,33),(17,21):0.000000
(11,33),(14,21):0.000000
(11,33),(14,18):0.000000
(11,33),(5,18):0.000000
(11,33),(5,15):0.000000
(11,33),(7,15):0.000000
(11,33),(7,14):0.000000
(11,33),(9,14):0.000000
(11,33),(9,12):0.000000
(11,33),(1,12):0.000000
(11,33),(1,6):0.000000
(11,33),(6,6):0.000000
(11,33),(6,4):0.000000
(11,33),(15,4):0.000000
(11,33),(15,3):0.000000
(11,33),(28,3):0.000000
(11,33),(28,2):0.000000
(11,33),(30,2):0.000000
(10,33),(10,34):6.000000
(10,33),(8,34):8.250000
(10,33),(8,31):8.500000
(10,33),(16,31):4.400000
(10,33),(16,30):0.000000
(10,33),(2,30):0.000000
(10,33),(2,24):0.000000
(10,33),(3,24):0.000000
(10,33),(3,25):0.000000
(10,33),(22,25):0.000000
(10,33),(22,10):0.000000
(10,33),(21,10):0.000000
(10,33),(21,8):0.000000
(10,33),(12,8):0.000000
(10,33),(12,16):0.000000
(10,33),(19,16):0.000000
(10,33),(19,23):0.000000
(10,33),(17,23):0.000000
(10,33),(17,21):0.000000
(10,33),(14,21):0.000000
(10,33),(14,18):0.000000
(10,33),(5,18):0.000000
(10,33),(5,15):0.000000
(10,33),(7,15):0.000000
(10,33),(7,14):0.000000
(10,33),(9,14):0.000000
(10,33),(9,12):0.000000
(10,33),(1,12):0.000000
(10,33),(1,6):0.000000
(10,33),(6,6):0.000000
(10,33),(6,4):0.000000
(10,33),(15,4):0.000000
(10,33),(15,3):0.000000
(10,33),(28,3):0.000000
(10,33),(28,2):0.000000
(10,33),(30,2):0.000000
(10,34),(8,34):6.000000
(10,34),(8,31):6.000000
(10,34),(16,31):2.800000
(10,34),(16,30):0.000000
(10,34),(2,30):0.000000
(10,34),(2,24):0.000000
(10,34),(3,24):0.000000
(10,34),(3,25):0.000000
(10,34),(22,25):0.000000
(10,34),(22,10):0.000000
(10,34),(21,10):0.000000
(10,34),(21,8):0.000000
(10,34),(12,8):0.000000
(10,34),(12,16):0.000000
(10,34),(19,16):0.000000
(10,34),(19,23):0.000000
(10,34),(17,23):0.000000
(10,34),(17,21):0.000000
(10,34),(14,21):0.000000
(10,34),(14,18):0.000000
(10,34),(5,18):0.000000
(10,34),(5,15):0.000000
(10,34),(7,15):0.000000
(10,34),(7,14):0.000000
(10,34),(9,14):0.000000
(10,34),(9,12):0.000000
(10,34),(1,12):0.000000
(10,34),(1,6):0.000000
(10,34),(6,6):0.000000
(10,34),(6,4):0.000000
(10,34),(15,4):0.000000
(10,34),(15,3):0.000000
(10,34),(28,3):0.000000
(10,34),(28,2):0.000000
(10,34),(30,2):0.000000
(8,34),(8,31):8.500000
(8,34),(16,31):4.650000
(8,34),(16,30):0.000000
(8,34),(2,30):0.000000
(8,34),(2,24):0.000000
(8,34),(3,24):0.000000
(8,34),(3,25):0.000000
(8,34),(22,25):0.000000
(8,34),(22,10):0.000000
(8,34),(21,10):0.000000
(8,34),(21,8):0.000000
(8,34),(12,8):0.000000
(8,34),(12,16):0.000000
(8,34),(19,16):0.000000
(8,34),(19,23):0.000000
(8,34),(17,23):0.000000
(8,34),(17,21):0.000000
(8,34),(14,21):0.000000
(8,34),(14,18):0.000000
(8,34),(5,18):0.000000
(8,34),(5,15):0.000000
(8,34),(7,15):0.000000
(8,34),(7,14):0.000000
(8,34),(9,14):0.000000
(8,34),(9,12):0.000000
(8,34),(1,12):0.000000
(8,34),(1,6):0.000000
(8,34),(6,6):0.000000
(8,34),(6,4):0.000000
(8,34),(15,4):0.000000
(8,34),(15,3):0.000000
(8,34),(28,3):0.000000
(8,34),(28,2):0.000000
(8,34),(30,2):0.000000
(8,31),(16,31):10.900000
(8,31),(16,30):2.000000
(8,31),(2,30):0.000000
(8,31),(2,24):0.000000
(8,31),(3,24):0.000000
(8,31),(3,25):0.000000
(8,31),(22,25):0.000000
(8,31),(22,10):0.000000
(8,31),(21,10):0.000000
(8,31),(21,8):0.000000
(8,31),(12,8):0.000000
(8,31),(12,16):0.000000
(8,31),(19,16):0.000000
(8,31),(19,23):0.000000
(8,31),(17,23):0.000000
(8,31),(17,21):0.000000
(8,31),(14,21):0.000000
(8,31),(14,18):0.000000
(8,31),(5,18):0.000000
(8,31),(5,15):0.000000
(8,31),(7,15):0.000000
(8,31),(7,14):0.000000
(8,31),(9,14):0.000000
(8,31),(9,12):0.000000
(8,31),(1,12):0.000000
(8,31),(1,6):0.000000
(8,31),(6,6):0.000000
(8,31),(6,4):0.000000
(8,31),(15,4):0.000000
(8,31),(15,3):0.000000
(8,31),(28,3):0.000000
(8,31),(28,2):0.000000
(8,31),(30,2):0.000000
(16,31),(16,30):8.000000
(16,31),(2,30):4.000000
(16,31),(2,24):0.000000
(16,31),(3,24):0.000000
(16,31),(3,25):0.000000
(16,31),(22,25):0.000000
(16,31),(22,10):0.000000
(16,31),(21,10):0.000000
(16,31),(21,8):0.000000
(16,31),(12,8):0.000000
(16,31),(12,16):0.000000
(16,31),(19,16):0.000000
(16,31),(19,23):0.000000
(16,31),(17,23):0.000000
(16,31),(17,21):0.000000
(16,31),(14,21):0.000000
(16,31),(14,18):0.000000
(16,31),(5,18):0.000000
(16,31),(5,15):0.000000
(16,31),(7,15):0.000000
(16,31),(7,14):0.000000
(16,31),(9,14):0.000000
(16,31),(9,12):0.000000
(16,31),(1,12):0.000000
(16,31),(1,6):0.000000
(16,31),(6,6):0.000000
(16,31),(6,4):0.000000
(16,31),(15,4):0.000000
(16,31),(15,3):0.000000
(16,31),(28,3):0.000000
(16,31),(28,2):0.000000
(16,31),(30,2):0.000000
(16,30),(2,30):32.333332
(16,30),(2,24):5.333333
(16,30),(3,24):2.250000
(16,30),(3,25):5.000000
(16,30),(22,25):0.000000
(16,30),(22,10):0.000000
(16,30),(21,10):0.000000
(16,30),(21,8):0.000000
(16,30),(12,8):0.000000
(16,30),(12,16):0.000000
(16,30),(19,16):0.000000
(16,30),(19,23):0.000000
(16,30),(17,23):0.000000
(16,30),(17,21):0.000000
(16,30),(14,21):0.000000
(16,30),(14,18):0.000000
(16,30),(5,18):0.000000
(16,30),(5,15):0.000000
(16,30),(7,15):0.000000
(16,30),(7,14):0.000000
(16,30),(9,14):0.000000
(16,30),(9,12):0.000000
(16,30),(1,12):0.000000
(16,30),(1,6):0.000000
(16,30),(6,6):0.000000
(16,30),(6,4):0.000000
(16,30),(15,4):0.000000
(16,30),(15,3):0.000000
(16,30),(28,3):0.000000
(16,30),(28,2):0.000000
(16,30),(30,2):0.000000
(2,30),(2,24):11.500000
(2,30),(3,24):6.000000
(2,30),(3,25):11.916667
(2,30),(22,25):2.361111
(2,30),(22,10):0.000000
(2,30),(21,10):0.000000
(2,30),(21,8):0.000000
(2,30),(12,8):0.000000
(2,30),(12,16):0.000000
(2,30),(19,16):0.000000
(2,30),(19,23):0.000000
(2,30),(17,23):0.000000
(2,30),(17,21):0.000000
(2,30),(14,21):0.000000
(2,30),(14,18):0.000000
(2,30),(5,18):0.000000
(2,30),(5,15):0.000000
(2,30),(7,15):0.000000
(2,30),(7,14):0.000000
(2,30),(9,14):0.000000
(2,30),(9,12):0.000000
(2,30),(1,12):0.000000
(2,30),(1,6):0.000000
(2,30),(6,6):0.000000
(2,30),(6,4):0.000000
(2,30),(15,4):0.000000
(2,30),(15,3):0.000000
(2,30),(28,3):0.000000
(2,30),(28,2):0.000000
(2,30),(30,2):0.000000
(2,24),(3,24):6.000000
(2,24),(3,25):11.166667
(2,24),(22,25):1.611111
(2,24),(22,10):0.000000
(2,24),(21,10):0.000000
(2,24),(21,8):0.000000
(2,24),(12,8):0.000000
(2,24),(12,16):0.000000
(2,24),(19,16):0.000000
(2,24),(19,23):0.000000
(2,24),(17,23):0.000000
(2,24),(17,21):0.000000
(2,24),(14,21):0.000000
(2,24),(14,18):0.000000
(2,24),(5,18):0.000000
(2,24),(5,15):0.000000
(2,24),(7,15):0.000000
(2,24),(7,14):0.000000
(2,24),(9,14):0.000000
(2,24),(9,12):0.000000
(2,24),(1,12):0.000000
(2,24),(1,6):0.000000
(2,24),(6,6):0.000000
(2,24),(6,4):0.000000
(2,24),(15,4):0.000000
(2,24),(15,3):0.000000
(2,24),(28,3):0.000000
(2,24),(28,2):0.000000
(2,24),(30,2):0.000000
(3,24),(3,25):6.000000
(3,24),(22,25):1.083333
(3,24),(22,10):0.000000
(3,24),(21,10):0.000000
(3,24),(21,8):0.000000
(3,24),(12,8):0.000000
(3,24),(12,16):0.000000
(3,24),(19,16):0.000000
(3,24),(19,23):0.000000
(3,24),(17,23):0.000000
(3,24),(17,21):0.000000
(3,24),(14,21):0.000000
(3,24),(14,18):0.000000
(3,24),(5,18):0.000000
(3,24),(5,15):0.000000
(3,24),(7,15):0.000000
(3,24),(7,14):0.000000
(3,24),(9,14):0.000000
(3,24),(9,12):0.000000
(3,24),(1,12):0.000000
(3,24),(1,6):0.000000
(3,24),(6,6):0.000000
(3,24),(6,4):0.000000
(3,24),(15,4):0.000000
(3,24),(15,3):0.000000
(3,24),(28,3):0.000000
(3,24),(28,2):0.000000
(3,24),(30,2):0.000000
(3,25),(22,25):22.581699
(3,25),(22,10):2.352941
(3,25),(21,10):0.000000
(3,25),(21,8):0.000000
(3,25),(12,8):0.000000
(3,25),(12,16):0.000000
(3,25),(19,16):0.000000
(3,25),(19,23):0.000000
(3,25),(17,23):0.000000
(3,25),(17,21):0.000000
(3,25),(14,21):0.000000
(3,25),(14,18):0.000000
(3,25),(5,18):0.000000
(3,25),(5,15):0.000000
(3,25),(7,15):0.000000
(3,25),(7,14):0.000000
(3,25),(9,14):0.000000
(3,25),(9,12):0.000000
(3,25),(1,12):0.000000
(3,25),(1,6):0.000000
(3,25),(6,6):0.000000
(3,25),(6,4):0.000000
(3,25),(15,4):0.000000
(3,25),(15,3):0.000000
(3,25),(28,3):0.000000
(3,25),(28,2):0.000000
(3,25),(30,2):0.000000
(22,25),(22,10):43.142857
(22,25),(21,10):7.071429
(22,25),(21,8):11.142858
(22,25),(12,8):2.500000
(22,25),(12,16):0.000000
(22,25),(19,16):0.000000
(22,25),(19,23):0.000000
(22,25),(17,23):0.000000
(22,25),(17,21):0.000000
(22,25),(14,21):0.000000
(22,25),(14,18):0.000000
(22,25),(5,18):0.000000
(22,25),(5,15):0.000000
(22,25),(7,15):0.000000
(22,25),(7,14):0.000000
(22,25),(9,14):0.000000
(22,25),(9,12):0.000000
(22,25),(1,12):0.000000
(22,25),(1,6):0.891032
(22,25),(6,6):0.000000
(22,25),(6,4):0.000000
(22,25),(15,4):0.000000
(22,25),(15,3):0.000000
(22,25),(28,3):0.000000
(22,25),(28,2):0.000000
(22,25),(30,2):0.000000
(22,10),(21,10):16.000000
(22,10),(21,8):24.375000
(22,10),(12,8):4.250000
(22,10),(12,16):0.000000
(22,10),(19,16):0.000000
(22,10),(19,23):0.000000
(22,10),(17,23):0.000000
(22,10),(17,21):0.000000
(22,10),(14,21):0.000000
(22,10),(14,18):0.000000
(22,10),(5,18):0.000000
(22,10),(5,15):0.000000
(22,10),(7,15):0.000000
(22,10),(7,14):0.000000
(22,10),(9,14):0.000000
(22,10),(9,12):0.000000
(22,10),(1,12):0.000000
(22,10),(1,6):1.495652
(22,10),(6,6):0.000000
(22,10),(6,4):0.000000
(22,10),(15,4):0.000000
(22,10),(15,3):0.000000
(22,10),(28,3):0.000000
(22,10),(28,2):0.000000
(22,10),(30,2):0.000000
(21,10),(21,8):14.000000
(21,10),(12,8):4.000000
(21,10),(12,16):0.000000
(21,10),(19,16):0.000000
(21,10),(19,23):0.000000
(21,10),(17,23):0.000000
(21,10),(17,21):0.000000
(21,10),(14,21):0.000000
(21,10),(14,18):0.000000
(21,10),(5,18):0.000000
(21,10),(5,15):0.000000
(21,10),(7,15):0.000000
(21,10),(7,14):0.000000
(21,10),(9,14):0.000000
(21,10),(9,12):0.000000
(21,10),(1,12):0.000000
(21,10),(1,6):1.466667
(21,10),(6,6):0.000000
(21,10),(6,4):0.000000
(21,10),(15,4):0.000000
(21,10),(15,3):0.000000
(21,10),(28,3):0.000000
(21,10),(28,2):0.000000
(21,10),(30,2):0.000000
(21,8),(12,8):32.000000
(21,8),(12,16):10.437500
(21,8),(19,16):0.000000
(21,8),(19,23):0.000000
(21,8),(17,23):0.000000
(21,8),(17,21):0.000000
(21,8),(14,21):0.000000
(21,8),(14,18):0.000000
(21,8),(5,18):0.000000
(21,8),(5,15):0.000000
(21,8),(7,15):0.000000
(21,8),(7,14):0.000000
(21,8),(9,14):4.235294
(21,8),(9,12):19.371429
(21,8),(1,12):20.375000
(21,8),(1,6):26.799999
(21,8),(6,6):23.500000
(21,8),(6,4):11.229167
(21,8),(15,4):11.462222
(21,8),(15,3):0.000000
(21,8),(28,3):0.000000
(21,8),(28,2):0.000000
(21,8),(30,2):0.000000
(12,8),(12,16):65.500000
(12,8),(19,16):9.000000
(12,8),(19,23):0.000000
(12,8),(17,23):0.000000
(12,8),(17,21):0.000000
(12,8),(14,21):0.000000
(12,8),(14,18):14.500000
(12,8),(5,18):20.500000
(12,8),(5,15):12.750000
(12,8),(7,15):18.250000
(12,8),(7,14):16.000000
(12,8),(9,14):49.166668
(12,8),(9,12):99.500000
(12,8),(1,12):80.875000
(12,8),(1,6):77.375000
(12,8),(6,6):94.666664
(12,8),(6,4):64.583336
(12,8),(15,4):35.388889
(12,8),(15,3):0.000000
(12,8),(28,3):7.427598
(12,8),(28,2):0.000000
(12,8),(30,2):0.000000
(12,16),(19,16):40.500000
(12,16),(19,23):24.500000
(12,16),(17,23):12.000000
(12,16),(17,21):24.500000
(12,16),(14,21):20.500000
(12,16),(14,18):51.000000
(12,16),(5,18):44.166668
(12,16),(5,15):35.666668
(12,16),(7,15):42.707142
(12,16),(7,14):31.342857
(12,16),(9,14):62.666668
(12,16),(9,12):63.000000
(12,16),(1,12):41.833332
(12,16),(1,6):34.875000
(12,16),(6,6):53.700001
(12,16),(6,4):54.250000
(12,16),(15,4):19.217533
(12,16),(15,3):0.000000
(12,16),(28,3):6.430769
(12,16),(28,2):0.000000
(12,16),(30,2):0.000000
(19,16),(19,23):26.500000
(19,16),(17,23):14.000000
(19,16),(17,21):31.000000
(19,16),(14,21):25.000000
(19,16),(14,18):45.000000
(19,16),(5,18):28.000000
(19,16),(5,15):28.666666
(19,16),(7,15):28.457144
(19,16),(7,14):21.342857
(19,16),(9,14):21.666666
(19,16),(9,12):7.500000
(19,16),(1,12):0.000000
(19,16),(1,6):0.000000
(19,16),(6,6):2.200000
(19,16),(6,4):3.250000
(19,16),(15,4):0.000000
(19,16),(15,3):0.000000
(19,16),(28,3):0.000000
(19,16),(28,2):0.000000
(19,16),(30,2):0.000000
(19,23),(17,23):14.000000
(19,23),(17,21):26.500000
(19,23),(14,21):20.500000
(19,23),(14,18):24.500000
(19,23),(5,18):12.000000
(19,23),(5,15):12.666667
(19,23),(7,15):12.457143
(19,23),(7,14):9.342857
(19,23),(9,14):5.666667
(19,23),(9,12):0.000000
(19,23),(1,12):0.000000
(19,23),(1,6):0.000000
(19,23),(6,6):0.000000
(19,23),(6,4):0.000000
(19,23),(15,4):0.000000
(19,23),(15,3):0.000000
(19,23),(28,3):0.000000
(19,23),(28,2):0.000000
(19,23),(30,2):0.000000
(17,23),(17,21):14.000000
(17,23),(14,21):10.000000
(17,23),(14,18):12.000000
(17,23),(5,18):4.000000
(17,23),(5,15):4.952381
(17,23),(7,15):5.028572
(17,23),(7,14):3.771429
(17,23),(9,14):2.400000
(17,23),(9,12):0.000000
(17,23),(1,12):0.000000
(17,23),(1,6):0.000000
(17,23),(6,6):0.000000
(17,23),(6,4):0.000000
(17,23),(15,4):0.000000
(17,23),(15,3):0.000000
(17,23),(28,3):0.000000
(17,23),(28,2):0.000000
(17,23),(30,2):0.000000
(17,21),(14,21):25.000000
(17,21),(14,18):29.000000
(17,21),(5,18):12.000000
(17,21),(5,15):12.666667
(17,21),(7,15):12.457143
(17,21),(7,14):9.342857
(17,21),(9,14):5.666667
(17,21),(9,12):0.000000
(17,21),(1,12):0.000000
(17,21),(1,6):0.000000
(17,21),(6,6):0.000000
(17,21),(6,4):0.000000
(17,21),(15,4):0.000000
(17,21),(15,3):0.000000
(17,21),(28,3):0.000000
(17,21),(28,2):0.000000
(17,21),(30,2):0.000000
(14,21),(14,18):25.000000
(14,21),(5,18):10.000000
(14,21),(5,15):10.952381
(14,21),(7,15):10.857142
(14,21),(7,14):8.142858
(14,21),(9,14):4.375000
(14,21),(9,12):0.000000
(14,21),(1,12):0.000000
(14,21),(1,6):0.000000
(14,21),(6,6):0.000000
(14,21),(6,4):0.000000
(14,21),(15,4):0.000000
(14,21),(15,3):0.000000
(14,21),(28,3):0.000000
(14,21),(28,2):0.000000
(14,21),(30,2):0.000000
(14,18),(5,18):37.916668
(14,18),(5,15):35.166668
(14,18),(7,15):38.623810
(14,18),(7,14):29.342857
(14,18),(9,14):31.166666
(14,18),(9,12):12.000000
(14,18),(1,12):0.000000
(14,18),(1,6):0.000000
(14,18),(6,6):3.200000
(14,18),(6,4):5.050000
(14,18),(15,4):0.000000
(14,18),(15,3):0.000000
(14,18),(28,3):0.000000
(14,18),(28,2):0.000000
(14,18),(30,2):0.000000
(5,18),(5,15):31.500000
(5,18),(7,15):37.016666
(5,18),(7,14):24.666666
(5,18),(9,14):32.166668
(5,18),(9,12):18.000000
(5,18),(1,12):0.500000
(5,18),(1,6):3.017857
(5,18),(6,6):9.366667
(5,18),(6,4):11.295455
(5,18),(15,4):0.000000
(5,18),(15,3):0.000000
(5,18),(28,3):0.000000
(5,18),(28,2):0.000000
(5,18),(30,2):0.000000
(5,15),(7,15):34.266666
(5,15),(7,14):23.366667
(5,15),(9,14):23.333334
(5,15),(9,12):10.500000
(5,15),(1,12):0.000000
(5,15),(1,6):0.000000
(5,15),(6,6):3.450000
(5,15),(6,4):4.937500
(5,15),(15,4):0.000000
(5,15),(15,3):0.000000
(5,15),(28,3):0.000000
(5,15),(28,2):0.000000
(5,15),(30,2):0.000000
(7,15),(7,14):29.557142
(7,15),(9,14):30.850000
(7,15),(9,12):15.750000
(7,15),(1,12):0.000000
(7,15),(1,6):1.225000
(7,15),(6,6):7.250000
(7,15),(6,4):9.131579
(7,15),(15,4):0.000000
(7,15),(15,3):0.000000
(7,15),(28,3):0.000000
(7,15),(28,2):0.000000
(7,15),(30,2):0.000000
(7,14),(9,14):24.809525
(7,14),(9,12):13.500000
(7,14),(1,12):0.000000
(7,14),(1,6):0.041667
(7,14),(6,6):5.200000
(7,14),(6,4):7.000000
(7,14),(15,4):0.000000
(7,14),(15,3):0.000000
(7,14),(28,3):0.000000
(7,14),(28,2):0.000000
(7,14),(30,2):0.000000
(9,14),(9,12):46.722221
(9,14),(1,12):27.222221
(9,14),(1,6):22.375000
(9,14),(6,6):37.422222
(9,14),(6,4):39.472221
(9,14),(15,4):8.222222
(9,14),(15,3):0.000000
(9,14),(28,3):4.000635
(9,14),(28,2):0.000000
(9,14),(30,2):0.000000
(9,12),(1,12):79.952377
(9,12),(1,6):70.708336
(9,12),(6,6):91.819046
(9,12),(6,4):63.869049
(9,12),(15,4):35.507938
(9,12),(15,3):0.000000
(9,12),(28,3):7.519098
(9,12),(28,2):0.000000
(9,12),(30,2):0.000000
(1,12),(1,6):68.271187
(1,12),(6,6):81.408424
(1,12),(6,4):51.264248
(1,12),(15,4):34.412697
(1,12),(15,3):0.000000
(1,12),(28,3):7.252797
(1,12),(28,2):0.000000
(1,12),(30,2):0.000000
(1,6),(6,6):74.875000
(1,6),(6,4):42.541668
(1,6),(15,4):22.222221
(1,6),(15,3):0.000000
(1,6),(28,3):0.000000
(1,6),(28,2):0.000000
(1,6),(30,2):0.000000
(6,6),(6,4):66.666664
(6,6),(15,4):44.972221
(6,6),(15,3):8.035714
(6,6),(28,3):16.901281
(6,6),(28,2):0.000000
(6,6),(30,2):0.000000
(6,4),(15,4):39.330002
(6,4),(15,3):18.080000
(6,4),(28,3):27.231281
(6,4),(28,2):5.080000
(6,4),(30,2):8.080000
(15,4),(15,3):36.125000
(15,4),(28,3):46.237820
(15,4),(28,2):11.086538
(15,4),(30,2):15.086538
(15,3),(28,3):36.250000
(15,3),(28,2):10.250000
(15,3),(30,2):14.250000
(28,3),(28,2):16.333334
(28,3),(30,2):22.333334
(28,2),(30,2):17.000000
