22
(2,1):(2,1)	(2,5)	(2,6)	(3,1)	(3,3)	(3,4)	(3,5)	(3,6)	(4,5)	(4,6)	
(3,1):(2,1)	(2,5)	(2,6)	(3,1)	(3,3)	(3,4)	(3,5)	(3,6)	
(3,3):(1,7)	(2,1)	(2,5)	(2,6)	(3,1)	(3,3)	(3,4)	(3,5)	(3,6)	(4,3)	(4,4)	(4,5)	(4,6)	(5,4)	(5,5)	(5,6)	(6,5)	(6,6)	(6,7)	(7,6)	(7,7)	(7,8)	(8,8)	(8,9)	(9,9)	(9,10)	
(4,3):(1,7)	(2,5)	(2,6)	(3,3)	(3,4)	(3,5)	(3,6)	(4,2)	(4,3)	(4,4)	(4,5)	(4,6)	(5,2)	(5,4)	(5,5)	(5,6)	(6,5)	(6,6)	(6,7)	(7,6)	(7,7)	(7,8)	(7,9)	(8,8)	(8,9)	(8,10)	(9,10)	
(4,2):(4,2)	(4,3)	(4,4)	(4,5)	(4,6)	(5,2)	(5,4)	(5,5)	(5,6)	(6,6)	(6,7)	(7,8)	(7,9)	(8,10)	
(5,2):(1,7)	(2,5)	(2,6)	(3,4)	(3,5)	(3,6)	(4,2)	(4,3)	(4,4)	(4,5)	(4,6)	(5,2)	(5,4)	(5,5)	(5,6)	
(5,4):(1,7)	(2,5)	(2,6)	(3,3)	(3,4)	(3,5)	(3,6)	(4,2)	(4,3)	(4,4)	(4,5)	(4,6)	(5,2)	(5,4)	(5,5)	(5,6)	(6,5)	(6,6)	(6,7)	(7,4)	(7,6)	(7,7)	(7,8)	(7,9)	(7,10)	(8,8)	(8,9)	(8,10)	(9,10)	
(7,4):(1,7)	(2,5)	(2,6)	(3,4)	(3,5)	(3,6)	(4,4)	(4,5)	(4,6)	(5,4)	(5,5)	(5,6)	(6,5)	(6,6)	(6,7)	(6,11)	(7,4)	(7,6)	(7,7)	(7,8)	(7,9)	(7,10)	
(7,6):(1,5)	(1,7)	(2,5)	(2,6)	(3,3)	(3,4)	(3,5)	(3,6)	(4,3)	(4,4)	(4,5)	(4,6)	(5,4)	(5,5)	(5,6)	(6,5)	(6,6)	(6,7)	(6,11)	(7,4)	(7,6)	(7,7)	(7,8)	(7,9)	(7,10)	(8,6)	(8,8)	(8,9)	(8,10)	(9,10)	
(8,6):(1,7)	(2,6)	(3,6)	(4,6)	(5,6)	(6,6)	(6,7)	(6,11)	(7,6)	(7,7)	(7,8)	(7,9)	(7,10)	(8,6)	(8,8)	(8,9)	(8,10)	
(8,8):(2,5)	(3,3)	(3,4)	(3,5)	(4,3)	(4,4)	(4,5)	(4,6)	(5,4)	(5,5)	(5,6)	(6,5)	(6,6)	(6,7)	(6,11)	(7,6)	(7,7)	(7,8)	(7,9)	(7,10)	(8,6)	(8,8)	(8,9)	(8,10)	(9,9)	(9,10)	(10,8)	(10,9)	
(10,8):(6,11)	(7,8)	(7,9)	(7,10)	(8,8)	(8,9)	(8,10)	(9,9)	(10,8)	(10,9)	
(10,9):(6,7)	(7,8)	(7,9)	(8,8)	(8,9)	(9,9)	(10,8)	(10,9)	
(9,9):(3,3)	(3,4)	(3,5)	(4,4)	(4,5)	(5,5)	(5,6)	(6,6)	(6,7)	(6,11)	(7,7)	(7,8)	(7,9)	(7,10)	(8,8)	(8,9)	(8,10)	(9,9)	(9,10)	(10,8)	(10,9)	
(9,10):(3,3)	(3,4)	(4,3)	(4,4)	(4,5)	(5,4)	(5,5)	(5,6)	(6,5)	(6,6)	(6,7)	(6,11)	(7,6)	(7,7)	(7,8)	(7,9)	(7,10)	(8,8)	(8,9)	(8,10)	(9,9)	(9,10)	(11,10)	(11,11)	
(11,10):(6,11)	(7,10)	(8,10)	(9,10)	(11,10)	(11,11)	
(11,11):(6,11)	(7,9)	(7,10)	(8,10)	(9,10)	(11,10)	(11,11)	
(6,11):(6,5)	(6,6)	(6,7)	(6,11)	(7,4)	(7,6)	(7,7)	(7,8)	(7,9)	(7,10)	(8,6)	(8,8)	(8,9)	(8,10)	(9,9)	(9,10)	(10,8)	(11,10)	(11,11)	
(6,7):(1,5)	(1,7)	(2,5)	(2,6)	(3,3)	(3,4)	(3,5)	(3,6)	(4,2)	(4,3)	(4,4)	(4,5)	(4,6)	(5,4)	(5,5)	(5,6)	(6,5)	(6,6)	(6,7)	(6,11)	(7,4)	(7,6)	(7,7)	(7,8)	(7,9)	(7,10)	(8,6)	(8,8)	(8,9)	(8,10)	(9,9)	(9,10)	(10,9)	
(1,7):(1,5)	(1,7)	(2,5)	(2,6)	(3,3)	(3,4)	(3,5)	(3,6)	(4,3)	(4,4)	(4,5)	(4,6)	(5,2)	(5,4)	(5,5)	(5,6)	(6,5)	(6,6)	(6,7)	(7,4)	(7,6)	(7,7)	(8,6)	
(1,5):(1,5)	(1,7)	(2,5)	(2,6)	(3,5)	(3,6)	(4,5)	(4,6)	(5,5)	(5,6)	(6,5)	(6,6)	(6,7)	(7,6)	(7,7)	
(2,5):(1,5)	(1,7)	(2,1)	(2,5)	(2,6)	(3,1)	(3,3)	(3,4)	(3,5)	(3,6)	(4,3)	(4,4)	(4,5)	(4,6)	(5,2)	(5,4)	(5,5)	(5,6)	(6,5)	(6,6)	(6,7)	(7,4)	(7,6)	(7,7)	(8,8)	
(2,1):10.000000
(3,1):6.500000
(3,3):25.553572
(4,3):25.732143
(4,2):10.050000
(5,2):12.500000
(5,4):29.583334
(7,4):20.900000
(7,6):31.125000
(8,6):15.000000
(8,8):26.416666
(10,8):8.000000
(10,9):5.000000
(9,9):18.666666
(9,10):22.333334
(11,10):5.000000
(11,11):7.250000
(6,11):17.666666
(6,7):33.500000
(1,7):20.625000
(1,5):13.716666
(2,5):24.400000
(2,1),(3,1):6.000000
(2,1),(3,3):10.000000
(2,1),(4,3):8.000000
(2,1),(4,2):1.000000
(2,1),(5,2):6.333333
(2,1),(5,4):8.250000
(2,1),(7,4):6.750000
(2,1),(7,6):8.375000
(2,1),(8,6):2.750000
(2,1),(8,8):4.833333
(2,1),(10,8):0.000000
(2,1),(10,9):0.000000
(2,1),(9,9):3.666667
(2,1),(9,10):1.583333
(2,1),(11,10):0.000000
(2,1),(11,11):0.000000
(2,1),(6,11):0.000000
(2,1),(6,7):8.666667
(2,1),(1,7):7.000000
(2,1),(1,5):5.000000
(2,1),(2,5):10.000000
(3,1),(3,3):6.500000
(3,1),(4,3):4.500000
(3,1),(4,2):0.000000
(3,1),(5,2):3.000000
(3,1),(5,4):4.750000
(3,1),(7,4):3.500000
(3,1),(7,6):4.875000
(3,1),(8,6):1.375000
(3,1),(8,8):2.750000
(3,1),(10,8):0.000000
(3,1),(10,9):0.000000
(3,1),(9,9):2.166667
(3,1),(9,10):1.083333
(3,1),(11,10):0.000000
(3,1),(11,11):0.000000
(3,1),(6,11):0.000000
(3,1),(6,7):5.166667
(3,1),(1,7):3.500000
(3,1),(1,5):2.500000
(3,1),(2,5):6.500000
(3,3),(4,3):22.232143
(3,3),(4,2):6.750000
(3,3),(5,2):11.000000
(3,3),(5,4):23.416666
(3,3),(7,4):15.666667
(3,3),(7,6):22.750000
(3,3),(8,6):9.041667
(3,3),(8,8):18.166666
(3,3),(10,8):2.017857
(3,3),(10,9):2.000000
(3,3),(9,9):11.166667
(3,3),(9,10):13.845238
(3,3),(11,10):0.803571
(3,3),(11,11):1.028571
(3,3),(6,11):7.803571
(3,3),(6,7):24.053572
(3,3),(1,7):17.625000
(3,3),(1,5):12.425000
(3,3),(2,5):21.625000
(4,3),(4,2):9.250000
(4,3),(5,2):12.500000
(4,3),(5,4):25.666666
(4,3),(7,4):15.500000
(4,3),(7,6):23.750000
(4,3),(8,6):10.500000
(4,3),(8,8):18.791666
(4,3),(10,8):2.972222
(4,3),(10,9):2.400000
(4,3),(9,9):12.541667
(4,3),(9,10):14.482142
(4,3),(11,10):1.607143
(4,3),(11,11):2.357143
(4,3),(6,11):8.732142
(4,3),(6,7):25.065475
(4,3),(1,7):17.625000
(4,3),(1,5):12.300000
(4,3),(2,5):19.500000
(4,2),(5,2):5.000000
(4,2),(5,4):10.050000
(4,2),(7,4):6.250000
(4,2),(7,6):8.550000
(4,2),(8,6):4.800000
(4,2),(8,8):7.716667
(4,2),(10,8):1.628571
(4,2),(10,9):1.116667
(4,2),(9,9):5.716667
(4,2),(9,10):6.800000
(4,2),(11,10):0.850000
(4,2),(11,11):1.529167
(4,2),(6,11):3.050000
(4,2),(6,7):9.383333
(4,2),(1,7):6.875000
(4,2),(1,5):4.062500
(4,2),(2,5):6.833333
(5,2),(5,4):12.500000
(5,2),(7,4):10.000000
(5,2),(7,6):11.000000
(5,2),(8,6):4.000000
(5,2),(8,8):5.916667
(5,2),(10,8):0.000000
(5,2),(10,9):0.000000
(5,2),(9,9):3.383333
(5,2),(9,10):3.250000
(5,2),(11,10):0.000000
(5,2),(11,11):0.000000
(5,2),(6,11):0.000000
(5,2),(6,7):11.833333
(5,2),(1,7):12.125000
(5,2),(1,5):7.500000
(5,2),(2,5):12.000000
(5,4),(7,4):18.333334
(5,4),(7,6):27.666666
(5,4),(8,6):11.833333
(5,4),(8,8):21.333334
(5,4),(10,8):3.898809
(5,4),(10,9):2.708333
(5,4),(9,9):14.083333
(5,4),(9,10):17.000000
(5,4),(11,10):2.166667
(5,4),(11,11):3.366667
(5,4),(6,11):11.500000
(5,4),(6,7):28.916666
(5,4),(1,7):19.958334
(5,4),(1,5):13.133333
(5,4),(2,5):22.083334
(7,4),(7,6):20.900000
(7,4),(8,6):10.000000
(7,4),(8,8):14.000000
(7,4),(10,8):3.000000
(7,4),(10,9):1.750000
(7,4),(9,9):9.166667
(7,4),(9,10):10.500000
(7,4),(11,10):1.000000
(7,4),(11,11):2.250000
(7,4),(6,11):7.000000
(7,4),(6,7):20.900000
(7,4),(1,7):16.650000
(7,4),(1,5):12.100000
(7,4),(2,5):17.150000
(7,6),(8,6):15.000000
(7,6),(8,8):24.125000
(7,6),(10,8):6.166667
(7,6),(10,9):3.250000
(7,6),(9,9):16.541666
(7,6),(9,10):19.125000
(7,6),(11,10):3.250000
(7,6),(11,11):5.500000
(7,6),(6,11):14.250000
(7,6),(6,7):31.125000
(7,6),(1,7):19.500000
(7,6),(1,5):13.716666
(7,6),(2,5):21.775000
(8,6),(8,8):11.000000
(8,6),(10,8):5.500000
(8,6),(10,9):3.000000
(8,6),(9,9):8.750000
(8,6),(9,10):9.500000
(8,6),(11,10):2.000000
(8,6),(11,11):4.000000
(8,6),(6,11):10.000000
(8,6),(6,7):15.000000
(8,6),(1,7):7.000000
(8,6),(1,5):7.716667
(8,6),(2,5):7.900000
(8,8),(10,8):8.000000
(8,8),(10,9):5.000000
(8,8),(9,9):18.666666
(8,8),(9,10):20.416666
(8,8),(11,10):3.250000
(8,8),(11,11):5.500000
(8,8),(6,11):14.916667
(8,8),(6,7):25.416666
(8,8),(1,7):12.645833
(8,8),(1,5):7.466667
(8,8),(2,5):15.042857
(10,8),(10,9):4.000000
(10,8),(9,9):8.000000
(10,8),(9,10):7.000000
(10,8),(11,10):1.500000
(10,8),(11,11):3.583333
(10,8),(6,11):7.666667
(10,8),(6,7):7.000000
(10,8),(1,7):0.000000
(10,8),(1,5):0.000000
(10,8),(2,5):0.000000
(10,9),(9,9):5.000000
(10,9),(9,10):4.000000
(10,9),(11,10):0.000000
(10,9),(11,11):0.250000
(10,9),(6,11):4.666667
(10,9),(6,7):4.000000
(10,9),(1,7):0.000000
(10,9),(1,5):0.000000
(10,9),(2,5):0.000000
(9,9),(9,10):15.000000
(9,9),(11,10):3.000000
(9,9),(11,11):5.250000
(9,9),(6,11):11.666667
(9,9),(6,7):17.666666
(9,9),(1,7):5.750000
(9,9),(1,5):3.333333
(9,9),(2,5):7.666667
(9,10),(11,10):5.000000
(9,10),(11,11):7.250000
(9,10),(6,11):15.000000
(9,10),(6,7):20.583334
(9,10),(1,7):8.622549
(9,10),(1,5):4.562500
(9,10),(2,5):10.283334
(11,10),(11,11):5.000000
(11,10),(6,11):5.000000
(11,10),(6,7):3.500000
(11,10),(1,7):0.000000
(11,10),(1,5):0.000000
(11,10),(2,5):0.000000
(11,11),(6,11):7.250000
(11,11),(6,7):5.750000
(11,11),(1,7):0.000000
(11,11),(1,5):0.000000
(11,11),(2,5):0.000000
(6,11),(6,7):15.357142
(6,11),(1,7):4.000000
(6,11),(1,5):3.716667
(6,11),(2,5):4.900000
(6,7),(1,7):20.038462
(6,7),(1,5):13.716666
(6,7),(2,5):22.566668
(1,7),(1,5):12.916667
(1,7),(2,5):20.400000
(1,5),(2,5):13.700000
