40
(18,12):(9,17)	(10,16)	(10,17)	(10,20)	(11,16)	(11,17)	(11,18)	(11,19)	(12,15)	(12,16)	(12,17)	(12,18)	(13,15)	(13,16)	(13,17)	(13,18)	(14,14)	(14,15)	(14,16)	(14,17)	(14,18)	(15,14)	(15,15)	(15,16)	(15,17)	(15,18)	(16,11)	(16,13)	(16,14)	(16,15)	(16,16)	(16,17)	(16,18)	(17,12)	(17,13)	(17,14)	(17,15)	(17,16)	(17,17)	(17,18)	(18,12)	(18,16)	(18,17)	(20,11)	(20,12)	
(18,16):(3,7)	(5,8)	(6,14)	(7,8)	(7,9)	(8,6)	(8,7)	(8,8)	(8,9)	(8,10)	(8,14)	(9,7)	(9,8)	(9,9)	(9,10)	(9,11)	(9,12)	(9,13)	(9,14)	(9,15)	(9,17)	(10,8)	(10,9)	(10,10)	(10,11)	(10,12)	(10,13)	(10,14)	(10,15)	(10,16)	(10,17)	(11,9)	(11,10)	(11,11)	(11,12)	(11,13)	(11,14)	(11,15)	(11,16)	(11,17)	(11,18)	(11,19)	(12,10)	(12,11)	(12,12)	(12,13)	(12,14)	(12,15)	(12,16)	(12,17)	(12,18)	(13,11)	(13,12)	(13,13)	(13,14)	(13,15)	(13,16)	(13,17)	(13,18)	(14,12)	(14,13)	(14,14)	(14,15)	(14,16)	(14,17)	(14,18)	(15,13)	(15,14)	(15,15)	(15,16)	(15,17)	(15,18)	(16,11)	(16,13)	(16,14)	(16,15)	(16,16)	(16,17)	(16,18)	(17,12)	(17,13)	(17,14)	(17,15)	(17,16)	(17,17)	(17,18)	(18,12)	(18,16)	(18,17)	(19,16)	(19,18)	
(19,16):(9,17)	(10,16)	(10,17)	(11,16)	(11,17)	(11,18)	(11,19)	(12,16)	(12,17)	(12,18)	(13,16)	(13,17)	(13,18)	(14,16)	(14,17)	(14,18)	(15,16)	(15,17)	(15,18)	(16,16)	(16,17)	(16,18)	(17,16)	(17,17)	(17,18)	(18,16)	(18,17)	(19,16)	(19,18)	
(19,18):(6,14)	(7,3)	(7,8)	(7,9)	(8,5)	(8,6)	(8,7)	(8,8)	(8,9)	(8,10)	(8,14)	(9,6)	(9,7)	(9,8)	(9,9)	(9,10)	(9,11)	(9,12)	(9,13)	(9,14)	(9,15)	(10,7)	(10,8)	(10,9)	(10,10)	(10,11)	(10,12)	(10,13)	(10,14)	(10,15)	(10,16)	(10,17)	(11,8)	(11,9)	(11,10)	(11,11)	(11,12)	(11,13)	(11,14)	(11,15)	(11,16)	(11,17)	(11,18)	(12,10)	(12,11)	(12,12)	(12,13)	(12,14)	(12,15)	(12,16)	(12,17)	(12,18)	(13,11)	(13,12)	(13,13)	(13,14)	(13,15)	(13,16)	(13,17)	(13,18)	(14,12)	(14,13)	(14,14)	(14,15)	(14,16)	(14,17)	(14,18)	(15,13)	(15,14)	(15,15)	(15,16)	(15,17)	(15,18)	(16,13)	(16,14)	(16,15)	(16,16)	(16,17)	(16,18)	(17,14)	(17,15)	(17,16)	(17,17)	(17,18)	(18,16)	(18,17)	(19,16)	(19,18)	
(17,18):(7,3)	(7,8)	(7,9)	(8,4)	(8,5)	(8,6)	(8,7)	(8,8)	(8,9)	(8,10)	(8,14)	(9,4)	(9,5)	(9,6)	(9,7)	(9,8)	(9,9)	(9,10)	(9,11)	(9,12)	(9,13)	(9,14)	(9,15)	(10,4)	(10,5)	(10,6)	(10,7)	(10,8)	(10,9)	(10,10)	(10,11)	(10,12)	(10,13)	(10,14)	(10,15)	(10,16)	(10,17)	(11,4)	(11,5)	(11,6)	(11,7)	(11,8)	(11,9)	(11,10)	(11,11)	(11,12)	(11,13)	(11,14)	(11,15)	(11,16)	(11,17)	(11,18)	(11,19)	(12,6)	(12,7)	(12,8)	(12,9)	(12,10)	(12,11)	(12,12)	(12,13)	(12,14)	(12,15)	(12,16)	(12,17)	(12,18)	(13,8)	(13,9)	(13,10)	(13,11)	(13,12)	(13,13)	(13,14)	(13,15)	(13,16)	(13,17)	(13,18)	(14,11)	(14,12)	(14,13)	(14,14)	(14,15)	(14,16)	(14,17)	(14,18)	(15,13)	(15,14)	(15,15)	(15,16)	(15,17)	(15,18)	(16,11)	(16,13)	(16,14)	(16,15)	(16,16)	(16,17)	(16,18)	(17,12)	(17,13)	(17,14)	(17,15)	(17,16)	(17,17)	(17,18)	(17,19)	(18,12)	(18,16)	(18,17)	(19,16)	(19,18)	
(17,19):(7,3)	(7,8)	(7,9)	(8,4)	(8,5)	(8,6)	(8,7)	(8,8)	(8,9)	(8,10)	(8,14)	(9,4)	(9,5)	(9,6)	(9,7)	(9,8)	(9,9)	(9,10)	(9,11)	(9,12)	(9,13)	(9,14)	(9,15)	(10,4)	(10,5)	(10,6)	(10,7)	(10,8)	(10,9)	(10,10)	(10,11)	(10,12)	(10,13)	(10,14)	(10,15)	(10,16)	(10,17)	(11,4)	(11,5)	(11,6)	(11,7)	(11,8)	(11,9)	(11,10)	(11,11)	(11,12)	(11,13)	(11,14)	(11,15)	(11,16)	(11,17)	(11,18)	(11,19)	(12,6)	(12,7)	(12,8)	(12,9)	(12,10)	(12,11)	(12,12)	(12,13)	(12,14)	(12,15)	(12,16)	(12,17)	(12,18)	(13,7)	(13,8)	(13,9)	(13,10)	(13,11)	(13,12)	(13,13)	(13,14)	(13,15)	(13,16)	(13,17)	(13,18)	(14,10)	(14,11)	(14,12)	(14,13)	(14,14)	(14,15)	(14,16)	(14,17)	(14,18)	(15,13)	(15,14)	(15,15)	(15,16)	(15,17)	(15,18)	(16,11)	(16,13)	(16,14)	(16,15)	(16,16)	(16,17)	(16,18)	(17,12)	(17,13)	(17,14)	(17,15)	(17,16)	(17,17)	(17,18)	(17,19)	
(11,19):(7,3)	(8,4)	(8,5)	(8,6)	(8,7)	(8,8)	(8,9)	(8,10)	(9,4)	(9,5)	(9,6)	(9,7)	(9,8)	(9,9)	(9,10)	(9,11)	(9,12)	(9,13)	(9,14)	(9,15)	(10,4)	(10,5)	(10,6)	(10,7)	(10,8)	(10,9)	(10,10)	(10,11)	(10,12)	(10,13)	(10,14)	(10,15)	(10,16)	(10,17)	(10,20)	(11,4)	(11,5)	(11,6)	(11,7)	(11,8)	(11,9)	(11,10)	(11,11)	(11,12)	(11,13)	(11,14)	(11,15)	(11,16)	(11,17)	(11,18)	(11,19)	(11,20)	(12,3)	(12,6)	(12,7)	(12,8)	(12,9)	(12,10)	(12,11)	(12,12)	(12,13)	(12,14)	(12,15)	(12,16)	(12,17)	(12,18)	(13,6)	(13,7)	(13,8)	(13,9)	(13,10)	(13,11)	(13,12)	(13,13)	(13,14)	(13,15)	(13,16)	(13,17)	(13,18)	(14,4)	(14,5)	(14,6)	(14,7)	(14,8)	(14,9)	(14,10)	(14,11)	(14,12)	(14,13)	(14,14)	(14,15)	(14,16)	(14,17)	(14,18)	(15,5)	(15,13)	(15,14)	(15,15)	(15,16)	(15,17)	(15,18)	(16,13)	(16,14)	(16,15)	(16,16)	(16,17)	(16,18)	(17,12)	(17,13)	(17,14)	(17,15)	(17,16)	(17,17)	(17,18)	(17,19)	(18,12)	(18,16)	(18,17)	(19,16)	
(11,20):(7,3)	(8,4)	(8,5)	(8,6)	(8,7)	(8,8)	(8,9)	(8,10)	(9,4)	(9,5)	(9,6)	(9,7)	(9,8)	(9,9)	(9,10)	(9,11)	(9,12)	(9,13)	(9,14)	(10,4)	(10,5)	(10,6)	(10,7)	(10,8)	(10,9)	(10,10)	(10,11)	(10,12)	(10,13)	(10,14)	(10,15)	(10,16)	(10,17)	(10,20)	(11,4)	(11,5)	(11,6)	(11,7)	(11,8)	(11,9)	(11,10)	(11,11)	(11,12)	(11,13)	(11,14)	(11,15)	(11,16)	(11,17)	(11,18)	(11,19)	(11,20)	
(10,20):(10,4)	(10,5)	(10,6)	(10,7)	(10,8)	(10,9)	(10,10)	(10,11)	(10,12)	(10,13)	(10,14)	(10,15)	(10,16)	(10,17)	(10,20)	(11,4)	(11,5)	(11,6)	(11,7)	(11,8)	(11,9)	(11,10)	(11,11)	(11,12)	(11,13)	(11,14)	(11,15)	(11,16)	(11,17)	(11,18)	(11,19)	(11,20)	(12,3)	(12,6)	(12,7)	(12,8)	(12,9)	(12,10)	(12,11)	(12,12)	(12,13)	(12,14)	(12,15)	(12,16)	(12,17)	(12,18)	(13,6)	(13,7)	(13,8)	(13,9)	(13,10)	(13,11)	(13,12)	(13,13)	(13,14)	(13,15)	(13,16)	(13,17)	(14,4)	(14,5)	(14,6)	(14,7)	(14,8)	(14,9)	(14,10)	(14,11)	(14,12)	(14,13)	(14,14)	(14,15)	(14,16)	(15,5)	(15,13)	(15,14)	(15,15)	(16,13)	(16,14)	(17,12)	(17,13)	(18,12)	
(10,17):(7,3)	(8,4)	(8,5)	(8,6)	(8,7)	(8,8)	(8,9)	(8,10)	(9,4)	(9,5)	(9,6)	(9,7)	(9,8)	(9,9)	(9,10)	(9,11)	(9,12)	(9,13)	(9,14)	(9,15)	(9,17)	(10,4)	(10,5)	(10,6)	(10,7)	(10,8)	(10,9)	(10,10)	(10,11)	(10,12)	(10,13)	(10,14)	(10,15)	(10,16)	(10,17)	(10,20)	(11,4)	(11,5)	(11,6)	(11,7)	(11,8)	(11,9)	(11,10)	(11,11)	(11,12)	(11,13)	(11,14)	(11,15)	(11,16)	(11,17)	(11,18)	(11,19)	(11,20)	(12,3)	(12,6)	(12,7)	(12,8)	(12,9)	(12,10)	(12,11)	(12,12)	(12,13)	(12,14)	(12,15)	(12,16)	(12,17)	(12,18)	(13,6)	(13,7)	(13,8)	(13,9)	(13,10)	(13,11)	(13,12)	(13,13)	(13,14)	(13,15)	(13,16)	(13,17)	(13,18)	(14,4)	(14,5)	(14,6)	(14,7)	(14,8)	(14,9)	(14,10)	(14,11)	(14,12)	(14,13)	(14,14)	(14,15)	(14,16)	(14,17)	(14,18)	(15,5)	(15,13)	(15,14)	(15,15)	(15,16)	(15,17)	(15,18)	(16,13)	(16,14)	(16,15)	(16,16)	(16,17)	(16,18)	(17,13)	(17,14)	(17,15)	(17,16)	(17,17)	(17,18)	(17,19)	(18,12)	(18,16)	(18,17)	(19,16)	(19,18)	
(9,17):(9,4)	(9,5)	(9,6)	(9,7)	(9,8)	(9,9)	(9,10)	(9,11)	(9,12)	(9,13)	(9,14)	(9,15)	(9,17)	(10,4)	(10,5)	(10,6)	(10,7)	(10,8)	(10,9)	(10,10)	(10,11)	(10,12)	(10,13)	(10,14)	(10,15)	(10,16)	(10,17)	(11,4)	(11,5)	(11,6)	(11,7)	(11,8)	(11,9)	(11,10)	(11,11)	(11,12)	(11,13)	(11,14)	(11,15)	(11,16)	(11,17)	(12,3)	(12,6)	(12,7)	(12,8)	(12,9)	(12,10)	(12,11)	(12,12)	(12,13)	(12,14)	(12,15)	(12,16)	(12,17)	(13,6)	(13,7)	(13,8)	(13,9)	(13,10)	(13,11)	(13,12)	(13,13)	(13,14)	(13,15)	(13,16)	(13,17)	(14,4)	(14,5)	(14,6)	(14,7)	(14,8)	(14,9)	(14,10)	(14,11)	(14,12)	(14,13)	(14,14)	(14,15)	(14,16)	(14,17)	(15,5)	(15,13)	(15,14)	(15,15)	(15,16)	(15,17)	(16,13)	(16,14)	(16,15)	(16,16)	(16,17)	(17,13)	(17,14)	(17,15)	(17,16)	(17,17)	(18,12)	(18,16)	(18,17)	(19,16)	
(9,15):(6,14)	(6,15)	(7,3)	(8,4)	(8,5)	(8,6)	(8,7)	(8,8)	(8,9)	(8,10)	(8,14)	(9,4)	(9,5)	(9,6)	(9,7)	(9,8)	(9,9)	(9,10)	(9,11)	(9,12)	(9,13)	(9,14)	(9,15)	(9,17)	(10,4)	(10,5)	(10,6)	(10,7)	(10,8)	(10,9)	(10,10)	(10,11)	(10,12)	(10,13)	(10,14)	(10,15)	(10,16)	(10,17)	(11,4)	(11,5)	(11,6)	(11,7)	(11,8)	(11,9)	(11,10)	(11,11)	(11,12)	(11,13)	(11,14)	(11,15)	(11,16)	(11,17)	(11,18)	(11,19)	(12,3)	(12,6)	(12,7)	(12,8)	(12,9)	(12,10)	(12,11)	(12,12)	(12,13)	(12,14)	(12,15)	(12,16)	(12,17)	(12,18)	(13,6)	(13,7)	(13,8)	(13,9)	(13,10)	(13,11)	(13,12)	(13,13)	(13,14)	(13,15)	(13,16)	(13,17)	(13,18)	(14,4)	(14,5)	(14,6)	(14,7)	(14,8)	(14,9)	(14,10)	(14,11)	(14,12)	(14,13)	(14,14)	(14,15)	(14,16)	(14,17)	(14,18)	(15,5)	(15,13)	(15,14)	(15,15)	(15,16)	(15,17)	(15,18)	(16,13)	(16,14)	(16,15)	(16,16)	(16,17)	(16,18)	(17,13)	(17,14)	(17,15)	(17,16)	(17,17)	(17,18)	(17,19)	(18,16)	(18,17)	(19,18)	
(6,15):(6,14)	(6,15)	(8,14)	(9,14)	(9,15)	(10,13)	(10,14)	(10,15)	(11,13)	(11,14)	(11,15)	(12,12)	(12,13)	(12,14)	(12,15)	(13,12)	(13,13)	(13,14)	(13,15)	(14,11)	(14,12)	(14,13)	(14,14)	(14,15)	(15,13)	(15,14)	(15,15)	(16,13)	(16,14)	(16,15)	(17,13)	(17,14)	(17,15)	
(6,14):(6,14)	(6,15)	(8,14)	(9,14)	(9,15)	(10,14)	(10,15)	(11,14)	(11,15)	(12,14)	(12,15)	(12,16)	(13,14)	(13,15)	(13,16)	(14,14)	(14,15)	(14,16)	(15,14)	(15,15)	(15,16)	(15,17)	(16,14)	(16,15)	(16,16)	(16,17)	(17,14)	(17,15)	(17,16)	(17,17)	(18,16)	(18,17)	(19,18)	
(8,14):(6,14)	(6,15)	(8,4)	(8,5)	(8,6)	(8,7)	(8,8)	(8,9)	(8,10)	(8,14)	(9,4)	(9,5)	(9,6)	(9,7)	(9,8)	(9,9)	(9,10)	(9,11)	(9,12)	(9,13)	(9,14)	(9,15)	(10,4)	(10,5)	(10,6)	(10,7)	(10,8)	(10,9)	(10,10)	(10,11)	(10,12)	(10,13)	(10,14)	(10,15)	(10,16)	(11,4)	(11,5)	(11,6)	(11,7)	(11,8)	(11,9)	(11,10)	(11,11)	(11,12)	(11,13)	(11,14)	(11,15)	(11,16)	(11,17)	(12,3)	(12,6)	(12,7)	(12,8)	(12,9)	(12,10)	(12,11)	(12,12)	(12,13)	(12,14)	(12,15)	(12,16)	(12,17)	(12,18)	(13,6)	(13,7)	(13,8)	(13,9)	(13,10)	(13,11)	(13,12)	(13,13)	(13,14)	(13,15)	(13,16)	(13,17)	(13,18)	(14,5)	(14,6)	(14,7)	(14,8)	(14,9)	(14,10)	(14,11)	(14,12)	(14,13)	(14,14)	(14,15)	(14,16)	(14,17)	(14,18)	(15,5)	(15,13)	(15,14)	(15,15)	(15,16)	(15,17)	(15,18)	(16,13)	(16,14)	(16,15)	(16,16)	(16,17)	(16,18)	(17,13)	(17,14)	(17,15)	(17,16)	(17,17)	(17,18)	(17,19)	(18,16)	(18,17)	(19,18)	
(8,10):(2,7)	(2,8)	(3,7)	(3,8)	(4,8)	(4,9)	(4,10)	(5,8)	(5,9)	(6,9)	(7,3)	(7,8)	(7,9)	(8,4)	(8,5)	(8,6)	(8,7)	(8,8)	(8,9)	(8,10)	(8,14)	(9,4)	(9,5)	(9,6)	(9,7)	(9,8)	(9,9)	(9,10)	(9,11)	(9,12)	(9,13)	(9,14)	(9,15)	(10,4)	(10,5)	(10,6)	(10,7)	(10,8)	(10,9)	(10,10)	(10,11)	(10,12)	(10,13)	(10,14)	(10,15)	(10,16)	(10,17)	(11,4)	(11,5)	(11,6)	(11,7)	(11,8)	(11,9)	(11,10)	(11,11)	(11,12)	(11,13)	(11,14)	(11,15)	(11,16)	(11,17)	(11,18)	(11,19)	(11,20)	(12,3)	(12,6)	(12,7)	(12,8)	(12,9)	(12,10)	(12,11)	(12,12)	(12,13)	(12,14)	(12,15)	(12,16)	(12,17)	(12,18)	(13,6)	(13,7)	(13,8)	(13,9)	(13,10)	(13,11)	(13,12)	(13,13)	(13,14)	(13,15)	(13,16)	(13,17)	(13,18)	(14,6)	(14,7)	(14,8)	(14,9)	(14,10)	(14,11)	(14,12)	(14,13)	(14,14)	(14,15)	(14,16)	(14,17)	(14,18)	(15,5)	(15,13)	(15,14)	(15,15)	(15,16)	(15,17)	(15,18)	(16,14)	(16,15)	(16,16)	(16,17)	(16,18)	(17,14)	(17,15)	(17,16)	(17,17)	(17,18)	(17,19)	(18,16)	(18,17)	(19,18)	
(4,10):(4,3)	(4,4)	(4,5)	(4,6)	(4,7)	(4,8)	(4,9)	(4,10)	(5,2)	(5,8)	(5,9)	(6,9)	(7,8)	(7,9)	(8,8)	(8,9)	(8,10)	(9,7)	(9,8)	(9,9)	(9,10)	(10,6)	(10,7)	(10,8)	(10,9)	(10,10)	(11,6)	(11,7)	(11,8)	(11,9)	(11,10)	(12,6)	(12,7)	(12,8)	(12,9)	(12,10)	(13,6)	(13,7)	(13,8)	(13,9)	(13,10)	(14,6)	(14,7)	(14,8)	(14,9)	(14,10)	
(4,9):(1,9)	(2,7)	(2,8)	(3,2)	(3,7)	(3,8)	(4,3)	(4,4)	(4,5)	(4,6)	(4,7)	(4,8)	(4,9)	(4,10)	(5,2)	(5,8)	(5,9)	(6,9)	(7,8)	(7,9)	(8,8)	(8,9)	(8,10)	(9,8)	(9,9)	(9,10)	(10,7)	(10,8)	(10,9)	(10,10)	(11,7)	(11,8)	(11,9)	(11,10)	(12,7)	(12,8)	(12,9)	(12,10)	(12,11)	(13,6)	(13,7)	(13,8)	(13,9)	(13,10)	(13,11)	(14,6)	(14,7)	(14,8)	(14,9)	(14,10)	(14,11)	
(1,9):(1,1)	(1,9)	(2,1)	(2,7)	(2,8)	(3,7)	(3,8)	(4,6)	(4,7)	(4,8)	(4,9)	(5,8)	(5,9)	(6,9)	(7,8)	(7,9)	(8,8)	(8,9)	(9,8)	(9,9)	(10,8)	(10,9)	(11,8)	(11,9)	(12,8)	(12,9)	(13,7)	(13,8)	(13,9)	(14,7)	(14,8)	(14,9)	
(1,1):(1,1)	(1,9)	(2,1)	(2,7)	(2,8)	
(2,1):(1,1)	(1,9)	(2,1)	(2,7)	(2,8)	
(2,7):(1,1)	(1,9)	(2,1)	(2,7)	(2,8)	(3,7)	(3,8)	(4,7)	(4,8)	(4,9)	(5,8)	(5,9)	(6,9)	(7,9)	(8,9)	(8,10)	(9,10)	(10,10)	(10,11)	(11,10)	(11,11)	(12,11)	(12,12)	(13,11)	(13,12)	(14,11)	(14,12)	(14,13)	(15,13)	(16,14)	(17,14)	
(3,7):(1,9)	(2,7)	(2,8)	(3,2)	(3,7)	(3,8)	(4,3)	(4,4)	(4,5)	(4,6)	(4,7)	(4,8)	(4,9)	(5,2)	(5,8)	(5,9)	(6,9)	(7,9)	(8,10)	(9,10)	(10,11)	(11,11)	(12,12)	(13,12)	(13,13)	(14,13)	(15,13)	(15,14)	(16,14)	(17,14)	(17,15)	(18,16)	
(3,2):(3,2)	(3,7)	(3,8)	(4,3)	(4,4)	(4,5)	(4,6)	(4,7)	(4,8)	(4,9)	(5,2)	(5,8)	(5,9)	
(5,2):(3,2)	(3,7)	(3,8)	(4,3)	(4,4)	(4,5)	(4,6)	(4,7)	(4,8)	(4,9)	(4,10)	(5,2)	(5,8)	(5,9)	
(5,8):(1,9)	(2,7)	(2,8)	(3,2)	(3,7)	(3,8)	(4,3)	(4,4)	(4,5)	(4,6)	(4,7)	(4,8)	(4,9)	(4,10)	(5,2)	(5,8)	(5,9)	(6,9)	(7,8)	(7,9)	(8,8)	(8,9)	(8,10)	(9,8)	(9,9)	(9,10)	(10,8)	(10,9)	(10,10)	(10,11)	(11,8)	(11,9)	(11,10)	(11,11)	(11,12)	(12,8)	(12,9)	(12,10)	(12,11)	(12,12)	(13,8)	(13,9)	(13,10)	(13,11)	(13,12)	(13,13)	(14,8)	(14,9)	(14,10)	(14,11)	(14,12)	(14,13)	(14,14)	(15,13)	(15,14)	(16,14)	(16,15)	(17,14)	(17,15)	(17,16)	(18,16)	
(7,8):(1,9)	(2,8)	(3,8)	(4,8)	(4,9)	(4,10)	(5,8)	(5,9)	(6,9)	(7,3)	(7,8)	(7,9)	(8,4)	(8,5)	(8,6)	(8,7)	(8,8)	(8,9)	(8,10)	(9,4)	(9,5)	(9,6)	(9,7)	(9,8)	(9,9)	(9,10)	(9,11)	(9,12)	(10,4)	(10,5)	(10,6)	(10,7)	(10,8)	(10,9)	(10,10)	(10,11)	(10,12)	(10,13)	(10,14)	(11,4)	(11,5)	(11,6)	(11,7)	(11,8)	(11,9)	(11,10)	(11,11)	(11,12)	(11,13)	(11,14)	(11,15)	(11,16)	(12,3)	(12,6)	(12,7)	(12,8)	(12,9)	(12,10)	(12,11)	(12,12)	(12,13)	(12,14)	(12,15)	(12,16)	(12,17)	(12,18)	(13,6)	(13,7)	(13,8)	(13,9)	(13,10)	(13,11)	(13,12)	(13,13)	(13,14)	(13,15)	(13,16)	(13,17)	(13,18)	(14,6)	(14,7)	(14,8)	(14,9)	(14,10)	(14,11)	(14,12)	(14,13)	(14,14)	(14,15)	(14,16)	(14,17)	(14,18)	(15,13)	(15,14)	(15,15)	(15,16)	(15,17)	(15,18)	(16,14)	(16,15)	(16,16)	(16,17)	(16,18)	(17,15)	(17,16)	(17,17)	(17,18)	(17,19)	(18,16)	(18,17)	(19,18)	
(7,3):(7,3)	(7,8)	(7,9)	(8,4)	(8,5)	(8,6)	(8,7)	(8,8)	(8,9)	(8,10)	(9,4)	(9,5)	(9,6)	(9,7)	(9,8)	(9,9)	(9,10)	(9,11)	(9,12)	(9,13)	(9,14)	(9,15)	(10,4)	(10,5)	(10,6)	(10,7)	(10,8)	(10,9)	(10,10)	(10,11)	(10,12)	(10,13)	(10,14)	(10,15)	(10,16)	(10,17)	(11,4)	(11,5)	(11,6)	(11,7)	(11,8)	(11,9)	(11,10)	(11,11)	(11,12)	(11,13)	(11,14)	(11,15)	(11,16)	(11,17)	(11,18)	(11,19)	(11,20)	(12,3)	(12,6)	(12,7)	(12,8)	(12,9)	(12,10)	(12,11)	(12,12)	(12,13)	(12,14)	(12,15)	(12,16)	(12,17)	(12,18)	(13,7)	(13,8)	(13,9)	(13,10)	(13,11)	(13,12)	(13,13)	(13,14)	(13,15)	(13,16)	(13,17)	(13,18)	(14,8)	(14,9)	(14,10)	(14,11)	(14,12)	(14,13)	(14,14)	(14,15)	(14,16)	(14,17)	(14,18)	(15,13)	(15,14)	(15,15)	(15,16)	(15,17)	(15,18)	(16,15)	(16,16)	(16,17)	(16,18)	(17,16)	(17,17)	(17,18)	(17,19)	(18,17)	(19,18)	
(12,3):(6,9)	(7,3)	(7,8)	(7,9)	(8,4)	(8,5)	(8,6)	(8,7)	(8,8)	(8,9)	(8,10)	(8,14)	(9,4)	(9,5)	(9,6)	(9,7)	(9,8)	(9,9)	(9,10)	(9,11)	(9,12)	(9,13)	(9,14)	(9,15)	(9,17)	(10,4)	(10,5)	(10,6)	(10,7)	(10,8)	(10,9)	(10,10)	(10,11)	(10,12)	(10,13)	(10,14)	(10,15)	(10,16)	(10,17)	(10,20)	(11,4)	(11,5)	(11,6)	(11,7)	(11,8)	(11,9)	(11,10)	(11,11)	(11,12)	(11,13)	(11,14)	(11,15)	(11,16)	(11,17)	(11,18)	(11,19)	(12,3)	(12,6)	(12,7)	(12,8)	(12,9)	(12,10)	(12,11)	(12,12)	(12,13)	(12,14)	(12,15)	(12,16)	(12,17)	(12,18)	
(12,6):(4,10)	(5,9)	(6,9)	(7,3)	(7,8)	(7,9)	(8,4)	(8,5)	(8,6)	(8,7)	(8,8)	(8,9)	(8,10)	(8,14)	(9,4)	(9,5)	(9,6)	(9,7)	(9,8)	(9,9)	(9,10)	(9,11)	(9,12)	(9,13)	(9,14)	(9,15)	(9,17)	(10,4)	(10,5)	(10,6)	(10,7)	(10,8)	(10,9)	(10,10)	(10,11)	(10,12)	(10,13)	(10,14)	(10,15)	(10,16)	(10,17)	(10,20)	(11,4)	(11,5)	(11,6)	(11,7)	(11,8)	(11,9)	(11,10)	(11,11)	(11,12)	(11,13)	(11,14)	(11,15)	(11,16)	(11,17)	(11,18)	(11,19)	(12,3)	(12,6)	(12,7)	(12,8)	(12,9)	(12,10)	(12,11)	(12,12)	(12,13)	(12,14)	(12,15)	(12,16)	(12,17)	(12,18)	(13,6)	(13,7)	(13,8)	(13,9)	(13,10)	(13,11)	(13,12)	(13,13)	(13,14)	(13,15)	(13,16)	(13,17)	(13,18)	(14,6)	(14,7)	(14,8)	(14,9)	(14,10)	(14,11)	(14,12)	(14,13)	(14,14)	(14,15)	(14,16)	(14,17)	(14,18)	(15,13)	(15,14)	(15,15)	(15,16)	(15,17)	(15,18)	(16,16)	(16,17)	(16,18)	(17,18)	(17,19)	
(13,6):(4,9)	(4,10)	(5,9)	(6,9)	(7,8)	(7,9)	(8,6)	(8,7)	(8,8)	(8,9)	(8,10)	(8,14)	(9,6)	(9,7)	(9,8)	(9,9)	(9,10)	(9,11)	(9,12)	(9,13)	(9,14)	(9,15)	(9,17)	(10,6)	(10,7)	(10,8)	(10,9)	(10,10)	(10,11)	(10,12)	(10,13)	(10,14)	(10,15)	(10,16)	(10,17)	(10,20)	(11,6)	(11,7)	(11,8)	(11,9)	(11,10)	(11,11)	(11,12)	(11,13)	(11,14)	(11,15)	(11,16)	(11,17)	(11,18)	(11,19)	(12,6)	(12,7)	(12,8)	(12,9)	(12,10)	(12,11)	(12,12)	(12,13)	(12,14)	(12,15)	(12,16)	(12,17)	(12,18)	(13,4)	(13,6)	(13,7)	(13,8)	(13,9)	(13,10)	(13,11)	(13,12)	(13,13)	(13,14)	(13,15)	(13,16)	(13,17)	(13,18)	(14,4)	(14,5)	(14,6)	(14,7)	(14,8)	(14,9)	(14,10)	(14,11)	(14,12)	(14,13)	(14,14)	(14,15)	(14,16)	(14,17)	(14,18)	(15,5)	(15,13)	(15,14)	(15,15)	(15,16)	(15,17)	(15,18)	(16,17)	(16,18)	
(13,4):(13,4)	(13,6)	(13,7)	(13,8)	(13,9)	(13,10)	(13,11)	(13,12)	(13,13)	(13,14)	(13,15)	(13,16)	(13,17)	(13,18)	(14,4)	(14,5)	(14,6)	(14,7)	(14,8)	(14,9)	(14,10)	(14,11)	(14,12)	(14,13)	(14,14)	(14,15)	(14,16)	(14,17)	(14,18)	(15,13)	(15,14)	(15,15)	(15,16)	(15,17)	(15,18)	(16,18)	
(14,4):(9,14)	(9,15)	(9,17)	(10,12)	(10,13)	(10,14)	(10,15)	(10,16)	(10,17)	(10,20)	(11,10)	(11,11)	(11,12)	(11,13)	(11,14)	(11,15)	(11,16)	(11,17)	(11,18)	(11,19)	(12,8)	(12,9)	(12,10)	(12,11)	(12,12)	(12,13)	(12,14)	(12,15)	(12,16)	(12,17)	(12,18)	(13,4)	(13,6)	(13,7)	(13,8)	(13,9)	(13,10)	(13,11)	(13,12)	(13,13)	(13,14)	(13,15)	(13,16)	(13,17)	(13,18)	(14,4)	(14,5)	(14,6)	(14,7)	(14,8)	(14,9)	(14,10)	(14,11)	(14,12)	(14,13)	(14,14)	(14,15)	(14,16)	(14,17)	(14,18)	
(14,5):(8,14)	(9,10)	(9,11)	(9,12)	(9,13)	(9,14)	(9,15)	(9,17)	(10,9)	(10,10)	(10,11)	(10,12)	(10,13)	(10,14)	(10,15)	(10,16)	(10,17)	(10,20)	(11,8)	(11,9)	(11,10)	(11,11)	(11,12)	(11,13)	(11,14)	(11,15)	(11,16)	(11,17)	(11,18)	(11,19)	(12,7)	(12,8)	(12,9)	(12,10)	(12,11)	(12,12)	(12,13)	(12,14)	(12,15)	(12,16)	(12,17)	(12,18)	(13,4)	(13,6)	(13,7)	(13,8)	(13,9)	(13,10)	(13,11)	(13,12)	(13,13)	(13,14)	(13,15)	(13,16)	(13,17)	(13,18)	(14,4)	(14,5)	(14,6)	(14,7)	(14,8)	(14,9)	(14,10)	(14,11)	(14,12)	(14,13)	(14,14)	(14,15)	(14,16)	(14,17)	(14,18)	(15,5)	(15,13)	(15,14)	(15,15)	(15,16)	(15,17)	(15,18)	
(15,5):(7,9)	(8,9)	(8,10)	(8,14)	(9,8)	(9,9)	(9,10)	(9,11)	(9,12)	(9,13)	(9,14)	(9,15)	(9,17)	(10,8)	(10,9)	(10,10)	(10,11)	(10,12)	(10,13)	(10,14)	(10,15)	(10,16)	(10,17)	(10,20)	(11,7)	(11,8)	(11,9)	(11,10)	(11,11)	(11,12)	(11,13)	(11,14)	(11,15)	(11,16)	(11,17)	(11,18)	(11,19)	(12,7)	(12,8)	(12,9)	(12,10)	(12,11)	(12,12)	(12,13)	(12,14)	(12,15)	(12,16)	(12,17)	(12,18)	(13,6)	(13,7)	(13,8)	(13,9)	(13,10)	(13,11)	(13,12)	(13,13)	(13,14)	(13,15)	(13,16)	(13,17)	(13,18)	(14,5)	(14,6)	(14,7)	(14,8)	(14,9)	(14,10)	(14,11)	(14,12)	(14,13)	(14,14)	(14,15)	(14,16)	(14,17)	(14,18)	(15,5)	(15,13)	(15,14)	(15,15)	(15,16)	(15,17)	(15,18)	
(15,13):(2,7)	(3,7)	(4,8)	(5,8)	(6,9)	(6,15)	(7,3)	(7,8)	(7,9)	(8,4)	(8,5)	(8,6)	(8,7)	(8,8)	(8,9)	(8,10)	(8,14)	(9,4)	(9,5)	(9,6)	(9,7)	(9,8)	(9,9)	(9,10)	(9,11)	(9,12)	(9,13)	(9,14)	(9,15)	(9,17)	(10,4)	(10,5)	(10,6)	(10,7)	(10,8)	(10,9)	(10,10)	(10,11)	(10,12)	(10,13)	(10,14)	(10,15)	(10,16)	(10,17)	(10,20)	(11,4)	(11,5)	(11,6)	(11,7)	(11,8)	(11,9)	(11,10)	(11,11)	(11,12)	(11,13)	(11,14)	(11,15)	(11,16)	(11,17)	(11,18)	(11,19)	(12,6)	(12,7)	(12,8)	(12,9)	(12,10)	(12,11)	(12,12)	(12,13)	(12,14)	(12,15)	(12,16)	(12,17)	(12,18)	(13,4)	(13,6)	(13,7)	(13,8)	(13,9)	(13,10)	(13,11)	(13,12)	(13,13)	(13,14)	(13,15)	(13,16)	(13,17)	(13,18)	(14,5)	(14,6)	(14,7)	(14,8)	(14,9)	(14,10)	(14,11)	(14,12)	(14,13)	(14,14)	(14,15)	(14,16)	(14,17)	(14,18)	(15,5)	(15,13)	(15,14)	(15,15)	(15,16)	(15,17)	(15,18)	(16,13)	(16,14)	(16,15)	(16,16)	(16,17)	(16,18)	(17,13)	(17,14)	(17,15)	(17,16)	(17,17)	(17,18)	(17,19)	(18,16)	(18,17)	(19,18)	
(16,13):(6,15)	(8,14)	(9,13)	(9,14)	(9,15)	(9,17)	(10,13)	(10,14)	(10,15)	(10,16)	(10,17)	(10,20)	(11,13)	(11,14)	(11,15)	(11,16)	(11,17)	(11,18)	(11,19)	(12,13)	(12,14)	(12,15)	(12,16)	(12,17)	(12,18)	(13,13)	(13,14)	(13,15)	(13,16)	(13,17)	(13,18)	(14,13)	(14,14)	(14,15)	(14,16)	(14,17)	(14,18)	(15,13)	(15,14)	(15,15)	(15,16)	(15,17)	(15,18)	(16,11)	(16,13)	(16,14)	(16,15)	(16,16)	(16,17)	(16,18)	(17,12)	(17,13)	(17,14)	(17,15)	(17,16)	(17,17)	(17,18)	(17,19)	(18,12)	(18,16)	(18,17)	(19,18)	(20,11)	
(16,11):(16,11)	(16,13)	(16,14)	(16,15)	(16,16)	(16,17)	(16,18)	(17,12)	(17,13)	(17,14)	(17,15)	(17,16)	(17,17)	(17,18)	(17,19)	(18,12)	(18,16)	(18,17)	(20,11)	(20,12)	
(20,11):(16,11)	(16,13)	(17,12)	(18,12)	(20,11)	(20,12)	
(20,12):(16,11)	(17,12)	(18,12)	(20,11)	(20,12)	
(18,12):45.166668
(18,16):91.195053
(19,16):25.687500
(19,18):84.344444
(17,18):116.003571
(17,19):107.959709
(11,19):125.692307
(11,20):44.333332
(10,20):70.857140
(10,17):125.504547
(9,17):91.672729
(9,15):124.126984
(6,15):27.650000
(6,14):27.416666
(8,14):113.949997
(8,10):132.919052
(4,10):43.222221
(4,9):56.291668
(1,9):31.333334
(1,1):8.333333
(2,1):8.000000
(2,7):31.756411
(3,7):32.500000
(3,2):15.595238
(5,2):15.800000
(5,8):61.942307
(7,8):115.240532
(7,3):111.216667
(12,3):68.150566
(12,6):116.768684
(13,6):102.878433
(13,4):32.500000
(14,4):50.150002
(14,5):78.976189
(15,5):84.246033
(15,13):130.620651
(16,13):61.583332
(16,11):17.799999
(20,11):5.000000
(20,12):4.000000
(18,12),(18,16):42.714287
(18,12),(19,16):23.437500
(18,12),(19,18):29.694445
(18,12),(17,18):42.761906
(18,12),(17,19):35.523811
(18,12),(11,19):41.366665
(18,12),(11,20):3.892857
(18,12),(10,20):17.785715
(18,12),(10,17):40.966667
(18,12),(9,17):25.150000
(18,12),(9,15):38.238094
(18,12),(6,15):8.400000
(18,12),(6,14):17.600000
(18,12),(8,14):33.666668
(18,12),(8,10):36.158024
(18,12),(4,10):0.000000
(18,12),(4,9):0.000000
(18,12),(1,9):0.000000
(18,12),(1,1):0.000000
(18,12),(2,1):0.000000
(18,12),(2,7):1.543077
(18,12),(3,7):4.147727
(18,12),(3,2):0.000000
(18,12),(5,2):0.000000
(18,12),(5,8):6.208333
(18,12),(7,8):29.793056
(18,12),(7,3):32.765865
(18,12),(12,3):8.250000
(18,12),(12,6):29.729692
(18,12),(13,6):27.611607
(18,12),(13,4):13.975000
(18,12),(14,4):17.250000
(18,12),(14,5):24.735294
(18,12),(15,5):22.500000
(18,12),(15,13):39.166668
(18,12),(16,13):44.166668
(18,12),(16,11):16.916666
(18,12),(20,11):5.000000
(18,12),(20,12):4.000000
(18,16),(19,16):25.687500
(18,16),(19,18):76.344444
(18,16),(17,18):88.345238
(18,16),(17,19):78.607140
(18,16),(11,19):82.464287
(18,16),(11,20):27.547619
(18,16),(10,20):38.500000
(18,16),(10,17):82.547623
(18,16),(9,17):56.142857
(18,16),(9,15):82.265877
(18,16),(6,15):25.066668
(18,16),(6,14):26.916666
(18,16),(8,14):74.900002
(18,16),(8,10):82.260277
(18,16),(4,10):11.307693
(18,16),(4,9):13.522436
(18,16),(1,9):6.023809
(18,16),(1,1):0.000000
(18,16),(2,1):0.000000
(18,16),(2,7):12.860577
(18,16),(3,7):11.480769
(18,16),(3,2):0.439103
(18,16),(5,2):0.430769
(18,16),(5,8):28.006411
(18,16),(7,8):67.657196
(18,16),(7,3):73.961861
(18,16),(12,3):43.109310
(18,16),(12,6):73.133011
(18,16),(13,6):70.753250
(18,16),(13,4):18.000000
(18,16),(14,4):37.784462
(18,16),(14,5):56.903942
(18,16),(15,5):59.880951
(18,16),(15,13):86.178574
(18,16),(16,13):59.464287
(18,16),(16,11):15.550000
(18,16),(20,11):3.000000
(18,16),(20,12):2.000000
(19,16),(19,18):18.944445
(19,16),(17,18):25.511906
(19,16),(17,19):21.357143
(19,16),(11,19):24.604166
(19,16),(11,20):3.354167
(19,16),(10,20):7.687500
(19,16),(10,17):25.687500
(19,16),(9,17):10.000000
(19,16),(9,15):24.444445
(19,16),(6,15):0.000000
(19,16),(6,14):7.916667
(19,16),(8,14):19.900000
(19,16),(8,10):24.359678
(19,16),(4,10):0.000000
(19,16),(4,9):0.000000
(19,16),(1,9):0.000000
(19,16),(1,1):0.000000
(19,16),(2,1):0.000000
(19,16),(2,7):0.000000
(19,16),(3,7):0.000000
(19,16),(3,2):0.000000
(19,16),(5,2):0.000000
(19,16),(5,8):1.025641
(19,16),(7,8):18.886364
(19,16),(7,3):23.278099
(19,16),(12,3):7.187500
(19,16),(12,6):21.116072
(19,16),(13,6):19.846230
(19,16),(13,4):8.954545
(19,16),(14,4):13.187500
(19,16),(14,5):17.875000
(19,16),(15,5):16.187500
(19,16),(15,13):25.187500
(19,16),(16,13):24.937500
(19,16),(16,11):5.300000
(19,16),(20,11):0.000000
(19,16),(20,12):0.000000
(19,18),(17,18):83.511902
(19,18),(17,19):77.857140
(19,18),(11,19):79.010414
(19,18),(11,20):32.333332
(19,18),(10,20):38.133774
(19,18),(10,17):80.006943
(19,18),(9,17):57.250000
(19,18),(9,15):80.570137
(19,18),(6,15):22.137012
(19,18),(6,14):25.066668
(19,18),(8,14):73.439705
(19,18),(8,10):81.873055
(19,18),(4,10):13.828260
(19,18),(4,9):15.761513
(19,18),(1,9):6.638970
(19,18),(1,1):0.000000
(19,18),(2,1):0.000000
(19,18),(2,7):11.995746
(19,18),(3,7):9.800000
(19,18),(3,2):0.000000
(19,18),(5,2):0.000000
(19,18),(5,8):28.775640
(19,18),(7,8):70.113640
(19,18),(7,3):75.372223
(19,18),(12,3):47.355034
(19,18),(12,6):73.612946
(19,18),(13,6):68.294823
(19,18),(13,4):15.277778
(19,18),(14,4):34.921452
(19,18),(14,5):52.993057
(19,18),(15,5):57.329903
(19,18),(15,13):83.347672
(19,18),(16,13):45.620914
(19,18),(16,11):8.800000
(19,18),(20,11):0.200000
(19,18),(20,12):0.000000
(17,18),(17,19):106.182144
(17,18),(11,19):109.991669
(17,18),(11,20):43.341667
(17,18),(10,20):55.277382
(17,18),(10,17):109.930656
(17,18),(9,17):77.398308
(17,18),(9,15):108.602776
(17,18),(6,15):24.941668
(17,18),(6,14):25.750000
(17,18),(8,14):98.808334
(17,18),(8,10):108.175636
(17,18),(4,10):22.293478
(17,18),(4,9):23.016340
(17,18),(1,9):9.700000
(17,18),(1,1):0.000000
(17,18),(2,1):0.000000
(17,18),(2,7):13.015385
(17,18),(3,7):10.321428
(17,18),(3,2):0.000000
(17,18),(5,2):0.000000
(17,18),(5,8):34.025642
(17,18),(7,8):94.148865
(17,18),(7,3):101.294724
(17,18),(12,3):62.894257
(17,18),(12,6):99.623268
(17,18),(13,6):84.326759
(17,18),(13,4):21.000000
(17,18),(14,4):43.527988
(17,18),(14,5):65.107140
(17,18),(15,5):69.835342
(17,18),(15,13):111.222992
(17,18),(16,13):58.548363
(17,18),(16,11):15.883333
(17,18),(20,11):3.083333
(17,18),(20,12):2.083333
(17,19),(11,19):103.202560
(17,19),(11,20):43.302563
(17,19),(10,20):55.685898
(17,19),(10,17):103.543037
(17,19),(9,17):73.245422
(17,19),(9,15):102.602562
(17,19),(6,15):22.457144
(17,19),(6,14):19.666666
(17,19),(8,14):93.165062
(17,19),(8,10):103.969444
(17,19),(4,10):23.394558
(17,19),(4,9):24.259090
(17,19),(1,9):10.166667
(17,19),(1,1):0.000000
(17,19),(2,1):0.000000
(17,19),(2,7):12.389423
(17,19),(3,7):8.800000
(17,19),(3,2):0.000000
(17,19),(5,2):0.000000
(17,19),(5,8):31.833334
(17,19),(7,8):90.602562
(17,19),(7,3):100.299637
(17,19),(12,3):62.664837
(17,19),(12,6):100.950180
(17,19),(13,6):85.517860
(17,19),(13,4):22.000000
(17,19),(14,4):44.457142
(17,19),(14,5):66.294640
(17,19),(15,5):71.034286
(17,19),(15,13):105.706352
(17,19),(16,13):49.807144
(17,19),(16,11):8.000000
(17,19),(20,11):1.750000
(17,19),(20,12):1.000000
(11,19),(11,20):44.333332
(11,19),(10,20):70.857140
(11,19),(10,17):123.871216
(11,19),(9,17):90.439392
(11,19),(9,15):119.793648
(11,19),(6,15):24.850000
(11,19),(6,14):24.388889
(11,19),(8,14):110.616669
(11,19),(8,10):118.027382
(11,19),(4,10):29.858585
(11,19),(4,9):31.441668
(11,19),(1,9):12.824561
(11,19),(1,1):0.000000
(11,19),(2,1):0.000000
(11,19),(2,7):12.943911
(11,19),(3,7):10.050000
(11,19),(3,2):0.000000
(11,19),(5,2):0.000000
(11,19),(5,8):37.442307
(11,19),(7,8):104.407196
(11,19),(7,3):108.641594
(11,19),(12,3):62.468750
(11,19),(12,6):108.817093
(11,19),(13,6):94.258240
(11,19),(13,4):32.192307
(11,19),(14,4):48.717308
(11,19),(14,5):76.335167
(11,19),(15,5):79.851646
(11,19),(15,13):120.034569
(11,19),(16,13):55.333332
(11,19),(16,11):14.380208
(11,19),(20,11):1.833333
(11,19),(20,12):1.250000
(11,20),(10,20):17.000000
(11,20),(10,17):44.250000
(11,20),(9,17):26.500000
(11,20),(9,15):41.500000
(11,20),(6,15):3.869048
(11,20),(6,14):2.479167
(11,20),(8,14):35.250000
(11,20),(8,10):43.047619
(11,20),(4,10):11.888889
(11,20),(4,9):10.367424
(11,20),(1,9):4.770635
(11,20),(1,1):0.000000
(11,20),(2,1):0.000000
(11,20),(2,7):3.916667
(11,20),(3,7):1.994118
(11,20),(3,2):0.000000
(11,20),(5,2):0.000000
(11,20),(5,8):9.600000
(11,20),(7,8):35.333332
(11,20),(7,3):43.244049
(11,20),(12,3):44.302082
(11,20),(12,6):44.294872
(11,20),(13,6):32.256409
(11,20),(13,4):0.000000
(11,20),(14,4):11.400000
(11,20),(14,5):19.392857
(11,20),(15,5):24.900621
(11,20),(15,13):43.904762
(11,20),(16,13):9.250000
(11,20),(16,11):0.000000
(11,20),(20,11):0.000000
(11,20),(20,12):0.000000
(10,20),(10,17):69.454544
(10,20),(9,17):63.939392
(10,20),(9,15):66.311111
(10,20),(6,15):18.375000
(10,20),(6,14):9.833333
(10,20),(8,14):63.371429
(10,20),(8,10):65.489288
(10,20),(4,10):22.222221
(10,20),(4,9):24.791666
(10,20),(1,9):9.583333
(10,20),(1,1):0.000000
(10,20),(2,1):0.000000
(10,20),(2,7):9.368421
(10,20),(3,7):5.883333
(10,20),(3,2):0.000000
(10,20),(5,2):0.000000
(10,20),(5,8):26.299999
(10,20),(7,8):59.397434
(10,20),(7,3):61.224602
(10,20),(12,3):32.468750
(10,20),(12,6):64.561539
(10,20),(13,6):60.938950
(10,20),(13,4):22.435064
(10,20),(14,4):40.971428
(10,20),(14,5):56.186508
(10,20),(15,5):57.500000
(10,20),(15,13):66.247025
(10,20),(16,13):26.869047
(10,20),(16,11):2.785714
(10,20),(20,11):1.785714
(10,20),(20,12):1.214286
(10,17),(9,17):91.572731
(10,17),(9,15):121.126984
(10,17),(6,15):24.850000
(10,17),(6,14):24.666666
(10,17),(8,14):110.949997
(10,17),(8,10):118.710716
(10,17),(4,10):29.742222
(10,17),(4,9):31.335144
(10,17),(1,9):12.747294
(10,17),(1,1):0.000000
(10,17),(2,1):0.000000
(10,17),(2,7):12.914305
(10,17),(3,7):10.041667
(10,17),(3,2):0.000000
(10,17),(5,2):0.000000
(10,17),(5,8):37.347069
(10,17),(7,8):104.490532
(10,17),(7,3):109.352379
(10,17),(12,3):63.218750
(10,17),(12,6):109.568680
(10,17),(13,6):94.770477
(10,17),(13,4):31.954546
(10,17),(14,4):49.479546
(10,17),(14,5):77.097404
(10,17),(15,5):80.752029
(10,17),(15,13):120.880142
(10,17),(16,13):55.633335
(10,17),(16,11):13.600000
(10,17),(20,11):0.800000
(10,17),(20,12):0.550000
(9,17),(9,15):90.626984
(9,17),(6,15):24.400000
(9,17),(6,14):21.916666
(9,17),(8,14):87.949997
(9,17),(8,10):86.746429
(9,17),(4,10):25.888889
(9,17),(4,9):28.000000
(9,17),(1,9):11.000000
(9,17),(1,1):0.000000
(9,17),(2,1):0.000000
(9,17),(2,7):11.673077
(9,17),(3,7):9.450000
(9,17),(3,2):0.000000
(9,17),(5,2):0.000000
(9,17),(5,8):34.358974
(9,17),(7,8):79.240532
(9,17),(7,3):78.366669
(9,17),(12,3):42.000000
(9,17),(12,6):78.428574
(9,17),(13,6):70.558441
(9,17),(13,4):25.550505
(9,17),(14,4):40.272728
(9,17),(14,5):61.272728
(9,17),(15,5):63.818180
(9,17),(15,13):87.781654
(9,17),(16,13):37.733334
(9,17),(16,11):9.600000
(9,17),(20,11):0.400000
(9,17),(20,12):0.275000
(9,15),(6,15):27.650000
(9,15),(6,14):27.416666
(9,15),(8,14):113.949997
(9,15),(8,10):118.246429
(9,15),(4,10):29.516340
(9,15),(4,9):31.135416
(9,15),(1,9):12.604301
(9,15),(1,1):0.000000
(9,15),(2,1):0.000000
(9,15),(2,7):12.863553
(9,15),(3,7):10.027778
(9,15),(3,2):0.000000
(9,15),(5,2):0.000000
(9,15),(5,8):37.175640
(9,15),(7,8):103.740532
(9,15),(7,3):107.680954
(9,15),(12,3):61.681820
(9,15),(12,6):108.107140
(9,15),(13,6):93.166466
(9,15),(13,4):31.611111
(9,15),(14,4):47.361111
(9,15),(14,5):76.194443
(9,15),(15,5):80.121216
(9,15),(15,13):120.834496
(9,15),(16,13):55.571430
(9,15),(16,11):12.371428
(9,15),(20,11):0.000000
(9,15),(20,12):0.000000
(6,15),(6,14):12.000000
(6,15),(8,14):27.500000
(6,15),(8,10):23.321428
(6,15),(4,10):0.000000
(6,15),(4,9):1.041667
(6,15),(1,9):0.000000
(6,15),(1,1):0.000000
(6,15),(2,1):0.000000
(6,15),(2,7):5.756410
(6,15),(3,7):6.314394
(6,15),(3,2):0.000000
(6,15),(5,2):0.000000
(6,15),(5,8):11.107142
(6,15),(7,8):19.387501
(6,15),(7,3):20.130953
(6,15),(12,3):8.181818
(6,15),(12,6):20.357143
(6,15),(13,6):20.133928
(6,15),(13,4):8.444445
(6,15),(14,4):13.916667
(6,15),(14,5):19.833334
(6,15),(15,5):19.638889
(6,15),(15,13):26.964285
(6,15),(16,13):21.150000
(6,15),(16,11):4.400000
(6,15),(20,11):0.000000
(6,15),(20,12):0.000000
(6,14),(8,14):27.400000
(6,14),(8,10):25.104761
(6,14),(4,10):0.000000
(6,14),(4,9):0.000000
(6,14),(1,9):0.000000
(6,14),(1,1):0.000000
(6,14),(2,1):0.000000
(6,14),(2,7):0.839744
(6,14),(3,7):3.083333
(6,14),(3,2):0.000000
(6,14),(5,2):0.000000
(6,14),(5,8):5.775641
(6,14),(7,8):21.823864
(6,14),(7,3):20.457144
(6,14),(12,3):5.681818
(6,14),(12,6):17.035715
(6,14),(13,6):15.695959
(6,14),(13,4):7.142222
(6,14),(14,4):9.416667
(6,14),(14,5):14.314312
(6,14),(15,5):13.388889
(6,14),(15,13):26.714285
(6,14),(16,13):26.500000
(6,14),(16,11):8.133333
(6,14),(20,11):0.000000
(6,14),(20,12):0.000000
(8,14),(8,10):109.146431
(8,14),(4,10):28.888889
(8,14),(4,9):30.625000
(8,14),(1,9):12.250000
(8,14),(1,1):0.000000
(8,14),(2,1):0.000000
(8,14),(2,7):12.756411
(8,14),(3,7):10.000000
(8,14),(3,2):0.000000
(8,14),(5,2):0.000000
(8,14),(5,8):36.775642
(8,14),(7,8):98.990532
(8,14),(7,3):98.514282
(8,14),(12,3):52.681820
(8,14),(12,6):98.607140
(8,14),(13,6):86.255356
(8,14),(13,4):31.299999
(8,14),(14,4):42.049999
(8,14),(14,5):70.883331
(8,14),(15,5):74.826385
(8,14),(15,13):111.066963
(8,14),(16,13):50.250000
(8,14),(16,11):12.050000
(8,14),(20,11):0.000000
(8,14),(20,12):0.000000
(8,10),(4,10):37.555557
(8,10),(4,9):44.250000
(8,10),(1,9):21.758333
(8,10),(1,1):1.820652
(8,10),(2,1):1.625000
(8,10),(2,7):24.131411
(8,10),(3,7):20.708334
(8,10),(3,2):4.803571
(8,10),(5,2):4.765152
(8,10),(5,8):50.150642
(8,10),(7,8):114.115532
(8,10),(7,3):110.828575
(8,10),(12,3):66.283035
(8,10),(12,6):114.832970
(8,10),(13,6):99.255356
(8,10),(13,4):30.888889
(8,10),(14,4):46.867645
(8,10),(14,5):75.337242
(8,10),(15,5):81.564285
(8,10),(15,13):123.873627
(8,10),(16,13):51.432068
(8,10),(16,11):10.085714
(8,10),(20,11):0.000000
(8,10),(20,12):0.000000
(4,10),(4,9):38.666668
(4,10),(1,9):18.833334
(4,10),(1,1):0.000000
(4,10),(2,1):0.000000
(4,10),(2,7):8.500000
(4,10),(3,7):11.750000
(4,10),(3,2):8.595238
(4,10),(5,2):8.000000
(4,10),(5,8):28.000000
(4,10),(7,8):37.000000
(4,10),(7,3):27.633333
(4,10),(12,3):20.333334
(4,10),(12,6):34.533333
(4,10),(13,6):34.388889
(4,10),(13,4):8.615385
(4,10),(14,4):8.222222
(4,10),(14,5):16.888889
(4,10),(15,5):24.888889
(4,10),(15,13):33.747353
(4,10),(16,13):0.000000
(4,10),(16,11):0.000000
(4,10),(20,11):0.000000
(4,10),(20,12):0.000000
(4,9),(1,9):25.833334
(4,9),(1,1):2.833333
(4,9),(2,1):2.500000
(4,9),(2,7):18.458334
(4,9),(3,7):23.000000
(4,9),(3,2):15.595238
(4,9),(5,2):15.800000
(4,9),(5,8):45.291668
(4,9),(7,8):41.791668
(4,9),(7,3):29.532143
(4,9),(12,3):18.166666
(4,9),(12,6):36.325001
(4,9),(13,6):37.291668
(4,9),(13,4):11.500000
(4,9),(14,4):11.666667
(4,9),(14,5):22.691668
(4,9),(15,5):30.791666
(4,9),(15,13):37.522434
(4,9),(16,13):0.000000
(4,9),(16,11):0.000000
(4,9),(20,11):0.000000
(4,9),(20,12):0.000000
(1,9),(1,1):8.333333
(1,9),(2,1):8.000000
(1,9),(2,7):15.500000
(1,9),(3,7):11.000000
(1,9),(3,2):6.166667
(1,9),(5,2):6.800000
(1,9),(5,8):20.166666
(1,9),(7,8):19.333334
(1,9),(7,3):12.495652
(1,9),(12,3):7.583333
(1,9),(12,6):14.583333
(1,9),(13,6):14.833333
(1,9),(13,4):4.333333
(1,9),(14,4):4.060606
(1,9),(14,5):8.233334
(1,9),(15,5):11.833333
(1,9),(15,13):17.897436
(1,9),(16,13):0.000000
(1,9),(16,11):0.000000
(1,9),(20,11):0.000000
(1,9),(20,12):0.000000
(1,1),(2,1):8.000000
(1,1),(2,7):8.333333
(1,1),(3,7):2.333333
(1,1),(3,2):0.000000
(1,1),(5,2):0.015686
(1,1),(5,8):2.500000
(1,1),(7,8):1.250000
(1,1),(7,3):0.000000
(1,1),(12,3):0.000000
(1,1),(12,6):0.000000
(1,1),(13,6):0.000000
(1,1),(13,4):0.000000
(1,1),(14,4):0.000000
(1,1),(14,5):0.000000
(1,1),(15,5):0.000000
(1,1),(15,13):0.461538
(1,1),(16,13):0.000000
(1,1),(16,11):0.000000
(1,1),(20,11):0.000000
(1,1),(20,12):0.000000
(2,1),(2,7):8.000000
(2,1),(3,7):2.000000
(2,1),(3,2):0.000000
(2,1),(5,2):0.000000
(2,1),(5,8):2.166667
(2,1),(7,8):1.000000
(2,1),(7,3):0.000000
(2,1),(12,3):0.000000
(2,1),(12,6):0.000000
(2,1),(13,6):0.000000
(2,1),(13,4):0.000000
(2,1),(14,4):0.000000
(2,1),(14,5):0.000000
(2,1),(15,5):0.000000
(2,1),(15,13):0.445055
(2,1),(16,13):0.000000
(2,1),(16,11):0.000000
(2,1),(20,11):0.000000
(2,1),(20,12):0.000000
(2,7),(3,7):17.250000
(2,7),(3,2):5.166667
(2,7),(5,2):5.300000
(2,7),(5,8):25.750000
(2,7),(7,8):21.020834
(2,7),(7,3):12.416667
(2,7),(12,3):8.333333
(2,7),(12,6):15.729437
(2,7),(13,6):15.958333
(2,7),(13,4):4.031250
(2,7),(14,4):5.700000
(2,7),(14,5):9.933333
(2,7),(15,5):13.183333
(2,7),(15,13):17.987179
(2,7),(16,13):1.923077
(2,7),(16,11):1.153846
(2,7),(20,11):0.000000
(2,7),(20,12):0.000000
(3,7),(3,2):15.416667
(3,7),(5,2):15.550000
(3,7),(5,8):32.500000
(3,7),(7,8):17.937500
(3,7),(7,3):7.807693
(3,7),(12,3):5.216667
(3,7),(12,6):10.518163
(3,7),(13,6):10.598276
(3,7),(13,4):2.384615
(3,7),(14,4):3.273077
(3,7),(14,5):5.609797
(3,7),(15,5):7.700000
(3,7),(15,13):14.250000
(3,7),(16,13):5.250000
(3,7),(16,11):2.800000
(3,7),(20,11):0.000000
(3,7),(20,12):0.000000
(3,2),(5,2):14.928572
(3,2),(5,8):15.595238
(3,2),(7,8):3.595238
(3,2),(7,3):0.000000
(3,2),(12,3):0.166667
(3,2),(12,6):1.503823
(3,2),(13,6):1.695238
(3,2),(13,4):0.000000
(3,2),(14,4):0.000000
(3,2),(14,5):0.000000
(3,2),(15,5):0.095238
(3,2),(15,13):1.670635
(3,2),(16,13):0.000000
(3,2),(16,11):0.000000
(3,2),(20,11):0.000000
(3,2),(20,12):0.000000
(5,2),(5,8):15.800000
(5,2),(7,8):3.600000
(5,2),(7,3):0.000000
(5,2),(12,3):0.000000
(5,2),(12,6):1.000000
(5,2),(13,6):1.166667
(5,2),(13,4):0.000000
(5,2),(14,4):0.000000
(5,2),(14,5):0.000000
(5,2),(15,5):0.000000
(5,2),(15,13):1.696864
(5,2),(16,13):0.000000
(5,2),(16,11):0.000000
(5,2),(20,11):0.000000
(5,2),(20,12):0.000000
(5,8),(7,8):47.157196
(5,8),(7,3):34.714287
(5,8),(12,3):17.333334
(5,8),(12,6):37.366665
(5,8),(13,6):37.323528
(5,8),(13,4):12.362319
(5,8),(14,4):14.750000
(5,8),(14,5):26.322727
(5,8),(15,5):32.333332
(5,8),(15,13):43.250000
(5,8),(16,13):8.100000
(5,8),(16,11):4.121212
(5,8),(20,11):0.000000
(5,8),(20,12):0.000000
(7,8),(7,3):99.050003
(7,8),(12,3):53.000000
(7,8),(12,6):101.307144
(7,8),(13,6):85.059525
(7,8),(13,4):30.500000
(7,8),(14,4):37.416668
(7,8),(14,5):61.333332
(7,8),(15,5):67.416664
(7,8),(15,13):106.842262
(7,8),(16,13):39.437500
(7,8),(16,11):9.300000
(7,8),(20,11):0.000000
(7,8),(20,12):0.000000
(7,3),(12,3):62.885418
(7,3),(12,6):106.535347
(7,3),(13,6):89.282600
(7,3),(13,4):27.600000
(7,3),(14,4):45.847435
(7,3),(14,5):70.109528
(7,3),(15,5):75.210175
(7,3),(15,13):108.794853
(7,3),(16,13):46.251083
(7,3),(16,11):6.575000
(7,3),(20,11):0.000000
(7,3),(20,12):0.000000
(12,3),(12,6):68.143356
(12,3),(13,6):53.104897
(12,3),(13,4):0.000000
(12,3),(14,4):23.150000
(12,3),(14,5):35.074677
(12,3),(15,5):43.288960
(12,3),(15,13):64.569916
(12,3),(16,13):18.765152
(12,3),(16,11):0.000000
(12,3),(20,11):0.000000
(12,3),(20,12):0.000000
(12,6),(13,6):99.515938
(12,6),(13,4):30.000000
(12,6),(14,4):48.150002
(12,6),(14,5):75.892860
(12,6),(15,5):82.107140
(12,6),(15,13):111.621101
(12,6),(16,13):44.190475
(12,6),(16,11):2.523809
(12,6),(20,11):0.000000
(12,6),(20,12):0.000000
(13,6),(13,4):32.500000
(13,6),(14,4):50.150002
(13,6),(14,5):78.955360
(13,6),(15,5):84.169640
(13,6),(15,13):99.465775
(13,6),(16,13):42.038689
(13,6),(16,11):0.892857
(13,6),(20,11):0.000000
(13,6),(20,12):0.000000
(13,4),(14,4):15.000000
(13,4),(14,5):30.750000
(13,4),(15,5):27.500000
(13,4),(15,13):32.437500
(13,4),(16,13):16.000000
(13,4),(16,11):0.250000
(13,4),(20,11):0.000000
(13,4),(20,12):0.000000
(14,4),(14,5):50.142857
(14,4),(15,5):49.107143
(14,4),(15,13):49.854168
(14,4),(16,13):28.583334
(14,4),(16,11):0.000000
(14,4),(20,11):0.000000
(14,4),(20,12):0.000000
(14,5),(15,5):75.690475
(14,5),(15,13):78.687500
(14,5),(16,13):39.166668
(14,5),(16,11):0.000000
(14,5),(20,11):0.000000
(14,5),(20,12):0.000000
(15,5),(15,13):83.017097
(15,5),(16,13):36.972221
(15,5),(16,11):0.000000
(15,5),(20,11):0.000000
(15,5),(20,12):0.000000
(15,13),(16,13):56.547619
(15,13),(16,11):11.800000
(15,13),(20,11):0.000000
(15,13),(20,12):0.000000
(16,13),(16,11):16.799999
(16,13),(20,11):4.000000
(16,13),(20,12):3.000000
(16,11),(20,11):5.000000
(16,11),(20,12):4.000000
(20,11),(20,12):4.000000
