34
(16,11):(9,5)	(10,5)	(10,6)	(10,8)	(10,9)	(11,6)	(11,7)	(11,8)	(11,9)	(12,7)	(12,8)	(12,9)	(13,8)	(13,9)	(13,10)	(13,14)	(14,5)	(14,7)	(14,8)	(14,9)	(14,10)	(14,11)	(14,12)	(14,13)	(15,6)	(15,7)	(15,8)	(15,9)	(15,10)	(15,11)	(15,12)	(15,13)	(16,6)	(16,7)	(16,8)	(16,9)	(16,10)	(16,11)	(16,13)	(17,5)	(17,11)	
(16,13):(10,5)	(10,6)	(11,6)	(11,7)	(11,8)	(12,7)	(12,8)	(12,9)	(13,8)	(13,9)	(13,10)	(14,5)	(14,7)	(14,8)	(14,9)	(14,10)	(14,11)	(14,12)	(14,13)	(15,6)	(15,7)	(15,8)	(15,9)	(15,10)	(15,11)	(15,12)	(15,13)	(16,6)	(16,7)	(16,8)	(16,9)	(16,10)	(16,11)	(16,13)	
(15,13):(10,5)	(11,5)	(11,6)	(11,7)	(12,7)	(12,8)	(13,8)	(13,9)	(13,10)	(13,14)	(14,5)	(14,7)	(14,8)	(14,9)	(14,10)	(14,11)	(14,12)	(14,13)	(15,6)	(15,7)	(15,8)	(15,9)	(15,10)	(15,11)	(15,12)	(15,13)	(15,14)	(16,6)	(16,7)	(16,8)	(16,9)	(16,10)	(16,11)	(16,13)	(17,5)	
(15,14):(11,5)	(11,6)	(12,7)	(12,8)	(13,8)	(13,9)	(13,10)	(13,14)	(14,5)	(14,7)	(14,8)	(14,9)	(14,10)	(14,11)	(14,12)	(14,13)	(15,6)	(15,7)	(15,8)	(15,9)	(15,10)	(15,11)	(15,12)	(15,13)	(15,14)	
(13,14):(13,8)	(13,9)	(13,10)	(13,14)	(14,7)	(14,8)	(14,9)	(14,10)	(14,11)	(14,12)	(14,13)	(15,6)	(15,7)	(15,8)	(15,9)	(15,10)	(15,11)	(15,12)	(15,13)	(15,14)	(16,6)	(16,7)	(16,8)	(16,9)	(16,10)	(16,11)	(17,5)	
(13,10):(1,9)	(2,8)	(2,9)	(2,10)	(3,9)	(3,10)	(4,9)	(4,10)	(5,9)	(5,10)	(6,9)	(6,10)	(7,9)	(8,9)	(9,9)	(10,5)	(10,6)	(10,8)	(10,9)	(11,5)	(11,6)	(11,7)	(11,8)	(11,9)	(12,7)	(12,8)	(12,9)	(13,8)	(13,9)	(13,10)	(13,14)	(14,7)	(14,8)	(14,9)	(14,10)	(14,11)	(14,12)	(14,13)	(15,6)	(15,7)	(15,8)	(15,9)	(15,10)	(15,11)	(15,12)	(15,13)	(15,14)	(16,6)	(16,7)	(16,8)	(16,9)	(16,10)	(16,11)	(16,13)	(17,5)	(17,11)	
(6,10):(1,9)	(1,12)	(2,8)	(2,9)	(2,10)	(2,11)	(3,9)	(3,10)	(3,11)	(4,9)	(4,10)	(4,11)	(5,9)	(5,10)	(5,11)	(5,12)	(5,15)	(5,16)	(6,9)	(6,10)	(6,16)	(7,9)	(8,9)	(9,9)	(10,8)	(10,9)	(11,8)	(11,9)	(12,7)	(12,8)	(12,9)	(13,8)	(13,9)	(13,10)	(14,7)	(14,8)	(14,9)	(14,10)	(15,7)	(15,8)	(15,9)	(15,10)	(16,7)	(16,8)	(16,9)	(16,10)	
(6,16):(3,15)	(3,17)	(4,16)	(5,9)	(5,10)	(5,11)	(5,12)	(5,15)	(5,16)	(6,9)	(6,10)	(6,16)	(9,16)	(9,17)	
(9,16):(3,17)	(4,16)	(5,16)	(6,16)	(9,16)	(9,17)	
(9,17):(3,15)	(3,17)	(4,16)	(5,16)	(6,16)	(9,16)	(9,17)	
(3,17):(3,15)	(3,17)	(4,16)	(5,15)	(5,16)	(6,16)	(9,16)	(9,17)	
(3,15):(3,15)	(3,17)	(4,16)	(5,15)	(5,16)	(6,16)	(9,17)	
(5,15):(3,15)	(3,17)	(4,16)	(5,9)	(5,10)	(5,11)	(5,12)	(5,15)	(5,16)	(6,9)	(6,10)	(6,16)	
(5,12):(1,9)	(1,12)	(2,8)	(2,9)	(2,10)	(2,11)	(3,9)	(3,10)	(3,11)	(4,9)	(4,10)	(4,11)	(5,9)	(5,10)	(5,11)	(5,12)	(5,15)	(5,16)	(6,9)	(6,10)	(6,16)	
(1,12):(1,9)	(1,12)	(2,9)	(2,10)	(2,11)	(3,9)	(3,10)	(3,11)	(4,9)	(4,10)	(4,11)	(5,9)	(5,10)	(5,11)	(5,12)	(6,9)	(6,10)	(7,9)	(8,9)	(10,8)	(11,8)	
(1,9):(1,9)	(1,12)	(2,9)	(2,10)	(2,11)	(3,9)	(3,10)	(3,11)	(4,9)	(4,10)	(4,11)	(5,9)	(5,10)	(5,11)	(5,12)	(6,9)	(6,10)	(7,9)	(8,9)	(9,9)	(10,9)	(11,9)	(12,9)	(13,9)	(13,10)	(14,9)	(14,10)	(15,9)	(15,10)	(16,9)	(16,10)	
(2,9):(1,9)	(1,12)	(2,8)	(2,9)	(2,10)	(2,11)	(3,9)	(3,10)	(3,11)	(4,9)	(4,10)	(4,11)	(5,9)	(5,10)	(5,11)	(5,12)	(6,9)	(6,10)	(7,9)	(8,9)	(9,9)	(10,8)	(10,9)	(11,8)	(11,9)	(12,8)	(12,9)	(13,8)	(13,9)	(13,10)	(14,8)	(14,9)	(14,10)	(15,8)	(15,9)	(15,10)	(16,8)	(16,9)	(16,10)	
(2,8):(2,8)	(2,9)	(2,10)	(2,11)	(3,9)	(3,10)	(3,11)	(4,9)	(4,10)	(4,11)	(5,9)	(5,10)	(5,11)	(5,12)	(6,9)	(6,10)	(7,9)	(8,9)	(9,9)	(10,8)	(10,9)	(11,8)	(11,9)	(12,8)	(12,9)	(13,8)	(13,9)	(13,10)	(14,8)	(14,9)	(14,10)	(15,8)	(15,9)	(15,10)	(16,8)	(16,9)	(16,10)	
(10,8):(1,12)	(2,8)	(2,9)	(2,10)	(2,11)	(3,9)	(3,10)	(3,11)	(4,9)	(4,10)	(4,11)	(5,9)	(5,10)	(6,9)	(6,10)	(7,9)	(8,9)	(9,9)	(10,5)	(10,6)	(10,8)	(10,9)	(11,5)	(11,6)	(11,7)	(11,8)	(11,9)	(12,4)	(12,7)	(12,8)	(12,9)	(13,8)	(13,9)	(13,10)	(14,7)	(14,8)	(14,9)	(14,10)	(15,7)	(15,8)	(15,9)	(15,10)	(15,11)	(16,7)	(16,8)	(16,9)	(16,10)	(16,11)	(17,11)	
(10,6):(4,2)	(4,6)	(5,3)	(5,4)	(5,5)	(6,4)	(6,5)	(7,4)	(7,5)	(8,5)	(9,5)	(10,5)	(10,6)	(10,8)	(10,9)	(11,5)	(11,6)	(11,7)	(11,8)	(11,9)	(12,4)	(12,7)	(12,8)	(12,9)	(13,8)	(13,9)	(13,10)	(14,8)	(14,9)	(14,10)	(14,11)	(15,9)	(15,10)	(15,11)	(15,12)	(16,9)	(16,10)	(16,11)	(16,13)	(17,11)	
(4,6):(4,2)	(4,6)	(5,3)	(5,4)	(5,5)	(6,3)	(6,4)	(6,5)	(7,3)	(7,4)	(7,5)	(8,2)	(8,5)	(9,5)	(10,5)	(10,6)	(11,5)	(11,6)	(12,4)	
(4,2):(4,2)	(4,6)	(5,3)	(5,4)	(5,5)	(6,3)	(6,4)	(6,5)	(7,3)	(7,4)	(7,5)	(8,2)	(8,5)	(9,2)	(10,2)	(10,6)	(11,3)	
(8,2):(4,2)	(4,6)	(5,3)	(5,4)	(5,5)	(6,3)	(6,4)	(7,3)	(8,1)	(8,2)	(9,2)	(10,2)	(11,1)	(11,3)	
(8,1):(8,1)	(8,2)	(9,2)	(10,2)	(11,1)	(11,3)	
(11,1):(5,3)	(5,4)	(6,3)	(7,3)	(8,1)	(8,2)	(9,2)	(10,2)	(11,1)	(11,3)	
(11,3):(4,2)	(5,3)	(6,3)	(7,3)	(8,1)	(8,2)	(9,2)	(10,2)	(11,1)	(11,3)	
(7,3):(4,2)	(4,6)	(5,3)	(5,4)	(5,5)	(6,3)	(6,4)	(6,5)	(7,3)	(7,4)	(7,5)	(8,2)	(9,2)	(10,2)	(11,1)	(11,3)	
(7,4):(4,2)	(4,6)	(5,3)	(5,4)	(5,5)	(6,3)	(6,4)	(6,5)	(7,3)	(7,4)	(7,5)	(8,5)	(9,5)	(10,5)	(10,6)	(11,5)	(11,6)	(12,4)	(12,7)	(13,8)	(15,9)	(16,10)	
(12,4):(4,6)	(5,4)	(5,5)	(6,4)	(6,5)	(7,4)	(7,5)	(8,5)	(9,5)	(10,5)	(10,6)	(10,8)	(10,9)	(11,5)	(11,6)	(11,7)	(11,8)	(11,9)	(12,4)	(12,7)	(12,8)	(12,9)	
(12,7):(5,3)	(6,4)	(6,10)	(7,4)	(8,5)	(8,9)	(9,5)	(9,9)	(10,5)	(10,6)	(10,8)	(10,9)	(11,5)	(11,6)	(11,7)	(11,8)	(11,9)	(12,4)	(12,7)	(12,8)	(12,9)	(13,8)	(13,9)	(13,10)	(14,7)	(14,8)	(14,9)	(14,10)	(14,11)	(14,12)	(14,13)	(15,7)	(15,8)	(15,9)	(15,10)	(15,11)	(15,12)	(15,13)	(15,14)	(16,7)	(16,8)	(16,9)	(16,10)	(16,11)	(16,13)	(17,11)	
(14,7):(2,10)	(2,11)	(3,10)	(3,11)	(4,10)	(5,10)	(6,9)	(6,10)	(7,9)	(8,9)	(9,9)	(10,8)	(10,9)	(11,7)	(11,8)	(11,9)	(12,7)	(12,8)	(12,9)	(13,8)	(13,9)	(13,10)	(13,14)	(14,5)	(14,7)	(14,8)	(14,9)	(14,10)	(14,11)	(14,12)	(14,13)	(15,6)	(15,7)	(15,8)	(15,9)	(15,10)	(15,11)	(15,12)	(15,13)	(15,14)	(16,6)	(16,7)	(16,8)	(16,9)	(16,10)	(16,11)	(16,13)	(17,5)	(17,11)	
(14,5):(14,5)	(14,7)	(14,8)	(14,9)	(14,10)	(14,11)	(14,12)	(14,13)	(15,6)	(15,7)	(15,8)	(15,9)	(15,10)	(15,11)	(15,12)	(15,13)	(15,14)	(16,6)	(16,7)	(16,8)	(16,9)	(16,10)	(16,11)	(16,13)	(17,5)	(17,11)	
(17,5):(11,9)	(12,9)	(13,8)	(13,9)	(13,10)	(13,14)	(14,5)	(14,7)	(14,8)	(14,9)	(14,10)	(14,11)	(14,12)	(14,13)	(15,6)	(15,7)	(15,8)	(15,9)	(15,10)	(15,11)	(15,12)	(15,13)	(16,6)	(16,7)	(16,8)	(16,9)	(16,10)	(16,11)	(17,5)	(17,11)	
(17,11):(9,5)	(9,9)	(10,6)	(10,8)	(10,9)	(11,7)	(11,8)	(11,9)	(12,7)	(12,8)	(12,9)	(13,8)	(13,9)	(13,10)	(14,5)	(14,7)	(14,8)	(14,9)	(14,10)	(14,11)	(15,6)	(15,7)	(15,8)	(15,9)	(15,10)	(15,11)	(16,6)	(16,7)	(16,8)	(16,9)	(16,10)	(16,11)	(17,5)	(17,11)	
(16,11):42.650002
(16,13):31.214285
(15,13):35.750000
(15,14):20.071428
(13,14):28.964285
(13,10):61.333332
(6,10):54.087502
(6,16):18.000000
(9,16):6.000000
(9,17):7.500000
(3,17):9.500000
(3,15):7.500000
(5,15):13.900000
(5,12):25.125000
(1,12):24.958334
(1,9):27.041666
(2,9):45.289772
(2,8):40.121212
(10,8):55.062500
(10,6):42.375000
(4,6):22.500000
(4,2):19.000000
(8,2):14.500000
(8,1):6.000000
(11,1):9.583333
(11,3):10.000000
(7,3):18.500000
(7,4):25.833334
(12,4):25.000000
(12,7):46.033333
(14,7):51.562500
(14,5):23.000000
(17,5):33.291668
(17,11):36.174999
(16,11),(16,13):29.714285
(16,11),(15,13):33.250000
(16,11),(15,14):18.250000
(16,11),(13,14):28.714285
(16,11),(13,10):41.083332
(16,11),(6,10):21.687500
(16,11),(6,16):0.000000
(16,11),(9,16):0.000000
(16,11),(9,17):0.000000
(16,11),(3,17):0.000000
(16,11),(3,15):0.000000
(16,11),(5,15):0.000000
(16,11),(5,12):0.000000
(16,11),(1,12):2.579545
(16,11),(1,9):6.166667
(16,11),(2,9):17.789772
(16,11),(2,8):15.454545
(16,11),(10,8):28.125000
(16,11),(10,6):23.775000
(16,11),(4,6):2.400000
(16,11),(4,2):0.000000
(16,11),(8,2):0.000000
(16,11),(8,1):0.000000
(16,11),(11,1):0.000000
(16,11),(11,3):0.000000
(16,11),(7,3):0.000000
(16,11),(7,4):5.733333
(16,11),(12,4):8.780952
(16,11),(12,7):33.083332
(16,11),(14,7):38.107143
(16,11),(14,5):22.750000
(16,11),(17,5):31.805555
(16,11),(17,11):33.775002
(16,13),(15,13):28.000000
(16,13),(15,14):17.000000
(16,13),(13,14):21.464285
(16,13),(13,10):30.333334
(16,13),(6,10):13.583333
(16,13),(6,16):0.000000
(16,13),(9,16):0.000000
(16,13),(9,17):0.000000
(16,13),(3,17):0.000000
(16,13),(3,15):0.000000
(16,13),(5,15):0.000000
(16,13),(5,12):0.000000
(16,13),(1,12):0.971154
(16,13),(1,9):3.875000
(16,13),(2,9):10.603536
(16,13),(2,8):8.818182
(16,13),(10,8):20.000000
(16,13),(10,6):19.839285
(16,13),(4,6):3.047619
(16,13),(4,2):0.000000
(16,13),(8,2):0.000000
(16,13),(8,1):0.000000
(16,13),(11,1):0.000000
(16,13),(11,3):0.000000
(16,13),(7,3):0.000000
(16,13),(7,4):5.914286
(16,13),(12,4):6.714286
(16,13),(12,7):25.714285
(16,13),(14,7):26.500000
(16,13),(14,5):16.000000
(16,13),(17,5):22.966667
(16,13),(17,11):22.590910
(15,13),(15,14):19.750000
(15,13),(13,14):28.464285
(15,13),(13,10):35.083332
(15,13),(6,10):16.250000
(15,13),(6,16):0.000000
(15,13),(9,16):0.000000
(15,13),(9,17):0.000000
(15,13),(3,17):0.000000
(15,13),(3,15):0.000000
(15,13),(5,15):0.000000
(15,13),(5,12):0.000000
(15,13),(1,12):0.718985
(15,13),(1,9):4.573333
(15,13),(2,9):12.518186
(15,13),(2,8):10.104167
(15,13),(10,8):22.125000
(15,13),(10,6):18.174999
(15,13),(4,6):2.666667
(15,13),(4,2):0.000000
(15,13),(8,2):0.000000
(15,13),(8,1):0.000000
(15,13),(11,1):0.000000
(15,13),(11,3):0.000000
(15,13),(7,3):0.000000
(15,13),(7,4):5.854808
(15,13),(12,4):4.500000
(15,13),(12,7):27.083334
(15,13),(14,7):32.000000
(15,13),(14,5):22.000000
(15,13),(17,5):29.464743
(15,13),(17,11):24.857143
(15,14),(13,14):15.714286
(15,14),(13,10):19.404762
(15,14),(6,10):8.387500
(15,14),(6,16):0.000000
(15,14),(9,16):0.000000
(15,14),(9,17):0.000000
(15,14),(3,17):0.000000
(15,14),(3,15):0.000000
(15,14),(5,15):0.000000
(15,14),(5,12):0.000000
(15,14),(1,12):0.564394
(15,14),(1,9):2.416667
(15,14),(2,9):6.509024
(15,14),(2,8):5.363636
(15,14),(10,8):11.529762
(15,14),(10,6):10.488095
(15,14),(4,6):1.285714
(15,14),(4,2):0.000000
(15,14),(8,2):0.000000
(15,14),(8,1):0.000000
(15,14),(11,1):0.000000
(15,14),(11,3):0.000000
(15,14),(7,3):0.000000
(15,14),(7,4):3.204762
(15,14),(12,4):2.071429
(15,14),(12,7):15.404762
(15,14),(14,7):18.250000
(15,14),(14,5):9.000000
(15,14),(17,5):16.562500
(15,14),(17,11):12.416667
(13,14),(13,10):28.583334
(13,14),(6,10):13.687500
(13,14),(6,16):0.000000
(13,14),(9,16):0.000000
(13,14),(9,17):0.000000
(13,14),(3,17):0.000000
(13,14),(3,15):0.000000
(13,14),(5,15):0.000000
(13,14),(5,12):0.000000
(13,14),(1,12):0.050000
(13,14),(1,9):4.615385
(13,14),(2,9):11.166667
(13,14),(2,8):9.230769
(13,14),(10,8):16.625000
(13,14),(10,6):11.886364
(13,14),(4,6):0.000000
(13,14),(4,2):0.000000
(13,14),(8,2):0.000000
(13,14),(8,1):0.000000
(13,14),(11,1):0.000000
(13,14),(11,3):0.000000
(13,14),(7,3):0.000000
(13,14),(7,4):2.000000
(13,14),(12,4):0.000000
(13,14),(12,7):20.583334
(13,14),(14,7):28.964285
(13,14),(14,5):21.964285
(13,14),(17,5):28.301407
(13,14),(17,11):21.214285
(13,10),(6,10):38.687500
(13,10),(6,16):3.500000
(13,10),(9,16):0.000000
(13,10),(9,17):0.000000
(13,10),(3,17):0.000000
(13,10),(3,15):0.000000
(13,10),(5,15):2.400000
(13,10),(5,12):10.000000
(13,10),(1,12):14.958333
(13,10),(1,9):16.666666
(13,10),(2,9):34.789772
(13,10),(2,8):31.454546
(13,10),(10,8):47.562500
(13,10),(10,6):27.375000
(13,10),(4,6):4.166667
(13,10),(4,2):0.000000
(13,10),(8,2):0.000000
(13,10),(8,1):0.000000
(13,10),(11,1):0.000000
(13,10),(11,3):0.000000
(13,10),(7,3):0.000000
(13,10),(7,4):7.833333
(13,10),(12,4):13.000000
(13,10),(12,7):40.333332
(13,10),(14,7):46.333332
(13,10),(14,5):22.333334
(13,10),(17,5):32.625000
(13,10),(17,11):34.270832
(6,10),(6,16):11.400000
(6,10),(9,16):1.300000
(6,10),(9,17):1.525000
(6,10),(3,17):2.900000
(6,10),(3,15):2.400000
(6,10),(5,15):9.800000
(6,10),(5,12):25.000000
(6,10),(1,12):24.958334
(6,10),(1,9):26.375000
(6,10),(2,9):44.562500
(6,10),(2,8):38.666668
(6,10),(10,8):44.062500
(6,10),(10,6):13.750000
(6,10),(4,6):0.000000
(6,10),(4,2):0.000000
(6,10),(8,2):0.000000
(6,10),(8,1):0.000000
(6,10),(11,1):0.000000
(6,10),(11,3):0.000000
(6,10),(7,3):0.000000
(6,10),(7,4):2.214286
(6,10),(12,4):6.000000
(6,10),(12,7):24.000000
(6,10),(14,7):34.250000
(6,10),(14,5):10.687500
(6,10),(17,5):17.437500
(6,10),(17,11):23.687500
(6,16),(9,16):6.000000
(6,16),(9,17):7.500000
(6,16),(3,17):9.500000
(6,16),(3,15):7.500000
(6,16),(5,15):13.500000
(6,16),(5,12):11.125000
(6,16),(1,12):6.000000
(6,16),(1,9):4.500000
(6,16),(2,9):6.500000
(6,16),(2,8):6.666667
(6,16),(10,8):4.000000
(6,16),(10,6):0.000000
(6,16),(4,6):0.000000
(6,16),(4,2):0.000000
(6,16),(8,2):0.000000
(6,16),(8,1):0.000000
(6,16),(11,1):0.000000
(6,16),(11,3):0.000000
(6,16),(7,3):0.000000
(6,16),(7,4):0.000000
(6,16),(12,4):0.000000
(6,16),(12,7):0.000000
(6,16),(14,7):1.650420
(6,16),(14,5):0.000000
(6,16),(17,5):0.000000
(6,16),(17,11):0.125000
(9,16),(9,17):6.000000
(9,16),(3,17):6.000000
(9,16),(3,15):4.500000
(9,16),(5,15):3.500000
(9,16),(5,12):1.125000
(9,16),(1,12):0.000000
(9,16),(1,9):0.000000
(9,16),(2,9):0.000000
(9,16),(2,8):0.000000
(9,16),(10,8):0.000000
(9,16),(10,6):0.000000
(9,16),(4,6):0.000000
(9,16),(4,2):0.000000
(9,16),(8,2):0.000000
(9,16),(8,1):0.000000
(9,16),(11,1):0.000000
(9,16),(11,3):0.000000
(9,16),(7,3):0.000000
(9,16),(7,4):0.000000
(9,16),(12,4):0.000000
(9,16),(12,7):0.000000
(9,16),(14,7):0.000000
(9,16),(14,5):0.000000
(9,16),(17,5):0.000000
(9,16),(17,11):0.000000
(9,17),(3,17):7.500000
(9,17),(3,15):6.000000
(9,17),(5,15):5.000000
(9,17),(5,12):1.291667
(9,17),(1,12):0.000000
(9,17),(1,9):0.000000
(9,17),(2,9):0.000000
(9,17),(2,8):0.000000
(9,17),(10,8):0.000000
(9,17),(10,6):0.000000
(9,17),(4,6):0.000000
(9,17),(4,2):0.000000
(9,17),(8,2):0.000000
(9,17),(8,1):0.000000
(9,17),(11,1):0.000000
(9,17),(11,3):0.000000
(9,17),(7,3):0.000000
(9,17),(7,4):0.000000
(9,17),(12,4):0.000000
(9,17),(12,7):0.000000
(9,17),(14,7):0.000000
(9,17),(14,5):0.000000
(9,17),(17,5):0.000000
(9,17),(17,11):0.000000
(3,17),(3,15):7.500000
(3,17),(5,15):7.000000
(3,17),(5,12):2.625000
(3,17),(1,12):0.000000
(3,17),(1,9):0.000000
(3,17),(2,9):0.000000
(3,17),(2,8):0.000000
(3,17),(10,8):0.000000
(3,17),(10,6):0.000000
(3,17),(4,6):0.000000
(3,17),(4,2):0.000000
(3,17),(8,2):0.000000
(3,17),(8,1):0.000000
(3,17),(11,1):0.000000
(3,17),(11,3):0.000000
(3,17),(7,3):0.000000
(3,17),(7,4):0.000000
(3,17),(12,4):0.000000
(3,17),(12,7):0.000000
(3,17),(14,7):0.000000
(3,17),(14,5):0.000000
(3,17),(17,5):0.000000
(3,17),(17,11):0.000000
(3,15),(5,15):6.500000
(3,15),(5,12):2.125000
(3,15),(1,12):0.000000
(3,15),(1,9):0.000000
(3,15),(2,9):0.000000
(3,15),(2,8):0.000000
(3,15),(10,8):0.000000
(3,15),(10,6):0.000000
(3,15),(4,6):0.000000
(3,15),(4,2):0.000000
(3,15),(8,2):0.000000
(3,15),(8,1):0.000000
(3,15),(11,1):0.000000
(3,15),(11,3):0.000000
(3,15),(7,3):0.000000
(3,15),(7,4):0.000000
(3,15),(12,4):0.000000
(3,15),(12,7):0.000000
(3,15),(14,7):0.000000
(3,15),(14,5):0.000000
(3,15),(17,5):0.000000
(3,15),(17,11):0.000000
(5,15),(5,12):9.525000
(5,15),(1,12):4.400000
(5,15),(1,9):3.475000
(5,15),(2,9):4.900000
(5,15),(2,8):5.066667
(5,15),(10,8):2.650000
(5,15),(10,6):0.000000
(5,15),(4,6):0.000000
(5,15),(4,2):0.000000
(5,15),(8,2):0.000000
(5,15),(8,1):0.000000
(5,15),(11,1):0.000000
(5,15),(11,3):0.000000
(5,15),(7,3):0.000000
(5,15),(7,4):0.000000
(5,15),(12,4):0.000000
(5,15),(12,7):0.000000
(5,15),(14,7):1.167763
(5,15),(14,5):0.000000
(5,15),(17,5):0.000000
(5,15),(17,11):0.233333
(5,12),(1,12):19.833334
(5,12),(1,9):15.625000
(5,12),(2,9):20.500000
(5,12),(2,8):17.666666
(5,12),(10,8):15.937500
(5,12),(10,6):0.000000
(5,12),(4,6):0.000000
(5,12),(4,2):0.000000
(5,12),(8,2):0.000000
(5,12),(8,1):0.000000
(5,12),(11,1):0.000000
(5,12),(11,3):0.000000
(5,12),(7,3):0.000000
(5,12),(7,4):0.000000
(5,12),(12,4):0.000000
(5,12),(12,7):0.000000
(5,12),(14,7):6.848214
(5,12),(14,5):0.000000
(5,12),(17,5):0.000000
(5,12),(17,11):0.444444
(1,12),(1,9):16.250000
(1,12),(2,9):23.924242
(1,12),(2,8):20.833334
(1,12),(10,8):20.895834
(1,12),(10,6):1.082353
(1,12),(4,6):0.000000
(1,12),(4,2):0.000000
(1,12),(8,2):0.000000
(1,12),(8,1):0.000000
(1,12),(11,1):0.000000
(1,12),(11,3):0.000000
(1,12),(7,3):0.000000
(1,12),(7,4):0.162979
(1,12),(12,4):0.938889
(1,12),(12,7):2.125000
(1,12),(14,7):10.687500
(1,12),(14,5):0.000000
(1,12),(17,5):0.000000
(1,12),(17,11):3.894231
(1,9),(2,9):27.041666
(1,9),(2,8):24.041666
(1,9),(10,8):22.604166
(1,9),(10,6):7.416667
(1,9),(4,6):0.000000
(1,9),(4,2):0.000000
(1,9),(8,2):0.000000
(1,9),(8,1):0.000000
(1,9),(11,1):0.000000
(1,9),(11,3):0.000000
(1,9),(7,3):0.000000
(1,9),(7,4):1.154762
(1,9),(12,4):2.750000
(1,9),(12,7):10.666667
(1,9),(14,7):18.229166
(1,9),(14,5):3.625000
(1,9),(17,5):7.416667
(1,9),(17,11):6.666667
(2,9),(2,8):39.227272
(2,9),(10,8):40.727272
(2,9),(10,6):13.277273
(2,9),(4,6):0.000000
(2,9),(4,2):0.000000
(2,9),(8,2):0.000000
(2,9),(8,1):0.000000
(2,9),(11,1):0.000000
(2,9),(11,3):0.000000
(2,9),(7,3):0.000000
(2,9),(7,4):2.141973
(2,9),(12,4):5.250000
(2,9),(12,7):21.789772
(2,9),(14,7):30.352272
(2,9),(14,5):8.744318
(2,9),(17,5):15.309004
(2,9),(17,11):19.789772
(2,8),(10,8):35.454544
(2,8),(10,6):13.204545
(2,8),(4,6):0.000000
(2,8),(4,2):0.000000
(2,8),(8,2):0.000000
(2,8),(8,1):0.000000
(2,8),(11,1):0.000000
(2,8),(11,3):0.000000
(2,8),(7,3):0.000000
(2,8),(7,4):2.000000
(2,8),(12,4):5.000000
(2,8),(12,7):19.454546
(2,8),(14,7):26.454546
(2,8),(14,5):7.363636
(2,8),(17,5):13.454545
(2,8),(17,11):17.454546
(10,8),(10,6):24.750000
(10,8),(4,6):4.000000
(10,8),(4,2):0.000000
(10,8),(8,2):0.000000
(10,8),(8,1):0.000000
(10,8),(11,1):0.000000
(10,8),(11,3):0.000000
(10,8),(7,3):0.000000
(10,8),(7,4):7.833333
(10,8),(12,4):13.000000
(10,8),(12,7):35.000000
(10,8),(14,7):38.687500
(10,8),(14,5):13.791667
(10,8),(17,5):20.799999
(10,8),(17,11):28.975000
(10,6),(4,6):19.000000
(10,6),(4,2):12.000000
(10,6),(8,2):4.800000
(10,6),(8,1):0.000000
(10,6),(11,1):1.789683
(10,6),(11,3):0.750000
(10,6),(7,3):9.000000
(10,6),(7,4):22.833334
(10,6),(12,4):24.000000
(10,6),(12,7):33.075001
(10,6),(14,7):21.375000
(10,6),(14,5):9.708333
(10,6),(17,5):16.279762
(10,6),(17,11):20.424999
(4,6),(4,2):15.500000
(4,6),(8,2):8.000000
(4,6),(8,1):0.000000
(4,6),(11,1):3.083333
(4,6),(11,3):3.500000
(4,6),(7,3):12.500000
(4,6),(7,4):22.000000
(4,6),(12,4):16.000000
(4,6),(12,7):9.700000
(4,6),(14,7):0.000000
(4,6),(14,5):0.000000
(4,6),(17,5):0.000000
(4,6),(17,11):1.800000
(4,2),(8,2):11.500000
(4,2),(8,1):3.000000
(4,2),(11,1):6.583333
(4,2),(11,3):7.000000
(4,2),(7,3):16.000000
(4,2),(7,4):15.000000
(4,2),(12,4):9.000000
(4,2),(12,7):2.700000
(4,2),(14,7):0.000000
(4,2),(14,5):0.000000
(4,2),(17,5):0.000000
(4,2),(17,11):0.000000
(8,2),(8,1):6.000000
(8,2),(11,1):9.583333
(8,2),(11,3):10.000000
(8,2),(7,3):14.000000
(8,2),(7,4):7.500000
(8,2),(12,4):2.000000
(8,2),(12,7):1.512500
(8,2),(14,7):0.000000
(8,2),(14,5):0.000000
(8,2),(17,5):0.000000
(8,2),(17,11):0.000000
(8,1),(11,1):6.000000
(8,1),(11,3):6.000000
(8,1),(7,3):5.500000
(8,1),(7,4):0.000000
(8,1),(12,4):0.000000
(8,1),(12,7):0.000000
(8,1),(14,7):0.000000
(8,1),(14,5):0.000000
(8,1),(17,5):0.000000
(8,1),(17,11):0.000000
(11,1),(11,3):7.500000
(11,1),(7,3):9.083333
(11,1),(7,4):2.750000
(11,1),(12,4):0.250000
(11,1),(12,7):0.658117
(11,1),(14,7):0.000000
(11,1),(14,5):0.000000
(11,1),(17,5):0.000000
(11,1),(17,11):0.000000
(11,3),(7,3):9.500000
(11,3),(7,4):3.000000
(11,3),(12,4):0.000000
(11,3),(12,7):0.533333
(11,3),(14,7):0.000000
(11,3),(14,5):0.000000
(11,3),(17,5):0.000000
(11,3),(17,11):0.000000
(7,3),(7,4):12.000000
(7,3),(12,4):6.000000
(7,3),(12,7):1.950000
(7,3),(14,7):0.000000
(7,3),(14,5):0.000000
(7,3),(17,5):0.000000
(7,3),(17,11):0.000000
(7,4),(12,4):17.333334
(7,4),(12,7):13.533334
(7,4),(14,7):2.583333
(7,4),(14,5):1.700000
(7,4),(17,5):2.173246
(7,4),(17,11):5.008333
(12,4),(12,7):17.000000
(12,4),(14,7):7.000000
(12,4),(14,5):0.000000
(12,4),(17,5):2.083333
(12,4),(17,11):8.522223
(12,7),(14,7):34.333332
(12,7),(14,5):16.833334
(12,7),(17,5):24.625000
(12,7),(17,11):27.924999
(14,7),(14,5):23.000000
(14,7),(17,5):33.291668
(14,7),(17,11):31.437500
(14,5),(17,5):22.541666
(14,5),(17,11):18.000000
(17,5),(17,11):24.636364
