54
(4,1):(4,1)	(4,4)	(5,2)	(5,3)	(6,2)	(6,3)	(7,2)	(7,3)	(8,1)	(8,2)	(8,3)	(9,3)	(9,4)	(10,3)	(10,4)	(11,3)	(11,4)	(11,5)	(12,3)	
(8,1):(4,1)	(4,4)	(5,2)	(5,3)	(6,2)	(6,3)	(7,2)	(7,3)	(8,1)	(8,2)	(8,3)	
(8,2):(4,1)	(4,4)	(5,2)	(5,3)	(6,2)	(6,3)	(7,2)	(7,3)	(8,1)	(8,2)	(8,3)	(9,3)	(9,4)	(10,3)	(10,4)	(10,5)	(10,6)	(11,3)	(11,4)	(11,5)	(11,6)	(11,7)	(11,8)	(12,3)	(12,6)	(12,7)	(12,8)	(12,9)	(13,7)	(13,8)	(13,9)	(14,8)	(14,9)	(15,9)	(18,2)	(18,3)	
(18,2):(4,4)	(5,2)	(5,3)	(6,2)	(6,3)	(7,2)	(7,3)	(8,2)	(8,3)	(9,3)	(10,3)	(11,3)	(12,3)	(18,2)	(18,3)	
(18,3):(5,2)	(5,3)	(6,2)	(6,3)	(7,2)	(7,3)	(8,2)	(8,3)	(9,3)	(10,3)	(11,3)	(12,3)	(18,2)	(18,3)	
(12,3):(4,1)	(4,4)	(5,2)	(5,3)	(6,2)	(6,3)	(7,2)	(7,3)	(8,2)	(8,3)	(8,6)	(9,3)	(9,4)	(9,5)	(9,6)	(10,3)	(10,4)	(10,5)	(10,6)	(10,7)	(10,14)	(11,3)	(11,4)	(11,5)	(11,6)	(11,7)	(11,8)	(11,9)	(11,10)	(12,3)	(12,6)	(12,7)	(12,8)	(12,9)	(18,2)	(18,3)	
(12,6):(1,5)	(1,7)	(2,6)	(3,6)	(4,6)	(5,6)	(6,2)	(6,6)	(7,2)	(7,6)	(8,2)	(8,3)	(8,6)	(9,3)	(9,4)	(9,5)	(9,6)	(10,3)	(10,4)	(10,5)	(10,6)	(10,7)	(10,14)	(11,3)	(11,4)	(11,5)	(11,6)	(11,7)	(11,8)	(11,9)	(11,10)	(12,3)	(12,6)	(12,7)	(12,8)	(12,9)	(13,7)	(13,8)	(13,9)	(14,7)	(14,8)	(14,9)	(15,7)	(15,8)	(15,9)	(16,7)	(16,8)	(16,9)	(17,7)	(17,8)	(17,9)	(18,7)	(18,8)	(18,9)	(19,7)	(19,8)	(19,9)	(20,7)	(20,8)	(20,9)	(20,10)	(21,7)	(21,8)	(21,9)	(21,10)	(22,7)	(22,10)	(23,6)	(23,8)	(23,10)	(24,11)	
(23,6):(1,7)	(2,6)	(3,6)	(4,6)	(5,6)	(6,6)	(7,6)	(8,6)	(9,6)	(10,6)	(10,7)	(11,6)	(11,7)	(11,8)	(11,9)	(11,10)	(12,6)	(12,7)	(12,8)	(12,9)	(13,7)	(13,8)	(13,9)	(14,7)	(14,8)	(14,9)	(15,7)	(15,8)	(15,9)	(16,7)	(16,8)	(16,9)	(17,7)	(17,8)	(17,9)	(18,7)	(18,8)	(18,9)	(19,7)	(19,8)	(19,9)	(20,7)	(20,8)	(20,9)	(21,7)	(21,8)	(22,7)	(23,6)	(23,8)	
(23,8):(1,5)	(2,6)	(3,6)	(4,6)	(5,6)	(6,6)	(7,6)	(8,6)	(9,6)	(10,6)	(10,7)	(11,6)	(11,7)	(11,8)	(12,6)	(12,7)	(12,8)	(13,7)	(13,8)	(14,7)	(14,8)	(15,7)	(15,8)	(16,7)	(16,8)	(17,7)	(17,8)	(18,7)	(18,8)	(19,7)	(19,8)	(20,7)	(20,8)	(21,7)	(21,8)	(22,7)	(23,6)	(23,8)	
(21,8):(1,5)	(2,6)	(3,6)	(4,6)	(5,6)	(6,6)	(7,6)	(8,6)	(9,6)	(10,6)	(10,7)	(11,6)	(11,7)	(11,8)	(11,9)	(11,10)	(12,6)	(12,7)	(12,8)	(12,9)	(13,7)	(13,8)	(13,9)	(14,7)	(14,8)	(14,9)	(15,7)	(15,8)	(15,9)	(16,7)	(16,8)	(16,9)	(17,7)	(17,8)	(17,9)	(18,7)	(18,8)	(18,9)	(19,7)	(19,8)	(19,9)	(20,7)	(20,8)	(20,9)	(20,10)	(20,11)	(21,7)	(21,8)	(21,9)	(21,10)	(22,7)	(23,6)	(23,8)	
(21,9):(1,5)	(5,6)	(6,6)	(7,6)	(8,6)	(9,5)	(9,6)	(10,6)	(10,7)	(11,6)	(11,7)	(11,8)	(11,9)	(11,10)	(12,6)	(12,7)	(12,8)	(12,9)	(13,7)	(13,8)	(13,9)	(14,7)	(14,8)	(14,9)	(15,7)	(15,8)	(15,9)	(16,7)	(16,8)	(16,9)	(17,7)	(17,8)	(17,9)	(18,7)	(18,8)	(18,9)	(19,7)	(19,8)	(19,9)	(20,7)	(20,8)	(20,9)	(20,10)	(20,11)	(21,7)	(21,8)	(21,9)	(21,10)	(22,10)	(23,10)	(24,9)	(24,11)	
(24,9):(11,9)	(11,10)	(12,9)	(13,9)	(14,9)	(15,9)	(16,9)	(17,9)	(18,9)	(19,9)	(20,9)	(20,10)	(20,11)	(21,9)	(21,10)	(22,10)	(23,10)	(24,9)	(24,11)	
(24,11):(7,6)	(8,6)	(9,5)	(9,6)	(10,6)	(10,7)	(11,6)	(11,7)	(12,6)	(12,7)	(12,8)	(13,7)	(13,8)	(14,7)	(14,8)	(15,7)	(15,8)	(16,7)	(16,8)	(16,9)	(17,7)	(17,8)	(17,9)	(18,7)	(18,8)	(18,9)	(19,8)	(19,9)	(20,9)	(20,10)	(20,11)	(21,9)	(21,10)	(22,10)	(23,10)	(24,9)	(24,11)	
(20,11):(20,7)	(20,8)	(20,9)	(20,10)	(20,11)	(21,7)	(21,8)	(21,9)	(21,10)	(22,10)	(23,10)	(24,9)	(24,11)	
(20,10):(7,6)	(8,6)	(9,5)	(9,6)	(10,5)	(10,6)	(10,7)	(11,6)	(11,7)	(11,8)	(11,9)	(11,10)	(12,6)	(12,7)	(12,8)	(12,9)	(13,7)	(13,8)	(13,9)	(14,7)	(14,8)	(14,9)	(15,7)	(15,8)	(15,9)	(16,7)	(16,8)	(16,9)	(17,7)	(17,8)	(17,9)	(18,7)	(18,8)	(18,9)	(19,7)	(19,8)	(19,9)	(20,7)	(20,8)	(20,9)	(20,10)	(20,11)	(21,7)	(21,8)	(21,9)	(21,10)	(22,10)	(23,10)	(24,9)	(24,11)	
(11,10):(9,3)	(9,4)	(10,3)	(10,4)	(10,5)	(10,6)	(10,7)	(10,14)	(11,3)	(11,4)	(11,5)	(11,6)	(11,7)	(11,8)	(11,9)	(11,10)	(11,12)	(11,13)	(12,3)	(12,6)	(12,7)	(12,8)	(12,9)	(13,7)	(13,8)	(13,9)	(14,7)	(14,8)	(14,9)	(15,7)	(15,8)	(15,9)	(16,7)	(16,8)	(16,9)	(17,7)	(17,8)	(17,9)	(18,7)	(18,8)	(18,9)	(19,7)	(19,8)	(19,9)	(20,7)	(20,8)	(20,9)	(20,10)	(21,7)	(21,8)	(21,9)	(21,10)	(22,7)	(22,10)	(23,6)	(23,10)	(24,9)	
(11,12):(10,3)	(10,4)	(10,5)	(10,6)	(10,7)	(10,14)	(11,3)	(11,4)	(11,5)	(11,6)	(11,7)	(11,8)	(11,9)	(11,10)	(11,12)	(11,13)	(12,13)	(13,13)	(14,13)	(15,13)	(16,12)	(16,13)	
(16,12):(10,14)	(11,12)	(11,13)	(12,13)	(13,13)	(14,13)	(15,13)	(16,12)	(16,13)	
(16,13):(10,14)	(11,12)	(11,13)	(12,13)	(13,13)	(14,13)	(15,13)	(16,12)	(16,13)	(25,14)	(26,13)	
(26,13):(10,14)	(11,13)	(12,13)	(13,13)	(14,13)	(15,13)	(16,13)	(20,25)	(20,26)	(21,23)	(21,24)	(21,25)	(21,26)	(22,21)	(22,22)	(22,23)	(22,24)	(22,25)	(22,26)	(23,19)	(23,20)	(23,21)	(23,22)	(23,23)	(23,24)	(23,25)	(23,26)	(24,17)	(24,18)	(24,19)	(24,20)	(24,21)	(24,22)	(24,23)	(24,24)	(24,25)	(24,26)	(25,14)	(25,15)	(25,16)	(25,17)	(25,18)	(25,19)	(25,20)	(25,21)	(25,22)	(25,23)	(25,24)	(25,25)	(25,26)	(26,13)	(26,26)	
(26,26):(11,17)	(12,18)	(13,18)	(13,24)	(14,19)	(15,19)	(16,20)	(17,20)	(17,25)	(17,27)	(18,20)	(18,21)	(18,25)	(18,26)	(19,20)	(19,21)	(19,22)	(19,24)	(19,25)	(19,26)	(20,20)	(20,21)	(20,22)	(20,23)	(20,24)	(20,25)	(20,26)	(21,20)	(21,21)	(21,22)	(21,23)	(21,24)	(21,25)	(21,26)	(22,15)	(22,19)	(22,20)	(22,21)	(22,22)	(22,23)	(22,24)	(22,25)	(22,26)	(23,16)	(23,17)	(23,18)	(23,19)	(23,20)	(23,21)	(23,22)	(23,23)	(23,24)	(23,25)	(23,26)	(24,16)	(24,17)	(24,18)	(24,19)	(24,20)	(24,21)	(24,22)	(24,23)	(24,24)	(24,25)	(24,26)	(25,14)	(25,15)	(25,16)	(25,17)	(25,18)	(25,19)	(25,20)	(25,21)	(25,22)	(25,23)	(25,24)	(25,25)	(25,26)	(26,13)	(26,26)	(27,26)	(27,27)	
(27,26):(17,27)	(18,26)	(19,26)	(20,26)	(21,26)	(22,26)	(23,26)	(24,26)	(25,26)	(26,26)	(27,26)	(27,27)	
(27,27):(11,17)	(12,17)	(13,18)	(13,24)	(15,19)	(16,20)	(17,20)	(17,25)	(17,27)	(18,20)	(18,21)	(18,25)	(18,26)	(19,20)	(19,21)	(19,22)	(19,24)	(19,25)	(19,26)	(20,20)	(20,21)	(20,22)	(20,23)	(20,24)	(20,25)	(20,26)	(21,21)	(21,22)	(21,23)	(21,24)	(21,25)	(21,26)	(22,22)	(22,23)	(22,24)	(22,25)	(22,26)	(23,23)	(23,24)	(23,25)	(23,26)	(24,24)	(24,25)	(24,26)	(25,25)	(25,26)	(26,26)	(27,26)	(27,27)	
(17,27):(17,25)	(17,27)	(18,25)	(18,26)	(19,24)	(19,25)	(19,26)	(20,23)	(20,24)	(20,25)	(20,26)	(21,21)	(21,22)	(21,23)	(21,24)	(21,25)	(21,26)	(22,20)	(22,21)	(22,22)	(22,23)	(22,24)	(22,25)	(22,26)	(23,18)	(23,19)	(23,20)	(23,21)	(23,22)	(23,23)	(23,24)	(23,25)	(23,26)	(24,17)	(24,18)	(24,19)	(24,20)	(24,21)	(24,22)	(24,23)	(24,24)	(24,25)	(24,26)	(25,15)	(25,16)	(25,17)	(25,18)	(25,19)	(25,20)	(25,21)	(25,22)	(25,23)	(25,24)	(25,25)	(25,26)	(26,26)	(27,26)	(27,27)	
(17,25):(13,24)	(13,25)	(17,25)	(17,27)	(18,25)	(18,26)	(19,24)	(19,25)	(19,26)	(20,24)	(20,25)	(20,26)	(21,23)	(21,24)	(21,25)	(21,26)	(22,23)	(22,24)	(22,25)	(22,26)	(23,22)	(23,23)	(23,24)	(23,25)	(23,26)	(24,22)	(24,23)	(24,24)	(24,25)	(24,26)	(25,21)	(25,22)	(25,23)	(25,24)	(25,25)	(25,26)	(26,26)	(27,27)	
(13,25):(13,24)	(13,25)	(17,25)	(18,25)	(19,24)	(19,25)	(20,24)	(20,25)	(21,24)	(21,25)	(22,24)	(22,25)	(23,24)	(23,25)	(24,24)	(24,25)	(25,23)	(25,24)	(25,25)	
(13,24):(13,24)	(13,25)	(17,25)	(18,25)	(19,24)	(19,25)	(20,24)	(20,25)	(21,24)	(21,25)	(21,26)	(22,24)	(22,25)	(22,26)	(23,24)	(23,25)	(23,26)	(24,24)	(24,25)	(24,26)	(25,24)	(25,25)	(25,26)	(26,26)	(27,27)	
(19,24):(13,24)	(13,25)	(17,25)	(17,27)	(18,25)	(18,26)	(19,20)	(19,21)	(19,22)	(19,24)	(19,25)	(19,26)	(20,20)	(20,21)	(20,22)	(20,23)	(20,24)	(20,25)	(20,26)	(21,20)	(21,21)	(21,22)	(21,23)	(21,24)	(21,25)	(21,26)	(22,19)	(22,20)	(22,21)	(22,22)	(22,23)	(22,24)	(22,25)	(22,26)	(23,18)	(23,19)	(23,20)	(23,21)	(23,22)	(23,23)	(23,24)	(23,25)	(23,26)	(24,16)	(24,17)	(24,18)	(24,19)	(24,20)	(24,21)	(24,22)	(24,23)	(24,24)	(24,25)	(24,26)	(25,15)	(25,16)	(25,17)	(25,18)	(25,19)	(25,20)	(25,21)	(25,22)	(25,23)	(25,24)	(25,25)	(25,26)	(26,26)	(27,27)	
(19,22):(5,16)	(7,17)	(7,22)	(8,17)	(8,18)	(8,19)	(8,20)	(8,21)	(9,17)	(9,18)	(9,19)	(9,20)	(9,21)	(10,17)	(10,18)	(10,19)	(10,20)	(10,21)	(11,17)	(11,18)	(11,19)	(11,20)	(11,21)	(12,17)	(12,18)	(12,19)	(12,20)	(12,21)	(13,18)	(13,19)	(13,20)	(13,21)	(14,19)	(14,20)	(14,21)	(15,19)	(15,20)	(15,21)	(16,20)	(16,21)	(17,20)	(17,21)	(18,20)	(18,21)	(19,20)	(19,21)	(19,22)	(19,24)	(19,25)	(19,26)	(20,20)	(20,21)	(20,22)	(20,23)	(20,24)	(20,25)	(20,26)	(21,20)	(21,21)	(21,22)	(21,23)	(21,24)	(21,25)	(21,26)	(22,19)	(22,20)	(22,21)	(22,22)	(22,23)	(22,24)	(22,25)	(22,26)	(23,18)	(23,19)	(23,20)	(23,21)	(23,22)	(23,23)	(23,24)	(23,25)	(23,26)	(24,17)	(24,18)	(24,19)	(24,20)	(24,21)	(24,22)	(24,23)	(24,24)	(24,25)	(24,26)	(25,16)	(25,17)	(25,18)	(25,19)	(25,20)	(25,21)	(25,22)	(25,23)	(25,24)	(25,25)	(25,26)	(26,26)	(27,27)	
(7,22):(7,17)	(7,22)	(8,17)	(8,18)	(8,19)	(8,20)	(8,21)	(9,17)	(9,18)	(9,19)	(9,20)	(9,21)	(10,17)	(10,18)	(10,19)	(10,20)	(10,21)	(11,17)	(11,18)	(11,19)	(11,20)	(11,21)	(12,17)	(12,18)	(12,19)	(12,20)	(12,21)	(13,17)	(13,18)	(13,19)	(13,20)	(13,21)	(14,16)	(14,18)	(14,19)	(14,20)	(14,21)	(15,18)	(15,19)	(15,20)	(15,21)	(16,20)	(16,21)	(17,20)	(17,21)	(18,20)	(18,21)	(19,20)	(19,21)	(19,22)	(20,20)	(20,21)	(20,22)	(21,20)	(21,21)	(21,22)	(22,19)	(22,20)	(22,21)	(22,22)	(23,19)	(23,20)	(23,21)	(23,22)	(24,19)	(24,20)	(24,21)	(24,22)	(25,19)	(25,20)	(25,21)	(25,22)	
(7,17):(5,16)	(6,17)	(7,17)	(7,22)	(8,17)	(8,18)	(8,19)	(8,20)	(8,21)	(9,17)	(9,18)	(9,19)	(9,20)	(9,21)	(10,17)	(10,18)	(10,19)	(10,20)	(10,21)	(11,17)	(11,18)	(11,19)	(11,20)	(11,21)	(12,17)	(12,18)	(12,19)	(12,20)	(12,21)	(13,17)	(13,18)	(13,19)	(13,20)	(13,21)	(14,16)	(14,18)	(14,19)	(14,20)	(14,21)	(15,19)	(15,20)	(15,21)	(16,20)	(16,21)	(17,20)	(17,21)	(18,20)	(18,21)	(19,20)	(19,21)	(19,22)	(20,21)	(20,22)	(21,21)	(21,22)	(22,21)	(22,22)	(22,23)	(23,21)	(23,22)	(23,23)	(24,22)	(24,23)	(24,24)	(25,22)	(25,23)	(25,24)	
(6,17):(5,16)	(5,20)	(5,21)	(5,22)	(6,17)	(6,23)	(7,17)	(8,17)	(9,17)	(10,17)	(11,17)	(12,17)	(13,17)	(14,16)	
(6,23):(2,21)	(2,23)	(3,20)	(3,21)	(3,22)	(4,21)	(4,22)	(5,16)	(5,20)	(5,21)	(5,22)	(6,17)	(6,23)	
(2,23):(2,21)	(2,23)	(3,21)	(3,22)	(4,21)	(4,22)	(5,20)	(5,21)	(5,22)	(6,23)	
(2,21):(2,21)	(2,23)	(3,21)	(3,22)	(4,21)	(4,22)	(5,21)	(5,22)	(6,23)	
(3,21):(2,21)	(2,23)	(3,20)	(3,21)	(3,22)	(4,21)	(4,22)	(5,20)	(5,21)	(5,22)	(6,23)	
(3,20):(3,20)	(3,21)	(3,22)	(4,21)	(4,22)	(5,20)	(5,21)	(5,22)	(6,23)	
(5,20):(2,23)	(3,20)	(3,21)	(3,22)	(4,21)	(4,22)	(5,16)	(5,20)	(5,21)	(5,22)	(6,17)	(6,23)	
(5,16):(5,16)	(5,20)	(5,21)	(5,22)	(6,17)	(6,23)	(7,17)	(8,17)	(9,17)	(9,18)	(10,17)	(10,18)	(11,17)	(11,18)	(11,19)	(12,17)	(12,18)	(12,19)	(13,17)	(13,18)	(13,19)	(13,20)	(14,16)	(14,18)	(14,19)	(14,20)	(15,19)	(15,20)	(15,21)	(16,20)	(16,21)	(17,20)	(17,21)	(18,20)	(18,21)	(19,21)	(19,22)	(20,21)	(20,22)	(21,21)	(21,22)	(22,22)	(22,23)	(23,22)	(23,23)	(24,22)	(24,23)	(24,24)	(25,22)	(25,23)	(25,24)	
(14,16):(5,16)	(6,17)	(7,17)	(7,22)	(8,17)	(8,18)	(8,19)	(8,20)	(8,21)	(9,17)	(9,18)	(9,19)	(9,20)	(9,21)	(10,17)	(10,18)	(10,19)	(10,20)	(10,21)	(11,17)	(11,18)	(11,19)	(11,20)	(11,21)	(12,17)	(12,18)	(12,19)	(12,20)	(12,21)	(13,17)	(13,18)	(13,19)	(13,20)	(13,21)	(14,16)	(14,18)	(14,19)	(14,20)	(14,21)	
(14,18):(5,16)	(7,17)	(7,22)	(8,17)	(8,18)	(8,19)	(8,20)	(8,21)	(9,17)	(9,18)	(9,19)	(9,20)	(9,21)	(10,17)	(10,18)	(10,19)	(10,20)	(10,21)	(11,17)	(11,18)	(11,19)	(11,20)	(11,21)	(12,17)	(12,18)	(12,19)	(12,20)	(12,21)	(13,17)	(13,18)	(13,19)	(13,20)	(13,21)	(14,16)	(14,18)	(14,19)	(14,20)	(14,21)	(15,18)	(15,19)	(15,20)	(15,21)	(16,20)	(16,21)	(17,21)	
(15,18):(7,22)	(8,18)	(8,19)	(8,20)	(8,21)	(9,18)	(9,19)	(9,20)	(9,21)	(10,18)	(10,19)	(10,20)	(10,21)	(11,18)	(11,19)	(11,20)	(11,21)	(12,18)	(12,19)	(12,20)	(12,21)	(13,18)	(13,19)	(13,20)	(13,21)	(14,18)	(14,19)	(14,20)	(14,21)	(15,18)	(15,19)	(15,20)	(15,21)	
(15,19):(5,16)	(7,17)	(7,22)	(8,17)	(8,18)	(8,19)	(8,20)	(8,21)	(9,17)	(9,18)	(9,19)	(9,20)	(9,21)	(10,17)	(10,18)	(10,19)	(10,20)	(10,21)	(11,17)	(11,18)	(11,19)	(11,20)	(11,21)	(12,17)	(12,18)	(12,19)	(12,20)	(12,21)	(13,17)	(13,18)	(13,19)	(13,20)	(13,21)	(14,18)	(14,19)	(14,20)	(14,21)	(15,18)	(15,19)	(15,20)	(15,21)	(16,20)	(16,21)	(17,20)	(17,21)	(18,20)	(18,21)	(19,20)	(19,21)	(19,22)	(20,20)	(20,21)	(20,22)	(21,20)	(21,21)	(21,22)	(21,23)	(22,19)	(22,20)	(22,21)	(22,22)	(22,23)	(22,24)	(23,19)	(23,20)	(23,21)	(23,22)	(23,23)	(23,24)	(23,25)	(24,19)	(24,20)	(24,21)	(24,22)	(24,23)	(24,24)	(24,25)	(25,19)	(25,20)	(25,21)	(25,22)	(25,23)	(25,24)	(25,25)	(25,26)	(26,26)	(27,27)	
(22,19):(7,22)	(8,19)	(8,20)	(8,21)	(9,19)	(9,20)	(9,21)	(10,19)	(10,20)	(10,21)	(11,19)	(11,20)	(11,21)	(12,19)	(12,20)	(12,21)	(13,19)	(13,20)	(13,21)	(14,19)	(14,20)	(14,21)	(15,19)	(15,20)	(15,21)	(16,20)	(16,21)	(17,20)	(17,21)	(18,20)	(18,21)	(18,26)	(19,20)	(19,21)	(19,22)	(19,24)	(19,25)	(19,26)	(20,20)	(20,21)	(20,22)	(20,23)	(20,24)	(20,25)	(20,26)	(21,20)	(21,21)	(21,22)	(21,23)	(21,24)	(21,25)	(21,26)	(22,15)	(22,19)	(22,20)	(22,21)	(22,22)	(22,23)	(22,24)	(22,25)	(22,26)	(23,16)	(23,17)	(23,18)	(23,19)	(23,20)	(23,21)	(23,22)	(23,23)	(23,24)	(23,25)	(23,26)	(24,16)	(24,17)	(24,18)	(24,19)	(24,20)	(24,21)	(24,22)	(24,23)	(24,24)	(24,25)	(24,26)	(25,15)	(25,16)	(25,17)	(25,18)	(25,19)	(25,20)	(25,21)	(25,22)	(25,23)	(25,24)	(25,25)	(25,26)	(26,26)	
(22,15):(22,15)	(22,19)	(22,20)	(22,21)	(22,22)	(22,23)	(22,24)	(22,25)	(22,26)	(23,16)	(23,17)	(23,18)	(23,19)	(23,20)	(23,21)	(23,22)	(23,23)	(23,24)	(23,25)	(23,26)	(24,16)	(24,17)	(24,18)	(24,19)	(24,20)	(24,21)	(24,22)	(24,23)	(24,24)	(24,25)	(24,26)	(25,15)	(25,16)	(25,17)	(25,18)	(25,19)	(25,20)	(25,21)	(25,22)	(25,23)	(25,24)	(25,25)	(25,26)	(26,26)	
(25,15):(17,27)	(18,26)	(19,24)	(19,25)	(19,26)	(20,22)	(20,23)	(20,24)	(20,25)	(20,26)	(21,21)	(21,22)	(21,23)	(21,24)	(21,25)	(21,26)	(22,15)	(22,19)	(22,20)	(22,21)	(22,22)	(22,23)	(22,24)	(22,25)	(22,26)	(23,16)	(23,17)	(23,18)	(23,19)	(23,20)	(23,21)	(23,22)	(23,23)	(23,24)	(23,25)	(23,26)	(24,16)	(24,17)	(24,18)	(24,19)	(24,20)	(24,21)	(24,22)	(24,23)	(24,24)	(24,25)	(24,26)	(25,14)	(25,15)	(25,16)	(25,17)	(25,18)	(25,19)	(25,20)	(25,21)	(25,22)	(25,23)	(25,24)	(25,25)	(25,26)	(26,13)	(26,26)	
(25,14):(10,14)	(11,13)	(12,13)	(13,13)	(14,13)	(15,13)	(16,13)	(25,14)	(25,15)	(25,16)	(25,17)	(25,18)	(25,19)	(25,20)	(25,21)	(25,22)	(25,23)	(25,24)	(25,25)	(25,26)	(26,13)	(26,26)	
(10,14):(10,3)	(10,4)	(10,5)	(10,6)	(10,7)	(10,14)	(11,3)	(11,4)	(11,5)	(11,6)	(11,7)	(11,8)	(11,9)	(11,10)	(11,12)	(11,13)	(12,3)	(12,6)	(12,13)	(13,13)	(14,13)	(15,13)	(16,12)	(16,13)	(25,14)	(26,13)	
(10,7):(1,5)	(1,7)	(2,6)	(3,6)	(4,6)	(5,6)	(6,6)	(7,6)	(8,6)	(9,3)	(9,4)	(9,5)	(9,6)	(10,3)	(10,4)	(10,5)	(10,6)	(10,7)	(10,14)	(11,3)	(11,4)	(11,5)	(11,6)	(11,7)	(11,8)	(11,9)	(11,10)	(11,12)	(11,13)	(12,3)	(12,6)	(12,7)	(12,8)	(12,9)	(13,7)	(13,8)	(13,9)	(14,7)	(14,8)	(14,9)	(15,7)	(15,8)	(15,9)	(16,7)	(16,8)	(16,9)	(17,7)	(17,8)	(17,9)	(18,7)	(18,8)	(18,9)	(19,7)	(19,8)	(19,9)	(20,7)	(20,8)	(20,9)	(20,10)	(21,7)	(21,8)	(21,9)	(21,10)	(22,7)	(22,10)	(23,6)	(23,8)	(23,10)	(24,11)	
(1,7):(1,5)	(1,7)	(2,6)	(3,6)	(4,6)	(5,6)	(6,6)	(7,6)	(8,6)	(9,5)	(9,6)	(10,5)	(10,6)	(10,7)	(11,5)	(11,6)	(11,7)	(12,6)	(12,7)	(13,7)	(14,7)	(15,7)	(16,7)	(17,7)	(18,7)	(19,7)	(20,7)	(21,7)	(22,7)	(23,6)	
(1,5):(1,5)	(1,7)	(2,6)	(3,6)	(4,6)	(5,6)	(6,6)	(7,6)	(8,6)	(9,5)	(9,6)	(10,5)	(10,6)	(10,7)	(11,5)	(11,6)	(11,7)	(12,6)	(12,7)	(13,7)	(14,7)	(15,7)	(15,8)	(16,7)	(16,8)	(17,7)	(17,8)	(18,7)	(18,8)	(19,7)	(19,8)	(19,9)	(20,7)	(20,8)	(20,9)	(21,7)	(21,8)	(21,9)	(22,7)	(23,8)	
(9,5):(1,5)	(1,7)	(2,6)	(3,6)	(4,6)	(5,6)	(6,6)	(7,6)	(8,6)	(9,3)	(9,4)	(9,5)	(9,6)	(10,3)	(10,4)	(10,5)	(10,6)	(10,7)	(11,3)	(11,4)	(11,5)	(11,6)	(11,7)	(11,8)	(11,9)	(12,3)	(12,6)	(12,7)	(12,8)	(12,9)	(13,7)	(13,8)	(13,9)	(14,7)	(14,8)	(14,9)	(15,7)	(15,8)	(15,9)	(16,8)	(16,9)	(17,8)	(17,9)	(18,8)	(18,9)	(19,9)	(20,9)	(20,10)	(21,9)	(21,10)	(22,10)	(23,10)	(24,11)	
(9,4):(4,1)	(4,4)	(5,2)	(5,3)	(6,2)	(6,3)	(7,2)	(7,3)	(8,2)	(8,3)	(9,3)	(9,4)	(9,5)	(9,6)	(10,3)	(10,4)	(10,5)	(10,6)	(10,7)	(11,3)	(11,4)	(11,5)	(11,6)	(11,7)	(11,8)	(11,9)	(11,10)	(12,3)	(12,6)	(12,7)	(12,8)	(12,9)	(13,7)	(13,8)	(13,9)	(14,8)	(14,9)	(15,8)	(15,9)	(16,9)	
(4,4):(4,1)	(4,4)	(5,2)	(5,3)	(6,2)	(6,3)	(7,2)	(7,3)	(8,1)	(8,2)	(8,3)	(9,3)	(9,4)	(10,3)	(10,4)	(11,3)	(11,4)	(12,3)	(18,2)	
(4,1):20.700001
(8,1):12.000000
(8,2):43.000000
(18,2):19.000000
(18,3):14.800000
(12,3):44.857143
(12,6):88.750000
(23,6):55.166668
(23,8):40.134617
(21,8):63.168182
(21,9):62.186363
(24,9):18.038462
(24,11):39.625000
(20,11):11.666667
(20,10):59.916668
(11,10):66.838097
(11,12):27.000000
(16,12):12.000000
(16,13):22.155556
(26,13):65.000000
(26,26):96.581352
(27,26):10.000000
(27,27):50.950001
(17,27):64.750000
(17,25):44.194443
(13,25):17.083334
(13,24):23.923077
(19,24):78.807144
(19,22):119.880951
(7,22):80.599998
(7,17):76.011902
(6,17):16.500000
(6,23):15.000000
(2,23):11.250000
(2,21):8.000000
(3,21):11.250000
(3,20):9.000000
(5,20):14.916667
(5,16):54.238888
(14,16):44.062500
(14,18):52.214287
(15,18):32.000000
(15,19):97.515152
(22,19):111.652382
(22,15):48.181820
(25,15):71.045456
(25,14):31.041666
(10,14):38.090908
(10,7):86.831818
(1,7):34.125000
(1,5):44.377777
(9,5):62.400002
(9,4):46.750000
(4,4):23.750000
(4,1),(8,1):12.000000
(4,1),(8,2):20.700001
(4,1),(18,2):11.000000
(4,1),(18,3):6.800000
(4,1),(12,3):18.700001
(4,1),(12,6):11.950000
(4,1),(23,6):0.000000
(4,1),(23,8):0.000000
(4,1),(21,8):0.000000
(4,1),(21,9):0.000000
(4,1),(24,9):0.000000
(4,1),(24,11):0.000000
(4,1),(20,11):0.000000
(4,1),(20,10):0.000000
(4,1),(11,10):7.381818
(4,1),(11,12):3.752033
(4,1),(16,12):0.000000
(4,1),(16,13):0.000000
(4,1),(26,13):0.000000
(4,1),(26,26):0.000000
(4,1),(27,26):0.000000
(4,1),(27,27):0.000000
(4,1),(17,27):0.000000
(4,1),(17,25):0.000000
(4,1),(13,25):0.000000
(4,1),(13,24):0.000000
(4,1),(19,24):0.000000
(4,1),(19,22):0.000000
(4,1),(7,22):0.000000
(4,1),(7,17):0.000000
(4,1),(6,17):0.000000
(4,1),(6,23):0.000000
(4,1),(2,23):0.000000
(4,1),(2,21):0.000000
(4,1),(3,21):0.000000
(4,1),(3,20):0.000000
(4,1),(5,20):0.000000
(4,1),(5,16):0.000000
(4,1),(14,16):0.000000
(4,1),(14,18):0.000000
(4,1),(15,18):0.000000
(4,1),(15,19):0.000000
(4,1),(22,19):0.000000
(4,1),(22,15):0.000000
(4,1),(25,15):0.000000
(4,1),(25,14):0.000000
(4,1),(10,14):4.900000
(4,1),(10,7):7.381818
(4,1),(1,7):1.413235
(4,1),(1,5):0.533333
(4,1),(9,5):6.825000
(4,1),(9,4):20.450001
(4,1),(4,4):18.000000
(8,1),(8,2):12.000000
(8,1),(18,2):7.666667
(8,1),(18,3):4.800000
(8,1),(12,3):10.000000
(8,1),(12,6):3.583333
(8,1),(23,6):0.000000
(8,1),(23,8):0.000000
(8,1),(21,8):0.000000
(8,1),(21,9):0.000000
(8,1),(24,9):0.000000
(8,1),(24,11):0.000000
(8,1),(20,11):0.000000
(8,1),(20,10):0.000000
(8,1),(11,10):0.000000
(8,1),(11,12):0.000000
(8,1),(16,12):0.000000
(8,1),(16,13):0.000000
(8,1),(26,13):0.000000
(8,1),(26,26):0.000000
(8,1),(27,26):0.000000
(8,1),(27,27):0.000000
(8,1),(17,27):0.000000
(8,1),(17,25):0.000000
(8,1),(13,25):0.000000
(8,1),(13,24):0.000000
(8,1),(19,24):0.000000
(8,1),(19,22):0.000000
(8,1),(7,22):0.000000
(8,1),(7,17):0.000000
(8,1),(6,17):0.000000
(8,1),(6,23):0.000000
(8,1),(2,23):0.000000
(8,1),(2,21):0.000000
(8,1),(3,21):0.000000
(8,1),(3,20):0.000000
(8,1),(5,20):0.000000
(8,1),(5,16):0.000000
(8,1),(14,16):0.000000
(8,1),(14,18):0.000000
(8,1),(15,18):0.000000
(8,1),(15,19):0.000000
(8,1),(22,19):0.000000
(8,1),(22,15):0.000000
(8,1),(25,15):0.000000
(8,1),(25,14):0.000000
(8,1),(10,14):0.000000
(8,1),(10,7):0.000000
(8,1),(1,7):0.000000
(8,1),(1,5):0.000000
(8,1),(9,5):0.000000
(8,1),(9,4):11.750000
(8,1),(4,4):12.000000
(8,2),(18,2):19.000000
(8,2),(18,3):14.800000
(8,2),(12,3):33.000000
(8,2),(12,6):28.250000
(8,2),(23,6):12.000000
(8,2),(23,8):5.400000
(8,2),(21,8):12.500000
(8,2),(21,9):12.800000
(8,2),(24,9):3.750000
(8,2),(24,11):6.576441
(8,2),(20,11):0.000000
(8,2),(20,10):13.333333
(8,2),(11,10):23.738094
(8,2),(11,12):7.333333
(8,2),(16,12):0.000000
(8,2),(16,13):0.000000
(8,2),(26,13):0.000000
(8,2),(26,26):0.000000
(8,2),(27,26):0.000000
(8,2),(27,27):0.000000
(8,2),(17,27):0.000000
(8,2),(17,25):0.000000
(8,2),(13,25):0.000000
(8,2),(13,24):0.000000
(8,2),(19,24):0.000000
(8,2),(19,22):0.000000
(8,2),(7,22):0.000000
(8,2),(7,17):0.000000
(8,2),(6,17):0.000000
(8,2),(6,23):0.000000
(8,2),(2,23):0.000000
(8,2),(2,21):0.000000
(8,2),(3,21):0.000000
(8,2),(3,20):0.000000
(8,2),(5,20):0.000000
(8,2),(5,16):0.000000
(8,2),(14,16):0.000000
(8,2),(14,18):0.000000
(8,2),(15,18):0.000000
(8,2),(15,19):0.000000
(8,2),(22,19):0.000000
(8,2),(22,15):0.000000
(8,2),(25,15):0.000000
(8,2),(25,14):0.000000
(8,2),(10,14):10.757576
(8,2),(10,7):23.916666
(8,2),(1,7):5.597222
(8,2),(1,5):5.754464
(8,2),(9,5):23.750000
(8,2),(9,4):38.250000
(8,2),(4,4):23.750000
(18,2),(18,3):14.000000
(18,2),(12,3):19.000000
(18,2),(12,6):6.600000
(18,2),(23,6):0.000000
(18,2),(23,8):0.000000
(18,2),(21,8):0.000000
(18,2),(21,9):0.000000
(18,2),(24,9):0.000000
(18,2),(24,11):0.000000
(18,2),(20,11):0.000000
(18,2),(20,10):0.000000
(18,2),(11,10):4.448622
(18,2),(11,12):2.448925
(18,2),(16,12):0.000000
(18,2),(16,13):0.000000
(18,2),(26,13):0.000000
(18,2),(26,26):0.000000
(18,2),(27,26):0.000000
(18,2),(27,27):0.000000
(18,2),(17,27):0.000000
(18,2),(17,25):0.000000
(18,2),(13,25):0.000000
(18,2),(13,24):0.000000
(18,2),(19,24):0.000000
(18,2),(19,22):0.000000
(18,2),(7,22):0.000000
(18,2),(7,17):0.000000
(18,2),(6,17):0.000000
(18,2),(6,23):0.000000
(18,2),(2,23):0.000000
(18,2),(2,21):0.000000
(18,2),(3,21):0.000000
(18,2),(3,20):0.000000
(18,2),(5,20):0.000000
(18,2),(5,16):0.000000
(18,2),(14,16):0.000000
(18,2),(14,18):0.000000
(18,2),(15,18):0.000000
(18,2),(15,19):0.000000
(18,2),(22,19):0.000000
(18,2),(22,15):0.000000
(18,2),(25,15):0.000000
(18,2),(25,14):0.000000
(18,2),(10,14):2.424242
(18,2),(10,7):4.627193
(18,2),(1,7):0.000000
(18,2),(1,5):0.000000
(18,2),(9,5):4.500000
(18,2),(9,4):14.500000
(18,2),(4,4):16.750000
(18,3),(12,3):14.800000
(18,3),(12,6):5.485294
(18,3),(23,6):0.000000
(18,3),(23,8):0.000000
(18,3),(21,8):0.000000
(18,3),(21,9):0.000000
(18,3),(24,9):0.000000
(18,3),(24,11):0.000000
(18,3),(20,11):0.000000
(18,3),(20,10):0.000000
(18,3),(11,10):3.571429
(18,3),(11,12):1.900000
(18,3),(16,12):0.000000
(18,3),(16,13):0.000000
(18,3),(26,13):0.000000
(18,3),(26,26):0.000000
(18,3),(27,26):0.000000
(18,3),(27,27):0.000000
(18,3),(17,27):0.000000
(18,3),(17,25):0.000000
(18,3),(13,25):0.000000
(18,3),(13,24):0.000000
(18,3),(19,24):0.000000
(18,3),(19,22):0.000000
(18,3),(7,22):0.000000
(18,3),(7,17):0.000000
(18,3),(6,17):0.000000
(18,3),(6,23):0.000000
(18,3),(2,23):0.000000
(18,3),(2,21):0.000000
(18,3),(3,21):0.000000
(18,3),(3,20):0.000000
(18,3),(5,20):0.000000
(18,3),(5,16):0.000000
(18,3),(14,16):0.000000
(18,3),(14,18):0.000000
(18,3),(15,18):0.000000
(18,3),(15,19):0.000000
(18,3),(22,19):0.000000
(18,3),(22,15):0.000000
(18,3),(25,15):0.000000
(18,3),(25,14):0.000000
(18,3),(10,14):2.090909
(18,3),(10,7):3.750000
(18,3),(1,7):0.000000
(18,3),(1,5):0.000000
(18,3),(9,5):3.750000
(18,3),(9,4):10.300000
(18,3),(4,4):12.550000
(12,3),(12,6):29.799999
(12,3),(23,6):11.416667
(12,3),(23,8):8.144705
(12,3),(21,8):12.397500
(12,3),(21,9):12.407143
(12,3),(24,9):2.038461
(12,3),(24,11):7.775000
(12,3),(20,11):0.000000
(12,3),(20,10):12.594828
(12,3),(11,10):23.095238
(12,3),(11,12):13.357142
(12,3),(16,12):1.142857
(12,3),(16,13):1.234921
(12,3),(26,13):0.500000
(12,3),(26,26):0.000000
(12,3),(27,26):0.000000
(12,3),(27,27):0.000000
(12,3),(17,27):0.000000
(12,3),(17,25):0.000000
(12,3),(13,25):0.000000
(12,3),(13,24):0.000000
(12,3),(19,24):0.000000
(12,3),(19,22):0.000000
(12,3),(7,22):0.000000
(12,3),(7,17):0.000000
(12,3),(6,17):0.000000
(12,3),(6,23):0.000000
(12,3),(2,23):0.000000
(12,3),(2,21):0.000000
(12,3),(3,21):0.000000
(12,3),(3,20):0.000000
(12,3),(5,20):0.000000
(12,3),(5,16):0.000000
(12,3),(14,16):0.000000
(12,3),(14,18):0.000000
(12,3),(15,18):0.000000
(12,3),(15,19):0.000000
(12,3),(22,19):0.000000
(12,3),(22,15):0.000000
(12,3),(25,15):0.000000
(12,3),(25,14):0.888393
(12,3),(10,14):16.948051
(12,3),(10,7):27.773809
(12,3),(1,7):10.125000
(12,3),(1,5):9.444445
(12,3),(9,5):22.500000
(12,3),(9,4):33.000000
(12,3),(4,4):21.750000
(12,6),(23,6):55.166668
(12,6),(23,8):40.134617
(12,6),(21,8):62.418182
(12,6),(21,9):59.686363
(12,6),(24,9):15.538462
(12,6),(24,11):37.125000
(12,6),(20,11):9.166667
(12,6),(20,10):57.416668
(12,6),(11,10):63.266666
(12,6),(11,12):12.500000
(12,6),(16,12):0.500000
(12,6),(16,13):0.576190
(12,6),(26,13):0.125000
(12,6),(26,26):0.000000
(12,6),(27,26):0.000000
(12,6),(27,27):0.000000
(12,6),(17,27):0.000000
(12,6),(17,25):0.000000
(12,6),(13,25):0.000000
(12,6),(13,24):0.000000
(12,6),(19,24):0.000000
(12,6),(19,22):0.000000
(12,6),(7,22):0.000000
(12,6),(7,17):0.000000
(12,6),(6,17):0.000000
(12,6),(6,23):0.000000
(12,6),(2,23):0.000000
(12,6),(2,21):0.000000
(12,6),(3,21):0.000000
(12,6),(3,20):0.000000
(12,6),(5,20):0.000000
(12,6),(5,16):0.000000
(12,6),(14,16):0.000000
(12,6),(14,18):0.000000
(12,6),(15,18):0.000000
(12,6),(15,19):0.000000
(12,6),(22,19):0.000000
(12,6),(22,15):0.000000
(12,6),(25,15):0.000000
(12,6),(25,14):0.337838
(12,6),(10,14):16.000000
(12,6),(10,7):83.500000
(12,6),(1,7):34.125000
(12,6),(1,5):43.777779
(12,6),(9,5):61.650002
(12,6),(9,4):36.750000
(12,6),(4,4):11.250000
(23,6),(23,8):31.884615
(23,6),(21,8):51.418182
(23,6),(21,9):44.799999
(23,6),(24,9):9.538462
(23,6),(24,11):24.900000
(23,6),(20,11):3.166667
(23,6),(20,10):44.666668
(23,6),(11,10):45.933334
(23,6),(11,12):4.266667
(23,6),(16,12):0.000000
(23,6),(16,13):0.000000
(23,6),(26,13):0.000000
(23,6),(26,26):0.000000
(23,6),(27,26):0.000000
(23,6),(27,27):0.000000
(23,6),(17,27):0.000000
(23,6),(17,25):0.000000
(23,6),(13,25):0.000000
(23,6),(13,24):0.000000
(23,6),(19,24):0.000000
(23,6),(19,22):0.000000
(23,6),(7,22):0.000000
(23,6),(7,17):0.000000
(23,6),(6,17):0.000000
(23,6),(6,23):0.000000
(23,6),(2,23):0.000000
(23,6),(2,21):0.000000
(23,6),(3,21):0.000000
(23,6),(3,20):0.000000
(23,6),(5,20):0.000000
(23,6),(5,16):0.000000
(23,6),(14,16):0.000000
(23,6),(14,18):0.000000
(23,6),(15,18):0.000000
(23,6),(15,19):0.000000
(23,6),(22,19):0.000000
(23,6),(22,15):0.000000
(23,6),(25,15):0.000000
(23,6),(25,14):0.000000
(23,6),(10,14):6.166667
(23,6),(10,7):55.166668
(23,6),(1,7):22.000000
(23,6),(1,5):31.090910
(23,6),(9,5):35.625000
(23,6),(9,4):19.500000
(23,6),(4,4):0.000000
(23,8),(21,8):39.568180
(23,8),(21,9):31.886364
(23,8),(24,9):0.000000
(23,8),(24,11):21.750000
(23,8),(20,11):2.666667
(23,8),(20,10):28.916666
(23,8),(11,10):26.293549
(23,8),(11,12):2.465695
(23,8),(16,12):0.000000
(23,8),(16,13):0.000000
(23,8),(26,13):0.000000
(23,8),(26,26):0.000000
(23,8),(27,26):0.000000
(23,8),(27,27):0.000000
(23,8),(17,27):0.000000
(23,8),(17,25):0.000000
(23,8),(13,25):0.000000
(23,8),(13,24):0.000000
(23,8),(19,24):0.000000
(23,8),(19,22):0.000000
(23,8),(7,22):0.000000
(23,8),(7,17):0.000000
(23,8),(6,17):0.000000
(23,8),(6,23):0.000000
(23,8),(2,23):0.000000
(23,8),(2,21):0.000000
(23,8),(3,21):0.000000
(23,8),(3,20):0.000000
(23,8),(5,20):0.000000
(23,8),(5,16):0.000000
(23,8),(14,16):0.000000
(23,8),(14,18):0.000000
(23,8),(15,18):0.000000
(23,8),(15,19):0.000000
(23,8),(22,19):0.000000
(23,8),(22,15):0.000000
(23,8),(25,15):0.000000
(23,8),(25,14):0.000000
(23,8),(10,14):3.863636
(23,8),(10,7):40.134617
(23,8),(1,7):27.134615
(23,8),(1,5):32.384617
(23,8),(9,5):23.884615
(23,8),(9,4):8.613053
(23,8),(4,4):0.000000
(21,8),(21,9):55.436363
(21,8),(24,9):12.038462
(21,8),(24,11):32.500000
(21,8),(20,11):5.666667
(21,8),(20,10):52.416668
(21,8),(11,10):48.520000
(21,8),(11,12):4.651680
(21,8),(16,12):0.000000
(21,8),(16,13):0.000000
(21,8),(26,13):0.000000
(21,8),(26,26):0.000000
(21,8),(27,26):0.000000
(21,8),(27,27):0.000000
(21,8),(17,27):0.000000
(21,8),(17,25):0.000000
(21,8),(13,25):0.000000
(21,8),(13,24):0.000000
(21,8),(19,24):0.000000
(21,8),(19,22):0.000000
(21,8),(7,22):0.000000
(21,8),(7,17):0.000000
(21,8),(6,17):0.000000
(21,8),(6,23):0.000000
(21,8),(2,23):0.000000
(21,8),(2,21):0.000000
(21,8),(3,21):0.000000
(21,8),(3,20):0.000000
(21,8),(5,20):0.000000
(21,8),(5,16):0.000000
(21,8),(14,16):0.000000
(21,8),(14,18):0.000000
(21,8),(15,18):0.000000
(21,8),(15,19):0.000000
(21,8),(22,19):0.000000
(21,8),(22,15):0.000000
(21,8),(25,15):0.000000
(21,8),(25,14):0.000000
(21,8),(10,14):6.544445
(21,8),(10,7):62.318180
(21,8),(1,7):27.068182
(21,8),(1,5):37.012627
(21,8),(9,5):42.545456
(21,8),(9,4):20.454546
(21,8),(4,4):0.000000
(21,9),(24,9):18.038462
(21,9),(24,11):39.250000
(21,9),(20,11):11.000000
(21,9),(20,10):58.166668
(21,9),(11,10):48.237499
(21,9),(11,12):4.847619
(21,9),(16,12):0.000000
(21,9),(16,13):0.000000
(21,9),(26,13):0.000000
(21,9),(26,26):0.000000
(21,9),(27,26):0.000000
(21,9),(27,27):0.000000
(21,9),(17,27):0.000000
(21,9),(17,25):0.000000
(21,9),(13,25):0.000000
(21,9),(13,24):0.000000
(21,9),(19,24):0.000000
(21,9),(19,22):0.000000
(21,9),(7,22):0.000000
(21,9),(7,17):0.000000
(21,9),(6,17):0.000000
(21,9),(6,23):0.000000
(21,9),(2,23):0.000000
(21,9),(2,21):0.000000
(21,9),(3,21):0.000000
(21,9),(3,20):0.000000
(21,9),(5,20):0.000000
(21,9),(5,16):0.000000
(21,9),(14,16):0.000000
(21,9),(14,18):0.000000
(21,9),(15,18):0.000000
(21,9),(15,19):0.000000
(21,9),(22,19):0.000000
(21,9),(22,15):0.000000
(21,9),(25,15):0.000000
(21,9),(25,14):0.000000
(21,9),(10,14):6.716667
(21,9),(10,7):59.701515
(21,9),(1,7):22.136364
(21,9),(1,5):33.332325
(21,9),(9,5):43.786366
(21,9),(9,4):20.909090
(21,9),(4,4):0.000000
(24,9),(24,11):10.000000
(24,9),(20,11):8.000000
(24,9),(20,10):18.000000
(24,9),(11,10):14.038462
(24,9),(11,12):1.038462
(24,9),(16,12):0.000000
(24,9),(16,13):0.000000
(24,9),(26,13):0.000000
(24,9),(26,26):0.000000
(24,9),(27,26):0.000000
(24,9),(27,27):0.000000
(24,9),(17,27):0.000000
(24,9),(17,25):0.000000
(24,9),(13,25):0.000000
(24,9),(13,24):0.000000
(24,9),(19,24):0.000000
(24,9),(19,22):0.000000
(24,9),(7,22):0.000000
(24,9),(7,17):0.000000
(24,9),(6,17):0.000000
(24,9),(6,23):0.000000
(24,9),(2,23):0.000000
(24,9),(2,21):0.000000
(24,9),(3,21):0.000000
(24,9),(3,20):0.000000
(24,9),(5,20):0.000000
(24,9),(5,16):0.000000
(24,9),(14,16):0.000000
(24,9),(14,18):0.000000
(24,9),(15,18):0.000000
(24,9),(15,19):0.000000
(24,9),(22,19):0.000000
(24,9),(22,15):0.000000
(24,9),(25,15):0.000000
(24,9),(25,14):0.000000
(24,9),(10,14):1.163462
(24,9),(10,7):15.553613
(24,9),(1,7):0.000000
(24,9),(1,5):1.877778
(24,9),(9,5):14.150000
(24,9),(9,4):6.416667
(24,9),(4,4):0.000000
(24,11),(20,11):8.333333
(24,11),(20,10):39.291668
(24,11),(11,10):29.233871
(24,11),(11,12):2.616667
(24,11),(16,12):0.000000
(24,11),(16,13):0.000000
(24,11),(26,13):0.000000
(24,11),(26,26):0.000000
(24,11),(27,26):0.000000
(24,11),(27,27):0.000000
(24,11),(17,27):0.000000
(24,11),(17,25):0.000000
(24,11),(13,25):0.000000
(24,11),(13,24):0.000000
(24,11),(19,24):0.000000
(24,11),(19,22):0.000000
(24,11),(7,22):0.000000
(24,11),(7,17):0.000000
(24,11),(6,17):0.000000
(24,11),(6,23):0.000000
(24,11),(2,23):0.000000
(24,11),(2,21):0.000000
(24,11),(3,21):0.000000
(24,11),(3,20):0.000000
(24,11),(5,20):0.000000
(24,11),(5,16):0.000000
(24,11),(14,16):0.000000
(24,11),(14,18):0.000000
(24,11),(15,18):0.000000
(24,11),(15,19):0.000000
(24,11),(22,19):0.000000
(24,11),(22,15):0.000000
(24,11),(25,15):0.000000
(24,11),(25,14):0.000000
(24,11),(10,14):3.862745
(24,11),(10,7):37.140152
(24,11),(1,7):15.078125
(24,11),(1,5):25.861988
(24,11),(9,5):30.203571
(24,11),(9,4):10.986689
(24,11),(4,4):0.000000
(20,11),(20,10):11.666667
(20,11),(11,10):7.666667
(20,11),(11,12):0.000000
(20,11),(16,12):0.000000
(20,11),(16,13):0.000000
(20,11),(26,13):0.000000
(20,11),(26,26):0.000000
(20,11),(27,26):0.000000
(20,11),(27,27):0.000000
(20,11),(17,27):0.000000
(20,11),(17,25):0.000000
(20,11),(13,25):0.000000
(20,11),(13,24):0.000000
(20,11),(19,24):0.000000
(20,11),(19,22):0.000000
(20,11),(7,22):0.000000
(20,11),(7,17):0.000000
(20,11),(6,17):0.000000
(20,11),(6,23):0.000000
(20,11),(2,23):0.000000
(20,11),(2,21):0.000000
(20,11),(3,21):0.000000
(20,11),(3,20):0.000000
(20,11),(5,20):0.000000
(20,11),(5,16):0.000000
(20,11),(14,16):0.000000
(20,11),(14,18):0.000000
(20,11),(15,18):0.000000
(20,11),(15,19):0.000000
(20,11),(22,19):0.000000
(20,11),(22,15):0.000000
(20,11),(25,15):0.000000
(20,11),(25,14):0.000000
(20,11),(10,14):0.000000
(20,11),(10,7):9.181818
(20,11),(1,7):1.500000
(20,11),(1,5):4.219875
(20,11),(9,5):5.566667
(20,11),(9,4):0.000000
(20,11),(4,4):0.000000
(20,10),(11,10):49.799999
(20,10),(11,12):5.194445
(20,10),(16,12):0.000000
(20,10),(16,13):0.000000
(20,10),(26,13):0.000000
(20,10),(26,26):0.000000
(20,10),(27,26):0.000000
(20,10),(27,27):0.000000
(20,10),(17,27):0.000000
(20,10),(17,25):0.000000
(20,10),(13,25):0.000000
(20,10),(13,24):0.000000
(20,10),(19,24):0.000000
(20,10),(19,22):0.000000
(20,10),(7,22):0.000000
(20,10),(7,17):0.000000
(20,10),(6,17):0.000000
(20,10),(6,23):0.000000
(20,10),(2,23):0.000000
(20,10),(2,21):0.000000
(20,10),(3,21):0.000000
(20,10),(3,20):0.000000
(20,10),(5,20):0.000000
(20,10),(5,16):0.000000
(20,10),(14,16):0.000000
(20,10),(14,18):0.000000
(20,10),(15,18):0.000000
(20,10),(15,19):0.000000
(20,10),(22,19):0.000000
(20,10),(22,15):0.000000
(20,10),(25,15):0.000000
(20,10),(25,14):0.000000
(20,10),(10,14):7.000000
(20,10),(10,7):57.431820
(20,10),(1,7):19.500000
(20,10),(1,5):30.196619
(20,10),(9,5):40.566666
(20,10),(9,4):21.600000
(20,10),(4,4):0.000000
(11,10),(11,12):14.500000
(11,10),(16,12):2.000000
(11,10),(16,13):2.100000
(11,10),(26,13):1.000000
(11,10),(26,26):0.000000
(11,10),(27,26):0.000000
(11,10),(27,27):0.000000
(11,10),(17,27):0.000000
(11,10),(17,25):0.000000
(11,10),(13,25):0.000000
(11,10),(13,24):0.000000
(11,10),(19,24):0.000000
(11,10),(19,22):0.000000
(11,10),(7,22):0.000000
(11,10),(7,17):0.000000
(11,10),(6,17):0.000000
(11,10),(6,23):0.000000
(11,10),(2,23):0.000000
(11,10),(2,21):0.000000
(11,10),(3,21):0.000000
(11,10),(3,20):0.000000
(11,10),(5,20):0.000000
(11,10),(5,16):0.000000
(11,10),(14,16):0.000000
(11,10),(14,18):0.000000
(11,10),(15,18):0.000000
(11,10),(15,19):0.000000
(11,10),(22,19):0.000000
(11,10),(22,15):0.000000
(11,10),(25,15):0.000000
(11,10),(25,14):1.611111
(11,10),(10,14):18.071428
(11,10),(10,7):66.019913
(11,10),(1,7):16.778847
(11,10),(1,5):26.616667
(11,10),(9,5):41.321430
(11,10),(9,4):30.738094
(11,10),(4,4):6.738095
(11,12),(16,12):12.000000
(11,12),(16,13):14.600000
(11,12),(26,13):8.500000
(11,12),(26,26):0.000000
(11,12),(27,26):0.000000
(11,12),(27,27):0.000000
(11,12),(17,27):0.000000
(11,12),(17,25):0.000000
(11,12),(13,25):0.000000
(11,12),(13,24):0.000000
(11,12),(19,24):0.000000
(11,12),(19,22):0.000000
(11,12),(7,22):0.000000
(11,12),(7,17):0.000000
(11,12),(6,17):0.000000
(11,12),(6,23):0.000000
(11,12),(2,23):0.000000
(11,12),(2,21):0.000000
(11,12),(3,21):0.000000
(11,12),(3,20):0.000000
(11,12),(5,20):0.000000
(11,12),(5,16):0.000000
(11,12),(14,16):0.000000
(11,12),(14,18):0.000000
(11,12),(15,18):0.000000
(11,12),(15,19):0.000000
(11,12),(22,19):0.000000
(11,12),(22,15):0.000000
(11,12),(25,15):0.000000
(11,12),(25,14):10.500000
(11,12),(10,14):24.500000
(11,12),(10,7):14.900000
(11,12),(1,7):2.857143
(11,12),(1,5):2.511111
(11,12),(9,5):8.500000
(11,12),(9,4):9.000000
(11,12),(4,4):3.600000
(16,12),(16,13):12.000000
(16,12),(26,13):6.000000
(16,12),(26,26):0.000000
(16,12),(27,26):0.000000
(16,12),(27,27):0.000000
(16,12),(17,27):0.000000
(16,12),(17,25):0.000000
(16,12),(13,25):0.000000
(16,12),(13,24):0.000000
(16,12),(19,24):0.000000
(16,12),(19,22):0.000000
(16,12),(7,22):0.000000
(16,12),(7,17):0.000000
(16,12),(6,17):0.000000
(16,12),(6,23):0.000000
(16,12),(2,23):0.000000
(16,12),(2,21):0.000000
(16,12),(3,21):0.000000
(16,12),(3,20):0.000000
(16,12),(5,20):0.000000
(16,12),(5,16):0.000000
(16,12),(14,16):0.000000
(16,12),(14,18):0.000000
(16,12),(15,18):0.000000
(16,12),(15,19):0.000000
(16,12),(22,19):0.000000
(16,12),(22,15):0.000000
(16,12),(25,15):0.000000
(16,12),(25,14):8.000000
(16,12),(10,14):12.000000
(16,12),(10,7):2.400000
(16,12),(1,7):0.000000
(16,12),(1,5):0.000000
(16,12),(9,5):0.000000
(16,12),(9,4):0.000000
(16,12),(4,4):0.000000
(16,13),(26,13):16.055555
(16,13),(26,26):1.097222
(16,13),(27,26):0.000000
(16,13),(27,27):0.000000
(16,13),(17,27):0.115900
(16,13),(17,25):0.000000
(16,13),(13,25):0.000000
(16,13),(13,24):0.000000
(16,13),(19,24):0.115900
(16,13),(19,22):0.000000
(16,13),(7,22):0.000000
(16,13),(7,17):0.000000
(16,13),(6,17):0.000000
(16,13),(6,23):0.000000
(16,13),(2,23):0.000000
(16,13),(2,21):0.000000
(16,13),(3,21):0.000000
(16,13),(3,20):0.000000
(16,13),(5,20):0.000000
(16,13),(5,16):0.000000
(16,13),(14,16):0.000000
(16,13),(14,18):0.000000
(16,13),(15,18):0.000000
(16,13),(15,19):0.000000
(16,13),(22,19):0.068376
(16,13),(22,15):0.000000
(16,13),(25,15):1.055556
(16,13),(25,14):18.055555
(16,13),(10,14):22.100000
(16,13),(10,7):2.500000
(16,13),(1,7):0.000000
(16,13),(1,5):0.000000
(16,13),(9,5):0.000000
(16,13),(9,4):0.000000
(16,13),(4,4):0.000000
(26,13),(26,26):50.041668
(26,13),(27,26):6.750000
(26,13),(27,27):20.833334
(26,13),(17,27):48.750000
(26,13),(17,25):30.250000
(26,13),(13,25):9.628788
(26,13),(13,24):14.750000
(26,13),(19,24):48.750000
(26,13),(19,22):47.000000
(26,13),(7,22):12.738889
(26,13),(7,17):12.366858
(26,13),(6,17):0.000000
(26,13),(6,23):0.000000
(26,13),(2,23):0.000000
(26,13),(2,21):0.000000
(26,13),(3,21):0.000000
(26,13),(3,20):0.000000
(26,13),(5,20):0.000000
(26,13),(5,16):10.844885
(26,13),(14,16):0.000000
(26,13),(14,18):0.000000
(26,13),(15,18):0.000000
(26,13),(15,19):27.878788
(26,13),(22,19):48.666668
(26,13),(22,15):39.000000
(26,13),(25,15):50.000000
(26,13),(25,14):29.000000
(26,13),(10,14):16.000000
(26,13),(10,7):1.300000
(26,13),(1,7):0.000000
(26,13),(1,5):0.000000
(26,13),(9,5):0.000000
(26,13),(9,4):0.000000
(26,13),(4,4):0.000000
(26,26),(27,26):10.000000
(26,26),(27,27):50.628571
(26,26),(17,27):64.750000
(26,26),(17,25):43.305557
(26,26),(13,25):16.194445
(26,26),(13,24):23.034187
(26,26),(19,24):77.918251
(26,26),(19,22):77.142860
(26,26),(7,22):35.028572
(26,26),(7,17):28.511906
(26,26),(6,17):1.696429
(26,26),(6,23):0.000000
(26,26),(2,23):0.000000
(26,26),(2,21):0.000000
(26,26),(3,21):0.000000
(26,26),(3,20):0.000000
(26,26),(5,20):0.000000
(26,26),(5,16):25.778572
(26,26),(14,16):4.253247
(26,26),(14,18):5.595238
(26,26),(15,18):1.785714
(26,26),(15,19):52.443722
(26,26),(22,19):83.527382
(26,26),(22,15):48.181820
(26,26),(25,15):71.045456
(26,26),(25,14):14.083333
(26,26),(10,14):1.041667
(26,26),(10,7):0.000000
(26,26),(1,7):0.000000
(26,26),(1,5):0.000000
(26,26),(9,5):0.000000
(26,26),(9,4):0.000000
(26,26),(4,4):0.000000
(27,26),(27,27):10.000000
(27,26),(17,27):10.000000
(27,26),(17,25):9.944445
(27,26),(13,25):0.000000
(27,26),(13,24):3.923077
(27,26),(19,24):9.857142
(27,26),(19,22):7.714286
(27,26),(7,22):0.000000
(27,26),(7,17):0.000000
(27,26),(6,17):0.000000
(27,26),(6,23):0.000000
(27,26),(2,23):0.000000
(27,26),(2,21):0.000000
(27,26),(3,21):0.000000
(27,26),(3,20):0.000000
(27,26),(5,20):0.000000
(27,26),(5,16):0.000000
(27,26),(14,16):0.000000
(27,26),(14,18):0.000000
(27,26),(15,18):0.000000
(27,26),(15,19):1.681818
(27,26),(22,19):8.785714
(27,26),(22,15):4.181818
(27,26),(25,15):8.712121
(27,26),(25,14):1.041667
(27,26),(10,14):0.000000
(27,26),(10,7):0.000000
(27,26),(1,7):0.000000
(27,26),(1,5):0.000000
(27,26),(9,5):0.000000
(27,26),(9,4):0.000000
(27,26),(4,4):0.000000
(27,27),(17,27):33.500000
(27,27),(17,25):32.511112
(27,27),(13,25):11.685715
(27,27),(13,24):20.323076
(27,27),(19,24):40.757141
(27,27),(19,22):42.264286
(27,27),(7,22):14.550000
(27,27),(7,17):15.097619
(27,27),(6,17):1.050000
(27,27),(6,23):0.000000
(27,27),(2,23):0.000000
(27,27),(2,21):0.000000
(27,27),(3,21):0.000000
(27,27),(3,20):0.000000
(27,27),(5,20):0.000000
(27,27),(5,16):14.496428
(27,27),(14,16):2.529167
(27,27),(14,18):3.383333
(27,27),(15,18):1.050000
(27,27),(15,19):25.565151
(27,27),(22,19):41.685715
(27,27),(22,15):12.181818
(27,27),(25,15):31.116882
(27,27),(25,14):1.541667
(27,27),(10,14):0.000000
(27,27),(10,7):0.000000
(27,27),(1,7):0.000000
(27,27),(1,5):0.000000
(27,27),(9,5):0.000000
(27,27),(9,4):0.000000
(27,27),(4,4):0.000000
(17,27),(17,25):40.194443
(17,27),(13,25):13.083333
(17,27),(13,24):19.923077
(17,27),(19,24):64.607140
(17,27),(19,22):56.214287
(17,27),(7,22):15.587179
(17,27),(7,17):14.555383
(17,27),(6,17):0.000000
(17,27),(6,23):0.000000
(17,27),(2,23):0.000000
(17,27),(2,21):0.000000
(17,27),(3,21):0.000000
(17,27),(3,20):0.000000
(17,27),(5,20):0.000000
(17,27),(5,16):12.775926
(17,27),(14,16):0.000000
(17,27),(14,18):0.000000
(17,27),(15,18):0.000000
(17,27),(15,19):32.570705
(17,27),(22,19):60.652382
(17,27),(22,15):41.431820
(17,27),(25,15):60.795456
(17,27),(25,14):12.791667
(17,27),(10,14):0.083333
(17,27),(10,7):0.000000
(17,27),(1,7):0.000000
(17,27),(1,5):0.000000
(17,27),(9,5):0.000000
(17,27),(9,4):0.000000
(17,27),(4,4):0.000000
(17,25),(13,25):17.083334
(17,25),(13,24):23.923077
(17,25),(19,24):44.107143
(17,25),(19,22):33.964287
(17,25),(7,22):2.250000
(17,25),(7,17):9.598485
(17,25),(6,17):0.000000
(17,25),(6,23):0.000000
(17,25),(2,23):0.000000
(17,25),(2,21):0.000000
(17,25),(3,21):0.000000
(17,25),(3,20):0.000000
(17,25),(5,20):0.000000
(17,25),(5,16):8.878846
(17,25),(14,16):0.000000
(17,25),(14,18):0.000000
(17,25),(15,18):0.000000
(17,25),(15,19):18.865152
(17,25),(22,19):36.235714
(17,25),(22,15):22.181818
(17,25),(25,15):36.295456
(17,25),(25,14):6.291667
(17,25),(10,14):0.000000
(17,25),(10,7):0.000000
(17,25),(1,7):0.000000
(17,25),(1,5):0.000000
(17,25),(9,5):0.000000
(17,25),(9,4):0.000000
(17,25),(4,4):0.000000
(13,25),(13,24):13.000000
(13,25),(19,24):17.083334
(13,25),(19,22):11.083333
(13,25),(7,22):0.000000
(13,25),(7,17):3.720238
(13,25),(6,17):0.000000
(13,25),(6,23):0.000000
(13,25),(2,23):0.000000
(13,25),(2,21):0.000000
(13,25),(3,21):0.000000
(13,25),(3,20):0.000000
(13,25),(5,20):0.000000
(13,25),(5,16):3.943333
(13,25),(14,16):0.000000
(13,25),(14,18):0.000000
(13,25),(15,18):0.000000
(13,25),(15,19):7.265152
(13,25),(22,19):11.383333
(13,25),(22,15):7.333333
(13,25),(25,15):11.416667
(13,25),(25,14):2.083333
(13,25),(10,14):0.000000
(13,25),(10,7):0.000000
(13,25),(1,7):0.000000
(13,25),(1,5):0.000000
(13,25),(9,5):0.000000
(13,25),(9,4):0.000000
(13,25),(4,4):0.000000
(13,24),(19,24):23.857143
(13,24),(19,22):17.214285
(13,24),(7,22):0.000000
(13,24),(7,17):1.008333
(13,24),(6,17):0.000000
(13,24),(6,23):0.000000
(13,24),(2,23):0.000000
(13,24),(2,21):0.000000
(13,24),(3,21):0.000000
(13,24),(3,20):0.000000
(13,24),(5,20):0.000000
(13,24),(5,16):1.166667
(13,24),(14,16):0.000000
(13,24),(14,18):0.000000
(13,24),(15,18):0.000000
(13,24),(15,19):7.681818
(13,24),(22,19):17.372671
(13,24),(22,15):11.056818
(13,24),(25,15):17.188313
(13,24),(25,14):3.041667
(13,24),(10,14):0.000000
(13,24),(10,7):0.000000
(13,24),(1,7):0.000000
(13,24),(1,5):0.000000
(13,24),(9,5):0.000000
(13,24),(9,4):0.000000
(13,24),(4,4):0.000000
(19,24),(19,22):64.714287
(19,24),(7,22):22.600000
(19,24),(7,17):18.083334
(19,24),(6,17):0.000000
(19,24),(6,23):0.000000
(19,24),(2,23):0.000000
(19,24),(2,21):0.000000
(19,24),(3,21):0.000000
(19,24),(3,20):0.000000
(19,24),(5,20):0.000000
(19,24),(5,16):15.750000
(19,24),(14,16):0.000000
(19,24),(14,18):0.000000
(19,24),(15,18):0.000000
(19,24),(15,19):40.015152
(19,24),(22,19):70.852379
(19,24),(22,15):43.381817
(19,24),(25,15):64.995453
(19,24),(25,14):12.791667
(19,24),(10,14):0.083333
(19,24),(10,7):0.000000
(19,24),(1,7):0.000000
(19,24),(1,5):0.000000
(19,24),(9,5):0.000000
(19,24),(9,4):0.000000
(19,24),(4,4):0.000000
(19,22),(7,22):76.599998
(19,22),(7,17):71.250000
(19,22),(6,17):5.833333
(19,22),(6,23):0.375000
(19,22),(2,23):0.000000
(19,22),(2,21):0.000000
(19,22),(3,21):0.000000
(19,22),(3,20):0.000000
(19,22),(5,20):0.516260
(19,22),(5,16):43.516666
(19,22),(14,16):39.791668
(19,22),(14,18):47.666668
(19,22),(15,18):31.333334
(19,22),(15,19):95.181816
(19,22),(22,19):100.285713
(19,22),(22,15):40.181820
(19,22),(25,15):58.045456
(19,22),(25,14):11.541667
(19,22),(10,14):0.000000
(19,22),(10,7):0.000000
(19,22),(1,7):0.000000
(19,22),(1,5):0.000000
(19,22),(9,5):0.000000
(19,22),(9,4):0.000000
(19,22),(4,4):0.000000
(7,22),(7,17):63.803570
(7,22),(6,17):7.000000
(7,22),(6,23):0.000000
(7,22),(2,23):0.000000
(7,22),(2,21):0.000000
(7,22),(3,21):0.000000
(7,22),(3,20):0.000000
(7,22),(5,20):0.000000
(7,22),(5,16):35.888889
(7,22),(14,16):42.000000
(7,22),(14,18):50.500000
(7,22),(15,18):32.000000
(7,22),(15,19):77.000000
(7,22),(22,19):58.599998
(7,22),(22,15):13.600000
(7,22),(25,15):16.975000
(7,22),(25,14):3.700000
(7,22),(10,14):0.000000
(7,22),(10,7):0.000000
(7,22),(1,7):0.000000
(7,22),(1,5):0.000000
(7,22),(9,5):0.000000
(7,22),(9,4):0.000000
(7,22),(4,4):0.000000
(7,17),(6,17):9.000000
(7,17),(6,23):1.000000
(7,17),(2,23):0.000000
(7,17),(2,21):0.000000
(7,17),(3,21):0.000000
(7,17),(3,20):0.000000
(7,17),(5,20):1.166667
(7,17),(5,16):47.947224
(7,17),(14,16):44.000000
(7,17),(14,18):52.142857
(7,17),(15,18):31.928572
(7,17),(15,19):73.511902
(7,17),(22,19):52.083332
(7,17),(22,15):11.333333
(7,17),(25,15):15.526942
(7,17),(25,14):3.083333
(7,17),(10,14):0.000000
(7,17),(10,7):0.000000
(7,17),(1,7):0.000000
(7,17),(1,5):0.000000
(7,17),(9,5):0.000000
(7,17),(9,4):0.000000
(7,17),(4,4):0.000000
(6,17),(6,23):8.500000
(6,17),(2,23):5.000000
(6,17),(2,21):3.333333
(6,17),(3,21):4.750000
(6,17),(3,20):4.500000
(6,17),(5,20):8.666667
(6,17),(5,16):15.000000
(6,17),(14,16):9.062500
(6,17),(14,18):8.714286
(6,17),(15,18):0.000000
(6,17),(15,19):7.000000
(6,17),(22,19):0.000000
(6,17),(22,15):0.000000
(6,17),(25,15):0.000000
(6,17),(25,14):0.000000
(6,17),(10,14):0.000000
(6,17),(10,7):0.000000
(6,17),(1,7):0.000000
(6,17),(1,5):0.000000
(6,17),(9,5):0.000000
(6,17),(9,4):0.000000
(6,17),(4,4):0.000000
(6,23),(2,23):11.250000
(6,23),(2,21):8.000000
(6,23),(3,21):11.250000
(6,23),(3,20):9.000000
(6,23),(5,20):14.750000
(6,23),(5,16):7.000000
(6,23),(14,16):1.062500
(6,23),(14,18):0.785714
(6,23),(15,18):0.000000
(6,23),(15,19):0.625000
(6,23),(22,19):0.000000
(6,23),(22,15):0.000000
(6,23),(25,15):0.000000
(6,23),(25,14):0.000000
(6,23),(10,14):0.000000
(6,23),(10,7):0.000000
(6,23),(1,7):0.000000
(6,23),(1,5):0.000000
(6,23),(9,5):0.000000
(6,23),(9,4):0.000000
(6,23),(4,4):0.000000
(2,23),(2,21):8.000000
(2,23),(3,21):11.000000
(2,23),(3,20):8.750000
(2,23),(5,20):11.000000
(2,23),(5,16):3.500000
(2,23),(14,16):0.000000
(2,23),(14,18):0.000000
(2,23),(15,18):0.000000
(2,23),(15,19):0.000000
(2,23),(22,19):0.000000
(2,23),(22,15):0.000000
(2,23),(25,15):0.000000
(2,23),(25,14):0.000000
(2,23),(10,14):0.000000
(2,23),(10,7):0.000000
(2,23),(1,7):0.000000
(2,23),(1,5):0.000000
(2,23),(9,5):0.000000
(2,23),(9,4):0.000000
(2,23),(4,4):0.000000
(2,21),(3,21):8.000000
(2,21),(3,20):6.000000
(2,21),(5,20):7.750000
(2,21),(5,16):2.000000
(2,21),(14,16):0.000000
(2,21),(14,18):0.000000
(2,21),(15,18):0.000000
(2,21),(15,19):0.000000
(2,21),(22,19):0.000000
(2,21),(22,15):0.000000
(2,21),(25,15):0.000000
(2,21),(25,14):0.000000
(2,21),(10,14):0.000000
(2,21),(10,7):0.000000
(2,21),(1,7):0.000000
(2,21),(1,5):0.000000
(2,21),(9,5):0.000000
(2,21),(9,4):0.000000
(2,21),(4,4):0.000000
(3,21),(3,20):9.000000
(3,21),(5,20):11.000000
(3,21),(5,16):3.250000
(3,21),(14,16):0.000000
(3,21),(14,18):0.000000
(3,21),(15,18):0.000000
(3,21),(15,19):0.000000
(3,21),(22,19):0.000000
(3,21),(22,15):0.000000
(3,21),(25,15):0.000000
(3,21),(25,14):0.000000
(3,21),(10,14):0.000000
(3,21),(10,7):0.000000
(3,21),(1,7):0.000000
(3,21),(1,5):0.000000
(3,21),(9,5):0.000000
(3,21),(9,4):0.000000
(3,21),(4,4):0.000000
(3,20),(5,20):9.000000
(3,20),(5,16):3.000000
(3,20),(14,16):0.000000
(3,20),(14,18):0.000000
(3,20),(15,18):0.000000
(3,20),(15,19):0.000000
(3,20),(22,19):0.000000
(3,20),(22,15):0.000000
(3,20),(25,15):0.000000
(3,20),(25,14):0.000000
(3,20),(10,14):0.000000
(3,20),(10,7):0.000000
(3,20),(1,7):0.000000
(3,20),(1,5):0.000000
(3,20),(9,5):0.000000
(3,20),(9,4):0.000000
(3,20),(4,4):0.000000
(5,20),(5,16):7.166667
(5,20),(14,16):1.229167
(5,20),(14,18):0.949134
(5,20),(15,18):0.000000
(5,20),(15,19):0.782051
(5,20),(22,19):0.000000
(5,20),(22,15):0.000000
(5,20),(25,15):0.000000
(5,20),(25,14):0.000000
(5,20),(10,14):0.000000
(5,20),(10,7):0.000000
(5,20),(1,7):0.000000
(5,20),(1,5):0.000000
(5,20),(9,5):0.000000
(5,20),(9,4):0.000000
(5,20),(4,4):0.000000
(5,16),(14,16):21.312500
(5,16),(14,18):27.103174
(5,16),(15,18):8.888889
(5,16),(15,19):45.738888
(5,16),(22,19):28.350000
(5,16),(22,15):9.771428
(5,16),(25,15):13.633783
(5,16),(25,14):2.635714
(5,16),(10,14):0.000000
(5,16),(10,7):0.000000
(5,16),(1,7):0.000000
(5,16),(1,5):0.000000
(5,16),(9,5):0.000000
(5,16),(9,4):0.000000
(5,16),(4,4):0.000000
(14,16),(14,18):43.714287
(14,16),(15,18):28.000000
(14,16),(15,19):41.500000
(14,16),(22,19):21.000000
(14,16),(22,15):0.000000
(14,16),(25,15):0.000000
(14,16),(25,14):0.000000
(14,16),(10,14):0.000000
(14,16),(10,7):0.000000
(14,16),(1,7):0.000000
(14,16),(1,5):0.000000
(14,16),(9,5):0.000000
(14,16),(9,4):0.000000
(14,16),(4,4):0.000000
(14,18),(15,18):32.000000
(14,18),(15,19):50.000000
(14,18),(22,19):28.500000
(14,18),(22,15):0.000000
(14,18),(25,15):0.000000
(14,18),(25,14):0.000000
(14,18),(10,14):0.000000
(14,18),(10,7):0.000000
(14,18),(1,7):0.000000
(14,18),(1,5):0.000000
(14,18),(9,5):0.000000
(14,18),(9,4):0.000000
(14,18),(4,4):0.000000
(15,18),(15,19):32.000000
(15,18),(22,19):24.000000
(15,18),(22,15):0.000000
(15,18),(25,15):0.000000
(15,18),(25,14):0.000000
(15,18),(10,14):0.000000
(15,18),(10,7):0.000000
(15,18),(1,7):0.000000
(15,18),(1,5):0.000000
(15,18),(9,5):0.000000
(15,18),(9,4):0.000000
(15,18),(4,4):0.000000
(15,19),(22,19):75.619049
(15,19),(22,15):27.140152
(15,19),(25,15):33.618790
(15,19),(25,14):7.875000
(15,19),(10,14):0.000000
(15,19),(10,7):0.000000
(15,19),(1,7):0.000000
(15,19),(1,5):0.000000
(15,19),(9,5):0.000000
(15,19),(9,4):0.000000
(15,19),(4,4):0.000000
(22,19),(22,15):48.181820
(22,19),(25,15):69.412125
(22,19),(25,14):12.708333
(22,19),(10,14):0.041667
(22,19),(10,7):0.000000
(22,19),(1,7):0.000000
(22,19),(1,5):0.000000
(22,19),(9,5):0.000000
(22,19),(9,4):0.000000
(22,19),(4,4):0.000000
(22,15),(25,15):48.045456
(22,15),(25,14):12.041667
(22,15),(10,14):0.000000
(22,15),(10,7):0.000000
(22,15),(1,7):0.000000
(22,15),(1,5):0.000000
(22,15),(9,5):0.000000
(22,15),(9,4):0.000000
(22,15),(4,4):0.000000
(25,15),(25,14):14.041667
(25,15),(10,14):1.000000
(25,15),(10,7):0.000000
(25,15),(1,7):0.000000
(25,15),(1,5):0.000000
(25,15),(9,5):0.000000
(25,15),(9,4):0.000000
(25,15),(4,4):0.000000
(25,14),(10,14):18.000000
(25,14),(10,7):1.990909
(25,14),(1,7):0.000000
(25,14),(1,5):0.000000
(25,14),(9,5):0.000000
(25,14),(9,4):0.000000
(25,14),(4,4):0.000000
(10,14),(10,7):18.490910
(10,14),(1,7):4.875000
(10,14),(1,5):4.197369
(10,14),(9,5):12.007576
(10,14),(9,4):12.590909
(10,14),(4,4):4.090909
(10,7),(1,7):34.125000
(10,7),(1,5):44.377777
(10,7),(9,5):61.333332
(10,7),(9,4):32.416668
(10,7),(4,4):6.916667
(1,7),(1,5):27.500000
(1,7),(9,5):24.625000
(1,7),(9,4):7.875000
(1,7),(4,4):0.000000
(1,5),(9,5):31.777779
(1,5),(9,4):8.791667
(1,5),(4,4):0.000000
(9,5),(9,4):31.500000
(9,5),(4,4):6.750000
(9,4),(4,4):21.250000
