70
(33,29):(33,29)	(33,32)	(33,33)	(33,34)	(34,29)	(34,30)	(34,31)	(34,32)	(34,33)	(34,34)	(35,35)	
(34,29):(33,29)	(33,32)	(33,33)	(33,34)	(34,29)	(34,30)	(34,31)	(34,32)	(34,33)	(34,34)	
(34,30):(32,34)	(33,29)	(33,32)	(33,33)	(33,34)	(34,29)	(34,30)	(34,31)	(34,32)	(34,33)	(34,34)	(35,30)	(35,35)	
(35,30):(32,33)	(32,34)	(33,32)	(33,33)	(33,34)	(34,30)	(34,31)	(34,32)	(34,33)	(34,34)	(35,30)	(35,35)	
(35,35):(23,34)	(23,35)	(27,29)	(28,30)	(29,31)	(31,32)	(32,33)	(32,34)	(33,29)	(33,32)	(33,33)	(33,34)	(34,30)	(34,31)	(34,32)	(34,33)	(34,34)	(35,30)	(35,35)	
(23,35):(23,34)	(23,35)	(32,34)	(33,34)	(34,34)	(35,35)	
(23,34):(23,34)	(23,35)	(32,34)	(33,34)	(34,34)	(35,35)	
(32,34):(23,34)	(23,35)	(32,33)	(32,34)	(33,32)	(33,33)	(33,34)	(34,30)	(34,31)	(34,32)	(34,33)	(34,34)	(35,30)	(35,35)	
(32,33):(11,31)	(11,33)	(12,32)	(13,32)	(14,32)	(15,32)	(16,32)	(17,32)	(18,32)	(19,32)	(20,32)	(21,32)	(22,32)	(23,32)	(24,32)	(25,26)	(25,27)	(25,32)	(26,27)	(26,28)	(26,31)	(26,32)	(27,28)	(27,29)	(27,30)	(27,31)	(27,32)	(28,29)	(28,30)	(28,31)	(28,32)	(29,30)	(29,31)	(29,32)	(30,31)	(30,32)	(31,32)	(32,33)	(32,34)	(33,32)	(33,33)	(33,34)	(34,31)	(34,32)	(34,33)	(34,34)	(35,30)	(35,35)	
(11,33):(11,31)	(11,33)	(12,32)	(13,32)	(14,32)	(15,32)	(16,32)	(17,32)	(18,32)	(19,32)	(20,32)	(21,32)	(22,32)	(23,32)	(24,32)	(25,32)	(26,31)	(26,32)	(27,31)	(27,32)	(28,31)	(28,32)	(29,31)	(29,32)	(30,31)	(30,32)	(31,32)	(32,33)	(33,32)	(33,33)	(34,32)	(34,33)	
(11,31):(11,31)	(11,33)	(12,32)	(13,32)	(14,32)	(15,32)	(16,32)	(17,32)	(18,32)	(19,32)	(20,32)	(21,32)	(22,32)	(23,32)	(24,32)	(25,32)	(26,31)	(26,32)	(27,31)	(27,32)	(28,31)	(28,32)	(29,31)	(29,32)	(30,31)	(30,32)	(31,32)	(32,33)	(33,33)	(34,33)	
(26,31):(11,31)	(11,33)	(12,32)	(13,32)	(14,32)	(15,32)	(16,32)	(17,32)	(18,32)	(19,32)	(20,32)	(21,32)	(22,32)	(23,32)	(24,32)	(25,32)	(26,18)	(26,19)	(26,20)	(26,21)	(26,22)	(26,23)	(26,24)	(26,25)	(26,26)	(26,27)	(26,28)	(26,31)	(26,32)	(27,17)	(27,25)	(27,26)	(27,27)	(27,28)	(27,29)	(27,30)	(27,31)	(27,32)	(28,25)	(28,26)	(28,27)	(28,28)	(28,29)	(28,30)	(28,31)	(28,32)	(29,22)	(29,23)	(29,24)	(29,25)	(29,26)	(29,27)	(29,28)	(29,29)	(29,30)	(29,31)	(29,32)	(30,19)	(30,20)	(30,21)	(30,22)	(30,23)	(30,24)	(30,25)	(30,26)	(30,27)	(30,28)	(30,29)	(30,30)	(30,31)	(30,32)	(31,32)	(32,33)	(33,33)	(34,33)	
(26,28):(20,27)	(20,28)	(21,27)	(22,27)	(23,27)	(24,27)	(25,17)	(25,26)	(25,27)	(26,18)	(26,19)	(26,20)	(26,21)	(26,22)	(26,23)	(26,24)	(26,25)	(26,26)	(26,27)	(26,28)	(26,31)	(26,32)	(27,17)	(27,25)	(27,26)	(27,27)	(27,28)	(27,29)	(27,30)	(27,31)	(27,32)	(28,25)	(28,26)	(28,27)	(28,28)	(28,29)	(28,30)	(28,31)	(28,32)	(29,24)	(29,25)	(29,26)	(29,27)	(29,28)	(29,29)	(29,30)	(29,31)	(29,32)	(30,22)	(30,23)	(30,24)	(30,25)	(30,26)	(30,27)	(30,28)	(30,29)	(30,30)	(30,31)	(30,32)	(31,32)	(32,33)	
(20,28):(20,27)	(20,28)	(21,27)	(22,27)	(23,27)	(24,27)	(25,26)	(25,27)	(26,26)	(26,27)	(26,28)	(27,26)	(27,27)	(27,28)	(28,25)	(28,26)	(28,27)	(28,28)	(29,25)	(29,26)	(29,27)	(29,28)	(30,25)	(30,26)	(30,27)	(30,28)	
(20,27):(3,27)	(4,26)	(5,26)	(6,26)	(7,26)	(8,26)	(9,26)	(20,27)	(20,28)	(21,27)	(22,27)	(23,27)	(24,27)	(25,26)	(25,27)	(26,26)	(26,27)	(26,28)	(27,26)	(27,27)	(27,28)	(28,26)	(28,27)	(28,28)	(29,26)	(29,27)	(29,28)	(30,25)	(30,26)	(30,27)	(30,28)	
(3,27):(3,23)	(3,27)	(4,23)	(4,24)	(4,25)	(4,26)	(5,22)	(5,23)	(5,24)	(5,25)	(5,26)	(6,22)	(6,23)	(6,24)	(6,25)	(6,26)	(7,21)	(7,22)	(7,23)	(7,24)	(7,25)	(7,26)	(8,19)	(8,20)	(8,21)	(8,22)	(8,23)	(8,24)	(8,25)	(8,26)	(9,17)	(9,18)	(9,19)	(9,20)	(9,21)	(9,22)	(9,23)	(9,24)	(9,26)	(10,16)	(10,17)	(10,18)	(10,19)	(10,20)	(10,21)	(10,22)	(10,23)	(11,14)	(11,15)	(11,16)	(11,17)	(11,18)	(11,19)	(11,20)	(11,21)	(11,22)	(11,23)	(12,20)	(12,21)	(12,22)	(13,21)	(13,22)	(14,21)	(15,21)	(16,20)	(17,20)	(18,19)	(20,27)	(21,27)	(22,27)	(23,27)	(24,27)	(25,26)	(25,27)	(26,26)	(26,27)	(27,26)	(27,27)	(28,26)	(28,27)	(29,26)	(29,27)	(30,26)	(30,27)	
(3,23):(3,23)	(3,27)	(4,23)	(4,24)	(4,25)	(4,26)	(5,23)	(5,24)	(5,25)	(5,26)	(6,23)	(6,24)	(6,25)	(6,26)	(7,23)	(7,24)	(7,25)	(7,26)	(8,23)	(8,24)	(8,25)	(8,26)	(9,23)	(9,24)	(9,26)	(10,23)	(11,23)	(12,23)	(13,23)	(14,23)	(15,23)	(16,23)	(17,23)	(18,23)	(19,23)	(20,23)	(21,24)	
(4,23):(3,23)	(3,27)	(4,7)	(4,8)	(4,9)	(4,10)	(4,11)	(4,12)	(4,23)	(4,24)	(4,25)	(4,26)	(5,6)	(5,22)	(5,23)	(5,24)	(5,25)	(5,26)	(6,22)	(6,23)	(6,24)	(6,25)	(6,26)	(7,22)	(7,23)	(7,24)	(7,25)	(7,26)	(8,21)	(8,22)	(8,23)	(8,24)	(8,25)	(8,26)	(9,21)	(9,22)	(9,23)	(9,24)	(9,26)	(10,20)	(10,21)	(10,22)	(10,23)	(11,20)	(11,21)	(11,22)	(11,23)	(12,20)	(12,21)	(12,22)	(12,23)	(13,21)	(13,22)	(13,23)	(14,21)	(14,22)	(14,23)	(15,21)	(15,22)	(15,23)	(16,20)	(16,21)	(16,22)	(16,23)	(17,20)	(17,21)	(17,22)	(17,23)	(18,20)	(18,21)	(18,22)	(18,23)	(19,21)	(19,22)	(19,23)	(20,22)	(20,23)	(21,21)	(21,24)	
(4,12):(1,8)	(1,12)	(2,6)	(2,8)	(2,9)	(2,10)	(2,11)	(3,7)	(3,8)	(3,9)	(3,10)	(3,11)	(4,7)	(4,8)	(4,9)	(4,10)	(4,11)	(4,12)	(4,23)	(4,24)	(4,25)	(4,26)	(5,6)	(5,22)	(5,23)	(5,24)	(5,25)	(5,26)	
(1,12):(1,8)	(1,12)	(2,8)	(2,9)	(2,10)	(2,11)	(3,7)	(3,8)	(3,9)	(3,10)	(3,11)	(4,7)	(4,8)	(4,9)	(4,10)	(4,11)	(4,12)	(5,6)	
(1,8):(1,8)	(1,12)	(2,8)	(2,9)	(2,10)	(2,11)	(3,8)	(3,9)	(3,10)	(3,11)	(4,8)	(4,9)	(4,10)	(4,11)	(4,12)	
(2,8):(1,8)	(1,12)	(2,6)	(2,8)	(2,9)	(2,10)	(2,11)	(3,7)	(3,8)	(3,9)	(3,10)	(3,11)	(4,7)	(4,8)	(4,9)	(4,10)	(4,11)	(4,12)	(5,6)	
(2,6):(2,6)	(2,8)	(2,9)	(2,10)	(2,11)	(3,7)	(3,8)	(3,9)	(3,10)	(3,11)	(4,7)	(4,8)	(4,9)	(4,10)	(4,11)	(4,12)	(5,6)	
(5,6):(1,12)	(2,6)	(2,8)	(2,9)	(2,10)	(2,11)	(3,7)	(3,8)	(3,9)	(3,10)	(3,11)	(4,7)	(4,8)	(4,9)	(4,10)	(4,11)	(4,12)	(4,23)	(4,24)	(4,25)	(4,26)	(5,6)	(5,22)	(5,23)	(5,24)	(5,25)	(5,26)	
(5,22):(3,27)	(4,7)	(4,8)	(4,9)	(4,10)	(4,11)	(4,12)	(4,23)	(4,24)	(4,25)	(4,26)	(5,6)	(5,22)	(5,23)	(5,24)	(5,25)	(5,26)	(6,22)	(6,23)	(6,24)	(6,25)	(6,26)	(7,22)	(7,23)	(7,24)	(7,25)	(7,26)	(8,22)	(8,23)	(8,24)	(8,25)	(8,26)	(9,22)	(9,23)	(9,24)	(9,26)	(10,22)	(10,23)	(11,22)	(11,23)	(12,22)	(12,23)	(13,22)	(13,23)	(14,22)	(14,23)	(15,22)	(15,23)	(16,22)	(16,23)	(17,22)	(17,23)	(18,22)	(18,23)	(19,22)	(19,23)	(20,22)	(20,23)	(21,24)	
(6,22):(3,27)	(4,23)	(4,24)	(4,25)	(4,26)	(5,22)	(5,23)	(5,24)	(5,25)	(5,26)	(6,19)	(6,22)	(6,23)	(6,24)	(6,25)	(6,26)	(7,19)	(7,20)	(7,21)	(7,22)	(7,23)	(7,24)	(7,25)	(7,26)	(8,18)	(8,19)	(8,20)	(8,21)	(8,22)	(8,23)	(8,24)	(8,25)	(8,26)	(9,16)	(9,17)	(9,18)	(9,19)	(9,20)	(9,21)	(9,22)	(9,23)	(9,24)	(9,26)	(10,14)	(10,15)	(10,16)	(10,17)	(10,18)	(10,19)	(10,20)	(10,21)	(10,22)	(10,23)	(11,12)	(11,13)	(11,14)	(11,15)	(11,16)	(11,17)	(11,18)	(11,19)	(11,20)	(11,21)	(11,22)	(11,23)	(12,10)	(12,11)	(12,20)	(12,21)	(12,22)	(12,23)	(13,9)	(13,21)	(13,22)	(13,23)	(14,21)	(14,22)	(14,23)	(15,21)	(15,22)	(15,23)	(16,20)	(16,21)	(16,22)	(16,23)	(17,20)	(17,21)	(17,22)	(17,23)	(18,20)	(18,21)	(18,22)	(18,23)	(19,21)	(19,22)	(19,23)	(20,22)	(20,23)	(21,21)	(21,24)	
(6,19):(6,19)	(6,22)	(6,23)	(6,24)	(6,25)	(6,26)	(7,19)	(7,20)	(7,21)	(7,22)	(7,23)	(7,24)	(7,25)	(7,26)	(8,19)	(8,20)	(8,21)	(8,22)	(8,23)	(8,24)	(8,25)	(8,26)	(9,19)	(9,20)	(9,21)	(9,22)	(9,23)	(9,24)	(9,26)	(10,19)	(10,20)	(10,21)	(10,22)	(10,23)	(11,19)	(11,20)	(11,21)	(11,22)	(11,23)	(12,20)	(12,21)	(12,22)	(12,23)	(13,21)	(13,22)	(13,23)	(14,21)	(14,22)	(14,23)	(15,21)	(15,22)	(15,23)	(16,21)	(16,22)	(16,23)	(17,21)	(17,22)	(17,23)	(18,21)	(18,22)	(18,23)	(19,22)	(19,23)	(20,22)	(20,23)	(21,24)	
(7,19):(5,25)	(5,26)	(6,19)	(6,22)	(6,23)	(6,24)	(6,25)	(6,26)	(7,18)	(7,19)	(7,20)	(7,21)	(7,22)	(7,23)	(7,24)	(7,25)	(7,26)	(8,18)	(8,19)	(8,20)	(8,21)	(8,22)	(8,23)	(8,24)	(8,25)	(8,26)	(9,17)	(9,18)	(9,19)	(9,20)	(9,21)	(9,22)	(9,23)	(9,24)	(9,26)	(10,16)	(10,17)	(10,18)	(10,19)	(10,20)	(10,21)	(10,22)	(10,23)	(11,15)	(11,16)	(11,17)	(11,18)	(11,19)	(11,20)	(11,21)	(11,22)	(11,23)	(12,20)	(12,21)	(12,22)	(12,23)	(13,21)	(13,22)	(13,23)	(14,21)	(14,22)	(14,23)	(15,21)	(15,22)	(15,23)	(16,21)	(16,22)	(16,23)	(17,21)	(17,22)	(17,23)	(18,22)	(18,23)	(19,22)	(19,23)	(20,22)	(20,23)	(21,24)	
(7,18):(7,18)	(7,19)	(7,20)	(7,21)	(7,22)	(7,23)	(7,24)	(7,25)	(7,26)	(8,18)	(8,19)	(8,20)	(8,21)	(8,22)	(8,23)	(8,24)	(8,25)	(8,26)	(9,18)	(9,19)	(9,20)	(9,21)	(9,22)	(9,23)	(9,24)	(9,26)	(10,18)	(10,19)	(10,20)	(10,21)	(10,22)	(10,23)	(11,18)	(11,19)	(11,20)	(11,21)	(11,22)	(11,23)	(12,20)	(12,21)	(12,22)	(12,23)	(13,21)	(13,22)	(13,23)	(14,21)	(14,22)	(14,23)	(15,22)	(15,23)	(16,22)	(16,23)	(17,22)	(17,23)	(18,23)	(19,23)	(21,24)	
(8,18):(4,26)	(5,24)	(5,25)	(5,26)	(6,22)	(6,23)	(6,24)	(6,25)	(6,26)	(7,18)	(7,19)	(7,20)	(7,21)	(7,22)	(7,23)	(7,24)	(7,25)	(7,26)	(8,14)	(8,18)	(8,19)	(8,20)	(8,21)	(8,22)	(8,23)	(8,24)	(8,25)	(8,26)	(9,15)	(9,16)	(9,17)	(9,18)	(9,19)	(9,20)	(9,21)	(9,22)	(9,23)	(9,24)	(9,26)	(10,14)	(10,15)	(10,16)	(10,17)	(10,18)	(10,19)	(10,20)	(10,21)	(10,22)	(10,23)	(11,12)	(11,13)	(11,14)	(11,15)	(11,16)	(11,17)	(11,18)	(11,19)	(11,20)	(11,21)	(11,22)	(11,23)	(12,10)	(12,11)	(12,20)	(12,21)	(12,22)	(12,23)	(13,9)	(13,21)	(13,22)	(13,23)	(14,21)	(14,22)	(14,23)	(15,22)	(15,23)	(16,22)	(16,23)	(17,23)	(18,23)	
(8,14):(8,14)	(8,18)	(8,19)	(8,20)	(8,21)	(8,22)	(8,23)	(8,24)	(8,25)	(8,26)	(9,15)	(9,16)	(9,17)	(9,18)	(9,19)	(9,20)	(9,21)	(9,22)	(9,23)	(9,24)	(9,26)	(10,14)	(10,15)	(10,16)	(10,17)	(10,18)	(10,19)	(10,20)	(10,21)	(10,22)	(10,23)	(11,14)	(11,15)	(11,16)	(11,17)	(11,18)	(11,19)	(11,20)	(11,21)	(11,22)	(11,23)	(12,20)	(12,21)	(12,22)	(12,23)	(13,22)	(13,23)	(14,23)	
(10,14):(4,26)	(5,24)	(5,25)	(5,26)	(6,22)	(6,23)	(6,24)	(6,25)	(6,26)	(7,20)	(7,21)	(7,22)	(7,23)	(7,24)	(7,25)	(7,26)	(8,14)	(8,18)	(8,19)	(8,20)	(8,21)	(8,22)	(8,23)	(8,24)	(8,25)	(8,26)	(9,15)	(9,16)	(9,17)	(9,18)	(9,19)	(9,20)	(9,21)	(9,22)	(9,23)	(9,24)	(10,9)	(10,14)	(10,15)	(10,16)	(10,17)	(10,18)	(10,19)	(10,20)	(10,21)	(10,22)	(10,23)	(11,10)	(11,11)	(11,12)	(11,13)	(11,14)	(11,15)	(11,16)	(11,17)	(11,18)	(11,19)	(11,20)	(11,21)	(11,22)	(11,23)	(12,10)	(12,11)	(12,20)	(12,21)	(12,22)	(12,23)	(13,9)	(13,23)	(14,8)	
(10,9):(10,9)	(10,14)	(10,15)	(10,16)	(10,17)	(10,18)	(10,19)	(10,20)	(10,21)	(10,22)	(10,23)	(11,10)	(11,11)	(11,12)	(11,13)	(11,14)	(11,15)	(11,16)	(11,17)	(11,18)	(11,19)	(11,20)	(11,21)	(11,22)	(11,23)	(12,10)	(12,11)	(12,20)	(12,21)	(12,22)	(12,23)	(13,9)	(13,10)	(14,9)	(14,10)	(15,11)	
(13,9):(4,26)	(5,24)	(5,25)	(6,22)	(6,23)	(7,20)	(7,21)	(8,18)	(8,19)	(9,16)	(9,17)	(10,9)	(10,14)	(10,15)	(11,10)	(11,11)	(11,12)	(11,13)	(12,10)	(12,11)	(13,2)	(13,9)	(13,10)	(14,2)	(14,5)	(14,6)	(14,7)	(14,8)	(14,9)	(14,10)	(15,5)	(15,11)	
(13,2):(13,2)	(13,9)	(13,10)	(14,2)	(14,5)	(14,6)	(14,7)	(14,8)	(14,9)	(14,10)	(15,11)	
(14,2):(13,2)	(13,9)	(13,10)	(14,2)	(14,5)	(14,6)	(14,7)	(14,8)	(14,9)	(14,10)	
(14,5):(13,2)	(13,9)	(13,10)	(14,2)	(14,5)	(14,6)	(14,7)	(14,8)	(14,9)	(14,10)	(15,5)	(15,11)	
(15,5):(12,11)	(13,9)	(13,10)	(14,5)	(14,6)	(14,7)	(14,8)	(14,9)	(14,10)	(15,5)	(15,11)	
(15,11):(10,9)	(11,10)	(11,11)	(12,10)	(12,11)	(13,2)	(13,9)	(13,10)	(14,5)	(14,6)	(14,7)	(14,8)	(14,9)	(14,10)	(15,5)	(15,11)	
(12,11):(4,26)	(5,24)	(5,25)	(5,26)	(6,22)	(6,23)	(6,24)	(6,25)	(6,26)	(7,20)	(7,21)	(7,22)	(7,23)	(7,24)	(7,25)	(7,26)	(8,18)	(8,19)	(8,20)	(8,21)	(8,22)	(8,23)	(8,24)	(8,25)	(8,26)	(9,16)	(9,17)	(9,18)	(9,19)	(9,20)	(9,21)	(9,22)	(9,23)	(9,24)	(10,9)	(10,14)	(10,15)	(10,16)	(10,17)	(10,18)	(10,19)	(10,20)	(10,21)	(10,22)	(10,23)	(11,10)	(11,11)	(11,12)	(11,13)	(11,14)	(11,15)	(11,16)	(11,17)	(11,18)	(11,19)	(11,20)	(11,21)	(11,22)	(11,23)	(12,10)	(12,11)	(12,20)	(12,21)	(12,22)	(12,23)	(13,9)	(13,10)	(14,7)	(14,8)	(14,9)	(14,10)	(15,5)	(15,11)	
(12,20):(3,27)	(4,23)	(4,24)	(4,25)	(4,26)	(5,23)	(5,24)	(5,25)	(5,26)	(6,19)	(6,22)	(6,23)	(6,24)	(6,25)	(6,26)	(7,18)	(7,19)	(7,20)	(7,21)	(7,22)	(7,23)	(7,24)	(7,25)	(7,26)	(8,14)	(8,18)	(8,19)	(8,20)	(8,21)	(8,22)	(8,23)	(8,24)	(8,25)	(9,15)	(9,16)	(9,17)	(9,18)	(9,19)	(9,20)	(9,21)	(9,22)	(9,23)	(9,24)	(10,9)	(10,14)	(10,15)	(10,16)	(10,17)	(10,18)	(10,19)	(10,20)	(10,21)	(10,22)	(10,23)	(11,10)	(11,11)	(11,12)	(11,13)	(11,14)	(11,15)	(11,16)	(11,17)	(11,18)	(11,19)	(11,20)	(11,21)	(11,22)	(11,23)	(12,10)	(12,11)	(12,20)	(12,21)	(12,22)	(12,23)	(13,21)	(13,22)	(13,23)	(14,21)	(14,22)	(14,23)	(15,21)	(15,22)	(15,23)	(16,20)	(16,21)	(16,22)	(16,23)	(17,20)	(17,21)	(17,22)	(17,23)	(18,20)	(18,21)	(18,22)	(18,23)	(19,21)	(19,22)	(19,23)	(20,22)	(20,23)	(21,24)	
(16,20):(3,27)	(4,23)	(4,24)	(4,25)	(4,26)	(5,23)	(5,24)	(5,25)	(5,26)	(6,22)	(6,23)	(6,24)	(6,25)	(7,20)	(7,21)	(7,22)	(7,23)	(7,24)	(7,25)	(8,20)	(8,21)	(8,22)	(8,23)	(8,24)	(9,20)	(9,21)	(9,22)	(9,23)	(9,24)	(10,20)	(10,21)	(10,22)	(10,23)	(11,20)	(11,21)	(11,22)	(11,23)	(12,20)	(12,21)	(12,22)	(12,23)	(13,21)	(13,22)	(13,23)	(14,21)	(14,22)	(14,23)	(15,21)	(15,22)	(15,23)	(16,1)	(16,20)	(16,21)	(16,22)	(16,23)	(17,2)	(17,3)	(17,13)	(17,14)	(17,15)	(17,16)	(17,17)	(17,18)	(17,19)	(17,20)	(17,21)	(17,22)	(17,23)	(18,13)	(18,14)	(18,15)	(18,16)	(18,17)	(18,18)	(18,19)	(18,20)	(18,21)	(18,22)	(18,23)	(19,21)	(19,22)	(19,23)	(20,22)	(20,23)	(21,24)	
(16,1):(16,1)	(16,20)	(16,21)	(16,22)	(16,23)	(17,2)	(17,3)	(17,13)	(17,14)	(17,15)	(17,16)	(17,17)	(17,18)	(17,19)	(17,20)	(17,21)	(17,22)	(17,23)	(18,2)	(19,2)	(20,2)	(21,2)	(22,2)	(22,3)	(23,2)	(23,3)	(24,1)	
(24,1):(16,1)	(17,2)	(17,3)	(18,2)	(19,2)	(20,2)	(21,2)	(22,2)	(22,3)	(22,4)	(23,2)	(23,3)	(24,1)	(24,4)	
(24,4):(20,2)	(21,2)	(22,2)	(22,3)	(22,4)	(23,2)	(23,3)	(24,1)	(24,4)	
(22,4):(22,2)	(22,3)	(22,4)	(23,2)	(23,3)	(24,1)	(24,4)	
(22,3):(16,1)	(17,2)	(17,3)	(18,2)	(19,2)	(20,2)	(21,2)	(22,2)	(22,3)	(22,4)	(23,2)	(23,3)	(24,1)	(24,4)	
(17,3):(16,1)	(16,20)	(16,21)	(16,22)	(16,23)	(17,2)	(17,3)	(17,13)	(17,14)	(17,15)	(17,16)	(17,17)	(17,18)	(17,19)	(17,20)	(17,21)	(17,22)	(17,23)	(18,2)	(19,2)	(20,2)	(21,2)	(22,2)	(22,3)	(23,2)	(23,3)	(24,1)	
(17,13):(16,1)	(16,20)	(16,21)	(16,22)	(16,23)	(17,2)	(17,3)	(17,13)	(17,14)	(17,15)	(17,16)	(17,17)	(17,18)	(17,19)	(17,20)	(17,21)	(17,22)	(17,23)	(18,13)	(18,14)	(18,15)	(18,16)	(18,17)	(18,18)	(18,19)	(18,20)	(18,21)	(18,22)	(18,23)	(19,21)	(19,22)	(19,23)	
(18,13):(16,20)	(16,21)	(16,22)	(16,23)	(17,13)	(17,14)	(17,15)	(17,16)	(17,17)	(17,18)	(17,19)	(17,20)	(17,21)	(17,22)	(17,23)	(18,7)	(18,13)	(18,14)	(18,15)	(18,16)	(18,17)	(18,18)	(18,19)	(18,20)	(18,21)	(18,22)	(18,23)	(19,7)	(19,21)	(19,22)	(19,23)	
(18,7):(18,7)	(18,13)	(18,14)	(18,15)	(18,16)	(18,17)	(18,18)	(18,19)	(18,20)	(18,21)	(18,22)	(18,23)	(19,7)	(19,21)	(19,22)	(19,23)	
(19,7):(17,19)	(17,20)	(17,21)	(17,22)	(17,23)	(18,7)	(18,13)	(18,14)	(18,15)	(18,16)	(18,17)	(18,18)	(18,19)	(18,20)	(18,21)	(18,22)	(18,23)	(19,7)	(19,21)	(19,22)	(19,23)	
(19,21):(4,23)	(4,24)	(4,25)	(5,23)	(5,24)	(5,25)	(6,22)	(6,23)	(6,24)	(7,20)	(7,21)	(7,22)	(7,23)	(7,24)	(8,20)	(8,21)	(8,22)	(8,23)	(8,24)	(9,20)	(9,21)	(9,22)	(9,23)	(9,24)	(10,20)	(10,21)	(10,22)	(10,23)	(11,20)	(11,21)	(11,22)	(11,23)	(12,20)	(12,21)	(12,22)	(12,23)	(13,21)	(13,22)	(13,23)	(14,21)	(14,22)	(14,23)	(15,21)	(15,22)	(15,23)	(16,20)	(16,21)	(16,22)	(16,23)	(17,13)	(17,14)	(17,15)	(17,16)	(17,17)	(17,18)	(17,19)	(17,20)	(17,21)	(17,22)	(17,23)	(18,7)	(18,13)	(18,14)	(18,15)	(18,16)	(18,17)	(18,18)	(18,19)	(18,20)	(18,21)	(18,22)	(18,23)	(19,7)	(19,21)	(19,22)	(19,23)	(20,22)	(20,23)	(21,21)	(21,24)	
(21,21):(4,23)	(4,24)	(4,25)	(5,23)	(5,24)	(5,25)	(6,22)	(6,23)	(6,24)	(7,21)	(7,22)	(7,23)	(7,24)	(8,21)	(8,22)	(8,23)	(8,24)	(9,21)	(9,22)	(9,23)	(9,24)	(10,21)	(10,22)	(10,23)	(11,21)	(11,22)	(11,23)	(12,21)	(12,22)	(12,23)	(13,21)	(13,22)	(13,23)	(14,21)	(14,22)	(14,23)	(15,21)	(15,22)	(15,23)	(16,21)	(16,22)	(16,23)	(17,21)	(17,22)	(17,23)	(18,21)	(18,22)	(18,23)	(19,21)	(19,22)	(19,23)	(20,22)	(20,23)	(21,21)	(21,24)	
(21,24):(3,23)	(4,23)	(4,24)	(5,22)	(5,23)	(5,24)	(6,19)	(6,22)	(6,23)	(6,24)	(7,18)	(7,19)	(7,20)	(7,21)	(7,22)	(7,23)	(7,24)	(8,19)	(8,20)	(8,21)	(8,22)	(8,23)	(8,24)	(9,19)	(9,20)	(9,21)	(9,22)	(9,23)	(9,24)	(10,20)	(10,21)	(10,22)	(10,23)	(11,20)	(11,21)	(11,22)	(11,23)	(12,20)	(12,21)	(12,22)	(12,23)	(13,21)	(13,22)	(13,23)	(14,21)	(14,22)	(14,23)	(15,21)	(15,22)	(15,23)	(16,20)	(16,21)	(16,22)	(16,23)	(17,18)	(17,19)	(17,20)	(17,21)	(17,22)	(17,23)	(18,20)	(18,21)	(18,22)	(18,23)	(19,21)	(19,22)	(19,23)	(20,22)	(20,23)	(21,21)	(21,24)	
(9,24):(3,23)	(3,27)	(4,23)	(4,24)	(4,25)	(4,26)	(5,22)	(5,23)	(5,24)	(5,25)	(5,26)	(6,19)	(6,22)	(6,23)	(6,24)	(6,25)	(6,26)	(7,18)	(7,19)	(7,20)	(7,21)	(7,22)	(7,23)	(7,24)	(7,25)	(7,26)	(8,14)	(8,18)	(8,19)	(8,20)	(8,21)	(8,22)	(8,23)	(8,24)	(8,25)	(8,26)	(9,15)	(9,16)	(9,17)	(9,18)	(9,19)	(9,20)	(9,21)	(9,22)	(9,23)	(9,24)	(9,26)	(10,14)	(10,15)	(10,16)	(10,17)	(10,18)	(10,19)	(10,20)	(10,21)	(10,22)	(10,23)	(11,10)	(11,11)	(11,12)	(11,13)	(11,14)	(11,15)	(11,16)	(11,17)	(11,18)	(11,19)	(11,20)	(11,21)	(11,22)	(11,23)	(12,10)	(12,11)	(12,20)	(12,21)	(12,22)	(12,23)	(13,21)	(13,22)	(13,23)	(14,21)	(14,22)	(14,23)	(15,21)	(15,22)	(15,23)	(16,20)	(16,21)	(16,22)	(16,23)	(17,20)	(17,21)	(17,22)	(17,23)	(18,19)	(18,20)	(18,21)	(18,22)	(18,23)	(19,21)	(19,22)	(19,23)	(20,22)	(20,23)	(21,21)	(21,24)	
(9,26):(3,23)	(3,27)	(4,23)	(4,24)	(4,25)	(4,26)	(5,22)	(5,23)	(5,24)	(5,25)	(5,26)	(6,19)	(6,22)	(6,23)	(6,24)	(6,25)	(6,26)	(7,18)	(7,19)	(7,20)	(7,21)	(7,22)	(7,23)	(7,24)	(7,25)	(7,26)	(8,14)	(8,18)	(8,19)	(8,20)	(8,21)	(8,22)	(8,23)	(8,24)	(8,25)	(8,26)	(9,15)	(9,16)	(9,17)	(9,18)	(9,19)	(9,20)	(9,21)	(9,22)	(9,23)	(9,24)	(9,26)	(20,27)	(21,27)	(22,27)	(23,27)	(24,27)	(25,26)	(25,27)	(26,26)	(26,27)	(27,26)	(27,27)	(28,26)	(28,27)	(29,26)	(29,27)	(30,26)	(30,27)	
(25,26):(3,27)	(4,26)	(5,26)	(6,26)	(7,26)	(8,26)	(9,26)	(20,27)	(20,28)	(21,27)	(22,27)	(23,27)	(24,27)	(25,17)	(25,26)	(25,27)	(26,18)	(26,19)	(26,20)	(26,21)	(26,22)	(26,23)	(26,24)	(26,25)	(26,26)	(26,27)	(26,28)	(27,17)	(27,25)	(27,26)	(27,27)	(27,28)	(27,29)	(27,30)	(28,25)	(28,26)	(28,27)	(28,28)	(28,29)	(28,30)	(28,31)	(28,32)	(29,25)	(29,26)	(29,27)	(29,28)	(29,29)	(29,30)	(29,31)	(29,32)	(30,25)	(30,26)	(30,27)	(30,28)	(30,29)	(30,30)	(30,31)	(30,32)	(31,32)	(32,33)	
(25,17):(25,17)	(25,26)	(25,27)	(26,18)	(26,19)	(26,20)	(26,21)	(26,22)	(26,23)	(26,24)	(26,25)	(26,26)	(26,27)	(26,28)	(27,17)	(27,25)	(27,26)	(27,27)	(27,28)	(27,29)	(27,30)	(27,31)	(27,32)	(28,29)	(28,30)	(28,31)	(28,32)	
(27,17):(25,17)	(25,26)	(25,27)	(26,18)	(26,19)	(26,20)	(26,21)	(26,22)	(26,23)	(26,24)	(26,25)	(26,26)	(26,27)	(26,28)	(26,31)	(26,32)	(27,17)	(27,25)	(27,26)	(27,27)	(27,28)	(27,29)	(27,30)	(27,31)	(27,32)	
(27,25):(23,27)	(24,27)	(25,17)	(25,26)	(25,27)	(26,18)	(26,19)	(26,20)	(26,21)	(26,22)	(26,23)	(26,24)	(26,25)	(26,26)	(26,27)	(26,28)	(26,31)	(26,32)	(27,17)	(27,25)	(27,26)	(27,27)	(27,28)	(27,29)	(27,30)	(27,31)	(27,32)	(28,25)	(28,26)	(28,27)	(28,28)	(28,29)	(28,30)	(28,31)	(28,32)	(29,25)	(29,26)	(29,27)	(29,28)	(29,29)	(29,30)	(29,31)	(29,32)	(30,25)	(30,26)	(30,27)	(30,28)	(30,29)	(30,30)	(30,31)	(30,32)	(31,32)	
(28,25):(20,28)	(22,27)	(23,27)	(24,27)	(25,26)	(25,27)	(26,25)	(26,26)	(26,27)	(26,28)	(26,31)	(26,32)	(27,25)	(27,26)	(27,27)	(27,28)	(27,29)	(27,30)	(27,31)	(27,32)	(28,15)	(28,25)	(28,26)	(28,27)	(28,28)	(28,29)	(28,30)	(28,31)	(28,32)	(29,15)	(29,16)	(29,17)	(29,18)	(29,19)	(29,20)	(29,21)	(29,22)	(29,23)	(29,24)	(29,25)	(29,26)	(29,27)	(29,28)	(29,29)	(29,30)	(29,31)	(29,32)	(30,16)	(30,17)	(30,18)	(30,19)	(30,20)	(30,21)	(30,22)	(30,23)	(30,24)	(30,25)	(30,26)	(30,27)	(30,28)	(30,29)	(30,30)	(30,31)	(30,32)	(31,32)	
(28,15):(28,15)	(28,25)	(28,26)	(28,27)	(28,28)	(28,29)	(28,30)	(28,31)	(28,32)	(29,15)	(29,16)	(29,17)	(29,18)	(29,19)	(29,20)	(29,21)	(29,22)	(29,23)	(29,24)	(29,25)	(29,26)	(29,27)	(29,28)	(29,29)	(29,30)	(29,31)	(29,32)	(30,17)	(30,18)	(30,19)	(30,20)	(30,21)	(30,22)	(30,23)	(30,24)	(30,25)	(30,26)	(30,27)	(30,28)	(30,29)	(30,30)	(30,31)	(30,32)	(31,32)	
(29,15):(28,15)	(28,25)	(28,26)	(28,27)	(28,28)	(28,29)	(28,30)	(28,31)	(28,32)	(29,15)	(29,16)	(29,17)	(29,18)	(29,19)	(29,20)	(29,21)	(29,22)	(29,23)	(29,24)	(29,25)	(29,26)	(29,27)	(29,28)	(29,29)	(29,30)	(29,31)	(29,32)	
(29,16):(28,15)	(28,25)	(28,26)	(28,27)	(28,28)	(28,29)	(28,30)	(28,31)	(28,32)	(29,15)	(29,16)	(29,17)	(29,18)	(29,19)	(29,20)	(29,21)	(29,22)	(29,23)	(29,24)	(29,25)	(29,26)	(29,27)	(29,28)	(29,29)	(29,30)	(29,31)	(29,32)	(30,16)	(30,17)	(30,18)	(30,19)	(30,20)	(30,21)	(30,22)	(30,23)	(30,24)	(30,25)	(30,26)	(30,27)	(30,28)	(30,29)	(30,30)	(30,31)	(30,32)	(31,32)	
(30,16):(27,30)	(27,31)	(27,32)	(28,25)	(28,26)	(28,27)	(28,28)	(28,29)	(28,30)	(28,31)	(28,32)	(29,16)	(29,17)	(29,18)	(29,19)	(29,20)	(29,21)	(29,22)	(29,23)	(29,24)	(29,25)	(29,26)	(29,27)	(29,28)	(29,29)	(29,30)	(29,31)	(29,32)	(30,10)	(30,16)	(30,17)	(30,18)	(30,19)	(30,20)	(30,21)	(30,22)	(30,23)	(30,24)	(30,25)	(30,26)	(30,27)	(30,28)	(30,29)	(30,30)	(30,31)	(30,32)	(31,10)	(31,32)	
(30,10):(30,10)	(30,16)	(30,17)	(30,18)	(30,19)	(30,20)	(30,21)	(30,22)	(30,23)	(30,24)	(30,25)	(30,26)	(30,27)	(30,28)	(30,29)	(30,30)	(30,31)	(30,32)	(31,10)	(31,32)	
(31,10):(28,28)	(28,29)	(28,30)	(28,31)	(28,32)	(29,22)	(29,23)	(29,24)	(29,25)	(29,26)	(29,27)	(29,28)	(29,29)	(29,30)	(29,31)	(29,32)	(30,10)	(30,16)	(30,17)	(30,18)	(30,19)	(30,20)	(30,21)	(30,22)	(30,23)	(30,24)	(30,25)	(30,26)	(30,27)	(30,28)	(30,29)	(30,30)	(30,31)	(30,32)	(31,10)	(31,32)	
(31,32):(11,31)	(11,33)	(12,32)	(13,32)	(14,32)	(15,32)	(16,32)	(17,32)	(18,32)	(19,32)	(20,32)	(21,32)	(22,32)	(23,32)	(24,32)	(25,26)	(25,27)	(25,32)	(26,24)	(26,25)	(26,26)	(26,27)	(26,28)	(26,31)	(26,32)	(27,25)	(27,26)	(27,27)	(27,28)	(27,29)	(27,30)	(27,31)	(27,32)	(28,15)	(28,25)	(28,26)	(28,27)	(28,28)	(28,29)	(28,30)	(28,31)	(28,32)	(29,16)	(29,17)	(29,18)	(29,19)	(29,20)	(29,21)	(29,22)	(29,23)	(29,24)	(29,25)	(29,26)	(29,27)	(29,28)	(29,29)	(29,30)	(29,31)	(29,32)	(30,10)	(30,16)	(30,17)	(30,18)	(30,19)	(30,20)	(30,21)	(30,22)	(30,23)	(30,24)	(30,25)	(30,26)	(30,27)	(30,28)	(30,29)	(30,30)	(30,31)	(30,32)	(31,10)	(31,32)	(32,33)	(33,32)	(33,33)	(33,34)	(34,32)	(34,33)	(34,34)	(35,35)	
(33,32):(11,33)	(12,32)	(13,32)	(14,32)	(15,32)	(16,32)	(17,32)	(18,32)	(19,32)	(20,32)	(21,32)	(22,32)	(23,32)	(24,32)	(25,32)	(26,32)	(27,32)	(28,32)	(29,32)	(30,32)	(31,32)	(32,33)	(32,34)	(33,29)	(33,32)	(33,33)	(33,34)	(34,29)	(34,30)	(34,31)	(34,32)	(34,33)	(34,34)	(35,30)	(35,35)	
(33,29):10.500000
(34,29):7.500000
(34,30):13.250000
(35,30):12.875000
(35,35):26.275000
(23,35):12.500000
(23,34):12.000000
(32,34):21.000000
(32,33):61.400002
(11,33):45.757576
(11,31):44.028572
(26,31):95.400002
(26,28):79.974998
(20,28):28.437500
(20,27):46.319698
(3,27):94.241257
(3,23):37.000000
(4,23):95.958336
(4,12):38.250000
(1,12):21.500000
(1,8):16.666666
(2,8):23.000000
(2,6):19.500000
(5,6):37.137257
(5,22):70.800003
(6,22):110.072617
(6,19):68.464287
(7,19):84.209526
(7,18):55.924999
(8,18):87.287498
(8,14):48.375000
(10,14):78.050003
(10,9):37.454544
(13,9):32.797436
(13,2):13.500000
(14,2):9.285714
(14,5):15.500000
(15,5):13.000000
(15,11):20.250000
(12,11):80.279716
(12,20):113.485123
(16,20):106.800980
(16,1):42.708332
(24,1):18.142857
(24,4):10.000000
(22,4):6.000000
(22,3):18.000000
(17,3):37.470589
(17,13):47.267857
(18,13):41.848213
(18,7):17.321428
(19,7):27.083334
(19,21):99.750916
(21,21):54.307842
(21,24):73.312500
(9,24):120.032967
(9,26):72.000000
(25,26):81.750000
(25,17):33.863636
(27,17):27.587301
(27,25):63.619049
(28,25):79.964287
(28,15):50.088234
(29,15):21.200001
(29,16):55.618057
(30,16):64.142365
(30,10):23.022728
(31,10):47.083332
(31,32):118.937500
(33,32):35.250000
(33,29),(34,29):6.000000
(33,29),(34,30):10.500000
(33,29),(35,30):9.500000
(33,29),(35,35):10.400000
(33,29),(23,35):2.444444
(33,29),(23,34):2.000000
(33,29),(32,34):8.500000
(33,29),(32,33):7.750000
(33,29),(11,33):2.090909
(33,29),(11,31):2.080952
(33,29),(26,31):2.133333
(33,29),(26,28):0.408333
(33,29),(20,28):0.000000
(33,29),(20,27):0.000000
(33,29),(3,27):0.000000
(33,29),(3,23):0.000000
(33,29),(4,23):0.000000
(33,29),(4,12):0.000000
(33,29),(1,12):0.000000
(33,29),(1,8):0.000000
(33,29),(2,8):0.000000
(33,29),(2,6):0.000000
(33,29),(5,6):0.000000
(33,29),(5,22):0.000000
(33,29),(6,22):0.000000
(33,29),(6,19):0.000000
(33,29),(7,19):0.000000
(33,29),(7,18):0.000000
(33,29),(8,18):0.000000
(33,29),(8,14):0.000000
(33,29),(10,14):0.000000
(33,29),(10,9):0.000000
(33,29),(13,9):0.000000
(33,29),(13,2):0.000000
(33,29),(14,2):0.000000
(33,29),(14,5):0.000000
(33,29),(15,5):0.000000
(33,29),(15,11):0.000000
(33,29),(12,11):0.000000
(33,29),(12,20):0.000000
(33,29),(16,20):0.000000
(33,29),(16,1):0.000000
(33,29),(24,1):0.000000
(33,29),(24,4):0.000000
(33,29),(22,4):0.000000
(33,29),(22,3):0.000000
(33,29),(17,3):0.000000
(33,29),(17,13):0.000000
(33,29),(18,13):0.000000
(33,29),(18,7):0.000000
(33,29),(19,7):0.000000
(33,29),(19,21):0.000000
(33,29),(21,21):0.000000
(33,29),(21,24):0.000000
(33,29),(9,24):0.000000
(33,29),(9,26):0.000000
(33,29),(25,26):0.000000
(33,29),(25,17):0.000000
(33,29),(27,17):0.000000
(33,29),(27,25):0.000000
(33,29),(28,25):0.000000
(33,29),(28,15):0.000000
(33,29),(29,15):0.000000
(33,29),(29,16):0.000000
(33,29),(30,16):0.000000
(33,29),(30,10):0.000000
(33,29),(31,10):0.000000
(33,29),(31,32):5.500000
(33,29),(33,32):10.500000
(34,29),(34,30):7.500000
(34,29),(35,30):6.500000
(34,29),(35,35):7.400000
(34,29),(23,35):2.049145
(34,29),(23,34):1.833333
(34,29),(32,34):5.500000
(34,29),(32,33):5.000000
(34,29),(11,33):1.189394
(34,29),(11,31):1.209991
(34,29),(26,31):1.241667
(34,29),(26,28):0.351564
(34,29),(20,28):0.000000
(34,29),(20,27):0.000000
(34,29),(3,27):0.000000
(34,29),(3,23):0.000000
(34,29),(4,23):0.000000
(34,29),(4,12):0.000000
(34,29),(1,12):0.000000
(34,29),(1,8):0.000000
(34,29),(2,8):0.000000
(34,29),(2,6):0.000000
(34,29),(5,6):0.000000
(34,29),(5,22):0.000000
(34,29),(6,22):0.000000
(34,29),(6,19):0.000000
(34,29),(7,19):0.000000
(34,29),(7,18):0.000000
(34,29),(8,18):0.000000
(34,29),(8,14):0.000000
(34,29),(10,14):0.000000
(34,29),(10,9):0.000000
(34,29),(13,9):0.000000
(34,29),(13,2):0.000000
(34,29),(14,2):0.000000
(34,29),(14,5):0.000000
(34,29),(15,5):0.000000
(34,29),(15,11):0.000000
(34,29),(12,11):0.000000
(34,29),(12,20):0.000000
(34,29),(16,20):0.000000
(34,29),(16,1):0.000000
(34,29),(24,1):0.000000
(34,29),(24,4):0.000000
(34,29),(22,4):0.000000
(34,29),(22,3):0.000000
(34,29),(17,3):0.000000
(34,29),(17,13):0.000000
(34,29),(18,13):0.000000
(34,29),(18,7):0.000000
(34,29),(19,7):0.000000
(34,29),(19,21):0.000000
(34,29),(21,21):0.000000
(34,29),(21,24):0.000000
(34,29),(9,24):0.000000
(34,29),(9,26):0.000000
(34,29),(25,26):0.000000
(34,29),(25,17):0.000000
(34,29),(27,17):0.000000
(34,29),(27,25):0.000000
(34,29),(28,25):0.000000
(34,29),(28,15):0.000000
(34,29),(29,15):0.000000
(34,29),(29,16):0.000000
(34,29),(30,16):0.000000
(34,29),(30,10):0.000000
(34,29),(31,10):0.000000
(34,29),(31,32):3.000000
(34,29),(33,32):7.500000
(34,30),(35,30):12.250000
(34,30),(35,35):13.150000
(34,30),(23,35):3.750000
(34,30),(23,34):3.250000
(34,30),(32,34):11.250000
(34,30),(32,33):10.000000
(34,30),(11,33):2.340909
(34,30),(11,31):2.364769
(34,30),(26,31):2.477922
(34,30),(26,28):0.544328
(34,30),(20,28):0.000000
(34,30),(20,27):0.000000
(34,30),(3,27):0.000000
(34,30),(3,23):0.000000
(34,30),(4,23):0.000000
(34,30),(4,12):0.000000
(34,30),(1,12):0.000000
(34,30),(1,8):0.000000
(34,30),(2,8):0.000000
(34,30),(2,6):0.000000
(34,30),(5,6):0.000000
(34,30),(5,22):0.000000
(34,30),(6,22):0.000000
(34,30),(6,19):0.000000
(34,30),(7,19):0.000000
(34,30),(7,18):0.000000
(34,30),(8,18):0.000000
(34,30),(8,14):0.000000
(34,30),(10,14):0.000000
(34,30),(10,9):0.000000
(34,30),(13,9):0.000000
(34,30),(13,2):0.000000
(34,30),(14,2):0.000000
(34,30),(14,5):0.000000
(34,30),(15,5):0.000000
(34,30),(15,11):0.000000
(34,30),(12,11):0.000000
(34,30),(12,20):0.000000
(34,30),(16,20):0.000000
(34,30),(16,1):0.000000
(34,30),(24,1):0.000000
(34,30),(24,4):0.000000
(34,30),(22,4):0.000000
(34,30),(22,3):0.000000
(34,30),(17,3):0.000000
(34,30),(17,13):0.000000
(34,30),(18,13):0.000000
(34,30),(18,7):0.000000
(34,30),(19,7):0.000000
(34,30),(19,21):0.000000
(34,30),(21,21):0.000000
(34,30),(21,24):0.000000
(34,30),(9,24):0.000000
(34,30),(9,26):0.000000
(34,30),(25,26):0.000000
(34,30),(25,17):0.000000
(34,30),(27,17):0.000000
(34,30),(27,25):0.000000
(34,30),(28,25):0.000000
(34,30),(28,15):0.000000
(34,30),(29,15):0.000000
(34,30),(29,16):0.000000
(34,30),(30,16):0.000000
(34,30),(30,10):0.000000
(34,30),(31,10):0.000000
(34,30),(31,32):6.166667
(34,30),(33,32):13.250000
(35,30),(35,35):12.875000
(35,30),(23,35):3.875000
(35,30),(23,34):3.375000
(35,30),(32,34):11.875000
(35,30),(32,33):10.500000
(35,30),(11,33):2.590909
(35,30),(11,31):2.623810
(35,30),(26,31):2.733333
(35,30),(26,28):0.613889
(35,30),(20,28):0.000000
(35,30),(20,27):0.000000
(35,30),(3,27):0.000000
(35,30),(3,23):0.000000
(35,30),(4,23):0.000000
(35,30),(4,12):0.000000
(35,30),(1,12):0.000000
(35,30),(1,8):0.000000
(35,30),(2,8):0.000000
(35,30),(2,6):0.000000
(35,30),(5,6):0.000000
(35,30),(5,22):0.000000
(35,30),(6,22):0.000000
(35,30),(6,19):0.000000
(35,30),(7,19):0.000000
(35,30),(7,18):0.000000
(35,30),(8,18):0.000000
(35,30),(8,14):0.000000
(35,30),(10,14):0.000000
(35,30),(10,9):0.000000
(35,30),(13,9):0.000000
(35,30),(13,2):0.000000
(35,30),(14,2):0.000000
(35,30),(14,5):0.000000
(35,30),(15,5):0.000000
(35,30),(15,11):0.000000
(35,30),(12,11):0.000000
(35,30),(12,20):0.000000
(35,30),(16,20):0.000000
(35,30),(16,1):0.000000
(35,30),(24,1):0.000000
(35,30),(24,4):0.000000
(35,30),(22,4):0.000000
(35,30),(22,3):0.000000
(35,30),(17,3):0.000000
(35,30),(17,13):0.000000
(35,30),(18,13):0.000000
(35,30),(18,7):0.000000
(35,30),(19,7):0.000000
(35,30),(19,21):0.000000
(35,30),(21,21):0.000000
(35,30),(21,24):0.000000
(35,30),(9,24):0.000000
(35,30),(9,26):0.000000
(35,30),(25,26):0.000000
(35,30),(25,17):0.000000
(35,30),(27,17):0.000000
(35,30),(27,25):0.000000
(35,30),(28,25):0.000000
(35,30),(28,15):0.000000
(35,30),(29,15):0.000000
(35,30),(29,16):0.000000
(35,30),(30,16):0.000000
(35,30),(30,10):0.000000
(35,30),(31,10):0.000000
(35,30),(31,32):6.500000
(35,30),(33,32):12.750000
(35,35),(23,35):12.500000
(35,35),(23,34):12.000000
(35,35),(32,34):21.000000
(35,35),(32,33):14.375000
(35,35),(11,33):4.685249
(35,35),(11,31):4.361905
(35,35),(26,31):6.275000
(35,35),(26,28):3.600000
(35,35),(20,28):0.000000
(35,35),(20,27):0.000000
(35,35),(3,27):0.000000
(35,35),(3,23):0.000000
(35,35),(4,23):0.000000
(35,35),(4,12):0.000000
(35,35),(1,12):0.000000
(35,35),(1,8):0.000000
(35,35),(2,8):0.000000
(35,35),(2,6):0.000000
(35,35),(5,6):0.000000
(35,35),(5,22):0.000000
(35,35),(6,22):0.000000
(35,35),(6,19):0.000000
(35,35),(7,19):0.000000
(35,35),(7,18):0.000000
(35,35),(8,18):0.000000
(35,35),(8,14):0.000000
(35,35),(10,14):0.000000
(35,35),(10,9):0.000000
(35,35),(13,9):0.000000
(35,35),(13,2):0.000000
(35,35),(14,2):0.000000
(35,35),(14,5):0.000000
(35,35),(15,5):0.000000
(35,35),(15,11):0.000000
(35,35),(12,11):0.000000
(35,35),(12,20):0.000000
(35,35),(16,20):0.000000
(35,35),(16,1):0.000000
(35,35),(24,1):0.000000
(35,35),(24,4):0.000000
(35,35),(22,4):0.000000
(35,35),(22,3):0.000000
(35,35),(17,3):0.000000
(35,35),(17,13):0.000000
(35,35),(18,13):0.000000
(35,35),(18,7):0.000000
(35,35),(19,7):0.000000
(35,35),(19,21):0.000000
(35,35),(21,21):0.000000
(35,35),(21,24):0.000000
(35,35),(9,24):0.000000
(35,35),(9,26):0.000000
(35,35),(25,26):2.525000
(35,35),(25,17):1.468123
(35,35),(27,17):0.708333
(35,35),(27,25):2.759615
(35,35),(28,25):2.741667
(35,35),(28,15):1.386111
(35,35),(29,15):0.825581
(35,35),(29,16):1.696789
(35,35),(30,16):1.982502
(35,35),(30,10):0.377604
(35,35),(31,10):1.556481
(35,35),(31,32):10.375000
(35,35),(33,32):14.900000
(23,35),(23,34):12.000000
(23,35),(32,34):12.500000
(23,35),(32,33):3.500000
(23,35),(11,33):0.000000
(23,35),(11,31):0.000000
(23,35),(26,31):0.125000
(23,35),(26,28):0.364168
(23,35),(20,28):0.000000
(23,35),(20,27):0.000000
(23,35),(3,27):0.000000
(23,35),(3,23):0.000000
(23,35),(4,23):0.000000
(23,35),(4,12):0.000000
(23,35),(1,12):0.000000
(23,35),(1,8):0.000000
(23,35),(2,8):0.000000
(23,35),(2,6):0.000000
(23,35),(5,6):0.000000
(23,35),(5,22):0.000000
(23,35),(6,22):0.000000
(23,35),(6,19):0.000000
(23,35),(7,19):0.000000
(23,35),(7,18):0.000000
(23,35),(8,18):0.000000
(23,35),(8,14):0.000000
(23,35),(10,14):0.000000
(23,35),(10,9):0.000000
(23,35),(13,9):0.000000
(23,35),(13,2):0.000000
(23,35),(14,2):0.000000
(23,35),(14,5):0.000000
(23,35),(15,5):0.000000
(23,35),(15,11):0.000000
(23,35),(12,11):0.000000
(23,35),(12,20):0.000000
(23,35),(16,20):0.000000
(23,35),(16,1):0.000000
(23,35),(24,1):0.000000
(23,35),(24,4):0.000000
(23,35),(22,4):0.000000
(23,35),(22,3):0.000000
(23,35),(17,3):0.000000
(23,35),(17,13):0.000000
(23,35),(18,13):0.000000
(23,35),(18,7):0.000000
(23,35),(19,7):0.000000
(23,35),(19,21):0.000000
(23,35),(21,21):0.000000
(23,35),(21,24):0.000000
(23,35),(9,24):0.000000
(23,35),(9,26):0.000000
(23,35),(25,26):0.000000
(23,35),(25,17):0.000000
(23,35),(27,17):0.000000
(23,35),(27,25):0.000000
(23,35),(28,25):0.000000
(23,35),(28,15):0.000000
(23,35),(29,15):0.000000
(23,35),(29,16):0.000000
(23,35),(30,16):0.000000
(23,35),(30,10):0.000000
(23,35),(31,10):0.000000
(23,35),(31,32):1.950000
(23,35),(33,32):3.750000
(23,34),(32,34):12.000000
(23,34),(32,33):3.000000
(23,34),(11,33):0.000000
(23,34),(11,31):0.000000
(23,34),(26,31):0.000000
(23,34),(26,28):0.325000
(23,34),(20,28):0.000000
(23,34),(20,27):0.000000
(23,34),(3,27):0.000000
(23,34),(3,23):0.000000
(23,34),(4,23):0.000000
(23,34),(4,12):0.000000
(23,34),(1,12):0.000000
(23,34),(1,8):0.000000
(23,34),(2,8):0.000000
(23,34),(2,6):0.000000
(23,34),(5,6):0.000000
(23,34),(5,22):0.000000
(23,34),(6,22):0.000000
(23,34),(6,19):0.000000
(23,34),(7,19):0.000000
(23,34),(7,18):0.000000
(23,34),(8,18):0.000000
(23,34),(8,14):0.000000
(23,34),(10,14):0.000000
(23,34),(10,9):0.000000
(23,34),(13,9):0.000000
(23,34),(13,2):0.000000
(23,34),(14,2):0.000000
(23,34),(14,5):0.000000
(23,34),(15,5):0.000000
(23,34),(15,11):0.000000
(23,34),(12,11):0.000000
(23,34),(12,20):0.000000
(23,34),(16,20):0.000000
(23,34),(16,1):0.000000
(23,34),(24,1):0.000000
(23,34),(24,4):0.000000
(23,34),(22,4):0.000000
(23,34),(22,3):0.000000
(23,34),(17,3):0.000000
(23,34),(17,13):0.000000
(23,34),(18,13):0.000000
(23,34),(18,7):0.000000
(23,34),(19,7):0.000000
(23,34),(19,21):0.000000
(23,34),(21,21):0.000000
(23,34),(21,24):0.000000
(23,34),(9,24):0.000000
(23,34),(9,26):0.000000
(23,34),(25,26):0.000000
(23,34),(25,17):0.000000
(23,34),(27,17):0.000000
(23,34),(27,25):0.000000
(23,34),(28,25):0.000000
(23,34),(28,15):0.000000
(23,34),(29,15):0.000000
(23,34),(29,16):0.000000
(23,34),(30,16):0.000000
(23,34),(30,10):0.000000
(23,34),(31,10):0.000000
(23,34),(31,32):1.500000
(23,34),(33,32):3.250000
(32,34),(32,33):11.000000
(32,34),(11,33):3.090909
(32,34),(11,31):3.053571
(32,34),(26,31):3.000000
(32,34),(26,28):0.625000
(32,34),(20,28):0.000000
(32,34),(20,27):0.000000
(32,34),(3,27):0.000000
(32,34),(3,23):0.000000
(32,34),(4,23):0.000000
(32,34),(4,12):0.000000
(32,34),(1,12):0.000000
(32,34),(1,8):0.000000
(32,34),(2,8):0.000000
(32,34),(2,6):0.000000
(32,34),(5,6):0.000000
(32,34),(5,22):0.000000
(32,34),(6,22):0.000000
(32,34),(6,19):0.000000
(32,34),(7,19):0.000000
(32,34),(7,18):0.000000
(32,34),(8,18):0.000000
(32,34),(8,14):0.000000
(32,34),(10,14):0.000000
(32,34),(10,9):0.000000
(32,34),(13,9):0.000000
(32,34),(13,2):0.000000
(32,34),(14,2):0.000000
(32,34),(14,5):0.000000
(32,34),(15,5):0.000000
(32,34),(15,11):0.000000
(32,34),(12,11):0.000000
(32,34),(12,20):0.000000
(32,34),(16,20):0.000000
(32,34),(16,1):0.000000
(32,34),(24,1):0.000000
(32,34),(24,4):0.000000
(32,34),(22,4):0.000000
(32,34),(22,3):0.000000
(32,34),(17,3):0.000000
(32,34),(17,13):0.000000
(32,34),(18,13):0.000000
(32,34),(18,7):0.000000
(32,34),(19,7):0.000000
(32,34),(19,21):0.000000
(32,34),(21,21):0.000000
(32,34),(21,24):0.000000
(32,34),(9,24):0.000000
(32,34),(9,26):0.000000
(32,34),(25,26):0.000000
(32,34),(25,17):0.000000
(32,34),(27,17):0.000000
(32,34),(27,25):0.000000
(32,34),(28,25):0.000000
(32,34),(28,15):0.000000
(32,34),(29,15):0.000000
(32,34),(29,16):0.000000
(32,34),(30,16):0.000000
(32,34),(30,10):0.000000
(32,34),(31,10):0.000000
(32,34),(31,32):7.000000
(32,34),(33,32):12.250000
(32,33),(11,33):44.532085
(32,33),(11,31):43.528572
(32,33),(26,31):51.400002
(32,33),(26,28):20.625000
(32,33),(20,28):2.400000
(32,33),(20,27):2.500000
(32,33),(3,27):1.300000
(32,33),(3,23):0.000000
(32,33),(4,23):0.000000
(32,33),(4,12):0.000000
(32,33),(1,12):0.000000
(32,33),(1,8):0.000000
(32,33),(2,8):0.000000
(32,33),(2,6):0.000000
(32,33),(5,6):0.000000
(32,33),(5,22):0.000000
(32,33),(6,22):0.000000
(32,33),(6,19):0.000000
(32,33),(7,19):0.000000
(32,33),(7,18):0.000000
(32,33),(8,18):0.000000
(32,33),(8,14):0.000000
(32,33),(10,14):0.000000
(32,33),(10,9):0.000000
(32,33),(13,9):0.000000
(32,33),(13,2):0.000000
(32,33),(14,2):0.000000
(32,33),(14,5):0.000000
(32,33),(15,5):0.000000
(32,33),(15,11):0.000000
(32,33),(12,11):0.000000
(32,33),(12,20):0.000000
(32,33),(16,20):0.000000
(32,33),(16,1):0.000000
(32,33),(24,1):0.000000
(32,33),(24,4):0.000000
(32,33),(22,4):0.000000
(32,33),(22,3):0.000000
(32,33),(17,3):0.000000
(32,33),(17,13):0.000000
(32,33),(18,13):0.000000
(32,33),(18,7):0.000000
(32,33),(19,7):0.000000
(32,33),(19,21):0.000000
(32,33),(21,21):0.000000
(32,33),(21,24):0.000000
(32,33),(9,24):0.000000
(32,33),(9,26):1.924490
(32,33),(25,26):13.650000
(32,33),(25,17):11.946970
(32,33),(27,17):6.853795
(32,33),(27,25):19.712797
(32,33),(28,25):20.047619
(32,33),(28,15):7.588235
(32,33),(29,15):5.972727
(32,33),(29,16):10.318055
(32,33),(30,16):13.187816
(32,33),(30,10):1.522727
(32,33),(31,10):9.511905
(32,33),(31,32):57.400002
(32,33),(33,32):32.000000
(11,33),(11,31):43.599998
(11,33),(26,31):44.066666
(11,33),(26,28):12.291667
(11,33),(20,28):0.000000
(11,33),(20,27):0.000000
(11,33),(3,27):0.000000
(11,33),(3,23):0.000000
(11,33),(4,23):0.000000
(11,33),(4,12):0.000000
(11,33),(1,12):0.000000
(11,33),(1,8):0.000000
(11,33),(2,8):0.000000
(11,33),(2,6):0.000000
(11,33),(5,6):0.000000
(11,33),(5,22):0.000000
(11,33),(6,22):0.000000
(11,33),(6,19):0.000000
(11,33),(7,19):0.000000
(11,33),(7,18):0.000000
(11,33),(8,18):0.000000
(11,33),(8,14):0.000000
(11,33),(10,14):0.000000
(11,33),(10,9):0.000000
(11,33),(13,9):0.000000
(11,33),(13,2):0.000000
(11,33),(14,2):0.000000
(11,33),(14,5):0.000000
(11,33),(15,5):0.000000
(11,33),(15,11):0.000000
(11,33),(12,11):0.000000
(11,33),(12,20):0.000000
(11,33),(16,20):0.000000
(11,33),(16,1):0.000000
(11,33),(24,1):0.000000
(11,33),(24,4):0.000000
(11,33),(22,4):0.000000
(11,33),(22,3):0.000000
(11,33),(17,3):0.000000
(11,33),(17,13):0.000000
(11,33),(18,13):0.000000
(11,33),(18,7):0.000000
(11,33),(19,7):0.000000
(11,33),(19,21):0.000000
(11,33),(21,21):0.000000
(11,33),(21,24):0.000000
(11,33),(9,24):0.000000
(11,33),(9,26):0.000000
(11,33),(25,26):8.026042
(11,33),(25,17):5.171054
(11,33),(27,17):2.209524
(11,33),(27,25):12.285714
(11,33),(28,25):12.547619
(11,33),(28,15):7.488235
(11,33),(29,15):3.867568
(11,33),(29,16):9.164421
(11,33),(30,16):10.778494
(11,33),(30,10):2.622727
(11,33),(31,10):8.846591
(11,33),(31,32):45.666668
(11,33),(33,32):24.090910
(11,31),(26,31):42.828571
(11,31),(26,28):10.628378
(11,31),(20,28):0.000000
(11,31),(20,27):0.000000
(11,31),(3,27):0.000000
(11,31),(3,23):0.000000
(11,31),(4,23):0.000000
(11,31),(4,12):0.000000
(11,31),(1,12):0.000000
(11,31),(1,8):0.000000
(11,31),(2,8):0.000000
(11,31),(2,6):0.000000
(11,31),(5,6):0.000000
(11,31),(5,22):0.000000
(11,31),(6,22):0.000000
(11,31),(6,19):0.000000
(11,31),(7,19):0.000000
(11,31),(7,18):0.000000
(11,31),(8,18):0.000000
(11,31),(8,14):0.000000
(11,31),(10,14):0.000000
(11,31),(10,9):0.000000
(11,31),(13,9):0.000000
(11,31),(13,2):0.000000
(11,31),(14,2):0.000000
(11,31),(14,5):0.000000
(11,31),(15,5):0.000000
(11,31),(15,11):0.000000
(11,31),(12,11):0.000000
(11,31),(12,20):0.000000
(11,31),(16,20):0.000000
(11,31),(16,1):0.000000
(11,31),(24,1):0.000000
(11,31),(24,4):0.000000
(11,31),(22,4):0.000000
(11,31),(22,3):0.000000
(11,31),(17,3):0.000000
(11,31),(17,13):0.000000
(11,31),(18,13):0.000000
(11,31),(18,7):0.000000
(11,31),(19,7):0.000000
(11,31),(19,21):0.000000
(11,31),(21,21):0.000000
(11,31),(21,24):0.000000
(11,31),(9,24):0.000000
(11,31),(9,26):0.000000
(11,31),(25,26):6.500000
(11,31),(25,17):4.772727
(11,31),(27,17):2.142857
(11,31),(27,25):10.619047
(11,31),(28,25):10.880953
(11,31),(28,15):6.088235
(11,31),(29,15):3.400000
(11,31),(29,16):7.618055
(11,31),(30,16):9.142361
(11,31),(30,10):2.022727
(11,31),(31,10):7.333333
(11,31),(31,32):44.028572
(11,31),(33,32):24.028572
(26,31),(26,28):55.392857
(26,31),(20,28):16.237499
(26,31),(20,27):15.583333
(26,31),(3,27):5.795455
(26,31),(3,23):0.000000
(26,31),(4,23):0.000000
(26,31),(4,12):0.000000
(26,31),(1,12):0.000000
(26,31),(1,8):0.000000
(26,31),(2,8):0.000000
(26,31),(2,6):0.000000
(26,31),(5,6):0.000000
(26,31),(5,22):0.000000
(26,31),(6,22):0.000000
(26,31),(6,19):0.000000
(26,31),(7,19):0.000000
(26,31),(7,18):0.000000
(26,31),(8,18):0.000000
(26,31),(8,14):0.000000
(26,31),(10,14):0.000000
(26,31),(10,9):0.000000
(26,31),(13,9):0.000000
(26,31),(13,2):0.000000
(26,31),(14,2):0.000000
(26,31),(14,5):0.000000
(26,31),(15,5):0.000000
(26,31),(15,11):0.000000
(26,31),(12,11):0.000000
(26,31),(12,20):0.000000
(26,31),(16,20):0.000000
(26,31),(16,1):0.000000
(26,31),(24,1):0.000000
(26,31),(24,4):0.000000
(26,31),(22,4):0.000000
(26,31),(22,3):0.000000
(26,31),(17,3):0.000000
(26,31),(17,13):0.000000
(26,31),(18,13):0.000000
(26,31),(18,7):0.000000
(26,31),(19,7):0.000000
(26,31),(19,21):0.000000
(26,31),(21,21):0.000000
(26,31),(21,24):0.000000
(26,31),(9,24):0.000000
(26,31),(9,26):8.863636
(26,31),(25,26):43.750000
(26,31),(25,17):22.863636
(26,31),(27,17):16.142857
(26,31),(27,25):48.619049
(26,31),(28,25):54.380951
(26,31),(28,15):37.088234
(26,31),(29,15):12.700000
(26,31),(29,16):41.118057
(26,31),(30,16):44.642361
(26,31),(30,10):15.522727
(26,31),(31,10):38.083332
(26,31),(31,32):88.275002
(26,31),(33,32):23.900000
(26,28),(20,28):28.437500
(26,28),(20,27):30.683332
(26,28),(3,27):14.818182
(26,28),(3,23):0.000000
(26,28),(4,23):0.000000
(26,28),(4,12):0.000000
(26,28),(1,12):0.000000
(26,28),(1,8):0.000000
(26,28),(2,8):0.000000
(26,28),(2,6):0.000000
(26,28),(5,6):0.000000
(26,28),(5,22):0.000000
(26,28),(6,22):0.000000
(26,28),(6,19):0.000000
(26,28),(7,19):0.000000
(26,28),(7,18):0.000000
(26,28),(8,18):0.000000
(26,28),(8,14):0.000000
(26,28),(10,14):0.000000
(26,28),(10,9):0.000000
(26,28),(13,9):0.000000
(26,28),(13,2):0.000000
(26,28),(14,2):0.000000
(26,28),(14,5):0.000000
(26,28),(15,5):0.000000
(26,28),(15,11):0.000000
(26,28),(12,11):0.000000
(26,28),(12,20):0.000000
(26,28),(16,20):0.000000
(26,28),(16,1):0.000000
(26,28),(24,1):0.000000
(26,28),(24,4):0.000000
(26,28),(22,4):0.000000
(26,28),(22,3):0.000000
(26,28),(17,3):0.000000
(26,28),(17,13):0.000000
(26,28),(18,13):0.000000
(26,28),(18,7):0.000000
(26,28),(19,7):0.000000
(26,28),(19,21):0.000000
(26,28),(21,21):0.000000
(26,28),(21,24):0.000000
(26,28),(9,24):0.000000
(26,28),(9,26):19.500000
(26,28),(25,26):67.750000
(26,28),(25,17):33.863636
(26,28),(27,17):27.444445
(26,28),(27,25):63.285713
(26,28),(28,25):55.797619
(26,28),(28,15):30.838236
(26,28),(29,15):11.950000
(26,28),(29,16):34.368057
(26,28),(30,16):37.892361
(26,28),(30,10):11.772727
(26,28),(31,10):31.833334
(26,28),(31,32):54.974998
(26,28),(33,32):6.225000
(20,28),(20,27):25.600000
(20,28),(3,27):11.818182
(20,28),(3,23):0.000000
(20,28),(4,23):0.000000
(20,28),(4,12):0.000000
(20,28),(1,12):0.000000
(20,28),(1,8):0.000000
(20,28),(2,8):0.000000
(20,28),(2,6):0.000000
(20,28),(5,6):0.000000
(20,28),(5,22):0.000000
(20,28),(6,22):0.000000
(20,28),(6,19):0.000000
(20,28),(7,19):0.000000
(20,28),(7,18):0.000000
(20,28),(8,18):0.000000
(20,28),(8,14):0.000000
(20,28),(10,14):0.000000
(20,28),(10,9):0.000000
(20,28),(13,9):0.000000
(20,28),(13,2):0.000000
(20,28),(14,2):0.000000
(20,28),(14,5):0.000000
(20,28),(15,5):0.000000
(20,28),(15,11):0.000000
(20,28),(12,11):0.000000
(20,28),(12,20):0.000000
(20,28),(16,20):0.000000
(20,28),(16,1):0.000000
(20,28),(24,1):0.000000
(20,28),(24,4):0.000000
(20,28),(22,4):0.000000
(20,28),(22,3):0.000000
(20,28),(17,3):0.000000
(20,28),(17,13):0.000000
(20,28),(18,13):0.000000
(20,28),(18,7):0.000000
(20,28),(19,7):0.000000
(20,28),(19,21):0.000000
(20,28),(21,21):0.000000
(20,28),(21,24):0.000000
(20,28),(9,24):0.000000
(20,28),(9,26):16.500000
(20,28),(25,26):28.250000
(20,28),(25,17):5.920455
(20,28),(27,17):5.244444
(20,28),(27,25):20.750000
(20,28),(28,25):24.270834
(20,28),(28,15):10.687500
(20,28),(29,15):3.637500
(20,28),(29,16):11.187500
(20,28),(30,16):11.687500
(20,28),(30,10):3.937500
(20,28),(31,10):9.887500
(20,28),(31,32):18.937500
(20,28),(33,32):0.000000
(20,27),(3,27):30.454546
(20,27),(3,23):8.636364
(20,27),(4,23):8.469697
(20,27),(4,12):1.991868
(20,27),(1,12):0.000000
(20,27),(1,8):0.000000
(20,27),(2,8):0.000000
(20,27),(2,6):0.000000
(20,27),(5,6):1.690124
(20,27),(5,22):8.136364
(20,27),(6,22):8.011364
(20,27),(6,19):3.623377
(20,27),(7,19):5.471289
(20,27),(7,18):2.306818
(20,27),(8,18):6.399457
(20,27),(8,14):1.087121
(20,27),(10,14):6.085155
(20,27),(10,9):0.000000
(20,27),(13,9):0.943668
(20,27),(13,2):0.000000
(20,27),(14,2):0.000000
(20,27),(14,5):0.000000
(20,27),(15,5):0.000000
(20,27),(15,11):0.000000
(20,27),(12,11):6.030988
(20,27),(12,20):5.665619
(20,27),(16,20):2.780972
(20,27),(16,1):0.000000
(20,27),(24,1):0.000000
(20,27),(24,4):0.000000
(20,27),(22,4):0.000000
(20,27),(22,3):0.000000
(20,27),(17,3):0.000000
(20,27),(17,13):0.000000
(20,27),(18,13):0.000000
(20,27),(18,7):0.000000
(20,27),(19,7):0.000000
(20,27),(19,21):0.152643
(20,27),(21,21):0.003030
(20,27),(21,24):0.000000
(20,27),(9,24):7.636364
(20,27),(9,26):35.136364
(20,27),(25,26):44.683334
(20,27),(25,17):5.748447
(20,27),(27,17):4.927778
(20,27),(27,25):21.583334
(20,27),(28,25):23.516666
(20,27),(28,15):10.450000
(20,27),(29,15):3.654952
(20,27),(29,16):11.046969
(20,27),(30,16):11.621872
(20,27),(30,10):3.850000
(20,27),(31,10):9.876250
(20,27),(31,32):18.183332
(20,27),(33,32):0.000000
(3,27),(3,23):26.000000
(3,27),(4,23):50.083332
(3,27),(4,12):7.250000
(3,27),(1,12):0.000000
(3,27),(1,8):0.000000
(3,27),(2,8):0.000000
(3,27),(2,6):0.000000
(3,27),(5,6):6.470588
(3,27),(5,22):34.000000
(3,27),(6,22):69.166664
(3,27),(6,19):38.951786
(3,27),(7,19):54.523811
(3,27),(7,18):35.713890
(3,27),(8,18):58.187500
(3,27),(8,14):35.820835
(3,27),(10,14):55.442856
(3,27),(10,9):19.187500
(3,27),(13,9):4.230769
(3,27),(13,2):0.000000
(3,27),(14,2):0.000000
(3,27),(14,5):0.000000
(3,27),(15,5):0.000000
(3,27),(15,11):0.000000
(3,27),(12,11):54.529720
(3,27),(12,20):64.755684
(3,27),(16,20):42.775707
(3,27),(16,1):0.814294
(3,27),(24,1):0.000000
(3,27),(24,4):0.000000
(3,27),(22,4):0.000000
(3,27),(22,3):0.000000
(3,27),(17,3):0.526807
(3,27),(17,13):1.692308
(3,27),(18,13):1.714744
(3,27),(18,7):0.596154
(3,27),(19,7):1.225254
(3,27),(19,21):39.827103
(3,27),(21,21):26.912363
(3,27),(21,24):36.496479
(3,27),(9,24):70.423080
(3,27),(9,26):58.599998
(3,27),(25,26):28.818182
(3,27),(25,17):2.488764
(3,27),(27,17):2.202020
(3,27),(27,25):7.818182
(3,27),(28,25):8.318182
(3,27),(28,15):3.613636
(3,27),(29,15):1.321627
(3,27),(29,16):3.794211
(3,27),(30,16):3.974361
(3,27),(30,10):1.250000
(3,27),(31,10):3.313729
(3,27),(31,32):7.693182
(3,27),(33,32):0.000000
(3,23),(4,23):36.833332
(3,23),(4,12):5.200000
(3,23),(1,12):0.000000
(3,23),(1,8):0.000000
(3,23),(2,8):0.000000
(3,23),(2,6):0.000000
(3,23),(5,6):4.470588
(3,23),(5,22):36.000000
(3,23),(6,22):36.125000
(3,23),(6,19):24.214285
(3,23),(7,19):28.142857
(3,23),(7,18):19.674999
(3,23),(8,18):28.062500
(3,23),(8,14):9.375000
(3,23),(10,14):21.716667
(3,23),(10,9):2.636364
(3,23),(13,9):2.461539
(3,23),(13,2):0.000000
(3,23),(14,2):0.000000
(3,23),(14,5):0.000000
(3,23),(15,5):0.000000
(3,23),(15,11):0.000000
(3,23),(12,11):20.506992
(3,23),(12,20):32.437500
(3,23),(16,20):28.000000
(3,23),(16,1):1.875000
(3,23),(24,1):0.000000
(3,23),(24,4):0.000000
(3,23),(22,4):0.000000
(3,23),(22,3):0.000000
(3,23),(17,3):1.205882
(3,23),(17,13):4.125000
(3,23),(18,13):4.312500
(3,23),(18,7):1.178571
(3,23),(19,7):2.750000
(3,23),(19,21):23.333334
(3,23),(21,21):22.441177
(3,23),(21,24):18.000000
(3,23),(9,24):36.000000
(3,23),(9,26):25.000000
(3,23),(25,26):7.000000
(3,23),(25,17):0.000000
(3,23),(27,17):0.000000
(3,23),(27,25):0.000000
(3,23),(28,25):0.000000
(3,23),(28,15):0.000000
(3,23),(29,15):0.000000
(3,23),(29,16):0.000000
(3,23),(30,16):0.000000
(3,23),(30,10):0.000000
(3,23),(31,10):0.000000
(3,23),(31,32):0.000000
(3,23),(33,32):0.000000
(4,23),(4,12):22.250000
(4,23),(1,12):6.000000
(4,23),(1,8):4.666667
(4,23),(2,8):7.000000
(4,23),(2,6):7.500000
(4,23),(5,6):21.470589
(4,23),(5,22):69.000000
(4,23),(6,22):79.025002
(4,23),(6,19):59.464287
(4,23),(7,19):62.209522
(4,23),(7,18):44.674999
(4,23),(8,18):52.312500
(4,23),(8,14):24.375000
(4,23),(10,14):38.466667
(4,23),(10,9):10.454545
(4,23),(13,9):3.064103
(4,23),(13,2):0.000000
(4,23),(14,2):0.000000
(4,23),(14,5):0.000000
(4,23),(15,5):0.000000
(4,23),(15,11):0.000000
(4,23),(12,11):35.779720
(4,23),(12,20):73.485123
(4,23),(16,20):69.058334
(4,23),(16,1):7.306973
(4,23),(24,1):0.000000
(4,23),(24,4):0.000000
(4,23),(22,4):0.000000
(4,23),(22,3):0.000000
(4,23),(17,3):4.595588
(4,23),(17,13):15.392858
(4,23),(18,13):15.973214
(4,23),(18,7):4.946429
(4,23),(19,7):11.034420
(4,23),(19,21):65.526711
(4,23),(21,21):53.307842
(4,23),(21,24):59.783089
(4,23),(9,24):79.375000
(4,23),(9,26):32.583332
(4,23),(25,26):6.833333
(4,23),(25,17):0.000000
(4,23),(27,17):0.000000
(4,23),(27,25):0.000000
(4,23),(28,25):0.000000
(4,23),(28,15):0.000000
(4,23),(29,15):0.000000
(4,23),(29,16):0.000000
(4,23),(30,16):0.000000
(4,23),(30,10):0.000000
(4,23),(31,10):0.000000
(4,23),(31,32):0.000000
(4,23),(33,32):0.000000
(4,12),(1,12):21.500000
(4,12),(1,8):16.666666
(4,12),(2,8):23.000000
(4,12),(2,6):19.500000
(4,12),(5,6):36.666668
(4,12),(5,22):24.049999
(4,12),(6,22):6.250000
(4,12),(6,19):0.000000
(4,12),(7,19):1.570513
(4,12),(7,18):0.000000
(4,12),(8,18):3.083333
(4,12),(8,14):0.000000
(4,12),(10,14):3.083333
(4,12),(10,9):0.000000
(4,12),(13,9):1.443847
(4,12),(13,2):0.000000
(4,12),(14,2):0.000000
(4,12),(14,5):0.000000
(4,12),(15,5):0.000000
(4,12),(15,11):0.000000
(4,12),(12,11):3.357981
(4,12),(12,20):5.744624
(4,12),(16,20):5.138194
(4,12),(16,1):0.000000
(4,12),(24,1):0.000000
(4,12),(24,4):0.000000
(4,12),(22,4):0.000000
(4,12),(22,3):0.000000
(4,12),(17,3):0.000000
(4,12),(17,13):0.000000
(4,12),(18,13):0.000000
(4,12),(18,7):0.000000
(4,12),(19,7):0.000000
(4,12),(19,21):3.731409
(4,12),(21,21):3.463804
(4,12),(21,24):2.262500
(4,12),(9,24):6.500000
(4,12),(9,26):6.750000
(4,12),(25,26):1.450000
(4,12),(25,17):0.000000
(4,12),(27,17):0.000000
(4,12),(27,25):0.000000
(4,12),(28,25):0.000000
(4,12),(28,15):0.000000
(4,12),(29,15):0.000000
(4,12),(29,16):0.000000
(4,12),(30,16):0.000000
(4,12),(30,10):0.000000
(4,12),(31,10):0.000000
(4,12),(31,32):0.000000
(4,12),(33,32):0.000000
(1,12),(1,8):16.000000
(1,12),(2,8):21.500000
(1,12),(2,6):17.500000
(1,12),(5,6):21.166666
(1,12),(5,22):7.800000
(1,12),(6,22):0.000000
(1,12),(6,19):0.000000
(1,12),(7,19):0.000000
(1,12),(7,18):0.000000
(1,12),(8,18):0.000000
(1,12),(8,14):0.000000
(1,12),(10,14):0.000000
(1,12),(10,9):0.000000
(1,12),(13,9):0.000000
(1,12),(13,2):0.000000
(1,12),(14,2):0.000000
(1,12),(14,5):0.000000
(1,12),(15,5):0.000000
(1,12),(15,11):0.000000
(1,12),(12,11):0.000000
(1,12),(12,20):0.000000
(1,12),(16,20):0.000000
(1,12),(16,1):0.000000
(1,12),(24,1):0.000000
(1,12),(24,4):0.000000
(1,12),(22,4):0.000000
(1,12),(22,3):0.000000
(1,12),(17,3):0.000000
(1,12),(17,13):0.000000
(1,12),(18,13):0.000000
(1,12),(18,7):0.000000
(1,12),(19,7):0.000000
(1,12),(19,21):0.000000
(1,12),(21,21):0.000000
(1,12),(21,24):0.000000
(1,12),(9,24):0.000000
(1,12),(9,26):0.000000
(1,12),(25,26):0.000000
(1,12),(25,17):0.000000
(1,12),(27,17):0.000000
(1,12),(27,25):0.000000
(1,12),(28,25):0.000000
(1,12),(28,15):0.000000
(1,12),(29,15):0.000000
(1,12),(29,16):0.000000
(1,12),(30,16):0.000000
(1,12),(30,10):0.000000
(1,12),(31,10):0.000000
(1,12),(31,32):0.000000
(1,12),(33,32):0.000000
(1,8),(2,8):16.666666
(1,8),(2,6):12.666667
(1,8),(5,6):16.333334
(1,8),(5,22):5.466667
(1,8),(6,22):0.000000
(1,8),(6,19):0.000000
(1,8),(7,19):0.000000
(1,8),(7,18):0.000000
(1,8),(8,18):0.000000
(1,8),(8,14):0.000000
(1,8),(10,14):0.000000
(1,8),(10,9):0.000000
(1,8),(13,9):0.000000
(1,8),(13,2):0.000000
(1,8),(14,2):0.000000
(1,8),(14,5):0.000000
(1,8),(15,5):0.000000
(1,8),(15,11):0.000000
(1,8),(12,11):0.000000
(1,8),(12,20):0.000000
(1,8),(16,20):0.000000
(1,8),(16,1):0.000000
(1,8),(24,1):0.000000
(1,8),(24,4):0.000000
(1,8),(22,4):0.000000
(1,8),(22,3):0.000000
(1,8),(17,3):0.000000
(1,8),(17,13):0.000000
(1,8),(18,13):0.000000
(1,8),(18,7):0.000000
(1,8),(19,7):0.000000
(1,8),(19,21):0.000000
(1,8),(21,21):0.000000
(1,8),(21,24):0.000000
(1,8),(9,24):0.000000
(1,8),(9,26):0.000000
(1,8),(25,26):0.000000
(1,8),(25,17):0.000000
(1,8),(27,17):0.000000
(1,8),(27,25):0.000000
(1,8),(28,25):0.000000
(1,8),(28,15):0.000000
(1,8),(29,15):0.000000
(1,8),(29,16):0.000000
(1,8),(30,16):0.000000
(1,8),(30,10):0.000000
(1,8),(31,10):0.000000
(1,8),(31,32):0.000000
(1,8),(33,32):0.000000
(2,8),(2,6):19.000000
(2,8),(5,6):22.666666
(2,8),(5,22):8.800000
(2,8),(6,22):0.000000
(2,8),(6,19):0.000000
(2,8),(7,19):0.000000
(2,8),(7,18):0.000000
(2,8),(8,18):0.000000
(2,8),(8,14):0.000000
(2,8),(10,14):0.000000
(2,8),(10,9):0.000000
(2,8),(13,9):0.000000
(2,8),(13,2):0.000000
(2,8),(14,2):0.000000
(2,8),(14,5):0.000000
(2,8),(15,5):0.000000
(2,8),(15,11):0.000000
(2,8),(12,11):0.000000
(2,8),(12,20):0.000000
(2,8),(16,20):0.000000
(2,8),(16,1):0.000000
(2,8),(24,1):0.000000
(2,8),(24,4):0.000000
(2,8),(22,4):0.000000
(2,8),(22,3):0.000000
(2,8),(17,3):0.000000
(2,8),(17,13):0.000000
(2,8),(18,13):0.000000
(2,8),(18,7):0.000000
(2,8),(19,7):0.000000
(2,8),(19,21):0.000000
(2,8),(21,21):0.000000
(2,8),(21,24):0.000000
(2,8),(9,24):0.000000
(2,8),(9,26):0.000000
(2,8),(25,26):0.000000
(2,8),(25,17):0.000000
(2,8),(27,17):0.000000
(2,8),(27,25):0.000000
(2,8),(28,25):0.000000
(2,8),(28,15):0.000000
(2,8),(29,15):0.000000
(2,8),(29,16):0.000000
(2,8),(30,16):0.000000
(2,8),(30,10):0.000000
(2,8),(31,10):0.000000
(2,8),(31,32):0.000000
(2,8),(33,32):0.000000
(2,6),(5,6):19.500000
(2,6),(5,22):9.300000
(2,6),(6,22):0.000000
(2,6),(6,19):0.000000
(2,6),(7,19):0.000000
(2,6),(7,18):0.000000
(2,6),(8,18):0.000000
(2,6),(8,14):0.000000
(2,6),(10,14):0.000000
(2,6),(10,9):0.000000
(2,6),(13,9):0.000000
(2,6),(13,2):0.000000
(2,6),(14,2):0.000000
(2,6),(14,5):0.000000
(2,6),(15,5):0.000000
(2,6),(15,11):0.000000
(2,6),(12,11):0.000000
(2,6),(12,20):0.000000
(2,6),(16,20):0.000000
(2,6),(16,1):0.000000
(2,6),(24,1):0.000000
(2,6),(24,4):0.000000
(2,6),(22,4):0.000000
(2,6),(22,3):0.000000
(2,6),(17,3):0.000000
(2,6),(17,13):0.000000
(2,6),(18,13):0.000000
(2,6),(18,7):0.000000
(2,6),(19,7):0.000000
(2,6),(19,21):0.000000
(2,6),(21,21):0.000000
(2,6),(21,24):0.000000
(2,6),(9,24):0.000000
(2,6),(9,26):0.000000
(2,6),(25,26):0.000000
(2,6),(25,17):0.000000
(2,6),(27,17):0.000000
(2,6),(27,25):0.000000
(2,6),(28,25):0.000000
(2,6),(28,15):0.000000
(2,6),(29,15):0.000000
(2,6),(29,16):0.000000
(2,6),(30,16):0.000000
(2,6),(30,10):0.000000
(2,6),(31,10):0.000000
(2,6),(31,32):0.000000
(2,6),(33,32):0.000000
(5,6),(5,22):23.270588
(5,6),(6,22):5.470588
(5,6),(6,19):0.000000
(5,6),(7,19):0.666667
(5,6),(7,18):0.000000
(5,6),(8,18):2.170588
(5,6),(8,14):0.000000
(5,6),(10,14):2.170588
(5,6),(10,9):0.000000
(5,6),(13,9):1.441612
(5,6),(13,2):0.000000
(5,6),(14,2):0.000000
(5,6),(14,5):0.000000
(5,6),(15,5):0.000000
(5,6),(15,11):0.000000
(5,6),(12,11):2.486156
(5,6),(12,20):4.970588
(5,6),(16,20):4.724224
(5,6),(16,1):0.000000
(5,6),(24,1):0.000000
(5,6),(24,4):0.000000
(5,6),(22,4):0.000000
(5,6),(22,3):0.000000
(5,6),(17,3):0.000000
(5,6),(17,13):0.000000
(5,6),(18,13):0.000000
(5,6),(18,7):0.000000
(5,6),(19,7):0.000000
(5,6),(19,21):3.421741
(5,6),(21,21):3.176119
(5,6),(21,24):2.091912
(5,6),(9,24):5.720588
(5,6),(9,26):5.970588
(5,6),(25,26):1.205882
(5,6),(25,17):0.000000
(5,6),(27,17):0.000000
(5,6),(27,25):0.000000
(5,6),(28,25):0.000000
(5,6),(28,15):0.000000
(5,6),(29,15):0.000000
(5,6),(29,16):0.000000
(5,6),(30,16):0.000000
(5,6),(30,10):0.000000
(5,6),(31,10):0.000000
(5,6),(31,32):0.000000
(5,6),(33,32):0.000000
(5,22),(6,22):52.875000
(5,22),(6,19):39.214287
(5,22),(7,19):43.309525
(5,22),(7,18):30.924999
(5,22),(8,18):39.312500
(5,22),(8,14):15.041667
(5,22),(10,14):28.799999
(5,22),(10,9):5.090909
(5,22),(13,9):2.980769
(5,22),(13,2):0.000000
(5,22),(14,2):0.000000
(5,22),(14,5):0.000000
(5,22),(15,5):0.000000
(5,22),(15,11):0.000000
(5,22),(12,11):26.779720
(5,22),(12,20):48.458332
(5,22),(16,20):44.224998
(5,22),(16,1):3.666667
(5,22),(24,1):0.000000
(5,22),(24,4):0.000000
(5,22),(22,4):0.000000
(5,22),(22,3):0.000000
(5,22),(17,3):2.352941
(5,22),(17,13):7.857143
(5,22),(18,13):8.214286
(5,22),(18,7):2.285714
(5,22),(19,7):5.333333
(5,22),(19,21):39.746155
(5,22),(21,21):38.866665
(5,22),(21,24):34.562500
(5,22),(9,24):52.750000
(5,22),(9,26):29.500000
(5,22),(25,26):6.500000
(5,22),(25,17):0.000000
(5,22),(27,17):0.000000
(5,22),(27,25):0.000000
(5,22),(28,25):0.000000
(5,22),(28,15):0.000000
(5,22),(29,15):0.000000
(5,22),(29,16):0.000000
(5,22),(30,16):0.000000
(5,22),(30,10):0.000000
(5,22),(31,10):0.000000
(5,22),(31,32):0.000000
(5,22),(33,32):0.000000
(6,22),(6,19):68.464287
(6,22),(7,19):84.042854
(6,22),(7,18):55.758335
(6,22),(8,18):82.745834
(6,22),(8,14):44.375000
(6,22),(10,14):66.383331
(6,22),(10,9):26.295454
(6,22),(13,9):10.345055
(6,22),(13,2):0.269101
(6,22),(14,2):0.181260
(6,22),(14,5):0.387363
(6,22),(15,5):0.464286
(6,22),(15,11):1.464286
(6,22),(12,11):64.494003
(6,22),(12,20):103.255951
(6,22),(16,20):72.708336
(6,22),(16,1):7.246585
(6,22),(24,1):0.000000
(6,22),(24,4):0.000000
(6,22),(22,4):0.000000
(6,22),(22,3):0.000000
(6,22),(17,3):4.570588
(6,22),(17,13):15.167857
(6,22),(18,13):15.748215
(6,22),(18,7):4.821429
(6,22),(19,7):10.828161
(6,22),(19,21):71.467583
(6,22),(21,21):54.116665
(6,22),(21,24):69.230392
(6,22),(9,24):108.697617
(6,22),(9,26):40.958332
(6,22),(25,26):6.375000
(6,22),(25,17):0.000000
(6,22),(27,17):0.000000
(6,22),(27,25):0.000000
(6,22),(28,25):0.000000
(6,22),(28,15):0.000000
(6,22),(29,15):0.000000
(6,22),(29,16):0.000000
(6,22),(30,16):0.000000
(6,22),(30,10):0.000000
(6,22),(31,10):0.000000
(6,22),(31,32):0.000000
(6,22),(33,32):0.000000
(6,19),(7,19):67.042854
(6,19),(7,18):50.924999
(6,19),(8,18):54.562500
(6,19),(8,14):28.375000
(6,19),(10,14):38.966667
(6,19),(10,9):11.454545
(6,19),(13,9):2.122222
(6,19),(13,2):0.000000
(6,19),(14,2):0.000000
(6,19),(14,5):0.000000
(6,19),(15,5):0.000000
(6,19),(15,11):0.000000
(6,19),(12,11):36.175823
(6,19),(12,20):64.875000
(6,19),(16,20):55.738094
(6,19),(16,1):5.698944
(6,19),(24,1):0.000000
(6,19),(24,4):0.000000
(6,19),(22,4):0.000000
(6,19),(22,3):0.000000
(6,19),(17,3):3.707643
(6,19),(17,13):11.483226
(6,19),(18,13):12.035835
(6,19),(18,7):3.237091
(6,19),(19,7):7.810811
(6,19),(19,21):57.171429
(6,19),(21,21):45.375000
(6,19),(21,24):58.125000
(6,19),(9,24):68.250000
(6,19),(9,26):24.214285
(6,19),(25,26):3.214286
(6,19),(25,17):0.000000
(6,19),(27,17):0.000000
(6,19),(27,25):0.000000
(6,19),(28,25):0.000000
(6,19),(28,15):0.000000
(6,19),(29,15):0.000000
(6,19),(29,16):0.000000
(6,19),(30,16):0.000000
(6,19),(30,10):0.000000
(6,19),(31,10):0.000000
(6,19),(31,32):0.000000
(6,19),(33,32):0.000000
(7,19),(7,18):55.924999
(7,19),(8,18):71.729164
(7,19),(8,14):40.375000
(7,19),(10,14):55.383335
(7,19),(10,9):19.454546
(7,19),(13,9):3.400000
(7,19),(13,2):0.000000
(7,19),(14,2):0.000000
(7,19),(14,5):0.000000
(7,19),(15,5):0.000000
(7,19),(15,11):0.000000
(7,19),(12,11):52.628204
(7,19),(12,20):80.691666
(7,19),(16,20):57.311764
(7,19),(16,1):5.429802
(7,19),(24,1):0.000000
(7,19),(24,4):0.000000
(7,19),(22,4):0.000000
(7,19),(22,3):0.000000
(7,19),(17,3):3.551984
(7,19),(17,13):10.902360
(7,19),(18,13):11.451471
(7,19),(18,7):3.015631
(7,19),(19,7):7.360753
(7,19),(19,21):57.378838
(7,19),(21,21):45.900002
(7,19),(21,24):59.066666
(7,19),(9,24):84.066666
(7,19),(9,26):30.809525
(7,19),(25,26):4.642857
(7,19),(25,17):0.000000
(7,19),(27,17):0.000000
(7,19),(27,25):0.000000
(7,19),(28,25):0.000000
(7,19),(28,15):0.000000
(7,19),(29,15):0.000000
(7,19),(29,16):0.000000
(7,19),(30,16):0.000000
(7,19),(30,10):0.000000
(7,19),(31,10):0.000000
(7,19),(31,32):0.000000
(7,19),(33,32):0.000000
(7,18),(8,18):52.062500
(7,18),(8,14):32.375000
(7,18),(10,14):37.216667
(7,18),(10,9):13.454545
(7,18),(13,9):1.350000
(7,18),(13,2):0.000000
(7,18),(14,2):0.000000
(7,18),(14,5):0.000000
(7,18),(15,5):0.000000
(7,18),(15,11):0.000000
(7,18),(12,11):34.086540
(7,18),(12,20):52.466667
(7,18),(16,20):40.942856
(7,18),(16,1):3.750287
(7,18),(24,1):0.000000
(7,18),(24,4):0.000000
(7,18),(22,4):0.000000
(7,18),(22,3):0.000000
(7,18),(17,3):2.597025
(7,18),(17,13):7.044884
(7,18),(18,13):7.706851
(7,18),(18,7):1.602311
(7,18),(19,7):4.580208
(7,18),(19,21):42.185715
(7,18),(21,21):34.049999
(7,18),(21,24):45.299999
(7,18),(9,24):55.799999
(7,18),(9,26):18.125000
(7,18),(25,26):2.125000
(7,18),(25,17):0.000000
(7,18),(27,17):0.000000
(7,18),(27,25):0.000000
(7,18),(28,25):0.000000
(7,18),(28,15):0.000000
(7,18),(29,15):0.000000
(7,18),(29,16):0.000000
(7,18),(30,16):0.000000
(7,18),(30,10):0.000000
(7,18),(31,10):0.000000
(7,18),(31,32):0.000000
(7,18),(33,32):0.000000
(8,18),(8,14):48.375000
(8,18),(10,14):70.675003
(8,18),(10,9):26.347403
(8,18),(13,9):10.791667
(8,18),(13,2):0.428728
(8,18),(14,2):0.280952
(8,18),(14,5):0.613889
(8,18),(15,5):0.725000
(8,18),(15,11):1.725000
(8,18),(12,11):65.186539
(8,18),(12,20):82.375000
(8,18),(16,20):47.375000
(8,18),(16,1):2.867754
(8,18),(24,1):0.000000
(8,18),(24,4):0.000000
(8,18),(22,4):0.000000
(8,18),(22,3):0.000000
(8,18),(17,3):2.106302
(8,18),(17,13):4.858333
(8,18),(18,13):5.681548
(8,18),(18,7):0.839947
(8,18),(19,7):3.141026
(8,18),(19,21):46.073528
(8,18),(21,21):36.285713
(8,18),(21,24):47.000000
(8,18),(9,24):85.964287
(8,18),(9,26):35.812500
(8,18),(25,26):5.312500
(8,18),(25,17):0.000000
(8,18),(27,17):0.000000
(8,18),(27,25):0.000000
(8,18),(28,25):0.000000
(8,18),(28,15):0.000000
(8,18),(29,15):0.000000
(8,18),(29,16):0.000000
(8,18),(30,16):0.000000
(8,18),(30,10):0.000000
(8,18),(31,10):0.000000
(8,18),(31,32):0.000000
(8,18),(33,32):0.000000
(8,14),(10,14):45.216667
(8,14),(10,9):21.454546
(8,14),(13,9):2.916667
(8,14),(13,2):0.000000
(8,14),(14,2):0.000000
(8,14),(14,5):0.000000
(8,14),(15,5):0.000000
(8,14),(15,11):0.000000
(8,14),(12,11):38.961540
(8,14),(12,20):46.000000
(8,14),(16,20):21.619047
(8,14),(16,1):0.000000
(8,14),(24,1):0.000000
(8,14),(24,4):0.000000
(8,14),(22,4):0.000000
(8,14),(22,3):0.000000
(8,14),(17,3):0.000000
(8,14),(17,13):0.000000
(8,14),(18,13):0.000000
(8,14),(18,7):0.000000
(8,14),(19,7):0.000000
(8,14),(19,21):22.626190
(8,14),(21,21):17.125000
(8,14),(21,24):24.888889
(8,14),(9,24):48.333332
(8,14),(9,26):13.041667
(8,14),(25,26):1.041667
(8,14),(25,17):0.000000
(8,14),(27,17):0.000000
(8,14),(27,25):0.000000
(8,14),(28,25):0.000000
(8,14),(28,15):0.000000
(8,14),(29,15):0.000000
(8,14),(29,16):0.000000
(8,14),(30,16):0.000000
(8,14),(30,10):0.000000
(8,14),(31,10):0.000000
(8,14),(31,32):0.000000
(8,14),(33,32):0.000000
(10,14),(10,9):32.787880
(10,14),(13,9):17.500000
(10,14),(13,2):1.000000
(10,14),(14,2):0.606061
(10,14),(14,5):1.383333
(10,14),(15,5):1.583333
(10,14),(15,11):6.583333
(10,14),(12,11):71.794868
(10,14),(12,20):72.541664
(10,14),(16,20):33.041668
(10,14),(16,1):0.000000
(10,14),(24,1):0.000000
(10,14),(24,4):0.000000
(10,14),(22,4):0.000000
(10,14),(22,3):0.000000
(10,14),(17,3):0.000000
(10,14),(17,13):0.000000
(10,14),(18,13):0.000000
(10,14),(18,7):0.000000
(10,14),(19,7):0.000000
(10,14),(19,21):31.156862
(10,14),(21,21):23.535715
(10,14),(21,24):31.212122
(10,14),(9,24):74.678207
(10,14),(9,26):32.799999
(10,14),(25,26):5.000000
(10,14),(25,17):0.000000
(10,14),(27,17):0.000000
(10,14),(27,25):0.000000
(10,14),(28,25):0.000000
(10,14),(28,15):0.000000
(10,14),(29,15):0.000000
(10,14),(29,16):0.000000
(10,14),(30,16):0.000000
(10,14),(30,10):0.000000
(10,14),(31,10):0.000000
(10,14),(31,32):0.000000
(10,14),(33,32):0.000000
(10,9),(13,9):14.000000
(10,9),(13,2):4.000000
(10,9),(14,2):2.285714
(10,9),(14,5):4.500000
(10,9),(15,5):5.000000
(10,9),(15,11):10.000000
(10,9),(12,11):36.000000
(10,9),(12,20):31.454546
(10,9),(16,20):9.454545
(10,9),(16,1):0.000000
(10,9),(24,1):0.000000
(10,9),(24,4):0.000000
(10,9),(22,4):0.000000
(10,9),(22,3):0.000000
(10,9),(17,3):0.000000
(10,9),(17,13):0.000000
(10,9),(18,13):0.000000
(10,9),(18,7):0.000000
(10,9),(19,7):0.000000
(10,9),(19,21):9.740260
(10,9),(21,21):7.363636
(10,9),(21,24):10.343434
(10,9),(9,24):30.666084
(10,9),(9,26):0.000000
(10,9),(25,26):0.000000
(10,9),(25,17):0.000000
(10,9),(27,17):0.000000
(10,9),(27,25):0.000000
(10,9),(28,25):0.000000
(10,9),(28,15):0.000000
(10,9),(29,15):0.000000
(10,9),(29,16):0.000000
(10,9),(30,16):0.000000
(10,9),(30,10):0.000000
(10,9),(31,10):0.000000
(10,9),(31,32):0.000000
(10,9),(33,32):0.000000
(13,9),(13,2):13.500000
(13,9),(14,2):9.285714
(13,9),(14,5):15.500000
(13,9),(15,5):13.000000
(13,9),(15,11):20.250000
(13,9),(12,11):25.797436
(13,9),(12,20):15.797436
(13,9),(16,20):4.244658
(13,9),(16,1):0.000000
(13,9),(24,1):0.000000
(13,9),(24,4):0.000000
(13,9),(22,4):0.000000
(13,9),(22,3):0.000000
(13,9),(17,3):0.000000
(13,9),(17,13):0.000000
(13,9),(18,13):0.000000
(13,9),(18,7):0.000000
(13,9),(19,7):0.000000
(13,9),(19,21):3.556341
(13,9),(21,21):2.377778
(13,9),(21,24):3.339659
(13,9),(9,24):15.008974
(13,9),(9,26):6.630769
(13,9),(25,26):0.673077
(13,9),(25,17):0.000000
(13,9),(27,17):0.000000
(13,9),(27,25):0.000000
(13,9),(28,25):0.000000
(13,9),(28,15):0.000000
(13,9),(29,15):0.000000
(13,9),(29,16):0.000000
(13,9),(30,16):0.000000
(13,9),(30,10):0.000000
(13,9),(31,10):0.000000
(13,9),(31,32):0.000000
(13,9),(33,32):0.000000
(13,2),(14,2):9.000000
(13,2),(14,5):13.500000
(13,2),(15,5):10.500000
(13,2),(15,11):12.750000
(13,2),(12,11):7.100000
(13,2),(12,20):0.000000
(13,2),(16,20):0.000000
(13,2),(16,1):0.000000
(13,2),(24,1):0.000000
(13,2),(24,4):0.000000
(13,2),(22,4):0.000000
(13,2),(22,3):0.000000
(13,2),(17,3):0.000000
(13,2),(17,13):0.000000
(13,2),(18,13):0.000000
(13,2),(18,7):0.000000
(13,2),(19,7):0.000000
(13,2),(19,21):0.000000
(13,2),(21,21):0.000000
(13,2),(21,24):0.000000
(13,2),(9,24):0.000000
(13,2),(9,26):0.000000
(13,2),(25,26):0.000000
(13,2),(25,17):0.000000
(13,2),(27,17):0.000000
(13,2),(27,25):0.000000
(13,2),(28,25):0.000000
(13,2),(28,15):0.000000
(13,2),(29,15):0.000000
(13,2),(29,16):0.000000
(13,2),(30,16):0.000000
(13,2),(30,10):0.000000
(13,2),(31,10):0.000000
(13,2),(31,32):0.000000
(13,2),(33,32):0.000000
(14,2),(14,5):9.285714
(14,2),(15,5):6.285714
(14,2),(15,11):8.535714
(14,2),(12,11):3.285714
(14,2),(12,20):0.000000
(14,2),(16,20):0.000000
(14,2),(16,1):0.000000
(14,2),(24,1):0.000000
(14,2),(24,4):0.000000
(14,2),(22,4):0.000000
(14,2),(22,3):0.000000
(14,2),(17,3):0.000000
(14,2),(17,13):0.000000
(14,2),(18,13):0.000000
(14,2),(18,7):0.000000
(14,2),(19,7):0.000000
(14,2),(19,21):0.000000
(14,2),(21,21):0.000000
(14,2),(21,24):0.000000
(14,2),(9,24):0.000000
(14,2),(9,26):0.000000
(14,2),(25,26):0.000000
(14,2),(25,17):0.000000
(14,2),(27,17):0.000000
(14,2),(27,25):0.000000
(14,2),(28,25):0.000000
(14,2),(28,15):0.000000
(14,2),(29,15):0.000000
(14,2),(29,16):0.000000
(14,2),(30,16):0.000000
(14,2),(30,10):0.000000
(14,2),(31,10):0.000000
(14,2),(31,32):0.000000
(14,2),(33,32):0.000000
(14,5),(15,5):12.500000
(14,5),(15,11):14.750000
(14,5),(12,11):8.500000
(14,5),(12,20):0.000000
(14,5),(16,20):0.000000
(14,5),(16,1):0.000000
(14,5),(24,1):0.000000
(14,5),(24,4):0.000000
(14,5),(22,4):0.000000
(14,5),(22,3):0.000000
(14,5),(17,3):0.000000
(14,5),(17,13):0.000000
(14,5),(18,13):0.000000
(14,5),(18,7):0.000000
(14,5),(19,7):0.000000
(14,5),(19,21):0.000000
(14,5),(21,21):0.000000
(14,5),(21,24):0.000000
(14,5),(9,24):0.000000
(14,5),(9,26):0.000000
(14,5),(25,26):0.000000
(14,5),(25,17):0.000000
(14,5),(27,17):0.000000
(14,5),(27,25):0.000000
(14,5),(28,25):0.000000
(14,5),(28,15):0.000000
(14,5),(29,15):0.000000
(14,5),(29,16):0.000000
(14,5),(30,16):0.000000
(14,5),(30,10):0.000000
(14,5),(31,10):0.000000
(14,5),(31,32):0.000000
(14,5),(33,32):0.000000
(15,5),(15,11):13.000000
(15,5),(12,11):9.000000
(15,5),(12,20):0.000000
(15,5),(16,20):0.000000
(15,5),(16,1):0.000000
(15,5),(24,1):0.000000
(15,5),(24,4):0.000000
(15,5),(22,4):0.000000
(15,5),(22,3):0.000000
(15,5),(17,3):0.000000
(15,5),(17,13):0.000000
(15,5),(18,13):0.000000
(15,5),(18,7):0.000000
(15,5),(19,7):0.000000
(15,5),(19,21):0.000000
(15,5),(21,21):0.000000
(15,5),(21,24):0.000000
(15,5),(9,24):0.000000
(15,5),(9,26):0.000000
(15,5),(25,26):0.000000
(15,5),(25,17):0.000000
(15,5),(27,17):0.000000
(15,5),(27,25):0.000000
(15,5),(28,25):0.000000
(15,5),(28,15):0.000000
(15,5),(29,15):0.000000
(15,5),(29,16):0.000000
(15,5),(30,16):0.000000
(15,5),(30,10):0.000000
(15,5),(31,10):0.000000
(15,5),(31,32):0.000000
(15,5),(33,32):0.000000
(15,11),(12,11):14.000000
(15,11),(12,20):4.000000
(15,11),(16,20):0.000000
(15,11),(16,1):0.000000
(15,11),(24,1):0.000000
(15,11),(24,4):0.000000
(15,11),(22,4):0.000000
(15,11),(22,3):0.000000
(15,11),(17,3):0.000000
(15,11),(17,13):0.000000
(15,11),(18,13):0.000000
(15,11),(18,7):0.000000
(15,11),(19,7):0.000000
(15,11),(19,21):0.000000
(15,11),(21,21):0.000000
(15,11),(21,24):0.000000
(15,11),(9,24):3.661538
(15,11),(9,26):0.000000
(15,11),(25,26):0.000000
(15,11),(25,17):0.000000
(15,11),(27,17):0.000000
(15,11),(27,25):0.000000
(15,11),(28,25):0.000000
(15,11),(28,15):0.000000
(15,11),(29,15):0.000000
(15,11),(29,16):0.000000
(15,11),(30,16):0.000000
(15,11),(30,10):0.000000
(15,11),(31,10):0.000000
(15,11),(31,32):0.000000
(15,11),(33,32):0.000000
(12,11),(12,20):67.943184
(12,11),(16,20):31.300325
(12,11),(16,1):0.000000
(12,11),(24,1):0.000000
(12,11),(24,4):0.000000
(12,11),(22,4):0.000000
(12,11),(22,3):0.000000
(12,11),(17,3):0.000000
(12,11),(17,13):0.000000
(12,11),(18,13):0.000000
(12,11),(18,7):0.000000
(12,11),(19,7):0.000000
(12,11),(19,21):29.196165
(12,11),(21,21):21.441729
(12,11),(21,24):29.135212
(12,11),(9,24):69.491257
(12,11),(9,26):31.029720
(12,11),(25,26):4.877623
(12,11),(25,17):0.000000
(12,11),(27,17):0.000000
(12,11),(27,25):0.000000
(12,11),(28,25):0.000000
(12,11),(28,15):0.000000
(12,11),(29,15):0.000000
(12,11),(29,16):0.000000
(12,11),(30,16):0.000000
(12,11),(30,10):0.000000
(12,11),(31,10):0.000000
(12,11),(31,32):0.000000
(12,11),(33,32):0.000000
(12,20),(16,20):71.604164
(12,20),(16,1):7.000000
(12,20),(24,1):0.000000
(12,20),(24,4):0.000000
(12,20),(22,4):0.000000
(12,20),(22,3):0.000000
(12,20),(17,3):4.470588
(12,20),(17,13):14.267858
(12,20),(18,13):14.848214
(12,20),(18,7):4.321429
(12,20),(19,7):10.000000
(12,20),(19,21):69.831551
(12,20),(21,21):53.360119
(12,20),(21,24):68.026787
(12,20),(9,24):112.235123
(12,20),(9,26):39.770832
(12,20),(25,26):4.125000
(12,20),(25,17):0.000000
(12,20),(27,17):0.000000
(12,20),(27,25):0.000000
(12,20),(28,25):0.000000
(12,20),(28,15):0.000000
(12,20),(29,15):0.000000
(12,20),(29,16):0.000000
(12,20),(30,16):0.000000
(12,20),(30,10):0.000000
(12,20),(31,10):0.000000
(12,20),(31,32):0.000000
(12,20),(33,32):0.000000
(16,20),(16,1):28.159313
(16,20),(24,1):2.260504
(16,20),(24,4):0.000000
(16,20),(22,4):0.000000
(16,20),(22,3):2.117647
(16,20),(17,3):23.588236
(16,20),(17,13):47.267857
(16,20),(18,13):37.598213
(16,20),(18,7):13.071428
(16,20),(19,7):22.833334
(16,20),(19,21):91.958336
(16,20),(21,21):53.308334
(16,20),(21,24):65.558334
(16,20),(9,24):74.504761
(16,20),(9,26):26.600000
(16,20),(25,26):1.625000
(16,20),(25,17):0.000000
(16,20),(27,17):0.000000
(16,20),(27,25):0.000000
(16,20),(28,25):0.000000
(16,20),(28,15):0.000000
(16,20),(29,15):0.000000
(16,20),(29,16):0.000000
(16,20),(30,16):0.000000
(16,20),(30,10):0.000000
(16,20),(31,10):0.000000
(16,20),(31,32):0.000000
(16,20),(33,32):0.000000
(16,1),(24,1):16.809525
(16,1),(24,4):8.666667
(16,1),(22,4):4.666667
(16,1),(22,3):16.666666
(16,1),(17,3):37.000000
(16,1),(17,13):28.041666
(16,1),(18,13):16.041666
(16,1),(18,7):0.000000
(16,1),(19,7):6.125000
(16,1),(19,21):18.041666
(16,1),(21,21):5.375000
(16,1),(21,24):10.601191
(16,1),(9,24):7.683712
(16,1),(9,26):0.000000
(16,1),(25,26):0.000000
(16,1),(25,17):0.000000
(16,1),(27,17):0.000000
(16,1),(27,25):0.000000
(16,1),(28,25):0.000000
(16,1),(28,15):0.000000
(16,1),(29,15):0.000000
(16,1),(29,16):0.000000
(16,1),(30,16):0.000000
(16,1),(30,10):0.000000
(16,1),(31,10):0.000000
(16,1),(31,32):0.000000
(16,1),(33,32):0.000000
(24,1),(24,4):10.000000
(24,1),(22,4):6.000000
(24,1),(22,3):18.000000
(24,1),(17,3):16.142857
(24,1),(17,13):2.142857
(24,1),(18,13):0.000000
(24,1),(18,7):0.000000
(24,1),(19,7):0.000000
(24,1),(19,21):0.000000
(24,1),(21,21):0.000000
(24,1),(21,24):0.000000
(24,1),(9,24):0.000000
(24,1),(9,26):0.000000
(24,1),(25,26):0.000000
(24,1),(25,17):0.000000
(24,1),(27,17):0.000000
(24,1),(27,25):0.000000
(24,1),(28,25):0.000000
(24,1),(28,15):0.000000
(24,1),(29,15):0.000000
(24,1),(29,16):0.000000
(24,1),(30,16):0.000000
(24,1),(30,10):0.000000
(24,1),(31,10):0.000000
(24,1),(31,32):0.000000
(24,1),(33,32):0.000000
(24,4),(22,4):6.000000
(24,4),(22,3):10.000000
(24,4),(17,3):8.000000
(24,4),(17,13):0.000000
(24,4),(18,13):0.000000
(24,4),(18,7):0.000000
(24,4),(19,7):0.000000
(24,4),(19,21):0.000000
(24,4),(21,21):0.000000
(24,4),(21,24):0.000000
(24,4),(9,24):0.000000
(24,4),(9,26):0.000000
(24,4),(25,26):0.000000
(24,4),(25,17):0.000000
(24,4),(27,17):0.000000
(24,4),(27,25):0.000000
(24,4),(28,25):0.000000
(24,4),(28,15):0.000000
(24,4),(29,15):0.000000
(24,4),(29,16):0.000000
(24,4),(30,16):0.000000
(24,4),(30,10):0.000000
(24,4),(31,10):0.000000
(24,4),(31,32):0.000000
(24,4),(33,32):0.000000
(22,4),(22,3):6.000000
(22,4),(17,3):4.000000
(22,4),(17,13):0.000000
(22,4),(18,13):0.000000
(22,4),(18,7):0.000000
(22,4),(19,7):0.000000
(22,4),(19,21):0.000000
(22,4),(21,21):0.000000
(22,4),(21,24):0.000000
(22,4),(9,24):0.000000
(22,4),(9,26):0.000000
(22,4),(25,26):0.000000
(22,4),(25,17):0.000000
(22,4),(27,17):0.000000
(22,4),(27,25):0.000000
(22,4),(28,25):0.000000
(22,4),(28,15):0.000000
(22,4),(29,15):0.000000
(22,4),(29,16):0.000000
(22,4),(30,16):0.000000
(22,4),(30,10):0.000000
(22,4),(31,10):0.000000
(22,4),(31,32):0.000000
(22,4),(33,32):0.000000
(22,3),(17,3):16.000000
(22,3),(17,13):2.000000
(22,3),(18,13):0.000000
(22,3),(18,7):0.000000
(22,3),(19,7):0.000000
(22,3),(19,21):0.000000
(22,3),(21,21):0.000000
(22,3),(21,24):0.000000
(22,3),(9,24):0.000000
(22,3),(9,26):0.000000
(22,3),(25,26):0.000000
(22,3),(25,17):0.000000
(22,3),(27,17):0.000000
(22,3),(27,25):0.000000
(22,3),(28,25):0.000000
(22,3),(28,15):0.000000
(22,3),(29,15):0.000000
(22,3),(29,16):0.000000
(22,3),(30,16):0.000000
(22,3),(30,10):0.000000
(22,3),(31,10):0.000000
(22,3),(31,32):0.000000
(22,3),(33,32):0.000000
(17,3),(17,13):23.470589
(17,3),(18,13):11.470589
(17,3),(18,7):0.000000
(17,3),(19,7):2.083333
(17,3),(19,21):13.470589
(17,3),(21,21):3.441176
(17,3),(21,24):7.220588
(17,3),(9,24):4.756302
(17,3),(9,26):0.000000
(17,3),(25,26):0.000000
(17,3),(25,17):0.000000
(17,3),(27,17):0.000000
(17,3),(27,25):0.000000
(17,3),(28,25):0.000000
(17,3),(28,15):0.000000
(17,3),(29,15):0.000000
(17,3),(29,16):0.000000
(17,3),(30,16):0.000000
(17,3),(30,10):0.000000
(17,3),(31,10):0.000000
(17,3),(31,32):0.000000
(17,3),(33,32):0.000000
(17,13),(18,13):34.705357
(17,13),(18,7):11.321428
(17,13),(19,7):21.083334
(17,13),(19,21):37.267857
(17,13),(21,21):11.196428
(17,13),(21,24):18.017857
(17,13),(9,24):16.839285
(17,13),(9,26):0.000000
(17,13),(25,26):0.000000
(17,13),(25,17):0.000000
(17,13),(27,17):0.000000
(17,13),(27,25):0.000000
(17,13),(28,25):0.000000
(17,13),(28,15):0.000000
(17,13),(29,15):0.000000
(17,13),(29,16):0.000000
(17,13),(30,16):0.000000
(17,13),(30,10):0.000000
(17,13),(31,10):0.000000
(17,13),(31,32):0.000000
(17,13),(33,32):0.000000
(18,13),(18,7):17.321428
(18,13),(19,7):27.083334
(18,13),(19,21):41.848213
(18,13),(21,21):11.705358
(18,13),(21,24):18.598215
(18,13),(9,24):17.419643
(18,13),(9,26):0.000000
(18,13),(25,26):0.000000
(18,13),(25,17):0.000000
(18,13),(27,17):0.000000
(18,13),(27,25):0.000000
(18,13),(28,25):0.000000
(18,13),(28,15):0.000000
(18,13),(29,15):0.000000
(18,13),(29,16):0.000000
(18,13),(30,16):0.000000
(18,13),(30,10):0.000000
(18,13),(31,10):0.000000
(18,13),(31,32):0.000000
(18,13),(33,32):0.000000
(18,7),(19,7):17.000000
(18,7),(19,21):17.321428
(18,7),(21,21):3.321429
(18,7),(21,24):4.071429
(18,7),(9,24):5.750000
(18,7),(9,26):0.000000
(18,7),(25,26):0.000000
(18,7),(25,17):0.000000
(18,7),(27,17):0.000000
(18,7),(27,25):0.000000
(18,7),(28,25):0.000000
(18,7),(28,15):0.000000
(18,7),(29,15):0.000000
(18,7),(29,16):0.000000
(18,7),(30,16):0.000000
(18,7),(30,10):0.000000
(18,7),(31,10):0.000000
(18,7),(31,32):0.000000
(18,7),(33,32):0.000000
(19,7),(19,21):27.083334
(19,7),(21,21):7.750000
(19,7),(21,24):11.016666
(19,7),(9,24):12.352130
(19,7),(9,26):0.000000
(19,7),(25,26):0.000000
(19,7),(25,17):0.000000
(19,7),(27,17):0.000000
(19,7),(27,25):0.000000
(19,7),(28,25):0.000000
(19,7),(28,15):0.000000
(19,7),(29,15):0.000000
(19,7),(29,16):0.000000
(19,7),(30,16):0.000000
(19,7),(30,10):0.000000
(19,7),(31,10):0.000000
(19,7),(31,32):0.000000
(19,7),(33,32):0.000000
(19,21),(21,21):54.279488
(19,21),(21,24):69.100914
(19,21),(9,24):73.322342
(19,21),(9,26):24.108059
(19,21),(25,26):0.000000
(19,21),(25,17):0.000000
(19,21),(27,17):0.000000
(19,21),(27,25):0.000000
(19,21),(28,25):0.000000
(19,21),(28,15):0.000000
(19,21),(29,15):0.000000
(19,21),(29,16):0.000000
(19,21),(30,16):0.000000
(19,21),(30,10):0.000000
(19,21),(31,10):0.000000
(19,21),(31,32):0.000000
(19,21),(33,32):0.000000
(21,21),(21,24):49.807842
(21,21),(9,24):54.307842
(21,21),(9,26):18.307842
(21,21),(25,26):0.000000
(21,21),(25,17):0.000000
(21,21),(27,17):0.000000
(21,21),(27,25):0.000000
(21,21),(28,25):0.000000
(21,21),(28,15):0.000000
(21,21),(29,15):0.000000
(21,21),(29,16):0.000000
(21,21),(30,16):0.000000
(21,21),(30,10):0.000000
(21,21),(31,10):0.000000
(21,21),(31,32):0.000000
(21,21),(33,32):0.000000
(21,24),(9,24):70.355606
(21,24),(9,26):21.562500
(21,24),(25,26):0.000000
(21,24),(25,17):0.000000
(21,24),(27,17):0.000000
(21,24),(27,25):0.000000
(21,24),(28,25):0.000000
(21,24),(28,15):0.000000
(21,24),(29,15):0.000000
(21,24),(29,16):0.000000
(21,24),(30,16):0.000000
(21,24),(30,10):0.000000
(21,24),(31,10):0.000000
(21,24),(31,32):0.000000
(21,24),(33,32):0.000000
(9,24),(9,26):44.250000
(9,24),(25,26):6.000000
(9,24),(25,17):0.000000
(9,24),(27,17):0.000000
(9,24),(27,25):0.000000
(9,24),(28,25):0.000000
(9,24),(28,15):0.000000
(9,24),(29,15):0.000000
(9,24),(29,16):0.000000
(9,24),(30,16):0.000000
(9,24),(30,10):0.000000
(9,24),(31,10):0.000000
(9,24),(31,32):0.000000
(9,24),(33,32):0.000000
(9,26),(25,26):33.500000
(9,26),(25,17):3.854915
(9,26),(27,17):3.321332
(9,26),(27,25):12.153846
(9,26),(28,25):12.857142
(9,26),(28,15):5.590909
(9,26),(29,15):2.091278
(9,26),(29,16):5.944445
(9,26),(30,16):6.289879
(9,26),(30,10):1.954545
(9,26),(31,10):5.263681
(9,26),(31,32):11.217949
(9,26),(33,32):0.000000
(25,26),(25,17):28.750000
(25,26),(27,17):23.444445
(25,26),(27,25):57.035713
(25,26),(28,25):44.297619
(25,26),(28,15):25.338236
(25,26),(29,15):9.958333
(25,26),(29,16):27.539772
(25,26),(30,16):29.050480
(25,26),(30,10):8.856061
(25,26),(31,10):25.455883
(25,26),(31,32):42.750000
(25,26),(33,32):3.250000
(25,17),(27,17):25.863636
(25,17),(27,25):33.863636
(25,17),(28,25):17.863636
(25,17),(28,15):2.000000
(25,17),(29,15):4.628572
(25,17),(29,16):4.940171
(25,17),(30,16):8.083750
(25,17),(30,10):0.000000
(25,17),(31,10):4.033333
(25,17),(31,32):20.963636
(25,17),(33,32):2.465909
(27,17),(27,25):27.587301
(27,17),(28,25):11.587301
(27,17),(28,15):0.000000
(27,17),(29,15):0.000000
(27,17),(29,16):0.000000
(27,17),(30,16):1.361111
(27,17),(30,10):0.000000
(27,17),(31,10):0.000000
(27,17),(31,32):14.378706
(27,17),(33,32):1.107143
(27,25),(28,25):47.547619
(27,25),(28,15):24.088236
(27,25),(29,15):11.200000
(27,25),(29,16):27.618055
(27,25),(30,16):31.142361
(27,25),(30,10):8.022727
(27,25),(31,10):25.333334
(27,25),(31,32):47.272892
(27,25),(33,32):5.535714
(28,25),(28,15):50.088234
(28,25),(29,15):21.200001
(28,25),(29,16):55.618057
(28,25),(30,16):60.392361
(28,25),(30,10):19.272728
(28,25),(31,10):43.333332
(28,25),(31,32):74.303749
(28,25),(33,32):5.714286
(28,15),(29,15):18.000000
(28,15),(29,16):50.062500
(28,15),(30,16):49.031250
(28,15),(30,10):15.522727
(28,15),(31,10):37.428570
(28,15),(31,32):50.025734
(28,15),(33,32):3.088235
(29,15),(29,16):21.200001
(29,15),(30,16):20.200001
(29,15),(30,10):0.000000
(29,15),(31,10):10.075000
(29,15),(31,32):21.137501
(29,15),(33,32):1.750000
(29,16),(30,16):54.586807
(29,16),(30,10):17.022728
(29,16),(31,10):41.083332
(29,16),(31,32):55.555557
(29,16),(33,32):3.895833
(30,16),(30,10):23.022728
(30,16),(31,10):47.083332
(30,16),(31,32):64.142365
(30,16),(33,32):4.697917
(30,10),(31,10):23.000000
(30,10),(31,32):23.022728
(30,10),(33,32):1.022727
(31,10),(31,32):47.083332
(31,10),(33,32):3.750000
(31,32),(33,32):28.000000
