76
(37,35):(25,32)	(26,32)	(28,32)	(29,30)	(29,31)	(29,32)	(29,33)	(30,31)	(30,32)	(30,33)	(31,31)	(31,32)	(31,33)	(32,32)	(32,33)	(33,33)	(33,34)	(33,37)	(34,33)	(34,34)	(34,35)	(34,36)	(35,34)	(35,35)	(35,36)	(36,34)	(36,35)	(36,36)	(36,37)	(36,38)	(37,34)	(37,35)	(37,38)	(38,33)	(38,35)	
(37,38):(29,29)	(29,30)	(30,30)	(30,31)	(31,31)	(31,32)	(32,32)	(32,33)	(33,32)	(33,33)	(33,34)	(34,33)	(34,34)	(34,35)	(35,34)	(35,35)	(35,36)	(36,34)	(36,35)	(36,36)	(36,37)	(36,38)	(37,34)	(37,35)	(37,38)	
(36,38):(36,34)	(36,35)	(36,36)	(36,37)	(36,38)	(37,34)	(37,35)	(37,38)	
(36,37):(29,29)	(29,30)	(30,30)	(30,31)	(31,31)	(31,32)	(32,32)	(32,33)	(33,32)	(33,33)	(33,34)	(33,37)	(34,33)	(34,34)	(34,35)	(34,36)	(35,34)	(35,35)	(35,36)	(36,34)	(36,35)	(36,36)	(36,37)	(36,38)	(37,34)	(37,35)	(37,38)	(38,33)	
(33,37):(33,32)	(33,33)	(33,34)	(33,37)	(34,31)	(34,33)	(34,34)	(34,35)	(34,36)	(35,34)	(35,35)	(35,36)	(36,34)	(36,35)	(36,36)	(36,37)	(37,34)	(37,35)	(38,33)	
(33,34):(25,32)	(25,33)	(25,34)	(26,32)	(26,33)	(26,34)	(27,33)	(27,34)	(28,32)	(28,33)	(28,34)	(29,28)	(29,29)	(29,30)	(29,31)	(29,32)	(29,33)	(29,34)	(30,30)	(30,31)	(30,32)	(30,33)	(30,34)	(31,31)	(31,32)	(31,33)	(32,32)	(32,33)	(33,32)	(33,33)	(33,34)	(33,37)	(34,31)	(34,33)	(34,34)	(34,35)	(34,36)	(35,34)	(35,35)	(35,36)	(36,34)	(36,35)	(36,36)	(36,37)	(37,34)	(37,35)	(37,38)	(38,33)	(38,35)	
(30,34):(24,36)	(25,32)	(25,33)	(25,34)	(25,35)	(26,32)	(26,33)	(26,34)	(26,35)	(27,33)	(27,34)	(27,35)	(28,26)	(28,32)	(28,33)	(28,34)	(28,35)	(29,27)	(29,28)	(29,29)	(29,30)	(29,31)	(29,32)	(29,33)	(29,34)	(29,35)	(30,27)	(30,28)	(30,29)	(30,30)	(30,31)	(30,32)	(30,33)	(30,34)	(30,36)	(31,26)	(31,31)	(31,32)	(31,33)	(32,32)	(32,33)	(33,32)	(33,33)	(33,34)	(34,31)	(34,33)	(34,34)	(35,34)	(36,34)	(37,34)	(38,33)	
(30,36):(24,36)	(25,31)	(25,32)	(25,33)	(25,34)	(25,35)	(26,32)	(26,33)	(26,34)	(26,35)	(27,33)	(27,34)	(27,35)	(28,26)	(28,32)	(28,33)	(28,34)	(28,35)	(29,27)	(29,28)	(29,29)	(29,30)	(29,31)	(29,32)	(29,33)	(29,34)	(29,35)	(30,27)	(30,28)	(30,29)	(30,30)	(30,31)	(30,32)	(30,33)	(30,34)	(30,36)	
(24,36):(24,23)	(24,24)	(24,25)	(24,26)	(24,27)	(24,36)	(25,22)	(25,23)	(25,24)	(25,25)	(25,26)	(25,27)	(25,28)	(25,29)	(25,30)	(25,31)	(25,32)	(25,33)	(25,34)	(25,35)	(26,8)	(26,9)	(26,10)	(26,11)	(26,12)	(26,32)	(26,33)	(26,34)	(26,35)	(27,33)	(27,34)	(27,35)	(28,32)	(28,33)	(28,34)	(28,35)	(29,31)	(29,32)	(29,33)	(29,34)	(29,35)	(30,30)	(30,31)	(30,32)	(30,33)	(30,34)	(30,36)	(31,31)	(31,32)	(31,33)	(32,32)	(32,33)	(33,32)	(33,33)	(34,31)	
(24,27):(23,22)	(23,27)	(24,23)	(24,24)	(24,25)	(24,26)	(24,27)	(24,36)	(25,22)	(25,23)	(25,24)	(25,25)	(25,26)	(25,27)	(25,28)	(25,29)	(25,30)	(25,31)	(25,32)	(25,33)	(25,34)	(25,35)	(26,32)	(26,33)	(26,34)	(26,35)	(27,35)	
(23,27):(23,22)	(23,27)	(24,23)	(24,24)	(24,25)	(24,26)	(24,27)	(25,22)	(25,23)	(25,24)	(25,25)	(25,26)	(25,27)	
(23,22):(23,22)	(23,27)	(24,23)	(24,24)	(24,25)	(24,26)	(24,27)	(25,22)	(25,23)	(25,24)	(25,25)	(25,26)	(25,27)	(25,28)	(25,29)	(25,30)	(25,31)	(25,32)	(26,32)	(26,33)	(26,34)	(26,35)	
(25,22):(23,22)	(23,27)	(24,23)	(24,24)	(24,25)	(24,26)	(24,27)	(24,36)	(25,7)	(25,8)	(25,9)	(25,10)	(25,11)	(25,12)	(25,13)	(25,14)	(25,15)	(25,16)	(25,17)	(25,18)	(25,22)	(25,23)	(25,24)	(25,25)	(25,26)	(25,27)	(25,28)	(25,29)	(25,30)	(25,31)	(25,32)	(25,33)	(25,34)	(25,35)	(26,7)	(26,8)	(26,9)	(26,10)	(26,11)	(26,12)	(26,32)	(26,33)	(26,34)	(26,35)	
(25,18):(19,10)	(20,11)	(20,12)	(20,13)	(20,14)	(20,15)	(20,16)	(20,17)	(20,18)	(21,10)	(21,11)	(21,12)	(21,13)	(21,14)	(21,15)	(21,16)	(21,17)	(22,6)	(22,7)	(22,8)	(22,9)	(22,10)	(22,11)	(22,12)	(22,13)	(22,14)	(22,15)	(22,16)	(22,17)	(23,7)	(23,8)	(23,9)	(23,10)	(23,11)	(23,12)	(23,13)	(23,14)	(23,15)	(23,16)	(23,17)	(24,7)	(24,8)	(24,9)	(24,10)	(24,11)	(24,12)	(24,13)	(24,14)	(24,15)	(24,16)	(24,17)	(25,7)	(25,8)	(25,9)	(25,10)	(25,11)	(25,12)	(25,13)	(25,14)	(25,15)	(25,16)	(25,17)	(25,18)	(25,22)	(25,23)	(25,24)	(25,25)	(25,26)	(25,27)	(25,28)	(25,29)	(25,30)	(25,31)	(25,32)	(25,33)	(25,34)	(25,35)	(26,7)	(26,8)	(26,9)	(26,10)	(26,11)	(26,12)	(26,32)	(26,33)	(26,34)	(26,35)	
(20,18):(15,29)	(16,26)	(16,27)	(16,28)	(17,24)	(17,25)	(17,26)	(17,27)	(18,22)	(18,23)	(18,24)	(18,25)	(18,26)	(18,27)	(19,10)	(19,20)	(19,21)	(19,22)	(19,23)	(19,24)	(19,25)	(19,26)	(19,27)	(20,11)	(20,12)	(20,13)	(20,14)	(20,15)	(20,16)	(20,17)	(20,18)	(20,28)	(21,10)	(21,11)	(21,12)	(21,13)	(21,14)	(21,15)	(21,16)	(21,17)	(22,6)	(22,7)	(22,8)	(22,9)	(22,10)	(22,11)	(22,12)	(22,13)	(22,14)	(22,15)	(22,16)	(22,17)	(23,7)	(23,8)	(23,9)	(23,10)	(23,11)	(23,12)	(23,13)	(23,14)	(23,15)	(23,16)	(23,17)	(24,7)	(24,8)	(24,9)	(24,10)	(24,11)	(24,12)	(24,13)	(24,14)	(24,15)	(24,16)	(24,17)	(25,7)	(25,8)	(25,9)	(25,10)	(25,11)	(25,12)	(25,13)	(25,14)	(25,15)	(25,16)	(25,17)	(25,18)	(26,7)	(26,8)	(26,9)	(26,10)	(26,11)	(26,12)	(27,7)	(27,8)	(27,9)	(28,7)	
(20,28):(12,23)	(14,24)	(15,24)	(15,25)	(16,24)	(16,25)	(16,26)	(16,27)	(16,28)	(17,23)	(17,24)	(17,25)	(17,26)	(17,27)	(18,20)	(18,21)	(18,22)	(18,23)	(18,24)	(18,25)	(18,26)	(18,27)	(19,10)	(19,20)	(19,21)	(19,22)	(19,23)	(19,24)	(19,25)	(19,26)	(19,27)	(20,11)	(20,12)	(20,13)	(20,14)	(20,15)	(20,16)	(20,17)	(20,18)	(20,28)	
(16,28):(14,30)	(15,24)	(15,25)	(15,29)	(16,24)	(16,25)	(16,26)	(16,27)	(16,28)	(16,30)	(17,23)	(17,24)	(17,25)	(17,26)	(17,27)	(18,20)	(18,21)	(18,22)	(18,23)	(18,24)	(18,25)	(18,26)	(18,27)	(19,20)	(19,21)	(19,22)	(19,23)	(19,24)	(19,25)	(19,26)	(19,27)	(20,18)	(20,28)	(21,15)	(22,12)	(22,13)	(23,10)	(24,7)	(24,8)	
(16,30):(14,29)	(14,30)	(15,24)	(15,25)	(15,29)	(16,24)	(16,25)	(16,26)	(16,27)	(16,28)	(16,30)	
(14,30):(14,29)	(14,30)	(15,29)	(16,28)	(16,30)	
(14,29):(14,29)	(14,30)	(15,29)	(16,30)	
(15,29):(14,29)	(14,30)	(15,24)	(15,25)	(15,29)	(16,24)	(16,25)	(16,26)	(16,27)	(16,28)	(16,30)	(17,23)	(17,24)	(17,25)	(17,26)	(17,27)	(18,20)	(18,21)	(18,22)	(18,23)	(18,24)	(18,25)	(18,26)	(19,20)	(19,21)	(19,22)	(19,23)	(19,24)	(19,25)	(20,18)	(23,11)	(24,9)	(25,7)	
(15,25):(11,23)	(11,24)	(11,25)	(12,23)	(12,24)	(13,24)	(14,24)	(15,24)	(15,25)	(15,29)	(16,24)	(16,25)	(16,26)	(16,27)	(16,28)	(16,30)	(17,23)	(17,24)	(17,25)	(17,26)	(17,27)	(18,22)	(18,23)	(18,24)	(18,25)	(18,26)	(18,27)	(19,21)	(19,22)	(19,23)	(19,24)	(19,25)	(19,26)	(19,27)	(20,28)	
(11,25):(11,18)	(11,19)	(11,20)	(11,21)	(11,22)	(11,23)	(11,24)	(11,25)	(12,18)	(12,19)	(12,20)	(12,21)	(12,23)	(12,24)	(13,17)	(13,24)	(14,24)	(15,24)	(15,25)	(16,24)	(16,25)	(17,23)	(17,24)	(17,25)	(18,23)	(18,24)	(18,25)	(19,23)	(19,24)	(19,25)	
(11,24):(10,18)	(10,19)	(10,24)	(11,18)	(11,19)	(11,20)	(11,21)	(11,22)	(11,23)	(11,24)	(11,25)	(12,18)	(12,19)	(12,20)	(12,21)	(12,23)	(12,24)	(13,17)	(13,24)	(14,24)	(15,24)	(15,25)	(16,24)	(16,25)	(17,23)	(17,24)	(17,25)	(18,23)	(18,24)	(18,25)	(19,23)	(19,24)	(19,25)	(19,26)	
(10,24):(10,18)	(10,19)	(10,24)	(11,18)	(11,19)	(11,20)	(11,21)	(11,22)	(11,23)	(11,24)	(12,18)	(12,19)	(12,20)	(12,21)	(12,23)	(12,24)	(13,17)	(13,24)	(14,24)	(15,24)	(16,24)	(17,23)	(17,24)	(18,23)	(18,24)	(19,23)	(19,24)	
(10,19):(7,19)	(8,16)	(8,17)	(8,18)	(9,17)	(9,18)	(10,18)	(10,19)	(10,24)	(11,18)	(11,19)	(11,20)	(11,21)	(11,22)	(11,23)	(11,24)	(12,18)	(12,19)	(12,20)	(12,21)	(12,23)	(12,24)	(13,17)	(13,21)	
(7,19):(7,6)	(7,7)	(7,8)	(7,9)	(7,10)	(7,11)	(7,12)	(7,13)	(7,19)	(8,5)	(8,16)	(8,17)	(8,18)	(9,16)	(9,17)	(9,18)	(10,18)	(10,19)	(11,18)	(11,19)	(12,18)	(12,19)	(13,17)	
(7,13):(2,2)	(3,3)	(3,4)	(3,5)	(3,6)	(3,7)	(3,8)	(3,9)	(3,10)	(3,11)	(3,12)	(3,13)	(4,3)	(4,4)	(4,5)	(4,6)	(4,7)	(4,8)	(4,9)	(4,10)	(4,11)	(4,12)	(5,4)	(5,5)	(5,6)	(5,7)	(5,8)	(5,9)	(5,10)	(5,11)	(5,12)	(6,5)	(6,6)	(6,7)	(6,8)	(6,9)	(6,10)	(6,11)	(6,12)	(7,6)	(7,7)	(7,8)	(7,9)	(7,10)	(7,11)	(7,12)	(7,13)	(7,19)	(8,5)	(8,16)	(8,17)	(8,18)	
(3,13):(1,15)	(2,2)	(2,14)	(3,3)	(3,4)	(3,5)	(3,6)	(3,7)	(3,8)	(3,9)	(3,10)	(3,11)	(3,12)	(3,13)	(3,15)	(4,2)	(4,3)	(4,4)	(4,5)	(4,6)	(4,7)	(4,8)	(4,9)	(4,10)	(4,11)	(4,12)	(5,3)	(5,4)	(5,5)	(5,6)	(5,7)	(5,8)	(5,9)	(5,10)	(5,11)	(5,12)	(6,4)	(6,5)	(6,6)	(6,7)	(6,8)	(6,9)	(6,10)	(6,11)	(6,12)	(7,6)	(7,7)	(7,8)	(7,9)	(7,10)	(7,11)	(7,12)	(7,13)	(8,5)	
(3,15):(1,14)	(1,15)	(2,2)	(2,14)	(3,3)	(3,4)	(3,5)	(3,6)	(3,7)	(3,8)	(3,9)	(3,10)	(3,11)	(3,12)	(3,13)	(3,15)	
(1,15):(1,14)	(1,15)	(2,14)	(3,13)	(3,15)	
(1,14):(1,14)	(1,15)	(2,14)	(3,15)	
(2,14):(1,14)	(1,15)	(2,2)	(2,14)	(3,3)	(3,4)	(3,5)	(3,6)	(3,7)	(3,8)	(3,9)	(3,10)	(3,11)	(3,12)	(3,13)	(3,15)	(4,2)	(4,3)	(4,4)	(4,5)	(4,6)	(4,7)	(4,8)	(4,9)	(4,10)	(4,11)	(4,12)	(5,3)	(5,4)	(5,5)	(5,6)	(5,7)	(5,8)	(5,9)	(5,10)	(5,11)	(6,4)	(6,5)	(6,6)	(6,7)	(6,8)	(6,9)	(6,10)	(7,6)	(7,7)	(7,8)	(7,9)	(8,5)	
(2,2):(2,2)	(2,14)	(3,3)	(3,4)	(3,5)	(3,6)	(3,7)	(3,8)	(3,9)	(3,10)	(3,11)	(3,12)	(3,13)	(3,15)	(4,2)	(4,3)	(4,4)	(4,5)	(4,6)	(4,7)	(4,8)	(4,9)	(4,10)	(4,11)	(4,12)	(5,4)	(5,5)	(5,6)	(5,7)	(5,8)	(5,9)	(5,10)	(5,11)	(5,12)	(6,5)	(6,6)	(6,7)	(6,8)	(6,9)	(6,10)	(6,11)	(6,12)	(7,6)	(7,7)	(7,8)	(7,9)	(7,10)	(7,11)	(7,12)	(7,13)	
(4,2):(2,2)	(2,14)	(3,3)	(3,4)	(3,5)	(3,6)	(3,7)	(3,8)	(3,9)	(3,10)	(3,11)	(3,12)	(3,13)	(4,2)	(4,3)	(4,4)	(4,5)	(4,6)	(4,7)	(4,8)	(4,9)	(4,10)	(4,11)	(4,12)	
(4,3):(2,2)	(2,14)	(3,3)	(3,4)	(3,5)	(3,6)	(3,7)	(3,8)	(3,9)	(3,10)	(3,11)	(3,12)	(3,13)	(4,2)	(4,3)	(4,4)	(4,5)	(4,6)	(4,7)	(4,8)	(4,9)	(4,10)	(4,11)	(4,12)	(5,3)	(5,4)	(5,5)	(5,6)	(5,7)	(5,8)	(5,9)	(5,10)	(5,11)	(5,12)	(6,5)	(6,6)	(6,7)	(6,8)	(6,9)	(6,10)	(6,11)	(6,12)	(7,6)	(7,7)	(7,8)	(7,9)	(7,10)	(7,11)	(7,12)	(7,13)	(8,16)	
(5,3):(2,14)	(3,3)	(3,4)	(3,5)	(3,6)	(3,7)	(3,8)	(3,9)	(3,10)	(3,11)	(3,12)	(3,13)	(4,3)	(4,4)	(4,5)	(4,6)	(4,7)	(4,8)	(4,9)	(4,10)	(4,11)	(4,12)	(5,3)	(5,4)	(5,5)	(5,6)	(5,7)	(5,8)	(5,9)	(5,10)	(5,11)	(5,12)	
(5,4):(2,2)	(2,14)	(3,3)	(3,4)	(3,5)	(3,6)	(3,7)	(3,8)	(3,9)	(3,10)	(3,11)	(3,12)	(3,13)	(4,3)	(4,4)	(4,5)	(4,6)	(4,7)	(4,8)	(4,9)	(4,10)	(4,11)	(4,12)	(5,3)	(5,4)	(5,5)	(5,6)	(5,7)	(5,8)	(5,9)	(5,10)	(5,11)	(5,12)	(6,4)	(6,5)	(6,6)	(6,7)	(6,8)	(6,9)	(6,10)	(6,11)	(6,12)	(7,6)	(7,7)	(7,8)	(7,9)	(7,10)	(7,11)	(7,12)	(7,13)	(8,16)	(8,17)	
(6,4):(2,14)	(3,4)	(3,5)	(3,6)	(3,7)	(3,8)	(3,9)	(3,10)	(3,11)	(3,12)	(3,13)	(4,4)	(4,5)	(4,6)	(4,7)	(4,8)	(4,9)	(4,10)	(4,11)	(4,12)	(5,4)	(5,5)	(5,6)	(5,7)	(5,8)	(5,9)	(5,10)	(5,11)	(5,12)	(6,4)	(6,5)	(6,6)	(6,7)	(6,8)	(6,9)	(6,10)	(6,11)	(6,12)	
(6,5):(2,2)	(2,14)	(3,3)	(3,4)	(3,5)	(3,6)	(3,7)	(3,8)	(3,9)	(3,10)	(3,11)	(3,12)	(3,13)	(4,3)	(4,4)	(4,5)	(4,6)	(4,7)	(4,8)	(4,9)	(4,10)	(4,11)	(4,12)	(5,4)	(5,5)	(5,6)	(5,7)	(5,8)	(5,9)	(5,10)	(5,11)	(5,12)	(6,4)	(6,5)	(6,6)	(6,7)	(6,8)	(6,9)	(6,10)	(6,11)	(6,12)	(7,6)	(7,7)	(7,8)	(7,9)	(7,10)	(7,11)	(7,12)	(7,13)	(8,5)	(8,16)	(8,17)	(8,18)	
(8,5):(2,14)	(3,5)	(3,6)	(3,7)	(3,8)	(3,9)	(3,10)	(3,11)	(3,12)	(3,13)	(4,5)	(4,6)	(4,7)	(4,8)	(4,9)	(4,10)	(4,11)	(4,12)	(5,5)	(5,6)	(5,7)	(5,8)	(5,9)	(5,10)	(5,11)	(5,12)	(6,5)	(6,6)	(6,7)	(6,8)	(6,9)	(6,10)	(6,11)	(6,12)	(7,6)	(7,7)	(7,8)	(7,9)	(7,10)	(7,11)	(7,12)	(7,13)	(7,19)	(8,5)	(8,16)	(8,17)	(8,18)	
(8,16):(4,3)	(4,4)	(5,4)	(5,5)	(5,6)	(5,7)	(6,5)	(6,6)	(6,7)	(6,8)	(6,9)	(6,10)	(7,6)	(7,7)	(7,8)	(7,9)	(7,10)	(7,11)	(7,12)	(7,13)	(7,19)	(8,5)	(8,16)	(8,17)	(8,18)	(9,16)	(9,17)	(9,18)	(10,18)	(10,19)	(11,19)	(11,20)	(12,20)	(12,21)	(13,21)	
(9,16):(7,19)	(8,16)	(8,17)	(8,18)	(9,16)	(9,17)	(9,18)	
(9,17):(7,19)	(8,16)	(8,17)	(8,18)	(9,16)	(9,17)	(9,18)	(10,18)	(10,19)	(11,18)	(11,19)	(11,20)	(11,21)	(12,18)	(12,19)	(12,20)	(12,21)	(12,23)	(13,17)	(13,21)	
(13,17):(7,19)	(8,17)	(8,18)	(9,17)	(9,18)	(10,18)	(10,19)	(10,24)	(11,18)	(11,19)	(11,20)	(11,21)	(11,22)	(11,23)	(11,24)	(11,25)	(12,18)	(12,19)	(12,20)	(12,21)	(13,17)	(13,21)	
(13,21):(8,16)	(8,17)	(9,17)	(9,18)	(10,18)	(10,19)	(11,18)	(11,19)	(11,20)	(11,21)	(12,18)	(12,19)	(12,20)	(12,21)	(13,17)	(13,21)	
(12,21):(8,16)	(8,17)	(9,17)	(9,18)	(10,18)	(10,19)	(10,24)	(11,18)	(11,19)	(11,20)	(11,21)	(11,22)	(11,23)	(11,24)	(11,25)	(12,18)	(12,19)	(12,20)	(12,21)	(12,23)	(12,24)	(13,17)	(13,21)	
(12,23):(9,17)	(10,18)	(10,19)	(10,24)	(11,18)	(11,19)	(11,20)	(11,21)	(11,22)	(11,23)	(11,24)	(11,25)	(12,18)	(12,19)	(12,20)	(12,21)	(12,23)	(12,24)	(13,24)	(14,24)	(15,24)	(15,25)	(16,24)	(16,25)	(17,23)	(17,24)	(17,25)	(17,26)	(18,23)	(18,24)	(18,25)	(18,26)	(18,27)	(19,23)	(19,24)	(19,25)	(19,26)	(19,27)	(20,28)	
(17,23):(10,24)	(11,23)	(11,24)	(11,25)	(12,23)	(12,24)	(13,24)	(14,24)	(15,24)	(15,25)	(15,29)	(16,24)	(16,25)	(16,26)	(16,27)	(16,28)	(17,11)	(17,23)	(17,24)	(17,25)	(17,26)	(17,27)	(18,11)	(18,20)	(18,21)	(18,22)	(18,23)	(18,24)	(18,25)	(18,26)	(18,27)	(19,20)	(19,21)	(19,22)	(19,23)	(19,24)	(19,25)	(19,26)	(19,27)	(20,28)	
(17,11):(17,11)	(17,23)	(17,24)	(17,25)	(17,26)	(17,27)	(18,11)	(18,20)	(18,21)	(18,22)	(18,23)	(18,24)	(18,25)	(18,26)	(18,27)	
(18,11):(17,11)	(17,23)	(17,24)	(17,25)	(17,26)	(17,27)	(18,11)	(18,20)	(18,21)	(18,22)	(18,23)	(18,24)	(18,25)	(18,26)	(18,27)	
(18,20):(15,29)	(16,26)	(16,27)	(16,28)	(17,11)	(17,23)	(17,24)	(17,25)	(17,26)	(17,27)	(18,11)	(18,20)	(18,21)	(18,22)	(18,23)	(18,24)	(18,25)	(18,26)	(18,27)	(19,20)	(19,21)	(19,22)	(19,23)	(19,24)	(19,25)	(19,26)	(19,27)	(20,28)	
(19,20):(15,29)	(16,25)	(16,26)	(16,27)	(16,28)	(17,23)	(17,24)	(17,25)	(17,26)	(17,27)	(18,20)	(18,21)	(18,22)	(18,23)	(18,24)	(18,25)	(18,26)	(18,27)	(19,10)	(19,20)	(19,21)	(19,22)	(19,23)	(19,24)	(19,25)	(19,26)	(19,27)	(20,11)	(20,12)	(20,13)	(20,14)	(20,15)	(20,16)	(20,17)	(20,18)	(20,28)	(21,10)	(21,11)	(21,12)	(21,13)	(21,14)	(21,15)	(21,16)	(22,6)	(22,7)	(22,8)	(22,9)	(22,10)	(22,11)	(22,12)	(22,13)	(22,14)	(23,7)	(23,8)	(23,9)	(23,10)	(23,11)	(23,12)	(24,7)	(24,8)	(24,9)	(24,10)	(25,7)	(25,8)	
(19,10):(19,10)	(19,20)	(19,21)	(19,22)	(19,23)	(19,24)	(19,25)	(19,26)	(19,27)	(20,11)	(20,12)	(20,13)	(20,14)	(20,15)	(20,16)	(20,17)	(20,18)	(20,28)	(21,10)	(21,11)	(21,12)	(21,13)	(21,14)	(21,15)	(21,16)	(21,17)	(22,10)	(22,11)	(22,12)	(22,13)	(22,14)	(22,15)	(22,16)	(22,17)	(23,10)	(23,11)	(23,12)	(23,13)	(23,14)	(23,15)	(23,16)	(23,17)	(24,10)	(24,11)	(24,12)	(24,13)	(24,14)	(24,15)	(24,16)	(24,17)	(25,10)	(25,11)	(25,12)	(25,13)	(25,14)	(25,15)	(25,16)	(25,17)	(25,18)	(26,10)	(26,11)	(26,12)	(27,12)	
(21,10):(18,25)	(18,26)	(18,27)	(19,10)	(19,20)	(19,21)	(19,22)	(19,23)	(19,24)	(19,25)	(19,26)	(20,11)	(20,12)	(20,13)	(20,14)	(20,15)	(20,16)	(20,17)	(20,18)	(21,1)	(21,10)	(21,11)	(21,12)	(21,13)	(21,14)	(21,15)	(21,16)	(21,17)	(22,1)	(22,6)	(22,7)	(22,8)	(22,9)	(22,10)	(22,11)	(22,12)	(22,13)	(22,14)	(22,15)	(22,16)	(22,17)	(23,7)	(23,8)	(23,9)	(23,10)	(23,11)	(23,12)	(23,13)	(23,14)	(23,15)	(23,16)	(23,17)	(24,7)	(24,8)	(24,9)	(24,10)	(24,11)	(24,12)	(24,13)	(24,14)	(24,15)	(24,16)	(24,17)	(25,7)	(25,8)	(25,9)	(25,10)	(25,11)	(25,12)	(25,13)	(25,14)	(25,15)	(25,16)	(25,17)	(25,18)	(26,7)	(26,8)	(26,9)	(26,10)	(26,11)	(26,12)	(27,7)	(27,8)	(27,9)	(27,12)	(28,7)	(28,8)	(29,7)	(29,8)	(30,7)	(31,7)	(32,6)	(32,7)	
(21,1):(21,1)	(21,10)	(21,11)	(21,12)	(21,13)	(21,14)	(21,15)	(21,16)	(21,17)	(22,1)	(22,6)	(22,7)	(22,8)	(22,9)	(22,10)	(22,11)	(22,12)	(22,13)	(22,14)	(22,15)	(22,16)	(22,17)	(23,11)	(23,12)	(23,13)	(23,14)	(23,15)	(23,16)	(23,17)	(24,16)	(24,17)	
(22,1):(21,1)	(21,10)	(21,11)	(21,12)	(21,13)	(21,14)	(21,15)	(21,16)	(21,17)	(22,1)	(22,6)	(22,7)	(22,8)	(22,9)	(22,10)	(22,11)	(22,12)	(22,13)	(22,14)	(22,15)	(22,16)	(22,17)	
(22,6):(18,25)	(18,26)	(18,27)	(19,20)	(19,21)	(19,22)	(19,23)	(19,24)	(20,14)	(20,15)	(20,16)	(20,17)	(20,18)	(21,1)	(21,10)	(21,11)	(21,12)	(21,13)	(21,14)	(21,15)	(21,16)	(21,17)	(22,1)	(22,6)	(22,7)	(22,8)	(22,9)	(22,10)	(22,11)	(22,12)	(22,13)	(22,14)	(22,15)	(22,16)	(22,17)	(23,7)	(23,8)	(23,9)	(23,10)	(23,11)	(23,12)	(23,13)	(23,14)	(23,15)	(23,16)	(23,17)	(24,7)	(24,8)	(24,9)	(24,10)	(24,11)	(24,12)	(24,13)	(24,14)	(24,15)	(24,16)	(24,17)	(25,7)	(25,8)	(25,9)	(25,10)	(25,11)	(25,12)	(25,13)	(25,14)	(25,15)	(25,16)	(25,17)	(25,18)	(26,7)	(26,8)	(26,9)	(26,10)	(26,11)	(26,12)	(27,7)	(27,8)	(27,9)	(27,12)	(28,7)	(28,8)	(29,7)	(29,8)	(29,9)	(30,7)	(31,7)	(32,6)	(32,7)	(35,8)	
(32,6):(20,11)	(20,12)	(20,13)	(21,10)	(21,11)	(21,12)	(22,6)	(22,7)	(22,8)	(22,9)	(22,10)	(22,11)	(22,12)	(23,7)	(23,8)	(23,9)	(23,10)	(23,11)	(24,7)	(24,8)	(24,9)	(24,10)	(25,7)	(25,8)	(25,9)	(25,10)	(26,7)	(26,8)	(26,9)	(27,7)	(27,8)	(27,9)	(28,7)	(28,8)	(29,7)	(29,8)	(30,7)	(31,7)	(32,6)	(32,7)	
(32,7):(20,11)	(21,10)	(22,6)	(22,7)	(22,8)	(22,9)	(22,10)	(23,7)	(23,8)	(23,9)	(23,10)	(24,7)	(24,8)	(24,9)	(25,7)	(25,8)	(25,9)	(26,7)	(26,8)	(26,9)	(27,7)	(27,8)	(28,7)	(28,8)	(29,7)	(29,8)	(30,7)	(31,7)	(32,6)	(32,7)	(35,7)	(35,8)	
(35,7):(22,7)	(22,8)	(22,9)	(23,7)	(23,8)	(23,9)	(24,7)	(24,8)	(25,7)	(25,8)	(26,7)	(26,8)	(27,7)	(27,8)	(28,7)	(28,8)	(29,7)	(29,8)	(30,7)	(31,7)	(32,7)	(35,7)	(35,8)	
(35,8):(22,6)	(22,7)	(22,8)	(23,7)	(23,8)	(24,7)	(24,8)	(25,7)	(25,8)	(26,7)	(26,8)	(27,7)	(27,8)	(28,7)	(28,8)	(29,7)	(29,8)	(30,7)	(31,7)	(32,7)	(35,7)	(35,8)	
(29,8):(20,11)	(20,12)	(21,10)	(21,11)	(21,12)	(22,6)	(22,7)	(22,8)	(22,9)	(22,10)	(22,11)	(23,7)	(23,8)	(23,9)	(23,10)	(23,11)	(24,7)	(24,8)	(24,9)	(24,10)	(25,7)	(25,8)	(25,9)	(25,10)	(26,7)	(26,8)	(26,9)	(27,7)	(27,8)	(27,9)	(28,7)	(28,8)	(29,7)	(29,8)	(29,9)	(30,7)	(31,7)	(32,6)	(32,7)	(35,7)	(35,8)	
(29,9):(22,6)	(22,7)	(22,8)	(22,9)	(23,7)	(23,8)	(23,9)	(24,7)	(24,8)	(24,9)	(25,7)	(25,8)	(25,9)	(26,7)	(26,8)	(26,9)	(27,7)	(27,8)	(27,9)	(28,7)	(28,8)	(29,7)	(29,8)	(29,9)	
(27,9):(20,11)	(20,12)	(20,13)	(20,14)	(20,15)	(20,16)	(20,17)	(20,18)	(21,10)	(21,11)	(21,12)	(21,13)	(21,14)	(21,15)	(21,16)	(21,17)	(22,6)	(22,7)	(22,8)	(22,9)	(22,10)	(22,11)	(22,12)	(22,13)	(22,14)	(22,15)	(22,16)	(22,17)	(23,7)	(23,8)	(23,9)	(23,10)	(23,11)	(23,12)	(23,13)	(23,14)	(23,15)	(23,16)	(23,17)	(24,7)	(24,8)	(24,9)	(24,10)	(24,11)	(24,12)	(24,13)	(24,14)	(24,15)	(24,16)	(24,17)	(25,7)	(25,8)	(25,9)	(25,10)	(25,11)	(25,12)	(25,13)	(25,14)	(25,15)	(26,7)	(26,8)	(26,9)	(26,10)	(26,11)	(26,12)	(27,7)	(27,8)	(27,9)	(27,12)	(28,7)	(28,8)	(29,7)	(29,8)	(29,9)	(30,7)	(31,7)	(32,6)	
(27,12):(19,10)	(20,11)	(20,12)	(21,10)	(21,11)	(21,12)	(22,6)	(22,7)	(22,8)	(22,9)	(22,10)	(22,11)	(22,12)	(23,7)	(23,8)	(23,9)	(23,10)	(23,11)	(23,12)	(24,7)	(24,8)	(24,9)	(24,10)	(24,11)	(24,12)	(25,7)	(25,8)	(25,9)	(25,10)	(25,11)	(25,12)	(26,7)	(26,8)	(26,9)	(26,10)	(26,11)	(26,12)	(27,7)	(27,8)	(27,9)	(27,12)	
(26,12):(19,10)	(20,11)	(20,12)	(20,13)	(20,14)	(20,15)	(20,16)	(20,17)	(20,18)	(21,10)	(21,11)	(21,12)	(21,13)	(21,14)	(21,15)	(21,16)	(21,17)	(22,6)	(22,7)	(22,8)	(22,9)	(22,10)	(22,11)	(22,12)	(22,13)	(22,14)	(22,15)	(22,16)	(22,17)	(23,7)	(23,8)	(23,9)	(23,10)	(23,11)	(23,12)	(23,13)	(23,14)	(23,15)	(23,16)	(23,17)	(24,7)	(24,8)	(24,9)	(24,10)	(24,11)	(24,12)	(24,13)	(24,14)	(24,15)	(24,16)	(24,17)	(24,36)	(25,7)	(25,8)	(25,9)	(25,10)	(25,11)	(25,12)	(25,13)	(25,14)	(25,15)	(25,16)	(25,17)	(25,18)	(25,22)	(25,23)	(25,24)	(25,25)	(25,26)	(25,27)	(25,28)	(25,29)	(25,30)	(25,31)	(25,32)	(25,33)	(25,34)	(25,35)	(26,7)	(26,8)	(26,9)	(26,10)	(26,11)	(26,12)	(26,32)	(26,33)	(26,34)	(26,35)	(27,7)	(27,8)	(27,9)	(27,12)	
(26,32):(23,22)	(24,23)	(24,24)	(24,25)	(24,26)	(24,27)	(24,36)	(25,7)	(25,8)	(25,9)	(25,10)	(25,11)	(25,12)	(25,13)	(25,14)	(25,15)	(25,16)	(25,17)	(25,18)	(25,22)	(25,23)	(25,24)	(25,25)	(25,26)	(25,27)	(25,28)	(25,29)	(25,30)	(25,31)	(25,32)	(25,33)	(25,34)	(25,35)	(26,7)	(26,8)	(26,9)	(26,10)	(26,11)	(26,12)	(26,32)	(26,33)	(26,34)	(26,35)	(27,33)	(27,34)	(27,35)	(28,32)	(28,33)	(28,34)	(28,35)	(29,32)	(29,33)	(29,34)	(29,35)	(30,32)	(30,33)	(30,34)	(30,36)	(31,32)	(31,33)	(32,32)	(32,33)	(33,32)	(33,33)	(33,34)	(34,33)	(34,34)	(35,34)	(36,34)	(37,34)	(37,35)	(38,35)	
(28,32):(24,36)	(25,32)	(25,33)	(25,34)	(25,35)	(26,32)	(26,33)	(26,34)	(26,35)	(27,33)	(27,34)	(27,35)	(28,26)	(28,32)	(28,33)	(28,34)	(28,35)	(29,27)	(29,28)	(29,29)	(29,30)	(29,31)	(29,32)	(29,33)	(29,34)	(29,35)	(30,27)	(30,28)	(30,29)	(30,30)	(30,31)	(30,32)	(30,33)	(30,34)	(30,36)	(31,26)	(31,31)	(31,32)	(31,33)	(32,32)	(32,33)	(33,32)	(33,33)	(33,34)	(34,31)	(34,33)	(34,34)	(35,34)	(36,34)	(36,35)	(37,34)	(37,35)	(38,35)	
(28,26):(28,26)	(28,32)	(28,33)	(28,34)	(28,35)	(29,27)	(29,28)	(29,29)	(29,30)	(29,31)	(29,32)	(29,33)	(29,34)	(29,35)	(30,27)	(30,28)	(30,29)	(30,30)	(30,31)	(30,32)	(30,33)	(30,34)	(30,36)	(31,26)	(31,31)	(31,32)	(31,33)	(32,33)	
(31,26):(27,34)	(27,35)	(28,26)	(28,32)	(28,33)	(28,34)	(28,35)	(29,27)	(29,28)	(29,29)	(29,30)	(29,31)	(29,32)	(29,33)	(29,34)	(29,35)	(30,27)	(30,28)	(30,29)	(30,30)	(30,31)	(30,32)	(30,33)	(30,34)	(31,26)	(31,31)	(31,32)	(31,33)	
(31,31):(24,36)	(25,33)	(25,34)	(25,35)	(26,33)	(26,34)	(26,35)	(27,33)	(27,34)	(27,35)	(28,26)	(28,32)	(28,33)	(28,34)	(28,35)	(29,27)	(29,28)	(29,29)	(29,30)	(29,31)	(29,32)	(29,33)	(29,34)	(29,35)	(30,27)	(30,28)	(30,29)	(30,30)	(30,31)	(30,32)	(30,33)	(30,34)	(31,26)	(31,31)	(31,32)	(31,33)	(32,32)	(32,33)	(33,32)	(33,33)	(33,34)	(34,31)	(34,33)	(34,34)	(34,35)	(35,34)	(35,35)	(35,36)	(36,35)	(36,36)	(36,37)	(37,35)	(37,38)	
(34,31):(24,36)	(25,33)	(25,34)	(25,35)	(26,33)	(26,34)	(26,35)	(27,33)	(27,34)	(27,35)	(28,32)	(28,33)	(28,34)	(28,35)	(29,31)	(29,32)	(29,33)	(29,34)	(30,31)	(30,32)	(30,33)	(30,34)	(31,31)	(31,32)	(31,33)	(32,32)	(32,33)	(33,32)	(33,33)	(33,34)	(33,37)	(34,31)	(34,33)	(34,34)	(34,35)	(34,36)	
(34,33):(25,32)	(25,33)	(25,34)	(25,35)	(26,32)	(26,33)	(26,34)	(26,35)	(27,33)	(27,34)	(28,32)	(28,33)	(28,34)	(29,30)	(29,31)	(29,32)	(29,33)	(29,34)	(30,31)	(30,32)	(30,33)	(30,34)	(31,31)	(31,32)	(31,33)	(32,32)	(32,33)	(33,32)	(33,33)	(33,34)	(33,37)	(34,31)	(34,33)	(34,34)	(34,35)	(34,36)	(35,34)	(35,35)	(35,36)	(36,34)	(36,35)	(36,36)	(36,37)	(37,34)	(37,35)	(37,38)	(38,33)	(38,35)	
(38,33):(25,33)	(25,34)	(26,33)	(26,34)	(27,33)	(27,34)	(28,33)	(28,34)	(29,33)	(29,34)	(30,33)	(30,34)	(31,33)	(32,33)	(33,33)	(33,34)	(33,37)	(34,33)	(34,34)	(34,35)	(34,36)	(35,34)	(35,35)	(35,36)	(36,34)	(36,35)	(36,36)	(36,37)	(37,34)	(37,35)	(38,33)	(38,35)	
(38,35):(25,32)	(26,32)	(28,32)	(28,33)	(29,31)	(29,32)	(29,33)	(30,31)	(30,32)	(30,33)	(31,32)	(31,33)	(32,32)	(32,33)	(33,33)	(33,34)	(34,33)	(34,34)	(34,35)	(35,34)	(35,35)	(36,34)	(36,35)	(37,34)	(37,35)	(38,33)	(38,35)	
(37,35):34.420456
(37,38):21.049999
(36,38):5.666667
(36,37):26.900000
(33,37):19.750000
(33,34):50.821430
(30,34):58.000000
(30,36):38.000000
(24,36):65.190475
(24,27):38.700001
(23,27):16.250000
(23,22):27.299999
(25,22):51.599998
(25,18):99.571426
(20,18):112.427269
(20,28):49.750000
(16,28):42.716667
(16,30):8.400000
(14,30):2.500000
(14,29):2.000000
(15,29):30.671717
(15,25):41.708332
(11,25):27.500000
(11,24):37.775002
(10,24):25.892857
(10,19):28.400000
(7,19):25.000000
(7,13):64.176392
(3,13):59.500000
(3,15):14.000000
(1,15):2.500000
(1,14):2.000000
(2,14):47.500000
(2,2):58.016666
(4,2):23.901516
(4,3):58.375523
(5,3):31.736364
(5,4):59.330555
(6,4):37.533333
(6,5):62.040405
(8,5):55.083332
(8,16):35.796913
(9,16):6.000000
(9,17):20.500000
(13,17):23.000000
(13,21):17.000000
(12,21):22.750000
(12,23):40.250000
(17,23):54.516666
(17,11):20.555555
(18,11):18.041666
(18,20):38.666668
(19,20):72.972221
(19,10):68.666664
(21,10):108.816666
(21,1):31.400000
(22,1):20.555555
(22,6):104.073807
(32,6):45.722729
(32,7):37.171211
(35,7):19.333334
(35,8):23.576923
(29,8):46.642857
(29,9):24.214285
(27,9):86.359528
(27,12):40.599998
(26,12):111.750000
(26,32):83.178574
(28,32):59.866665
(28,26):30.700001
(31,26):31.750000
(31,31):59.250000
(34,31):37.000000
(34,33):51.500000
(38,33):28.250000
(38,35):24.400000
(37,35),(37,38):17.000000
(37,35),(36,38):5.666667
(37,35),(36,37):22.500000
(37,35),(33,37):18.083334
(37,35),(33,34):33.920456
(37,35),(30,34):20.420454
(37,35),(30,36):8.212121
(37,35),(24,36):11.752200
(37,35),(24,27):0.559343
(37,35),(23,27):0.000000
(37,35),(23,22):0.279366
(37,35),(25,22):0.548660
(37,35),(25,18):0.263636
(37,35),(20,18):0.000000
(37,35),(20,28):0.000000
(37,35),(16,28):0.000000
(37,35),(16,30):0.000000
(37,35),(14,30):0.000000
(37,35),(14,29):0.000000
(37,35),(15,29):0.000000
(37,35),(15,25):0.000000
(37,35),(11,25):0.000000
(37,35),(11,24):0.000000
(37,35),(10,24):0.000000
(37,35),(10,19):0.000000
(37,35),(7,19):0.000000
(37,35),(7,13):0.000000
(37,35),(3,13):0.000000
(37,35),(3,15):0.000000
(37,35),(1,15):0.000000
(37,35),(1,14):0.000000
(37,35),(2,14):0.000000
(37,35),(2,2):0.000000
(37,35),(4,2):0.000000
(37,35),(4,3):0.000000
(37,35),(5,3):0.000000
(37,35),(5,4):0.000000
(37,35),(6,4):0.000000
(37,35),(6,5):0.000000
(37,35),(8,5):0.000000
(37,35),(8,16):0.000000
(37,35),(9,16):0.000000
(37,35),(9,17):0.000000
(37,35),(13,17):0.000000
(37,35),(13,21):0.000000
(37,35),(12,21):0.000000
(37,35),(12,23):0.000000
(37,35),(17,23):0.000000
(37,35),(17,11):0.000000
(37,35),(18,11):0.000000
(37,35),(18,20):0.000000
(37,35),(19,20):0.000000
(37,35),(19,10):0.000000
(37,35),(21,10):0.000000
(37,35),(21,1):0.000000
(37,35),(22,1):0.000000
(37,35),(22,6):0.000000
(37,35),(32,6):0.000000
(37,35),(32,7):0.000000
(37,35),(35,7):0.000000
(37,35),(35,8):0.000000
(37,35),(29,8):0.000000
(37,35),(29,9):0.000000
(37,35),(27,9):0.000000
(37,35),(27,12):0.000000
(37,35),(26,12):0.534022
(37,35),(26,32):15.956169
(37,35),(28,32):22.866667
(37,35),(28,26):11.580882
(37,35),(31,26):9.500000
(37,35),(31,31):24.940475
(37,35),(34,31):15.550000
(37,35),(34,33):33.875000
(37,35),(38,33):19.000000
(37,35),(38,35):22.375000
(37,38),(36,38):5.000000
(37,38),(36,37):21.049999
(37,38),(33,37):12.333333
(37,38),(33,34):20.549999
(37,38),(30,34):12.550000
(37,38),(30,36):2.666667
(37,38),(24,36):5.613034
(37,38),(24,27):0.000000
(37,38),(23,27):0.000000
(37,38),(23,22):0.000000
(37,38),(25,22):0.000000
(37,38),(25,18):0.000000
(37,38),(20,18):0.000000
(37,38),(20,28):0.000000
(37,38),(16,28):0.000000
(37,38),(16,30):0.000000
(37,38),(14,30):0.000000
(37,38),(14,29):0.000000
(37,38),(15,29):0.000000
(37,38),(15,25):0.000000
(37,38),(11,25):0.000000
(37,38),(11,24):0.000000
(37,38),(10,24):0.000000
(37,38),(10,19):0.000000
(37,38),(7,19):0.000000
(37,38),(7,13):0.000000
(37,38),(3,13):0.000000
(37,38),(3,15):0.000000
(37,38),(1,15):0.000000
(37,38),(1,14):0.000000
(37,38),(2,14):0.000000
(37,38),(2,2):0.000000
(37,38),(4,2):0.000000
(37,38),(4,3):0.000000
(37,38),(5,3):0.000000
(37,38),(5,4):0.000000
(37,38),(6,4):0.000000
(37,38),(6,5):0.000000
(37,38),(8,5):0.000000
(37,38),(8,16):0.000000
(37,38),(9,16):0.000000
(37,38),(9,17):0.000000
(37,38),(13,17):0.000000
(37,38),(13,21):0.000000
(37,38),(12,21):0.000000
(37,38),(12,23):0.000000
(37,38),(17,23):0.000000
(37,38),(17,11):0.000000
(37,38),(18,11):0.000000
(37,38),(18,20):0.000000
(37,38),(19,20):0.000000
(37,38),(19,10):0.000000
(37,38),(21,10):0.000000
(37,38),(21,1):0.000000
(37,38),(22,1):0.000000
(37,38),(22,6):0.000000
(37,38),(32,6):0.000000
(37,38),(32,7):0.000000
(37,38),(35,7):0.000000
(37,38),(35,8):0.000000
(37,38),(29,8):0.000000
(37,38),(29,9):0.000000
(37,38),(27,9):0.000000
(37,38),(27,12):0.000000
(37,38),(26,12):0.000000
(37,38),(26,32):8.423214
(37,38),(28,32):15.000000
(37,38),(28,26):4.500000
(37,38),(31,26):3.750000
(37,38),(31,31):17.633333
(37,38),(34,31):6.800000
(37,38),(34,33):18.549999
(37,38),(38,33):11.000000
(37,38),(38,35):10.000000
(36,38),(36,37):5.666667
(36,38),(33,37):4.666667
(36,38),(33,34):5.166667
(36,38),(30,34):1.500000
(36,38),(30,36):0.000000
(36,38),(24,36):0.000000
(36,38),(24,27):0.000000
(36,38),(23,27):0.000000
(36,38),(23,22):0.000000
(36,38),(25,22):0.000000
(36,38),(25,18):0.000000
(36,38),(20,18):0.000000
(36,38),(20,28):0.000000
(36,38),(16,28):0.000000
(36,38),(16,30):0.000000
(36,38),(14,30):0.000000
(36,38),(14,29):0.000000
(36,38),(15,29):0.000000
(36,38),(15,25):0.000000
(36,38),(11,25):0.000000
(36,38),(11,24):0.000000
(36,38),(10,24):0.000000
(36,38),(10,19):0.000000
(36,38),(7,19):0.000000
(36,38),(7,13):0.000000
(36,38),(3,13):0.000000
(36,38),(3,15):0.000000
(36,38),(1,15):0.000000
(36,38),(1,14):0.000000
(36,38),(2,14):0.000000
(36,38),(2,2):0.000000
(36,38),(4,2):0.000000
(36,38),(4,3):0.000000
(36,38),(5,3):0.000000
(36,38),(5,4):0.000000
(36,38),(6,4):0.000000
(36,38),(6,5):0.000000
(36,38),(8,5):0.000000
(36,38),(8,16):0.000000
(36,38),(9,16):0.000000
(36,38),(9,17):0.000000
(36,38),(13,17):0.000000
(36,38),(13,21):0.000000
(36,38),(12,21):0.000000
(36,38),(12,23):0.000000
(36,38),(17,23):0.000000
(36,38),(17,11):0.000000
(36,38),(18,11):0.000000
(36,38),(18,20):0.000000
(36,38),(19,20):0.000000
(36,38),(19,10):0.000000
(36,38),(21,10):0.000000
(36,38),(21,1):0.000000
(36,38),(22,1):0.000000
(36,38),(22,6):0.000000
(36,38),(32,6):0.000000
(36,38),(32,7):0.000000
(36,38),(35,7):0.000000
(36,38),(35,8):0.000000
(36,38),(29,8):0.000000
(36,38),(29,9):0.000000
(36,38),(27,9):0.000000
(36,38),(27,12):0.000000
(36,38),(26,12):0.000000
(36,38),(26,32):2.110000
(36,38),(28,32):2.338597
(36,38),(28,26):0.000000
(36,38),(31,26):0.000000
(36,38),(31,31):2.916667
(36,38),(34,31):0.000000
(36,38),(34,33):5.416667
(36,38),(38,33):3.666667
(36,38),(38,35):2.666667
(36,37),(33,37):18.000000
(36,37),(33,34):26.400000
(36,37),(30,34):13.650000
(36,37),(30,36):2.800000
(36,37),(24,36):5.823052
(36,37),(24,27):0.000000
(36,37),(23,27):0.000000
(36,37),(23,22):0.000000
(36,37),(25,22):0.000000
(36,37),(25,18):0.000000
(36,37),(20,18):0.000000
(36,37),(20,28):0.000000
(36,37),(16,28):0.000000
(36,37),(16,30):0.000000
(36,37),(14,30):0.000000
(36,37),(14,29):0.000000
(36,37),(15,29):0.000000
(36,37),(15,25):0.000000
(36,37),(11,25):0.000000
(36,37),(11,24):0.000000
(36,37),(10,24):0.000000
(36,37),(10,19):0.000000
(36,37),(7,19):0.000000
(36,37),(7,13):0.000000
(36,37),(3,13):0.000000
(36,37),(3,15):0.000000
(36,37),(1,15):0.000000
(36,37),(1,14):0.000000
(36,37),(2,14):0.000000
(36,37),(2,2):0.000000
(36,37),(4,2):0.000000
(36,37),(4,3):0.000000
(36,37),(5,3):0.000000
(36,37),(5,4):0.000000
(36,37),(6,4):0.000000
(36,37),(6,5):0.000000
(36,37),(8,5):0.000000
(36,37),(8,16):0.000000
(36,37),(9,16):0.000000
(36,37),(9,17):0.000000
(36,37),(13,17):0.000000
(36,37),(13,21):0.000000
(36,37),(12,21):0.000000
(36,37),(12,23):0.000000
(36,37),(17,23):0.000000
(36,37),(17,11):0.000000
(36,37),(18,11):0.000000
(36,37),(18,20):0.000000
(36,37),(19,20):0.000000
(36,37),(19,10):0.000000
(36,37),(21,10):0.000000
(36,37),(21,1):0.000000
(36,37),(22,1):0.000000
(36,37),(22,6):0.000000
(36,37),(32,6):0.000000
(36,37),(32,7):0.000000
(36,37),(35,7):0.000000
(36,37),(35,8):0.000000
(36,37),(29,8):0.000000
(36,37),(29,9):0.000000
(36,37),(27,9):0.000000
(36,37),(27,12):0.000000
(36,37),(26,12):0.000000
(36,37),(26,32):9.094538
(36,37),(28,32):15.869231
(36,37),(28,26):4.650000
(36,37),(31,26):3.900000
(36,37),(31,31):19.483334
(36,37),(34,31):9.500000
(36,37),(34,33):24.250000
(36,37),(38,33):16.500000
(36,37),(38,35):11.500000
(33,37),(33,34):19.750000
(33,37),(30,34):7.000000
(33,37),(30,36):0.000000
(33,37),(24,36):1.833333
(33,37),(24,27):0.000000
(33,37),(23,27):0.000000
(33,37),(23,22):0.000000
(33,37),(25,22):0.000000
(33,37),(25,18):0.000000
(33,37),(20,18):0.000000
(33,37),(20,28):0.000000
(33,37),(16,28):0.000000
(33,37),(16,30):0.000000
(33,37),(14,30):0.000000
(33,37),(14,29):0.000000
(33,37),(15,29):0.000000
(33,37),(15,25):0.000000
(33,37),(11,25):0.000000
(33,37),(11,24):0.000000
(33,37),(10,24):0.000000
(33,37),(10,19):0.000000
(33,37),(7,19):0.000000
(33,37),(7,13):0.000000
(33,37),(3,13):0.000000
(33,37),(3,15):0.000000
(33,37),(1,15):0.000000
(33,37),(1,14):0.000000
(33,37),(2,14):0.000000
(33,37),(2,2):0.000000
(33,37),(4,2):0.000000
(33,37),(4,3):0.000000
(33,37),(5,3):0.000000
(33,37),(5,4):0.000000
(33,37),(6,4):0.000000
(33,37),(6,5):0.000000
(33,37),(8,5):0.000000
(33,37),(8,16):0.000000
(33,37),(9,16):0.000000
(33,37),(9,17):0.000000
(33,37),(13,17):0.000000
(33,37),(13,21):0.000000
(33,37),(12,21):0.000000
(33,37),(12,23):0.000000
(33,37),(17,23):0.000000
(33,37),(17,11):0.000000
(33,37),(18,11):0.000000
(33,37),(18,20):0.000000
(33,37),(19,20):0.000000
(33,37),(19,10):0.000000
(33,37),(21,10):0.000000
(33,37),(21,1):0.000000
(33,37),(22,1):0.000000
(33,37),(22,6):0.000000
(33,37),(32,6):0.000000
(33,37),(32,7):0.000000
(33,37),(35,7):0.000000
(33,37),(35,8):0.000000
(33,37),(29,8):0.000000
(33,37),(29,9):0.000000
(33,37),(27,9):0.000000
(33,37),(27,12):0.000000
(33,37),(26,12):0.000000
(33,37),(26,32):8.035714
(33,37),(28,32):9.616667
(33,37),(28,26):0.000000
(33,37),(31,26):0.000000
(33,37),(31,31):12.000000
(33,37),(34,31):6.000000
(33,37),(34,33):19.750000
(33,37),(38,33):16.750000
(33,37),(38,35):10.000000
(33,34),(30,34):37.321430
(33,34),(30,36):20.571428
(33,34),(24,36):24.604761
(33,34),(24,27):5.371428
(33,34),(23,27):0.000000
(33,34),(23,22):2.351515
(33,34),(25,22):4.771429
(33,34),(25,18):2.285714
(33,34),(20,18):0.000000
(33,34),(20,28):0.000000
(33,34),(16,28):0.000000
(33,34),(16,30):0.000000
(33,34),(14,30):0.000000
(33,34),(14,29):0.000000
(33,34),(15,29):0.000000
(33,34),(15,25):0.000000
(33,34),(11,25):0.000000
(33,34),(11,24):0.000000
(33,34),(10,24):0.000000
(33,34),(10,19):0.000000
(33,34),(7,19):0.000000
(33,34),(7,13):0.000000
(33,34),(3,13):0.000000
(33,34),(3,15):0.000000
(33,34),(1,15):0.000000
(33,34),(1,14):0.000000
(33,34),(2,14):0.000000
(33,34),(2,2):0.000000
(33,34),(4,2):0.000000
(33,34),(4,3):0.000000
(33,34),(5,3):0.000000
(33,34),(5,4):0.000000
(33,34),(6,4):0.000000
(33,34),(6,5):0.000000
(33,34),(8,5):0.000000
(33,34),(8,16):0.000000
(33,34),(9,16):0.000000
(33,34),(9,17):0.000000
(33,34),(13,17):0.000000
(33,34),(13,21):0.000000
(33,34),(12,21):0.000000
(33,34),(12,23):0.000000
(33,34),(17,23):0.000000
(33,34),(17,11):0.000000
(33,34),(18,11):0.000000
(33,34),(18,20):0.000000
(33,34),(19,20):0.000000
(33,34),(19,10):0.000000
(33,34),(21,10):0.000000
(33,34),(21,1):0.000000
(33,34),(22,1):0.000000
(33,34),(22,6):0.000000
(33,34),(32,6):0.000000
(33,34),(32,7):0.000000
(33,34),(35,7):0.000000
(33,34),(35,8):0.000000
(33,34),(29,8):0.000000
(33,34),(29,9):0.000000
(33,34),(27,9):0.000000
(33,34),(27,12):0.000000
(33,34),(26,12):4.555555
(33,34),(26,32):26.857143
(33,34),(28,32):39.616665
(33,34),(28,26):18.450001
(33,34),(31,26):16.750000
(33,34),(31,31):39.583332
(33,34),(34,31):27.666666
(33,34),(34,33):46.750000
(33,34),(38,33):26.000000
(33,34),(38,35):24.400000
(30,34),(30,36):37.000000
(30,34),(24,36):37.833332
(30,34),(24,27):12.200000
(30,34),(23,27):0.000000
(30,34),(23,22):5.077778
(30,34),(25,22):9.800000
(30,34),(25,18):4.821429
(30,34),(20,18):0.000000
(30,34),(20,28):0.000000
(30,34),(16,28):0.000000
(30,34),(16,30):0.000000
(30,34),(14,30):0.000000
(30,34),(14,29):0.000000
(30,34),(15,29):0.000000
(30,34),(15,25):0.000000
(30,34),(11,25):0.000000
(30,34),(11,24):0.000000
(30,34),(10,24):0.000000
(30,34),(10,19):0.000000
(30,34),(7,19):0.000000
(30,34),(7,13):0.000000
(30,34),(3,13):0.000000
(30,34),(3,15):0.000000
(30,34),(1,15):0.000000
(30,34),(1,14):0.000000
(30,34),(2,14):0.000000
(30,34),(2,2):0.000000
(30,34),(4,2):0.000000
(30,34),(4,3):0.000000
(30,34),(5,3):0.000000
(30,34),(5,4):0.000000
(30,34),(6,4):0.000000
(30,34),(6,5):0.000000
(30,34),(8,5):0.000000
(30,34),(8,16):0.000000
(30,34),(9,16):0.000000
(30,34),(9,17):0.000000
(30,34),(13,17):0.000000
(30,34),(13,21):0.000000
(30,34),(12,21):0.000000
(30,34),(12,23):0.000000
(30,34),(17,23):0.000000
(30,34),(17,11):0.000000
(30,34),(18,11):0.000000
(30,34),(18,20):0.000000
(30,34),(19,20):0.000000
(30,34),(19,10):0.000000
(30,34),(21,10):0.000000
(30,34),(21,1):0.000000
(30,34),(22,1):0.000000
(30,34),(22,6):0.000000
(30,34),(32,6):0.000000
(30,34),(32,7):0.000000
(30,34),(35,7):0.000000
(30,34),(35,8):0.000000
(30,34),(29,8):0.000000
(30,34),(29,9):0.000000
(30,34),(27,9):0.000000
(30,34),(27,12):0.000000
(30,34),(26,12):8.952381
(30,34),(26,32):36.000000
(30,34),(28,32):55.666668
(30,34),(28,26):30.700001
(30,34),(31,26):31.750000
(30,34),(31,31):50.416668
(30,34),(34,31):34.000000
(30,34),(34,33):37.750000
(30,34),(38,33):16.250000
(30,34),(38,35):19.400000
(30,36),(24,36):28.000000
(30,36),(24,27):13.200000
(30,36),(23,27):0.000000
(30,36),(23,22):5.425000
(30,36),(25,22):10.800000
(30,36),(25,18):5.071429
(30,36),(20,18):0.000000
(30,36),(20,28):0.000000
(30,36),(16,28):0.000000
(30,36),(16,30):0.000000
(30,36),(14,30):0.000000
(30,36),(14,29):0.000000
(30,36),(15,29):0.000000
(30,36),(15,25):0.000000
(30,36),(11,25):0.000000
(30,36),(11,24):0.000000
(30,36),(10,24):0.000000
(30,36),(10,19):0.000000
(30,36),(7,19):0.000000
(30,36),(7,13):0.000000
(30,36),(3,13):0.000000
(30,36),(3,15):0.000000
(30,36),(1,15):0.000000
(30,36),(1,14):0.000000
(30,36),(2,14):0.000000
(30,36),(2,2):0.000000
(30,36),(4,2):0.000000
(30,36),(4,3):0.000000
(30,36),(5,3):0.000000
(30,36),(5,4):0.000000
(30,36),(6,4):0.000000
(30,36),(6,5):0.000000
(30,36),(8,5):0.000000
(30,36),(8,16):0.000000
(30,36),(9,16):0.000000
(30,36),(9,17):0.000000
(30,36),(13,17):0.000000
(30,36),(13,21):0.000000
(30,36),(12,21):0.000000
(30,36),(12,23):0.000000
(30,36),(17,23):0.000000
(30,36),(17,11):0.000000
(30,36),(18,11):0.000000
(30,36),(18,20):0.000000
(30,36),(19,20):0.000000
(30,36),(19,10):0.000000
(30,36),(21,10):0.000000
(30,36),(21,1):0.000000
(30,36),(22,1):0.000000
(30,36),(22,6):0.000000
(30,36),(32,6):0.000000
(30,36),(32,7):0.000000
(30,36),(35,7):0.000000
(30,36),(35,8):0.000000
(30,36),(29,8):0.000000
(30,36),(29,9):0.000000
(30,36),(27,9):0.000000
(30,36),(27,12):0.000000
(30,36),(26,12):9.818182
(30,36),(26,32):26.000000
(30,36),(28,32):36.000000
(30,36),(28,26):20.000000
(30,36),(31,26):23.750000
(30,36),(31,31):32.666668
(30,36),(34,31):22.000000
(30,36),(34,33):21.416666
(30,36),(38,33):8.250000
(30,36),(38,35):8.300000
(24,36),(24,27):33.700001
(24,36),(23,27):11.250000
(24,36),(23,22):22.299999
(24,36),(25,22):37.157143
(24,36),(25,18):22.928572
(24,36),(20,18):4.928571
(24,36),(20,28):0.000000
(24,36),(16,28):0.000000
(24,36),(16,30):0.000000
(24,36),(14,30):0.000000
(24,36),(14,29):0.000000
(24,36),(15,29):0.000000
(24,36),(15,25):0.000000
(24,36),(11,25):0.000000
(24,36),(11,24):0.000000
(24,36),(10,24):0.000000
(24,36),(10,19):0.000000
(24,36),(7,19):0.000000
(24,36),(7,13):0.000000
(24,36),(3,13):0.000000
(24,36),(3,15):0.000000
(24,36),(1,15):0.000000
(24,36),(1,14):0.000000
(24,36),(2,14):0.000000
(24,36),(2,2):0.000000
(24,36),(4,2):0.000000
(24,36),(4,3):0.000000
(24,36),(5,3):0.000000
(24,36),(5,4):0.000000
(24,36),(6,4):0.000000
(24,36),(6,5):0.000000
(24,36),(8,5):0.000000
(24,36),(8,16):0.000000
(24,36),(9,16):0.000000
(24,36),(9,17):0.000000
(24,36),(13,17):0.000000
(24,36),(13,21):0.000000
(24,36),(12,21):0.000000
(24,36),(12,23):0.000000
(24,36),(17,23):0.000000
(24,36),(17,11):0.000000
(24,36),(18,11):0.000000
(24,36),(18,20):0.000000
(24,36),(19,20):0.000000
(24,36),(19,10):4.212215
(24,36),(21,10):5.857143
(24,36),(21,1):0.000000
(24,36),(22,1):0.000000
(24,36),(22,6):6.801587
(24,36),(32,6):1.200034
(24,36),(32,7):1.008014
(24,36),(35,7):0.497383
(24,36),(35,8):0.690476
(24,36),(29,8):1.168737
(24,36),(29,9):1.017857
(24,36),(27,9):2.084416
(24,36),(27,12):1.928571
(24,36),(26,12):31.357143
(24,36),(26,32):56.333332
(24,36),(28,32):36.833332
(24,36),(28,26):16.111111
(24,36),(31,26):18.083334
(24,36),(31,31):33.500000
(24,36),(34,31):30.833334
(24,36),(34,33):28.383333
(24,36),(38,33):9.750000
(24,36),(38,35):12.029166
(24,27),(23,27):16.250000
(24,27),(23,22):27.299999
(24,27),(25,22):36.299999
(24,27),(25,18):17.071428
(24,27),(20,18):0.100000
(24,27),(20,28):0.000000
(24,27),(16,28):0.000000
(24,27),(16,30):0.000000
(24,27),(14,30):0.000000
(24,27),(14,29):0.000000
(24,27),(15,29):0.000000
(24,27),(15,25):0.000000
(24,27),(11,25):0.000000
(24,27),(11,24):0.000000
(24,27),(10,24):0.000000
(24,27),(10,19):0.000000
(24,27),(7,19):0.000000
(24,27),(7,13):0.000000
(24,27),(3,13):0.000000
(24,27),(3,15):0.000000
(24,27),(1,15):0.000000
(24,27),(1,14):0.000000
(24,27),(2,14):0.000000
(24,27),(2,2):0.000000
(24,27),(4,2):0.000000
(24,27),(4,3):0.000000
(24,27),(5,3):0.000000
(24,27),(5,4):0.000000
(24,27),(6,4):0.000000
(24,27),(6,5):0.000000
(24,27),(8,5):0.000000
(24,27),(8,16):0.000000
(24,27),(9,16):0.000000
(24,27),(9,17):0.000000
(24,27),(13,17):0.000000
(24,27),(13,21):0.000000
(24,27),(12,21):0.000000
(24,27),(12,23):0.000000
(24,27),(17,23):0.000000
(24,27),(17,11):0.000000
(24,27),(18,11):0.000000
(24,27),(18,20):0.000000
(24,27),(19,20):0.000000
(24,27),(19,10):0.429825
(24,27),(21,10):0.642857
(24,27),(21,1):0.000000
(24,27),(22,1):0.000000
(24,27),(22,6):1.388889
(24,27),(32,6):0.000000
(24,27),(32,7):0.000000
(24,27),(35,7):0.000000
(24,27),(35,8):0.000000
(24,27),(29,8):0.000000
(24,27),(29,9):0.000000
(24,27),(27,9):0.000000
(24,27),(27,12):0.000000
(24,27),(26,12):25.500000
(24,27),(26,32):37.450001
(24,27),(28,32):11.200000
(24,27),(28,26):0.000000
(24,27),(31,26):1.422222
(24,27),(31,31):9.121569
(24,27),(34,31):10.158654
(24,27),(34,33):8.386364
(24,27),(38,33):4.240476
(24,27),(38,35):1.378261
(23,27),(23,22):15.000000
(23,27),(25,22):16.250000
(23,27),(25,18):6.250000
(23,27),(20,18):0.000000
(23,27),(20,28):0.000000
(23,27),(16,28):0.000000
(23,27),(16,30):0.000000
(23,27),(14,30):0.000000
(23,27),(14,29):0.000000
(23,27),(15,29):0.000000
(23,27),(15,25):0.000000
(23,27),(11,25):0.000000
(23,27),(11,24):0.000000
(23,27),(10,24):0.000000
(23,27),(10,19):0.000000
(23,27),(7,19):0.000000
(23,27),(7,13):0.000000
(23,27),(3,13):0.000000
(23,27),(3,15):0.000000
(23,27),(1,15):0.000000
(23,27),(1,14):0.000000
(23,27),(2,14):0.000000
(23,27),(2,2):0.000000
(23,27),(4,2):0.000000
(23,27),(4,3):0.000000
(23,27),(5,3):0.000000
(23,27),(5,4):0.000000
(23,27),(6,4):0.000000
(23,27),(6,5):0.000000
(23,27),(8,5):0.000000
(23,27),(8,16):0.000000
(23,27),(9,16):0.000000
(23,27),(9,17):0.000000
(23,27),(13,17):0.000000
(23,27),(13,21):0.000000
(23,27),(12,21):0.000000
(23,27),(12,23):0.000000
(23,27),(17,23):0.000000
(23,27),(17,11):0.000000
(23,27),(18,11):0.000000
(23,27),(18,20):0.000000
(23,27),(19,20):0.000000
(23,27),(19,10):0.000000
(23,27),(21,10):0.027778
(23,27),(21,1):0.000000
(23,27),(22,1):0.000000
(23,27),(22,6):0.480769
(23,27),(32,6):0.000000
(23,27),(32,7):0.000000
(23,27),(35,7):0.000000
(23,27),(35,8):0.000000
(23,27),(29,8):0.000000
(23,27),(29,9):0.000000
(23,27),(27,9):0.000000
(23,27),(27,12):0.000000
(23,27),(26,12):7.500000
(23,27),(26,32):15.000000
(23,27),(28,32):0.000000
(23,27),(28,26):0.000000
(23,27),(31,26):0.000000
(23,27),(31,31):0.000000
(23,27),(34,31):0.000000
(23,27),(34,33):0.000000
(23,27),(38,33):0.000000
(23,27),(38,35):0.000000
(23,22),(25,22):25.700001
(23,22),(25,18):12.971429
(23,22),(20,18):0.000000
(23,22),(20,28):0.000000
(23,22),(16,28):0.000000
(23,22),(16,30):0.000000
(23,22),(14,30):0.000000
(23,22),(14,29):0.000000
(23,22),(15,29):0.000000
(23,22),(15,25):0.000000
(23,22),(11,25):0.000000
(23,22),(11,24):0.000000
(23,22),(10,24):0.000000
(23,22),(10,19):0.000000
(23,22),(7,19):0.000000
(23,22),(7,13):0.000000
(23,22),(3,13):0.000000
(23,22),(3,15):0.000000
(23,22),(1,15):0.000000
(23,22),(1,14):0.000000
(23,22),(2,14):0.000000
(23,22),(2,2):0.000000
(23,22),(4,2):0.000000
(23,22),(4,3):0.000000
(23,22),(5,3):0.000000
(23,22),(5,4):0.000000
(23,22),(6,4):0.000000
(23,22),(6,5):0.000000
(23,22),(8,5):0.000000
(23,22),(8,16):0.000000
(23,22),(9,16):0.000000
(23,22),(9,17):0.000000
(23,22),(13,17):0.000000
(23,22),(13,21):0.000000
(23,22),(12,21):0.000000
(23,22),(12,23):0.000000
(23,22),(17,23):0.000000
(23,22),(17,11):0.000000
(23,22),(18,11):0.000000
(23,22),(18,20):0.000000
(23,22),(19,20):0.000000
(23,22),(19,10):0.000000
(23,22),(21,10):0.000000
(23,22),(21,1):0.000000
(23,22),(22,1):0.000000
(23,22),(22,6):0.000000
(23,22),(32,6):0.000000
(23,22),(32,7):0.000000
(23,22),(35,7):0.000000
(23,22),(35,8):0.000000
(23,22),(29,8):0.000000
(23,22),(29,9):0.000000
(23,22),(27,9):0.000000
(23,22),(27,12):0.000000
(23,22),(26,12):15.733334
(23,22),(26,32):26.049999
(23,22),(28,32):4.800000
(23,22),(28,26):0.000000
(23,22),(31,26):0.900000
(23,22),(31,31):3.999811
(23,22),(34,31):4.391654
(23,22),(34,33):3.438964
(23,22),(38,33):1.743858
(23,22),(38,35):0.672359
(25,22),(25,18):32.371429
(25,22),(20,18):13.800000
(25,22),(20,28):0.000000
(25,22),(16,28):0.000000
(25,22),(16,30):0.000000
(25,22),(14,30):0.000000
(25,22),(14,29):0.000000
(25,22),(15,29):0.171717
(25,22),(15,25):0.000000
(25,22),(11,25):0.000000
(25,22),(11,24):0.000000
(25,22),(10,24):0.000000
(25,22),(10,19):0.000000
(25,22),(7,19):0.000000
(25,22),(7,13):0.000000
(25,22),(3,13):0.000000
(25,22),(3,15):0.000000
(25,22),(1,15):0.000000
(25,22),(1,14):0.000000
(25,22),(2,14):0.000000
(25,22),(2,2):0.000000
(25,22),(4,2):0.000000
(25,22),(4,3):0.000000
(25,22),(5,3):0.000000
(25,22),(5,4):0.000000
(25,22),(6,4):0.000000
(25,22),(6,5):0.000000
(25,22),(8,5):0.000000
(25,22),(8,16):0.000000
(25,22),(9,16):0.000000
(25,22),(9,17):0.000000
(25,22),(13,17):0.000000
(25,22),(13,21):0.000000
(25,22),(12,21):0.000000
(25,22),(12,23):0.000000
(25,22),(17,23):0.000000
(25,22),(17,11):0.000000
(25,22),(18,11):0.000000
(25,22),(18,20):0.000000
(25,22),(19,20):1.000000
(25,22),(19,10):8.866667
(25,22),(21,10):14.800000
(25,22),(21,1):0.000000
(25,22),(22,1):0.000000
(25,22),(22,6):15.800000
(25,22),(32,6):5.393617
(25,22),(32,7):4.501150
(25,22),(35,7):2.210452
(25,22),(35,8):3.000000
(25,22),(29,8):5.221053
(25,22),(29,9):4.350000
(25,22),(27,9):9.300000
(25,22),(27,12):7.800000
(25,22),(26,12):40.799999
(25,22),(26,32):48.549999
(25,22),(28,32):8.800000
(25,22),(28,26):0.000000
(25,22),(31,26):0.133333
(25,22),(31,31):6.778495
(25,22),(34,31):7.794536
(25,22),(34,33):7.189024
(25,22),(38,33):3.508642
(25,22),(38,35):1.318367
(25,18),(20,18):78.333336
(25,18),(20,28):8.000000
(25,18),(16,28):4.800000
(25,18),(16,30):0.000000
(25,18),(14,30):0.000000
(25,18),(14,29):0.000000
(25,18),(15,29):2.060606
(25,18),(15,25):0.000000
(25,18),(11,25):0.000000
(25,18),(11,24):0.000000
(25,18),(10,24):0.000000
(25,18),(10,19):0.000000
(25,18),(7,19):0.000000
(25,18),(7,13):0.000000
(25,18),(3,13):0.000000
(25,18),(3,15):0.000000
(25,18),(1,15):0.000000
(25,18),(1,14):0.000000
(25,18),(2,14):0.000000
(25,18),(2,2):0.000000
(25,18),(4,2):0.000000
(25,18),(4,3):0.000000
(25,18),(5,3):0.000000
(25,18),(5,4):0.000000
(25,18),(6,4):0.000000
(25,18),(6,5):0.000000
(25,18),(8,5):0.000000
(25,18),(8,16):0.000000
(25,18),(9,16):0.000000
(25,18),(9,17):0.000000
(25,18),(13,17):0.000000
(25,18),(13,21):0.000000
(25,18),(12,21):0.000000
(25,18),(12,23):0.000000
(25,18),(17,23):0.000000
(25,18),(17,11):0.000000
(25,18),(18,11):0.000000
(25,18),(18,20):0.000000
(25,18),(19,20):38.444443
(25,18),(19,10):57.000000
(25,18),(21,10):82.000000
(25,18),(21,1):28.400000
(25,18),(22,1):17.555555
(25,18),(22,6):75.000000
(25,18),(32,6):33.639393
(25,18),(32,7):22.877094
(25,18),(35,7):10.616667
(25,18),(35,8):11.743589
(25,18),(29,8):30.824675
(25,18),(29,9):17.464285
(25,18),(27,9):72.966667
(25,18),(27,12):37.599998
(25,18),(26,12):97.750000
(25,18),(26,32):35.714287
(25,18),(28,32):4.571429
(25,18),(28,26):0.000000
(25,18),(31,26):0.071429
(25,18),(31,31):3.722591
(25,18),(34,31):4.150840
(25,18),(34,33):3.503289
(25,18),(38,33):1.748025
(25,18),(38,35):0.638043
(20,18),(20,28):34.000000
(20,18),(16,28):31.477272
(20,18),(16,30):2.427273
(20,18),(14,30):0.927273
(20,18),(14,29):0.627273
(20,18),(15,29):20.598989
(20,18),(15,25):24.200001
(20,18),(11,25):7.450000
(20,18),(11,24):9.602273
(20,18),(10,24):3.373626
(20,18),(10,19):0.000000
(20,18),(7,19):0.000000
(20,18),(7,13):0.000000
(20,18),(3,13):0.000000
(20,18),(3,15):0.000000
(20,18),(1,15):0.000000
(20,18),(1,14):0.000000
(20,18),(2,14):0.000000
(20,18),(2,2):0.000000
(20,18),(4,2):0.000000
(20,18),(4,3):0.000000
(20,18),(5,3):0.000000
(20,18),(5,4):0.000000
(20,18),(6,4):0.000000
(20,18),(6,5):0.000000
(20,18),(8,5):0.000000
(20,18),(8,16):0.000000
(20,18),(9,16):0.000000
(20,18),(9,17):0.000000
(20,18),(13,17):0.000000
(20,18),(13,21):0.000000
(20,18),(12,21):0.000000
(20,18),(12,23):13.687500
(20,18),(17,23):26.116667
(20,18),(17,11):8.373737
(20,18),(18,11):5.991667
(20,18),(18,20):24.866667
(20,18),(19,20):65.922226
(20,18),(19,10):67.500000
(20,18),(21,10):95.150002
(20,18),(21,1):26.400000
(20,18),(22,1):15.555555
(20,18),(22,6):85.523811
(20,18),(32,6):36.972729
(20,18),(32,7):25.908558
(20,18),(35,7):11.822843
(20,18),(35,8):14.365273
(20,18),(29,8):34.034481
(20,18),(29,9):20.541920
(20,18),(27,9):78.379288
(20,18),(27,12):38.630436
(20,18),(26,12):82.657898
(20,18),(26,32):17.142857
(20,18),(28,32):0.000000
(20,18),(28,26):0.000000
(20,18),(31,26):0.000000
(20,18),(31,31):0.000000
(20,18),(34,31):0.000000
(20,18),(34,33):0.000000
(20,18),(38,33):0.000000
(20,18),(38,35):0.000000
(20,28),(16,28):35.277779
(20,28),(16,30):5.400000
(20,28),(14,30):0.000000
(20,28),(14,29):0.000000
(20,28),(15,29):25.625000
(20,28),(15,25):33.250000
(20,28),(11,25):15.012500
(20,28),(11,24):17.625000
(20,28),(10,24):8.559524
(20,28),(10,19):0.464286
(20,28),(7,19):0.000000
(20,28),(7,13):0.000000
(20,28),(3,13):0.000000
(20,28),(3,15):0.000000
(20,28),(1,15):0.000000
(20,28),(1,14):0.000000
(20,28),(2,14):0.000000
(20,28),(2,2):0.000000
(20,28),(4,2):0.000000
(20,28),(4,3):0.000000
(20,28),(5,3):0.000000
(20,28),(5,4):0.000000
(20,28),(6,4):0.000000
(20,28),(6,5):0.000000
(20,28),(8,5):0.000000
(20,28),(8,16):0.000000
(20,28),(9,16):0.000000
(20,28),(9,17):0.000000
(20,28),(13,17):0.356345
(20,28),(13,21):0.000000
(20,28),(12,21):0.450000
(20,28),(12,23):22.000000
(20,28),(17,23):40.083332
(20,28),(17,11):13.555555
(20,28),(18,11):11.041667
(20,28),(18,20):30.166666
(20,28),(19,20):41.000000
(20,28),(19,10):18.000000
(20,28),(21,10):18.150000
(20,28),(21,1):0.000000
(20,28),(22,1):0.000000
(20,28),(22,6):10.523809
(20,28),(32,6):2.954545
(20,28),(32,7):0.757576
(20,28),(35,7):0.000000
(20,28),(35,8):0.000000
(20,28),(29,8):2.375000
(20,28),(29,9):0.000000
(20,28),(27,9):8.392858
(20,28),(27,12):2.000000
(20,28),(26,12):8.500000
(20,28),(26,32):0.000000
(20,28),(28,32):0.000000
(20,28),(28,26):0.000000
(20,28),(31,26):0.000000
(20,28),(31,31):0.000000
(20,28),(34,31):0.000000
(20,28),(34,33):0.000000
(20,28),(38,33):0.000000
(20,28),(38,35):0.000000
(16,28),(16,30):7.900000
(16,28),(14,30):2.000000
(16,28),(14,29):1.500000
(16,28),(15,29):28.250000
(16,28),(15,25):32.166668
(16,28),(11,25):12.166667
(16,28),(11,24):14.541667
(16,28),(10,24):6.142857
(16,28),(10,19):0.000000
(16,28),(7,19):0.000000
(16,28),(7,13):0.000000
(16,28),(3,13):0.000000
(16,28),(3,15):0.000000
(16,28),(1,15):0.000000
(16,28),(1,14):0.000000
(16,28),(2,14):0.000000
(16,28),(2,2):0.000000
(16,28),(4,2):0.000000
(16,28),(4,3):0.000000
(16,28),(5,3):0.000000
(16,28),(5,4):0.000000
(16,28),(6,4):0.000000
(16,28),(6,5):0.000000
(16,28),(8,5):0.000000
(16,28),(8,16):0.000000
(16,28),(9,16):0.000000
(16,28),(9,17):0.000000
(16,28),(13,17):0.000000
(16,28),(13,21):0.000000
(16,28),(12,21):0.000000
(16,28),(12,23):18.916666
(16,28),(17,23):36.683334
(16,28),(17,11):11.055555
(16,28),(18,11):8.541667
(16,28),(18,20):29.166666
(16,28),(19,20):37.622223
(16,28),(19,10):12.050000
(16,28),(21,10):14.200000
(16,28),(21,1):1.835507
(16,28),(22,1):1.524292
(16,28),(22,6):12.573810
(16,28),(32,6):2.786842
(16,28),(32,7):2.004212
(16,28),(35,7):0.969246
(16,28),(35,8):1.050000
(16,28),(29,8):2.545192
(16,28),(29,9):1.537500
(16,28),(27,9):4.877586
(16,28),(27,12):2.850000
(16,28),(26,12):4.850000
(16,28),(26,32):0.445152
(16,28),(28,32):0.000000
(16,28),(28,26):0.000000
(16,28),(31,26):0.000000
(16,28),(31,31):0.000000
(16,28),(34,31):0.000000
(16,28),(34,33):0.000000
(16,28),(38,33):0.000000
(16,28),(38,35):0.000000
(16,30),(14,30):2.500000
(16,30),(14,29):2.000000
(16,30),(15,29):8.000000
(16,30),(15,25):7.400000
(16,30),(11,25):2.400000
(16,30),(11,24):2.525000
(16,30),(10,24):1.300000
(16,30),(10,19):0.000000
(16,30),(7,19):0.000000
(16,30),(7,13):0.000000
(16,30),(3,13):0.000000
(16,30),(3,15):0.000000
(16,30),(1,15):0.000000
(16,30),(1,14):0.000000
(16,30),(2,14):0.000000
(16,30),(2,2):0.000000
(16,30),(4,2):0.000000
(16,30),(4,3):0.000000
(16,30),(5,3):0.000000
(16,30),(5,4):0.000000
(16,30),(6,4):0.000000
(16,30),(6,5):0.000000
(16,30),(8,5):0.000000
(16,30),(8,16):0.000000
(16,30),(9,16):0.000000
(16,30),(9,17):0.000000
(16,30),(13,17):0.000000
(16,30),(13,21):0.000000
(16,30),(12,21):0.000000
(16,30),(12,23):2.733333
(16,30),(17,23):7.166667
(16,30),(17,11):0.000000
(16,30),(18,11):0.000000
(16,30),(18,20):2.166667
(16,30),(19,20):4.222222
(16,30),(19,10):0.000000
(16,30),(21,10):0.000000
(16,30),(21,1):0.000000
(16,30),(22,1):0.000000
(16,30),(22,6):0.000000
(16,30),(32,6):0.000000
(16,30),(32,7):0.000000
(16,30),(35,7):0.000000
(16,30),(35,8):0.000000
(16,30),(29,8):0.000000
(16,30),(29,9):0.000000
(16,30),(27,9):0.000000
(16,30),(27,12):0.000000
(16,30),(26,12):0.000000
(16,30),(26,32):0.000000
(16,30),(28,32):0.000000
(16,30),(28,26):0.000000
(16,30),(31,26):0.000000
(16,30),(31,31):0.000000
(16,30),(34,31):0.000000
(16,30),(34,33):0.000000
(16,30),(38,33):0.000000
(16,30),(38,35):0.000000
(14,30),(14,29):2.000000
(14,30),(15,29):2.500000
(14,30),(15,25):1.500000
(14,30),(11,25):0.000000
(14,30),(11,24):0.000000
(14,30),(10,24):0.000000
(14,30),(10,19):0.000000
(14,30),(7,19):0.000000
(14,30),(7,13):0.000000
(14,30),(3,13):0.000000
(14,30),(3,15):0.000000
(14,30),(1,15):0.000000
(14,30),(1,14):0.000000
(14,30),(2,14):0.000000
(14,30),(2,2):0.000000
(14,30),(4,2):0.000000
(14,30),(4,3):0.000000
(14,30),(5,3):0.000000
(14,30),(5,4):0.000000
(14,30),(6,4):0.000000
(14,30),(6,5):0.000000
(14,30),(8,5):0.000000
(14,30),(8,16):0.000000
(14,30),(9,16):0.000000
(14,30),(9,17):0.000000
(14,30),(13,17):0.000000
(14,30),(13,21):0.000000
(14,30),(12,21):0.000000
(14,30),(12,23):0.000000
(14,30),(17,23):1.266667
(14,30),(17,11):0.000000
(14,30),(18,11):0.000000
(14,30),(18,20):1.166667
(14,30),(19,20):0.972222
(14,30),(19,10):0.000000
(14,30),(21,10):0.000000
(14,30),(21,1):0.000000
(14,30),(22,1):0.000000
(14,30),(22,6):0.000000
(14,30),(32,6):0.000000
(14,30),(32,7):0.000000
(14,30),(35,7):0.000000
(14,30),(35,8):0.000000
(14,30),(29,8):0.000000
(14,30),(29,9):0.000000
(14,30),(27,9):0.000000
(14,30),(27,12):0.000000
(14,30),(26,12):0.000000
(14,30),(26,32):0.000000
(14,30),(28,32):0.000000
(14,30),(28,26):0.000000
(14,30),(31,26):0.000000
(14,30),(31,31):0.000000
(14,30),(34,31):0.000000
(14,30),(34,33):0.000000
(14,30),(38,33):0.000000
(14,30),(38,35):0.000000
(14,29),(15,29):2.000000
(14,29),(15,25):1.000000
(14,29),(11,25):0.000000
(14,29),(11,24):0.000000
(14,29),(10,24):0.000000
(14,29),(10,19):0.000000
(14,29),(7,19):0.000000
(14,29),(7,13):0.000000
(14,29),(3,13):0.000000
(14,29),(3,15):0.000000
(14,29),(1,15):0.000000
(14,29),(1,14):0.000000
(14,29),(2,14):0.000000
(14,29),(2,2):0.000000
(14,29),(4,2):0.000000
(14,29),(4,3):0.000000
(14,29),(5,3):0.000000
(14,29),(5,4):0.000000
(14,29),(6,4):0.000000
(14,29),(6,5):0.000000
(14,29),(8,5):0.000000
(14,29),(8,16):0.000000
(14,29),(9,16):0.000000
(14,29),(9,17):0.000000
(14,29),(13,17):0.000000
(14,29),(13,21):0.000000
(14,29),(12,21):0.000000
(14,29),(12,23):0.000000
(14,29),(17,23):0.866667
(14,29),(17,11):0.000000
(14,29),(18,11):0.000000
(14,29),(18,20):0.791667
(14,29),(19,20):0.659722
(14,29),(19,10):0.000000
(14,29),(21,10):0.000000
(14,29),(21,1):0.000000
(14,29),(22,1):0.000000
(14,29),(22,6):0.000000
(14,29),(32,6):0.000000
(14,29),(32,7):0.000000
(14,29),(35,7):0.000000
(14,29),(35,8):0.000000
(14,29),(29,8):0.000000
(14,29),(29,9):0.000000
(14,29),(27,9):0.000000
(14,29),(27,12):0.000000
(14,29),(26,12):0.000000
(14,29),(26,32):0.000000
(14,29),(28,32):0.000000
(14,29),(28,26):0.000000
(14,29),(31,26):0.000000
(14,29),(31,31):0.000000
(14,29),(34,31):0.000000
(14,29),(34,33):0.000000
(14,29),(38,33):0.000000
(14,29),(38,35):0.000000
(15,29),(15,25):23.500000
(15,29),(11,25):11.000000
(15,29),(11,24):11.850000
(15,29),(10,24):5.642857
(15,29),(10,19):0.000000
(15,29),(7,19):0.000000
(15,29),(7,13):0.000000
(15,29),(3,13):0.000000
(15,29),(3,15):0.000000
(15,29),(1,15):0.000000
(15,29),(1,14):0.000000
(15,29),(2,14):0.000000
(15,29),(2,2):0.000000
(15,29),(4,2):0.000000
(15,29),(4,3):0.000000
(15,29),(5,3):0.000000
(15,29),(5,4):0.000000
(15,29),(6,4):0.000000
(15,29),(6,5):0.000000
(15,29),(8,5):0.000000
(15,29),(8,16):0.000000
(15,29),(9,16):0.000000
(15,29),(9,17):0.000000
(15,29),(13,17):0.000000
(15,29),(13,21):0.000000
(15,29),(12,21):0.000000
(15,29),(12,23):12.700000
(15,29),(17,23):27.016666
(15,29),(17,11):6.800000
(15,29),(18,11):5.727273
(15,29),(18,20):20.166666
(15,29),(19,20):26.143940
(15,29),(19,10):6.823232
(15,29),(21,10):8.225288
(15,29),(21,1):0.711111
(15,29),(22,1):0.557789
(15,29),(22,6):7.480808
(15,29),(32,6):1.120202
(15,29),(32,7):0.807587
(15,29),(35,7):0.388051
(15,29),(35,8):0.444444
(15,29),(29,8):1.024658
(15,29),(29,9):0.651515
(15,29),(27,9):2.079125
(15,29),(27,12):1.212121
(15,29),(26,12):2.071717
(15,29),(26,32):0.506380
(15,29),(28,32):0.000000
(15,29),(28,26):0.000000
(15,29),(31,26):0.000000
(15,29),(31,31):0.000000
(15,29),(34,31):0.000000
(15,29),(34,33):0.000000
(15,29),(38,33):0.000000
(15,29),(38,35):0.000000
(15,25),(11,25):19.833334
(15,25),(11,24):24.083334
(15,25),(10,24):11.851191
(15,25),(10,19):5.108333
(15,25),(7,19):0.000000
(15,25),(7,13):0.000000
(15,25),(3,13):0.000000
(15,25),(3,15):0.000000
(15,25),(1,15):0.000000
(15,25),(1,14):0.000000
(15,25),(2,14):0.000000
(15,25),(2,2):0.000000
(15,25),(4,2):0.000000
(15,25),(4,3):0.000000
(15,25),(5,3):0.000000
(15,25),(5,4):0.000000
(15,25),(6,4):0.000000
(15,25),(6,5):0.000000
(15,25),(8,5):0.000000
(15,25),(8,16):0.000000
(15,25),(9,16):0.000000
(15,25),(9,17):0.000000
(15,25),(13,17):2.636905
(15,25),(13,21):0.000000
(15,25),(12,21):4.208333
(15,25),(12,23):28.458334
(15,25),(17,23):39.974998
(15,25),(17,11):8.855556
(15,25),(18,11):6.541667
(15,25),(18,20):25.000000
(15,25),(19,20):27.750000
(15,25),(19,10):7.500000
(15,25),(21,10):7.810714
(15,25),(21,1):0.000000
(15,25),(22,1):0.000000
(15,25),(22,6):6.287446
(15,25),(32,6):0.000000
(15,25),(32,7):0.000000
(15,25),(35,7):0.000000
(15,25),(35,8):0.000000
(15,25),(29,8):0.000000
(15,25),(29,9):0.000000
(15,25),(27,9):0.000000
(15,25),(27,12):0.000000
(15,25),(26,12):0.000000
(15,25),(26,32):0.000000
(15,25),(28,32):0.000000
(15,25),(28,26):0.000000
(15,25),(31,26):0.000000
(15,25),(31,31):0.000000
(15,25),(34,31):0.000000
(15,25),(34,33):0.000000
(15,25),(38,33):0.000000
(15,25),(38,35):0.000000
(11,25),(11,24):26.750000
(11,25),(10,24):17.642857
(11,25),(10,19):10.900000
(11,25),(7,19):3.500000
(11,25),(7,13):0.000000
(11,25),(3,13):0.000000
(11,25),(3,15):0.000000
(11,25),(1,15):0.000000
(11,25),(1,14):0.000000
(11,25),(2,14):0.000000
(11,25),(2,2):0.000000
(11,25),(4,2):0.000000
(11,25),(4,3):0.000000
(11,25),(5,3):0.000000
(11,25),(5,4):0.000000
(11,25),(6,4):0.000000
(11,25),(6,5):0.000000
(11,25),(8,5):0.000000
(11,25),(8,16):1.850000
(11,25),(9,16):0.000000
(11,25),(9,17):7.000000
(11,25),(13,17):8.000000
(11,25),(13,21):6.000000
(11,25),(12,21):10.000000
(11,25),(12,23):24.000000
(11,25),(17,23):19.500000
(11,25),(17,11):3.174603
(11,25),(18,11):2.333333
(11,25),(18,20):8.166667
(11,25),(19,20):8.833333
(11,25),(19,10):2.833333
(11,25),(21,10):2.730978
(11,25),(21,1):0.000000
(11,25),(22,1):0.000000
(11,25),(22,6):2.212131
(11,25),(32,6):0.000000
(11,25),(32,7):0.000000
(11,25),(35,7):0.000000
(11,25),(35,8):0.000000
(11,25),(29,8):0.000000
(11,25),(29,9):0.000000
(11,25),(27,9):0.000000
(11,25),(27,12):0.000000
(11,25),(26,12):0.000000
(11,25),(26,32):0.000000
(11,25),(28,32):0.000000
(11,25),(28,26):0.000000
(11,25),(31,26):0.000000
(11,25),(31,31):0.000000
(11,25),(34,31):0.000000
(11,25),(34,33):0.000000
(11,25),(38,33):0.000000
(11,25),(38,35):0.000000
(11,24),(10,24):25.142857
(11,24),(10,19):18.799999
(11,24),(7,19):6.233333
(11,24),(7,13):0.000000
(11,24),(3,13):0.000000
(11,24),(3,15):0.000000
(11,24),(1,15):0.000000
(11,24),(1,14):0.000000
(11,24),(2,14):0.000000
(11,24),(2,2):0.000000
(11,24),(4,2):0.000000
(11,24),(4,3):0.000000
(11,24),(5,3):0.000000
(11,24),(5,4):0.000000
(11,24),(6,4):0.000000
(11,24),(6,5):0.000000
(11,24),(8,5):0.000000
(11,24),(8,16):3.250000
(11,24),(9,16):0.000000
(11,24),(9,17):10.900000
(11,24),(13,17):15.900000
(11,24),(13,21):10.900000
(11,24),(12,21):17.900000
(11,24),(12,23):34.525002
(11,24),(17,23):22.875000
(11,24),(17,11):4.159740
(11,24),(18,11):2.963435
(11,24),(18,20):10.336538
(11,24),(19,20):11.160714
(11,24),(19,10):3.541667
(11,24),(21,10):3.402159
(11,24),(21,1):0.000000
(11,24),(22,1):0.000000
(11,24),(22,6):2.703274
(11,24),(32,6):0.000000
(11,24),(32,7):0.000000
(11,24),(35,7):0.000000
(11,24),(35,8):0.000000
(11,24),(29,8):0.000000
(11,24),(29,9):0.000000
(11,24),(27,9):0.000000
(11,24),(27,12):0.000000
(11,24),(26,12):0.000000
(11,24),(26,32):0.000000
(11,24),(28,32):0.000000
(11,24),(28,26):0.000000
(11,24),(31,26):0.000000
(11,24),(31,31):0.000000
(11,24),(34,31):0.000000
(11,24),(34,33):0.000000
(11,24),(38,33):0.000000
(11,24),(38,35):0.000000
(10,24),(10,19):17.500000
(10,24),(7,19):6.000000
(10,24),(7,13):0.000000
(10,24),(3,13):0.000000
(10,24),(3,15):0.000000
(10,24),(1,15):0.000000
(10,24),(1,14):0.000000
(10,24),(2,14):0.000000
(10,24),(2,2):0.000000
(10,24),(4,2):0.000000
(10,24),(4,3):0.000000
(10,24),(5,3):0.000000
(10,24),(5,4):0.000000
(10,24),(6,4):0.000000
(10,24),(6,5):0.000000
(10,24),(8,5):0.000000
(10,24),(8,16):3.200000
(10,24),(9,16):0.000000
(10,24),(9,17):11.250000
(10,24),(13,17):16.125000
(10,24),(13,21):11.250000
(10,24),(12,21):17.250000
(10,24),(12,23):22.000000
(10,24),(17,23):10.642858
(10,24),(17,11):1.513889
(10,24),(18,11):1.113095
(10,24),(18,20):3.809524
(10,24),(19,20):3.976191
(10,24),(19,10):1.357143
(10,24),(21,10):1.278610
(10,24),(21,1):0.000000
(10,24),(22,1):0.000000
(10,24),(22,6):1.041115
(10,24),(32,6):0.000000
(10,24),(32,7):0.000000
(10,24),(35,7):0.000000
(10,24),(35,8):0.000000
(10,24),(29,8):0.000000
(10,24),(29,9):0.000000
(10,24),(27,9):0.000000
(10,24),(27,12):0.000000
(10,24),(26,12):0.000000
(10,24),(26,32):0.000000
(10,24),(28,32):0.000000
(10,24),(28,26):0.000000
(10,24),(31,26):0.000000
(10,24),(31,31):0.000000
(10,24),(34,31):0.000000
(10,24),(34,33):0.000000
(10,24),(38,33):0.000000
(10,24),(38,35):0.000000
(10,19),(7,19):14.500000
(10,19),(7,13):5.250000
(10,19),(3,13):0.000000
(10,19),(3,15):0.000000
(10,19),(1,15):0.000000
(10,19),(1,14):0.000000
(10,19),(2,14):0.000000
(10,19),(2,2):0.000000
(10,19),(4,2):0.000000
(10,19),(4,3):0.348252
(10,19),(5,3):0.000000
(10,19),(5,4):1.250000
(10,19),(6,4):0.000000
(10,19),(6,5):2.491259
(10,19),(8,5):3.750000
(10,19),(8,16):11.500000
(10,19),(9,16):5.750000
(10,19),(9,17):20.250000
(10,19),(13,17):22.944445
(10,19),(13,21):17.000000
(10,19),(12,21):22.650000
(10,19),(12,23):16.900000
(10,19),(17,23):3.900000
(10,19),(17,11):0.000000
(10,19),(18,11):0.000000
(10,19),(18,20):0.000000
(10,19),(19,20):0.000000
(10,19),(19,10):0.000000
(10,19),(21,10):0.000000
(10,19),(21,1):0.000000
(10,19),(22,1):0.000000
(10,19),(22,6):0.000000
(10,19),(32,6):0.000000
(10,19),(32,7):0.000000
(10,19),(35,7):0.000000
(10,19),(35,8):0.000000
(10,19),(29,8):0.000000
(10,19),(29,9):0.000000
(10,19),(27,9):0.000000
(10,19),(27,12):0.000000
(10,19),(26,12):0.000000
(10,19),(26,32):0.000000
(10,19),(28,32):0.000000
(10,19),(28,26):0.000000
(10,19),(31,26):0.000000
(10,19),(31,31):0.000000
(10,19),(34,31):0.000000
(10,19),(34,33):0.000000
(10,19),(38,33):0.000000
(10,19),(38,35):0.000000
(7,19),(7,13):15.500000
(7,19),(3,13):8.000000
(7,19),(3,15):0.000000
(7,19),(1,15):0.000000
(7,19),(1,14):0.000000
(7,19),(2,14):3.500000
(7,19),(2,2):7.975000
(7,19),(4,2):0.000000
(7,19),(4,3):8.484615
(7,19),(5,3):0.000000
(7,19),(5,4):9.625000
(7,19),(6,4):0.000000
(7,19),(6,5):12.568182
(7,19),(8,5):14.000000
(7,19),(8,16):19.000000
(7,19),(9,16):6.000000
(7,19),(9,17):14.500000
(7,19),(13,17):12.000000
(7,19),(13,21):11.000000
(7,19),(12,21):9.750000
(7,19),(12,23):5.000000
(7,19),(17,23):0.000000
(7,19),(17,11):0.000000
(7,19),(18,11):0.000000
(7,19),(18,20):0.000000
(7,19),(19,20):0.000000
(7,19),(19,10):0.000000
(7,19),(21,10):0.000000
(7,19),(21,1):0.000000
(7,19),(22,1):0.000000
(7,19),(22,6):0.000000
(7,19),(32,6):0.000000
(7,19),(32,7):0.000000
(7,19),(35,7):0.000000
(7,19),(35,8):0.000000
(7,19),(29,8):0.000000
(7,19),(29,9):0.000000
(7,19),(27,9):0.000000
(7,19),(27,12):0.000000
(7,19),(26,12):0.000000
(7,19),(26,32):0.000000
(7,19),(28,32):0.000000
(7,19),(28,26):0.000000
(7,19),(31,26):0.000000
(7,19),(31,31):0.000000
(7,19),(34,31):0.000000
(7,19),(34,33):0.000000
(7,19),(38,33):0.000000
(7,19),(38,35):0.000000
(7,13),(3,13):56.676388
(7,13),(3,15):11.000000
(7,13),(1,15):0.000000
(7,13),(1,14):0.000000
(7,13),(2,14):44.176388
(7,13),(2,2):55.827843
(7,13),(4,2):21.850000
(7,13),(4,3):56.223503
(7,13),(5,3):29.888889
(7,13),(5,4):57.451389
(7,13),(6,4):35.937500
(7,13),(6,5):60.505680
(7,13),(8,5):54.000000
(7,13),(8,16):29.296911
(7,13),(9,16):4.500000
(7,13),(9,17):5.000000
(7,13),(13,17):3.333333
(7,13),(13,21):2.428571
(7,13),(12,21):1.375000
(7,13),(12,23):0.000000
(7,13),(17,23):0.000000
(7,13),(17,11):0.000000
(7,13),(18,11):0.000000
(7,13),(18,20):0.000000
(7,13),(19,20):0.000000
(7,13),(19,10):0.000000
(7,13),(21,10):0.000000
(7,13),(21,1):0.000000
(7,13),(22,1):0.000000
(7,13),(22,6):0.000000
(7,13),(32,6):0.000000
(7,13),(32,7):0.000000
(7,13),(35,7):0.000000
(7,13),(35,8):0.000000
(7,13),(29,8):0.000000
(7,13),(29,9):0.000000
(7,13),(27,9):0.000000
(7,13),(27,12):0.000000
(7,13),(26,12):0.000000
(7,13),(26,32):0.000000
(7,13),(28,32):0.000000
(7,13),(28,26):0.000000
(7,13),(31,26):0.000000
(7,13),(31,31):0.000000
(7,13),(34,31):0.000000
(7,13),(34,33):0.000000
(7,13),(38,33):0.000000
(7,13),(38,35):0.000000
(3,13),(3,15):13.500000
(3,13),(1,15):2.000000
(3,13),(1,14):1.500000
(3,13),(2,14):47.000000
(3,13),(2,2):56.916668
(3,13),(4,2):23.901516
(3,13),(4,3):56.390907
(3,13),(5,3):31.736364
(3,13),(5,4):56.205555
(3,13),(6,4):37.533333
(3,13),(6,5):57.472221
(3,13),(8,5):49.083332
(3,13),(8,16):21.796911
(3,13),(9,16):0.000000
(3,13),(9,17):0.000000
(3,13),(13,17):0.000000
(3,13),(13,21):0.000000
(3,13),(12,21):0.000000
(3,13),(12,23):0.000000
(3,13),(17,23):0.000000
(3,13),(17,11):0.000000
(3,13),(18,11):0.000000
(3,13),(18,20):0.000000
(3,13),(19,20):0.000000
(3,13),(19,10):0.000000
(3,13),(21,10):0.000000
(3,13),(21,1):0.000000
(3,13),(22,1):0.000000
(3,13),(22,6):0.000000
(3,13),(32,6):0.000000
(3,13),(32,7):0.000000
(3,13),(35,7):0.000000
(3,13),(35,8):0.000000
(3,13),(29,8):0.000000
(3,13),(29,9):0.000000
(3,13),(27,9):0.000000
(3,13),(27,12):0.000000
(3,13),(26,12):0.000000
(3,13),(26,32):0.000000
(3,13),(28,32):0.000000
(3,13),(28,26):0.000000
(3,13),(31,26):0.000000
(3,13),(31,31):0.000000
(3,13),(34,31):0.000000
(3,13),(34,33):0.000000
(3,13),(38,33):0.000000
(3,13),(38,35):0.000000
(3,15),(1,15):2.500000
(3,15),(1,14):2.000000
(3,15),(2,14):14.000000
(3,15),(2,2):13.000000
(3,15),(4,2):12.901515
(3,15),(4,3):12.890909
(3,15),(5,3):11.736363
(3,15),(5,4):12.705556
(3,15),(6,4):10.533334
(3,15),(6,5):12.472222
(3,15),(8,5):9.083333
(3,15),(8,16):0.000000
(3,15),(9,16):0.000000
(3,15),(9,17):0.000000
(3,15),(13,17):0.000000
(3,15),(13,21):0.000000
(3,15),(12,21):0.000000
(3,15),(12,23):0.000000
(3,15),(17,23):0.000000
(3,15),(17,11):0.000000
(3,15),(18,11):0.000000
(3,15),(18,20):0.000000
(3,15),(19,20):0.000000
(3,15),(19,10):0.000000
(3,15),(21,10):0.000000
(3,15),(21,1):0.000000
(3,15),(22,1):0.000000
(3,15),(22,6):0.000000
(3,15),(32,6):0.000000
(3,15),(32,7):0.000000
(3,15),(35,7):0.000000
(3,15),(35,8):0.000000
(3,15),(29,8):0.000000
(3,15),(29,9):0.000000
(3,15),(27,9):0.000000
(3,15),(27,12):0.000000
(3,15),(26,12):0.000000
(3,15),(26,32):0.000000
(3,15),(28,32):0.000000
(3,15),(28,26):0.000000
(3,15),(31,26):0.000000
(3,15),(31,31):0.000000
(3,15),(34,31):0.000000
(3,15),(34,33):0.000000
(3,15),(38,33):0.000000
(3,15),(38,35):0.000000
(1,15),(1,14):2.000000
(1,15),(2,14):2.500000
(1,15),(2,2):1.500000
(1,15),(4,2):1.401515
(1,15),(4,3):1.390909
(1,15),(5,3):1.236364
(1,15),(5,4):1.205556
(1,15),(6,4):1.033333
(1,15),(6,5):0.972222
(1,15),(8,5):0.583333
(1,15),(8,16):0.000000
(1,15),(9,16):0.000000
(1,15),(9,17):0.000000
(1,15),(13,17):0.000000
(1,15),(13,21):0.000000
(1,15),(12,21):0.000000
(1,15),(12,23):0.000000
(1,15),(17,23):0.000000
(1,15),(17,11):0.000000
(1,15),(18,11):0.000000
(1,15),(18,20):0.000000
(1,15),(19,20):0.000000
(1,15),(19,10):0.000000
(1,15),(21,10):0.000000
(1,15),(21,1):0.000000
(1,15),(22,1):0.000000
(1,15),(22,6):0.000000
(1,15),(32,6):0.000000
(1,15),(32,7):0.000000
(1,15),(35,7):0.000000
(1,15),(35,8):0.000000
(1,15),(29,8):0.000000
(1,15),(29,9):0.000000
(1,15),(27,9):0.000000
(1,15),(27,12):0.000000
(1,15),(26,12):0.000000
(1,15),(26,32):0.000000
(1,15),(28,32):0.000000
(1,15),(28,26):0.000000
(1,15),(31,26):0.000000
(1,15),(31,31):0.000000
(1,15),(34,31):0.000000
(1,15),(34,33):0.000000
(1,15),(38,33):0.000000
(1,15),(38,35):0.000000
(1,14),(2,14):2.000000
(1,14),(2,2):1.000000
(1,14),(4,2):0.946970
(1,14),(4,3):0.940909
(1,14),(5,3):0.836364
(1,14),(5,4):0.816667
(1,14),(6,4):0.700000
(1,14),(6,5):0.659722
(1,14),(8,5):0.395833
(1,14),(8,16):0.000000
(1,14),(9,16):0.000000
(1,14),(9,17):0.000000
(1,14),(13,17):0.000000
(1,14),(13,21):0.000000
(1,14),(12,21):0.000000
(1,14),(12,23):0.000000
(1,14),(17,23):0.000000
(1,14),(17,11):0.000000
(1,14),(18,11):0.000000
(1,14),(18,20):0.000000
(1,14),(19,20):0.000000
(1,14),(19,10):0.000000
(1,14),(21,10):0.000000
(1,14),(21,1):0.000000
(1,14),(22,1):0.000000
(1,14),(22,6):0.000000
(1,14),(32,6):0.000000
(1,14),(32,7):0.000000
(1,14),(35,7):0.000000
(1,14),(35,8):0.000000
(1,14),(29,8):0.000000
(1,14),(29,9):0.000000
(1,14),(27,9):0.000000
(1,14),(27,12):0.000000
(1,14),(26,12):0.000000
(1,14),(26,32):0.000000
(1,14),(28,32):0.000000
(1,14),(28,26):0.000000
(1,14),(31,26):0.000000
(1,14),(31,31):0.000000
(1,14),(34,31):0.000000
(1,14),(34,33):0.000000
(1,14),(38,33):0.000000
(1,14),(38,35):0.000000
(2,14),(2,2):44.416668
(2,14),(4,2):23.401516
(2,14),(4,3):43.890907
(2,14),(5,3):29.736364
(2,14),(5,4):43.705555
(2,14),(6,4):33.033333
(2,14),(6,5):44.972221
(2,14),(8,5):36.583332
(2,14),(8,16):15.296911
(2,14),(9,16):0.000000
(2,14),(9,17):0.000000
(2,14),(13,17):0.000000
(2,14),(13,21):0.000000
(2,14),(12,21):0.000000
(2,14),(12,23):0.000000
(2,14),(17,23):0.000000
(2,14),(17,11):0.000000
(2,14),(18,11):0.000000
(2,14),(18,20):0.000000
(2,14),(19,20):0.000000
(2,14),(19,10):0.000000
(2,14),(21,10):0.000000
(2,14),(21,1):0.000000
(2,14),(22,1):0.000000
(2,14),(22,6):0.000000
(2,14),(32,6):0.000000
(2,14),(32,7):0.000000
(2,14),(35,7):0.000000
(2,14),(35,8):0.000000
(2,14),(29,8):0.000000
(2,14),(29,9):0.000000
(2,14),(27,9):0.000000
(2,14),(27,12):0.000000
(2,14),(26,12):0.000000
(2,14),(26,32):0.000000
(2,14),(28,32):0.000000
(2,14),(28,26):0.000000
(2,14),(31,26):0.000000
(2,14),(31,31):0.000000
(2,14),(34,31):0.000000
(2,14),(34,33):0.000000
(2,14),(38,33):0.000000
(2,14),(38,35):0.000000
(2,2),(4,2):23.818182
(2,2),(4,3):57.150002
(2,2),(5,3):31.350000
(2,2),(5,4):56.572224
(2,2),(6,4):37.000000
(2,2),(6,5):56.516666
(2,2),(8,5):48.400002
(2,2),(8,16):20.982279
(2,2),(9,16):0.000000
(2,2),(9,17):0.000000
(2,2),(13,17):0.000000
(2,2),(13,21):0.000000
(2,2),(12,21):0.000000
(2,2),(12,23):0.000000
(2,2),(17,23):0.000000
(2,2),(17,11):0.000000
(2,2),(18,11):0.000000
(2,2),(18,20):0.000000
(2,2),(19,20):0.000000
(2,2),(19,10):0.000000
(2,2),(21,10):0.000000
(2,2),(21,1):0.000000
(2,2),(22,1):0.000000
(2,2),(22,6):0.000000
(2,2),(32,6):0.000000
(2,2),(32,7):0.000000
(2,2),(35,7):0.000000
(2,2),(35,8):0.000000
(2,2),(29,8):0.000000
(2,2),(29,9):0.000000
(2,2),(27,9):0.000000
(2,2),(27,12):0.000000
(2,2),(26,12):0.000000
(2,2),(26,32):0.000000
(2,2),(28,32):0.000000
(2,2),(28,26):0.000000
(2,2),(31,26):0.000000
(2,2),(31,31):0.000000
(2,2),(34,31):0.000000
(2,2),(34,33):0.000000
(2,2),(38,33):0.000000
(2,2),(38,35):0.000000
(4,2),(4,3):23.883333
(4,2),(5,3):21.683332
(4,2),(5,4):23.138889
(4,2),(6,4):19.416666
(4,2),(6,5):22.833334
(4,2),(8,5):16.840910
(4,2),(8,16):0.512821
(4,2),(9,16):0.000000
(4,2),(9,17):0.000000
(4,2),(13,17):0.000000
(4,2),(13,21):0.000000
(4,2),(12,21):0.000000
(4,2),(12,23):0.000000
(4,2),(17,23):0.000000
(4,2),(17,11):0.000000
(4,2),(18,11):0.000000
(4,2),(18,20):0.000000
(4,2),(19,20):0.000000
(4,2),(19,10):0.000000
(4,2),(21,10):0.000000
(4,2),(21,1):0.000000
(4,2),(22,1):0.000000
(4,2),(22,6):0.000000
(4,2),(32,6):0.000000
(4,2),(32,7):0.000000
(4,2),(35,7):0.000000
(4,2),(35,8):0.000000
(4,2),(29,8):0.000000
(4,2),(29,9):0.000000
(4,2),(27,9):0.000000
(4,2),(27,12):0.000000
(4,2),(26,12):0.000000
(4,2),(26,32):0.000000
(4,2),(28,32):0.000000
(4,2),(28,26):0.000000
(4,2),(31,26):0.000000
(4,2),(31,31):0.000000
(4,2),(34,31):0.000000
(4,2),(34,33):0.000000
(4,2),(38,33):0.000000
(4,2),(38,35):0.000000
(4,3),(5,3):31.690908
(4,3),(5,4):57.396465
(4,3),(6,4):36.924244
(4,3),(6,5):56.533218
(4,3),(8,5):48.512821
(4,3),(8,16):21.372437
(4,3),(9,16):0.334615
(4,3),(9,17):0.341758
(4,3),(13,17):0.230769
(4,3),(13,21):0.228111
(4,3),(12,21):0.153651
(4,3),(12,23):0.000000
(4,3),(17,23):0.000000
(4,3),(17,11):0.000000
(4,3),(18,11):0.000000
(4,3),(18,20):0.000000
(4,3),(19,20):0.000000
(4,3),(19,10):0.000000
(4,3),(21,10):0.000000
(4,3),(21,1):0.000000
(4,3),(22,1):0.000000
(4,3),(22,6):0.000000
(4,3),(32,6):0.000000
(4,3),(32,7):0.000000
(4,3),(35,7):0.000000
(4,3),(35,8):0.000000
(4,3),(29,8):0.000000
(4,3),(29,9):0.000000
(4,3),(27,9):0.000000
(4,3),(27,12):0.000000
(4,3),(26,12):0.000000
(4,3),(26,32):0.000000
(4,3),(28,32):0.000000
(4,3),(28,26):0.000000
(4,3),(31,26):0.000000
(4,3),(31,31):0.000000
(4,3),(34,31):0.000000
(4,3),(34,33):0.000000
(4,3),(38,33):0.000000
(4,3),(38,35):0.000000
(5,3),(5,4):31.691919
(5,3),(6,4):28.469696
(5,3),(6,5):30.886364
(5,3),(8,5):24.886364
(5,3),(8,16):2.541667
(5,3),(9,16):0.000000
(5,3),(9,17):0.000000
(5,3),(13,17):0.000000
(5,3),(13,21):0.000000
(5,3),(12,21):0.000000
(5,3),(12,23):0.000000
(5,3),(17,23):0.000000
(5,3),(17,11):0.000000
(5,3),(18,11):0.000000
(5,3),(18,20):0.000000
(5,3),(19,20):0.000000
(5,3),(19,10):0.000000
(5,3),(21,10):0.000000
(5,3),(21,1):0.000000
(5,3),(22,1):0.000000
(5,3),(22,6):0.000000
(5,3),(32,6):0.000000
(5,3),(32,7):0.000000
(5,3),(35,7):0.000000
(5,3),(35,8):0.000000
(5,3),(29,8):0.000000
(5,3),(29,9):0.000000
(5,3),(27,9):0.000000
(5,3),(27,12):0.000000
(5,3),(26,12):0.000000
(5,3),(26,32):0.000000
(5,3),(28,32):0.000000
(5,3),(28,26):0.000000
(5,3),(31,26):0.000000
(5,3),(31,31):0.000000
(5,3),(34,31):0.000000
(5,3),(34,33):0.000000
(5,3),(38,33):0.000000
(5,3),(38,35):0.000000
(5,4),(6,4):37.483334
(5,4),(6,5):58.218182
(5,4),(8,5):49.150002
(5,4),(8,16):22.659090
(5,4),(9,16):1.125000
(5,4),(9,17):1.196429
(5,4),(13,17):0.777778
(5,4),(13,21):0.734472
(5,4),(12,21):0.477106
(5,4),(12,23):0.000000
(5,4),(17,23):0.000000
(5,4),(17,11):0.000000
(5,4),(18,11):0.000000
(5,4),(18,20):0.000000
(5,4),(19,20):0.000000
(5,4),(19,10):0.000000
(5,4),(21,10):0.000000
(5,4),(21,1):0.000000
(5,4),(22,1):0.000000
(5,4),(22,6):0.000000
(5,4),(32,6):0.000000
(5,4),(32,7):0.000000
(5,4),(35,7):0.000000
(5,4),(35,8):0.000000
(5,4),(29,8):0.000000
(5,4),(29,9):0.000000
(5,4),(27,9):0.000000
(5,4),(27,12):0.000000
(5,4),(26,12):0.000000
(5,4),(26,32):0.000000
(5,4),(28,32):0.000000
(5,4),(28,26):0.000000
(5,4),(31,26):0.000000
(5,4),(31,31):0.000000
(5,4),(34,31):0.000000
(5,4),(34,33):0.000000
(5,4),(38,33):0.000000
(5,4),(38,35):0.000000
(6,4),(6,5):37.450001
(6,4),(8,5):32.950001
(6,4),(8,16):5.909091
(6,4),(9,16):0.000000
(6,4),(9,17):0.000000
(6,4),(13,17):0.000000
(6,4),(13,21):0.000000
(6,4),(12,21):0.000000
(6,4),(12,23):0.000000
(6,4),(17,23):0.000000
(6,4),(17,11):0.000000
(6,4),(18,11):0.000000
(6,4),(18,20):0.000000
(6,4),(19,20):0.000000
(6,4),(19,10):0.000000
(6,4),(21,10):0.000000
(6,4),(21,1):0.000000
(6,4),(22,1):0.000000
(6,4),(22,6):0.000000
(6,4),(32,6):0.000000
(6,4),(32,7):0.000000
(6,4),(35,7):0.000000
(6,4),(35,8):0.000000
(6,4),(29,8):0.000000
(6,4),(29,9):0.000000
(6,4),(27,9):0.000000
(6,4),(27,12):0.000000
(6,4),(26,12):0.000000
(6,4),(26,32):0.000000
(6,4),(28,32):0.000000
(6,4),(28,26):0.000000
(6,4),(31,26):0.000000
(6,4),(31,31):0.000000
(6,4),(34,31):0.000000
(6,4),(34,33):0.000000
(6,4),(38,33):0.000000
(6,4),(38,35):0.000000
(6,5),(8,5):52.722221
(6,5),(8,16):25.727272
(6,5),(9,16):2.130682
(6,5),(9,17):2.353896
(6,5),(13,17):1.477273
(6,5),(13,21):1.315495
(6,5),(12,21):0.820106
(6,5),(12,23):0.000000
(6,5),(17,23):0.000000
(6,5),(17,11):0.000000
(6,5),(18,11):0.000000
(6,5),(18,20):0.000000
(6,5),(19,20):0.000000
(6,5),(19,10):0.000000
(6,5),(21,10):0.000000
(6,5),(21,1):0.000000
(6,5),(22,1):0.000000
(6,5),(22,6):0.000000
(6,5),(32,6):0.000000
(6,5),(32,7):0.000000
(6,5),(35,7):0.000000
(6,5),(35,8):0.000000
(6,5),(29,8):0.000000
(6,5),(29,9):0.000000
(6,5),(27,9):0.000000
(6,5),(27,12):0.000000
(6,5),(26,12):0.000000
(6,5),(26,32):0.000000
(6,5),(28,32):0.000000
(6,5),(28,26):0.000000
(6,5),(31,26):0.000000
(6,5),(31,31):0.000000
(6,5),(34,31):0.000000
(6,5),(34,33):0.000000
(6,5),(38,33):0.000000
(6,5),(38,35):0.000000
(8,5),(8,16):24.666666
(8,5),(9,16):3.000000
(8,5),(9,17):3.500000
(8,5),(13,17):2.000000
(8,5),(13,21):1.833333
(8,5),(12,21):1.125000
(8,5),(12,23):0.000000
(8,5),(17,23):0.000000
(8,5),(17,11):0.000000
(8,5),(18,11):0.000000
(8,5),(18,20):0.000000
(8,5),(19,20):0.000000
(8,5),(19,10):0.000000
(8,5),(21,10):0.000000
(8,5),(21,1):0.000000
(8,5),(22,1):0.000000
(8,5),(22,6):0.000000
(8,5),(32,6):0.000000
(8,5),(32,7):0.000000
(8,5),(35,7):0.000000
(8,5),(35,8):0.000000
(8,5),(29,8):0.000000
(8,5),(29,9):0.000000
(8,5),(27,9):0.000000
(8,5),(27,12):0.000000
(8,5),(26,12):0.000000
(8,5),(26,32):0.000000
(8,5),(28,32):0.000000
(8,5),(28,26):0.000000
(8,5),(31,26):0.000000
(8,5),(31,31):0.000000
(8,5),(34,31):0.000000
(8,5),(34,33):0.000000
(8,5),(38,33):0.000000
(8,5),(38,35):0.000000
(8,16),(9,16):6.000000
(8,16),(9,17):11.500000
(8,16),(13,17):8.909091
(8,16),(13,21):7.666667
(8,16),(12,21):6.750000
(8,16),(12,23):3.500000
(8,16),(17,23):0.000000
(8,16),(17,11):0.000000
(8,16),(18,11):0.000000
(8,16),(18,20):0.000000
(8,16),(19,20):0.000000
(8,16),(19,10):0.000000
(8,16),(21,10):0.000000
(8,16),(21,1):0.000000
(8,16),(22,1):0.000000
(8,16),(22,6):0.000000
(8,16),(32,6):0.000000
(8,16),(32,7):0.000000
(8,16),(35,7):0.000000
(8,16),(35,8):0.000000
(8,16),(29,8):0.000000
(8,16),(29,9):0.000000
(8,16),(27,9):0.000000
(8,16),(27,12):0.000000
(8,16),(26,12):0.000000
(8,16),(26,32):0.000000
(8,16),(28,32):0.000000
(8,16),(28,26):0.000000
(8,16),(31,26):0.000000
(8,16),(31,31):0.000000
(8,16),(34,31):0.000000
(8,16),(34,33):0.000000
(8,16),(38,33):0.000000
(8,16),(38,35):0.000000
(9,16),(9,17):6.000000
(9,16),(13,17):4.000000
(9,16),(13,21):2.833333
(9,16),(12,21):1.625000
(9,16),(12,23):0.000000
(9,16),(17,23):0.000000
(9,16),(17,11):0.000000
(9,16),(18,11):0.000000
(9,16),(18,20):0.000000
(9,16),(19,20):0.000000
(9,16),(19,10):0.000000
(9,16),(21,10):0.000000
(9,16),(21,1):0.000000
(9,16),(22,1):0.000000
(9,16),(22,6):0.000000
(9,16),(32,6):0.000000
(9,16),(32,7):0.000000
(9,16),(35,7):0.000000
(9,16),(35,8):0.000000
(9,16),(29,8):0.000000
(9,16),(29,9):0.000000
(9,16),(27,9):0.000000
(9,16),(27,12):0.000000
(9,16),(26,12):0.000000
(9,16),(26,32):0.000000
(9,16),(28,32):0.000000
(9,16),(28,26):0.000000
(9,16),(31,26):0.000000
(9,16),(31,31):0.000000
(9,16),(34,31):0.000000
(9,16),(34,33):0.000000
(9,16),(38,33):0.000000
(9,16),(38,35):0.000000
(9,17),(13,17):17.666666
(9,17),(13,21):16.000000
(9,17),(12,21):15.625000
(9,17),(12,23):9.000000
(9,17),(17,23):0.000000
(9,17),(17,11):0.000000
(9,17),(18,11):0.000000
(9,17),(18,20):0.000000
(9,17),(19,20):0.000000
(9,17),(19,10):0.000000
(9,17),(21,10):0.000000
(9,17),(21,1):0.000000
(9,17),(22,1):0.000000
(9,17),(22,6):0.000000
(9,17),(32,6):0.000000
(9,17),(32,7):0.000000
(9,17),(35,7):0.000000
(9,17),(35,8):0.000000
(9,17),(29,8):0.000000
(9,17),(29,9):0.000000
(9,17),(27,9):0.000000
(9,17),(27,12):0.000000
(9,17),(26,12):0.000000
(9,17),(26,32):0.000000
(9,17),(28,32):0.000000
(9,17),(28,26):0.000000
(9,17),(31,26):0.000000
(9,17),(31,31):0.000000
(9,17),(34,31):0.000000
(9,17),(34,33):0.000000
(9,17),(38,33):0.000000
(9,17),(38,35):0.000000
(13,17),(13,21):15.000000
(13,17),(12,21):19.000000
(13,17),(12,23):14.000000
(13,17),(17,23):1.500000
(13,17),(17,11):0.000000
(13,17),(18,11):0.000000
(13,17),(18,20):0.000000
(13,17),(19,20):0.000000
(13,17),(19,10):0.000000
(13,17),(21,10):0.000000
(13,17),(21,1):0.000000
(13,17),(22,1):0.000000
(13,17),(22,6):0.000000
(13,17),(32,6):0.000000
(13,17),(32,7):0.000000
(13,17),(35,7):0.000000
(13,17),(35,8):0.000000
(13,17),(29,8):0.000000
(13,17),(29,9):0.000000
(13,17),(27,9):0.000000
(13,17),(27,12):0.000000
(13,17),(26,12):0.000000
(13,17),(26,32):0.000000
(13,17),(28,32):0.000000
(13,17),(28,26):0.000000
(13,17),(31,26):0.000000
(13,17),(31,31):0.000000
(13,17),(34,31):0.000000
(13,17),(34,33):0.000000
(13,17),(38,33):0.000000
(13,17),(38,35):0.000000
(13,21),(12,21):15.500000
(13,21),(12,23):9.000000
(13,21),(17,23):0.000000
(13,21),(17,11):0.000000
(13,21),(18,11):0.000000
(13,21),(18,20):0.000000
(13,21),(19,20):0.000000
(13,21),(19,10):0.000000
(13,21),(21,10):0.000000
(13,21),(21,1):0.000000
(13,21),(22,1):0.000000
(13,21),(22,6):0.000000
(13,21),(32,6):0.000000
(13,21),(32,7):0.000000
(13,21),(35,7):0.000000
(13,21),(35,8):0.000000
(13,21),(29,8):0.000000
(13,21),(29,9):0.000000
(13,21),(27,9):0.000000
(13,21),(27,12):0.000000
(13,21),(26,12):0.000000
(13,21),(26,32):0.000000
(13,21),(28,32):0.000000
(13,21),(28,26):0.000000
(13,21),(31,26):0.000000
(13,21),(31,31):0.000000
(13,21),(34,31):0.000000
(13,21),(34,33):0.000000
(13,21),(38,33):0.000000
(13,21),(38,35):0.000000
(12,21),(12,23):16.000000
(12,21),(17,23):3.000000
(12,21),(17,11):0.000000
(12,21),(18,11):0.000000
(12,21),(18,20):0.000000
(12,21),(19,20):0.000000
(12,21),(19,10):0.000000
(12,21),(21,10):0.000000
(12,21),(21,1):0.000000
(12,21),(22,1):0.000000
(12,21),(22,6):0.000000
(12,21),(32,6):0.000000
(12,21),(32,7):0.000000
(12,21),(35,7):0.000000
(12,21),(35,8):0.000000
(12,21),(29,8):0.000000
(12,21),(29,9):0.000000
(12,21),(27,9):0.000000
(12,21),(27,12):0.000000
(12,21),(26,12):0.000000
(12,21),(26,32):0.000000
(12,21),(28,32):0.000000
(12,21),(28,26):0.000000
(12,21),(31,26):0.000000
(12,21),(31,31):0.000000
(12,21),(34,31):0.000000
(12,21),(34,33):0.000000
(12,21),(38,33):0.000000
(12,21),(38,35):0.000000
(12,23),(17,23):27.250000
(12,23),(17,11):6.106667
(12,23),(18,11):4.105263
(12,23),(18,20):14.431818
(12,23),(19,20):15.480769
(12,23),(19,10):4.916667
(12,23),(21,10):4.688518
(12,23),(21,1):0.000000
(12,23),(22,1):0.000000
(12,23),(22,6):3.621131
(12,23),(32,6):0.000000
(12,23),(32,7):0.000000
(12,23),(35,7):0.000000
(12,23),(35,8):0.000000
(12,23),(29,8):0.000000
(12,23),(29,9):0.000000
(12,23),(27,9):0.000000
(12,23),(27,12):0.000000
(12,23),(26,12):0.000000
(12,23),(26,32):0.000000
(12,23),(28,32):0.000000
(12,23),(28,26):0.000000
(12,23),(31,26):0.000000
(12,23),(31,31):0.000000
(12,23),(34,31):0.000000
(12,23),(34,33):0.000000
(12,23),(38,33):0.000000
(12,23),(38,35):0.000000
(17,23),(17,11):20.555555
(17,23),(18,11):18.041666
(17,23),(18,20):38.666668
(17,23),(19,20):33.166668
(17,23),(19,10):8.750000
(17,23),(21,10):8.919230
(17,23),(21,1):0.000000
(17,23),(22,1):0.000000
(17,23),(22,6):7.301587
(17,23),(32,6):0.000000
(17,23),(32,7):0.000000
(17,23),(35,7):0.000000
(17,23),(35,8):0.000000
(17,23),(29,8):0.000000
(17,23),(29,9):0.000000
(17,23),(27,9):0.000000
(17,23),(27,12):0.000000
(17,23),(26,12):0.000000
(17,23),(26,32):0.000000
(17,23),(28,32):0.000000
(17,23),(28,26):0.000000
(17,23),(31,26):0.000000
(17,23),(31,31):0.000000
(17,23),(34,31):0.000000
(17,23),(34,33):0.000000
(17,23),(38,33):0.000000
(17,23),(38,35):0.000000
(17,11),(18,11):17.000000
(17,11),(18,20):20.555555
(17,11),(19,20):11.555555
(17,11),(19,10):0.000000
(17,11),(21,10):3.521849
(17,11),(21,1):0.000000
(17,11),(22,1):0.000000
(17,11),(22,6):3.393728
(17,11),(32,6):0.000000
(17,11),(32,7):0.000000
(17,11),(35,7):0.000000
(17,11),(35,8):0.000000
(17,11),(29,8):0.000000
(17,11),(29,9):0.000000
(17,11),(27,9):0.000000
(17,11),(27,12):0.000000
(17,11),(26,12):0.000000
(17,11),(26,32):0.000000
(17,11),(28,32):0.000000
(17,11),(28,26):0.000000
(17,11),(31,26):0.000000
(17,11),(31,31):0.000000
(17,11),(34,31):0.000000
(17,11),(34,33):0.000000
(17,11),(38,33):0.000000
(17,11),(38,35):0.000000
(18,11),(18,20):18.041666
(18,11),(19,20):9.041667
(18,11),(19,10):0.000000
(18,11),(21,10):0.900000
(18,11),(21,1):0.000000
(18,11),(22,1):0.000000
(18,11),(22,6):1.190476
(18,11),(32,6):0.000000
(18,11),(32,7):0.000000
(18,11),(35,7):0.000000
(18,11),(35,8):0.000000
(18,11),(29,8):0.000000
(18,11),(29,9):0.000000
(18,11),(27,9):0.000000
(18,11),(27,12):0.000000
(18,11),(26,12):0.000000
(18,11),(26,32):0.000000
(18,11),(28,32):0.000000
(18,11),(28,26):0.000000
(18,11),(31,26):0.000000
(18,11),(31,31):0.000000
(18,11),(34,31):0.000000
(18,11),(34,33):0.000000
(18,11),(38,33):0.000000
(18,11),(38,35):0.000000
(18,20),(19,20):29.416666
(18,20),(19,10):8.000000
(18,20),(21,10):8.400000
(18,20),(21,1):0.000000
(18,20),(22,1):0.000000
(18,20),(22,6):6.857143
(18,20),(32,6):0.000000
(18,20),(32,7):0.000000
(18,20),(35,7):0.000000
(18,20),(35,8):0.000000
(18,20),(29,8):0.000000
(18,20),(29,9):0.000000
(18,20),(27,9):0.000000
(18,20),(27,12):0.000000
(18,20),(26,12):0.000000
(18,20),(26,32):0.000000
(18,20),(28,32):0.000000
(18,20),(28,26):0.000000
(18,20),(31,26):0.000000
(18,20),(31,31):0.000000
(18,20),(34,31):0.000000
(18,20),(34,33):0.000000
(18,20),(38,33):0.000000
(18,20),(38,35):0.000000
(19,20),(19,10):34.000000
(19,20),(21,10):48.650002
(19,20),(21,1):12.071428
(19,20),(22,1):10.071428
(19,20),(22,6):39.023811
(19,20),(32,6):24.944157
(19,20),(32,7):16.323174
(19,20),(35,7):7.274765
(19,20),(35,8):7.802985
(19,20),(29,8):22.572073
(19,20),(29,9):11.257895
(19,20),(27,9):38.720238
(19,20),(27,12):23.419355
(19,20),(26,12):38.923077
(19,20),(26,32):3.017857
(19,20),(28,32):0.000000
(19,20),(28,26):0.000000
(19,20),(31,26):0.000000
(19,20),(31,31):0.000000
(19,20),(34,31):0.000000
(19,20),(34,33):0.000000
(19,20),(38,33):0.000000
(19,20),(38,35):0.000000
(19,10),(21,10):62.666668
(19,10),(21,1):20.799999
(19,10),(22,1):11.555555
(19,10),(22,6):53.666668
(19,10),(32,6):11.306061
(19,10),(32,7):2.121212
(19,10),(35,7):0.000000
(19,10),(35,8):0.000000
(19,10),(29,8):8.500000
(19,10),(29,9):0.000000
(19,10),(27,9):52.309525
(19,10),(27,12):16.000000
(19,10),(26,12):59.166668
(19,10),(26,32):10.952381
(19,10),(28,32):0.000000
(19,10),(28,26):0.000000
(19,10),(31,26):0.000000
(19,10),(31,31):0.000000
(19,10),(34,31):0.000000
(19,10),(34,33):0.000000
(19,10),(38,33):0.000000
(19,10),(38,35):0.000000
(21,10),(21,1):31.400000
(21,10),(22,1):20.555555
(21,10),(22,6):98.697617
(21,10),(32,6):44.569950
(21,10),(32,7):33.171211
(21,10),(35,7):15.333333
(21,10),(35,8):19.576923
(21,10),(29,8):42.309525
(21,10),(29,9):23.880953
(21,10),(27,9):86.026192
(21,10),(27,12):40.599998
(21,10),(26,12):85.750000
(21,10),(26,32):18.142857
(21,10),(28,32):0.000000
(21,10),(28,26):0.000000
(21,10),(31,26):0.000000
(21,10),(31,31):0.000000
(21,10),(34,31):0.000000
(21,10),(34,33):0.000000
(21,10),(38,33):0.000000
(21,10),(38,35):0.000000
(21,1),(22,1):17.000000
(21,1),(22,6):31.400000
(21,1),(32,6):9.514286
(21,1),(32,7):6.310417
(21,1),(35,7):3.120430
(21,1),(35,8):2.476923
(21,1),(29,8):8.642858
(21,1),(29,9):4.114286
(21,1),(27,9):26.549999
(21,1),(27,12):10.200000
(21,1),(26,12):27.150000
(21,1),(26,32):0.000000
(21,1),(28,32):0.000000
(21,1),(28,26):0.000000
(21,1),(31,26):0.000000
(21,1),(31,31):0.000000
(21,1),(34,31):0.000000
(21,1),(34,33):0.000000
(21,1),(38,33):0.000000
(21,1),(38,35):0.000000
(22,1),(22,6):20.555555
(22,1),(32,6):6.702381
(22,1),(32,7):4.575641
(22,1),(35,7):2.250000
(22,1),(35,8):2.076923
(22,1),(29,8):6.128151
(22,1),(29,9):3.214286
(22,1),(27,9):15.855556
(22,1),(27,12):6.822222
(22,1),(26,12):16.305555
(22,1),(26,32):0.000000
(22,1),(28,32):0.000000
(22,1),(28,26):0.000000
(22,1),(31,26):0.000000
(22,1),(31,31):0.000000
(22,1),(34,31):0.000000
(22,1),(34,33):0.000000
(22,1),(38,33):0.000000
(22,1),(38,35):0.000000
(22,6),(32,6):41.044117
(22,6),(32,7):35.327274
(22,6),(35,7):18.883333
(22,6),(35,8):23.126923
(22,6),(29,8):42.264286
(22,6),(29,9):24.214285
(22,6),(27,9):78.692856
(22,6),(27,12):37.099998
(22,6),(26,12):78.750000
(22,6),(26,32):19.142857
(22,6),(28,32):0.000000
(22,6),(28,26):0.000000
(22,6),(31,26):0.000000
(22,6),(31,31):0.000000
(22,6),(34,31):0.000000
(22,6),(34,33):0.000000
(22,6),(38,33):0.000000
(22,6),(38,35):0.000000
(32,6),(32,7):33.939392
(32,6),(35,7):16.333334
(32,6),(35,8):20.500000
(32,6),(29,8):42.522728
(32,6),(29,9):23.250000
(32,6),(27,9):43.472729
(32,6),(27,12):31.772728
(32,6),(26,12):35.972729
(32,6),(26,32):6.959295
(32,6),(28,32):0.000000
(32,6),(28,26):0.000000
(32,6),(31,26):0.000000
(32,6),(31,31):0.000000
(32,6),(34,31):0.000000
(32,6),(34,33):0.000000
(32,6),(38,33):0.000000
(32,6),(38,35):0.000000
(32,7),(35,7):19.333334
(32,7),(35,8):23.549999
(32,7),(29,8):37.171211
(32,7),(29,9):22.549999
(32,7),(27,9):31.921211
(32,7),(27,12):23.504545
(32,7),(26,12):24.983711
(32,7),(26,32):5.689369
(32,7),(28,32):0.000000
(32,7),(28,26):0.000000
(32,7),(31,26):0.000000
(32,7),(31,31):0.000000
(32,7),(34,31):0.000000
(32,7),(34,33):0.000000
(32,7),(38,33):0.000000
(32,7),(38,35):0.000000
(35,7),(35,8):14.000000
(35,7),(29,8):19.333334
(35,7),(29,9):13.000000
(35,7),(27,9):14.333333
(35,7),(27,12):11.000000
(35,7),(26,12):11.588235
(35,7),(26,32):2.830252
(35,7),(28,32):0.000000
(35,7),(28,26):0.000000
(35,7),(31,26):0.000000
(35,7),(31,31):0.000000
(35,7),(34,31):0.000000
(35,7),(34,33):0.000000
(35,7),(38,33):0.000000
(35,7),(38,35):0.000000
(35,8),(29,8):23.576923
(35,8),(29,9):16.076923
(35,8),(27,9):18.476923
(35,8),(27,12):12.076923
(35,8),(26,12):13.410256
(35,8),(26,32):3.571429
(35,8),(28,32):0.000000
(35,8),(28,26):0.000000
(35,8),(31,26):0.000000
(35,8),(31,31):0.000000
(35,8),(34,31):0.000000
(35,8),(34,33):0.000000
(35,8),(38,33):0.000000
(35,8),(38,35):0.000000
(29,8),(29,9):24.142857
(29,8),(27,9):41.392857
(29,8),(27,12):30.642857
(29,8),(26,12):33.142857
(29,8),(26,32):6.685961
(29,8),(28,32):0.000000
(29,8),(28,26):0.000000
(29,8),(31,26):0.000000
(29,8),(31,31):0.000000
(29,8),(34,31):0.000000
(29,8),(34,33):0.000000
(29,8),(38,33):0.000000
(29,8),(38,35):0.000000
(29,9),(27,9):24.214285
(29,9),(27,12):18.214285
(29,9),(26,12):19.714285
(29,9),(26,32):5.250000
(29,9),(28,32):0.000000
(29,9),(28,26):0.000000
(29,9),(31,26):0.000000
(29,9),(31,31):0.000000
(29,9),(34,31):0.000000
(29,9),(34,33):0.000000
(29,9),(38,33):0.000000
(29,9),(38,35):0.000000
(27,9),(27,12):39.966667
(27,9),(26,12):77.966667
(27,9),(26,32):12.378151
(27,9),(28,32):0.000000
(27,9),(28,26):0.000000
(27,9),(31,26):0.000000
(27,9),(31,31):0.000000
(27,9),(34,31):0.000000
(27,9),(34,33):0.000000
(27,9),(38,33):0.000000
(27,9),(38,35):0.000000
(27,12),(26,12):40.599998
(27,12),(26,32):9.857142
(27,12),(28,32):0.000000
(27,12),(28,26):0.000000
(27,12),(31,26):0.000000
(27,12),(31,31):0.000000
(27,12),(34,31):0.000000
(27,12),(34,33):0.000000
(27,12),(38,33):0.000000
(27,12),(38,35):0.000000
(26,12),(26,32):44.142857
(26,12),(28,32):8.000000
(26,12),(28,26):0.000000
(26,12),(31,26):0.000000
(26,12),(31,31):6.000000
(26,12),(34,31):7.000000
(26,12),(34,33):6.746913
(26,12),(38,33):3.250000
(26,12),(38,35):1.287805
(26,32),(28,32):37.952381
(26,32),(28,26):12.400000
(26,32),(31,26):13.750000
(26,32),(31,31):30.952381
(26,32),(34,31):28.142857
(26,32),(34,33):31.035715
(26,32),(38,33):18.531250
(26,32),(38,35):17.650000
(28,32),(28,26):30.700001
(28,32),(31,26):31.750000
(28,32),(31,31):52.866665
(28,32),(34,31):34.200001
(28,32),(34,33):40.366665
(28,32),(38,33):19.041666
(28,32),(38,35):21.316668
(28,26),(31,26):27.750000
(28,26),(31,31):30.033333
(28,26),(34,31):13.200000
(28,26),(34,33):15.200000
(28,26),(38,33):4.750000
(28,26),(38,35):9.847403
(31,26),(31,31):31.333334
(31,26),(34,31):14.333333
(31,26),(34,33):14.285714
(31,26),(38,33):4.350000
(31,26),(38,35):7.877273
(31,31),(34,31):33.416668
(31,31),(34,33):40.416668
(31,31),(38,33):20.083334
(31,31),(38,35):17.104166
(34,31),(34,33):32.166668
(34,31),(38,33):15.250000
(34,31),(38,35):13.863636
(34,33),(38,33):28.250000
(34,33),(38,35):24.150000
(38,33),(38,35):12.500000
