76
(37,5):(21,4)	(21,7)	(22,3)	(22,4)	(22,5)	(22,6)	(23,4)	(23,5)	(23,6)	(24,4)	(24,5)	(24,6)	(25,4)	(25,5)	(25,6)	(26,4)	(26,5)	(26,6)	(27,4)	(27,5)	(27,6)	(28,4)	(28,5)	(28,6)	(29,4)	(29,5)	(29,6)	(30,4)	(30,5)	(31,4)	(31,5)	(32,4)	(32,5)	(33,4)	(33,5)	(34,4)	(34,5)	(35,4)	(35,5)	(36,4)	(36,5)	(37,4)	(37,5)	(37,6)	(38,3)	(38,5)	
(37,6):(21,4)	(22,3)	(22,4)	(22,5)	(22,6)	(23,4)	(23,5)	(23,6)	(24,4)	(24,5)	(24,6)	(25,4)	(25,5)	(25,6)	(26,4)	(26,5)	(26,6)	(27,4)	(27,5)	(27,6)	(28,4)	(28,5)	(28,6)	(29,4)	(29,5)	(29,6)	(30,4)	(30,5)	(31,4)	(31,5)	(32,4)	(32,5)	(33,4)	(33,5)	(34,4)	(34,5)	(35,4)	(35,5)	(36,4)	(36,5)	(37,4)	(37,5)	(37,6)	
(29,6):(21,4)	(21,7)	(22,3)	(22,4)	(22,5)	(22,6)	(22,9)	(23,4)	(23,5)	(23,6)	(23,9)	(24,4)	(24,5)	(24,6)	(24,7)	(24,8)	(24,9)	(25,4)	(25,5)	(25,6)	(25,7)	(25,8)	(25,9)	(26,4)	(26,5)	(26,6)	(26,7)	(26,8)	(26,9)	(27,4)	(27,5)	(27,6)	(27,7)	(27,8)	(27,9)	(27,16)	(27,17)	(28,4)	(28,5)	(28,6)	(28,7)	(28,8)	(28,9)	(28,10)	(28,11)	(28,12)	(28,13)	(28,14)	(28,15)	(28,16)	(28,17)	(29,4)	(29,5)	(29,6)	(29,9)	(29,10)	(29,11)	(29,12)	(29,13)	(29,14)	(29,15)	(29,16)	(29,17)	(30,4)	(30,5)	(31,4)	(31,5)	(32,4)	(32,5)	(33,4)	(33,5)	(34,4)	(34,5)	(35,4)	(35,5)	(36,4)	(36,5)	(37,4)	(37,5)	(37,6)	(38,3)	
(29,9):(11,8)	(11,10)	(12,9)	(13,9)	(14,9)	(15,9)	(16,9)	(17,9)	(18,9)	(19,9)	(20,9)	(21,4)	(21,9)	(22,3)	(22,4)	(22,5)	(22,6)	(22,9)	(23,4)	(23,5)	(23,6)	(23,9)	(24,4)	(24,5)	(24,6)	(24,7)	(24,8)	(24,9)	(25,4)	(25,5)	(25,6)	(25,7)	(25,8)	(25,9)	(25,17)	(26,4)	(26,5)	(26,6)	(26,7)	(26,8)	(26,9)	(26,15)	(26,16)	(26,17)	(27,4)	(27,5)	(27,6)	(27,7)	(27,8)	(27,9)	(27,13)	(27,14)	(27,15)	(27,16)	(27,17)	(28,4)	(28,5)	(28,6)	(28,7)	(28,8)	(28,9)	(28,10)	(28,11)	(28,12)	(28,13)	(28,14)	(28,15)	(28,16)	(28,17)	(29,4)	(29,5)	(29,6)	(29,9)	(29,10)	(29,11)	(29,12)	(29,13)	(29,14)	(29,15)	(29,16)	(29,17)	(30,10)	(30,11)	(30,12)	(30,13)	(30,14)	(30,15)	(30,16)	(30,17)	(31,10)	(31,11)	(31,12)	(31,13)	(31,14)	(31,15)	(31,16)	(31,17)	(32,10)	(32,11)	(32,12)	(32,13)	(32,14)	(32,15)	(32,16)	(32,17)	(33,10)	(33,11)	(33,12)	(33,13)	(33,14)	(33,15)	(33,16)	(33,17)	(33,18)	(34,9)	
(34,9):(11,10)	(12,9)	(13,9)	(14,9)	(15,9)	(16,9)	(16,17)	(17,9)	(17,17)	(18,9)	(18,16)	(18,17)	(19,9)	(19,16)	(19,17)	(20,9)	(20,15)	(20,16)	(20,17)	(21,9)	(21,14)	(21,15)	(21,16)	(21,17)	(22,9)	(22,13)	(22,14)	(22,15)	(22,16)	(22,17)	(23,9)	(23,13)	(23,14)	(23,15)	(23,16)	(23,17)	(24,9)	(24,13)	(24,14)	(24,15)	(24,16)	(24,17)	(25,9)	(25,12)	(25,13)	(25,14)	(25,15)	(25,16)	(25,17)	(26,9)	(26,12)	(26,13)	(26,14)	(26,15)	(26,16)	(26,17)	(27,9)	(27,12)	(27,13)	(27,14)	(27,15)	(27,16)	(27,17)	(28,9)	(28,10)	(28,11)	(28,12)	(28,13)	(28,14)	(28,15)	(28,16)	(28,17)	(29,9)	(29,10)	(29,11)	(29,12)	(29,13)	(29,14)	(29,15)	(29,16)	(29,17)	(30,10)	(30,11)	(30,12)	(30,13)	(30,14)	(30,15)	(30,16)	(30,17)	(31,10)	(31,11)	(31,12)	(31,13)	(31,14)	(31,15)	(31,16)	(31,17)	(32,10)	(32,11)	(32,12)	(32,13)	(32,14)	(32,15)	(32,16)	(32,17)	(32,29)	(32,30)	(32,31)	(32,32)	(32,33)	(32,34)	(32,35)	(32,36)	(32,37)	(33,10)	(33,11)	(33,12)	(33,13)	(33,14)	(33,15)	(33,16)	(33,17)	(33,18)	(33,19)	(33,20)	(33,21)	(33,22)	(33,23)	(33,24)	(33,25)	(33,26)	(33,27)	(33,28)	(33,29)	(33,30)	(33,31)	(33,32)	(33,33)	(33,34)	(33,35)	(33,36)	(33,37)	(34,9)	(34,29)	(34,30)	(34,31)	(34,32)	(34,33)	(34,34)	(34,35)	(34,36)	(34,37)	
(34,29):(30,26)	(30,31)	(31,20)	(31,26)	(31,27)	(31,28)	(31,29)	(31,30)	(31,31)	(31,38)	(32,20)	(32,21)	(32,22)	(32,23)	(32,25)	(32,26)	(32,27)	(32,28)	(32,29)	(32,30)	(32,31)	(32,32)	(32,33)	(32,34)	(32,35)	(32,36)	(32,37)	(33,10)	(33,11)	(33,12)	(33,13)	(33,14)	(33,15)	(33,16)	(33,17)	(33,18)	(33,19)	(33,20)	(33,21)	(33,22)	(33,23)	(33,24)	(33,25)	(33,26)	(33,27)	(33,28)	(33,29)	(33,30)	(33,31)	(33,32)	(33,33)	(33,34)	(33,35)	(33,36)	(33,37)	(34,9)	(34,29)	(34,30)	(34,31)	(34,32)	(34,33)	(34,34)	(34,35)	(34,36)	(34,37)	(35,29)	(35,32)	(35,33)	(35,34)	(35,35)	(35,36)	(35,37)	(36,38)	
(35,29):(30,31)	(31,29)	(31,30)	(31,31)	(31,38)	(32,29)	(32,30)	(32,31)	(32,32)	(32,33)	(32,34)	(32,35)	(32,36)	(32,37)	(33,29)	(33,30)	(33,31)	(33,32)	(33,33)	(33,34)	(33,35)	(33,36)	(33,37)	(34,29)	(34,30)	(34,31)	(34,32)	(34,33)	(34,34)	(34,35)	(34,36)	(34,37)	(35,29)	(35,32)	(35,33)	(35,34)	(35,35)	(35,36)	(35,37)	
(35,32):(30,26)	(31,26)	(31,27)	(31,28)	(31,29)	(31,30)	(31,31)	(31,38)	(32,23)	(32,25)	(32,26)	(32,27)	(32,28)	(32,29)	(32,30)	(32,31)	(32,32)	(32,33)	(32,34)	(32,35)	(32,36)	(32,37)	(33,26)	(33,27)	(33,28)	(33,29)	(33,30)	(33,31)	(33,32)	(33,33)	(33,34)	(33,35)	(33,36)	(33,37)	(34,29)	(34,30)	(34,31)	(34,32)	(34,33)	(34,34)	(34,35)	(34,36)	(34,37)	(35,29)	(35,32)	(35,33)	(35,34)	(35,35)	(35,36)	(35,37)	(36,32)	(36,38)	
(36,32):(31,38)	(32,32)	(32,33)	(32,34)	(32,35)	(32,36)	(32,37)	(33,32)	(33,33)	(33,34)	(33,35)	(33,36)	(33,37)	(34,32)	(34,33)	(34,34)	(34,35)	(34,36)	(34,37)	(35,32)	(35,33)	(35,34)	(35,35)	(35,36)	(35,37)	(36,32)	(36,38)	
(36,38):(30,26)	(31,26)	(31,27)	(31,28)	(31,29)	(31,30)	(31,31)	(31,38)	(32,20)	(32,21)	(32,22)	(32,23)	(32,25)	(32,26)	(32,27)	(32,28)	(32,29)	(32,30)	(32,31)	(32,32)	(32,33)	(32,34)	(32,35)	(32,36)	(32,37)	(33,25)	(33,26)	(33,27)	(33,28)	(33,29)	(33,30)	(33,31)	(33,32)	(33,33)	(33,34)	(33,35)	(33,36)	(33,37)	(34,29)	(34,30)	(34,31)	(34,32)	(34,33)	(34,34)	(34,35)	(34,36)	(34,37)	(35,32)	(35,33)	(35,34)	(35,35)	(35,36)	(35,37)	(36,32)	(36,38)	
(31,38):(31,26)	(31,27)	(31,28)	(31,29)	(31,30)	(31,31)	(31,38)	(32,25)	(32,26)	(32,27)	(32,28)	(32,29)	(32,30)	(32,31)	(32,32)	(32,33)	(32,34)	(32,35)	(32,36)	(32,37)	(33,19)	(33,20)	(33,21)	(33,22)	(33,23)	(33,24)	(33,25)	(33,26)	(33,27)	(33,28)	(33,29)	(33,30)	(33,31)	(33,32)	(33,33)	(33,34)	(33,35)	(33,36)	(33,37)	(34,29)	(34,30)	(34,31)	(34,32)	(34,33)	(34,34)	(34,35)	(34,36)	(34,37)	(35,29)	(35,32)	(35,33)	(35,34)	(35,35)	(35,36)	(35,37)	(36,32)	(36,38)	
(31,31):(30,26)	(30,31)	(31,26)	(31,27)	(31,28)	(31,29)	(31,30)	(31,31)	(31,38)	(32,25)	(32,26)	(32,27)	(32,28)	(32,29)	(32,30)	(32,31)	(32,32)	(32,33)	(32,34)	(32,35)	(32,36)	(32,37)	(33,19)	(33,20)	(33,21)	(33,22)	(33,23)	(33,24)	(33,25)	(33,26)	(33,27)	(33,28)	(33,29)	(33,30)	(33,31)	(33,32)	(33,33)	(33,34)	(33,35)	(33,36)	(33,37)	(34,29)	(34,30)	(34,31)	(34,32)	(34,33)	(34,34)	(34,35)	(34,36)	(34,37)	(35,29)	(35,32)	(35,33)	(35,34)	(35,35)	(35,36)	(35,37)	(36,38)	
(30,31):(30,26)	(30,31)	(31,26)	(31,27)	(31,28)	(31,29)	(31,30)	(31,31)	(32,25)	(32,26)	(32,27)	(32,28)	(32,29)	(32,30)	(32,31)	(33,22)	(33,23)	(33,24)	(33,25)	(33,26)	(33,27)	(33,28)	(33,29)	(33,30)	(33,31)	(34,29)	(34,30)	(34,31)	(35,29)	
(30,26):(19,25)	(20,26)	(21,26)	(22,26)	(23,26)	(24,26)	(25,26)	(26,26)	(30,26)	(30,31)	(31,26)	(31,27)	(31,28)	(31,29)	(31,30)	(31,31)	(32,25)	(32,26)	(32,27)	(32,28)	(32,29)	(32,30)	(32,31)	(32,32)	(32,33)	(32,34)	(32,35)	(32,36)	(33,25)	(33,26)	(33,27)	(33,28)	(33,29)	(33,30)	(33,31)	(33,32)	(33,33)	(33,34)	(33,35)	(33,36)	(33,37)	(34,29)	(34,30)	(34,31)	(34,32)	(34,33)	(34,34)	(34,35)	(34,36)	(34,37)	(35,32)	(35,33)	(35,34)	(35,35)	(35,36)	(35,37)	(36,38)	
(26,26):(19,25)	(19,30)	(20,26)	(20,27)	(20,28)	(20,29)	(21,26)	(21,27)	(21,28)	(21,29)	(22,26)	(22,27)	(22,28)	(22,29)	(23,26)	(23,27)	(23,28)	(23,29)	(24,26)	(24,27)	(24,28)	(25,26)	(25,27)	(26,26)	(26,27)	(30,26)	(31,26)	(32,25)	(32,26)	(33,25)	(33,26)	
(26,27):(19,25)	(20,26)	(20,27)	(21,26)	(21,27)	(22,26)	(22,27)	(23,26)	(23,27)	(24,26)	(24,27)	(25,26)	(25,27)	(26,26)	(26,27)	
(25,27):(19,25)	(19,30)	(20,26)	(20,27)	(20,28)	(20,29)	(21,26)	(21,27)	(21,28)	(21,29)	(22,26)	(22,27)	(22,28)	(22,29)	(23,26)	(23,27)	(23,28)	(23,29)	(23,30)	(23,36)	(24,26)	(24,27)	(24,28)	(24,29)	(24,30)	(24,31)	(24,32)	(24,33)	(24,34)	(24,35)	(24,36)	(25,26)	(25,27)	(25,35)	(25,36)	(26,26)	(26,27)	
(25,35):(22,26)	(22,27)	(23,26)	(23,27)	(23,28)	(23,29)	(23,30)	(23,36)	(24,26)	(24,27)	(24,28)	(24,29)	(24,30)	(24,31)	(24,32)	(24,33)	(24,34)	(24,35)	(24,36)	(25,26)	(25,27)	(25,35)	(25,36)	(26,36)	(27,35)	(27,37)	
(27,35):(23,36)	(24,35)	(24,36)	(25,35)	(25,36)	(26,36)	(27,35)	(27,37)	
(27,37):(13,37)	(14,36)	(15,36)	(16,36)	(17,36)	(18,36)	(23,36)	(24,34)	(24,35)	(24,36)	(25,35)	(25,36)	(26,36)	(27,35)	(27,37)	
(13,37):(13,34)	(13,37)	(14,34)	(14,35)	(14,36)	(15,34)	(15,35)	(15,36)	(16,34)	(16,35)	(16,36)	(17,34)	(17,35)	(17,36)	(18,33)	(18,36)	(23,36)	(24,36)	(25,36)	(26,36)	(27,37)	
(13,34):(13,34)	(13,37)	(14,34)	(14,35)	(14,36)	(15,34)	(15,35)	(15,36)	(16,34)	(16,35)	(16,36)	(17,34)	(17,35)	(17,36)	(18,36)	
(14,34):(13,34)	(13,37)	(14,33)	(14,34)	(14,35)	(14,36)	(15,34)	(15,35)	(15,36)	(16,34)	(16,35)	(16,36)	(17,34)	(17,35)	(17,36)	(18,33)	(18,36)	
(14,33):(14,33)	(14,34)	(14,35)	(14,36)	(15,34)	(15,35)	(15,36)	(16,34)	(16,35)	(16,36)	(17,34)	(17,35)	(17,36)	(18,33)	(18,36)	
(18,33):(13,37)	(14,33)	(14,34)	(14,35)	(14,36)	(15,34)	(15,35)	(15,36)	(16,34)	(16,35)	(16,36)	(17,34)	(17,35)	(17,36)	(18,33)	(18,36)	
(18,36):(13,34)	(13,37)	(14,33)	(14,34)	(14,35)	(14,36)	(15,34)	(15,35)	(15,36)	(16,34)	(16,35)	(16,36)	(17,34)	(17,35)	(17,36)	(18,33)	(18,36)	(23,36)	(24,36)	(25,36)	(26,36)	(27,37)	
(23,36):(13,37)	(14,36)	(15,36)	(16,36)	(17,36)	(18,36)	(23,26)	(23,27)	(23,28)	(23,29)	(23,30)	(23,36)	(24,26)	(24,27)	(24,28)	(24,29)	(24,30)	(24,31)	(24,32)	(24,33)	(24,34)	(24,35)	(24,36)	(25,26)	(25,27)	(25,35)	(25,36)	(26,36)	(27,35)	(27,37)	
(23,30):(19,25)	(19,30)	(20,26)	(20,27)	(20,28)	(20,29)	(21,26)	(21,27)	(21,28)	(21,29)	(22,26)	(22,27)	(22,28)	(22,29)	(23,26)	(23,27)	(23,28)	(23,29)	(23,30)	(23,36)	(24,26)	(24,27)	(24,28)	(24,29)	(24,30)	(24,31)	(24,32)	(24,33)	(24,34)	(24,35)	(24,36)	(25,26)	(25,27)	(25,35)	(25,36)	
(19,30):(19,25)	(19,30)	(20,26)	(20,27)	(20,28)	(20,29)	(21,26)	(21,27)	(21,28)	(21,29)	(22,26)	(22,27)	(22,28)	(22,29)	(23,26)	(23,27)	(23,28)	(23,29)	(23,30)	(24,26)	(24,27)	(24,28)	(24,29)	(24,30)	(25,26)	(25,27)	(26,26)	
(19,25):(19,25)	(19,30)	(20,26)	(20,27)	(20,28)	(20,29)	(21,26)	(21,27)	(21,28)	(21,29)	(22,26)	(22,27)	(22,28)	(22,29)	(23,26)	(23,27)	(23,28)	(23,29)	(23,30)	(24,26)	(24,27)	(24,28)	(24,29)	(24,30)	(24,31)	(25,26)	(25,27)	(26,26)	(26,27)	(30,26)	(31,26)	(32,25)	(32,26)	(33,25)	(33,26)	
(32,25):(19,25)	(20,26)	(20,27)	(21,26)	(22,26)	(23,26)	(24,26)	(25,26)	(26,26)	(30,26)	(30,31)	(31,26)	(31,27)	(31,28)	(31,29)	(31,30)	(31,31)	(31,38)	(32,20)	(32,21)	(32,22)	(32,23)	(32,25)	(32,26)	(32,27)	(32,28)	(32,29)	(32,30)	(32,31)	(32,32)	(32,33)	(32,34)	(32,35)	(32,36)	(32,37)	(33,19)	(33,20)	(33,21)	(33,22)	(33,23)	(33,24)	(33,25)	(33,26)	(33,27)	(33,28)	(33,29)	(33,30)	(33,31)	(33,32)	(33,33)	(33,34)	(33,35)	(33,36)	(33,37)	(34,29)	(34,30)	(34,31)	(34,32)	(34,33)	(34,34)	(34,35)	(34,36)	(34,37)	(35,32)	(35,33)	(35,34)	(35,35)	(35,36)	(35,37)	(36,38)	
(32,23):(6,19)	(8,20)	(9,20)	(10,20)	(11,20)	(12,20)	(13,20)	(14,20)	(15,20)	(16,20)	(16,21)	(16,23)	(17,20)	(17,21)	(17,22)	(18,20)	(18,21)	(18,22)	(19,20)	(19,21)	(19,22)	(20,20)	(20,21)	(20,22)	(21,20)	(21,21)	(21,22)	(22,20)	(22,21)	(22,22)	(23,20)	(23,21)	(23,22)	(24,20)	(24,21)	(24,22)	(25,20)	(25,21)	(25,22)	(26,20)	(26,21)	(26,22)	(27,20)	(27,21)	(27,22)	(28,20)	(28,21)	(28,22)	(29,20)	(29,21)	(29,22)	(30,20)	(30,21)	(30,22)	(31,20)	(31,21)	(31,22)	(32,20)	(32,21)	(32,22)	(32,23)	(32,25)	(32,26)	(32,27)	(32,28)	(32,29)	(32,30)	(32,31)	(32,32)	(32,33)	(32,34)	(32,35)	(32,36)	(32,37)	(33,19)	(33,20)	(33,21)	(33,22)	(33,23)	(33,24)	(33,25)	(33,26)	(33,27)	(33,28)	(33,29)	(33,30)	(33,31)	(33,32)	(33,33)	(33,34)	(33,35)	(33,36)	(33,37)	(34,29)	(34,30)	(34,31)	(34,32)	(34,33)	(34,34)	(34,35)	(34,36)	(34,37)	(35,32)	(35,33)	(35,34)	(35,35)	(35,36)	(35,37)	(36,38)	
(16,23):(16,20)	(16,21)	(16,23)	(17,20)	(17,21)	(17,22)	(18,20)	(18,21)	(18,22)	(19,20)	(19,21)	(19,22)	(20,20)	(20,21)	(20,22)	(21,20)	(21,21)	(21,22)	(22,20)	(22,21)	(22,22)	(23,20)	(23,21)	(23,22)	(24,20)	(24,21)	(24,22)	(25,20)	(25,21)	(25,22)	(26,20)	(26,21)	(26,22)	(27,20)	(27,21)	(27,22)	(28,20)	(28,21)	(28,22)	(29,20)	(29,21)	(29,22)	(30,20)	(30,21)	(30,22)	(31,20)	(31,21)	(31,22)	(32,20)	(32,21)	(32,22)	(32,23)	(33,19)	(33,20)	(33,21)	(33,22)	(33,23)	
(16,21):(2,20)	(3,21)	(4,21)	(5,20)	(5,21)	(6,19)	(6,20)	(6,21)	(7,20)	(7,21)	(8,20)	(9,20)	(10,20)	(11,20)	(12,20)	(13,20)	(14,20)	(15,20)	(16,20)	(16,21)	(16,23)	(17,20)	(17,21)	(17,22)	(18,20)	(18,21)	(18,22)	(19,20)	(19,21)	(19,22)	(20,20)	(20,21)	(20,22)	(21,20)	(21,21)	(21,22)	(22,20)	(22,21)	(22,22)	(23,20)	(23,21)	(23,22)	(24,20)	(24,21)	(24,22)	(25,20)	(25,21)	(25,22)	(26,20)	(26,21)	(26,22)	(27,20)	(27,21)	(27,22)	(28,20)	(28,21)	(28,22)	(29,20)	(29,21)	(29,22)	(30,20)	(30,21)	(30,22)	(31,20)	(31,21)	(31,22)	(32,20)	(32,21)	(32,22)	(32,23)	(33,19)	(33,20)	(33,21)	(33,22)	(33,23)	
(7,21):(2,20)	(2,22)	(3,21)	(3,22)	(4,21)	(4,22)	(4,23)	(4,24)	(5,20)	(5,21)	(5,22)	(5,23)	(6,19)	(6,20)	(6,21)	(6,22)	(6,23)	(7,20)	(7,21)	(7,24)	(8,20)	(9,20)	(10,20)	(11,20)	(12,20)	(13,20)	(14,20)	(15,20)	(16,20)	(16,21)	(17,20)	(17,21)	(18,20)	(18,21)	(19,20)	(19,21)	(20,20)	(20,21)	(21,20)	(21,21)	(22,20)	(22,21)	(23,20)	(23,21)	(24,20)	(24,21)	(25,20)	(25,21)	(26,20)	(26,21)	(27,20)	(27,21)	(28,20)	(28,21)	(29,20)	(29,21)	(30,20)	(30,21)	(31,20)	(31,21)	(32,20)	(32,21)	(33,19)	(33,20)	(33,21)	
(7,24):(2,20)	(3,21)	(3,22)	(4,21)	(4,22)	(4,23)	(4,24)	(5,20)	(5,21)	(5,22)	(5,23)	(6,19)	(6,20)	(6,21)	(6,22)	(6,23)	(7,20)	(7,21)	(7,24)	
(4,24):(2,20)	(3,21)	(3,22)	(3,28)	(4,21)	(4,22)	(4,23)	(4,24)	(4,28)	(5,20)	(5,21)	(5,22)	(5,23)	(6,19)	(6,20)	(6,21)	(6,22)	(6,23)	(7,20)	(7,21)	(7,24)	(8,20)	
(4,28):(3,21)	(3,22)	(3,28)	(4,21)	(4,22)	(4,23)	(4,24)	(4,28)	
(3,28):(3,21)	(3,22)	(3,28)	(4,21)	(4,22)	(4,23)	(4,24)	(4,28)	(5,20)	
(3,22):(2,20)	(2,22)	(3,21)	(3,22)	(3,28)	(4,21)	(4,22)	(4,23)	(4,24)	(4,28)	(5,20)	(5,21)	(5,22)	(5,23)	(6,19)	(6,20)	(6,21)	(6,22)	(6,23)	(7,20)	(7,21)	(7,24)	(8,20)	(9,20)	(10,20)	(11,20)	
(2,22):(2,20)	(2,22)	(3,21)	(3,22)	(4,21)	(4,22)	(5,20)	(5,21)	(5,22)	(6,20)	(6,21)	(6,22)	(7,20)	(7,21)	(8,20)	(9,20)	(10,20)	(11,20)	(12,20)	
(2,20):(2,20)	(2,22)	(3,21)	(3,22)	(4,21)	(4,22)	(4,23)	(4,24)	(5,20)	(5,21)	(5,22)	(5,23)	(6,20)	(6,21)	(6,22)	(6,23)	(7,20)	(7,21)	(7,24)	(8,20)	(9,20)	(10,20)	(11,20)	(12,20)	(13,20)	(14,20)	(15,20)	(16,20)	(16,21)	(17,20)	(17,21)	(18,20)	(18,21)	(19,20)	(19,21)	(20,20)	(20,21)	(21,20)	(21,21)	(22,20)	(22,21)	(23,20)	(23,21)	(24,20)	(24,21)	(25,20)	(25,21)	(26,20)	(26,21)	(27,20)	(27,21)	(28,20)	(28,21)	(29,20)	(29,21)	(30,20)	(30,21)	(30,22)	(31,20)	(31,21)	(31,22)	(32,20)	(32,21)	(32,22)	(33,20)	(33,21)	(33,22)	
(5,20):(2,20)	(2,22)	(3,21)	(3,22)	(3,28)	(4,21)	(4,22)	(4,23)	(4,24)	(5,2)	(5,20)	(5,21)	(5,22)	(5,23)	(6,1)	(6,19)	(6,20)	(6,21)	(6,22)	(6,23)	(7,20)	(7,21)	(7,24)	(8,20)	(9,20)	(10,20)	(11,20)	(12,20)	(13,20)	(14,20)	(15,20)	(16,20)	(16,21)	(17,20)	(17,21)	(18,20)	(18,21)	(19,20)	(19,21)	(20,20)	(20,21)	(21,20)	(21,21)	(22,20)	(22,21)	(23,20)	(23,21)	(24,20)	(24,21)	(25,20)	(25,21)	(26,20)	(26,21)	(27,20)	(27,21)	(27,22)	(28,20)	(28,21)	(28,22)	(29,20)	(29,21)	(29,22)	(30,20)	(30,21)	(30,22)	(31,20)	(31,21)	(31,22)	(32,20)	(32,21)	(32,22)	(33,19)	(33,20)	(33,21)	(33,22)	
(5,2):(1,1)	(1,2)	(5,2)	(5,20)	(5,21)	(5,22)	(5,23)	(6,1)	(6,19)	(6,20)	(6,21)	(6,22)	(6,23)	
(1,2):(1,1)	(1,2)	(5,2)	(6,1)	
(1,1):(1,1)	(1,2)	(5,2)	(6,1)	
(6,1):(1,1)	(1,2)	(5,2)	(5,20)	(5,21)	(5,22)	(5,23)	(6,1)	(6,19)	(6,20)	(6,21)	(6,22)	(6,23)	
(6,19):(3,22)	(4,21)	(4,22)	(4,23)	(4,24)	(5,2)	(5,20)	(5,21)	(5,22)	(5,23)	(6,1)	(6,19)	(6,20)	(6,21)	(6,22)	(6,23)	(7,20)	(7,21)	(7,24)	(8,20)	(9,20)	(10,20)	(11,20)	(12,20)	(13,20)	(14,20)	(15,20)	(16,20)	(16,21)	(17,20)	(17,21)	(18,20)	(18,21)	(19,20)	(19,21)	(20,20)	(20,21)	(21,20)	(21,21)	(21,22)	(22,20)	(22,21)	(22,22)	(23,20)	(23,21)	(23,22)	(24,20)	(24,21)	(24,22)	(25,20)	(25,21)	(25,22)	(26,20)	(26,21)	(26,22)	(27,20)	(27,21)	(27,22)	(28,20)	(28,21)	(28,22)	(29,20)	(29,21)	(29,22)	(30,20)	(30,21)	(30,22)	(31,20)	(31,21)	(31,22)	(32,20)	(32,21)	(32,22)	(32,23)	(33,19)	(33,20)	(33,21)	(33,22)	(33,23)	
(33,19):(3,21)	(4,21)	(5,20)	(5,21)	(6,19)	(6,20)	(6,21)	(7,20)	(7,21)	(8,20)	(9,20)	(10,20)	(11,20)	(12,20)	(13,20)	(14,20)	(15,20)	(16,20)	(16,21)	(16,23)	(17,20)	(17,21)	(17,22)	(18,20)	(18,21)	(18,22)	(19,20)	(19,21)	(19,22)	(20,20)	(20,21)	(20,22)	(21,20)	(21,21)	(21,22)	(22,20)	(22,21)	(22,22)	(23,20)	(23,21)	(23,22)	(24,20)	(24,21)	(24,22)	(25,20)	(25,21)	(25,22)	(26,20)	(26,21)	(26,22)	(27,20)	(27,21)	(27,22)	(28,20)	(28,21)	(28,22)	(29,20)	(29,21)	(29,22)	(30,20)	(30,21)	(30,22)	(31,20)	(31,21)	(31,22)	(31,31)	(31,38)	(32,20)	(32,21)	(32,22)	(32,23)	(32,25)	(32,26)	(32,27)	(32,28)	(32,29)	(32,30)	(32,31)	(32,32)	(32,33)	(32,34)	(32,35)	(32,36)	(32,37)	(33,10)	(33,11)	(33,12)	(33,13)	(33,14)	(33,15)	(33,16)	(33,17)	(33,18)	(33,19)	(33,20)	(33,21)	(33,22)	(33,23)	(33,24)	(33,25)	(33,26)	(33,27)	(33,28)	(33,29)	(33,30)	(33,31)	(33,32)	(33,33)	(33,34)	(33,35)	(33,36)	(33,37)	(34,9)	(34,29)	(34,30)	(34,31)	(34,32)	(34,33)	(34,34)	(34,35)	(34,36)	(34,37)	
(33,18):(9,16)	(10,17)	(10,18)	(11,17)	(12,15)	(12,16)	(12,17)	(13,16)	(13,17)	(14,16)	(14,17)	(15,16)	(15,17)	(16,16)	(16,17)	(17,16)	(17,17)	(18,16)	(18,17)	(19,16)	(19,17)	(20,12)	(20,15)	(20,16)	(20,17)	(21,12)	(21,13)	(21,14)	(21,15)	(21,16)	(21,17)	(22,12)	(22,13)	(22,14)	(22,15)	(22,16)	(22,17)	(23,12)	(23,13)	(23,14)	(23,15)	(23,16)	(23,17)	(24,12)	(24,13)	(24,14)	(24,15)	(24,16)	(24,17)	(25,4)	(25,5)	(25,12)	(25,13)	(25,14)	(25,15)	(25,16)	(25,17)	(26,4)	(26,5)	(26,6)	(26,12)	(26,13)	(26,14)	(26,15)	(26,16)	(26,17)	(27,5)	(27,6)	(27,7)	(27,8)	(27,12)	(27,13)	(27,14)	(27,15)	(27,16)	(27,17)	(28,7)	(28,8)	(28,9)	(28,10)	(28,11)	(28,12)	(28,13)	(28,14)	(28,15)	(28,16)	(28,17)	(29,9)	(29,10)	(29,11)	(29,12)	(29,13)	(29,14)	(29,15)	(29,16)	(29,17)	(30,10)	(30,11)	(30,12)	(30,13)	(30,14)	(30,15)	(30,16)	(30,17)	(31,10)	(31,11)	(31,12)	(31,13)	(31,14)	(31,15)	(31,16)	(31,17)	(32,10)	(32,11)	(32,12)	(32,13)	(32,14)	(32,15)	(32,16)	(32,17)	(33,10)	(33,11)	(33,12)	(33,13)	(33,14)	(33,15)	(33,16)	(33,17)	(33,18)	(33,19)	(33,20)	(33,21)	(33,22)	(33,23)	(33,24)	(33,25)	(33,26)	(33,27)	(33,28)	(33,29)	(33,30)	(33,31)	(33,32)	(33,33)	(33,34)	(33,35)	(33,36)	(33,37)	(34,9)	(34,29)	(34,30)	(34,31)	(34,32)	(34,33)	(34,34)	(34,35)	(34,36)	(34,37)	
(10,18):(10,17)	(10,18)	(11,17)	(12,16)	(12,17)	(13,16)	(13,17)	(14,16)	(14,17)	(15,16)	(15,17)	(16,16)	(16,17)	(17,16)	(17,17)	(18,16)	(18,17)	(19,16)	(19,17)	(20,15)	(20,16)	(20,17)	(21,15)	(21,16)	(21,17)	(22,15)	(22,16)	(22,17)	(23,15)	(23,16)	(23,17)	(24,14)	(24,15)	(24,16)	(24,17)	(25,14)	(25,15)	(25,16)	(25,17)	(26,14)	(26,15)	(26,16)	(26,17)	(27,13)	(27,14)	(27,15)	(27,16)	(27,17)	(28,13)	(28,14)	(28,15)	(28,16)	(28,17)	(29,13)	(29,14)	(29,15)	(29,16)	(29,17)	(30,12)	(30,13)	(30,14)	(30,15)	(30,16)	(30,17)	(31,12)	(31,13)	(31,14)	(31,15)	(31,16)	(31,17)	(32,12)	(32,13)	(32,14)	(32,15)	(32,16)	(32,17)	(33,12)	(33,13)	(33,14)	(33,15)	(33,16)	(33,17)	(33,18)	
(10,17):(9,16)	(9,17)	(10,17)	(10,18)	(11,17)	(12,16)	(12,17)	(13,16)	(13,17)	(14,16)	(14,17)	(15,16)	(15,17)	(16,16)	(16,17)	(17,16)	(17,17)	(18,16)	(18,17)	(19,16)	(19,17)	(20,15)	(20,16)	(20,17)	(21,15)	(21,16)	(21,17)	(22,15)	(22,16)	(22,17)	(23,15)	(23,16)	(23,17)	(24,15)	(24,16)	(24,17)	(25,14)	(25,15)	(25,16)	(25,17)	(26,14)	(26,15)	(26,16)	(26,17)	(27,14)	(27,15)	(27,16)	(27,17)	(28,14)	(28,15)	(28,16)	(28,17)	(29,14)	(29,15)	(29,16)	(29,17)	(30,13)	(30,14)	(30,15)	(30,16)	(30,17)	(31,13)	(31,14)	(31,15)	(31,16)	(31,17)	(32,13)	(32,14)	(32,15)	(32,16)	(32,17)	(33,13)	(33,14)	(33,15)	(33,16)	(33,17)	(33,18)	
(9,17):(9,16)	(9,17)	(10,17)	(11,17)	(12,16)	(12,17)	(13,16)	(13,17)	(14,16)	(14,17)	(15,16)	(15,17)	(16,16)	(16,17)	(17,16)	(17,17)	(18,16)	(18,17)	(19,16)	(19,17)	(20,15)	(20,16)	(20,17)	(21,15)	(21,16)	(21,17)	(22,15)	(22,16)	(22,17)	(23,15)	(23,16)	(23,17)	(24,15)	(24,16)	(24,17)	(25,15)	(25,16)	(25,17)	(26,14)	(26,15)	(26,16)	(26,17)	(27,14)	(27,15)	(27,16)	(27,17)	(28,14)	(28,15)	(28,16)	(28,17)	(29,14)	(29,15)	(29,16)	(29,17)	(30,14)	(30,15)	(30,16)	(30,17)	(31,13)	(31,14)	(31,15)	(31,16)	(31,17)	(32,13)	(32,14)	(32,15)	(32,16)	(32,17)	(33,13)	(33,14)	(33,15)	(33,16)	(33,17)	
(9,16):(9,16)	(9,17)	(10,17)	(11,17)	(12,16)	(12,17)	(13,16)	(13,17)	(14,16)	(14,17)	(15,16)	(15,17)	(16,16)	(16,17)	(17,16)	(17,17)	(18,16)	(18,17)	(19,16)	(19,17)	(20,16)	(20,17)	(21,16)	(21,17)	(22,16)	(22,17)	(23,16)	(23,17)	(24,16)	(24,17)	(25,16)	(25,17)	(26,16)	(26,17)	(27,16)	(27,17)	(28,16)	(28,17)	(29,16)	(29,17)	(30,16)	(30,17)	(31,16)	(31,17)	(32,16)	(32,17)	(33,16)	(33,17)	(33,18)	
(12,16):(9,16)	(9,17)	(10,17)	(10,18)	(11,17)	(12,15)	(12,16)	(12,17)	(13,16)	(13,17)	(14,16)	(14,17)	(15,16)	(15,17)	(16,16)	(16,17)	(17,16)	(17,17)	(18,16)	(18,17)	(19,16)	(19,17)	(20,15)	(20,16)	(20,17)	(21,15)	(21,16)	(21,17)	(22,15)	(22,16)	(22,17)	(23,15)	(23,16)	(23,17)	(24,15)	(24,16)	(24,17)	(25,15)	(25,16)	(25,17)	(26,15)	(26,16)	(26,17)	(27,15)	(27,16)	(27,17)	(28,14)	(28,15)	(28,16)	(28,17)	(29,14)	(29,15)	(29,16)	(29,17)	(30,14)	(30,15)	(30,16)	(30,17)	(31,14)	(31,15)	(31,16)	(31,17)	(32,14)	(32,15)	(32,16)	(32,17)	(33,14)	(33,15)	(33,16)	(33,17)	(33,18)	
(12,15):(12,15)	(12,16)	(12,17)	(13,16)	(13,17)	(14,16)	(14,17)	(15,16)	(15,17)	(16,16)	(16,17)	(17,16)	(17,17)	(18,16)	(18,17)	(19,16)	(19,17)	(20,15)	(20,16)	(20,17)	(21,15)	(21,16)	(21,17)	(22,15)	(22,16)	(22,17)	(23,15)	(23,16)	(23,17)	(24,15)	(24,16)	(24,17)	(25,15)	(25,16)	(25,17)	(26,15)	(26,16)	(26,17)	(27,15)	(27,16)	(27,17)	(28,15)	(28,16)	(28,17)	(29,15)	(29,16)	(29,17)	(30,15)	(30,16)	(30,17)	(31,15)	(31,16)	(31,17)	(32,15)	(32,16)	(32,17)	(33,15)	(33,16)	(33,17)	(33,18)	
(20,15):(9,17)	(10,17)	(10,18)	(11,17)	(12,15)	(12,16)	(12,17)	(13,16)	(13,17)	(14,16)	(14,17)	(15,16)	(15,17)	(16,16)	(16,17)	(17,16)	(17,17)	(18,16)	(18,17)	(19,16)	(19,17)	(20,12)	(20,15)	(20,16)	(20,17)	(21,12)	(21,13)	(21,14)	(21,15)	(21,16)	(21,17)	(22,12)	(22,13)	(22,14)	(22,15)	(22,16)	(22,17)	(23,12)	(23,13)	(23,14)	(23,15)	(23,16)	(23,17)	(24,12)	(24,13)	(24,14)	(24,15)	(24,16)	(24,17)	(25,12)	(25,13)	(25,14)	(25,15)	(25,16)	(25,17)	(26,12)	(26,13)	(26,14)	(26,15)	(26,16)	(26,17)	(27,12)	(27,13)	(27,14)	(27,15)	(27,16)	(27,17)	(28,11)	(28,12)	(28,13)	(28,14)	(28,15)	(28,16)	(28,17)	(29,11)	(29,12)	(29,13)	(29,14)	(29,15)	(29,16)	(29,17)	(30,10)	(30,11)	(30,12)	(30,13)	(30,14)	(30,15)	(30,16)	(30,17)	(31,10)	(31,11)	(31,12)	(31,13)	(31,14)	(31,15)	(31,16)	(31,17)	(32,10)	(32,11)	(32,12)	(32,13)	(32,14)	(32,15)	(32,16)	(32,17)	(33,10)	(33,11)	(33,12)	(33,13)	(33,14)	(33,15)	(33,16)	(33,17)	(33,18)	(34,9)	
(20,12):(15,11)	(16,12)	(17,12)	(20,12)	(20,15)	(20,16)	(20,17)	(21,12)	(21,13)	(21,14)	(21,15)	(21,16)	(21,17)	(22,12)	(22,13)	(22,14)	(22,15)	(22,16)	(22,17)	(23,12)	(23,13)	(23,14)	(23,15)	(23,16)	(23,17)	(24,12)	(24,13)	(24,14)	(24,15)	(24,16)	(24,17)	(25,12)	(25,13)	(25,14)	(25,15)	(25,16)	(25,17)	(26,12)	(26,13)	(26,14)	(26,15)	(26,16)	(26,17)	(27,12)	(27,13)	(27,14)	(27,15)	(27,16)	(27,17)	(28,11)	(28,12)	(28,13)	(28,14)	(28,15)	(28,16)	(28,17)	(29,11)	(29,12)	(29,13)	(29,14)	(29,15)	(29,16)	(29,17)	(30,11)	(30,12)	(30,13)	(30,14)	(30,15)	(30,16)	(30,17)	(31,11)	(31,12)	(31,13)	(31,14)	(31,15)	(31,16)	(31,17)	(32,11)	(32,12)	(32,13)	(32,14)	(32,15)	(32,16)	(32,17)	(33,11)	(33,12)	(33,13)	(33,14)	(33,15)	(33,16)	(33,17)	(33,18)	
(17,12):(15,11)	(15,13)	(16,12)	(16,13)	(17,12)	(17,14)	(20,12)	(21,12)	(22,12)	(23,12)	(24,12)	(25,12)	(26,12)	(27,12)	(28,11)	(28,12)	(29,11)	(29,12)	(30,11)	(30,12)	(31,11)	(31,12)	(32,11)	(32,12)	(33,11)	(33,12)	
(17,14):(8,13)	(8,14)	(15,11)	(15,13)	(16,12)	(16,13)	(17,12)	(17,14)	
(8,14):(8,13)	(8,14)	(15,13)	(16,13)	(17,14)	
(8,13):(8,13)	(8,14)	(15,13)	(16,13)	(17,14)	
(15,13):(8,13)	(8,14)	(15,11)	(15,13)	(16,12)	(16,13)	(17,12)	(17,14)	
(15,11):(15,11)	(15,13)	(16,12)	(16,13)	(17,12)	(17,14)	(20,12)	(21,12)	(22,12)	(23,12)	(24,12)	(25,12)	(25,13)	(26,12)	(26,13)	(27,12)	(27,13)	(28,11)	(28,12)	(28,13)	(29,11)	(29,12)	(29,13)	(30,11)	(30,12)	(30,13)	(30,14)	(31,11)	(31,12)	(31,13)	(31,14)	(32,11)	(32,12)	(32,13)	(32,14)	(33,11)	(33,12)	(33,13)	(33,14)	
(28,11):(15,11)	(16,12)	(16,17)	(17,12)	(17,17)	(18,16)	(18,17)	(19,16)	(19,17)	(20,12)	(20,15)	(20,16)	(20,17)	(21,12)	(21,13)	(21,14)	(21,15)	(21,16)	(21,17)	(22,12)	(22,13)	(22,14)	(22,15)	(22,16)	(22,17)	(23,12)	(23,13)	(23,14)	(23,15)	(23,16)	(23,17)	(24,12)	(24,13)	(24,14)	(24,15)	(24,16)	(24,17)	(25,12)	(25,13)	(25,14)	(25,15)	(25,16)	(25,17)	(26,12)	(26,13)	(26,14)	(26,15)	(26,16)	(26,17)	(27,12)	(27,13)	(27,14)	(27,15)	(27,16)	(27,17)	(28,4)	(28,5)	(28,6)	(28,7)	(28,8)	(28,9)	(28,10)	(28,11)	(28,12)	(28,13)	(28,14)	(28,15)	(28,16)	(28,17)	(29,4)	(29,5)	(29,6)	(29,9)	(29,10)	(29,11)	(29,12)	(29,13)	(29,14)	(29,15)	(29,16)	(29,17)	(30,10)	(30,11)	(30,12)	(30,13)	(30,14)	(30,15)	(30,16)	(30,17)	(31,10)	(31,11)	(31,12)	(31,13)	(31,14)	(31,15)	(31,16)	(31,17)	(32,10)	(32,11)	(32,12)	(32,13)	(32,14)	(32,15)	(32,16)	(32,17)	(33,10)	(33,11)	(33,12)	(33,13)	(33,14)	(33,15)	(33,16)	(33,17)	(33,18)	(34,9)	
(28,10):(11,8)	(11,10)	(12,9)	(13,9)	(14,9)	(15,9)	(16,9)	(17,9)	(18,9)	(19,9)	(20,9)	(21,4)	(21,9)	(22,3)	(22,4)	(22,5)	(22,9)	(23,4)	(23,5)	(23,6)	(23,9)	(24,4)	(24,5)	(24,6)	(24,7)	(24,8)	(24,9)	(25,4)	(25,5)	(25,6)	(25,7)	(25,8)	(25,9)	(26,4)	(26,5)	(26,6)	(26,7)	(26,8)	(26,9)	(27,4)	(27,5)	(27,6)	(27,7)	(27,8)	(27,9)	(28,4)	(28,5)	(28,6)	(28,7)	(28,8)	(28,9)	(28,10)	(28,11)	(28,12)	(28,13)	(28,14)	(28,15)	(28,16)	(28,17)	(29,4)	(29,5)	(29,6)	(29,9)	(29,10)	(29,11)	(29,12)	(29,13)	(29,14)	(29,15)	(29,16)	(29,17)	(30,10)	(30,11)	(30,12)	(30,13)	(30,14)	(30,15)	(30,16)	(30,17)	(31,10)	(31,11)	(31,12)	(31,13)	(31,14)	(31,15)	(31,16)	(31,17)	(32,10)	(32,11)	(32,12)	(32,13)	(32,14)	(32,15)	(32,16)	(32,17)	(33,10)	(33,11)	(33,12)	(33,13)	(33,14)	(33,15)	(33,16)	(33,17)	(33,18)	(34,9)	
(11,10):(11,8)	(11,10)	(12,9)	(13,9)	(14,9)	(15,9)	(16,9)	(17,9)	(18,9)	(19,9)	(20,9)	(21,9)	(22,9)	(23,9)	(24,8)	(24,9)	(25,8)	(25,9)	(26,8)	(26,9)	(27,8)	(27,9)	(28,8)	(28,9)	(28,10)	(29,9)	(29,10)	(30,10)	(31,10)	(32,10)	(33,10)	(34,9)	
(11,8):(11,8)	(11,10)	(12,9)	(13,9)	(14,9)	(15,9)	(16,9)	(17,9)	(18,9)	(19,9)	(20,9)	(21,9)	(22,9)	(23,9)	(24,8)	(24,9)	(25,8)	(25,9)	(26,8)	(26,9)	(27,8)	(27,9)	(28,8)	(28,9)	(28,10)	(29,9)	(29,10)	(30,10)	(31,10)	(32,10)	(33,10)	
(24,8):(11,8)	(11,10)	(12,9)	(13,9)	(14,9)	(15,9)	(16,9)	(17,9)	(18,9)	(19,9)	(20,9)	(21,9)	(22,9)	(23,9)	(24,4)	(24,5)	(24,6)	(24,7)	(24,8)	(24,9)	(25,4)	(25,5)	(25,6)	(25,7)	(25,8)	(25,9)	(26,4)	(26,5)	(26,6)	(26,7)	(26,8)	(26,9)	(27,4)	(27,5)	(27,6)	(27,7)	(27,8)	(27,9)	(28,4)	(28,5)	(28,6)	(28,7)	(28,8)	(28,9)	(28,10)	(29,4)	(29,5)	(29,6)	(29,9)	(29,10)	(30,4)	(30,5)	(30,10)	(30,11)	(31,4)	(31,5)	(31,10)	(31,11)	(32,4)	(32,10)	(32,11)	(32,12)	(33,4)	(33,10)	(33,11)	(33,12)	(34,4)	
(24,7):(21,4)	(21,7)	(22,3)	(22,4)	(22,5)	(22,6)	(23,4)	(23,5)	(23,6)	(24,4)	(24,5)	(24,6)	(24,7)	(24,8)	(24,9)	(25,4)	(25,5)	(25,6)	(25,7)	(25,8)	(25,9)	(26,4)	(26,5)	(26,6)	(26,7)	(26,8)	(26,9)	(27,4)	(27,5)	(27,6)	(27,7)	(27,8)	(27,9)	(28,4)	(28,5)	(28,6)	(28,7)	(28,8)	(28,9)	(28,10)	(29,4)	(29,5)	(29,6)	(29,9)	(29,10)	(30,4)	(30,5)	(30,10)	(30,11)	(31,4)	(31,5)	(31,10)	(31,11)	(31,12)	(32,4)	(32,5)	(32,11)	(32,12)	(32,13)	(33,4)	(33,5)	(33,11)	(33,12)	(33,13)	(34,4)	(34,5)	(35,4)	(36,4)	(37,4)	(38,3)	
(21,7):(21,4)	(21,7)	(22,4)	(22,5)	(22,6)	(23,4)	(23,5)	(23,6)	(24,4)	(24,5)	(24,6)	(24,7)	(25,4)	(25,5)	(25,6)	(25,7)	(26,4)	(26,5)	(26,6)	(26,7)	(27,4)	(27,5)	(27,6)	(27,7)	(28,4)	(28,5)	(28,6)	(28,7)	(29,4)	(29,5)	(29,6)	(30,4)	(30,5)	(31,4)	(31,5)	(32,4)	(32,5)	(33,4)	(33,5)	(34,4)	(34,5)	(35,4)	(35,5)	(36,4)	(36,5)	(37,4)	(37,5)	(38,3)	
(21,4):(21,4)	(21,7)	(22,4)	(22,5)	(22,6)	(23,4)	(23,5)	(23,6)	(24,4)	(24,5)	(24,6)	(24,7)	(25,4)	(25,5)	(25,6)	(25,7)	(25,8)	(26,4)	(26,5)	(26,6)	(26,7)	(26,8)	(26,9)	(27,4)	(27,5)	(27,6)	(27,7)	(27,8)	(27,9)	(28,4)	(28,5)	(28,6)	(28,7)	(28,8)	(28,9)	(28,10)	(29,4)	(29,5)	(29,6)	(29,9)	(29,10)	(30,4)	(30,5)	(30,10)	(30,11)	(31,4)	(31,5)	(31,11)	(31,12)	(32,4)	(32,5)	(32,11)	(32,12)	(32,13)	(33,4)	(33,5)	(33,12)	(33,13)	(33,14)	(34,4)	(34,5)	(35,4)	(35,5)	(36,4)	(36,5)	(37,4)	(37,5)	(37,6)	(38,5)	
(22,4):(21,4)	(21,7)	(22,3)	(22,4)	(22,5)	(22,6)	(23,4)	(23,5)	(23,6)	(24,4)	(24,5)	(24,6)	(24,7)	(25,4)	(25,5)	(25,6)	(25,7)	(25,8)	(26,4)	(26,5)	(26,6)	(26,7)	(26,8)	(26,9)	(27,4)	(27,5)	(27,6)	(27,7)	(27,8)	(27,9)	(28,4)	(28,5)	(28,6)	(28,7)	(28,8)	(28,9)	(28,10)	(29,4)	(29,5)	(29,6)	(29,9)	(29,10)	(29,11)	(30,4)	(30,5)	(30,10)	(30,11)	(30,12)	(31,4)	(31,5)	(31,11)	(31,12)	(31,13)	(32,4)	(32,5)	(32,12)	(32,13)	(32,14)	(33,4)	(33,5)	(33,12)	(33,13)	(33,14)	(33,15)	(34,4)	(34,5)	(35,4)	(35,5)	(36,4)	(36,5)	(37,4)	(37,5)	(37,6)	(38,3)	(38,5)	
(22,3):(22,3)	(22,4)	(22,5)	(22,6)	(23,4)	(23,5)	(23,6)	(24,4)	(24,5)	(24,6)	(24,7)	(25,4)	(25,5)	(25,6)	(25,7)	(25,8)	(25,9)	(26,4)	(26,5)	(26,6)	(26,7)	(26,8)	(26,9)	(27,4)	(27,5)	(27,6)	(27,7)	(27,8)	(27,9)	(28,4)	(28,5)	(28,6)	(28,7)	(28,8)	(28,9)	(28,10)	(29,4)	(29,5)	(29,6)	(29,9)	(29,10)	(29,11)	(30,4)	(30,5)	(30,10)	(30,11)	(30,12)	(31,4)	(31,5)	(31,11)	(31,12)	(31,13)	(32,4)	(32,5)	(32,12)	(32,13)	(32,14)	(33,4)	(33,5)	(33,13)	(33,14)	(33,15)	(34,4)	(34,5)	(35,4)	(35,5)	(36,4)	(36,5)	(37,4)	(37,5)	(37,6)	(38,3)	(38,5)	
(38,3):(21,7)	(22,3)	(22,4)	(22,5)	(22,6)	(23,4)	(23,5)	(23,6)	(24,4)	(24,5)	(24,6)	(24,7)	(25,4)	(25,5)	(25,6)	(25,7)	(26,4)	(26,5)	(26,6)	(26,7)	(27,4)	(27,5)	(27,6)	(28,4)	(28,5)	(28,6)	(29,4)	(29,5)	(29,6)	(30,4)	(30,5)	(31,4)	(31,5)	(32,4)	(32,5)	(33,4)	(33,5)	(34,4)	(34,5)	(35,4)	(35,5)	(36,4)	(36,5)	(37,4)	(37,5)	(38,3)	(38,5)	
(38,5):(21,4)	(22,3)	(22,4)	(22,5)	(23,4)	(23,5)	(24,4)	(24,5)	(25,4)	(25,5)	(26,4)	(26,5)	(27,4)	(27,5)	(28,4)	(28,5)	(29,4)	(29,5)	(30,4)	(30,5)	(31,4)	(31,5)	(32,4)	(32,5)	(33,4)	(33,5)	(34,4)	(34,5)	(35,4)	(35,5)	(36,4)	(36,5)	(37,4)	(37,5)	(38,3)	(38,5)	
(37,5):53.000000
(37,6):47.000000
(29,6):89.837502
(29,9):136.574997
(34,9):164.883331
(34,29):87.515152
(35,29):38.000000
(35,32):58.291668
(36,32):30.000000
(36,38):61.822224
(31,38):69.365387
(31,31):71.974998
(30,31):32.000000
(30,26):66.125000
(26,26):35.833332
(26,27):14.000000
(25,27):46.611111
(25,35):34.000000
(27,35):10.000000
(27,37):21.388889
(13,37):28.633333
(13,34):16.250000
(14,34):20.000000
(14,33):16.666666
(18,33):18.875000
(18,36):28.000000
(23,36):38.444443
(23,30):46.133335
(19,30):32.625000
(19,25):43.227272
(32,25):87.916664
(32,23):130.514420
(16,23):72.117645
(16,21):97.408821
(7,21):75.538460
(7,24):22.250000
(4,24):26.000000
(4,28):8.333333
(3,28):10.000000
(3,22):31.500000
(2,22):21.250000
(2,20):55.571430
(5,20):108.745132
(5,2):27.735294
(1,2):5.000000
(1,1):5.125000
(6,1):27.421053
(6,19):115.587105
(33,19):151.850830
(33,18):177.055908
(10,18):98.900002
(10,17):89.621742
(9,17):63.318180
(9,16):48.541668
(12,16):83.297623
(12,15):66.071426
(20,15):134.552887
(20,12):105.480766
(17,12):25.636364
(17,14):13.000000
(8,14):9.285714
(8,13):9.000000
(15,13):14.000000
(15,11):42.599998
(28,11):131.781815
(28,10):123.550003
(11,10):42.923077
(11,8):42.423203
(24,8):83.750000
(24,7):78.400002
(21,7):52.770832
(21,4):64.116074
(22,4):83.071426
(22,3):82.035713
(38,3):55.885418
(38,5):33.000000
(37,5),(37,6):47.000000
(37,5),(29,6):52.937500
(37,5),(29,9):25.628571
(37,5),(34,9):0.000000
(37,5),(34,29):0.000000
(37,5),(35,29):0.000000
(37,5),(35,32):0.000000
(37,5),(36,32):0.000000
(37,5),(36,38):0.000000
(37,5),(31,38):0.000000
(37,5),(31,31):0.000000
(37,5),(30,31):0.000000
(37,5),(30,26):0.000000
(37,5),(26,26):0.000000
(37,5),(26,27):0.000000
(37,5),(25,27):0.000000
(37,5),(25,35):0.000000
(37,5),(27,35):0.000000
(37,5),(27,37):0.000000
(37,5),(13,37):0.000000
(37,5),(13,34):0.000000
(37,5),(14,34):0.000000
(37,5),(14,33):0.000000
(37,5),(18,33):0.000000
(37,5),(18,36):0.000000
(37,5),(23,36):0.000000
(37,5),(23,30):0.000000
(37,5),(19,30):0.000000
(37,5),(19,25):0.000000
(37,5),(32,25):0.000000
(37,5),(32,23):0.000000
(37,5),(16,23):0.000000
(37,5),(16,21):0.000000
(37,5),(7,21):0.000000
(37,5),(7,24):0.000000
(37,5),(4,24):0.000000
(37,5),(4,28):0.000000
(37,5),(3,28):0.000000
(37,5),(3,22):0.000000
(37,5),(2,22):0.000000
(37,5),(2,20):0.000000
(37,5),(5,20):0.000000
(37,5),(5,2):0.000000
(37,5),(1,2):0.000000
(37,5),(1,1):0.000000
(37,5),(6,1):0.000000
(37,5),(6,19):0.000000
(37,5),(33,19):0.000000
(37,5),(33,18):7.917382
(37,5),(10,18):0.000000
(37,5),(10,17):0.000000
(37,5),(9,17):0.000000
(37,5),(9,16):0.000000
(37,5),(12,16):0.000000
(37,5),(12,15):0.000000
(37,5),(20,15):0.000000
(37,5),(20,12):0.000000
(37,5),(17,12):0.000000
(37,5),(17,14):0.000000
(37,5),(8,14):0.000000
(37,5),(8,13):0.000000
(37,5),(15,13):0.000000
(37,5),(15,11):0.000000
(37,5),(28,11):3.962500
(37,5),(28,10):25.232143
(37,5),(11,10):0.000000
(37,5),(11,8):0.000000
(37,5),(24,8):27.812500
(37,5),(24,7):45.900002
(37,5),(21,7):48.770832
(37,5),(21,4):37.000000
(37,5),(22,4):53.000000
(37,5),(22,3):50.062500
(37,5),(38,3):52.718750
(37,5),(38,5):33.000000
(37,6),(29,6):47.000000
(37,6),(29,9):22.950001
(37,6),(34,9):0.000000
(37,6),(34,29):0.000000
(37,6),(35,29):0.000000
(37,6),(35,32):0.000000
(37,6),(36,32):0.000000
(37,6),(36,38):0.000000
(37,6),(31,38):0.000000
(37,6),(31,31):0.000000
(37,6),(30,31):0.000000
(37,6),(30,26):0.000000
(37,6),(26,26):0.000000
(37,6),(26,27):0.000000
(37,6),(25,27):0.000000
(37,6),(25,35):0.000000
(37,6),(27,35):0.000000
(37,6),(27,37):0.000000
(37,6),(13,37):0.000000
(37,6),(13,34):0.000000
(37,6),(14,34):0.000000
(37,6),(14,33):0.000000
(37,6),(18,33):0.000000
(37,6),(18,36):0.000000
(37,6),(23,36):0.000000
(37,6),(23,30):0.000000
(37,6),(19,30):0.000000
(37,6),(19,25):0.000000
(37,6),(32,25):0.000000
(37,6),(32,23):0.000000
(37,6),(16,23):0.000000
(37,6),(16,21):0.000000
(37,6),(7,21):0.000000
(37,6),(7,24):0.000000
(37,6),(4,24):0.000000
(37,6),(4,28):0.000000
(37,6),(3,28):0.000000
(37,6),(3,22):0.000000
(37,6),(2,22):0.000000
(37,6),(2,20):0.000000
(37,6),(5,20):0.000000
(37,6),(5,2):0.000000
(37,6),(1,2):0.000000
(37,6),(1,1):0.000000
(37,6),(6,1):0.000000
(37,6),(6,19):0.000000
(37,6),(33,19):0.000000
(37,6),(33,18):7.312500
(37,6),(10,18):0.000000
(37,6),(10,17):0.000000
(37,6),(9,17):0.000000
(37,6),(9,16):0.000000
(37,6),(12,16):0.000000
(37,6),(12,15):0.000000
(37,6),(20,15):0.000000
(37,6),(20,12):0.000000
(37,6),(17,12):0.000000
(37,6),(17,14):0.000000
(37,6),(8,14):0.000000
(37,6),(8,13):0.000000
(37,6),(15,13):0.000000
(37,6),(15,11):0.000000
(37,6),(28,11):3.900000
(37,6),(28,10):23.083334
(37,6),(11,10):0.000000
(37,6),(11,8):0.000000
(37,6),(24,8):26.250000
(37,6),(24,7):40.599998
(37,6),(21,7):42.833332
(37,6),(21,4):32.000000
(37,6),(22,4):47.000000
(37,6),(22,3):45.000000
(37,6),(38,3):46.718750
(37,6),(38,5):31.000000
(29,6),(29,9):62.099998
(29,6),(34,9):21.650000
(29,6),(34,29):0.000000
(29,6),(35,29):0.000000
(29,6),(35,32):0.000000
(29,6),(36,32):0.000000
(29,6),(36,38):0.000000
(29,6),(31,38):0.000000
(29,6),(31,31):0.000000
(29,6),(30,31):0.000000
(29,6),(30,26):0.000000
(29,6),(26,26):0.000000
(29,6),(26,27):0.000000
(29,6),(25,27):0.000000
(29,6),(25,35):0.000000
(29,6),(27,35):0.000000
(29,6),(27,37):0.000000
(29,6),(13,37):0.000000
(29,6),(13,34):0.000000
(29,6),(14,34):0.000000
(29,6),(14,33):0.000000
(29,6),(18,33):0.000000
(29,6),(18,36):0.000000
(29,6),(23,36):0.000000
(29,6),(23,30):0.000000
(29,6),(19,30):0.000000
(29,6),(19,25):0.000000
(29,6),(32,25):0.000000
(29,6),(32,23):0.000000
(29,6),(16,23):0.000000
(29,6),(16,21):0.000000
(29,6),(7,21):0.000000
(29,6),(7,24):0.000000
(29,6),(4,24):0.000000
(29,6),(4,28):0.000000
(29,6),(3,28):0.000000
(29,6),(3,22):0.000000
(29,6),(2,22):0.000000
(29,6),(2,20):0.000000
(29,6),(5,20):0.000000
(29,6),(5,2):0.000000
(29,6),(1,2):0.000000
(29,6),(1,1):0.000000
(29,6),(6,1):0.000000
(29,6),(6,19):0.000000
(29,6),(33,19):0.000000
(29,6),(33,18):27.212500
(29,6),(10,18):10.177660
(29,6),(10,17):9.000000
(29,6),(9,17):6.473070
(29,6),(9,16):4.400000
(29,6),(12,16):8.039423
(29,6),(12,15):6.300000
(29,6),(20,15):12.150000
(29,6),(20,12):11.962500
(29,6),(17,12):1.145455
(29,6),(17,14):0.000000
(29,6),(8,14):0.000000
(29,6),(8,13):0.000000
(29,6),(15,13):0.000000
(29,6),(15,11):3.350000
(29,6),(28,11):20.799999
(29,6),(28,10):56.750000
(29,6),(11,10):16.923077
(29,6),(11,8):15.058824
(29,6),(24,8):51.500000
(29,6),(24,7):65.275002
(29,6),(21,7):52.770832
(29,6),(21,4):51.866070
(29,6),(22,4):69.437500
(29,6),(22,3):67.270836
(29,6),(38,3):55.822918
(29,6),(38,5):32.937500
(29,9),(34,9):84.375000
(29,9),(34,29):13.806818
(29,9),(35,29):0.000000
(29,9),(35,32):0.000000
(29,9),(36,32):0.000000
(29,9),(36,38):0.000000
(29,9),(31,38):4.917553
(29,9),(31,31):3.185606
(29,9),(30,31):0.148810
(29,9),(30,26):0.000000
(29,9),(26,26):0.000000
(29,9),(26,27):0.000000
(29,9),(25,27):0.000000
(29,9),(25,35):0.000000
(29,9),(27,35):0.000000
(29,9),(27,37):0.000000
(29,9),(13,37):0.000000
(29,9),(13,34):0.000000
(29,9),(14,34):0.000000
(29,9),(14,33):0.000000
(29,9),(18,33):0.000000
(29,9),(18,36):0.000000
(29,9),(23,36):0.000000
(29,9),(23,30):0.000000
(29,9),(19,30):0.000000
(29,9),(19,25):0.000000
(29,9),(32,25):3.185606
(29,9),(32,23):2.205000
(29,9),(16,23):0.443830
(29,9),(16,21):0.395004
(29,9),(7,21):0.378338
(29,9),(7,24):0.000000
(29,9),(4,24):0.000000
(29,9),(4,28):0.000000
(29,9),(3,28):0.000000
(29,9),(3,22):0.000000
(29,9),(2,22):0.000000
(29,9),(2,20):0.013889
(29,9),(5,20):0.361607
(29,9),(5,2):0.000000
(29,9),(1,2):0.000000
(29,9),(1,1):0.000000
(29,9),(6,1):0.000000
(29,9),(6,19):0.347222
(29,9),(33,19):10.125000
(29,9),(33,18):80.687500
(29,9),(10,18):49.297058
(29,9),(10,17):41.871738
(29,9),(9,17):31.218182
(29,9),(9,16):18.041666
(29,9),(12,16):36.147617
(29,9),(12,15):26.321428
(29,9),(20,15):62.365383
(29,9),(20,12):56.730770
(29,9),(17,12):7.886364
(29,9),(17,14):0.000000
(29,9),(8,14):0.000000
(29,9),(8,13):0.000000
(29,9),(15,13):0.000000
(29,9),(15,11):20.736364
(29,9),(28,11):72.949997
(29,9),(28,10):122.425003
(29,9),(11,10):42.923077
(29,9),(11,8):42.423203
(29,9),(24,8):72.500000
(29,9),(24,7):57.700001
(29,9),(21,7):29.033333
(29,9),(21,4):45.316071
(29,9),(22,4):55.271427
(29,9),(22,3):55.235714
(29,9),(38,3):28.335417
(29,9),(38,5):15.000000
(34,9),(34,29):50.731819
(34,9),(35,29):22.049999
(34,9),(35,32):26.665384
(34,9),(36,32):15.600000
(34,9),(36,38):28.256897
(34,9),(31,38):41.799999
(34,9),(31,31):40.049999
(34,9),(30,31):17.057142
(34,9),(30,26):27.391228
(34,9),(26,26):1.969774
(34,9),(26,27):0.000000
(34,9),(25,27):0.000000
(34,9),(25,35):0.000000
(34,9),(27,35):0.000000
(34,9),(27,37):0.000000
(34,9),(13,37):0.000000
(34,9),(13,34):0.000000
(34,9),(14,34):0.000000
(34,9),(14,33):0.000000
(34,9),(18,33):0.000000
(34,9),(18,36):0.000000
(34,9),(23,36):0.000000
(34,9),(23,30):0.000000
(34,9),(19,30):0.000000
(34,9),(19,25):2.138984
(34,9),(32,25):40.049999
(34,9),(32,23):35.000000
(34,9),(16,23):4.917647
(34,9),(16,21):5.086601
(34,9),(7,21):2.238461
(34,9),(7,24):0.000000
(34,9),(4,24):0.000000
(34,9),(4,28):0.000000
(34,9),(3,28):0.000000
(34,9),(3,22):0.000000
(34,9),(2,22):0.000000
(34,9),(2,20):2.712918
(34,9),(5,20):4.231616
(34,9),(5,2):0.000000
(34,9),(1,2):0.000000
(34,9),(1,1):0.000000
(34,9),(6,1):0.000000
(34,9),(6,19):5.080420
(34,9),(33,19):47.049999
(34,9),(33,18):130.145828
(34,9),(10,18):81.900002
(34,9),(10,17):72.121742
(34,9),(9,17):50.484848
(34,9),(9,16):37.375000
(34,9),(12,16):64.797623
(34,9),(12,15):52.571430
(34,9),(20,15):105.948715
(34,9),(20,12):89.814102
(34,9),(17,12):9.136364
(34,9),(17,14):0.000000
(34,9),(8,14):0.000000
(34,9),(8,13):0.000000
(34,9),(15,13):0.000000
(34,9),(15,11):25.537500
(34,9),(28,11):109.033333
(34,9),(28,10):71.800003
(34,9),(11,10):23.000000
(34,9),(11,8):24.423203
(34,9),(24,8):29.500000
(34,9),(24,7):18.500000
(34,9),(21,7):0.000000
(34,9),(21,4):15.116072
(34,9),(22,4):17.404762
(34,9),(22,3):19.035715
(34,9),(38,3):0.000000
(34,9),(38,5):0.000000
(34,29),(35,29):38.000000
(34,29),(35,32):56.791668
(34,29),(36,32):28.500000
(34,29),(36,38):60.322224
(34,29),(31,38):67.865387
(34,29),(31,31):70.599998
(34,29),(30,31):32.000000
(34,29),(30,26):54.891666
(34,29),(26,26):5.000000
(34,29),(26,27):0.000000
(34,29),(25,27):0.000000
(34,29),(25,35):0.000000
(34,29),(27,35):0.000000
(34,29),(27,37):0.000000
(34,29),(13,37):0.000000
(34,29),(13,34):0.000000
(34,29),(14,34):0.000000
(34,29),(14,33):0.000000
(34,29),(18,33):0.000000
(34,29),(18,36):0.000000
(34,29),(23,36):0.000000
(34,29),(23,30):0.000000
(34,29),(19,30):0.000000
(34,29),(19,25):5.393939
(34,29),(32,25):73.166664
(34,29),(32,23):54.666668
(34,29),(16,23):10.784314
(34,29),(16,21):10.975491
(34,29),(7,21):6.038462
(34,29),(7,24):0.000000
(34,29),(4,24):0.000000
(34,29),(4,28):0.000000
(34,29),(3,28):0.000000
(34,29),(3,22):0.000000
(34,29),(2,22):0.000000
(34,29),(2,20):5.803136
(34,29),(5,20):9.724297
(34,29),(5,2):0.000000
(34,29),(1,2):0.000000
(34,29),(1,1):0.000000
(34,29),(6,1):0.000000
(34,29),(6,19):10.974359
(34,29),(33,19):64.716667
(34,29),(33,18):36.363636
(34,29),(10,18):9.156637
(34,29),(10,17):7.121739
(34,29),(9,17):5.695491
(34,29),(9,16):2.223485
(34,29),(12,16):5.696496
(34,29),(12,15):3.480520
(34,29),(20,15):12.797203
(34,29),(20,12):10.531331
(34,29),(17,12):2.368852
(34,29),(17,14):0.000000
(34,29),(8,14):0.000000
(34,29),(8,13):0.000000
(34,29),(15,13):0.000000
(34,29),(15,11):5.392087
(34,29),(28,11):13.381818
(34,29),(28,10):13.481818
(34,29),(11,10):1.772727
(34,29),(11,8):2.393075
(34,29),(24,8):4.522487
(34,29),(24,7):5.026921
(34,29),(21,7):0.000000
(34,29),(21,4):4.257850
(34,29),(22,4):4.670040
(34,29),(22,3):4.851004
(34,29),(38,3):0.000000
(34,29),(38,5):0.000000
(35,29),(35,32):37.875000
(35,29),(36,32):24.000000
(35,29),(36,38):36.549999
(35,29),(31,38):36.000000
(35,29),(31,31):38.000000
(35,29),(30,31):10.000000
(35,29),(30,26):32.724998
(35,29),(26,26):0.000000
(35,29),(26,27):0.000000
(35,29),(25,27):0.000000
(35,29),(25,35):0.000000
(35,29),(27,35):0.000000
(35,29),(27,37):0.000000
(35,29),(13,37):0.000000
(35,29),(13,34):0.000000
(35,29),(14,34):0.000000
(35,29),(14,33):0.000000
(35,29),(18,33):0.000000
(35,29),(18,36):0.000000
(35,29),(23,36):0.000000
(35,29),(23,30):0.000000
(35,29),(19,30):0.000000
(35,29),(19,25):0.000000
(35,29),(32,25):37.000000
(35,29),(32,23):25.500000
(35,29),(16,23):0.000000
(35,29),(16,21):0.000000
(35,29),(7,21):0.000000
(35,29),(7,24):0.000000
(35,29),(4,24):0.000000
(35,29),(4,28):0.000000
(35,29),(3,28):0.000000
(35,29),(3,22):0.000000
(35,29),(2,22):0.000000
(35,29),(2,20):0.000000
(35,29),(5,20):0.000000
(35,29),(5,2):0.000000
(35,29),(1,2):0.000000
(35,29),(1,1):0.000000
(35,29),(6,1):0.000000
(35,29),(6,19):0.000000
(35,29),(33,19):30.716667
(35,29),(33,18):12.681818
(35,29),(10,18):0.000000
(35,29),(10,17):0.000000
(35,29),(9,17):0.000000
(35,29),(9,16):0.000000
(35,29),(12,16):0.000000
(35,29),(12,15):0.000000
(35,29),(20,15):0.000000
(35,29),(20,12):0.000000
(35,29),(17,12):0.000000
(35,29),(17,14):0.000000
(35,29),(8,14):0.000000
(35,29),(8,13):0.000000
(35,29),(15,13):0.000000
(35,29),(15,11):0.000000
(35,29),(28,11):0.000000
(35,29),(28,10):0.000000
(35,29),(11,10):0.000000
(35,29),(11,8):0.000000
(35,29),(24,8):0.000000
(35,29),(24,7):0.000000
(35,29),(21,7):0.000000
(35,29),(21,4):0.000000
(35,29),(22,4):0.000000
(35,29),(22,3):0.000000
(35,29),(38,3):0.000000
(35,29),(38,5):0.000000
(35,32),(36,32):30.000000
(35,32),(36,38):56.799999
(35,32),(31,38):51.875000
(35,32),(31,31):57.627777
(35,32),(30,31):23.541666
(35,32),(30,26):51.845238
(35,32),(26,26):3.285088
(35,32),(26,27):0.000000
(35,32),(25,27):0.000000
(35,32),(25,35):0.000000
(35,32),(27,35):0.000000
(35,32),(27,37):0.000000
(35,32),(13,37):0.000000
(35,32),(13,34):0.000000
(35,32),(14,34):0.000000
(35,32),(14,33):0.000000
(35,32),(18,33):0.000000
(35,32),(18,36):0.000000
(35,32),(23,36):0.000000
(35,32),(23,30):0.000000
(35,32),(19,30):0.000000
(35,32),(19,25):3.671875
(35,32),(32,25):56.125000
(35,32),(32,23):36.000000
(35,32),(16,23):0.000000
(35,32),(16,21):0.000000
(35,32),(7,21):0.000000
(35,32),(7,24):0.000000
(35,32),(4,24):0.000000
(35,32),(4,28):0.000000
(35,32),(3,28):0.000000
(35,32),(3,22):0.000000
(35,32),(2,22):0.000000
(35,32),(2,20):0.000000
(35,32),(5,20):0.000000
(35,32),(5,2):0.000000
(35,32),(1,2):0.000000
(35,32),(1,1):0.000000
(35,32),(6,1):0.000000
(35,32),(6,19):0.000000
(35,32),(33,19):38.049999
(35,32),(33,18):14.181818
(35,32),(10,18):0.000000
(35,32),(10,17):0.000000
(35,32),(9,17):0.000000
(35,32),(9,16):0.000000
(35,32),(12,16):0.000000
(35,32),(12,15):0.000000
(35,32),(20,15):0.000000
(35,32),(20,12):0.000000
(35,32),(17,12):0.000000
(35,32),(17,14):0.000000
(35,32),(8,14):0.000000
(35,32),(8,13):0.000000
(35,32),(15,13):0.000000
(35,32),(15,11):0.000000
(35,32),(28,11):0.000000
(35,32),(28,10):0.000000
(35,32),(11,10):0.000000
(35,32),(11,8):0.000000
(35,32),(24,8):0.000000
(35,32),(24,7):0.000000
(35,32),(21,7):0.000000
(35,32),(21,4):0.000000
(35,32),(22,4):0.000000
(35,32),(22,3):0.000000
(35,32),(38,3):0.000000
(35,32),(38,5):0.000000
(36,32),(36,38):30.000000
(36,32),(31,38):30.000000
(36,32),(31,31):29.875000
(36,32),(30,31):0.000000
(36,32),(30,26):24.600000
(36,32),(26,26):0.000000
(36,32),(26,27):0.000000
(36,32),(25,27):0.000000
(36,32),(25,35):0.000000
(36,32),(27,35):0.000000
(36,32),(27,37):0.000000
(36,32),(13,37):0.000000
(36,32),(13,34):0.000000
(36,32),(14,34):0.000000
(36,32),(14,33):0.000000
(36,32),(18,33):0.000000
(36,32),(18,36):0.000000
(36,32),(23,36):0.000000
(36,32),(23,30):0.000000
(36,32),(19,30):0.000000
(36,32),(19,25):0.000000
(36,32),(32,25):28.833334
(36,32),(32,23):22.500000
(36,32),(16,23):0.000000
(36,32),(16,21):0.000000
(36,32),(7,21):0.000000
(36,32),(7,24):0.000000
(36,32),(4,24):0.000000
(36,32),(4,28):0.000000
(36,32),(3,28):0.000000
(36,32),(3,22):0.000000
(36,32),(2,22):0.000000
(36,32),(2,20):0.000000
(36,32),(5,20):0.000000
(36,32),(5,2):0.000000
(36,32),(1,2):0.000000
(36,32),(1,1):0.000000
(36,32),(6,1):0.000000
(36,32),(6,19):0.000000
(36,32),(33,19):21.600000
(36,32),(33,18):9.272727
(36,32),(10,18):0.000000
(36,32),(10,17):0.000000
(36,32),(9,17):0.000000
(36,32),(9,16):0.000000
(36,32),(12,16):0.000000
(36,32),(12,15):0.000000
(36,32),(20,15):0.000000
(36,32),(20,12):0.000000
(36,32),(17,12):0.000000
(36,32),(17,14):0.000000
(36,32),(8,14):0.000000
(36,32),(8,13):0.000000
(36,32),(15,13):0.000000
(36,32),(15,11):0.000000
(36,32),(28,11):0.000000
(36,32),(28,10):0.000000
(36,32),(11,10):0.000000
(36,32),(11,8):0.000000
(36,32),(24,8):0.000000
(36,32),(24,7):0.000000
(36,32),(21,7):0.000000
(36,32),(21,4):0.000000
(36,32),(22,4):0.000000
(36,32),(22,3):0.000000
(36,32),(38,3):0.000000
(36,32),(38,5):0.000000
(36,38),(31,38):53.535713
(36,38),(31,31):58.334522
(36,38),(30,31):23.966667
(36,38),(30,26):51.692856
(36,38),(26,26):3.571429
(36,38),(26,27):0.000000
(36,38),(25,27):0.000000
(36,38),(25,35):0.000000
(36,38),(27,35):0.000000
(36,38),(27,37):0.000000
(36,38),(13,37):0.000000
(36,38),(13,34):0.000000
(36,38),(14,34):0.000000
(36,38),(14,33):0.000000
(36,38),(18,33):0.000000
(36,38),(18,36):0.000000
(36,38),(23,36):0.000000
(36,38),(23,30):0.000000
(36,38),(19,30):0.000000
(36,38),(19,25):3.987686
(36,38),(32,25):58.258335
(36,38),(32,23):41.022221
(36,38),(16,23):3.022222
(36,38),(16,21):3.050794
(36,38),(7,21):1.600000
(36,38),(7,24):0.000000
(36,38),(4,24):0.000000
(36,38),(4,28):0.000000
(36,38),(3,28):0.000000
(36,38),(3,22):0.000000
(36,38),(2,22):0.000000
(36,38),(2,20):1.618572
(36,38),(5,20):2.664791
(36,38),(5,2):0.000000
(36,38),(1,2):0.000000
(36,38),(1,1):0.000000
(36,38),(6,1):0.000000
(36,38),(6,19):3.057621
(36,38),(33,19):43.072224
(36,38),(33,18):14.931818
(36,38),(10,18):0.000000
(36,38),(10,17):0.000000
(36,38),(9,17):0.000000
(36,38),(9,16):0.000000
(36,38),(12,16):0.000000
(36,38),(12,15):0.000000
(36,38),(20,15):0.000000
(36,38),(20,12):0.000000
(36,38),(17,12):0.000000
(36,38),(17,14):0.000000
(36,38),(8,14):0.000000
(36,38),(8,13):0.000000
(36,38),(15,13):0.000000
(36,38),(15,11):0.000000
(36,38),(28,11):0.000000
(36,38),(28,10):0.000000
(36,38),(11,10):0.000000
(36,38),(11,8):0.000000
(36,38),(24,8):0.000000
(36,38),(24,7):0.000000
(36,38),(21,7):0.000000
(36,38),(21,4):0.000000
(36,38),(22,4):0.000000
(36,38),(22,3):0.000000
(36,38),(38,3):0.000000
(36,38),(38,5):0.000000
(31,38),(31,31):65.875000
(31,38),(30,31):26.000000
(31,38),(30,26):49.125000
(31,38),(26,26):3.333333
(31,38),(26,27):0.000000
(31,38),(25,27):0.000000
(31,38),(25,35):0.000000
(31,38),(27,35):0.000000
(31,38),(27,37):0.000000
(31,38),(13,37):0.000000
(31,38),(13,34):0.000000
(31,38),(14,34):0.000000
(31,38),(14,33):0.000000
(31,38),(18,33):0.000000
(31,38),(18,36):0.000000
(31,38),(23,36):0.000000
(31,38),(23,30):0.000000
(31,38),(19,30):0.000000
(31,38),(19,25):3.681818
(31,38),(32,25):65.448715
(31,38),(32,23):50.615383
(31,38),(16,23):6.886878
(31,38),(16,21):7.076589
(31,38),(7,21):3.269231
(31,38),(7,24):0.000000
(31,38),(4,24):0.000000
(31,38),(4,28):0.000000
(31,38),(3,28):0.000000
(31,38),(3,22):0.000000
(31,38),(2,22):0.000000
(31,38),(2,20):3.779289
(31,38),(5,20):5.971626
(31,38),(5,2):0.000000
(31,38),(1,2):0.000000
(31,38),(1,1):0.000000
(31,38),(6,1):0.000000
(31,38),(6,19):7.075124
(31,38),(33,19):55.415386
(31,38),(33,18):27.431818
(31,38),(10,18):3.710784
(31,38),(10,17):3.432195
(31,38),(9,17):2.492123
(31,38),(9,16):1.620156
(31,38),(12,16):3.099728
(31,38),(12,15):2.281175
(31,38),(20,15):3.916768
(31,38),(20,12):4.000962
(31,38),(17,12):0.280528
(31,38),(17,14):0.000000
(31,38),(8,14):0.000000
(31,38),(8,13):0.000000
(31,38),(15,13):0.000000
(31,38),(15,11):1.329517
(31,38),(28,11):4.495872
(31,38),(28,10):4.595045
(31,38),(11,10):0.013158
(31,38),(11,8):0.075598
(31,38),(24,8):0.599613
(31,38),(24,7):1.105876
(31,38),(21,7):0.000000
(31,38),(21,4):1.196914
(31,38),(22,4):1.550117
(31,38),(22,3):1.944847
(31,38),(38,3):0.000000
(31,38),(38,5):0.000000
(31,31),(30,31):32.000000
(31,31),(30,26):55.224998
(31,31),(26,26):4.433333
(31,31),(26,27):0.000000
(31,31),(25,27):0.000000
(31,31),(25,35):0.000000
(31,31),(27,35):0.000000
(31,31),(27,37):0.000000
(31,31),(13,37):0.000000
(31,31),(13,34):0.000000
(31,31),(14,34):0.000000
(31,31),(14,33):0.000000
(31,31),(18,33):0.000000
(31,31),(18,36):0.000000
(31,31),(23,36):0.000000
(31,31),(23,30):0.000000
(31,31),(19,30):0.000000
(31,31),(19,25):4.827273
(31,31),(32,25):69.933334
(31,31),(32,23):49.000000
(31,31),(16,23):5.450980
(31,31),(16,21):5.635354
(31,31),(7,21):2.371795
(31,31),(7,24):0.000000
(31,31),(4,24):0.000000
(31,31),(4,28):0.000000
(31,31),(3,28):0.000000
(31,31),(3,22):0.000000
(31,31),(2,22):0.000000
(31,31),(2,20):3.017507
(31,31),(5,20):4.640652
(31,31),(5,2):0.000000
(31,31),(1,2):0.000000
(31,31),(1,1):0.000000
(31,31),(6,1):0.000000
(31,31),(6,19):5.632692
(31,31),(33,19):52.049999
(31,31),(33,18):25.681818
(31,31),(10,18):2.083333
(31,31),(10,17):2.104473
(31,31),(9,17):1.333333
(31,31),(9,16):1.373858
(31,31),(12,16):2.124331
(31,31),(12,15):1.819491
(31,31),(20,15):2.195632
(31,31),(20,12):2.308150
(31,31),(17,12):0.000000
(31,31),(17,14):0.000000
(31,31),(8,14):0.000000
(31,31),(8,13):0.000000
(31,31),(15,13):0.000000
(31,31),(15,11):0.261290
(31,31),(28,11):2.767568
(31,31),(28,10):2.865789
(31,31),(11,10):0.000000
(31,31),(11,8):0.000000
(31,31),(24,8):0.000000
(31,31),(24,7):0.166667
(31,31),(21,7):0.000000
(31,31),(21,4):0.334821
(31,31),(22,4):0.642857
(31,31),(22,3):1.110327
(31,31),(38,3):0.000000
(31,31),(38,5):0.000000
(30,31),(30,26):26.625000
(30,31),(26,26):4.333333
(30,31),(26,27):0.000000
(30,31),(25,27):0.000000
(30,31),(25,35):0.000000
(30,31),(27,35):0.000000
(30,31),(27,37):0.000000
(30,31),(13,37):0.000000
(30,31),(13,34):0.000000
(30,31),(14,34):0.000000
(30,31),(14,33):0.000000
(30,31),(18,33):0.000000
(30,31),(18,36):0.000000
(30,31),(23,36):0.000000
(30,31),(23,30):0.000000
(30,31),(19,30):0.000000
(30,31),(19,25):4.727273
(30,31),(32,25):31.000000
(30,31),(32,23):18.666666
(30,31),(16,23):2.666667
(30,31),(16,21):2.890000
(30,31),(7,21):0.666667
(30,31),(7,24):0.000000
(30,31),(4,24):0.000000
(30,31),(4,28):0.000000
(30,31),(3,28):0.000000
(30,31),(3,22):0.000000
(30,31),(2,22):0.000000
(30,31),(2,20):1.590808
(30,31),(5,20):2.139037
(30,31),(5,2):0.000000
(30,31),(1,2):0.000000
(30,31),(1,1):0.000000
(30,31),(6,1):0.000000
(30,31),(6,19):2.941839
(30,31),(33,19):21.200001
(30,31),(33,18):10.681818
(30,31),(10,18):0.000000
(30,31),(10,17):0.000000
(30,31),(9,17):0.000000
(30,31),(9,16):0.000000
(30,31),(12,16):0.000000
(30,31),(12,15):0.000000
(30,31),(20,15):0.000000
(30,31),(20,12):0.000000
(30,31),(17,12):0.000000
(30,31),(17,14):0.000000
(30,31),(8,14):0.000000
(30,31),(8,13):0.000000
(30,31),(15,13):0.000000
(30,31),(15,11):0.000000
(30,31),(28,11):0.018182
(30,31),(28,10):0.039130
(30,31),(11,10):0.000000
(30,31),(11,8):0.000000
(30,31),(24,8):0.000000
(30,31),(24,7):0.000000
(30,31),(21,7):0.000000
(30,31),(21,4):0.000000
(30,31),(22,4):0.000000
(30,31),(22,3):0.000000
(30,31),(38,3):0.000000
(30,31),(38,5):0.000000
(30,26),(26,26):15.333333
(30,26),(26,27):7.000000
(30,26),(25,27):7.500000
(30,26),(25,35):3.800000
(30,26),(27,35):0.000000
(30,26),(27,37):0.000000
(30,26),(13,37):0.000000
(30,26),(13,34):0.000000
(30,26),(14,34):0.000000
(30,26),(14,33):0.000000
(30,26),(18,33):0.000000
(30,26),(18,36):0.000000
(30,26),(23,36):2.333333
(30,26),(23,30):7.000000
(30,26),(19,30):7.875000
(30,26),(19,25):15.727273
(30,26),(32,25):64.933334
(30,26),(32,23):38.599998
(30,26),(16,23):0.000000
(30,26),(16,21):0.000000
(30,26),(7,21):0.000000
(30,26),(7,24):0.000000
(30,26),(4,24):0.000000
(30,26),(4,28):0.000000
(30,26),(3,28):0.000000
(30,26),(3,22):0.000000
(30,26),(2,22):0.000000
(30,26),(2,20):0.000000
(30,26),(5,20):0.000000
(30,26),(5,2):0.000000
(30,26),(1,2):0.000000
(30,26),(1,1):0.000000
(30,26),(6,1):0.000000
(30,26),(6,19):0.000000
(30,26),(33,19):36.150002
(30,26),(33,18):17.431818
(30,26),(10,18):0.000000
(30,26),(10,17):0.000000
(30,26),(9,17):0.000000
(30,26),(9,16):0.000000
(30,26),(12,16):0.000000
(30,26),(12,15):0.000000
(30,26),(20,15):0.000000
(30,26),(20,12):0.000000
(30,26),(17,12):0.000000
(30,26),(17,14):0.000000
(30,26),(8,14):0.000000
(30,26),(8,13):0.000000
(30,26),(15,13):0.000000
(30,26),(15,11):0.000000
(30,26),(28,11):0.000000
(30,26),(28,10):0.000000
(30,26),(11,10):0.000000
(30,26),(11,8):0.000000
(30,26),(24,8):0.000000
(30,26),(24,7):0.000000
(30,26),(21,7):0.000000
(30,26),(21,4):0.000000
(30,26),(22,4):0.000000
(30,26),(22,3):0.000000
(30,26),(38,3):0.000000
(30,26),(38,5):0.000000
(26,26),(26,27):14.000000
(26,26),(25,27):28.000000
(26,26),(25,35):10.857142
(26,26),(27,35):0.000000
(26,26),(27,37):0.000000
(26,26),(13,37):0.000000
(26,26),(13,34):0.000000
(26,26),(14,34):0.000000
(26,26),(14,33):0.000000
(26,26),(18,33):0.000000
(26,26),(18,36):0.000000
(26,26),(23,36):6.444445
(26,26),(23,30):26.833334
(26,26),(19,30):28.125000
(26,26),(19,25):35.500000
(26,26),(32,25):19.416666
(26,26),(32,23):2.333333
(26,26),(16,23):0.000000
(26,26),(16,21):0.000000
(26,26),(7,21):0.000000
(26,26),(7,24):0.000000
(26,26),(4,24):0.000000
(26,26),(4,28):0.000000
(26,26),(3,28):0.000000
(26,26),(3,22):0.000000
(26,26),(2,22):0.000000
(26,26),(2,20):0.000000
(26,26),(5,20):0.000000
(26,26),(5,2):0.000000
(26,26),(1,2):0.000000
(26,26),(1,1):0.000000
(26,26),(6,1):0.000000
(26,26),(6,19):0.000000
(26,26),(33,19):2.416667
(26,26),(33,18):1.250000
(26,26),(10,18):0.000000
(26,26),(10,17):0.000000
(26,26),(9,17):0.000000
(26,26),(9,16):0.000000
(26,26),(12,16):0.000000
(26,26),(12,15):0.000000
(26,26),(20,15):0.000000
(26,26),(20,12):0.000000
(26,26),(17,12):0.000000
(26,26),(17,14):0.000000
(26,26),(8,14):0.000000
(26,26),(8,13):0.000000
(26,26),(15,13):0.000000
(26,26),(15,11):0.000000
(26,26),(28,11):0.000000
(26,26),(28,10):0.000000
(26,26),(11,10):0.000000
(26,26),(11,8):0.000000
(26,26),(24,8):0.000000
(26,26),(24,7):0.000000
(26,26),(21,7):0.000000
(26,26),(21,4):0.000000
(26,26),(22,4):0.000000
(26,26),(22,3):0.000000
(26,26),(38,3):0.000000
(26,26),(38,5):0.000000
(26,27),(25,27):14.000000
(26,27),(25,35):7.200000
(26,27),(27,35):0.000000
(26,27),(27,37):0.000000
(26,27),(13,37):0.000000
(26,27),(13,34):0.000000
(26,27),(14,34):0.000000
(26,27),(14,33):0.000000
(26,27),(18,33):0.000000
(26,27),(18,36):0.000000
(26,27),(23,36):4.444445
(26,27),(23,30):13.250000
(26,27),(19,30):13.750000
(26,27),(19,25):14.000000
(26,27),(32,25):11.000000
(26,27),(32,23):0.000000
(26,27),(16,23):0.000000
(26,27),(16,21):0.000000
(26,27),(7,21):0.000000
(26,27),(7,24):0.000000
(26,27),(4,24):0.000000
(26,27),(4,28):0.000000
(26,27),(3,28):0.000000
(26,27),(3,22):0.000000
(26,27),(2,22):0.000000
(26,27),(2,20):0.000000
(26,27),(5,20):0.000000
(26,27),(5,2):0.000000
(26,27),(1,2):0.000000
(26,27),(1,1):0.000000
(26,27),(6,1):0.000000
(26,27),(6,19):0.000000
(26,27),(33,19):0.000000
(26,27),(33,18):0.000000
(26,27),(10,18):0.000000
(26,27),(10,17):0.000000
(26,27),(9,17):0.000000
(26,27),(9,16):0.000000
(26,27),(12,16):0.000000
(26,27),(12,15):0.000000
(26,27),(20,15):0.000000
(26,27),(20,12):0.000000
(26,27),(17,12):0.000000
(26,27),(17,14):0.000000
(26,27),(8,14):0.000000
(26,27),(8,13):0.000000
(26,27),(15,13):0.000000
(26,27),(15,11):0.000000
(26,27),(28,11):0.000000
(26,27),(28,10):0.000000
(26,27),(11,10):0.000000
(26,27),(11,8):0.000000
(26,27),(24,8):0.000000
(26,27),(24,7):0.000000
(26,27),(21,7):0.000000
(26,27),(21,4):0.000000
(26,27),(22,4):0.000000
(26,27),(22,3):0.000000
(26,27),(38,3):0.000000
(26,27),(38,5):0.000000
(25,27),(25,35):29.111111
(25,27),(27,35):4.111111
(25,27),(27,37):6.111111
(25,27),(13,37):2.311111
(25,27),(13,34):0.000000
(25,27),(14,34):0.000000
(25,27),(14,33):0.000000
(25,27),(18,33):0.000000
(25,27),(18,36):2.111111
(25,27),(23,36):24.555555
(25,27),(23,30):45.333332
(25,27),(19,30):32.250000
(25,27),(19,25):35.000000
(25,27),(32,25):11.583333
(25,27),(32,23):0.000000
(25,27),(16,23):0.000000
(25,27),(16,21):0.000000
(25,27),(7,21):0.000000
(25,27),(7,24):0.000000
(25,27),(4,24):0.000000
(25,27),(4,28):0.000000
(25,27),(3,28):0.000000
(25,27),(3,22):0.000000
(25,27),(2,22):0.000000
(25,27),(2,20):0.000000
(25,27),(5,20):0.000000
(25,27),(5,2):0.000000
(25,27),(1,2):0.000000
(25,27),(1,1):0.000000
(25,27),(6,1):0.000000
(25,27),(6,19):0.000000
(25,27),(33,19):0.000000
(25,27),(33,18):0.000000
(25,27),(10,18):0.000000
(25,27),(10,17):0.000000
(25,27),(9,17):0.000000
(25,27),(9,16):0.000000
(25,27),(12,16):0.000000
(25,27),(12,15):0.000000
(25,27),(20,15):0.000000
(25,27),(20,12):0.000000
(25,27),(17,12):0.000000
(25,27),(17,14):0.000000
(25,27),(8,14):0.000000
(25,27),(8,13):0.000000
(25,27),(15,13):0.000000
(25,27),(15,11):0.000000
(25,27),(28,11):0.000000
(25,27),(28,10):0.000000
(25,27),(11,10):0.000000
(25,27),(11,8):0.000000
(25,27),(24,8):0.000000
(25,27),(24,7):0.000000
(25,27),(21,7):0.000000
(25,27),(21,4):0.000000
(25,27),(22,4):0.000000
(25,27),(22,3):0.000000
(25,27),(38,3):0.000000
(25,27),(38,5):0.000000
(25,35),(27,35):9.000000
(25,35),(27,37):11.000000
(25,35),(13,37):5.800000
(25,35),(13,34):0.000000
(25,35),(14,34):0.000000
(25,35),(14,33):0.000000
(25,35),(18,33):0.000000
(25,35),(18,36):5.000000
(25,35),(23,36):29.000000
(25,35),(23,30):29.799999
(25,35),(19,30):15.000000
(25,35),(19,25):17.500000
(25,35),(32,25):5.369792
(25,35),(32,23):0.000000
(25,35),(16,23):0.000000
(25,35),(16,21):0.000000
(25,35),(7,21):0.000000
(25,35),(7,24):0.000000
(25,35),(4,24):0.000000
(25,35),(4,28):0.000000
(25,35),(3,28):0.000000
(25,35),(3,22):0.000000
(25,35),(2,22):0.000000
(25,35),(2,20):0.000000
(25,35),(5,20):0.000000
(25,35),(5,2):0.000000
(25,35),(1,2):0.000000
(25,35),(1,1):0.000000
(25,35),(6,1):0.000000
(25,35),(6,19):0.000000
(25,35),(33,19):0.000000
(25,35),(33,18):0.000000
(25,35),(10,18):0.000000
(25,35),(10,17):0.000000
(25,35),(9,17):0.000000
(25,35),(9,16):0.000000
(25,35),(12,16):0.000000
(25,35),(12,15):0.000000
(25,35),(20,15):0.000000
(25,35),(20,12):0.000000
(25,35),(17,12):0.000000
(25,35),(17,14):0.000000
(25,35),(8,14):0.000000
(25,35),(8,13):0.000000
(25,35),(15,13):0.000000
(25,35),(15,11):0.000000
(25,35),(28,11):0.000000
(25,35),(28,10):0.000000
(25,35),(11,10):0.000000
(25,35),(11,8):0.000000
(25,35),(24,8):0.000000
(25,35),(24,7):0.000000
(25,35),(21,7):0.000000
(25,35),(21,4):0.000000
(25,35),(22,4):0.000000
(25,35),(22,3):0.000000
(25,35),(38,3):0.000000
(25,35),(38,5):0.000000
(27,35),(27,37):10.000000
(27,35),(13,37):6.800000
(27,35),(13,34):0.173077
(27,35),(14,34):0.083333
(27,35),(14,33):0.010417
(27,35),(18,33):0.000000
(27,35),(18,36):6.000000
(27,35),(23,36):10.000000
(27,35),(23,30):4.800000
(27,35),(19,30):0.000000
(27,35),(19,25):0.000000
(27,35),(32,25):0.000000
(27,35),(32,23):0.000000
(27,35),(16,23):0.000000
(27,35),(16,21):0.000000
(27,35),(7,21):0.000000
(27,35),(7,24):0.000000
(27,35),(4,24):0.000000
(27,35),(4,28):0.000000
(27,35),(3,28):0.000000
(27,35),(3,22):0.000000
(27,35),(2,22):0.000000
(27,35),(2,20):0.000000
(27,35),(5,20):0.000000
(27,35),(5,2):0.000000
(27,35),(1,2):0.000000
(27,35),(1,1):0.000000
(27,35),(6,1):0.000000
(27,35),(6,19):0.000000
(27,35),(33,19):0.000000
(27,35),(33,18):0.000000
(27,35),(10,18):0.000000
(27,35),(10,17):0.000000
(27,35),(9,17):0.000000
(27,35),(9,16):0.000000
(27,35),(12,16):0.000000
(27,35),(12,15):0.000000
(27,35),(20,15):0.000000
(27,35),(20,12):0.000000
(27,35),(17,12):0.000000
(27,35),(17,14):0.000000
(27,35),(8,14):0.000000
(27,35),(8,13):0.000000
(27,35),(15,13):0.000000
(27,35),(15,11):0.000000
(27,35),(28,11):0.000000
(27,35),(28,10):0.000000
(27,35),(11,10):0.000000
(27,35),(11,8):0.000000
(27,35),(24,8):0.000000
(27,35),(24,7):0.000000
(27,35),(21,7):0.000000
(27,35),(21,4):0.000000
(27,35),(22,4):0.000000
(27,35),(22,3):0.000000
(27,35),(38,3):0.000000
(27,35),(38,5):0.000000
(27,37),(13,37):16.188889
(27,37),(13,34):7.638889
(27,37),(14,34):7.388889
(27,37),(14,33):5.555555
(27,37),(18,33):6.388889
(27,37),(18,36):15.388889
(27,37),(23,36):20.000000
(27,37),(23,30):6.800000
(27,37),(19,30):0.000000
(27,37),(19,25):0.000000
(27,37),(32,25):0.000000
(27,37),(32,23):0.000000
(27,37),(16,23):0.000000
(27,37),(16,21):0.000000
(27,37),(7,21):0.000000
(27,37),(7,24):0.000000
(27,37),(4,24):0.000000
(27,37),(4,28):0.000000
(27,37),(3,28):0.000000
(27,37),(3,22):0.000000
(27,37),(2,22):0.000000
(27,37),(2,20):0.000000
(27,37),(5,20):0.000000
(27,37),(5,2):0.000000
(27,37),(1,2):0.000000
(27,37),(1,1):0.000000
(27,37),(6,1):0.000000
(27,37),(6,19):0.000000
(27,37),(33,19):0.000000
(27,37),(33,18):0.000000
(27,37),(10,18):0.000000
(27,37),(10,17):0.000000
(27,37),(9,17):0.000000
(27,37),(9,16):0.000000
(27,37),(12,16):0.000000
(27,37),(12,15):0.000000
(27,37),(20,15):0.000000
(27,37),(20,12):0.000000
(27,37),(17,12):0.000000
(27,37),(17,14):0.000000
(27,37),(8,14):0.000000
(27,37),(8,13):0.000000
(27,37),(15,13):0.000000
(27,37),(15,11):0.000000
(27,37),(28,11):0.000000
(27,37),(28,10):0.000000
(27,37),(11,10):0.000000
(27,37),(11,8):0.000000
(27,37),(24,8):0.000000
(27,37),(24,7):0.000000
(27,37),(21,7):0.000000
(27,37),(21,4):0.000000
(27,37),(22,4):0.000000
(27,37),(22,3):0.000000
(27,37),(38,3):0.000000
(27,37),(38,5):0.000000
(13,37),(13,34):16.250000
(13,37),(14,34):19.833334
(13,37),(14,33):16.500000
(13,37),(18,33):18.708334
(13,37),(18,36):27.833334
(13,37),(23,36):14.800000
(13,37),(23,30):2.876923
(13,37),(19,30):0.000000
(13,37),(19,25):0.000000
(13,37),(32,25):0.000000
(13,37),(32,23):0.000000
(13,37),(16,23):0.000000
(13,37),(16,21):0.000000
(13,37),(7,21):0.000000
(13,37),(7,24):0.000000
(13,37),(4,24):0.000000
(13,37),(4,28):0.000000
(13,37),(3,28):0.000000
(13,37),(3,22):0.000000
(13,37),(2,22):0.000000
(13,37),(2,20):0.000000
(13,37),(5,20):0.000000
(13,37),(5,2):0.000000
(13,37),(1,2):0.000000
(13,37),(1,1):0.000000
(13,37),(6,1):0.000000
(13,37),(6,19):0.000000
(13,37),(33,19):0.000000
(13,37),(33,18):0.000000
(13,37),(10,18):0.000000
(13,37),(10,17):0.000000
(13,37),(9,17):0.000000
(13,37),(9,16):0.000000
(13,37),(12,16):0.000000
(13,37),(12,15):0.000000
(13,37),(20,15):0.000000
(13,37),(20,12):0.000000
(13,37),(17,12):0.000000
(13,37),(17,14):0.000000
(13,37),(8,14):0.000000
(13,37),(8,13):0.000000
(13,37),(15,13):0.000000
(13,37),(15,11):0.000000
(13,37),(28,11):0.000000
(13,37),(28,10):0.000000
(13,37),(11,10):0.000000
(13,37),(11,8):0.000000
(13,37),(24,8):0.000000
(13,37),(24,7):0.000000
(13,37),(21,7):0.000000
(13,37),(21,4):0.000000
(13,37),(22,4):0.000000
(13,37),(22,3):0.000000
(13,37),(38,3):0.000000
(13,37),(38,5):0.000000
(13,34),(14,34):16.000000
(13,34),(14,33):12.666667
(13,34),(18,33):14.875000
(13,34),(18,36):16.250000
(13,34),(23,36):6.250000
(13,34),(23,30):0.000000
(13,34),(19,30):0.000000
(13,34),(19,25):0.000000
(13,34),(32,25):0.000000
(13,34),(32,23):0.000000
(13,34),(16,23):0.000000
(13,34),(16,21):0.000000
(13,34),(7,21):0.000000
(13,34),(7,24):0.000000
(13,34),(4,24):0.000000
(13,34),(4,28):0.000000
(13,34),(3,28):0.000000
(13,34),(3,22):0.000000
(13,34),(2,22):0.000000
(13,34),(2,20):0.000000
(13,34),(5,20):0.000000
(13,34),(5,2):0.000000
(13,34),(1,2):0.000000
(13,34),(1,1):0.000000
(13,34),(6,1):0.000000
(13,34),(6,19):0.000000
(13,34),(33,19):0.000000
(13,34),(33,18):0.000000
(13,34),(10,18):0.000000
(13,34),(10,17):0.000000
(13,34),(9,17):0.000000
(13,34),(9,16):0.000000
(13,34),(12,16):0.000000
(13,34),(12,15):0.000000
(13,34),(20,15):0.000000
(13,34),(20,12):0.000000
(13,34),(17,12):0.000000
(13,34),(17,14):0.000000
(13,34),(8,14):0.000000
(13,34),(8,13):0.000000
(13,34),(15,13):0.000000
(13,34),(15,11):0.000000
(13,34),(28,11):0.000000
(13,34),(28,10):0.000000
(13,34),(11,10):0.000000
(13,34),(11,8):0.000000
(13,34),(24,8):0.000000
(13,34),(24,7):0.000000
(13,34),(21,7):0.000000
(13,34),(21,4):0.000000
(13,34),(22,4):0.000000
(13,34),(22,3):0.000000
(13,34),(38,3):0.000000
(13,34),(38,5):0.000000
(14,34),(14,33):16.666666
(14,34),(18,33):18.875000
(14,34),(18,36):20.000000
(14,34),(23,36):6.000000
(14,34),(23,30):0.000000
(14,34),(19,30):0.000000
(14,34),(19,25):0.000000
(14,34),(32,25):0.000000
(14,34),(32,23):0.000000
(14,34),(16,23):0.000000
(14,34),(16,21):0.000000
(14,34),(7,21):0.000000
(14,34),(7,24):0.000000
(14,34),(4,24):0.000000
(14,34),(4,28):0.000000
(14,34),(3,28):0.000000
(14,34),(3,22):0.000000
(14,34),(2,22):0.000000
(14,34),(2,20):0.000000
(14,34),(5,20):0.000000
(14,34),(5,2):0.000000
(14,34),(1,2):0.000000
(14,34),(1,1):0.000000
(14,34),(6,1):0.000000
(14,34),(6,19):0.000000
(14,34),(33,19):0.000000
(14,34),(33,18):0.000000
(14,34),(10,18):0.000000
(14,34),(10,17):0.000000
(14,34),(9,17):0.000000
(14,34),(9,16):0.000000
(14,34),(12,16):0.000000
(14,34),(12,15):0.000000
(14,34),(20,15):0.000000
(14,34),(20,12):0.000000
(14,34),(17,12):0.000000
(14,34),(17,14):0.000000
(14,34),(8,14):0.000000
(14,34),(8,13):0.000000
(14,34),(15,13):0.000000
(14,34),(15,11):0.000000
(14,34),(28,11):0.000000
(14,34),(28,10):0.000000
(14,34),(11,10):0.000000
(14,34),(11,8):0.000000
(14,34),(24,8):0.000000
(14,34),(24,7):0.000000
(14,34),(21,7):0.000000
(14,34),(21,4):0.000000
(14,34),(22,4):0.000000
(14,34),(22,3):0.000000
(14,34),(38,3):0.000000
(14,34),(38,5):0.000000
(14,33),(18,33):16.000000
(14,33),(18,36):16.666666
(14,33),(23,36):4.666667
(14,33),(23,30):0.000000
(14,33),(19,30):0.000000
(14,33),(19,25):0.000000
(14,33),(32,25):0.000000
(14,33),(32,23):0.000000
(14,33),(16,23):0.000000
(14,33),(16,21):0.000000
(14,33),(7,21):0.000000
(14,33),(7,24):0.000000
(14,33),(4,24):0.000000
(14,33),(4,28):0.000000
(14,33),(3,28):0.000000
(14,33),(3,22):0.000000
(14,33),(2,22):0.000000
(14,33),(2,20):0.000000
(14,33),(5,20):0.000000
(14,33),(5,2):0.000000
(14,33),(1,2):0.000000
(14,33),(1,1):0.000000
(14,33),(6,1):0.000000
(14,33),(6,19):0.000000
(14,33),(33,19):0.000000
(14,33),(33,18):0.000000
(14,33),(10,18):0.000000
(14,33),(10,17):0.000000
(14,33),(9,17):0.000000
(14,33),(9,16):0.000000
(14,33),(12,16):0.000000
(14,33),(12,15):0.000000
(14,33),(20,15):0.000000
(14,33),(20,12):0.000000
(14,33),(17,12):0.000000
(14,33),(17,14):0.000000
(14,33),(8,14):0.000000
(14,33),(8,13):0.000000
(14,33),(15,13):0.000000
(14,33),(15,11):0.000000
(14,33),(28,11):0.000000
(14,33),(28,10):0.000000
(14,33),(11,10):0.000000
(14,33),(11,8):0.000000
(14,33),(24,8):0.000000
(14,33),(24,7):0.000000
(14,33),(21,7):0.000000
(14,33),(21,4):0.000000
(14,33),(22,4):0.000000
(14,33),(22,3):0.000000
(14,33),(38,3):0.000000
(14,33),(38,5):0.000000
(18,33),(18,36):18.875000
(18,33),(23,36):5.000000
(18,33),(23,30):0.000000
(18,33),(19,30):0.000000
(18,33),(19,25):0.000000
(18,33),(32,25):0.000000
(18,33),(32,23):0.000000
(18,33),(16,23):0.000000
(18,33),(16,21):0.000000
(18,33),(7,21):0.000000
(18,33),(7,24):0.000000
(18,33),(4,24):0.000000
(18,33),(4,28):0.000000
(18,33),(3,28):0.000000
(18,33),(3,22):0.000000
(18,33),(2,22):0.000000
(18,33),(2,20):0.000000
(18,33),(5,20):0.000000
(18,33),(5,2):0.000000
(18,33),(1,2):0.000000
(18,33),(1,1):0.000000
(18,33),(6,1):0.000000
(18,33),(6,19):0.000000
(18,33),(33,19):0.000000
(18,33),(33,18):0.000000
(18,33),(10,18):0.000000
(18,33),(10,17):0.000000
(18,33),(9,17):0.000000
(18,33),(9,16):0.000000
(18,33),(12,16):0.000000
(18,33),(12,15):0.000000
(18,33),(20,15):0.000000
(18,33),(20,12):0.000000
(18,33),(17,12):0.000000
(18,33),(17,14):0.000000
(18,33),(8,14):0.000000
(18,33),(8,13):0.000000
(18,33),(15,13):0.000000
(18,33),(15,11):0.000000
(18,33),(28,11):0.000000
(18,33),(28,10):0.000000
(18,33),(11,10):0.000000
(18,33),(11,8):0.000000
(18,33),(24,8):0.000000
(18,33),(24,7):0.000000
(18,33),(21,7):0.000000
(18,33),(21,4):0.000000
(18,33),(22,4):0.000000
(18,33),(22,3):0.000000
(18,33),(38,3):0.000000
(18,33),(38,5):0.000000
(18,36),(23,36):14.000000
(18,36),(23,30):2.600000
(18,36),(19,30):0.000000
(18,36),(19,25):0.000000
(18,36),(32,25):0.000000
(18,36),(32,23):0.000000
(18,36),(16,23):0.000000
(18,36),(16,21):0.000000
(18,36),(7,21):0.000000
(18,36),(7,24):0.000000
(18,36),(4,24):0.000000
(18,36),(4,28):0.000000
(18,36),(3,28):0.000000
(18,36),(3,22):0.000000
(18,36),(2,22):0.000000
(18,36),(2,20):0.000000
(18,36),(5,20):0.000000
(18,36),(5,2):0.000000
(18,36),(1,2):0.000000
(18,36),(1,1):0.000000
(18,36),(6,1):0.000000
(18,36),(6,19):0.000000
(18,36),(33,19):0.000000
(18,36),(33,18):0.000000
(18,36),(10,18):0.000000
(18,36),(10,17):0.000000
(18,36),(9,17):0.000000
(18,36),(9,16):0.000000
(18,36),(12,16):0.000000
(18,36),(12,15):0.000000
(18,36),(20,15):0.000000
(18,36),(20,12):0.000000
(18,36),(17,12):0.000000
(18,36),(17,14):0.000000
(18,36),(8,14):0.000000
(18,36),(8,13):0.000000
(18,36),(15,13):0.000000
(18,36),(15,11):0.000000
(18,36),(28,11):0.000000
(18,36),(28,10):0.000000
(18,36),(11,10):0.000000
(18,36),(11,8):0.000000
(18,36),(24,8):0.000000
(18,36),(24,7):0.000000
(18,36),(21,7):0.000000
(18,36),(21,4):0.000000
(18,36),(22,4):0.000000
(18,36),(22,3):0.000000
(18,36),(38,3):0.000000
(18,36),(38,5):0.000000
(23,36),(23,30):25.244444
(23,36),(19,30):10.444445
(23,36),(19,25):12.944445
(23,36),(32,25):3.030983
(23,36),(32,23):0.000000
(23,36),(16,23):0.000000
(23,36),(16,21):0.000000
(23,36),(7,21):0.000000
(23,36),(7,24):0.000000
(23,36),(4,24):0.000000
(23,36),(4,28):0.000000
(23,36),(3,28):0.000000
(23,36),(3,22):0.000000
(23,36),(2,22):0.000000
(23,36),(2,20):0.000000
(23,36),(5,20):0.000000
(23,36),(5,2):0.000000
(23,36),(1,2):0.000000
(23,36),(1,1):0.000000
(23,36),(6,1):0.000000
(23,36),(6,19):0.000000
(23,36),(33,19):0.000000
(23,36),(33,18):0.000000
(23,36),(10,18):0.000000
(23,36),(10,17):0.000000
(23,36),(9,17):0.000000
(23,36),(9,16):0.000000
(23,36),(12,16):0.000000
(23,36),(12,15):0.000000
(23,36),(20,15):0.000000
(23,36),(20,12):0.000000
(23,36),(17,12):0.000000
(23,36),(17,14):0.000000
(23,36),(8,14):0.000000
(23,36),(8,13):0.000000
(23,36),(15,13):0.000000
(23,36),(15,11):0.000000
(23,36),(28,11):0.000000
(23,36),(28,10):0.000000
(23,36),(11,10):0.000000
(23,36),(11,8):0.000000
(23,36),(24,8):0.000000
(23,36),(24,7):0.000000
(23,36),(21,7):0.000000
(23,36),(21,4):0.000000
(23,36),(22,4):0.000000
(23,36),(22,3):0.000000
(23,36),(38,3):0.000000
(23,36),(38,5):0.000000
(23,30),(19,30):31.333334
(23,30),(19,25):33.833332
(23,30),(32,25):11.072917
(23,30),(32,23):0.000000
(23,30),(16,23):0.000000
(23,30),(16,21):0.000000
(23,30),(7,21):0.000000
(23,30),(7,24):0.000000
(23,30),(4,24):0.000000
(23,30),(4,28):0.000000
(23,30),(3,28):0.000000
(23,30),(3,22):0.000000
(23,30),(2,22):0.000000
(23,30),(2,20):0.000000
(23,30),(5,20):0.000000
(23,30),(5,2):0.000000
(23,30),(1,2):0.000000
(23,30),(1,1):0.000000
(23,30),(6,1):0.000000
(23,30),(6,19):0.000000
(23,30),(33,19):0.000000
(23,30),(33,18):0.000000
(23,30),(10,18):0.000000
(23,30),(10,17):0.000000
(23,30),(9,17):0.000000
(23,30),(9,16):0.000000
(23,30),(12,16):0.000000
(23,30),(12,15):0.000000
(23,30),(20,15):0.000000
(23,30),(20,12):0.000000
(23,30),(17,12):0.000000
(23,30),(17,14):0.000000
(23,30),(8,14):0.000000
(23,30),(8,13):0.000000
(23,30),(15,13):0.000000
(23,30),(15,11):0.000000
(23,30),(28,11):0.000000
(23,30),(28,10):0.000000
(23,30),(11,10):0.000000
(23,30),(11,8):0.000000
(23,30),(24,8):0.000000
(23,30),(24,7):0.000000
(23,30),(21,7):0.000000
(23,30),(21,4):0.000000
(23,30),(22,4):0.000000
(23,30),(22,3):0.000000
(23,30),(38,3):0.000000
(23,30),(38,5):0.000000
(19,30),(19,25):32.625000
(19,30),(32,25):11.958333
(19,30),(32,23):0.000000
(19,30),(16,23):0.000000
(19,30),(16,21):0.000000
(19,30),(7,21):0.000000
(19,30),(7,24):0.000000
(19,30),(4,24):0.000000
(19,30),(4,28):0.000000
(19,30),(3,28):0.000000
(19,30),(3,22):0.000000
(19,30),(2,22):0.000000
(19,30),(2,20):0.000000
(19,30),(5,20):0.000000
(19,30),(5,2):0.000000
(19,30),(1,2):0.000000
(19,30),(1,1):0.000000
(19,30),(6,1):0.000000
(19,30),(6,19):0.000000
(19,30),(33,19):0.000000
(19,30),(33,18):0.000000
(19,30),(10,18):0.000000
(19,30),(10,17):0.000000
(19,30),(9,17):0.000000
(19,30),(9,16):0.000000
(19,30),(12,16):0.000000
(19,30),(12,15):0.000000
(19,30),(20,15):0.000000
(19,30),(20,12):0.000000
(19,30),(17,12):0.000000
(19,30),(17,14):0.000000
(19,30),(8,14):0.000000
(19,30),(8,13):0.000000
(19,30),(15,13):0.000000
(19,30),(15,11):0.000000
(19,30),(28,11):0.000000
(19,30),(28,10):0.000000
(19,30),(11,10):0.000000
(19,30),(11,8):0.000000
(19,30),(24,8):0.000000
(19,30),(24,7):0.000000
(19,30),(21,7):0.000000
(19,30),(21,4):0.000000
(19,30),(22,4):0.000000
(19,30),(22,3):0.000000
(19,30),(38,3):0.000000
(19,30),(38,5):0.000000
(19,25),(32,25):19.810606
(19,25),(32,23):2.545455
(19,25),(16,23):0.000000
(19,25),(16,21):0.000000
(19,25),(7,21):0.000000
(19,25),(7,24):0.000000
(19,25),(4,24):0.000000
(19,25),(4,28):0.000000
(19,25),(3,28):0.000000
(19,25),(3,22):0.000000
(19,25),(2,22):0.000000
(19,25),(2,20):0.000000
(19,25),(5,20):0.000000
(19,25),(5,2):0.000000
(19,25),(1,2):0.000000
(19,25),(1,1):0.000000
(19,25),(6,1):0.000000
(19,25),(6,19):0.000000
(19,25),(33,19):2.660109
(19,25),(33,18):1.318182
(19,25),(10,18):0.000000
(19,25),(10,17):0.000000
(19,25),(9,17):0.000000
(19,25),(9,16):0.000000
(19,25),(12,16):0.000000
(19,25),(12,15):0.000000
(19,25),(20,15):0.000000
(19,25),(20,12):0.000000
(19,25),(17,12):0.000000
(19,25),(17,14):0.000000
(19,25),(8,14):0.000000
(19,25),(8,13):0.000000
(19,25),(15,13):0.000000
(19,25),(15,11):0.000000
(19,25),(28,11):0.000000
(19,25),(28,10):0.000000
(19,25),(11,10):0.000000
(19,25),(11,8):0.000000
(19,25),(24,8):0.000000
(19,25),(24,7):0.000000
(19,25),(21,7):0.000000
(19,25),(21,4):0.000000
(19,25),(22,4):0.000000
(19,25),(22,3):0.000000
(19,25),(38,3):0.000000
(19,25),(38,5):0.000000
(32,25),(32,23):52.000000
(32,25),(16,23):8.117647
(32,25),(16,21):8.308824
(32,25),(7,21):4.038462
(32,25),(7,24):0.000000
(32,25),(4,24):0.000000
(32,25),(4,28):0.000000
(32,25),(3,28):0.000000
(32,25),(3,22):0.000000
(32,25),(2,22):0.000000
(32,25),(2,20):4.428571
(32,25),(5,20):7.108766
(32,25),(5,2):0.000000
(32,25),(1,2):0.000000
(32,25),(1,1):0.000000
(32,25),(6,1):0.000000
(32,25),(6,19):8.307693
(32,25),(33,19):55.049999
(32,25),(33,18):25.681818
(32,25),(10,18):2.083333
(32,25),(10,17):2.104473
(32,25),(9,17):1.333333
(32,25),(9,16):1.373858
(32,25),(12,16):2.124331
(32,25),(12,15):1.819491
(32,25),(20,15):2.195632
(32,25),(20,12):2.308150
(32,25),(17,12):0.000000
(32,25),(17,14):0.000000
(32,25),(8,14):0.000000
(32,25),(8,13):0.000000
(32,25),(15,13):0.000000
(32,25),(15,11):0.261290
(32,25),(28,11):2.767568
(32,25),(28,10):2.865789
(32,25),(11,10):0.000000
(32,25),(11,8):0.000000
(32,25),(24,8):0.000000
(32,25),(24,7):0.166667
(32,25),(21,7):0.000000
(32,25),(21,4):0.334821
(32,25),(22,4):0.642857
(32,25),(22,3):1.110327
(32,25),(38,3):0.000000
(32,25),(38,5):0.000000
(32,23),(16,23):72.117645
(32,23),(16,21):86.823250
(32,23),(7,21):50.552883
(32,23),(7,24):1.576923
(32,23),(4,24):2.871212
(32,23),(4,28):0.000000
(32,23),(3,28):0.000000
(32,23),(3,22):7.375000
(32,23),(2,22):8.891701
(32,23),(2,20):33.571430
(32,23),(5,20):65.259552
(32,23),(5,2):0.781090
(32,23),(1,2):0.000000
(32,23),(1,1):0.000000
(32,23),(6,1):0.764423
(32,23),(6,19):76.822113
(32,23),(33,19):122.487503
(32,23),(33,18):24.681818
(32,23),(10,18):1.125000
(32,23),(10,17):1.145395
(32,23),(9,17):0.500000
(32,23),(9,16):1.039116
(32,23),(12,16):1.169712
(32,23),(12,15):1.192118
(32,23),(20,15):1.233566
(32,23),(20,12):1.342838
(32,23),(17,12):0.000000
(32,23),(17,14):0.000000
(32,23),(8,14):0.000000
(32,23),(8,13):0.000000
(32,23),(15,13):0.000000
(32,23),(15,11):0.000000
(32,23),(28,11):1.792593
(32,23),(28,10):1.889286
(32,23),(11,10):0.000000
(32,23),(11,8):0.000000
(32,23),(24,8):0.000000
(32,23),(24,7):0.000000
(32,23),(21,7):0.000000
(32,23),(21,4):0.002101
(32,23),(22,4):0.100000
(32,23),(22,3):0.387097
(32,23),(38,3):0.000000
(32,23),(38,5):0.000000
(16,23),(16,21):72.058823
(16,23),(7,21):36.038460
(16,23),(7,24):0.000000
(16,23),(4,24):0.000000
(16,23),(4,28):0.000000
(16,23),(3,28):0.000000
(16,23),(3,22):0.000000
(16,23),(2,22):0.100000
(16,23),(2,20):29.571428
(16,23),(5,20):50.745129
(16,23),(5,2):0.000000
(16,23),(1,2):0.000000
(16,23),(1,1):0.000000
(16,23),(6,1):0.000000
(16,23),(6,19):62.000000
(16,23),(33,19):72.117645
(16,23),(33,18):4.117647
(16,23),(10,18):0.000000
(16,23),(10,17):0.000000
(16,23),(9,17):0.000000
(16,23),(9,16):0.000000
(16,23),(12,16):0.000000
(16,23),(12,15):0.000000
(16,23),(20,15):0.000000
(16,23),(20,12):0.000000
(16,23),(17,12):0.000000
(16,23),(17,14):0.000000
(16,23),(8,14):0.000000
(16,23),(8,13):0.000000
(16,23),(15,13):0.000000
(16,23),(15,11):0.000000
(16,23),(28,11):0.123402
(16,23),(28,10):0.190083
(16,23),(11,10):0.000000
(16,23),(11,8):0.000000
(16,23),(24,8):0.000000
(16,23),(24,7):0.000000
(16,23),(21,7):0.000000
(16,23),(21,4):0.000000
(16,23),(22,4):0.000000
(16,23),(22,3):0.000000
(16,23),(38,3):0.000000
(16,23),(38,5):0.000000
(16,21),(7,21):61.138462
(16,21),(7,24):7.100000
(16,21),(4,24):8.678572
(16,21),(4,28):1.250000
(16,21),(3,28):1.875000
(16,21),(3,22):14.500000
(16,21),(2,22):16.250000
(16,21),(2,20):43.571430
(16,21),(5,20):75.845131
(16,21),(5,2):2.217647
(16,21),(1,2):0.000000
(16,21),(1,1):0.000000
(16,21),(6,1):2.126316
(16,21),(6,19):84.849998
(16,21),(33,19):97.148109
(16,21),(33,18):4.246324
(16,21),(10,18):0.000000
(16,21),(10,17):0.000000
(16,21),(9,17):0.000000
(16,21),(9,16):0.000000
(16,21),(12,16):0.000000
(16,21),(12,15):0.000000
(16,21),(20,15):0.000000
(16,21),(20,12):0.000000
(16,21),(17,12):0.000000
(16,21),(17,14):0.000000
(16,21),(8,14):0.000000
(16,21),(8,13):0.000000
(16,21),(15,13):0.000000
(16,21),(15,11):0.000000
(16,21),(28,11):0.088281
(16,21),(28,10):0.149919
(16,21),(11,10):0.000000
(16,21),(11,8):0.000000
(16,21),(24,8):0.000000
(16,21),(24,7):0.000000
(16,21),(21,7):0.000000
(16,21),(21,4):0.000000
(16,21),(22,4):0.000000
(16,21),(22,3):0.000000
(16,21),(38,3):0.000000
(16,21),(38,5):0.000000
(7,21),(7,24):20.750000
(7,21),(4,24):21.750000
(7,21),(4,28):4.833333
(7,21),(3,28):6.500000
(7,21),(3,22):28.000000
(7,21),(2,22):21.250000
(7,21),(2,20):44.000000
(7,21),(5,20):75.517860
(7,21),(5,2):6.735294
(7,21),(1,2):0.000000
(7,21),(1,1):0.000000
(7,21),(6,1):6.421052
(7,21),(6,19):71.500000
(7,21),(33,19):61.839287
(7,21),(33,18):2.038461
(7,21),(10,18):0.000000
(7,21),(10,17):0.000000
(7,21),(9,17):0.000000
(7,21),(9,16):0.000000
(7,21),(12,16):0.000000
(7,21),(12,15):0.000000
(7,21),(20,15):0.000000
(7,21),(20,12):0.000000
(7,21),(17,12):0.000000
(7,21),(17,14):0.000000
(7,21),(8,14):0.000000
(7,21),(8,13):0.000000
(7,21),(15,13):0.000000
(7,21),(15,11):0.000000
(7,21),(28,11):0.077003
(7,21),(28,10):0.136627
(7,21),(11,10):0.000000
(7,21),(11,8):0.000000
(7,21),(24,8):0.000000
(7,21),(24,7):0.000000
(7,21),(21,7):0.000000
(7,21),(21,4):0.000000
(7,21),(22,4):0.000000
(7,21),(22,3):0.000000
(7,21),(38,3):0.000000
(7,21),(38,5):0.000000
(7,24),(4,24):19.500000
(7,24),(4,28):4.333333
(7,24),(3,28):6.000000
(7,24),(3,22):19.250000
(7,24),(2,22):11.000000
(7,24),(2,20):16.750000
(7,24),(5,20):22.250000
(7,24),(5,2):8.235294
(7,24),(1,2):0.000000
(7,24),(1,1):0.000000
(7,24),(6,1):7.921052
(7,24),(6,19):18.500000
(7,24),(33,19):7.800824
(7,24),(33,18):0.000000
(7,24),(10,18):0.000000
(7,24),(10,17):0.000000
(7,24),(9,17):0.000000
(7,24),(9,16):0.000000
(7,24),(12,16):0.000000
(7,24),(12,15):0.000000
(7,24),(20,15):0.000000
(7,24),(20,12):0.000000
(7,24),(17,12):0.000000
(7,24),(17,14):0.000000
(7,24),(8,14):0.000000
(7,24),(8,13):0.000000
(7,24),(15,13):0.000000
(7,24),(15,11):0.000000
(7,24),(28,11):0.000000
(7,24),(28,10):0.000000
(7,24),(11,10):0.000000
(7,24),(11,8):0.000000
(7,24),(24,8):0.000000
(7,24),(24,7):0.000000
(7,24),(21,7):0.000000
(7,24),(21,4):0.000000
(7,24),(22,4):0.000000
(7,24),(22,3):0.000000
(7,24),(38,3):0.000000
(7,24),(38,5):0.000000
(4,24),(4,28):8.333333
(4,24),(3,28):10.000000
(4,24),(3,22):24.500000
(4,24),(2,22):12.250000
(4,24),(2,20):16.500000
(4,24),(5,20):24.000000
(4,24),(5,2):6.735294
(4,24),(1,2):0.000000
(4,24),(1,1):0.000000
(4,24),(6,1):6.421052
(4,24),(6,19):20.250000
(4,24),(33,19):9.217105
(4,24),(33,18):0.000000
(4,24),(10,18):0.000000
(4,24),(10,17):0.000000
(4,24),(9,17):0.000000
(4,24),(9,16):0.000000
(4,24),(12,16):0.000000
(4,24),(12,15):0.000000
(4,24),(20,15):0.000000
(4,24),(20,12):0.000000
(4,24),(17,12):0.000000
(4,24),(17,14):0.000000
(4,24),(8,14):0.000000
(4,24),(8,13):0.000000
(4,24),(15,13):0.000000
(4,24),(15,11):0.000000
(4,24),(28,11):0.000000
(4,24),(28,10):0.000000
(4,24),(11,10):0.000000
(4,24),(11,8):0.000000
(4,24),(24,8):0.000000
(4,24),(24,7):0.000000
(4,24),(21,7):0.000000
(4,24),(21,4):0.000000
(4,24),(22,4):0.000000
(4,24),(22,3):0.000000
(4,24),(38,3):0.000000
(4,24),(38,5):0.000000
(4,28),(3,28):8.000000
(4,28),(3,22):8.333333
(4,28),(2,22):2.333333
(4,28),(2,20):3.333333
(4,28),(5,20):6.333333
(4,28),(5,2):0.000000
(4,28),(1,2):0.000000
(4,28),(1,1):0.000000
(4,28),(6,1):0.000000
(4,28),(6,19):3.750000
(4,28),(33,19):1.484339
(4,28),(33,18):0.000000
(4,28),(10,18):0.000000
(4,28),(10,17):0.000000
(4,28),(9,17):0.000000
(4,28),(9,16):0.000000
(4,28),(12,16):0.000000
(4,28),(12,15):0.000000
(4,28),(20,15):0.000000
(4,28),(20,12):0.000000
(4,28),(17,12):0.000000
(4,28),(17,14):0.000000
(4,28),(8,14):0.000000
(4,28),(8,13):0.000000
(4,28),(15,13):0.000000
(4,28),(15,11):0.000000
(4,28),(28,11):0.000000
(4,28),(28,10):0.000000
(4,28),(11,10):0.000000
(4,28),(11,8):0.000000
(4,28),(24,8):0.000000
(4,28),(24,7):0.000000
(4,28),(21,7):0.000000
(4,28),(21,4):0.000000
(4,28),(22,4):0.000000
(4,28),(22,3):0.000000
(4,28),(38,3):0.000000
(4,28),(38,5):0.000000
(3,28),(3,22):10.000000
(3,28),(2,22):3.500000
(3,28),(2,20):5.000000
(3,28),(5,20):8.000000
(3,28),(5,2):0.000000
(3,28),(1,2):0.000000
(3,28),(1,1):0.000000
(3,28),(6,1):0.000000
(3,28),(6,19):5.250000
(3,28),(33,19):2.220427
(3,28),(33,18):0.000000
(3,28),(10,18):0.000000
(3,28),(10,17):0.000000
(3,28),(9,17):0.000000
(3,28),(9,16):0.000000
(3,28),(12,16):0.000000
(3,28),(12,15):0.000000
(3,28),(20,15):0.000000
(3,28),(20,12):0.000000
(3,28),(17,12):0.000000
(3,28),(17,14):0.000000
(3,28),(8,14):0.000000
(3,28),(8,13):0.000000
(3,28),(15,13):0.000000
(3,28),(15,11):0.000000
(3,28),(28,11):0.000000
(3,28),(28,10):0.000000
(3,28),(11,10):0.000000
(3,28),(11,8):0.000000
(3,28),(24,8):0.000000
(3,28),(24,7):0.000000
(3,28),(21,7):0.000000
(3,28),(21,4):0.000000
(3,28),(22,4):0.000000
(3,28),(22,3):0.000000
(3,28),(38,3):0.000000
(3,28),(38,5):0.000000
(3,22),(2,22):19.250000
(3,22),(2,20):19.000000
(3,22),(5,20):29.500000
(3,22),(5,2):5.235294
(3,22),(1,2):0.000000
(3,22),(1,1):0.000000
(3,22),(6,1):4.921052
(3,22),(6,19):24.750000
(3,22),(33,19):15.300824
(3,22),(33,18):0.000000
(3,22),(10,18):0.000000
(3,22),(10,17):0.000000
(3,22),(9,17):0.000000
(3,22),(9,16):0.000000
(3,22),(12,16):0.000000
(3,22),(12,15):0.000000
(3,22),(20,15):0.000000
(3,22),(20,12):0.000000
(3,22),(17,12):0.000000
(3,22),(17,14):0.000000
(3,22),(8,14):0.000000
(3,22),(8,13):0.000000
(3,22),(15,13):0.000000
(3,22),(15,11):0.000000
(3,22),(28,11):0.000000
(3,22),(28,10):0.000000
(3,22),(11,10):0.000000
(3,22),(11,8):0.000000
(3,22),(24,8):0.000000
(3,22),(24,7):0.000000
(3,22),(21,7):0.000000
(3,22),(21,4):0.000000
(3,22),(22,4):0.000000
(3,22),(22,3):0.000000
(3,22),(38,3):0.000000
(3,22),(38,5):0.000000
(2,22),(2,20):12.500000
(2,22),(5,20):21.250000
(2,22),(5,2):2.594895
(2,22),(1,2):0.000000
(2,22),(1,1):0.000000
(2,22),(6,1):2.438596
(2,22),(6,19):17.250000
(2,22),(33,19):17.050825
(2,22),(33,18):0.000000
(2,22),(10,18):0.000000
(2,22),(10,17):0.000000
(2,22),(9,17):0.000000
(2,22),(9,16):0.000000
(2,22),(12,16):0.000000
(2,22),(12,15):0.000000
(2,22),(20,15):0.000000
(2,22),(20,12):0.000000
(2,22),(17,12):0.000000
(2,22),(17,14):0.000000
(2,22),(8,14):0.000000
(2,22),(8,13):0.000000
(2,22),(15,13):0.000000
(2,22),(15,11):0.000000
(2,22),(28,11):0.000000
(2,22),(28,10):0.000000
(2,22),(11,10):0.000000
(2,22),(11,8):0.000000
(2,22),(24,8):0.000000
(2,22),(24,7):0.000000
(2,22),(21,7):0.000000
(2,22),(21,4):0.000000
(2,22),(22,4):0.000000
(2,22),(22,3):0.000000
(2,22),(38,3):0.000000
(2,22),(38,5):0.000000
(2,20),(5,20):55.571430
(2,20),(5,2):4.705883
(2,20),(1,2):0.000000
(2,20),(1,1):0.000000
(2,20),(6,1):4.421052
(2,20),(6,19):51.571430
(2,20),(33,19):44.372253
(2,20),(33,18):2.250000
(2,20),(10,18):0.000000
(2,20),(10,17):0.000000
(2,20),(9,17):0.000000
(2,20),(9,16):0.000000
(2,20),(12,16):0.000000
(2,20),(12,15):0.000000
(2,20),(20,15):0.000000
(2,20),(20,12):0.000000
(2,20),(17,12):0.000000
(2,20),(17,14):0.000000
(2,20),(8,14):0.000000
(2,20),(8,13):0.000000
(2,20),(15,13):0.000000
(2,20),(15,11):0.000000
(2,20),(28,11):0.000000
(2,20),(28,10):0.000000
(2,20),(11,10):0.000000
(2,20),(11,8):0.000000
(2,20),(24,8):0.000000
(2,20),(24,7):0.000000
(2,20),(21,7):0.000000
(2,20),(21,4):0.000000
(2,20),(22,4):0.000000
(2,20),(22,3):0.000000
(2,20),(38,3):0.000000
(2,20),(38,5):0.000000
(5,20),(5,2):23.735294
(5,20),(1,2):1.000000
(5,20),(1,1):1.125000
(5,20),(6,1):23.421053
(5,20),(6,19):103.977272
(5,20),(33,19):76.545952
(5,20),(33,18):3.608766
(5,20),(10,18):0.000000
(5,20),(10,17):0.000000
(5,20),(9,17):0.000000
(5,20),(9,16):0.000000
(5,20),(12,16):0.000000
(5,20),(12,15):0.000000
(5,20),(20,15):0.000000
(5,20),(20,12):0.000000
(5,20),(17,12):0.000000
(5,20),(17,14):0.000000
(5,20),(8,14):0.000000
(5,20),(8,13):0.000000
(5,20),(15,13):0.000000
(5,20),(15,11):0.000000
(5,20),(28,11):0.066116
(5,20),(28,10):0.123534
(5,20),(11,10):0.000000
(5,20),(11,8):0.000000
(5,20),(24,8):0.000000
(5,20),(24,7):0.000000
(5,20),(21,7):0.000000
(5,20),(21,4):0.000000
(5,20),(22,4):0.000000
(5,20),(22,3):0.000000
(5,20),(38,3):0.000000
(5,20),(38,5):0.000000
(5,2),(1,2):5.000000
(5,2),(1,1):5.125000
(5,2),(6,1):27.000000
(5,2),(6,19):23.764706
(5,2),(33,19):2.241684
(5,2),(33,18):0.000000
(5,2),(10,18):0.000000
(5,2),(10,17):0.000000
(5,2),(9,17):0.000000
(5,2),(9,16):0.000000
(5,2),(12,16):0.000000
(5,2),(12,15):0.000000
(5,2),(20,15):0.000000
(5,2),(20,12):0.000000
(5,2),(17,12):0.000000
(5,2),(17,14):0.000000
(5,2),(8,14):0.000000
(5,2),(8,13):0.000000
(5,2),(15,13):0.000000
(5,2),(15,11):0.000000
(5,2),(28,11):0.000000
(5,2),(28,10):0.000000
(5,2),(11,10):0.000000
(5,2),(11,8):0.000000
(5,2),(24,8):0.000000
(5,2),(24,7):0.000000
(5,2),(21,7):0.000000
(5,2),(21,4):0.000000
(5,2),(22,4):0.000000
(5,2),(22,3):0.000000
(5,2),(38,3):0.000000
(5,2),(38,5):0.000000
(1,2),(1,1):5.000000
(1,2),(6,1):5.000000
(1,2),(6,19):1.029412
(1,2),(33,19):0.000000
(1,2),(33,18):0.000000
(1,2),(10,18):0.000000
(1,2),(10,17):0.000000
(1,2),(9,17):0.000000
(1,2),(9,16):0.000000
(1,2),(12,16):0.000000
(1,2),(12,15):0.000000
(1,2),(20,15):0.000000
(1,2),(20,12):0.000000
(1,2),(17,12):0.000000
(1,2),(17,14):0.000000
(1,2),(8,14):0.000000
(1,2),(8,13):0.000000
(1,2),(15,13):0.000000
(1,2),(15,11):0.000000
(1,2),(28,11):0.000000
(1,2),(28,10):0.000000
(1,2),(11,10):0.000000
(1,2),(11,8):0.000000
(1,2),(24,8):0.000000
(1,2),(24,7):0.000000
(1,2),(21,7):0.000000
(1,2),(21,4):0.000000
(1,2),(22,4):0.000000
(1,2),(22,3):0.000000
(1,2),(38,3):0.000000
(1,2),(38,5):0.000000
(1,1),(6,1):5.125000
(1,1),(6,19):1.154412
(1,1),(33,19):0.000000
(1,1),(33,18):0.000000
(1,1),(10,18):0.000000
(1,1),(10,17):0.000000
(1,1),(9,17):0.000000
(1,1),(9,16):0.000000
(1,1),(12,16):0.000000
(1,1),(12,15):0.000000
(1,1),(20,15):0.000000
(1,1),(20,12):0.000000
(1,1),(17,12):0.000000
(1,1),(17,14):0.000000
(1,1),(8,14):0.000000
(1,1),(8,13):0.000000
(1,1),(15,13):0.000000
(1,1),(15,11):0.000000
(1,1),(28,11):0.000000
(1,1),(28,10):0.000000
(1,1),(11,10):0.000000
(1,1),(11,8):0.000000
(1,1),(24,8):0.000000
(1,1),(24,7):0.000000
(1,1),(21,7):0.000000
(1,1),(21,4):0.000000
(1,1),(22,4):0.000000
(1,1),(22,3):0.000000
(1,1),(38,3):0.000000
(1,1),(38,5):0.000000
(6,1),(6,19):23.450464
(6,1),(33,19):2.150563
(6,1),(33,18):0.000000
(6,1),(10,18):0.000000
(6,1),(10,17):0.000000
(6,1),(9,17):0.000000
(6,1),(9,16):0.000000
(6,1),(12,16):0.000000
(6,1),(12,15):0.000000
(6,1),(20,15):0.000000
(6,1),(20,12):0.000000
(6,1),(17,12):0.000000
(6,1),(17,14):0.000000
(6,1),(8,14):0.000000
(6,1),(8,13):0.000000
(6,1),(15,13):0.000000
(6,1),(15,11):0.000000
(6,1),(28,11):0.000000
(6,1),(28,10):0.000000
(6,1),(11,10):0.000000
(6,1),(11,8):0.000000
(6,1),(24,8):0.000000
(6,1),(24,7):0.000000
(6,1),(21,7):0.000000
(6,1),(21,4):0.000000
(6,1),(22,4):0.000000
(6,1),(22,3):0.000000
(6,1),(38,3):0.000000
(6,1),(38,5):0.000000
(6,19),(33,19):85.182693
(6,19),(33,18):4.230769
(6,19),(10,18):0.000000
(6,19),(10,17):0.000000
(6,19),(9,17):0.000000
(6,19),(9,16):0.000000
(6,19),(12,16):0.000000
(6,19),(12,15):0.000000
(6,19),(20,15):0.000000
(6,19),(20,12):0.000000
(6,19),(17,12):0.000000
(6,19),(17,14):0.000000
(6,19),(8,14):0.000000
(6,19),(8,13):0.000000
(6,19),(15,13):0.000000
(6,19),(15,11):0.000000
(6,19),(28,11):0.057143
(6,19),(28,10):0.112500
(6,19),(11,10):0.000000
(6,19),(11,8):0.000000
(6,19),(24,8):0.000000
(6,19),(24,7):0.000000
(6,19),(21,7):0.000000
(6,19),(21,4):0.000000
(6,19),(22,4):0.000000
(6,19),(22,3):0.000000
(6,19),(38,3):0.000000
(6,19),(38,5):0.000000
(33,19),(33,18):32.681820
(33,19),(10,18):7.050000
(33,19),(10,17):5.721739
(33,19),(9,17):4.454545
(33,19),(9,16):2.041667
(33,19),(12,16):4.735119
(33,19),(12,15):3.071429
(33,19),(20,15):9.115385
(33,19),(20,12):7.918269
(33,19),(17,12):1.500000
(33,19),(17,14):0.000000
(33,19),(8,14):0.000000
(33,19),(8,13):0.000000
(33,19),(15,13):0.000000
(33,19),(15,11):3.700000
(33,19),(28,11):9.700000
(33,19),(28,10):9.800000
(33,19),(11,10):1.000000
(33,19),(11,8):1.397059
(33,19),(24,8):2.850000
(33,19),(24,7):3.325000
(33,19),(21,7):0.000000
(33,19),(21,4):2.901786
(33,19),(22,4):3.285714
(33,19),(22,3):3.559524
(33,19),(38,3):0.000000
(33,19),(38,5):0.000000
(33,18),(10,18):98.900002
(33,18),(10,17):89.599998
(33,18),(9,17):63.296444
(33,18),(9,16):48.519928
(33,18),(12,16):83.275879
(33,18),(12,15):66.071426
(33,18),(20,15):134.531143
(33,18),(20,12):101.564102
(33,18),(17,12):16.719696
(33,18),(17,14):0.000000
(33,18),(8,14):0.000000
(33,18),(8,13):0.000000
(33,18),(15,13):0.163333
(33,18),(15,11):34.683334
(33,18),(28,11):121.908333
(33,18),(28,10):68.112503
(33,18),(11,10):8.991299
(33,18),(11,8):9.450980
(33,18),(24,8):25.700001
(33,18),(24,7):27.812500
(33,18),(21,7):9.388889
(33,18),(21,4):24.310516
(33,18),(22,4):28.383928
(33,18),(22,3):29.598215
(33,18),(38,3):8.744091
(33,18),(38,5):5.055555
(10,18),(10,17):88.599998
(10,18),(9,17):62.318180
(10,18),(9,16):47.500000
(10,18),(12,16):81.750000
(10,18),(12,15):65.500000
(10,18),(20,15):98.650002
(10,18),(20,12):71.400002
(10,18),(17,12):2.400000
(10,18),(17,14):0.000000
(10,18),(8,14):0.000000
(10,18),(8,13):0.000000
(10,18),(15,13):0.000000
(10,18),(15,11):15.933333
(10,18),(28,11):80.400002
(10,18),(28,10):37.799999
(10,18),(11,10):0.000000
(10,18),(11,8):0.000000
(10,18),(24,8):3.025000
(10,18),(24,7):6.490476
(10,18),(21,7):0.000000
(10,18),(21,4):7.200572
(10,18),(22,4):8.853119
(10,18),(22,3):10.434704
(10,18),(38,3):0.000000
(10,18),(38,5):0.000000
(10,17),(9,17):63.318180
(10,17),(9,16):48.521740
(10,17),(12,16):82.271736
(10,17),(12,15):65.021736
(10,17),(20,15):89.059242
(10,17),(20,12):61.621738
(10,17),(17,12):0.000000
(10,17),(17,14):0.000000
(10,17),(8,14):0.000000
(10,17),(8,13):0.000000
(10,17),(15,13):0.000000
(10,17),(15,11):8.450000
(10,17),(28,11):70.621742
(10,17),(28,10):31.221739
(10,17),(11,10):0.000000
(10,17),(11,8):0.000000
(10,17),(24,8):0.457143
(10,17),(24,7):2.784210
(10,17),(21,7):0.000000
(10,17),(21,4):4.096139
(10,17),(22,4):5.941220
(10,17),(22,3):7.871739
(10,17),(38,3):0.000000
(10,17),(38,5):0.000000
(9,17),(9,16):25.000000
(9,17),(12,16):57.750000
(9,17),(12,15):42.500000
(9,17),(20,15):62.755680
(9,17),(20,12):45.818180
(9,17),(17,12):0.000000
(9,17),(17,14):0.000000
(9,17),(8,14):0.000000
(9,17),(8,13):0.000000
(9,17),(15,13):0.000000
(9,17),(15,11):7.203896
(9,17),(28,11):49.818180
(9,17),(28,10):24.000000
(9,17),(11,10):0.000000
(9,17),(11,8):0.000000
(9,17),(24,8):0.218182
(9,17),(24,7):2.245011
(9,17),(21,7):0.000000
(9,17),(21,4):3.478003
(9,17),(22,4):5.310559
(9,17),(22,3):7.328411
(9,17),(38,3):0.000000
(9,17),(38,5):0.000000
(9,16),(12,16):48.541668
(9,16),(12,15):44.041668
(9,16),(20,15):47.979168
(9,16),(20,12):28.041666
(9,16),(17,12):0.000000
(9,16),(17,14):0.000000
(9,16),(8,14):0.000000
(9,16),(8,13):0.000000
(9,16),(15,13):0.000000
(9,16),(15,11):0.000000
(9,16),(28,11):36.041668
(9,16),(28,10):12.041667
(9,16),(11,10):0.000000
(9,16),(11,8):0.000000
(9,16),(24,8):0.000000
(9,16),(24,7):0.000000
(9,16),(21,7):0.000000
(9,16),(21,4):0.000000
(9,16),(22,4):0.000000
(9,16),(22,3):0.428571
(9,16),(38,3):0.000000
(9,16),(38,5):0.000000
(12,16),(12,15):66.047623
(12,16),(20,15):82.735123
(12,16),(20,12):54.297619
(12,16),(17,12):0.000000
(12,16),(17,14):0.000000
(12,16),(8,14):0.000000
(12,16),(8,13):0.000000
(12,16),(15,13):0.000000
(12,16),(15,11):3.696154
(12,16),(28,11):63.297619
(12,16),(28,10):26.297619
(12,16),(11,10):0.000000
(12,16),(11,8):0.000000
(12,16),(24,8):0.000000
(12,16),(24,7):0.892857
(12,16),(21,7):0.000000
(12,16),(21,4):1.824026
(12,16),(22,4):3.361111
(12,16),(22,3):5.442899
(12,16),(38,3):0.000000
(12,16),(38,5):0.000000
(12,15),(20,15):66.071426
(12,15),(20,12):42.071430
(12,15),(17,12):0.000000
(12,15),(17,14):0.000000
(12,15),(8,14):0.000000
(12,15),(8,13):0.000000
(12,15),(15,13):0.000000
(12,15),(15,11):0.000000
(12,15),(28,11):51.071430
(12,15),(28,10):18.071428
(12,15),(11,10):0.000000
(12,15),(11,8):0.000000
(12,15),(24,8):0.000000
(12,15),(24,7):0.000000
(12,15),(21,7):0.000000
(12,15),(21,4):0.011905
(12,15),(22,4):0.500000
(12,15),(22,3):1.714286
(12,15),(38,3):0.000000
(12,15),(38,5):0.000000
(20,15),(20,12):100.365387
(20,15),(17,12):15.636364
(20,15),(17,14):0.000000
(20,15),(8,14):0.000000
(20,15),(8,13):0.000000
(20,15),(15,13):0.000000
(20,15),(15,11):33.599998
(20,15),(28,11):115.115387
(20,15),(28,10):50.115383
(20,15),(11,10):3.000000
(20,15),(11,8):4.457726
(20,15),(24,8):9.642858
(20,15),(24,7):11.900000
(20,15),(21,7):0.000000
(20,15),(21,4):11.234492
(20,15),(22,4):12.728292
(20,15),(22,3):14.006767
(20,15),(38,3):0.000000
(20,15),(38,5):0.000000
(20,12),(17,12):20.636364
(20,12),(17,14):2.000000
(20,12),(8,14):0.000000
(20,12),(8,13):0.000000
(20,12),(15,13):3.000000
(20,12),(15,11):38.599998
(20,12),(28,11):105.480766
(20,12),(28,10):44.480770
(20,12),(11,10):0.000000
(20,12),(11,8):0.428253
(20,12),(24,8):6.050000
(20,12),(24,7):9.785714
(20,12),(21,7):0.000000
(20,12),(21,4):9.843912
(20,12),(22,4):11.483958
(20,12),(22,3):12.945539
(20,12),(38,3):0.000000
(20,12),(38,5):0.000000
(17,12),(17,14):7.000000
(17,12),(8,14):3.285714
(17,12),(8,13):3.000000
(17,12),(15,13):8.000000
(17,12),(15,11):23.000000
(17,12),(28,11):20.818182
(17,12),(28,10):7.636364
(17,12),(11,10):0.000000
(17,12),(11,8):0.151447
(17,12),(24,8):4.482518
(17,12),(24,7):5.261261
(17,12),(21,7):0.000000
(17,12),(21,4):3.894064
(17,12),(22,4):3.540591
(17,12),(22,3):3.056592
(17,12),(38,3):0.000000
(17,12),(38,5):0.000000
(17,14),(8,14):9.285714
(17,14),(8,13):9.000000
(17,14),(15,13):13.000000
(17,14),(15,11):6.000000
(17,14),(28,11):2.181818
(17,14),(28,10):0.000000
(17,14),(11,10):0.000000
(17,14),(11,8):0.000000
(17,14),(24,8):0.000000
(17,14),(24,7):0.000000
(17,14),(21,7):0.000000
(17,14),(21,4):0.000000
(17,14),(22,4):0.000000
(17,14),(22,3):0.000000
(17,14),(38,3):0.000000
(17,14),(38,5):0.000000
(8,14),(8,13):9.000000
(8,14),(15,13):9.285714
(8,14),(15,11):2.285714
(8,14),(28,11):0.000000
(8,14),(28,10):0.000000
(8,14),(11,10):0.000000
(8,14),(11,8):0.000000
(8,14),(24,8):0.000000
(8,14),(24,7):0.000000
(8,14),(21,7):0.000000
(8,14),(21,4):0.000000
(8,14),(22,4):0.000000
(8,14),(22,3):0.000000
(8,14),(38,3):0.000000
(8,14),(38,5):0.000000
(8,13),(15,13):9.000000
(8,13),(15,11):2.000000
(8,13),(28,11):0.000000
(8,13),(28,10):0.000000
(8,13),(11,10):0.000000
(8,13),(11,8):0.000000
(8,13),(24,8):0.000000
(8,13),(24,7):0.000000
(8,13),(21,7):0.000000
(8,13),(21,4):0.000000
(8,13),(22,4):0.000000
(8,13),(22,3):0.000000
(8,13),(38,3):0.000000
(8,13),(38,5):0.000000
(15,13),(15,11):7.000000
(15,13),(28,11):3.181818
(15,13),(28,10):0.000000
(15,13),(11,10):0.000000
(15,13),(11,8):0.000000
(15,13),(24,8):0.000000
(15,13),(24,7):0.000000
(15,13),(21,7):0.000000
(15,13),(21,4):0.000000
(15,13),(22,4):0.000000
(15,13),(22,3):0.000000
(15,13),(38,3):0.000000
(15,13),(38,5):0.000000
(15,11),(28,11):38.781818
(15,11),(28,10):19.200001
(15,11),(11,10):0.000000
(15,11),(11,8):0.000000
(15,11),(24,8):4.000000
(15,11),(24,7):8.166667
(15,11),(21,7):0.000000
(15,11),(21,4):8.909964
(15,11),(22,4):9.871428
(15,11),(22,3):9.877504
(15,11),(38,3):0.000000
(15,11),(38,5):0.000000
(28,11),(28,10):61.599998
(28,11),(11,10):7.692307
(28,11),(11,8):8.423203
(28,11),(24,8):19.400000
(28,11),(24,7):21.400000
(28,11),(21,7):4.900000
(28,11),(21,4):19.016071
(28,11),(22,4):21.971428
(28,11),(22,3):23.185715
(28,11),(38,3):4.066667
(28,11),(38,5):2.800000
(28,10),(11,10):42.923077
(28,10),(11,8):42.423203
(28,10),(24,8):73.625000
(28,10),(24,7):57.250000
(28,10),(21,7):28.583334
(28,10),(21,4):44.241070
(28,10),(22,4):54.821430
(28,10),(22,3):55.660713
(28,10),(38,3):27.885416
(28,10),(38,5):15.958333
(11,10),(11,8):40.305557
(11,10),(24,8):40.423077
(11,10),(24,7):13.173077
(11,10),(21,7):0.000000
(11,10),(21,4):8.656410
(11,10),(22,4):9.925403
(11,10),(22,3):10.488553
(11,10),(38,3):0.000000
(11,10),(38,5):0.000000
(11,8),(24,8):40.617645
(11,8),(24,7):12.270833
(11,8),(21,7):0.000000
(11,8),(21,4):7.289855
(11,8),(22,4):8.438967
(11,8),(22,3):8.903409
(11,8),(38,3):0.000000
(11,8),(38,5):0.000000
(24,8),(24,7):55.250000
(24,8),(21,7):31.250000
(24,8),(21,4):36.687500
(24,8),(22,4):48.321430
(24,8),(22,3):47.400002
(24,8),(38,3):30.416666
(24,8),(38,5):20.000000
(24,7),(21,7):49.733334
(24,7),(21,4):55.087502
(24,7),(22,4):71.471428
(24,7),(22,3):67.435715
(24,7),(38,3):49.035416
(24,7),(38,5):31.400000
(21,7),(21,4):36.937500
(21,7),(22,4):52.770832
(21,7),(22,3):49.770832
(21,7),(38,3):51.239582
(21,7),(38,5):32.770832
(21,4),(22,4):63.000000
(21,4),(22,3):58.214287
(21,4),(38,3):39.718750
(21,4),(38,5):17.000000
(22,4),(22,3):78.285713
(22,4),(38,3):55.764206
(22,4),(38,5):33.000000
(22,3),(38,3):52.821430
(22,3),(38,5):32.000000
(38,3),(38,5):32.968750
