38
(8,6):(8,6)	(8,9)	(8,10)	(8,11)	(8,12)	(9,6)	(9,7)	(9,8)	(9,9)	(9,10)	(9,11)	(9,12)	(10,8)	(10,9)	(10,10)	(10,11)	(10,12)	(10,13)	(11,9)	(11,10)	(11,11)	(11,12)	(11,13)	(12,10)	(12,11)	(12,12)	(12,13)	(13,11)	(13,12)	(13,13)	(14,12)	(14,13)	(14,14)	(15,13)	(15,14)	(15,15)	(16,14)	(16,15)	(16,16)	(17,16)	(17,17)	(17,18)	(18,18)	(19,19)	
(9,6):(7,12)	(8,6)	(8,9)	(8,10)	(8,11)	(8,12)	(9,6)	(9,7)	(9,8)	(9,9)	(9,10)	(9,11)	(9,12)	
(9,7):(7,11)	(7,12)	(8,6)	(8,9)	(8,10)	(8,11)	(8,12)	(9,6)	(9,7)	(9,8)	(9,9)	(9,10)	(9,11)	(9,12)	(10,8)	(10,9)	(10,10)	(10,11)	(10,12)	(10,13)	(11,7)	(11,8)	(11,9)	(11,10)	(11,11)	(11,12)	(11,13)	(12,9)	(12,10)	(12,11)	(12,12)	(12,13)	(13,10)	(13,11)	(13,12)	(13,13)	(14,11)	(14,12)	(14,13)	(14,14)	(15,12)	(15,13)	(15,14)	(15,15)	(16,13)	(16,14)	(16,15)	(16,16)	(17,16)	(17,17)	(17,18)	(18,18)	(19,19)	
(11,7):(5,13)	(6,12)	(7,10)	(7,11)	(7,12)	(8,9)	(8,10)	(8,11)	(8,12)	(9,7)	(9,8)	(9,9)	(9,10)	(9,11)	(9,12)	(10,8)	(10,9)	(10,10)	(10,11)	(10,12)	(10,13)	(10,14)	(11,7)	(11,8)	(11,9)	(11,10)	(11,11)	(11,12)	(11,13)	
(11,8):(5,13)	(6,12)	(7,10)	(7,11)	(7,12)	(8,9)	(8,10)	(8,11)	(8,12)	(9,7)	(9,8)	(9,9)	(9,10)	(9,11)	(9,12)	(10,8)	(10,9)	(10,10)	(10,11)	(10,12)	(10,13)	(10,14)	(11,7)	(11,8)	(11,9)	(11,10)	(11,11)	(11,12)	(11,13)	(12,9)	(12,10)	(12,11)	(12,12)	(12,13)	(13,8)	(13,10)	(13,11)	(13,12)	(13,13)	(14,11)	(14,12)	(14,13)	(14,14)	(15,12)	(15,13)	(15,14)	(15,15)	(15,16)	(16,13)	(16,14)	(16,15)	(16,16)	(16,17)	(16,18)	(17,16)	(17,17)	(17,18)	(18,18)	(19,19)	
(13,8):(5,13)	(6,12)	(7,10)	(7,11)	(7,12)	(8,9)	(8,10)	(8,11)	(8,12)	(9,8)	(9,9)	(9,10)	(9,11)	(9,12)	(10,8)	(10,9)	(10,10)	(10,11)	(10,12)	(10,13)	(10,14)	(11,8)	(11,9)	(11,10)	(11,11)	(11,12)	(11,13)	(12,9)	(12,10)	(12,11)	(12,12)	(12,13)	(13,8)	(13,10)	(13,11)	(13,12)	(13,13)	
(13,10):(5,13)	(6,12)	(7,9)	(7,10)	(7,11)	(7,12)	(8,9)	(8,10)	(8,11)	(8,12)	(9,7)	(9,8)	(9,9)	(9,10)	(9,11)	(9,12)	(10,8)	(10,9)	(10,10)	(10,11)	(10,12)	(10,13)	(10,14)	(11,8)	(11,9)	(11,10)	(11,11)	(11,12)	(11,13)	(12,9)	(12,10)	(12,11)	(12,12)	(12,13)	(13,8)	(13,10)	(13,11)	(13,12)	(13,13)	(14,11)	(14,12)	(14,13)	(14,14)	(15,11)	(15,12)	(15,13)	(15,14)	(15,15)	(15,16)	(15,17)	(16,11)	(16,12)	(16,13)	(16,14)	(16,15)	(16,16)	(16,17)	(16,18)	(17,11)	(17,16)	(17,17)	(17,18)	(18,10)	(18,11)	(18,18)	(19,19)	
(18,10):(5,13)	(6,12)	(7,10)	(7,11)	(7,12)	(8,10)	(8,11)	(8,12)	(9,10)	(9,11)	(9,12)	(10,10)	(10,11)	(10,12)	(10,13)	(10,14)	(11,10)	(11,11)	(11,12)	(11,13)	(12,10)	(12,11)	(12,12)	(12,13)	(13,10)	(13,11)	(13,12)	(13,13)	(14,11)	(14,12)	(14,13)	(14,14)	(15,11)	(15,12)	(15,13)	(16,11)	(16,12)	(17,11)	(18,10)	(18,11)	
(18,11):(7,9)	(7,10)	(7,11)	(8,9)	(8,10)	(8,11)	(9,10)	(9,11)	(10,10)	(10,11)	(11,10)	(11,11)	(12,10)	(12,11)	(13,10)	(13,11)	(14,11)	(15,11)	(16,11)	(17,11)	(18,10)	(18,11)	
(17,11):(5,13)	(6,12)	(7,9)	(7,10)	(7,11)	(7,12)	(8,9)	(8,10)	(8,11)	(8,12)	(9,9)	(9,10)	(9,11)	(9,12)	(10,10)	(10,11)	(10,12)	(10,13)	(10,14)	(11,10)	(11,11)	(11,12)	(11,13)	(12,10)	(12,11)	(12,12)	(12,13)	(13,10)	(13,11)	(13,12)	(13,13)	(14,11)	(14,12)	(14,13)	(14,14)	(14,15)	(14,16)	(15,11)	(15,12)	(15,13)	(15,14)	(15,15)	(15,16)	(15,17)	(15,18)	(16,11)	(16,12)	(16,13)	(16,14)	(16,15)	(16,16)	(16,17)	(16,18)	(16,19)	(17,11)	(17,16)	(17,17)	(17,18)	(18,10)	(18,11)	
(17,16):(7,9)	(8,6)	(8,9)	(8,10)	(9,7)	(9,8)	(9,9)	(9,10)	(10,8)	(10,9)	(10,10)	(10,11)	(11,8)	(11,9)	(11,10)	(11,11)	(11,12)	(12,9)	(12,10)	(12,11)	(12,12)	(12,15)	(12,17)	(13,10)	(13,11)	(13,12)	(13,13)	(13,16)	(14,11)	(14,12)	(14,13)	(14,14)	(14,15)	(14,16)	(15,11)	(15,12)	(15,13)	(15,14)	(15,15)	(15,16)	(15,17)	(15,18)	(16,11)	(16,12)	(16,13)	(16,14)	(16,15)	(16,16)	(16,17)	(16,18)	(16,19)	(17,11)	(17,16)	(17,17)	(17,18)	(18,17)	(18,18)	(19,16)	(19,19)	
(19,16):(12,17)	(13,16)	(14,16)	(15,16)	(15,17)	(15,18)	(16,16)	(16,17)	(16,18)	(16,19)	(17,16)	(17,17)	(17,18)	(18,17)	(18,18)	(19,16)	(19,19)	
(19,19):(8,6)	(9,7)	(9,8)	(9,9)	(10,8)	(10,9)	(10,10)	(11,8)	(11,9)	(11,10)	(11,11)	(12,9)	(12,10)	(12,11)	(12,12)	(12,15)	(13,10)	(13,11)	(13,12)	(13,13)	(13,16)	(14,12)	(14,13)	(14,14)	(14,15)	(14,16)	(15,13)	(15,14)	(15,15)	(15,16)	(15,17)	(16,15)	(16,16)	(16,17)	(16,18)	(16,19)	(17,16)	(17,17)	(17,18)	(18,17)	(18,18)	(19,16)	(19,19)	
(16,19):(16,11)	(16,12)	(16,13)	(16,14)	(16,15)	(16,16)	(16,17)	(16,18)	(16,19)	(17,11)	(17,16)	(17,17)	(17,18)	(18,17)	(18,18)	(19,16)	(19,19)	
(16,18):(11,8)	(12,9)	(12,10)	(13,10)	(13,11)	(13,12)	(14,11)	(14,12)	(14,13)	(14,14)	(14,15)	(14,16)	(15,11)	(15,12)	(15,13)	(15,14)	(15,15)	(15,16)	(15,17)	(15,18)	(16,11)	(16,12)	(16,13)	(16,14)	(16,15)	(16,16)	(16,17)	(16,18)	(16,19)	(17,11)	(17,16)	(17,17)	(17,18)	(18,17)	(18,18)	(19,16)	(19,19)	
(15,18):(15,11)	(15,12)	(15,13)	(15,14)	(15,15)	(15,16)	(15,17)	(15,18)	(16,11)	(16,12)	(16,13)	(16,14)	(16,15)	(16,16)	(16,17)	(16,18)	(17,11)	(17,16)	(17,17)	(17,18)	(18,17)	(18,18)	(19,16)	
(15,17):(12,15)	(12,17)	(13,10)	(13,11)	(13,16)	(14,11)	(14,12)	(14,13)	(14,14)	(14,15)	(14,16)	(15,11)	(15,12)	(15,13)	(15,14)	(15,15)	(15,16)	(15,17)	(15,18)	(16,11)	(16,12)	(16,13)	(16,14)	(16,15)	(16,16)	(16,17)	(16,18)	(17,11)	(17,16)	(17,17)	(17,18)	(18,17)	(18,18)	(19,16)	(19,19)	
(12,17):(12,15)	(12,17)	(13,16)	(14,15)	(14,16)	(15,14)	(15,15)	(15,16)	(15,17)	(16,13)	(16,14)	(16,15)	(16,16)	(16,17)	(17,16)	(17,17)	(18,17)	(19,16)	
(12,15):(12,15)	(12,17)	(13,16)	(14,15)	(14,16)	(15,15)	(15,16)	(15,17)	(16,15)	(16,16)	(16,17)	(17,16)	(17,17)	(17,18)	(18,17)	(18,18)	(19,19)	
(14,15):(12,15)	(12,17)	(13,16)	(14,11)	(14,12)	(14,13)	(14,14)	(14,15)	(14,16)	(15,11)	(15,12)	(15,13)	(15,14)	(15,15)	(15,16)	(15,17)	(16,11)	(16,12)	(16,13)	(16,14)	(16,15)	(16,16)	(16,17)	(16,18)	(17,11)	(17,16)	(17,17)	(17,18)	(18,17)	(18,18)	(19,19)	
(14,14):(6,12)	(7,9)	(7,10)	(7,11)	(7,12)	(8,6)	(8,9)	(8,10)	(8,11)	(8,12)	(9,7)	(9,8)	(9,9)	(9,10)	(9,11)	(9,12)	(10,8)	(10,9)	(10,10)	(10,11)	(10,12)	(10,13)	(10,14)	(11,8)	(11,9)	(11,10)	(11,11)	(11,12)	(11,13)	(12,9)	(12,10)	(12,11)	(12,12)	(12,13)	(13,10)	(13,11)	(13,12)	(13,13)	(14,11)	(14,12)	(14,13)	(14,14)	(14,15)	(14,16)	(15,11)	(15,12)	(15,13)	(15,14)	(15,15)	(15,16)	(15,17)	(16,11)	(16,12)	(16,13)	(16,14)	(16,15)	(16,16)	(16,17)	(16,18)	(17,11)	(17,16)	(17,17)	(17,18)	(18,10)	(18,17)	(18,18)	(19,19)	
(10,14):(10,8)	(10,9)	(10,10)	(10,11)	(10,12)	(10,13)	(10,14)	(11,7)	(11,8)	(11,9)	(11,10)	(11,11)	(11,12)	(11,13)	(12,9)	(12,10)	(12,11)	(12,12)	(12,13)	(13,8)	(13,10)	(13,11)	(13,12)	(13,13)	(14,11)	(14,12)	(14,13)	(14,14)	(15,11)	(15,12)	(15,13)	(15,14)	(16,11)	(16,12)	(16,13)	(16,14)	(17,11)	(18,10)	
(10,13):(5,12)	(5,13)	(6,12)	(7,9)	(7,10)	(7,11)	(7,12)	(8,6)	(8,9)	(8,10)	(8,11)	(8,12)	(9,7)	(9,8)	(9,9)	(9,10)	(9,11)	(9,12)	(10,8)	(10,9)	(10,10)	(10,11)	(10,12)	(10,13)	(10,14)	(11,7)	(11,8)	(11,9)	(11,10)	(11,11)	(11,12)	(11,13)	(12,9)	(12,10)	(12,11)	(12,12)	(12,13)	(13,8)	(13,10)	(13,11)	(13,12)	(13,13)	(14,11)	(14,12)	(14,13)	(14,14)	(15,11)	(15,12)	(15,13)	(15,14)	(16,11)	(16,12)	(16,13)	(16,14)	(17,11)	(18,10)	
(5,13):(5,12)	(5,13)	(6,12)	(7,11)	(7,12)	(8,10)	(8,11)	(8,12)	(9,9)	(9,10)	(9,11)	(9,12)	(10,8)	(10,9)	(10,10)	(10,11)	(10,12)	(10,13)	(11,7)	(11,8)	(11,9)	(11,10)	(11,11)	(11,12)	(11,13)	(12,9)	(12,10)	(12,11)	(12,12)	(12,13)	(13,8)	(13,10)	(13,11)	(13,12)	(13,13)	(14,11)	(14,12)	(14,13)	(15,11)	(15,12)	(15,13)	(16,11)	(16,12)	(16,13)	(17,11)	(18,10)	
(5,12):(5,12)	(5,13)	(6,12)	(7,12)	(8,12)	(9,12)	(10,12)	(10,13)	(11,12)	(11,13)	(12,12)	(12,13)	(13,12)	(13,13)	(14,12)	(14,13)	(15,12)	(15,13)	(15,14)	(16,12)	(16,13)	(16,14)	
(6,12):(5,12)	(5,13)	(6,5)	(6,12)	(7,4)	(7,9)	(7,10)	(7,11)	(7,12)	(8,9)	(8,10)	(8,11)	(8,12)	(9,8)	(9,9)	(9,10)	(9,11)	(9,12)	(10,8)	(10,9)	(10,10)	(10,11)	(10,12)	(10,13)	(11,7)	(11,8)	(11,9)	(11,10)	(11,11)	(11,12)	(11,13)	(12,9)	(12,10)	(12,11)	(12,12)	(12,13)	(13,8)	(13,10)	(13,11)	(13,12)	(13,13)	(14,11)	(14,12)	(14,13)	(14,14)	(15,11)	(15,12)	(15,13)	(15,14)	(16,11)	(16,12)	(16,13)	(16,14)	(17,11)	(18,10)	
(6,5):(2,3)	(2,5)	(3,4)	(4,4)	(6,5)	(6,12)	(7,4)	(7,9)	(7,10)	(7,11)	(7,12)	
(2,5):(2,3)	(2,5)	(3,2)	(3,3)	(3,4)	(4,1)	(4,4)	(6,5)	(7,4)	
(2,3):(1,2)	(1,3)	(2,3)	(2,5)	(3,2)	(3,3)	(3,4)	(4,1)	(4,4)	(6,5)	
(1,3):(1,2)	(1,3)	(2,3)	(3,2)	(3,3)	
(1,2):(1,2)	(1,3)	(2,3)	(3,2)	(3,3)	(3,4)	(4,4)	
(3,2):(1,2)	(1,3)	(2,3)	(2,5)	(3,1)	(3,2)	(3,3)	(3,4)	(4,1)	(4,4)	
(3,1):(3,1)	(3,2)	(3,3)	(3,4)	(4,1)	(4,4)	
(4,1):(2,3)	(2,5)	(3,1)	(3,2)	(3,3)	(3,4)	(4,1)	(4,4)	
(4,4):(1,2)	(2,3)	(2,5)	(3,1)	(3,2)	(3,3)	(3,4)	(4,1)	(4,4)	(6,5)	(7,4)	
(7,4):(2,5)	(3,4)	(4,4)	(6,5)	(6,12)	(7,4)	(7,9)	(7,10)	(7,11)	(7,12)	
(7,9):(6,5)	(6,12)	(7,4)	(7,9)	(7,10)	(7,11)	(7,12)	(8,9)	(8,10)	(8,11)	(8,12)	(9,9)	(9,10)	(9,11)	(9,12)	(10,9)	(10,10)	(10,11)	(10,12)	(10,13)	(11,9)	(11,10)	(11,11)	(11,12)	(11,13)	(12,9)	(12,10)	(12,11)	(12,12)	(12,13)	(13,10)	(13,11)	(13,12)	(13,13)	(14,11)	(14,12)	(14,13)	(14,14)	(15,11)	(15,12)	(15,13)	(15,14)	(16,11)	(16,12)	(16,13)	(16,14)	(16,15)	(17,11)	(17,16)	(18,11)	
(8,9):(6,12)	(7,9)	(7,10)	(7,11)	(7,12)	(8,6)	(8,9)	(8,10)	(8,11)	(8,12)	(9,6)	(9,7)	(9,8)	(9,9)	(9,10)	(9,11)	(9,12)	(10,8)	(10,9)	(10,10)	(10,11)	(10,12)	(10,13)	(11,7)	(11,8)	(11,9)	(11,10)	(11,11)	(11,12)	(11,13)	(12,9)	(12,10)	(12,11)	(12,12)	(12,13)	(13,8)	(13,10)	(13,11)	(13,12)	(13,13)	(14,11)	(14,12)	(14,13)	(14,14)	(15,11)	(15,12)	(15,13)	(15,14)	(16,11)	(16,12)	(16,13)	(16,14)	(16,15)	(17,11)	(17,16)	(18,11)	(18,17)	
(8,6):39.259922
(9,6):9.666667
(9,7):54.738094
(11,7):26.166666
(11,8):59.266666
(13,8):36.314285
(13,10):70.360123
(18,10):37.416668
(18,11):16.590910
(17,11):60.679546
(17,16):58.863888
(19,16):14.000000
(19,19):37.469696
(16,19):15.062500
(16,18):36.321430
(15,18):20.142857
(15,17):37.095238
(12,17):16.500000
(12,15):16.600000
(14,15):33.125000
(14,14):70.000000
(10,14):35.785713
(10,13):59.565475
(5,13):41.416668
(5,12):16.900000
(6,12):59.746212
(6,5):16.000000
(2,5):9.833333
(2,3):8.500000
(1,3):3.250000
(1,2):5.750000
(3,2):8.250000
(3,1):4.166667
(4,1):6.500000
(4,4):11.000000
(7,4):13.062500
(7,9):54.361904
(8,9):59.444443
(8,6),(9,6):7.000000
(8,6),(9,7):39.232143
(8,6),(11,7):16.857143
(8,6),(11,8):38.065475
(8,6),(13,8):23.357143
(8,6),(13,10):37.857143
(8,6),(18,10):20.857143
(8,6),(18,11):6.875000
(8,6),(17,11):30.315475
(8,6),(17,16):28.958334
(8,6),(19,16):4.902778
(8,6),(19,19):21.986111
(8,6),(16,19):6.236111
(8,6),(16,18):12.902778
(8,6),(15,18):7.133333
(8,6),(15,17):11.902778
(8,6),(12,17):5.539286
(8,6),(12,15):6.736111
(8,6),(14,15):10.902778
(8,6),(14,14):38.402779
(8,6),(10,14):17.857143
(8,6),(10,13):30.940475
(8,6),(5,13):20.500000
(8,6),(5,12):9.625000
(8,6),(6,12):26.866667
(8,6),(6,5):0.000000
(8,6),(2,5):0.000000
(8,6),(2,3):0.000000
(8,6),(1,3):0.000000
(8,6),(1,2):0.000000
(8,6),(3,2):0.000000
(8,6),(3,1):0.000000
(8,6),(4,1):0.000000
(8,6),(4,4):0.000000
(8,6),(7,4):0.000000
(8,6),(7,9):27.865000
(8,6),(8,9):33.950001
(9,6),(9,7):9.666667
(9,6),(11,7):8.666667
(9,6),(11,8):8.916667
(9,6),(13,8):7.666667
(9,6),(13,10):9.041667
(9,6),(18,10):5.500000
(9,6),(18,11):2.566667
(9,6),(17,11):6.791667
(9,6),(17,16):4.025252
(9,6),(19,16):0.000000
(9,6),(19,19):2.083333
(9,6),(16,19):0.000000
(9,6),(16,18):0.000000
(9,6),(15,18):0.000000
(9,6),(15,17):0.000000
(9,6),(12,17):0.000000
(9,6),(12,15):0.000000
(9,6),(14,15):0.000000
(9,6),(14,14):8.152472
(9,6),(10,14):0.000000
(9,6),(10,13):9.583333
(9,6),(5,13):5.916667
(9,6),(5,12):2.166667
(9,6),(6,12):7.416667
(9,6),(6,5):1.523810
(9,6),(2,5):0.000000
(9,6),(2,3):0.000000
(9,6),(1,3):0.000000
(9,6),(1,2):0.000000
(9,6),(3,2):0.000000
(9,6),(3,1):0.000000
(9,6),(4,1):0.000000
(9,6),(4,4):0.000000
(9,6),(7,4):0.166667
(9,6),(7,9):6.666667
(9,6),(8,9):9.666667
(9,7),(11,7):22.916666
(9,7),(11,8):51.571430
(9,7),(13,8):30.916666
(9,7),(13,10):52.863094
(9,7),(18,10):28.309525
(9,7),(18,11):9.166667
(9,7),(17,11):41.341667
(9,7),(17,16):39.689484
(9,7),(19,16):5.250000
(9,7),(19,19):27.541126
(9,7),(16,19):8.396428
(9,7),(16,18):21.590660
(9,7),(15,18):10.863492
(9,7),(15,17):18.954762
(9,7),(12,17):7.652778
(9,7),(12,15):7.061688
(9,7),(14,15):16.196428
(9,7),(14,14):52.210316
(9,7),(10,14):27.916666
(9,7),(10,13):45.958332
(9,7),(5,13):32.000000
(9,7),(5,12):14.983334
(9,7),(6,12):41.791668
(9,7),(6,5):2.666667
(9,7),(2,5):0.000000
(9,7),(2,3):0.000000
(9,7),(1,3):0.000000
(9,7),(1,2):0.000000
(9,7),(3,2):0.000000
(9,7),(3,1):0.000000
(9,7),(4,1):0.000000
(9,7),(4,4):0.000000
(9,7),(7,4):1.000000
(9,7),(7,9):39.864132
(9,7),(8,9):48.928570
(11,7),(11,8):26.166666
(11,7),(13,8):23.166666
(11,7),(13,10):25.666666
(11,7),(18,10):16.416666
(11,7),(18,11):7.766667
(11,7),(17,11):19.791666
(11,7),(17,16):12.000000
(11,7),(19,16):0.000000
(11,7),(19,19):7.136364
(11,7),(16,19):0.000000
(11,7),(16,18):0.000000
(11,7),(15,18):0.000000
(11,7),(15,17):0.000000
(11,7),(12,17):0.000000
(11,7),(12,15):0.000000
(11,7),(14,15):0.000000
(11,7),(14,14):23.416666
(11,7),(10,14):7.000000
(11,7),(10,13):26.166666
(11,7),(5,13):18.000000
(11,7),(5,12):5.600000
(11,7),(6,12):23.958334
(11,7),(6,5):4.952381
(11,7),(2,5):0.000000
(11,7),(2,3):0.000000
(11,7),(1,3):0.000000
(11,7),(1,2):0.000000
(11,7),(3,2):0.000000
(11,7),(3,1):0.000000
(11,7),(4,1):0.000000
(11,7),(4,4):0.000000
(11,7),(7,4):3.062500
(11,7),(7,9):19.458334
(11,7),(8,9):25.750000
(11,8),(13,8):35.933334
(11,8),(13,10):58.433334
(11,8),(18,10):30.350000
(11,8),(18,11):11.333333
(11,8),(17,11):45.808334
(11,8),(17,16):40.125000
(11,8),(19,16):7.083333
(11,8),(19,19):29.636364
(11,8),(16,19):8.583333
(11,8),(16,18):22.333334
(11,8),(15,18):10.500000
(11,8),(15,17):19.261906
(11,8),(12,17):7.791667
(11,8),(12,15):8.208333
(11,8),(14,15):16.500000
(11,8),(14,14):55.916668
(11,8),(10,14):27.000000
(11,8),(10,13):48.308334
(11,8),(5,13):32.599998
(11,8),(5,12):14.500000
(11,8),(6,12):44.724998
(11,8),(6,5):5.487179
(11,8),(2,5):0.000000
(11,8),(2,3):0.000000
(11,8),(1,3):0.000000
(11,8),(1,2):0.000000
(11,8),(3,2):0.000000
(11,8),(3,1):0.000000
(11,8),(4,1):0.000000
(11,8),(4,4):0.000000
(11,8),(7,4):3.562500
(11,8),(7,9):41.355770
(11,8),(8,9):50.666668
(13,8),(13,10):36.314285
(13,8),(18,10):24.714285
(13,8),(18,11):11.100000
(13,8),(17,11):29.439285
(13,8),(17,16):17.576923
(13,8),(19,16):0.000000
(13,8),(19,19):11.166667
(13,8),(16,19):0.000000
(13,8),(16,18):3.250000
(13,8),(15,18):0.000000
(13,8),(15,17):0.928571
(13,8),(12,17):0.000000
(13,8),(12,15):0.000000
(13,8),(14,15):0.000000
(13,8),(14,14):33.099998
(13,8),(10,14):18.000000
(13,8),(10,13):36.314285
(13,8),(5,13):27.714285
(13,8),(5,12):8.614285
(13,8),(6,12):34.105953
(13,8),(6,5):5.695238
(13,8),(2,5):0.000000
(13,8),(2,3):0.000000
(13,8),(1,3):0.000000
(13,8),(1,2):0.000000
(13,8),(3,2):0.000000
(13,8),(3,1):0.000000
(13,8),(4,1):0.000000
(13,8),(4,4):0.000000
(13,8),(7,4):3.762500
(13,8),(7,9):30.391666
(13,8),(8,9):35.683334
(13,10),(18,10):37.357143
(13,10),(18,11):16.583334
(13,10),(17,11):57.610119
(13,10),(17,16):49.864086
(13,10),(19,16):8.044642
(13,10),(19,19):30.974468
(13,10),(16,19):11.875000
(13,10),(16,18):31.824406
(13,10),(15,18):17.333334
(13,10),(15,17):28.827381
(13,10),(12,17):9.808333
(13,10),(12,15):9.000000
(13,10),(14,15):25.666666
(13,10),(14,14):66.416664
(13,10),(10,14):35.285713
(13,10),(10,13):57.797619
(13,10),(5,13):41.023811
(13,10),(5,12):16.757143
(13,10),(6,12):54.186687
(13,10),(6,5):6.083333
(13,10),(2,5):0.000000
(13,10),(2,3):0.000000
(13,10),(1,3):0.000000
(13,10),(1,2):0.000000
(13,10),(3,2):0.000000
(13,10),(3,1):0.000000
(13,10),(4,1):0.000000
(13,10),(4,4):0.000000
(13,10),(7,4):4.145833
(13,10),(7,9):49.018940
(13,10),(8,9):57.395832
(18,10),(18,11):12.000000
(18,10),(17,11):37.416668
(18,10),(17,16):19.500000
(18,10),(19,16):0.000000
(18,10),(19,19):8.500000
(18,10),(16,19):1.562500
(18,10),(16,18):11.571428
(18,10),(15,18):4.142857
(18,10),(15,17):10.333333
(18,10),(12,17):0.000000
(18,10),(12,15):0.000000
(18,10),(14,15):7.875000
(18,10),(14,14):34.000000
(18,10),(10,14):24.285715
(18,10),(10,13):37.273811
(18,10),(5,13):30.833334
(18,10),(5,12):12.500000
(18,10),(6,12):35.371212
(18,10),(6,5):4.875000
(18,10),(2,5):0.000000
(18,10),(2,3):0.000000
(18,10),(1,3):0.000000
(18,10),(1,2):0.000000
(18,10),(3,2):0.000000
(18,10),(3,1):0.000000
(18,10),(4,1):0.000000
(18,10),(4,4):0.000000
(18,10),(7,4):3.062500
(18,10),(7,9):34.208332
(18,10),(8,9):34.083332
(18,11),(17,11):16.590910
(18,11),(17,16):11.531250
(18,11),(19,16):0.000000
(18,11),(19,19):3.958333
(18,11),(16,19):1.062500
(18,11),(16,18):4.932539
(18,11),(15,18):2.142857
(18,11),(15,17):4.345238
(18,11),(12,17):0.000000
(18,11),(12,15):0.000000
(18,11),(14,15):3.375000
(18,11),(14,14):16.090910
(18,11),(10,14):8.685715
(18,11),(10,13):16.448051
(18,11),(5,13):12.500000
(18,11),(5,12):0.000000
(18,11),(6,12):16.545454
(18,11),(6,5):2.590909
(18,11),(2,5):0.000000
(18,11),(2,3):0.000000
(18,11),(1,3):0.000000
(18,11),(1,2):0.000000
(18,11),(3,2):0.000000
(18,11),(3,1):0.000000
(18,11),(4,1):0.000000
(18,11),(4,4):0.000000
(18,11),(7,4):2.090909
(18,11),(7,9):14.507576
(18,11),(8,9):14.000000
(17,11),(17,16):41.410713
(17,11),(19,16):7.125000
(17,11),(19,19):21.696970
(17,11),(16,19):9.062500
(17,11),(16,18):27.928572
(17,11),(15,18):16.142857
(17,11),(15,17):27.848484
(17,11),(12,17):12.000000
(17,11),(12,15):8.833333
(17,11),(14,15):25.291666
(17,11),(14,14):55.308334
(17,11),(10,14):29.910715
(17,11),(10,13):48.161690
(17,11),(5,13):35.371212
(17,11),(5,12):16.854546
(17,11),(6,12):46.241234
(17,11),(6,5):6.100000
(17,11),(2,5):0.000000
(17,11),(2,3):0.000000
(17,11),(1,3):0.000000
(17,11),(1,2):0.000000
(17,11),(3,2):0.000000
(17,11),(3,1):0.000000
(17,11),(4,1):0.000000
(17,11),(4,4):0.000000
(17,11),(7,4):4.162500
(17,11),(7,9):47.022617
(17,11),(8,9):47.458332
(17,16),(19,16):14.000000
(17,16),(19,19):37.430557
(17,16),(16,19):15.000000
(17,16),(16,18):35.666668
(17,16),(15,18):20.000000
(17,16),(15,17):36.333332
(17,16),(12,17):16.500000
(17,16),(12,15):16.600000
(17,16),(14,15):32.750000
(17,16),(14,14):53.113888
(17,16),(10,14):27.958334
(17,16),(10,13):37.988888
(17,16),(5,13):27.202381
(17,16),(5,12):9.257143
(17,16),(6,12):36.099998
(17,16),(6,5):0.366667
(17,16),(2,5):0.000000
(17,16),(2,3):0.000000
(17,16),(1,3):0.000000
(17,16),(1,2):0.000000
(17,16),(3,2):0.000000
(17,16),(3,1):0.000000
(17,16),(4,1):0.000000
(17,16),(4,4):0.000000
(17,16),(7,4):0.350000
(17,16),(7,9):31.878571
(17,16),(8,9):39.858334
(19,16),(19,19):11.833333
(19,16),(16,19):9.000000
(19,16),(16,18):11.500000
(19,16),(15,18):8.000000
(19,16),(15,17):13.500000
(19,16),(12,17):7.000000
(19,16),(12,15):11.600000
(19,16),(14,15):12.750000
(19,16),(14,14):10.250000
(19,16),(10,14):0.000000
(19,16),(10,13):0.000000
(19,16),(5,13):0.000000
(19,16),(5,12):0.000000
(19,16),(6,12):0.000000
(19,16),(6,5):0.000000
(19,16),(2,5):0.000000
(19,16),(2,3):0.000000
(19,16),(1,3):0.000000
(19,16),(1,2):0.000000
(19,16),(3,2):0.000000
(19,16),(3,1):0.000000
(19,16),(4,1):0.000000
(19,16),(4,4):0.000000
(19,16),(7,4):0.000000
(19,16),(7,9):0.328571
(19,16),(8,9):1.261111
(19,19),(16,19):9.750000
(19,19),(16,18):23.500000
(19,19),(15,18):10.833333
(19,19),(15,17):21.916666
(19,19),(12,17):11.050000
(19,19),(12,15):14.016666
(19,19),(14,15):19.200001
(19,19),(14,14):33.803032
(19,19),(10,14):14.636364
(19,19),(10,13):19.636364
(19,19),(5,13):13.456141
(19,19),(5,12):3.926282
(19,19),(6,12):17.919697
(19,19),(6,5):0.000000
(19,19),(2,5):0.000000
(19,19),(2,3):0.000000
(19,19),(1,3):0.000000
(19,19),(1,2):0.000000
(19,19),(3,2):0.000000
(19,19),(3,1):0.000000
(19,19),(4,1):0.000000
(19,19),(4,4):0.000000
(19,19),(7,4):0.000000
(19,19),(7,9):14.695238
(19,19),(8,9):22.747475
(16,19),(16,18):15.062500
(16,19),(15,18):12.062500
(16,19),(15,17):14.562500
(16,19),(12,17):6.500000
(16,19),(12,15):8.266666
(16,19),(14,15):14.062500
(16,19),(14,14):13.479167
(16,19),(10,14):4.062500
(16,19),(10,13):4.687500
(16,19),(5,13):3.062500
(16,19),(5,12):2.300000
(16,19),(6,12):4.687500
(16,19),(6,5):0.000000
(16,19),(2,5):0.000000
(16,19),(2,3):0.000000
(16,19),(1,3):0.000000
(16,19),(1,2):0.000000
(16,19),(3,2):0.000000
(16,19),(3,1):0.000000
(16,19),(4,1):0.000000
(16,19),(4,4):0.000000
(16,19),(7,4):0.000000
(16,19),(7,9):5.523469
(16,19),(8,9):6.496883
(16,18),(15,18):20.071428
(16,18),(15,17):32.821430
(16,18),(12,17):12.500000
(16,18),(12,15):12.600000
(16,18),(14,15):28.821428
(16,18),(14,14):34.071430
(16,18),(10,14):18.321428
(16,18),(10,13):19.446428
(16,18),(5,13):15.071428
(16,18),(5,12):7.288889
(16,18),(6,12):19.446428
(16,18),(6,5):0.000000
(16,18),(2,5):0.000000
(16,18),(2,3):0.000000
(16,18),(1,3):0.000000
(16,18),(1,2):0.000000
(16,18),(3,2):0.000000
(16,18),(3,1):0.000000
(16,18),(4,1):0.000000
(16,18),(4,4):0.000000
(16,18),(7,4):0.000000
(16,18),(7,9):19.265490
(16,18),(8,9):21.513889
(15,18),(15,17):20.142857
(15,18),(12,17):10.000000
(15,18),(12,15):8.850000
(15,18),(14,15):19.226191
(15,18),(14,14):18.642857
(15,18),(10,14):8.142858
(15,18),(10,13):9.142858
(15,18),(5,13):6.142857
(15,18),(5,12):4.400000
(15,18),(6,12):9.142858
(15,18),(6,5):0.000000
(15,18),(2,5):0.000000
(15,18),(2,3):0.000000
(15,18),(1,3):0.000000
(15,18),(1,2):0.000000
(15,18),(3,2):0.000000
(15,18),(3,1):0.000000
(15,18),(4,1):0.000000
(15,18),(4,4):0.000000
(15,18),(7,4):0.000000
(15,18),(7,9):10.186580
(15,18),(8,9):11.233183
(15,17),(12,17):16.500000
(15,17),(12,15):16.600000
(15,17),(14,15):32.750000
(15,17),(14,14):31.595238
(15,17),(10,14):15.595238
(15,17),(10,13):16.720238
(15,17),(5,13):12.428572
(15,17),(5,12):6.959524
(15,17),(6,12):16.720238
(15,17),(6,5):0.000000
(15,17),(2,5):0.000000
(15,17),(2,3):0.000000
(15,17),(1,3):0.000000
(15,17),(1,2):0.000000
(15,17),(3,2):0.000000
(15,17),(3,1):0.000000
(15,17),(4,1):0.000000
(15,17),(4,4):0.000000
(15,17),(7,4):0.000000
(15,17),(7,9):17.236591
(15,17),(8,9):18.695932
(12,17),(12,15):11.600000
(12,17),(14,15):15.833333
(12,17),(14,14):11.250000
(12,17),(10,14):2.000000
(12,17),(10,13):3.025000
(12,17),(5,13):0.500000
(12,17),(5,12):2.400000
(12,17),(6,12):3.025000
(12,17),(6,5):0.000000
(12,17),(2,5):0.000000
(12,17),(2,3):0.000000
(12,17),(1,3):0.000000
(12,17),(1,2):0.000000
(12,17),(3,2):0.000000
(12,17),(3,1):0.000000
(12,17),(4,1):0.000000
(12,17),(4,4):0.000000
(12,17),(7,4):0.000000
(12,17),(7,9):5.205952
(12,17),(8,9):6.015584
(12,15),(14,15):16.333334
(12,15),(14,14):11.666667
(12,15),(10,14):0.000000
(12,15),(10,13):0.000000
(12,15),(5,13):0.000000
(12,15),(5,12):0.000000
(12,15),(6,12):0.000000
(12,15),(6,5):0.000000
(12,15),(2,5):0.000000
(12,15),(2,3):0.000000
(12,15),(1,3):0.000000
(12,15),(1,2):0.000000
(12,15),(3,2):0.000000
(12,15),(3,1):0.000000
(12,15),(4,1):0.000000
(12,15),(4,4):0.000000
(12,15),(7,4):0.000000
(12,15),(7,9):1.228571
(12,15),(8,9):2.461111
(14,15),(14,14):28.458334
(14,15),(10,14):12.375000
(14,15),(10,13):13.500000
(14,15),(5,13):9.375000
(14,15),(5,12):6.300000
(14,15),(6,12):13.500000
(14,15),(6,5):0.000000
(14,15),(2,5):0.000000
(14,15),(2,3):0.000000
(14,15),(1,3):0.000000
(14,15),(1,2):0.000000
(14,15),(3,2):0.000000
(14,15),(3,1):0.000000
(14,15),(4,1):0.000000
(14,15),(4,4):0.000000
(14,15),(7,4):0.000000
(14,15),(7,9):14.315608
(14,15),(8,9):15.374155
(14,14),(10,14):34.750000
(14,14),(10,13):54.875000
(14,14),(5,13):37.333332
(14,14),(5,12):13.900000
(14,14),(6,12):50.898811
(14,14),(6,5):4.890476
(14,14),(2,5):0.000000
(14,14),(2,3):0.000000
(14,14),(1,3):0.000000
(14,14),(1,2):0.000000
(14,14),(3,2):0.000000
(14,14),(3,1):0.000000
(14,14),(4,1):0.000000
(14,14),(4,4):0.000000
(14,14),(7,4):3.482143
(14,14),(7,9):47.099998
(14,14),(8,9):55.920635
(10,14),(10,13):35.785713
(10,14),(5,13):28.285715
(10,14),(5,12):11.500000
(10,14),(6,12):33.785713
(10,14),(6,5):0.000000
(10,14),(2,5):0.000000
(10,14),(2,3):0.000000
(10,14),(1,3):0.000000
(10,14),(1,2):0.000000
(10,14),(3,2):0.000000
(10,14),(3,1):0.000000
(10,14),(4,1):0.000000
(10,14),(4,4):0.000000
(10,14),(7,4):0.000000
(10,14),(7,9):29.385000
(10,14),(8,9):33.181820
(10,13),(5,13):41.357143
(10,13),(5,12):16.900000
(10,13),(6,12):55.315475
(10,13),(6,5):6.666667
(10,13),(2,5):0.000000
(10,13),(2,3):0.000000
(10,13),(1,3):0.000000
(10,13),(1,2):0.000000
(10,13),(3,2):0.000000
(10,13),(3,1):0.000000
(10,13),(4,1):0.000000
(10,13),(4,4):0.000000
(10,13),(7,4):4.729167
(10,13),(7,9):47.372807
(10,13),(8,9):55.566177
(5,13),(5,12):12.000000
(5,13),(6,12):41.416668
(5,13),(6,5):3.100000
(5,13),(2,5):0.000000
(5,13),(2,3):0.000000
(5,13),(1,3):0.000000
(5,13),(1,2):0.000000
(5,13),(3,2):0.000000
(5,13),(3,1):0.000000
(5,13),(4,1):0.000000
(5,13),(4,4):0.000000
(5,13),(7,4):1.562500
(5,13),(7,9):34.500000
(5,13),(8,9):38.287880
(5,12),(6,12):16.900000
(5,12),(6,5):1.875000
(5,12),(2,5):0.000000
(5,12),(2,3):0.000000
(5,12),(1,3):0.000000
(5,12),(1,2):0.000000
(5,12),(3,2):0.000000
(5,12),(3,1):0.000000
(5,12),(4,1):0.000000
(5,12),(4,4):0.000000
(5,12),(7,4):1.062500
(5,12),(7,9):16.066668
(5,12),(8,9):16.233334
(6,12),(6,5):11.000000
(6,12),(2,5):1.000000
(6,12),(2,3):0.000000
(6,12),(1,3):0.000000
(6,12),(1,2):0.000000
(6,12),(3,2):0.000000
(6,12),(3,1):0.000000
(6,12),(4,1):0.000000
(6,12),(4,4):1.250000
(6,12),(7,4):9.062500
(6,12),(7,9):50.162880
(6,12),(8,9):51.593750
(6,5),(2,5):6.000000
(6,5),(2,3):4.000000
(6,5),(1,3):0.000000
(6,5),(1,2):1.750000
(6,5),(3,2):3.250000
(6,5),(3,1):1.416667
(6,5),(4,1):3.000000
(6,5),(4,4):6.250000
(6,5),(7,4):13.000000
(6,5),(7,9):11.125000
(6,5),(8,9):6.000000
(2,5),(2,3):7.500000
(2,5),(1,3):2.250000
(2,5),(1,2):4.750000
(2,5),(3,2):7.083333
(2,5),(3,1):4.000000
(2,5),(4,1):6.333333
(2,5),(4,4):9.833333
(2,5),(7,4):5.000000
(2,5),(7,9):1.125000
(2,5),(8,9):0.000000
(2,3),(1,3):3.250000
(2,3),(1,2):5.750000
(2,3),(3,2):7.750000
(2,3),(3,1):3.666667
(2,3),(4,1):6.000000
(2,3),(4,4):8.250000
(2,3),(7,4):3.000000
(2,3),(7,9):0.000000
(2,3),(8,9):0.000000
(1,3),(1,2):3.000000
(1,3),(3,2):3.250000
(1,3),(3,1):1.250000
(1,3),(4,1):1.750000
(1,3),(4,4):3.000000
(1,3),(7,4):0.000000
(1,3),(7,9):0.000000
(1,3),(8,9):0.000000
(1,2),(3,2):5.250000
(1,2),(3,1):2.666667
(1,2),(4,1):3.500000
(1,2),(4,4):5.500000
(1,2),(7,4):1.250000
(1,2),(7,9):0.000000
(1,2),(8,9):0.000000
(3,2),(3,1):4.166667
(3,2),(4,1):6.500000
(3,2),(4,4):8.000000
(3,2),(7,4):2.250000
(3,2),(7,9):0.000000
(3,2),(8,9):0.000000
(3,1),(4,1):4.000000
(3,1),(4,4):4.166667
(3,1),(7,4):1.166667
(3,1),(7,9):0.000000
(3,1),(8,9):0.000000
(4,1),(4,4):6.500000
(4,1),(7,4):2.000000
(4,1),(7,9):0.000000
(4,1),(8,9):0.000000
(4,4),(7,4):5.250000
(4,4),(7,9):1.375000
(4,4),(8,9):0.000000
(7,4),(7,9):9.187500
(7,4),(8,9):4.062500
(7,9),(8,9):48.664684
