38
(17,10):(8,1)	(8,5)	(9,2)	(9,3)	(9,4)	(9,5)	(9,6)	(10,3)	(10,4)	(10,5)	(10,6)	(11,4)	(11,5)	(11,6)	(11,7)	(12,5)	(12,6)	(12,7)	(13,6)	(13,7)	(13,8)	(13,11)	(14,7)	(14,8)	(14,9)	(14,10)	(15,3)	(15,7)	(15,8)	(15,9)	(15,10)	(16,4)	(16,5)	(16,6)	(16,7)	(16,8)	(16,9)	(16,10)	(17,5)	(17,6)	(17,7)	(17,8)	(17,9)	(17,10)	(17,11)	(18,4)	(18,6)	(18,7)	(18,8)	(18,9)	(19,6)	(19,10)	
(17,11):(8,1)	(9,2)	(9,3)	(9,4)	(9,5)	(10,2)	(10,3)	(10,4)	(10,5)	(11,3)	(11,4)	(11,5)	(11,6)	(12,5)	(12,6)	(12,7)	(13,6)	(13,7)	(13,8)	(13,11)	(14,7)	(14,8)	(14,9)	(14,10)	(15,3)	(15,7)	(15,8)	(15,9)	(15,10)	(16,4)	(16,5)	(16,6)	(16,7)	(16,8)	(16,9)	(16,10)	(17,5)	(17,6)	(17,7)	(17,8)	(17,9)	(17,10)	(17,11)	
(13,11):(13,3)	(13,4)	(13,5)	(13,6)	(13,7)	(13,8)	(13,11)	(14,2)	(14,7)	(14,8)	(14,9)	(14,10)	(15,7)	(15,8)	(15,9)	(15,10)	(16,5)	(16,6)	(16,7)	(16,8)	(16,9)	(16,10)	(17,5)	(17,6)	(17,7)	(17,8)	(17,9)	(17,10)	(17,11)	(18,4)	(18,6)	(18,7)	(18,8)	(18,9)	(19,6)	
(13,8):(3,5)	(4,6)	(4,7)	(4,8)	(5,6)	(5,7)	(5,8)	(6,6)	(6,7)	(6,8)	(7,6)	(7,7)	(7,8)	(8,1)	(8,5)	(8,6)	(8,7)	(8,8)	(9,2)	(9,3)	(9,4)	(9,5)	(9,6)	(9,7)	(9,8)	(10,2)	(10,3)	(10,4)	(10,5)	(10,6)	(10,7)	(10,8)	(11,2)	(11,3)	(11,4)	(11,5)	(11,6)	(11,7)	(11,8)	(12,3)	(12,4)	(12,5)	(12,6)	(12,7)	(12,8)	(13,3)	(13,4)	(13,5)	(13,6)	(13,7)	(13,8)	(13,11)	(14,2)	(14,7)	(14,8)	(14,9)	(14,10)	(15,7)	(15,8)	(15,9)	(15,10)	(16,7)	(16,8)	(16,9)	(16,10)	(17,6)	(17,7)	(17,8)	(17,9)	(17,10)	(17,11)	(18,6)	(18,7)	(18,8)	(18,9)	(19,6)	(19,10)	
(12,8):(3,5)	(4,6)	(4,7)	(4,8)	(4,9)	(5,6)	(5,7)	(5,8)	(5,9)	(6,6)	(6,7)	(6,8)	(7,6)	(7,7)	(7,8)	(8,1)	(8,5)	(8,6)	(8,7)	(8,8)	(9,2)	(9,3)	(9,4)	(9,5)	(9,6)	(9,7)	(9,8)	(10,2)	(10,3)	(10,4)	(10,5)	(10,6)	(10,7)	(10,8)	(11,2)	(11,3)	(11,4)	(11,5)	(11,6)	(11,7)	(11,8)	(12,3)	(12,4)	(12,5)	(12,6)	(12,7)	(12,8)	(12,9)	(13,3)	(13,4)	(13,5)	(13,6)	(13,7)	(13,8)	(14,2)	(14,7)	(14,8)	(15,7)	(15,8)	(16,7)	(16,8)	(17,7)	(17,8)	(18,6)	(18,7)	(18,8)	(19,6)	
(12,9):(3,5)	(4,6)	(4,7)	(4,8)	(4,9)	(5,6)	(5,7)	(5,8)	(5,9)	(6,6)	(6,7)	(6,8)	(7,6)	(7,7)	(7,8)	(8,1)	(8,5)	(8,6)	(8,7)	(8,8)	(9,2)	(9,3)	(9,4)	(9,5)	(9,6)	(9,7)	(9,8)	(10,2)	(10,3)	(10,4)	(10,5)	(10,6)	(10,7)	(10,8)	(11,2)	(11,3)	(11,4)	(11,5)	(11,6)	(11,7)	(11,8)	(12,3)	(12,4)	(12,5)	(12,6)	(12,7)	(12,8)	(12,9)	
(5,9):(2,17)	(3,5)	(3,14)	(3,15)	(3,16)	(4,6)	(4,7)	(4,8)	(4,9)	(4,10)	(4,11)	(4,12)	(4,13)	(4,14)	(4,15)	(5,6)	(5,7)	(5,8)	(5,9)	(5,12)	(5,13)	(5,14)	(6,6)	(6,7)	(6,8)	(7,6)	(7,7)	(7,8)	(8,5)	(8,6)	(8,7)	(8,8)	(9,4)	(9,5)	(9,6)	(9,7)	(9,8)	(10,3)	(10,4)	(10,5)	(10,6)	(10,7)	(10,8)	(11,1)	(11,2)	(11,3)	(11,4)	(11,5)	(11,6)	(11,7)	(11,8)	(12,3)	(12,4)	(12,5)	(12,6)	(12,7)	(12,8)	(12,9)	(13,3)	(13,4)	(13,5)	(13,6)	(13,7)	(14,2)	(14,7)	(15,7)	(16,7)	(17,7)	(18,7)	
(5,12):(1,18)	(2,15)	(2,16)	(2,17)	(3,5)	(3,14)	(3,15)	(3,16)	(4,6)	(4,7)	(4,8)	(4,9)	(4,10)	(4,11)	(4,12)	(4,13)	(4,14)	(4,15)	(5,6)	(5,7)	(5,8)	(5,9)	(5,12)	(5,13)	(5,14)	(6,13)	(6,15)	(7,13)	(8,13)	(9,13)	(9,14)	(10,12)	
(10,12):(4,12)	(4,13)	(5,12)	(5,13)	(6,13)	(7,13)	(7,19)	(8,13)	(8,14)	(8,15)	(8,16)	(8,17)	(8,18)	(9,13)	(9,14)	(9,15)	(9,16)	(10,12)	(10,16)	
(10,16):(7,13)	(8,13)	(8,14)	(8,15)	(8,16)	(9,13)	(9,14)	(9,15)	(9,16)	(10,12)	(10,16)	
(9,16):(7,13)	(7,19)	(8,13)	(8,14)	(8,15)	(8,16)	(8,17)	(8,18)	(9,13)	(9,14)	(9,15)	(9,16)	(9,19)	(10,12)	(10,16)	
(9,19):(7,13)	(7,19)	(8,13)	(8,14)	(8,15)	(8,16)	(8,17)	(8,18)	(9,13)	(9,14)	(9,15)	(9,16)	(9,19)	
(7,19):(7,13)	(7,19)	(8,13)	(8,14)	(8,15)	(8,16)	(8,17)	(8,18)	(9,13)	(9,14)	(9,15)	(9,16)	(9,19)	(10,12)	
(7,13):(4,12)	(4,13)	(5,12)	(5,13)	(6,13)	(7,13)	(7,19)	(8,13)	(8,14)	(8,15)	(8,16)	(8,17)	(8,18)	(9,13)	(9,14)	(9,15)	(9,16)	(9,19)	(10,12)	(10,16)	
(6,13):(1,18)	(2,15)	(2,16)	(2,17)	(3,14)	(3,15)	(3,16)	(4,11)	(4,12)	(4,13)	(4,14)	(4,15)	(5,12)	(5,13)	(5,14)	(6,13)	(6,15)	(7,13)	(8,13)	(9,13)	(10,12)	
(6,15):(1,14)	(2,15)	(3,14)	(3,15)	(4,9)	(4,10)	(4,11)	(4,12)	(4,13)	(4,14)	(4,15)	(5,12)	(5,13)	(5,14)	(6,13)	(6,15)	
(4,15):(1,14)	(1,18)	(2,15)	(2,16)	(2,17)	(3,5)	(3,14)	(3,15)	(3,16)	(4,6)	(4,7)	(4,8)	(4,9)	(4,10)	(4,11)	(4,12)	(4,13)	(4,14)	(4,15)	(4,17)	(5,6)	(5,7)	(5,8)	(5,9)	(5,12)	(5,13)	(5,14)	(6,13)	(6,15)	
(4,17):(1,14)	(2,15)	(2,16)	(2,17)	(3,5)	(3,14)	(3,15)	(3,16)	(4,6)	(4,7)	(4,8)	(4,9)	(4,10)	(4,11)	(4,12)	(4,13)	(4,14)	(4,15)	(4,17)	
(2,17):(1,14)	(1,18)	(2,15)	(2,16)	(2,17)	(2,18)	(3,14)	(3,15)	(3,16)	(4,11)	(4,12)	(4,13)	(4,14)	(4,15)	(4,17)	(5,8)	(5,9)	(5,12)	(5,13)	(5,14)	(6,6)	(6,13)	
(2,18):(1,14)	(1,18)	(2,15)	(2,16)	(2,17)	(2,18)	
(1,18):(1,14)	(1,18)	(2,15)	(2,16)	(2,17)	(2,18)	(3,14)	(3,15)	(3,16)	(4,12)	(4,13)	(4,14)	(4,15)	(5,12)	(5,13)	(5,14)	(6,13)	
(1,14):(1,14)	(1,18)	(2,15)	(2,16)	(2,17)	(2,18)	(3,14)	(3,15)	(3,16)	(4,14)	(4,15)	(4,17)	(5,14)	(6,15)	
(3,14):(1,14)	(1,18)	(2,15)	(2,16)	(2,17)	(3,5)	(3,14)	(3,15)	(3,16)	(4,6)	(4,7)	(4,8)	(4,9)	(4,10)	(4,11)	(4,12)	(4,13)	(4,14)	(4,15)	(4,17)	(5,6)	(5,7)	(5,8)	(5,9)	(5,12)	(5,13)	(5,14)	(6,6)	(6,13)	(6,15)	
(3,5):(3,5)	(3,14)	(3,15)	(3,16)	(4,6)	(4,7)	(4,8)	(4,9)	(4,10)	(4,11)	(4,12)	(4,13)	(4,14)	(4,15)	(4,17)	(5,6)	(5,7)	(5,8)	(5,9)	(5,12)	(5,13)	(5,14)	(6,6)	(6,7)	(6,8)	(7,6)	(7,7)	(7,8)	(8,5)	(8,6)	(8,7)	(8,8)	(9,5)	(9,6)	(9,7)	(9,8)	(10,5)	(10,6)	(10,7)	(10,8)	(11,5)	(11,6)	(11,7)	(11,8)	(12,5)	(12,6)	(12,7)	(12,8)	(12,9)	(13,5)	(13,6)	(13,7)	(13,8)	(14,7)	(14,8)	(15,8)	(16,8)	(17,8)	(17,9)	(18,8)	(18,9)	
(8,5):(3,5)	(4,6)	(4,7)	(4,8)	(4,9)	(4,10)	(5,6)	(5,7)	(5,8)	(5,9)	(6,6)	(6,7)	(6,8)	(7,6)	(7,7)	(7,8)	(8,1)	(8,5)	(8,6)	(8,7)	(8,8)	(9,2)	(9,3)	(9,4)	(9,5)	(9,6)	(9,7)	(9,8)	(10,2)	(10,3)	(10,4)	(10,5)	(10,6)	(10,7)	(10,8)	(11,1)	(11,2)	(11,3)	(11,4)	(11,5)	(11,6)	(11,7)	(11,8)	(12,3)	(12,4)	(12,5)	(12,6)	(12,7)	(12,8)	(12,9)	(13,3)	(13,4)	(13,5)	(13,6)	(13,7)	(13,8)	(14,2)	(14,7)	(14,8)	(15,8)	(15,9)	(16,8)	(16,9)	(17,8)	(17,9)	(17,10)	(18,9)	(19,10)	
(8,1):(8,1)	(8,5)	(8,6)	(8,7)	(8,8)	(9,2)	(9,3)	(9,4)	(9,5)	(9,6)	(9,7)	(9,8)	(10,2)	(10,3)	(10,4)	(10,5)	(10,6)	(10,7)	(10,8)	(11,1)	(11,2)	(11,3)	(11,4)	(11,5)	(11,6)	(11,7)	(11,8)	(12,3)	(12,4)	(12,5)	(12,6)	(12,7)	(12,8)	(12,9)	(13,3)	(13,4)	(13,5)	(13,6)	(13,7)	(13,8)	(14,7)	(14,8)	(14,9)	(15,8)	(15,9)	(15,10)	(16,9)	(16,10)	(17,10)	(17,11)	
(11,1):(5,9)	(6,8)	(7,7)	(7,8)	(8,1)	(8,5)	(8,6)	(8,7)	(8,8)	(9,2)	(9,3)	(9,4)	(9,5)	(9,6)	(9,7)	(9,8)	(10,2)	(10,3)	(10,4)	(10,5)	(10,6)	(10,7)	(10,8)	(11,1)	(11,2)	(11,3)	(11,4)	(11,5)	(11,6)	(11,7)	(11,8)	
(11,2):(4,9)	(4,10)	(5,8)	(5,9)	(6,7)	(6,8)	(7,6)	(7,7)	(7,8)	(8,1)	(8,5)	(8,6)	(8,7)	(8,8)	(9,2)	(9,3)	(9,4)	(9,5)	(9,6)	(9,7)	(9,8)	(10,2)	(10,3)	(10,4)	(10,5)	(10,6)	(10,7)	(10,8)	(11,1)	(11,2)	(11,3)	(11,4)	(11,5)	(11,6)	(11,7)	(11,8)	(12,3)	(12,4)	(12,5)	(12,6)	(12,7)	(12,8)	(12,9)	(13,3)	(13,4)	(13,5)	(13,6)	(13,7)	(13,8)	(14,2)	(14,7)	(14,8)	(14,9)	(14,10)	(15,9)	(15,10)	
(14,2):(4,7)	(4,8)	(4,9)	(5,7)	(5,8)	(5,9)	(6,6)	(6,7)	(6,8)	(7,6)	(7,7)	(7,8)	(8,5)	(8,6)	(8,7)	(8,8)	(9,2)	(9,3)	(9,4)	(9,5)	(9,6)	(9,7)	(9,8)	(10,2)	(10,3)	(10,4)	(10,5)	(10,6)	(10,7)	(10,8)	(11,2)	(11,3)	(11,4)	(11,5)	(11,6)	(11,7)	(11,8)	(12,3)	(12,4)	(12,5)	(12,6)	(12,7)	(12,8)	(13,3)	(13,4)	(13,5)	(13,6)	(13,7)	(13,8)	(13,11)	(14,2)	(14,7)	(14,8)	(14,9)	(14,10)	
(14,7):(3,5)	(4,6)	(4,7)	(4,8)	(4,9)	(5,6)	(5,7)	(5,8)	(5,9)	(6,6)	(6,7)	(6,8)	(7,6)	(7,7)	(7,8)	(8,1)	(8,5)	(8,6)	(8,7)	(8,8)	(9,2)	(9,3)	(9,4)	(9,5)	(9,6)	(9,7)	(9,8)	(10,2)	(10,3)	(10,4)	(10,5)	(10,6)	(10,7)	(10,8)	(11,2)	(11,3)	(11,4)	(11,5)	(11,6)	(11,7)	(11,8)	(12,3)	(12,4)	(12,5)	(12,6)	(12,7)	(12,8)	(13,3)	(13,4)	(13,5)	(13,6)	(13,7)	(13,8)	(13,11)	(14,2)	(14,7)	(14,8)	(14,9)	(14,10)	(15,7)	(15,8)	(15,9)	(15,10)	(16,7)	(16,8)	(16,9)	(16,10)	(17,7)	(17,8)	(17,9)	(17,10)	(17,11)	(18,7)	(18,8)	(18,9)	(19,10)	
(15,7):(4,7)	(4,8)	(4,9)	(5,7)	(5,8)	(5,9)	(6,7)	(6,8)	(7,7)	(7,8)	(8,7)	(8,8)	(9,7)	(9,8)	(10,7)	(10,8)	(11,7)	(11,8)	(12,7)	(12,8)	(13,7)	(13,8)	(13,11)	(14,7)	(14,8)	(14,9)	(14,10)	(15,3)	(15,7)	(15,8)	(15,9)	(15,10)	(16,3)	(16,4)	(16,5)	(16,6)	(16,7)	(16,8)	(16,9)	(16,10)	(17,5)	(17,6)	(17,7)	(17,8)	(17,9)	(17,10)	(17,11)	(18,4)	(18,6)	(18,7)	(18,8)	(18,9)	(19,6)	(19,10)	
(15,3):(15,3)	(15,7)	(15,8)	(15,9)	(15,10)	(16,3)	(16,4)	(16,5)	(16,6)	(16,7)	(16,8)	(16,9)	(16,10)	(17,5)	(17,6)	(17,7)	(17,8)	(17,9)	(17,10)	(17,11)	(18,6)	(18,7)	(18,8)	(18,9)	(19,10)	
(16,3):(15,3)	(15,7)	(15,8)	(15,9)	(15,10)	(16,3)	(16,4)	(16,5)	(16,6)	(16,7)	(16,8)	(16,9)	(16,10)	
(16,4):(14,10)	(15,3)	(15,7)	(15,8)	(15,9)	(15,10)	(16,3)	(16,4)	(16,5)	(16,6)	(16,7)	(16,8)	(16,9)	(16,10)	(17,5)	(17,6)	(17,7)	(17,8)	(17,9)	(17,10)	(17,11)	(18,4)	(18,6)	(18,7)	(18,8)	(18,9)	(19,10)	
(18,4):(13,11)	(14,8)	(14,9)	(14,10)	(15,7)	(15,8)	(15,9)	(15,10)	(16,4)	(16,5)	(16,6)	(16,7)	(16,8)	(16,9)	(16,10)	(17,5)	(17,6)	(17,7)	(17,8)	(17,9)	(17,10)	(18,4)	(18,6)	(18,7)	(18,8)	(18,9)	
(18,6):(12,8)	(13,8)	(13,11)	(14,8)	(14,9)	(14,10)	(15,3)	(15,7)	(15,8)	(15,9)	(15,10)	(16,4)	(16,5)	(16,6)	(16,7)	(16,8)	(16,9)	(16,10)	(17,5)	(17,6)	(17,7)	(17,8)	(17,9)	(17,10)	(18,4)	(18,6)	(18,7)	(18,8)	(18,9)	(19,6)	(19,10)	
(19,6):(11,8)	(12,8)	(13,8)	(13,11)	(14,8)	(14,9)	(14,10)	(15,7)	(15,8)	(15,9)	(15,10)	(16,6)	(16,7)	(16,8)	(16,9)	(16,10)	(17,6)	(17,7)	(17,8)	(17,9)	(17,10)	(18,6)	(18,7)	(18,8)	(18,9)	(19,6)	(19,10)	
(19,10):(7,6)	(8,5)	(8,6)	(9,4)	(9,5)	(9,6)	(10,5)	(10,6)	(10,7)	(11,6)	(11,7)	(12,6)	(12,7)	(13,7)	(13,8)	(14,7)	(14,8)	(14,9)	(14,10)	(15,3)	(15,7)	(15,8)	(15,9)	(15,10)	(16,4)	(16,5)	(16,6)	(16,7)	(16,8)	(16,9)	(16,10)	(17,5)	(17,6)	(17,7)	(17,8)	(17,9)	(17,10)	(18,6)	(18,7)	(18,8)	(18,9)	(19,6)	(19,10)	
(17,10):49.916668
(17,11):41.053570
(13,11):34.250000
(13,8):78.083336
(12,8):70.702377
(12,9):50.928570
(5,9):75.779167
(5,12):35.283333
(10,12):22.000000
(10,16):12.500000
(9,16):18.333334
(9,19):14.166667
(7,19):17.250000
(7,13):23.000000
(6,13):20.833334
(6,15):17.000000
(4,15):33.333332
(4,17):18.000000
(2,17):20.000000
(2,18):4.000000
(1,18):14.500000
(1,14):12.000000
(3,14):36.533333
(3,5):65.412987
(8,5):75.300003
(8,1):48.785713
(11,1):30.000000
(11,2):59.133335
(14,2):58.138889
(14,7):83.144447
(15,7):50.900002
(15,3):22.500000
(16,3):10.000000
(16,4):27.166666
(18,4):25.916666
(18,6):31.875000
(19,6):27.000000
(19,10):42.549999
(17,10),(17,11):36.541668
(17,10),(13,11):29.750000
(17,10),(13,8):42.250000
(17,10),(12,8):25.500000
(17,10),(12,9):14.250000
(17,10),(5,9):17.726984
(17,10),(5,12):0.000000
(17,10),(10,12):0.000000
(17,10),(10,16):0.000000
(17,10),(9,16):0.000000
(17,10),(9,19):0.000000
(17,10),(7,19):0.000000
(17,10),(7,13):0.000000
(17,10),(6,13):0.000000
(17,10),(6,15):0.000000
(17,10),(4,15):0.000000
(17,10),(4,17):0.000000
(17,10),(2,17):0.000000
(17,10),(2,18):0.000000
(17,10),(1,18):0.000000
(17,10),(1,14):0.000000
(17,10),(3,14):0.000000
(17,10),(3,5):18.127274
(17,10),(8,5):27.633333
(17,10),(8,1):25.035715
(17,10),(11,1):11.318182
(17,10),(11,2):24.133333
(17,10),(14,2):20.375000
(17,10),(14,7):39.000000
(17,10),(15,7):33.916668
(17,10),(15,3):22.416666
(17,10),(16,3):9.916667
(17,10),(16,4):27.083334
(17,10),(18,4):25.916666
(17,10),(18,6):31.775000
(17,10),(19,6):25.416666
(17,10),(19,10):38.049999
(17,11),(13,11):20.416666
(17,11),(13,8):35.125000
(17,11),(12,8):22.791666
(17,11),(12,9):14.833333
(17,11),(5,9):15.684286
(17,11),(5,12):0.000000
(17,11),(10,12):0.000000
(17,11),(10,16):0.000000
(17,11),(9,16):0.000000
(17,11),(9,19):0.000000
(17,11),(7,19):0.000000
(17,11),(7,13):0.000000
(17,11),(6,13):0.000000
(17,11),(6,15):0.000000
(17,11),(4,15):0.000000
(17,11),(4,17):0.000000
(17,11),(2,17):0.000000
(17,11),(2,18):0.000000
(17,11),(1,18):0.000000
(17,11),(1,14):0.000000
(17,11),(3,14):0.000000
(17,11),(3,5):12.081819
(17,11),(8,5):25.424999
(17,11),(8,1):26.410715
(17,11),(11,1):11.625000
(17,11),(11,2):25.424999
(17,11),(14,2):20.250000
(17,11),(14,7):34.125000
(17,11),(15,7):23.595238
(17,11),(15,3):14.428572
(17,11),(16,3):9.928572
(17,11),(16,4):17.595238
(17,11),(18,4):19.916666
(17,11),(18,6):21.759615
(17,11),(19,6):17.375000
(17,11),(19,10):25.174999
(13,11),(13,8):29.750000
(13,11),(12,8):13.500000
(13,11),(12,9):0.000000
(13,11),(5,9):9.171429
(13,11),(5,12):0.000000
(13,11),(10,12):0.000000
(13,11),(10,16):0.000000
(13,11),(9,16):0.000000
(13,11),(9,19):0.000000
(13,11),(7,19):0.000000
(13,11),(7,13):0.000000
(13,11),(6,13):0.000000
(13,11),(6,15):0.000000
(13,11),(4,15):0.000000
(13,11),(4,17):0.000000
(13,11),(2,17):0.000000
(13,11),(2,18):0.000000
(13,11),(1,18):0.000000
(13,11),(1,14):0.000000
(13,11),(3,14):0.000000
(13,11),(3,5):11.045455
(13,11),(8,5):15.133333
(13,11),(8,1):12.452381
(13,11),(11,1):0.000000
(13,11),(11,2):12.300000
(13,11),(14,2):9.000000
(13,11),(14,7):26.500000
(13,11),(15,7):29.250000
(13,11),(15,3):18.833334
(13,11),(16,3):7.000000
(13,11),(16,4):23.416666
(13,11),(18,4):23.541666
(13,11),(18,6):28.458334
(13,11),(19,6):24.500000
(13,11),(19,10):25.049999
(13,8),(12,8):61.333332
(13,8),(12,9):41.833332
(13,8),(5,9):50.984615
(13,8),(5,12):6.000000
(13,8),(10,12):0.000000
(13,8),(10,16):0.000000
(13,8),(9,16):0.000000
(13,8),(9,19):0.000000
(13,8),(7,19):0.000000
(13,8),(7,13):0.000000
(13,8),(6,13):0.000000
(13,8),(6,15):0.666667
(13,8),(4,15):7.250000
(13,8),(4,17):3.000000
(13,8),(2,17):1.312500
(13,8),(2,18):0.000000
(13,8),(1,18):0.000000
(13,8),(1,14):0.000000
(13,8),(3,14):9.000000
(13,8),(3,5):41.127274
(13,8),(8,5):63.466667
(13,8),(8,1):44.619049
(13,8),(11,1):24.208334
(13,8),(11,2):49.633335
(13,8),(14,2):47.750000
(13,8),(14,7):74.699997
(13,8),(15,7):35.250000
(13,8),(15,3):16.666666
(13,8),(16,3):6.250000
(13,8),(16,4):19.416666
(13,8),(18,4):19.166666
(13,8),(18,6):24.625000
(13,8),(19,6):24.750000
(13,8),(19,10):35.522221
(12,8),(12,9):50.916668
(12,8),(5,9):60.317532
(12,8),(5,12):8.285714
(12,8),(10,12):0.000000
(12,8),(10,16):0.000000
(12,8),(9,16):0.000000
(12,8),(9,19):0.000000
(12,8),(7,19):0.000000
(12,8),(7,13):0.000000
(12,8),(6,13):0.000000
(12,8),(6,15):1.717533
(12,8),(4,15):9.619047
(12,8),(4,17):4.214286
(12,8),(2,17):1.675000
(12,8),(2,18):0.000000
(12,8),(1,18):0.000000
(12,8),(1,14):0.000000
(12,8),(3,14):11.485714
(12,8),(3,5):45.012985
(12,8),(8,5):64.702377
(12,8),(8,1):41.916668
(12,8),(11,1):29.916666
(12,8),(11,2):51.299999
(12,8),(14,2):53.869049
(12,8),(14,7):66.985718
(12,8),(15,7):26.285715
(12,8),(15,3):6.000000
(12,8),(16,3):1.291667
(12,8),(16,4):6.166667
(12,8),(18,4):5.000000
(12,8),(18,6):8.000000
(12,8),(19,6):9.750000
(12,8),(19,10):22.799999
(12,9),(5,9):44.939999
(12,9),(5,12):8.000000
(12,9),(10,12):0.000000
(12,9),(10,16):0.000000
(12,9),(9,16):0.000000
(12,9),(9,19):0.000000
(12,9),(7,19):0.000000
(12,9),(7,13):0.000000
(12,9),(6,13):0.000000
(12,9),(6,15):1.500000
(12,9),(4,15):9.333333
(12,9),(4,17):4.000000
(12,9),(2,17):1.666667
(12,9),(2,18):0.000000
(12,9),(1,18):0.000000
(12,9),(1,14):0.000000
(12,9),(3,14):11.200000
(12,9),(3,5):36.000000
(12,9),(8,5):50.928570
(12,9),(8,1):30.761906
(12,9),(11,1):29.928572
(12,9),(11,2):38.928570
(12,9),(14,2):41.583332
(12,9),(14,7):49.700001
(12,9),(15,7):16.500000
(12,9),(15,3):0.000000
(12,9),(16,3):0.000000
(12,9),(16,4):0.000000
(12,9),(18,4):0.000000
(12,9),(18,6):0.000000
(12,9),(19,6):1.375000
(12,9),(19,10):12.266666
(5,9),(5,12):23.233334
(5,9),(10,12):3.000000
(5,9),(10,16):0.000000
(5,9),(9,16):0.000000
(5,9),(9,19):0.000000
(5,9),(7,19):0.000000
(5,9),(7,13):3.000000
(5,9),(6,13):9.833333
(5,9),(6,15):12.200000
(5,9),(4,15):24.833334
(5,9),(4,17):13.466666
(5,9),(2,17):12.679167
(5,9),(2,18):0.262500
(5,9),(1,18):7.512500
(5,9),(1,14):5.679167
(5,9),(3,14):26.879168
(5,9),(3,5):56.166668
(5,9),(8,5):59.916668
(5,9),(8,1):35.437500
(5,9),(11,1):24.000000
(5,9),(11,2):46.688595
(5,9),(14,2):51.478176
(5,9),(14,7):57.777779
(5,9),(15,7):22.000000
(5,9),(15,3):2.476191
(5,9),(16,3):0.642328
(5,9),(16,4):2.533333
(5,9),(18,4):2.161905
(5,9),(18,6):3.600000
(5,9),(19,6):5.350000
(5,9),(19,10):17.787931
(5,12),(10,12):10.375000
(5,12),(10,16):5.750000
(5,12),(9,16):5.583333
(5,12),(9,19):3.166667
(5,12),(7,19):5.250000
(5,12),(7,13):10.250000
(5,12),(6,13):19.500000
(5,12),(6,15):15.500000
(5,12),(4,15):29.333334
(5,12),(4,17):15.333333
(5,12),(2,17):15.533334
(5,12),(2,18):2.200000
(5,12),(1,18):12.200000
(5,12),(1,14):9.033334
(5,12),(3,14):30.533333
(5,12),(3,5):22.619047
(5,12),(8,5):10.666667
(5,12),(8,1):0.000000
(5,12),(11,1):0.000000
(5,12),(11,2):2.333333
(5,12),(14,2):5.555555
(5,12),(14,7):8.444445
(5,12),(15,7):4.400000
(5,12),(15,3):0.000000
(5,12),(16,3):0.000000
(5,12),(16,4):0.000000
(5,12),(18,4):0.000000
(5,12),(18,6):0.000000
(5,12),(19,6):0.000000
(5,12),(19,10):0.166667
(10,12),(10,16):12.500000
(10,12),(9,16):17.208334
(10,12),(9,19):13.041667
(10,12),(7,19):16.125000
(10,12),(7,13):20.875000
(10,12),(6,13):8.125000
(10,12),(6,15):4.125000
(10,12),(4,15):4.625000
(10,12),(4,17):1.625000
(10,12),(2,17):3.969697
(10,12),(2,18):0.000000
(10,12),(1,18):3.642857
(10,12),(1,14):0.000000
(10,12),(3,14):5.625000
(10,12),(3,5):3.208333
(10,12),(8,5):0.000000
(10,12),(8,1):0.000000
(10,12),(11,1):0.000000
(10,12),(11,2):0.000000
(10,12),(14,2):0.000000
(10,12),(14,7):0.000000
(10,12),(15,7):0.000000
(10,12),(15,3):0.000000
(10,12),(16,3):0.000000
(10,12),(16,4):0.000000
(10,12),(18,4):0.000000
(10,12),(18,6):0.000000
(10,12),(19,6):0.000000
(10,12),(19,10):0.000000
(10,16),(9,16):12.333333
(10,16),(9,19):8.166667
(10,16),(7,19):11.250000
(10,16),(7,13):12.500000
(10,16),(6,13):3.500000
(10,16),(6,15):0.000000
(10,16),(4,15):0.250000
(10,16),(4,17):0.000000
(10,16),(2,17):0.250000
(10,16),(2,18):0.000000
(10,16),(1,18):0.250000
(10,16),(1,14):0.000000
(10,16),(3,14):1.125000
(10,16),(3,5):0.000000
(10,16),(8,5):0.000000
(10,16),(8,1):0.000000
(10,16),(11,1):0.000000
(10,16),(11,2):0.000000
(10,16),(14,2):0.000000
(10,16),(14,7):0.000000
(10,16),(15,7):0.000000
(10,16),(15,3):0.000000
(10,16),(16,3):0.000000
(10,16),(16,4):0.000000
(10,16),(18,4):0.000000
(10,16),(18,6):0.000000
(10,16),(19,6):0.000000
(10,16),(19,10):0.000000
(9,16),(9,19):14.166667
(9,16),(7,19):17.250000
(9,16),(7,13):18.333334
(9,16),(6,13):3.333333
(9,16),(6,15):0.000000
(9,16),(4,15):0.133333
(9,16),(4,17):0.000000
(9,16),(2,17):0.133333
(9,16),(2,18):0.000000
(9,16),(1,18):0.133333
(9,16),(1,14):0.000000
(9,16),(3,14):0.969697
(9,16),(3,5):0.000000
(9,16),(8,5):0.000000
(9,16),(8,1):0.000000
(9,16),(11,1):0.000000
(9,16),(11,2):0.000000
(9,16),(14,2):0.000000
(9,16),(14,7):0.000000
(9,16),(15,7):0.000000
(9,16),(15,3):0.000000
(9,16),(16,3):0.000000
(9,16),(16,4):0.000000
(9,16),(18,4):0.000000
(9,16),(18,6):0.000000
(9,16),(19,6):0.000000
(9,16),(19,10):0.000000
(9,19),(7,19):14.000000
(9,19),(7,13):14.166667
(9,19),(6,13):2.166667
(9,19),(6,15):0.000000
(9,19),(4,15):0.041667
(9,19),(4,17):0.000000
(9,19),(2,17):0.041667
(9,19),(2,18):0.000000
(9,19),(1,18):0.041667
(9,19),(1,14):0.000000
(9,19),(3,14):0.816667
(9,19),(3,5):0.000000
(9,19),(8,5):0.000000
(9,19),(8,1):0.000000
(9,19),(11,1):0.000000
(9,19),(11,2):0.000000
(9,19),(14,2):0.000000
(9,19),(14,7):0.000000
(9,19),(15,7):0.000000
(9,19),(15,3):0.000000
(9,19),(16,3):0.000000
(9,19),(16,4):0.000000
(9,19),(18,4):0.000000
(9,19),(18,6):0.000000
(9,19),(19,6):0.000000
(9,19),(19,10):0.000000
(7,19),(7,13):17.250000
(7,19),(6,13):3.000000
(7,19),(6,15):0.000000
(7,19),(4,15):0.000000
(7,19),(4,17):0.000000
(7,19),(2,17):0.000000
(7,19),(2,18):0.000000
(7,19),(1,18):0.000000
(7,19),(1,14):0.000000
(7,19),(3,14):0.666667
(7,19),(3,5):0.000000
(7,19),(8,5):0.000000
(7,19),(8,1):0.000000
(7,19),(11,1):0.000000
(7,19),(11,2):0.000000
(7,19),(14,2):0.000000
(7,19),(14,7):0.000000
(7,19),(15,7):0.000000
(7,19),(15,3):0.000000
(7,19),(16,3):0.000000
(7,19),(16,4):0.000000
(7,19),(18,4):0.000000
(7,19),(18,6):0.000000
(7,19),(19,6):0.000000
(7,19),(19,10):0.000000
(7,13),(6,13):8.000000
(7,13),(6,15):4.000000
(7,13),(4,15):4.500000
(7,13),(4,17):1.750000
(7,13),(2,17):3.380952
(7,13),(2,18):0.000000
(7,13),(1,18):2.950000
(7,13),(1,14):0.000000
(7,13),(3,14):5.500000
(7,13),(3,5):3.142857
(7,13),(8,5):0.121212
(7,13),(8,1):0.000000
(7,13),(11,1):0.000000
(7,13),(11,2):0.033333
(7,13),(14,2):0.000000
(7,13),(14,7):0.000000
(7,13),(15,7):0.000000
(7,13),(15,3):0.000000
(7,13),(16,3):0.000000
(7,13),(16,4):0.000000
(7,13),(18,4):0.000000
(7,13),(18,6):0.000000
(7,13),(19,6):0.000000
(7,13),(19,10):0.000000
(6,13),(6,15):12.333333
(6,13),(4,15):17.333334
(6,13),(4,17):9.833333
(6,13),(2,17):13.333333
(6,13),(2,18):3.000000
(6,13),(1,18):12.666667
(6,13),(1,14):8.833333
(6,13),(3,14):18.333334
(6,13),(3,5):9.785714
(6,13),(8,5):0.595238
(6,13),(8,1):0.000000
(6,13),(11,1):0.000000
(6,13),(11,2):0.410256
(6,13),(14,2):0.086806
(6,13),(14,7):0.000000
(6,13),(15,7):0.000000
(6,13),(15,3):0.000000
(6,13),(16,3):0.000000
(6,13),(16,4):0.000000
(6,13),(18,4):0.000000
(6,13),(18,6):0.000000
(6,13),(19,6):0.000000
(6,13),(19,10):0.000000
(6,15),(4,15):17.000000
(6,15),(4,17):9.500000
(6,15),(2,17):9.666667
(6,15),(2,18):1.000000
(6,15),(1,18):8.600000
(6,15),(1,14):5.000000
(6,15),(3,14):17.000000
(6,15),(3,5):13.285714
(6,15),(8,5):3.705128
(6,15),(8,1):0.000000
(6,15),(11,1):0.000000
(6,15),(11,2):1.413333
(6,15),(14,2):2.425303
(6,15),(14,7):1.840996
(6,15),(15,7):1.639583
(6,15),(15,3):0.000000
(6,15),(16,3):0.000000
(6,15),(16,4):0.000000
(6,15),(18,4):0.000000
(6,15),(18,6):0.000000
(6,15),(19,6):0.000000
(6,15),(19,10):0.000000
(4,15),(4,17):18.000000
(4,15),(2,17):18.166666
(4,15),(2,18):3.500000
(4,15),(1,18):14.000000
(4,15),(1,14):11.500000
(4,15),(3,14):33.333332
(4,15),(3,5):24.619047
(4,15),(8,5):12.000000
(4,15),(8,1):0.000000
(4,15),(11,1):0.000000
(4,15),(11,2):2.433333
(4,15),(14,2):6.123737
(4,15),(14,7):9.777778
(4,15),(15,7):4.733333
(4,15),(15,3):0.000000
(4,15),(16,3):0.000000
(4,15),(16,4):0.000000
(4,15),(18,4):0.000000
(4,15),(18,6):0.000000
(4,15),(19,6):0.000000
(4,15),(19,10):0.438596
(4,17),(2,17):10.500000
(4,17),(2,18):3.000000
(4,17),(1,18):8.000000
(4,17),(1,14):9.000000
(4,17),(3,14):18.000000
(4,17),(3,5):12.000000
(4,17),(8,5):6.000000
(4,17),(8,1):0.000000
(4,17),(11,1):0.000000
(4,17),(11,2):1.250000
(4,17),(14,2):2.916667
(4,17),(14,7):4.333333
(4,17),(15,7):2.300000
(4,17),(15,3):0.000000
(4,17),(16,3):0.000000
(4,17),(16,4):0.000000
(4,17),(18,4):0.000000
(4,17),(18,6):0.000000
(4,17),(19,6):0.000000
(4,17),(19,10):0.000000
(2,17),(2,18):4.000000
(2,17),(1,18):14.500000
(2,17),(1,14):10.500000
(2,17),(3,14):19.833334
(2,17),(3,5):11.444445
(2,17),(8,5):1.800000
(2,17),(8,1):0.000000
(2,17),(11,1):0.000000
(2,17),(11,2):0.572727
(2,17),(14,2):1.217308
(2,17),(14,7):1.680000
(2,17),(15,7):0.761905
(2,17),(15,3):0.000000
(2,17),(16,3):0.000000
(2,17),(16,4):0.000000
(2,17),(18,4):0.000000
(2,17),(18,6):0.000000
(2,17),(19,6):0.000000
(2,17),(19,10):0.325926
(2,18),(1,18):4.000000
(2,18),(1,14):4.000000
(2,18),(3,14):3.833333
(2,18),(3,5):0.000000
(2,18),(8,5):0.000000
(2,18),(8,1):0.000000
(2,18),(11,1):0.000000
(2,18),(11,2):0.000000
(2,18),(14,2):0.000000
(2,18),(14,7):0.000000
(2,18),(15,7):0.000000
(2,18),(15,3):0.000000
(2,18),(16,3):0.000000
(2,18),(16,4):0.000000
(2,18),(18,4):0.000000
(2,18),(18,6):0.000000
(2,18),(19,6):0.000000
(2,18),(19,10):0.000000
(1,18),(1,14):8.500000
(1,18),(3,14):14.333333
(1,18),(3,5):6.444445
(1,18),(8,5):0.000000
(1,18),(8,1):0.000000
(1,18),(11,1):0.000000
(1,18),(11,2):0.000000
(1,18),(14,2):0.000000
(1,18),(14,7):0.000000
(1,18),(15,7):0.000000
(1,18),(15,3):0.000000
(1,18),(16,3):0.000000
(1,18),(16,4):0.000000
(1,18),(18,4):0.000000
(1,18),(18,6):0.000000
(1,18),(19,6):0.000000
(1,18),(19,10):0.000000
(1,14),(3,14):11.833333
(1,14),(3,5):4.714286
(1,14),(8,5):0.000000
(1,14),(8,1):0.000000
(1,14),(11,1):0.000000
(1,14),(11,2):0.000000
(1,14),(14,2):0.000000
(1,14),(14,7):0.000000
(1,14),(15,7):0.000000
(1,14),(15,3):0.000000
(1,14),(16,3):0.000000
(1,14),(16,4):0.000000
(1,14),(18,4):0.000000
(1,14),(18,6):0.000000
(1,14),(19,6):0.000000
(1,14),(19,10):0.000000
(3,14),(3,5):26.485714
(3,14),(8,5):13.866667
(3,14),(8,1):0.000000
(3,14),(11,1):0.000000
(3,14),(11,2):2.666667
(3,14),(14,2):7.118055
(3,14),(14,7):11.644444
(3,14),(15,7):5.200000
(3,14),(15,3):0.000000
(3,14),(16,3):0.000000
(3,14),(16,4):0.000000
(3,14),(18,4):0.000000
(3,14),(18,6):0.000000
(3,14),(19,6):0.000000
(3,14),(19,10):0.994118
(3,5),(8,5):50.900002
(3,5),(8,1):23.357143
(3,5),(11,1):18.000000
(3,5),(11,2):32.601627
(3,5),(14,2):37.288887
(3,5),(14,7):49.571716
(3,5),(15,7):27.027273
(3,5),(15,3):6.618182
(3,5),(16,3):1.770995
(3,5),(16,4):7.000866
(3,5),(18,4):5.756993
(3,5),(18,6):8.686096
(3,5),(19,6):10.429904
(3,5),(19,10):21.293940
(8,5),(8,1):44.799999
(8,5),(11,1):30.000000
(8,5),(11,2):54.333332
(8,5),(14,2):55.438889
(8,5),(14,7):71.777779
(8,5),(15,7):28.533333
(8,5),(15,3):7.600000
(8,5),(16,3):2.513266
(8,5),(16,4):8.255555
(8,5),(18,4):7.558712
(8,5),(18,6):10.199275
(8,5),(19,6):11.923993
(8,5),(19,10):24.799999
(8,1),(11,1):24.000000
(8,1),(11,2):46.085712
(8,1),(14,2):39.033333
(8,1),(14,7):47.485714
(8,1),(15,7):15.785714
(8,1),(15,3):3.985714
(8,1),(16,3):3.722751
(8,1),(16,4):5.501623
(8,1),(18,4):6.660714
(8,1),(18,6):7.785714
(8,1),(19,6):9.260715
(8,1),(19,10):17.704762
(11,1),(11,2):30.000000
(11,1),(14,2):27.000000
(11,1),(14,7):29.450001
(11,1),(15,7):9.833333
(11,1),(15,3):0.000000
(11,1),(16,3):0.000000
(11,1),(16,4):0.000000
(11,1),(18,4):0.000000
(11,1),(18,6):0.000000
(11,1),(19,6):1.107143
(11,1),(19,10):8.133333
(11,2),(14,2):50.388889
(11,2),(14,7):56.142857
(11,2),(15,7):20.924999
(11,2),(15,3):1.633333
(11,2),(16,3):3.254902
(11,2),(16,4):3.919048
(11,2),(18,4):5.737500
(11,2),(18,6):6.938889
(11,2),(19,6):8.658695
(11,2),(19,10):17.333334
(14,2),(14,7):56.194443
(14,2),(15,7):21.650000
(14,2),(15,3):0.000000
(14,2),(16,3):0.000000
(14,2),(16,4):0.166667
(14,2),(18,4):2.500000
(14,2),(18,6):3.666667
(14,2),(19,6):5.375000
(14,2),(19,10):15.700000
(14,7),(15,7):39.900002
(14,7),(15,3):14.000000
(14,7),(16,3):6.000000
(14,7),(16,4):16.666666
(14,7),(18,4):16.916666
(14,7),(18,6):21.375000
(14,7),(19,6):23.000000
(14,7),(19,10):32.299999
(15,7),(15,3):22.500000
(15,7),(16,3):10.000000
(15,7),(16,4):27.166666
(15,7),(18,4):25.916666
(15,7),(18,6):31.875000
(15,7),(19,6):27.000000
(15,7),(19,10):29.750000
(15,3),(16,3):8.000000
(15,3),(16,4):22.500000
(15,3),(18,4):17.916666
(15,3),(18,6):21.875000
(15,3),(19,6):17.250000
(15,3),(19,10):20.250000
(16,3),(16,4):10.000000
(16,3),(18,4):9.000000
(16,3),(18,6):9.500000
(16,3),(19,6):7.000000
(16,3),(19,10):7.875000
(16,4),(18,4):22.583334
(16,4),(18,6):26.541666
(16,4),(19,6):19.916666
(16,4),(19,10):23.250000
(18,4),(18,6):25.875000
(18,4),(19,6):19.750000
(18,4),(19,10):21.500000
(18,6),(19,6):25.250000
(18,6),(19,10):27.416666
(19,6),(19,10):21.714285
