56
(27,23):(20,21)	(20,22)	(20,23)	(20,24)	(21,21)	(21,22)	(21,23)	(21,24)	(22,22)	(22,23)	(22,24)	(23,22)	(23,23)	(23,24)	(24,22)	(24,23)	(25,23)	(25,24)	(25,25)	(26,23)	(26,24)	(27,23)	(27,25)	(28,22)	(28,23)	
(27,25):(20,20)	(20,21)	(21,21)	(21,22)	(22,21)	(22,22)	(23,21)	(23,22)	(23,23)	(24,22)	(24,23)	(25,23)	(25,24)	(25,25)	(26,23)	(26,24)	(27,23)	(27,25)	
(25,25):(25,23)	(25,24)	(25,25)	(26,23)	(26,24)	(27,23)	(27,25)	(28,22)	
(25,24):(20,20)	(20,21)	(20,22)	(20,23)	(20,24)	(21,21)	(21,22)	(21,23)	(21,24)	(22,21)	(22,22)	(22,23)	(22,24)	(23,21)	(23,22)	(23,23)	(23,24)	(24,22)	(24,23)	(25,23)	(25,24)	(25,25)	(26,23)	(26,24)	(27,23)	(27,25)	(28,22)	
(23,24):(19,27)	(20,20)	(20,21)	(20,22)	(20,23)	(20,24)	(20,25)	(20,26)	(21,21)	(21,22)	(21,23)	(21,24)	(21,25)	(21,26)	(21,27)	(21,28)	(22,21)	(22,22)	(22,23)	(22,24)	(22,25)	(22,26)	(23,21)	(23,22)	(23,23)	(23,24)	(23,26)	(24,20)	(24,22)	(24,23)	(25,23)	(25,24)	(26,23)	(26,24)	(27,23)	(28,22)	
(23,26):(20,20)	(20,21)	(20,22)	(20,23)	(20,24)	(20,25)	(20,26)	(21,21)	(21,22)	(21,23)	(21,24)	(21,25)	(21,26)	(22,21)	(22,22)	(22,23)	(22,24)	(22,25)	(22,26)	(23,21)	(23,22)	(23,23)	(23,24)	(23,26)	
(22,26):(19,17)	(19,27)	(20,20)	(20,21)	(20,22)	(20,23)	(20,24)	(20,25)	(20,26)	(21,21)	(21,22)	(21,23)	(21,24)	(21,25)	(21,26)	(21,27)	(21,28)	(22,21)	(22,22)	(22,23)	(22,24)	(22,25)	(22,26)	(22,28)	(23,21)	(23,22)	(23,23)	(23,24)	(23,26)	(24,20)	(24,22)	
(22,28):(19,16)	(19,17)	(20,20)	(20,21)	(20,22)	(20,23)	(20,24)	(20,25)	(20,26)	(21,21)	(21,22)	(21,23)	(21,24)	(21,25)	(21,26)	(21,27)	(21,28)	(22,21)	(22,22)	(22,23)	(22,24)	(22,25)	(22,26)	(22,28)	
(21,28):(21,21)	(21,22)	(21,23)	(21,24)	(21,25)	(21,26)	(21,27)	(21,28)	(22,21)	(22,22)	(22,23)	(22,24)	(22,25)	(22,26)	(22,28)	(23,21)	(23,22)	(23,23)	(23,24)	(24,20)	(24,22)	
(21,27):(19,15)	(19,16)	(19,17)	(19,27)	(20,20)	(20,21)	(20,22)	(20,23)	(20,24)	(20,25)	(20,26)	(21,21)	(21,22)	(21,23)	(21,24)	(21,25)	(21,26)	(21,27)	(21,28)	(22,21)	(22,22)	(22,23)	(22,24)	(22,25)	(22,26)	(22,28)	(23,21)	(23,22)	(23,23)	(23,24)	(24,20)	(24,22)	
(19,27):(19,15)	(19,16)	(19,17)	(19,27)	(20,15)	(20,16)	(20,17)	(20,18)	(20,20)	(20,21)	(20,22)	(20,23)	(20,24)	(20,25)	(20,26)	(21,21)	(21,22)	(21,23)	(21,24)	(21,25)	(21,26)	(21,27)	(22,21)	(22,22)	(22,23)	(22,24)	(22,25)	(22,26)	(23,21)	(23,22)	(23,23)	(23,24)	(24,20)	(24,22)	(24,23)	
(19,17):(9,16)	(10,17)	(11,13)	(11,16)	(11,17)	(12,14)	(12,15)	(12,16)	(12,17)	(13,14)	(13,15)	(13,16)	(13,17)	(14,15)	(14,16)	(14,17)	(15,15)	(15,16)	(15,17)	(16,16)	(16,17)	(17,16)	(17,17)	(18,14)	(18,15)	(18,16)	(19,15)	(19,16)	(19,17)	(19,27)	(20,15)	(20,16)	(20,17)	(20,18)	(20,20)	(20,21)	(20,22)	(20,23)	(20,24)	(20,25)	(20,26)	(21,15)	(21,16)	(21,17)	(21,23)	(21,24)	(21,25)	(21,26)	(21,27)	(22,15)	(22,16)	(22,17)	(22,26)	(22,28)	(23,15)	(23,16)	(23,17)	(24,15)	(24,16)	(24,17)	(25,15)	(25,16)	(25,17)	(26,14)	(26,18)	
(17,17):(8,21)	(9,16)	(9,19)	(9,20)	(10,17)	(10,18)	(10,19)	(10,20)	(11,11)	(11,12)	(11,13)	(11,16)	(11,17)	(11,18)	(11,19)	(11,20)	(12,12)	(12,13)	(12,14)	(12,15)	(12,16)	(12,17)	(12,18)	(12,19)	(12,20)	(13,13)	(13,14)	(13,15)	(13,16)	(13,17)	(13,18)	(13,19)	(13,20)	(14,14)	(14,15)	(14,16)	(14,17)	(14,18)	(14,19)	(14,20)	(15,15)	(15,16)	(15,17)	(15,18)	(15,19)	(15,20)	(16,16)	(16,17)	(16,18)	(16,19)	(16,20)	(17,16)	(17,17)	(17,21)	(18,15)	(18,16)	(19,15)	(19,16)	(19,17)	(20,15)	(20,16)	(20,17)	(21,15)	(21,16)	(21,17)	(22,15)	(22,16)	(22,17)	(23,15)	(23,16)	(23,17)	(24,15)	(24,16)	(24,17)	(25,15)	(25,16)	(25,17)	(26,14)	
(17,21):(6,1)	(6,2)	(7,2)	(7,3)	(8,3)	(8,4)	(8,5)	(8,19)	(8,21)	(9,5)	(9,6)	(9,7)	(9,16)	(9,19)	(9,20)	(10,7)	(10,8)	(10,9)	(10,17)	(10,18)	(10,19)	(10,20)	(11,9)	(11,10)	(11,11)	(11,12)	(11,13)	(11,16)	(11,17)	(11,18)	(11,19)	(11,20)	(12,11)	(12,12)	(12,13)	(12,14)	(12,15)	(12,16)	(12,17)	(12,18)	(12,19)	(12,20)	(13,12)	(13,13)	(13,14)	(13,15)	(13,16)	(13,17)	(13,18)	(13,19)	(13,20)	(14,12)	(14,13)	(14,14)	(14,15)	(14,16)	(14,17)	(14,18)	(14,19)	(14,20)	(15,15)	(15,16)	(15,17)	(15,18)	(15,19)	(15,20)	(16,16)	(16,17)	(16,18)	(16,19)	(16,20)	(17,16)	(17,17)	(17,21)	
(8,21):(8,19)	(8,21)	(9,19)	(9,20)	(10,17)	(10,18)	(10,19)	(10,20)	(11,16)	(11,17)	(11,18)	(11,19)	(11,20)	(12,15)	(12,16)	(12,17)	(12,18)	(12,19)	(12,20)	(13,13)	(13,14)	(13,15)	(13,16)	(13,17)	(13,18)	(13,19)	(13,20)	(14,12)	(14,13)	(14,14)	(14,15)	(14,16)	(14,17)	(14,18)	(14,19)	(14,20)	(15,15)	(15,16)	(15,17)	(15,18)	(15,19)	(15,20)	(16,16)	(16,17)	(16,18)	(16,19)	(16,20)	(17,16)	(17,17)	(17,21)	(18,15)	(18,16)	(19,15)	(19,16)	(20,15)	(21,15)	
(8,19):(8,19)	(8,21)	(9,19)	(9,20)	(10,19)	(10,20)	(11,19)	(11,20)	(12,19)	(12,20)	(13,19)	(13,20)	(14,19)	(14,20)	(15,19)	(15,20)	(16,19)	(16,20)	(17,21)	
(9,19):(8,19)	(8,21)	(9,16)	(9,19)	(9,20)	(10,17)	(10,18)	(10,19)	(10,20)	(11,16)	(11,17)	(11,18)	(11,19)	(11,20)	(12,15)	(12,16)	(12,17)	(12,18)	(12,19)	(12,20)	(13,13)	(13,14)	(13,15)	(13,16)	(13,17)	(13,18)	(13,19)	(13,20)	(14,12)	(14,13)	(14,14)	(14,15)	(14,16)	(14,17)	(14,18)	(14,19)	(14,20)	(15,15)	(15,16)	(15,17)	(15,18)	(15,19)	(15,20)	(16,16)	(16,17)	(16,18)	(16,19)	(16,20)	(17,16)	(17,17)	(17,21)	(18,15)	(18,16)	(19,15)	(19,16)	(20,15)	(20,16)	(21,15)	(21,16)	(22,15)	(23,15)	(24,15)	(25,15)	(26,14)	
(9,16):(9,16)	(9,19)	(9,20)	(10,17)	(10,18)	(10,19)	(10,20)	(11,16)	(11,17)	(11,18)	(11,19)	(11,20)	(12,16)	(12,17)	(12,18)	(12,19)	(12,20)	(13,16)	(13,17)	(13,18)	(13,19)	(13,20)	(14,16)	(14,17)	(14,18)	(14,19)	(14,20)	(15,16)	(15,17)	(15,18)	(15,19)	(15,20)	(16,16)	(16,17)	(16,18)	(16,19)	(16,20)	(17,16)	(17,17)	(17,21)	(18,16)	(19,16)	(19,17)	(20,16)	(20,17)	(21,16)	(21,17)	(22,16)	(22,17)	(23,16)	(23,17)	(24,16)	(24,17)	(25,16)	(25,17)	
(11,16):(8,21)	(9,16)	(9,19)	(9,20)	(10,17)	(10,18)	(10,19)	(10,20)	(11,2)	(11,3)	(11,4)	(11,5)	(11,6)	(11,7)	(11,8)	(11,9)	(11,10)	(11,11)	(11,12)	(11,13)	(11,16)	(11,17)	(11,18)	(11,19)	(11,20)	(12,1)	(12,11)	(12,12)	(12,13)	(12,14)	(12,15)	(12,16)	(12,17)	(12,18)	(12,19)	(12,20)	(13,11)	(13,12)	(13,13)	(13,14)	(13,15)	(13,16)	(13,17)	(13,18)	(13,19)	(13,20)	(14,12)	(14,13)	(14,14)	(14,15)	(14,16)	(14,17)	(14,18)	(14,19)	(14,20)	(15,15)	(15,16)	(15,17)	(15,18)	(15,19)	(15,20)	(16,16)	(16,17)	(16,18)	(16,19)	(16,20)	(17,16)	(17,17)	(17,21)	(18,15)	(18,16)	(19,15)	(19,16)	(19,17)	(20,15)	(20,16)	(20,17)	(21,15)	(21,16)	(21,17)	(22,15)	(22,16)	(22,17)	(23,15)	(23,16)	(23,17)	(24,15)	(24,16)	(24,17)	(25,15)	(25,16)	(25,17)	(26,14)	
(11,13):(9,2)	(9,3)	(9,4)	(9,5)	(10,2)	(10,3)	(10,4)	(10,5)	(10,6)	(10,7)	(10,8)	(10,9)	(10,13)	(11,2)	(11,3)	(11,4)	(11,5)	(11,6)	(11,7)	(11,8)	(11,9)	(11,10)	(11,11)	(11,12)	(11,13)	(11,16)	(11,17)	(11,18)	(11,19)	(11,20)	(12,1)	(12,11)	(12,12)	(12,13)	(12,14)	(12,15)	(12,16)	(12,17)	(12,18)	(12,19)	(12,20)	(13,11)	(13,12)	(13,13)	(13,14)	(13,15)	(13,16)	(13,17)	(13,18)	(13,19)	(13,20)	(14,12)	(14,13)	(14,14)	(14,15)	(14,16)	(14,17)	(14,18)	(14,19)	(14,20)	(15,15)	(15,16)	(15,17)	(15,18)	(15,19)	(15,20)	(16,16)	(16,17)	(16,18)	(16,19)	(16,20)	(17,16)	(17,17)	(17,21)	(19,17)	
(10,13):(10,2)	(10,3)	(10,4)	(10,5)	(10,6)	(10,7)	(10,8)	(10,9)	(10,13)	(11,2)	(11,3)	(11,4)	(11,5)	(11,6)	(11,7)	(11,8)	(11,9)	(11,10)	(11,11)	(11,12)	(11,13)	(12,1)	(12,11)	(12,12)	(12,13)	(13,11)	(13,12)	(13,13)	(14,12)	(14,13)	
(10,9):(4,3)	(5,3)	(5,4)	(6,1)	(6,2)	(6,3)	(6,4)	(6,5)	(7,2)	(7,3)	(7,4)	(7,5)	(7,6)	(7,9)	(8,2)	(8,3)	(8,4)	(8,5)	(8,6)	(8,7)	(8,8)	(9,2)	(9,3)	(9,4)	(9,5)	(9,6)	(9,7)	(9,8)	(10,2)	(10,3)	(10,4)	(10,5)	(10,6)	(10,7)	(10,8)	(10,9)	(10,13)	(11,2)	(11,3)	(11,4)	(11,5)	(11,6)	(11,7)	(11,8)	(11,9)	(11,10)	(11,11)	(11,12)	(11,13)	(12,1)	(12,11)	(12,12)	(12,13)	(12,14)	(12,15)	(12,16)	(12,17)	(13,12)	(13,13)	(13,14)	(13,15)	(13,16)	(13,17)	(13,18)	(13,19)	(13,20)	(14,13)	(14,14)	(14,15)	(14,16)	(14,17)	(14,18)	(14,19)	(14,20)	(15,15)	(15,16)	(15,17)	(15,18)	(15,19)	(15,20)	(16,17)	(16,18)	(16,19)	(16,20)	(17,21)	
(7,9):(7,2)	(7,3)	(7,4)	(7,5)	(7,6)	(7,9)	(8,2)	(8,3)	(8,4)	(8,5)	(8,6)	(8,7)	(8,8)	(9,2)	(9,3)	(9,4)	(9,5)	(9,6)	(9,7)	(9,8)	(10,2)	(10,3)	(10,4)	(10,5)	(10,6)	(10,7)	(10,8)	(10,9)	(11,2)	(11,3)	(11,4)	(11,5)	(11,6)	(11,7)	(11,8)	(11,9)	(12,1)	
(7,6):(1,3)	(2,2)	(2,3)	(3,3)	(3,4)	(4,3)	(4,4)	(4,5)	(4,6)	(5,3)	(5,4)	(5,5)	(6,1)	(6,2)	(6,3)	(6,4)	(6,5)	(7,2)	(7,3)	(7,4)	(7,5)	(7,6)	(7,9)	(8,2)	(8,3)	(8,4)	(8,5)	(8,6)	(8,7)	(8,8)	(9,2)	(9,3)	(9,4)	(9,5)	(9,6)	(9,7)	(9,8)	(10,2)	(10,3)	(10,4)	(10,5)	(10,6)	(10,7)	(10,8)	(10,9)	(11,2)	(11,3)	(11,4)	(11,5)	(11,6)	(11,7)	(11,8)	(11,9)	(11,10)	(12,1)	(12,11)	
(4,6):(2,2)	(3,3)	(3,4)	(3,8)	(4,3)	(4,4)	(4,5)	(4,6)	(4,7)	(5,3)	(5,4)	(5,5)	(6,2)	(6,3)	(6,4)	(6,5)	(7,2)	(7,3)	(7,4)	(7,5)	(7,6)	(8,2)	(8,3)	(8,4)	(8,5)	(8,6)	(9,2)	(9,3)	(9,4)	(9,5)	(9,6)	(10,2)	(10,3)	(10,4)	(10,5)	(10,6)	(11,2)	(11,3)	(11,4)	(11,5)	(11,6)	(12,1)	
(4,7):(3,3)	(3,4)	(3,8)	(4,3)	(4,4)	(4,5)	(4,6)	(4,7)	(5,7)	(5,8)	
(5,7):(3,8)	(4,7)	(5,7)	(5,8)	
(5,8):(3,8)	(4,7)	(5,7)	(5,8)	
(3,8):(3,3)	(3,4)	(3,8)	(4,3)	(4,4)	(4,5)	(4,6)	(4,7)	(5,3)	(5,4)	(5,7)	(5,8)	(6,2)	
(3,4):(1,3)	(1,4)	(2,2)	(2,3)	(3,3)	(3,4)	(3,8)	(4,3)	(4,4)	(4,5)	(4,6)	(4,7)	(5,3)	(5,4)	(5,5)	(6,2)	(6,3)	(6,4)	(6,5)	(7,2)	(7,3)	(7,4)	(7,5)	(7,6)	(8,2)	(8,3)	(8,4)	(8,5)	(8,6)	(9,2)	(9,3)	(9,4)	(9,5)	(9,6)	(9,7)	(10,2)	(10,3)	(10,4)	(10,5)	(10,6)	(10,7)	(11,2)	(11,3)	(11,4)	(11,5)	(11,6)	(11,7)	(11,8)	(12,1)	
(1,4):(1,3)	(1,4)	(2,3)	(3,3)	(3,4)	(4,3)	(4,4)	(5,3)	(5,4)	(6,2)	(6,3)	(6,4)	(7,2)	(7,3)	(7,4)	(8,2)	(8,3)	(8,4)	(9,2)	(9,3)	(9,4)	(10,2)	(10,3)	(10,4)	(11,2)	(11,3)	(11,4)	(12,1)	
(1,3):(1,3)	(1,4)	(2,3)	(3,3)	(3,4)	(4,3)	(4,4)	(5,3)	(5,4)	(5,5)	(6,3)	(6,4)	(6,5)	(7,3)	(7,4)	(7,5)	(7,6)	(8,3)	(8,4)	(8,5)	(8,6)	(9,3)	(9,4)	(9,5)	(9,6)	(9,7)	(10,3)	(10,4)	(10,5)	(10,6)	(10,7)	(11,3)	(11,4)	(11,5)	(11,6)	(11,7)	(11,8)	
(2,3):(1,3)	(1,4)	(2,2)	(2,3)	(3,3)	(3,4)	(4,3)	(4,4)	(4,5)	(5,3)	(5,4)	(5,5)	(6,2)	(6,3)	(6,4)	(6,5)	(7,2)	(7,3)	(7,4)	(7,5)	(7,6)	(8,2)	(8,3)	(8,4)	(8,5)	(8,6)	(9,2)	(9,3)	(9,4)	(9,5)	(9,6)	(9,7)	(10,2)	(10,3)	(10,4)	(10,5)	(10,6)	(10,7)	(11,2)	(11,3)	(11,4)	(11,5)	(11,6)	(11,7)	(11,8)	(12,1)	
(2,2):(2,2)	(2,3)	(3,3)	(3,4)	(4,3)	(4,4)	(4,5)	(4,6)	(5,3)	(5,4)	(5,5)	(6,2)	(6,3)	(6,4)	(6,5)	(7,2)	(7,3)	(7,4)	(7,5)	(7,6)	(8,2)	(8,3)	(8,4)	(8,5)	(8,6)	(9,2)	(9,3)	(9,4)	(9,5)	(9,6)	(9,7)	(10,2)	(10,3)	(10,4)	(10,5)	(10,6)	(10,7)	(10,8)	(11,2)	(11,3)	(11,4)	(11,5)	(11,6)	(11,7)	(11,8)	(11,9)	
(6,2):(1,4)	(2,2)	(2,3)	(3,3)	(3,4)	(3,8)	(4,3)	(4,4)	(4,5)	(4,6)	(5,3)	(5,4)	(5,5)	(6,1)	(6,2)	(6,3)	(6,4)	(6,5)	(7,2)	(7,3)	(7,4)	(7,5)	(7,6)	(8,2)	(8,3)	(8,4)	(8,5)	(8,6)	(8,7)	(8,8)	(9,2)	(9,3)	(9,4)	(9,5)	(9,6)	(9,7)	(9,8)	(10,2)	(10,3)	(10,4)	(10,5)	(10,6)	(10,7)	(10,8)	(10,9)	(11,2)	(11,3)	(11,4)	(11,5)	(11,6)	(11,7)	(11,8)	(11,9)	(11,10)	(12,1)	(12,11)	(12,12)	(13,13)	(13,14)	(14,14)	(14,15)	(14,16)	(15,16)	(15,17)	(16,17)	(16,18)	(16,19)	(17,21)	
(6,1):(6,1)	(6,2)	(6,3)	(6,4)	(6,5)	(7,2)	(7,3)	(7,4)	(7,5)	(7,6)	(8,2)	(8,3)	(8,4)	(8,5)	(8,6)	(8,7)	(8,8)	(9,2)	(9,3)	(9,4)	(9,5)	(9,6)	(9,7)	(9,8)	(10,2)	(10,3)	(10,4)	(10,5)	(10,6)	(10,7)	(10,8)	(10,9)	(11,2)	(11,3)	(11,4)	(11,5)	(11,6)	(11,7)	(11,8)	(11,9)	(11,10)	(11,11)	(12,1)	(12,11)	(12,12)	(12,13)	(13,13)	(13,14)	(13,15)	(14,15)	(14,16)	(14,17)	(15,16)	(15,17)	(15,18)	(15,19)	(16,18)	(16,19)	(16,20)	(17,21)	
(12,1):(1,4)	(2,3)	(3,3)	(3,4)	(4,3)	(4,4)	(4,5)	(4,6)	(5,3)	(5,4)	(5,5)	(6,1)	(6,2)	(6,3)	(6,4)	(6,5)	(7,2)	(7,3)	(7,4)	(7,5)	(7,6)	(7,9)	(8,2)	(8,3)	(8,4)	(8,5)	(8,6)	(8,7)	(8,8)	(9,2)	(9,3)	(9,4)	(9,5)	(9,6)	(9,7)	(9,8)	(10,2)	(10,3)	(10,4)	(10,5)	(10,6)	(10,7)	(10,8)	(10,9)	(10,13)	(11,2)	(11,3)	(11,4)	(11,5)	(11,6)	(11,7)	(11,8)	(11,9)	(11,10)	(11,11)	(11,12)	(11,13)	(11,16)	(11,17)	(11,18)	(11,19)	(11,20)	(12,1)	(12,11)	(12,12)	(12,13)	(12,14)	(12,15)	(12,16)	(12,17)	(12,18)	(12,19)	(12,20)	
(12,11):(4,3)	(5,3)	(5,4)	(6,1)	(6,2)	(6,3)	(6,4)	(6,5)	(7,2)	(7,3)	(7,4)	(7,5)	(7,6)	(8,2)	(8,3)	(8,4)	(8,5)	(8,6)	(8,7)	(9,2)	(9,3)	(9,4)	(9,5)	(9,6)	(9,7)	(9,8)	(10,2)	(10,3)	(10,4)	(10,5)	(10,6)	(10,7)	(10,8)	(10,9)	(10,13)	(11,2)	(11,3)	(11,4)	(11,5)	(11,6)	(11,7)	(11,8)	(11,9)	(11,10)	(11,11)	(11,12)	(11,13)	(11,16)	(11,17)	(11,18)	(11,19)	(11,20)	(12,1)	(12,11)	(12,12)	(12,13)	(12,14)	(12,15)	(12,16)	(12,17)	(12,18)	(12,19)	(12,20)	(13,11)	(13,12)	(13,13)	(13,14)	(13,15)	(13,16)	(13,17)	(13,18)	(13,19)	(13,20)	(14,13)	(14,14)	(14,15)	(14,16)	(14,17)	(14,18)	(14,19)	(14,20)	(15,15)	(15,16)	(15,17)	(15,18)	(15,19)	(15,20)	(16,17)	(16,18)	(16,19)	(16,20)	(17,21)	
(13,11):(10,13)	(10,19)	(10,20)	(11,11)	(11,12)	(11,13)	(11,16)	(11,17)	(11,18)	(11,19)	(11,20)	(12,11)	(12,12)	(12,13)	(12,14)	(12,15)	(12,16)	(12,17)	(12,18)	(12,19)	(12,20)	(13,11)	(13,12)	(13,13)	(13,14)	(13,15)	(13,16)	(13,17)	(13,18)	(13,19)	(13,20)	
(13,12):(9,20)	(10,9)	(10,13)	(10,18)	(10,19)	(10,20)	(11,10)	(11,11)	(11,12)	(11,13)	(11,16)	(11,17)	(11,18)	(11,19)	(11,20)	(12,11)	(12,12)	(12,13)	(12,14)	(12,15)	(12,16)	(12,17)	(12,18)	(12,19)	(12,20)	(13,11)	(13,12)	(13,13)	(13,14)	(13,15)	(13,16)	(13,17)	(13,18)	(13,19)	(13,20)	(14,12)	(14,13)	(14,14)	(14,15)	(14,16)	(14,17)	(14,18)	(14,19)	(14,20)	(15,15)	(15,16)	(15,17)	(15,18)	(15,19)	(15,20)	(16,17)	(16,18)	(16,19)	(16,20)	(17,21)	
(14,12):(8,21)	(9,19)	(9,20)	(10,13)	(10,18)	(10,19)	(10,20)	(11,12)	(11,13)	(11,16)	(11,17)	(11,18)	(11,19)	(11,20)	(12,12)	(12,13)	(12,14)	(12,15)	(12,16)	(12,17)	(12,18)	(12,19)	(12,20)	(13,12)	(13,13)	(13,14)	(13,15)	(13,16)	(13,17)	(13,18)	(13,19)	(13,20)	(14,5)	(14,12)	(14,13)	(14,14)	(14,15)	(14,16)	(14,17)	(14,18)	(14,19)	(14,20)	(15,6)	(15,7)	(15,8)	(15,9)	(15,10)	(15,15)	(15,16)	(15,17)	(15,18)	(15,19)	(15,20)	(16,5)	(16,18)	(16,19)	(16,20)	(17,21)	
(14,5):(14,5)	(14,12)	(14,13)	(14,14)	(14,15)	(14,16)	(14,17)	(14,18)	(14,19)	(14,20)	(15,6)	(15,7)	(15,8)	(15,9)	(15,10)	(15,15)	(15,16)	(15,17)	(15,18)	(15,19)	(15,20)	(16,5)	(16,10)	
(16,5):(12,19)	(12,20)	(13,16)	(13,17)	(13,18)	(13,19)	(13,20)	(14,5)	(14,12)	(14,13)	(14,14)	(14,15)	(15,6)	(15,7)	(15,8)	(15,9)	(15,10)	(16,5)	(16,10)	
(16,10):(14,5)	(15,6)	(15,7)	(15,8)	(15,9)	(15,10)	(16,5)	(16,10)	
(15,10):(10,20)	(11,18)	(11,19)	(11,20)	(12,16)	(12,17)	(12,18)	(12,19)	(12,20)	(13,14)	(13,15)	(13,16)	(13,17)	(13,18)	(13,19)	(13,20)	(14,5)	(14,12)	(14,13)	(14,14)	(14,15)	(14,16)	(14,17)	(14,18)	(14,19)	(14,20)	(15,6)	(15,7)	(15,8)	(15,9)	(15,10)	(15,15)	(15,16)	(15,17)	(15,18)	(15,19)	(15,20)	(16,5)	(16,10)	
(15,15):(5,3)	(6,3)	(6,4)	(7,5)	(8,6)	(8,21)	(9,7)	(9,19)	(9,20)	(10,9)	(10,17)	(10,18)	(10,19)	(10,20)	(11,10)	(11,11)	(11,12)	(11,13)	(11,16)	(11,17)	(11,18)	(11,19)	(11,20)	(12,11)	(12,12)	(12,13)	(12,14)	(12,15)	(12,16)	(12,17)	(12,18)	(12,19)	(12,20)	(13,12)	(13,13)	(13,14)	(13,15)	(13,16)	(13,17)	(13,18)	(13,19)	(13,20)	(14,5)	(14,12)	(14,13)	(14,14)	(14,15)	(14,16)	(14,17)	(14,18)	(14,19)	(14,20)	(15,6)	(15,7)	(15,8)	(15,9)	(15,10)	(15,15)	(15,16)	(15,17)	(15,18)	(15,19)	(15,20)	(16,16)	(16,17)	(16,18)	(16,19)	(16,20)	(17,16)	(17,17)	(17,21)	(18,15)	(18,16)	(19,15)	(19,16)	(19,17)	(20,15)	(20,16)	(20,17)	(21,15)	(21,16)	(21,17)	(22,15)	(22,16)	(22,17)	(23,15)	(23,16)	(23,17)	(24,15)	(24,16)	(24,17)	(25,15)	(25,16)	(25,17)	(26,18)	
(18,15):(8,21)	(9,19)	(9,20)	(10,17)	(10,18)	(10,19)	(10,20)	(11,16)	(11,17)	(11,18)	(11,19)	(11,20)	(12,15)	(12,16)	(12,17)	(12,18)	(12,19)	(12,20)	(13,15)	(13,16)	(13,17)	(13,18)	(13,19)	(13,20)	(14,15)	(14,16)	(14,17)	(14,18)	(14,19)	(14,20)	(15,15)	(15,16)	(15,17)	(15,18)	(15,19)	(15,20)	(16,16)	(16,17)	(16,18)	(16,19)	(17,16)	(17,17)	(18,14)	(18,15)	(18,16)	(19,15)	(19,16)	(19,17)	(20,15)	(20,16)	(20,17)	(20,18)	(21,15)	(21,16)	(21,17)	(22,15)	(22,16)	(22,17)	(23,15)	(23,16)	(23,17)	(24,15)	(24,16)	(24,17)	(25,15)	(25,16)	(25,17)	(26,14)	(26,18)	
(18,14):(18,14)	(18,15)	(18,16)	(19,15)	(19,16)	(19,17)	(20,15)	(20,16)	(20,17)	(20,18)	(20,20)	(21,15)	(21,16)	(21,17)	(22,15)	(22,16)	(22,17)	(23,15)	(23,16)	(23,17)	(24,15)	(24,16)	(24,17)	(25,15)	(25,16)	(25,17)	(26,14)	(26,18)	
(26,14):(9,19)	(10,17)	(10,18)	(10,19)	(11,16)	(11,17)	(11,18)	(11,19)	(12,16)	(12,17)	(12,18)	(13,16)	(13,17)	(13,18)	(14,16)	(14,17)	(14,18)	(15,16)	(15,17)	(16,16)	(16,17)	(17,16)	(17,17)	(18,14)	(18,15)	(18,16)	(19,15)	(19,16)	(19,17)	(20,15)	(20,16)	(20,17)	(20,18)	(21,15)	(21,16)	(21,17)	(22,15)	(22,16)	(22,17)	(23,15)	(23,16)	(23,17)	(24,15)	(24,16)	(24,17)	(25,15)	(25,16)	(25,17)	(26,14)	(26,18)	
(26,18):(12,15)	(12,16)	(13,15)	(13,16)	(14,15)	(14,16)	(15,15)	(15,16)	(16,16)	(17,16)	(18,14)	(18,15)	(18,16)	(19,15)	(19,16)	(19,17)	(20,15)	(20,16)	(20,17)	(20,18)	(21,15)	(21,16)	(21,17)	(22,15)	(22,16)	(22,17)	(23,15)	(23,16)	(23,17)	(24,15)	(24,16)	(24,17)	(25,15)	(25,16)	(25,17)	(26,14)	(26,18)	
(20,18):(18,14)	(18,15)	(18,16)	(19,15)	(19,16)	(19,17)	(19,27)	(20,15)	(20,16)	(20,17)	(20,18)	(20,20)	(20,21)	(20,22)	(20,23)	(20,24)	(20,25)	(20,26)	(21,15)	(21,16)	(21,17)	(22,15)	(22,16)	(22,17)	(23,15)	(23,16)	(23,17)	(24,15)	(24,16)	(24,17)	(25,15)	(25,16)	(25,17)	(26,14)	(26,18)	
(20,20):(18,14)	(19,15)	(19,16)	(19,17)	(19,27)	(20,15)	(20,16)	(20,17)	(20,18)	(20,20)	(20,21)	(20,22)	(20,23)	(20,24)	(20,25)	(20,26)	(21,21)	(21,22)	(21,23)	(21,24)	(21,25)	(21,26)	(21,27)	(22,21)	(22,22)	(22,23)	(22,24)	(22,25)	(22,26)	(22,28)	(23,21)	(23,22)	(23,23)	(23,24)	(23,26)	(24,20)	(24,22)	(24,23)	(25,23)	(25,24)	(26,23)	(26,24)	(27,25)	
(24,20):(19,27)	(20,20)	(20,21)	(20,22)	(20,23)	(20,24)	(20,25)	(20,26)	(21,21)	(21,22)	(21,23)	(21,24)	(21,25)	(21,26)	(21,27)	(21,28)	(22,21)	(22,22)	(22,23)	(22,24)	(22,25)	(22,26)	(23,21)	(23,22)	(23,23)	(23,24)	(24,20)	(24,22)	(24,23)	
(24,22):(19,27)	(20,20)	(20,21)	(20,22)	(20,23)	(20,24)	(20,25)	(20,26)	(21,21)	(21,22)	(21,23)	(21,24)	(21,25)	(21,26)	(21,27)	(21,28)	(22,21)	(22,22)	(22,23)	(22,24)	(22,25)	(22,26)	(23,21)	(23,22)	(23,23)	(23,24)	(24,20)	(24,22)	(24,23)	(25,23)	(25,24)	(26,23)	(26,24)	(27,23)	(27,25)	(28,22)	(28,23)	
(28,22):(20,22)	(20,23)	(20,24)	(20,25)	(21,22)	(21,23)	(21,24)	(22,22)	(22,23)	(22,24)	(23,22)	(23,23)	(23,24)	(24,22)	(24,23)	(25,23)	(25,24)	(25,25)	(26,23)	(26,24)	(27,23)	(28,22)	(28,23)	
(28,23):(20,21)	(20,22)	(20,23)	(21,22)	(21,23)	(22,22)	(22,23)	(23,22)	(23,23)	(24,22)	(24,23)	(25,23)	(26,23)	(27,23)	(28,22)	(28,23)	
(27,23):25.166666
(27,25):17.357143
(25,25):6.500000
(25,24):28.150000
(23,24):38.541668
(23,26):25.000000
(22,26):32.500000
(22,28):22.727272
(21,28):16.000000
(21,27):35.161903
(19,27):38.388889
(19,17):68.900002
(17,17):83.791664
(17,21):74.902779
(8,21):61.991665
(8,19):18.000000
(9,19):70.116669
(9,16):51.450001
(11,16):97.479164
(11,13):80.166664
(10,13):28.125000
(10,9):92.099998
(7,9):40.000000
(7,6):61.000000
(4,6):44.750000
(4,7):7.666667
(5,7):2.000000
(5,8):2.500000
(3,8):11.000000
(3,4):52.666668
(1,4):25.250000
(1,3):31.250000
(2,3):48.500000
(2,2):47.000000
(6,2):73.857140
(6,1):61.266666
(12,1):75.712502
(12,11):98.333336
(13,11):27.000000
(13,12):57.250000
(14,12):62.633335
(14,5):22.799999
(16,5):20.471428
(16,10):10.000000
(15,10):41.250000
(15,15):101.625000
(18,15):76.492065
(18,14):31.500000
(26,14):55.357109
(26,18):42.610390
(20,18):40.000000
(20,20):44.553570
(24,20):30.833334
(24,22):39.000000
(28,22):20.200001
(28,23):12.125000
(27,23),(27,25):13.166667
(27,23),(25,25):6.500000
(27,23),(25,24):22.916666
(27,23),(23,24):23.041666
(27,23),(23,26):14.000000
(27,23),(22,26):15.166667
(27,23),(22,28):11.375000
(27,23),(21,28):7.000000
(27,23),(21,27):15.500000
(27,23),(19,27):16.833334
(27,23),(19,17):7.762821
(27,23),(17,17):0.000000
(27,23),(17,21):0.000000
(27,23),(8,21):0.000000
(27,23),(8,19):0.000000
(27,23),(9,19):0.000000
(27,23),(9,16):0.000000
(27,23),(11,16):0.000000
(27,23),(11,13):0.000000
(27,23),(10,13):0.000000
(27,23),(10,9):0.000000
(27,23),(7,9):0.000000
(27,23),(7,6):0.000000
(27,23),(4,6):0.000000
(27,23),(4,7):0.000000
(27,23),(5,7):0.000000
(27,23),(5,8):0.000000
(27,23),(3,8):0.000000
(27,23),(3,4):0.000000
(27,23),(1,4):0.000000
(27,23),(1,3):0.000000
(27,23),(2,3):0.000000
(27,23),(2,2):0.000000
(27,23),(6,2):0.000000
(27,23),(6,1):0.000000
(27,23),(12,1):0.000000
(27,23),(12,11):0.000000
(27,23),(13,11):0.000000
(27,23),(13,12):0.000000
(27,23),(14,12):0.000000
(27,23),(14,5):0.000000
(27,23),(16,5):0.000000
(27,23),(16,10):0.000000
(27,23),(15,10):0.000000
(27,23),(15,15):0.000000
(27,23),(18,15):0.000000
(27,23),(18,14):0.000000
(27,23),(26,14):0.000000
(27,23),(26,18):0.000000
(27,23),(20,18):4.375000
(27,23),(20,20):21.291666
(27,23),(24,20):16.166666
(27,23),(24,22):24.916666
(27,23),(28,22):19.000000
(27,23),(28,23):12.125000
(27,25),(25,25):6.000000
(27,25),(25,24):17.357143
(27,25),(23,24):15.357142
(27,25),(23,26):7.857143
(27,25),(22,26):9.157143
(27,25),(22,28):5.607143
(27,25),(21,28):5.800000
(27,25),(21,27):9.440476
(27,25),(19,27):10.623810
(27,25),(19,17):2.057143
(27,25),(17,17):0.000000
(27,25),(17,21):0.000000
(27,25),(8,21):0.000000
(27,25),(8,19):0.000000
(27,25),(9,19):0.000000
(27,25),(9,16):0.000000
(27,25),(11,16):0.000000
(27,25),(11,13):0.000000
(27,25),(10,13):0.000000
(27,25),(10,9):0.000000
(27,25),(7,9):0.000000
(27,25),(7,6):0.000000
(27,25),(4,6):0.000000
(27,25),(4,7):0.000000
(27,25),(5,7):0.000000
(27,25),(5,8):0.000000
(27,25),(3,8):0.000000
(27,25),(3,4):0.000000
(27,25),(1,4):0.000000
(27,25),(1,3):0.000000
(27,25),(2,3):0.000000
(27,25),(2,2):0.000000
(27,25),(6,2):0.000000
(27,25),(6,1):0.000000
(27,25),(12,1):0.000000
(27,25),(12,11):0.000000
(27,25),(13,11):0.000000
(27,25),(13,12):0.000000
(27,25),(14,12):0.000000
(27,25),(14,5):0.000000
(27,25),(16,5):0.000000
(27,25),(16,10):0.000000
(27,25),(15,10):0.000000
(27,25),(15,15):0.000000
(27,25),(18,15):0.000000
(27,25),(18,14):0.000000
(27,25),(26,14):0.000000
(27,25),(26,18):0.000000
(27,25),(20,18):1.607143
(27,25),(20,20):14.482142
(27,25),(24,20):9.250000
(27,25),(24,22):17.000000
(27,25),(28,22):8.000000
(27,25),(28,23):7.125000
(25,25),(25,24):6.500000
(25,25),(23,24):4.500000
(25,25),(23,26):0.000000
(25,25),(22,26):0.000000
(25,25),(22,28):0.000000
(25,25),(21,28):0.000000
(25,25),(21,27):0.000000
(25,25),(19,27):0.166667
(25,25),(19,17):0.000000
(25,25),(17,17):0.000000
(25,25),(17,21):0.000000
(25,25),(8,21):0.000000
(25,25),(8,19):0.000000
(25,25),(9,19):0.000000
(25,25),(9,16):0.000000
(25,25),(11,16):0.000000
(25,25),(11,13):0.000000
(25,25),(10,13):0.000000
(25,25),(10,9):0.000000
(25,25),(7,9):0.000000
(25,25),(7,6):0.000000
(25,25),(4,6):0.000000
(25,25),(4,7):0.000000
(25,25),(5,7):0.000000
(25,25),(5,8):0.000000
(25,25),(3,8):0.000000
(25,25),(3,4):0.000000
(25,25),(1,4):0.000000
(25,25),(1,3):0.000000
(25,25),(2,3):0.000000
(25,25),(2,2):0.000000
(25,25),(6,2):0.000000
(25,25),(6,1):0.000000
(25,25),(12,1):0.000000
(25,25),(12,11):0.000000
(25,25),(13,11):0.000000
(25,25),(13,12):0.000000
(25,25),(14,12):0.000000
(25,25),(14,5):0.000000
(25,25),(16,5):0.000000
(25,25),(16,10):0.000000
(25,25),(15,10):0.000000
(25,25),(15,15):0.000000
(25,25),(18,15):0.000000
(25,25),(18,14):0.000000
(25,25),(26,14):0.000000
(25,25),(26,18):0.000000
(25,25),(20,18):0.000000
(25,25),(20,20):3.375000
(25,25),(24,20):0.000000
(25,25),(24,22):6.250000
(25,25),(28,22):4.500000
(25,25),(28,23):2.500000
(25,24),(23,24):26.150000
(25,24),(23,26):16.400000
(25,24),(22,26):18.400000
(25,24),(22,28):12.400000
(25,24),(21,28):10.000000
(25,24),(21,27):18.733334
(25,24),(19,27):20.066668
(25,24),(19,17):7.066667
(25,24),(17,17):0.000000
(25,24),(17,21):0.000000
(25,24),(8,21):0.000000
(25,24),(8,19):0.000000
(25,24),(9,19):0.000000
(25,24),(9,16):0.000000
(25,24),(11,16):0.000000
(25,24),(11,13):0.000000
(25,24),(10,13):0.000000
(25,24),(10,9):0.000000
(25,24),(7,9):0.000000
(25,24),(7,6):0.000000
(25,24),(4,6):0.000000
(25,24),(4,7):0.000000
(25,24),(5,7):0.000000
(25,24),(5,8):0.000000
(25,24),(3,8):0.000000
(25,24),(3,4):0.000000
(25,24),(1,4):0.000000
(25,24),(1,3):0.000000
(25,24),(2,3):0.000000
(25,24),(2,2):0.000000
(25,24),(6,2):0.000000
(25,24),(6,1):0.000000
(25,24),(12,1):0.000000
(25,24),(12,11):0.000000
(25,24),(13,11):0.000000
(25,24),(13,12):0.000000
(25,24),(14,12):0.000000
(25,24),(14,5):0.000000
(25,24),(16,5):0.000000
(25,24),(16,10):0.000000
(25,24),(15,10):0.000000
(25,24),(15,15):0.000000
(25,24),(18,15):0.000000
(25,24),(18,14):0.000000
(25,24),(26,14):0.000000
(25,24),(26,18):0.000000
(25,24),(20,18):4.400000
(25,24),(20,20):24.525000
(25,24),(24,20):19.000000
(25,24),(24,22):27.750000
(25,24),(28,22):16.750000
(25,24),(28,23):11.875000
(23,24),(23,26):24.666666
(23,24),(22,26):30.666666
(23,24),(22,28):19.666666
(23,24),(21,28):15.000000
(23,24),(21,27):30.500000
(23,24),(19,27):31.916666
(23,24),(19,17):15.595238
(23,24),(17,17):0.000000
(23,24),(17,21):0.000000
(23,24),(8,21):0.000000
(23,24),(8,19):0.000000
(23,24),(9,19):0.000000
(23,24),(9,16):0.000000
(23,24),(11,16):0.000000
(23,24),(11,13):0.000000
(23,24),(10,13):0.000000
(23,24),(10,9):0.000000
(23,24),(7,9):0.000000
(23,24),(7,6):0.000000
(23,24),(4,6):0.000000
(23,24),(4,7):0.000000
(23,24),(5,7):0.000000
(23,24),(5,8):0.000000
(23,24),(3,8):0.000000
(23,24),(3,4):0.000000
(23,24),(1,4):0.000000
(23,24),(1,3):0.000000
(23,24),(2,3):0.000000
(23,24),(2,2):0.000000
(23,24),(6,2):0.000000
(23,24),(6,1):0.000000
(23,24),(12,1):0.000000
(23,24),(12,11):0.000000
(23,24),(13,11):0.000000
(23,24),(13,12):0.000000
(23,24),(14,12):0.000000
(23,24),(14,5):0.000000
(23,24),(16,5):0.000000
(23,24),(16,10):0.000000
(23,24),(15,10):0.000000
(23,24),(15,15):0.000000
(23,24),(18,15):0.000000
(23,24),(18,14):0.000000
(23,24),(26,14):0.000000
(23,24),(26,18):0.000000
(23,24),(20,18):7.666667
(23,24),(20,20):35.361111
(23,24),(24,20):30.500000
(23,24),(24,22):37.125000
(23,24),(28,22):19.575001
(23,24),(28,23):12.000000
(23,26),(22,26):25.000000
(23,26),(22,28):18.500000
(23,26),(21,28):11.000000
(23,26),(21,27):24.500000
(23,26),(19,27):24.833334
(23,26),(19,17):13.000000
(23,26),(17,17):0.000000
(23,26),(17,21):0.000000
(23,26),(8,21):0.000000
(23,26),(8,19):0.000000
(23,26),(9,19):0.000000
(23,26),(9,16):0.000000
(23,26),(11,16):0.000000
(23,26),(11,13):0.000000
(23,26),(10,13):0.000000
(23,26),(10,9):0.000000
(23,26),(7,9):0.000000
(23,26),(7,6):0.000000
(23,26),(4,6):0.000000
(23,26),(4,7):0.000000
(23,26),(5,7):0.000000
(23,26),(5,8):0.000000
(23,26),(3,8):0.000000
(23,26),(3,4):0.000000
(23,26),(1,4):0.000000
(23,26),(1,3):0.000000
(23,26),(2,3):0.000000
(23,26),(2,2):0.000000
(23,26),(6,2):0.000000
(23,26),(6,1):0.000000
(23,26),(12,1):0.000000
(23,26),(12,11):0.000000
(23,26),(13,11):0.000000
(23,26),(13,12):0.000000
(23,26),(14,12):0.000000
(23,26),(14,5):0.000000
(23,26),(16,5):0.000000
(23,26),(16,10):0.000000
(23,26),(15,10):0.000000
(23,26),(15,15):0.000000
(23,26),(18,15):0.000000
(23,26),(18,14):0.000000
(23,26),(26,14):0.083333
(23,26),(26,18):0.000000
(23,26),(20,18):7.000000
(23,26),(20,20):25.000000
(23,26),(24,20):23.500000
(23,26),(24,22):23.250000
(23,26),(28,22):11.200000
(23,26),(28,23):7.000000
(22,26),(22,28):21.500000
(22,26),(21,28):16.000000
(22,26),(21,27):32.000000
(22,26),(19,27):31.333334
(22,26),(19,17):17.400000
(22,26),(17,17):0.000000
(22,26),(17,21):0.000000
(22,26),(8,21):0.000000
(22,26),(8,19):0.000000
(22,26),(9,19):0.000000
(22,26),(9,16):0.000000
(22,26),(11,16):0.000000
(22,26),(11,13):0.000000
(22,26),(10,13):0.000000
(22,26),(10,9):0.000000
(22,26),(7,9):0.000000
(22,26),(7,6):0.000000
(22,26),(4,6):0.000000
(22,26),(4,7):0.000000
(22,26),(5,7):0.000000
(22,26),(5,8):0.000000
(22,26),(3,8):0.000000
(22,26),(3,4):0.000000
(22,26),(1,4):0.000000
(22,26),(1,3):0.000000
(22,26),(2,3):0.000000
(22,26),(2,2):0.000000
(22,26),(6,2):0.000000
(22,26),(6,1):0.000000
(22,26),(12,1):0.000000
(22,26),(12,11):0.000000
(22,26),(13,11):0.000000
(22,26),(13,12):0.000000
(22,26),(14,12):0.000000
(22,26),(14,5):0.000000
(22,26),(16,5):0.000000
(22,26),(16,10):0.000000
(22,26),(15,10):0.000000
(22,26),(15,15):0.000000
(22,26),(18,15):0.000000
(22,26),(18,14):0.000000
(22,26),(26,14):0.378788
(22,26),(26,18):0.166667
(22,26),(20,18):8.500000
(22,26),(20,20):32.428570
(22,26),(24,20):29.833334
(22,26),(24,22):29.250000
(22,26),(28,22):12.200000
(22,26),(28,23):7.875000
(22,28),(21,28):8.000000
(22,28),(21,27):22.400000
(22,28),(19,27):21.000000
(22,28),(19,17):16.627274
(22,28),(17,17):0.786765
(22,28),(17,21):0.000000
(22,28),(8,21):0.419219
(22,28),(8,19):0.000000
(22,28),(9,19):0.489501
(22,28),(9,16):0.264569
(22,28),(11,16):0.574075
(22,28),(11,13):0.000000
(22,28),(10,13):0.000000
(22,28),(10,9):0.000000
(22,28),(7,9):0.000000
(22,28),(7,6):0.000000
(22,28),(4,6):0.000000
(22,28),(4,7):0.000000
(22,28),(5,7):0.000000
(22,28),(5,8):0.000000
(22,28),(3,8):0.000000
(22,28),(3,4):0.000000
(22,28),(1,4):0.000000
(22,28),(1,3):0.000000
(22,28),(2,3):0.000000
(22,28),(2,2):0.000000
(22,28),(6,2):0.000000
(22,28),(6,1):0.000000
(22,28),(12,1):0.000000
(22,28),(12,11):0.000000
(22,28),(13,11):0.000000
(22,28),(13,12):0.000000
(22,28),(14,12):0.000000
(22,28),(14,5):0.000000
(22,28),(16,5):0.000000
(22,28),(16,10):0.000000
(22,28),(15,10):0.000000
(22,28),(15,15):0.563312
(22,28),(18,15):0.977273
(22,28),(18,14):1.227273
(22,28),(26,14):1.489177
(22,28),(26,18):1.227273
(22,28),(20,18):8.227273
(22,28),(20,20):22.655844
(22,28),(24,20):19.333334
(22,28),(24,22):19.250000
(22,28),(28,22):8.871428
(22,28),(28,23):5.625000
(21,28),(21,27):16.000000
(21,28),(19,27):15.000000
(21,28),(19,17):3.400000
(21,28),(17,17):0.000000
(21,28),(17,21):0.000000
(21,28),(8,21):0.000000
(21,28),(8,19):0.000000
(21,28),(9,19):0.000000
(21,28),(9,16):0.000000
(21,28),(11,16):0.000000
(21,28),(11,13):0.000000
(21,28),(10,13):0.000000
(21,28),(10,9):0.000000
(21,28),(7,9):0.000000
(21,28),(7,6):0.000000
(21,28),(4,6):0.000000
(21,28),(4,7):0.000000
(21,28),(5,7):0.000000
(21,28),(5,8):0.000000
(21,28),(3,8):0.000000
(21,28),(3,4):0.000000
(21,28),(1,4):0.000000
(21,28),(1,3):0.000000
(21,28),(2,3):0.000000
(21,28),(2,2):0.000000
(21,28),(6,2):0.000000
(21,28),(6,1):0.000000
(21,28),(12,1):0.000000
(21,28),(12,11):0.000000
(21,28),(13,11):0.000000
(21,28),(13,12):0.000000
(21,28),(14,12):0.000000
(21,28),(14,5):0.000000
(21,28),(16,5):0.000000
(21,28),(16,10):0.000000
(21,28),(15,10):0.000000
(21,28),(15,15):0.000000
(21,28),(18,15):0.000000
(21,28),(18,14):0.000000
(21,28),(26,14):0.000000
(21,28),(26,18):0.000000
(21,28),(20,18):0.000000
(21,28),(20,20):15.928572
(21,28),(24,20):15.333333
(21,28),(24,22):15.000000
(21,28),(28,22):5.800000
(21,28),(28,23):3.875000
(21,27),(19,27):33.261906
(21,27),(19,17):20.228571
(21,27),(17,17):1.964286
(21,27),(17,21):0.000000
(21,27),(8,21):1.052145
(21,27),(8,19):0.000000
(21,27),(9,19):1.207250
(21,27),(9,16):0.616563
(21,27),(11,16):1.368636
(21,27),(11,13):0.000000
(21,27),(10,13):0.000000
(21,27),(10,9):0.000000
(21,27),(7,9):0.000000
(21,27),(7,6):0.000000
(21,27),(4,6):0.000000
(21,27),(4,7):0.000000
(21,27),(5,7):0.000000
(21,27),(5,8):0.000000
(21,27),(3,8):0.000000
(21,27),(3,4):0.000000
(21,27),(1,4):0.000000
(21,27),(1,3):0.000000
(21,27),(2,3):0.000000
(21,27),(2,2):0.000000
(21,27),(6,2):0.000000
(21,27),(6,1):0.000000
(21,27),(12,1):0.000000
(21,27),(12,11):0.000000
(21,27),(13,11):0.000000
(21,27),(13,12):0.000000
(21,27),(14,12):0.000000
(21,27),(14,5):0.000000
(21,27),(16,5):0.000000
(21,27),(16,10):0.000000
(21,27),(15,10):0.000000
(21,27),(15,15):1.345055
(21,27),(18,15):2.428571
(21,27),(18,14):2.828571
(21,27),(26,14):2.922774
(21,27),(26,18):2.614286
(21,27),(20,18):11.328571
(21,27),(20,20):35.069641
(21,27),(24,20):29.916666
(21,27),(24,22):29.583334
(21,27),(28,22):12.533334
(21,27),(28,23):8.125000
(19,27),(19,17):21.888889
(19,27),(17,17):3.833333
(19,27),(17,21):0.000000
(19,27),(8,21):2.326263
(19,27),(8,19):0.000000
(19,27),(9,19):2.741667
(19,27),(9,16):1.227717
(19,27),(11,16):2.844281
(19,27),(11,13):0.000000
(19,27),(10,13):0.000000
(19,27),(10,9):0.000000
(19,27),(7,9):0.000000
(19,27),(7,6):0.000000
(19,27),(4,6):0.000000
(19,27),(4,7):0.000000
(19,27),(5,7):0.000000
(19,27),(5,8):0.000000
(19,27),(3,8):0.000000
(19,27),(3,4):0.000000
(19,27),(1,4):0.000000
(19,27),(1,3):0.000000
(19,27),(2,3):0.000000
(19,27),(2,2):0.000000
(19,27),(6,2):0.000000
(19,27),(6,1):0.000000
(19,27),(12,1):0.000000
(19,27),(12,11):0.000000
(19,27),(13,11):0.000000
(19,27),(13,12):0.000000
(19,27),(14,12):0.000000
(19,27),(14,5):0.000000
(19,27),(16,5):0.000000
(19,27),(16,10):0.000000
(19,27),(15,10):0.000000
(19,27),(15,15):2.736842
(19,27),(18,15):4.888889
(19,27),(18,14):5.388889
(19,27),(26,14):5.222222
(19,27),(26,18):4.888889
(19,27),(20,18):13.888889
(19,27),(20,20):37.083332
(19,27),(24,20):29.912878
(19,27),(24,22):30.666666
(19,27),(28,22):13.866667
(19,27),(28,23):9.125000
(19,17),(17,17):43.750000
(19,17),(17,21):18.000000
(19,17),(8,21):22.964743
(19,17),(8,19):0.000000
(19,17),(9,19):30.500000
(19,17),(9,16):19.450001
(19,17),(11,16):43.562500
(19,17),(11,13):16.000000
(19,17),(10,13):0.000000
(19,17),(10,9):11.666667
(19,17),(7,9):0.000000
(19,17),(7,6):0.000000
(19,17),(4,6):0.000000
(19,17),(4,7):0.000000
(19,17),(5,7):0.000000
(19,17),(5,8):0.000000
(19,17),(3,8):0.000000
(19,17),(3,4):0.000000
(19,17),(1,4):0.000000
(19,17),(1,3):0.000000
(19,17),(2,3):0.000000
(19,17),(2,2):0.000000
(19,17),(6,2):3.489286
(19,17),(6,1):4.204762
(19,17),(12,1):3.783333
(19,17),(12,11):13.600000
(19,17),(13,11):7.200000
(19,17),(13,12):13.583333
(19,17),(14,12):13.041667
(19,17),(14,5):2.450000
(19,17),(16,5):2.412906
(19,17),(16,10):0.000000
(19,17),(15,10):7.250000
(19,17),(15,15):41.500000
(19,17),(18,15):46.714287
(19,17),(18,14):31.500000
(19,17),(26,14):44.004166
(19,17),(26,18):42.610390
(19,17),(20,18):40.000000
(19,17),(20,20):23.400000
(19,17),(24,20):15.233334
(19,17),(24,22):15.178572
(19,17),(28,22):6.709804
(19,17),(28,23):3.443182
(17,17),(17,21):57.708332
(17,17),(8,21):57.229168
(17,17),(8,19):17.875000
(17,17),(9,19):65.625000
(17,17),(9,16):49.000000
(17,17),(11,16):77.750000
(17,17),(11,13):46.166668
(17,17),(10,13):4.166667
(17,17),(10,9):35.766666
(17,17),(7,9):0.000000
(17,17),(7,6):0.000000
(17,17),(4,6):0.000000
(17,17),(4,7):0.000000
(17,17),(5,7):0.000000
(17,17),(5,8):0.000000
(17,17),(3,8):0.000000
(17,17),(3,4):0.000000
(17,17),(1,4):0.000000
(17,17),(1,3):0.000000
(17,17),(2,3):0.000000
(17,17),(2,2):0.000000
(17,17),(6,2):9.773809
(17,17),(6,1):12.916667
(17,17),(12,1):12.500000
(17,17),(12,11):46.000000
(17,17),(13,11):24.666666
(17,17),(13,12):49.416668
(17,17),(14,12):46.799999
(17,17),(14,5):8.300000
(17,17),(16,5):7.610317
(17,17),(16,10):0.000000
(17,17),(15,10):26.083334
(17,17),(15,15):75.333336
(17,17),(18,15):69.242065
(17,17),(18,14):23.750000
(17,17),(26,14):47.773773
(17,17),(26,18):35.360390
(17,17),(20,18):23.750000
(17,17),(20,20):4.350000
(17,17),(24,20):0.000000
(17,17),(24,22):0.000000
(17,17),(28,22):0.000000
(17,17),(28,23):0.000000
(17,21),(8,21):51.450001
(17,21),(8,19):18.000000
(17,21),(9,19):53.166668
(17,21),(9,16):40.000000
(17,21),(11,16):60.527779
(17,21),(11,13):53.611111
(17,21),(10,13):10.277778
(17,21),(10,9):51.474998
(17,21),(7,9):8.285714
(17,21),(7,6):11.291667
(17,21),(4,6):6.666667
(17,21),(4,7):0.000000
(17,21),(5,7):0.000000
(17,21),(5,8):0.000000
(17,21),(3,8):0.003205
(17,21),(3,4):7.761029
(17,21),(1,4):3.375000
(17,21),(1,3):5.656863
(17,21),(2,3):7.874084
(17,21),(2,2):8.661458
(17,21),(6,2):23.398809
(17,21),(6,1):26.452381
(17,21),(12,1):25.457806
(17,21),(12,11):61.986111
(17,21),(13,11):26.111111
(17,21),(13,12):54.861111
(17,21),(14,12):49.508335
(17,21),(14,5):9.300000
(17,21),(16,5):8.533929
(17,21),(16,10):0.000000
(17,21),(15,10):27.750000
(17,21),(15,15):63.916668
(17,21),(18,15):43.492062
(17,21),(18,14):0.000000
(17,21),(26,14):22.086275
(17,21),(26,18):9.896104
(17,21),(20,18):0.000000
(17,21),(20,20):0.000000
(17,21),(24,20):0.000000
(17,21),(24,22):0.000000
(17,21),(28,22):0.000000
(17,21),(28,23):0.000000
(8,21),(8,19):18.000000
(8,21),(9,19):61.116665
(8,21),(9,16):38.875000
(8,21),(11,16):58.656139
(8,21),(11,13):42.896080
(8,21),(10,13):2.025000
(8,21),(10,9):31.644117
(8,21),(7,9):0.000000
(8,21),(7,6):0.000000
(8,21),(4,6):0.000000
(8,21),(4,7):0.000000
(8,21),(5,7):0.000000
(8,21),(5,8):0.000000
(8,21),(3,8):0.000000
(8,21),(3,4):0.000000
(8,21),(1,4):0.000000
(8,21),(1,3):0.000000
(8,21),(2,3):0.000000
(8,21),(2,2):0.000000
(8,21),(6,2):9.344626
(8,21),(6,1):11.742424
(8,21),(12,1):6.666667
(8,21),(12,11):41.083332
(8,21),(13,11):18.333334
(8,21),(13,12):46.450001
(8,21),(14,12):46.500000
(8,21),(14,5):11.550000
(8,21),(16,5):9.257143
(8,21),(16,10):0.000000
(8,21),(15,10):30.000000
(8,21),(15,15):57.830952
(8,21),(18,15):49.500214
(8,21),(18,14):6.513889
(8,21),(26,14):28.309183
(8,21),(26,18):16.996780
(8,21),(20,18):6.907051
(8,21),(20,20):2.579749
(8,21),(24,20):0.000000
(8,21),(24,22):0.000000
(8,21),(28,22):0.000000
(8,21),(28,23):0.000000
(8,19),(9,19):18.000000
(8,19),(9,16):16.000000
(8,19),(11,16):17.250000
(8,19),(11,13):12.000000
(8,19),(10,13):0.000000
(8,19),(10,9):8.500000
(8,19),(7,9):0.000000
(8,19),(7,6):0.000000
(8,19),(4,6):0.000000
(8,19),(4,7):0.000000
(8,19),(5,7):0.000000
(8,19),(5,8):0.000000
(8,19),(3,8):0.000000
(8,19),(3,4):0.000000
(8,19),(1,4):0.000000
(8,19),(1,3):0.000000
(8,19),(2,3):0.000000
(8,19),(2,2):0.000000
(8,19),(6,2):1.428571
(8,19),(6,1):2.966667
(8,19),(12,1):2.533333
(8,19),(12,11):13.600000
(8,19),(13,11):7.200000
(8,19),(13,12):16.000000
(8,19),(14,12):16.633333
(8,19),(14,5):3.000000
(8,19),(16,5):2.571429
(8,19),(16,10):0.000000
(8,19),(15,10):10.000000
(8,19),(15,15):17.666666
(8,19),(18,15):14.777778
(8,19),(18,14):0.000000
(8,19),(26,14):1.352941
(8,19),(26,18):0.000000
(8,19),(20,18):0.000000
(8,19),(20,20):0.000000
(8,19),(24,20):0.000000
(8,19),(24,22):0.000000
(8,19),(28,22):0.000000
(8,19),(28,23):0.000000
(9,19),(9,16):42.000000
(9,19),(11,16):66.958336
(9,19),(11,13):42.500000
(9,19),(10,13):1.791667
(9,19),(10,9):31.218182
(9,19),(7,9):0.000000
(9,19),(7,6):0.000000
(9,19),(4,6):0.000000
(9,19),(4,7):0.000000
(9,19),(5,7):0.000000
(9,19),(5,8):0.000000
(9,19),(3,8):0.000000
(9,19),(3,4):0.000000
(9,19),(1,4):0.000000
(9,19),(1,3):0.000000
(9,19),(2,3):0.000000
(9,19),(2,2):0.000000
(9,19),(6,2):9.180861
(9,19),(6,1):11.553885
(9,19),(12,1):6.583333
(9,19),(12,11):40.633335
(9,19),(13,11):18.000000
(9,19),(13,12):45.916668
(9,19),(14,12):46.000000
(9,19),(14,5):11.500000
(9,19),(16,5):9.221429
(9,19),(16,10):0.000000
(9,19),(15,10):29.950001
(9,19),(15,15):62.533333
(9,19),(18,15):57.908730
(9,19),(18,14):12.875000
(9,19),(26,14):36.768093
(9,19),(26,18):23.315319
(9,19),(20,18):13.150000
(9,19),(20,20):2.870589
(9,19),(24,20):0.000000
(9,19),(24,22):0.000000
(9,19),(28,22):0.000000
(9,19),(28,23):0.000000
(9,16),(11,16):51.450001
(9,16),(11,13):31.000000
(9,16),(10,13):0.000000
(9,16),(10,9):22.308332
(9,16),(7,9):0.000000
(9,16),(7,6):0.000000
(9,16),(4,6):0.000000
(9,16),(4,7):0.000000
(9,16),(5,7):0.000000
(9,16),(5,8):0.000000
(9,16),(3,8):0.000000
(9,16),(3,4):0.000000
(9,16),(1,4):0.000000
(9,16),(1,3):0.000000
(9,16),(2,3):0.000000
(9,16),(2,2):0.000000
(9,16),(6,2):5.773809
(9,16),(6,1):7.916667
(9,16),(12,1):5.833333
(9,16),(12,11):31.458334
(9,16),(13,11):15.000000
(9,16),(13,12):34.666668
(9,16),(14,12):33.166668
(9,16),(14,5):6.750000
(9,16),(16,5):5.785714
(9,16),(16,10):0.000000
(9,16),(15,10):21.250000
(9,16),(15,15):50.950001
(9,16),(18,15):47.164288
(9,16),(18,14):10.450000
(9,16),(26,14):29.850000
(9,16),(26,18):12.950000
(9,16),(20,18):9.950000
(9,16),(20,20):1.216667
(9,16),(24,20):0.000000
(9,16),(24,22):0.000000
(9,16),(28,22):0.000000
(9,16),(28,23):0.000000
(11,16),(11,13):60.166668
(11,16),(10,13):16.125000
(11,16),(10,9):47.099998
(11,16),(7,9):8.000000
(11,16),(7,6):9.500000
(11,16),(4,6):5.000000
(11,16),(4,7):0.000000
(11,16),(5,7):0.000000
(11,16),(5,8):0.000000
(11,16),(3,8):0.000000
(11,16),(3,4):7.250000
(11,16),(1,4):3.000000
(11,16),(1,3):5.250000
(11,16),(2,3):7.700000
(11,16),(2,2):7.600000
(11,16),(6,2):21.232143
(11,16),(6,1):24.166666
(11,16),(12,1):20.833334
(11,16),(12,11):57.833332
(11,16),(13,11):25.000000
(11,16),(13,12):53.750000
(11,16),(14,12):51.250000
(11,16),(14,5):11.466666
(11,16),(16,5):9.198701
(11,16),(16,10):0.000000
(11,16),(15,10):29.916666
(11,16),(15,15):82.812500
(11,16),(18,15):68.526787
(11,16),(18,14):23.562500
(11,16),(26,14):47.090477
(11,16),(26,18):35.172890
(11,16),(20,18):23.562500
(11,16),(20,20):3.007305
(11,16),(24,20):0.000000
(11,16),(24,22):0.000000
(11,16),(28,22):0.000000
(11,16),(28,23):0.000000
(11,13),(10,13):28.125000
(11,13),(10,9):67.099998
(11,13),(7,9):24.000000
(11,13),(7,6):26.000000
(11,13),(4,6):16.875000
(11,13),(4,7):0.000000
(11,13),(5,7):0.000000
(11,13),(5,8):0.000000
(11,13),(3,8):0.000000
(11,13),(3,4):21.678572
(11,13),(1,4):10.829545
(11,13),(1,3):14.178572
(11,13),(2,3):22.117647
(11,13),(2,2):20.468750
(11,13),(6,2):38.107143
(11,13),(6,1):41.166668
(11,13),(12,1):40.000000
(11,13),(12,11):75.333336
(11,13),(13,11):22.000000
(11,13),(13,12):51.000000
(11,13),(14,12):43.166668
(11,13),(14,5):10.966666
(11,13),(16,5):8.935715
(11,13),(16,10):0.000000
(11,13),(15,10):27.166666
(11,13),(15,15):54.333332
(11,13),(18,15):32.000000
(11,13),(18,14):0.250000
(11,13),(26,14):15.387500
(11,13),(26,18):9.610390
(11,13),(20,18):0.000000
(11,13),(20,20):0.000000
(11,13),(24,20):0.000000
(11,13),(24,22):0.000000
(11,13),(28,22):0.000000
(11,13),(28,23):0.000000
(10,13),(10,9):26.000000
(10,13),(7,9):16.000000
(10,13),(7,6):18.000000
(10,13),(4,6):10.000000
(10,13),(4,7):0.000000
(10,13),(5,7):0.000000
(10,13),(5,8):0.000000
(10,13),(3,8):0.000000
(10,13),(3,4):14.000000
(10,13),(1,4):6.000000
(10,13),(1,3):10.000000
(10,13),(2,3):14.800000
(10,13),(2,2):14.400000
(10,13),(6,2):20.761906
(10,13),(6,1):21.200001
(10,13),(12,1):24.000000
(10,13),(12,11):26.500000
(10,13),(13,11):6.000000
(10,13),(13,12):10.000000
(10,13),(14,12):5.125000
(10,13),(14,5):1.125000
(10,13),(16,5):0.690226
(10,13),(16,10):0.000000
(10,13),(15,10):1.375000
(10,13),(15,15):10.208333
(10,13),(18,15):0.000000
(10,13),(18,14):0.000000
(10,13),(26,14):0.000000
(10,13),(26,18):0.000000
(10,13),(20,18):0.000000
(10,13),(20,20):0.000000
(10,13),(24,20):0.000000
(10,13),(24,22):0.000000
(10,13),(28,22):0.000000
(10,13),(28,23):0.000000
(10,9),(7,9):40.000000
(10,9),(7,6):51.000000
(10,9),(4,6):33.750000
(10,9),(4,7):0.500000
(10,9),(5,7):0.000000
(10,9),(5,8):0.000000
(10,9),(3,8):3.000000
(10,9),(3,4):39.500000
(10,9),(1,4):20.750000
(10,9),(1,3):25.750000
(10,9),(2,3):39.500000
(10,9),(2,2):38.000000
(10,9),(6,2):61.982143
(10,9),(6,1):60.766666
(10,9),(12,1):58.357143
(10,9),(12,11):87.333336
(10,9),(13,11):13.500000
(10,9),(13,12):40.500000
(10,9),(14,12):33.000000
(10,9),(14,5):9.300000
(10,9),(16,5):5.933333
(10,9),(16,10):0.000000
(10,9),(15,10):19.416666
(10,9),(15,15):46.891666
(10,9),(18,15):22.125000
(10,9),(18,14):0.000000
(10,9),(26,14):9.947156
(10,9),(26,18):6.771162
(10,9),(20,18):0.000000
(10,9),(20,20):0.000000
(10,9),(24,20):0.000000
(10,9),(24,22):0.000000
(10,9),(28,22):0.000000
(10,9),(28,23):0.000000
(7,9),(7,6):40.000000
(7,9),(4,6):25.000000
(7,9),(4,7):0.000000
(7,9),(5,7):0.000000
(7,9),(5,8):0.000000
(7,9),(3,8):0.000000
(7,9),(3,4):31.166666
(7,9),(1,4):14.550000
(7,9),(1,3):21.250000
(7,9),(2,3):31.375000
(7,9),(2,2):29.375000
(7,9),(6,2):38.875000
(7,9),(6,1):39.099998
(7,9),(12,1):40.000000
(7,9),(12,11):35.500000
(7,9),(13,11):0.000000
(7,9),(13,12):0.000000
(7,9),(14,12):0.000000
(7,9),(14,5):0.000000
(7,9),(16,5):0.000000
(7,9),(16,10):0.000000
(7,9),(15,10):0.000000
(7,9),(15,15):2.766667
(7,9),(18,15):0.000000
(7,9),(18,14):0.000000
(7,9),(26,14):0.000000
(7,9),(26,18):0.000000
(7,9),(20,18):0.000000
(7,9),(20,20):0.000000
(7,9),(24,20):0.000000
(7,9),(24,22):0.000000
(7,9),(28,22):0.000000
(7,9),(28,23):0.000000
(7,6),(4,6):42.750000
(7,6),(4,7):4.666667
(7,6),(5,7):0.000000
(7,6),(5,8):0.000000
(7,6),(3,8):8.000000
(7,6),(3,4):49.500000
(7,6),(1,4):24.250000
(7,6),(1,3):30.250000
(7,6),(2,3):47.500000
(7,6),(2,2):46.750000
(7,6),(6,2):59.791668
(7,6),(6,1):46.099998
(7,6),(12,1):59.595238
(7,6),(12,11):46.500000
(7,6),(13,11):0.000000
(7,6),(13,12):0.000000
(7,6),(14,12):0.000000
(7,6),(14,5):0.000000
(7,6),(16,5):0.000000
(7,6),(16,10):0.000000
(7,6),(15,10):0.000000
(7,6),(15,15):6.041667
(7,6),(18,15):0.000000
(7,6),(18,14):0.000000
(7,6),(26,14):0.000000
(7,6),(26,18):0.000000
(7,6),(20,18):0.000000
(7,6),(20,20):0.000000
(7,6),(24,20):0.000000
(7,6),(24,22):0.000000
(7,6),(28,22):0.000000
(7,6),(28,23):0.000000
(4,6),(4,7):6.666667
(4,6),(5,7):1.000000
(4,6),(5,8):1.500000
(4,6),(3,8):10.000000
(4,6),(3,4):44.250000
(4,6),(1,4):23.416666
(4,6),(1,3):23.250000
(4,6),(2,3):39.000000
(4,6),(2,2):36.000000
(4,6),(6,2):43.750000
(4,6),(6,1):29.750000
(4,6),(12,1):41.831730
(4,6),(12,11):33.750000
(4,6),(13,11):0.000000
(4,6),(13,12):0.000000
(4,6),(14,12):0.000000
(4,6),(14,5):0.000000
(4,6),(16,5):0.000000
(4,6),(16,10):0.000000
(4,6),(15,10):0.000000
(4,6),(15,15):3.666667
(4,6),(18,15):0.000000
(4,6),(18,14):0.000000
(4,6),(26,14):0.000000
(4,6),(26,18):0.000000
(4,6),(20,18):0.000000
(4,6),(20,20):0.000000
(4,6),(24,20):0.000000
(4,6),(24,22):0.000000
(4,6),(28,22):0.000000
(4,6),(28,23):0.000000
(4,7),(5,7):2.000000
(4,7),(5,8):2.500000
(4,7),(3,8):7.000000
(4,7),(3,4):6.833333
(4,7),(1,4):2.500000
(4,7),(1,3):1.416667
(4,7),(2,3):3.166667
(4,7),(2,2):3.666667
(4,7),(6,2):5.666667
(4,7),(6,1):0.000000
(4,7),(12,1):4.251097
(4,7),(12,11):0.500000
(4,7),(13,11):0.000000
(4,7),(13,12):0.000000
(4,7),(14,12):0.000000
(4,7),(14,5):0.000000
(4,7),(16,5):0.000000
(4,7),(16,10):0.000000
(4,7),(15,10):0.000000
(4,7),(15,15):0.000000
(4,7),(18,15):0.000000
(4,7),(18,14):0.000000
(4,7),(26,14):0.000000
(4,7),(26,18):0.000000
(4,7),(20,18):0.000000
(4,7),(20,20):0.000000
(4,7),(24,20):0.000000
(4,7),(24,22):0.000000
(4,7),(28,22):0.000000
(4,7),(28,23):0.000000
(5,7),(5,8):2.000000
(5,7),(3,8):2.000000
(5,7),(3,4):1.166667
(5,7),(1,4):0.000000
(5,7),(1,3):0.000000
(5,7),(2,3):0.000000
(5,7),(2,2):0.000000
(5,7),(6,2):0.250000
(5,7),(6,1):0.000000
(5,7),(12,1):0.000000
(5,7),(12,11):0.000000
(5,7),(13,11):0.000000
(5,7),(13,12):0.000000
(5,7),(14,12):0.000000
(5,7),(14,5):0.000000
(5,7),(16,5):0.000000
(5,7),(16,10):0.000000
(5,7),(15,10):0.000000
(5,7),(15,15):0.000000
(5,7),(18,15):0.000000
(5,7),(18,14):0.000000
(5,7),(26,14):0.000000
(5,7),(26,18):0.000000
(5,7),(20,18):0.000000
(5,7),(20,20):0.000000
(5,7),(24,20):0.000000
(5,7),(24,22):0.000000
(5,7),(28,22):0.000000
(5,7),(28,23):0.000000
(5,8),(3,8):2.500000
(5,8),(3,4):1.666667
(5,8),(1,4):0.000000
(5,8),(1,3):0.000000
(5,8),(2,3):0.000000
(5,8),(2,2):0.000000
(5,8),(6,2):0.666667
(5,8),(6,1):0.000000
(5,8),(12,1):0.120192
(5,8),(12,11):0.000000
(5,8),(13,11):0.000000
(5,8),(13,12):0.000000
(5,8),(14,12):0.000000
(5,8),(14,5):0.000000
(5,8),(16,5):0.000000
(5,8),(16,10):0.000000
(5,8),(15,10):0.000000
(5,8),(15,15):0.000000
(5,8),(18,15):0.000000
(5,8),(18,14):0.000000
(5,8),(26,14):0.000000
(5,8),(26,18):0.000000
(5,8),(20,18):0.000000
(5,8),(20,20):0.000000
(5,8),(24,20):0.000000
(5,8),(24,22):0.000000
(5,8),(28,22):0.000000
(5,8),(28,23):0.000000
(3,8),(3,4):10.166667
(3,8),(1,4):5.000000
(3,8),(1,3):3.050000
(3,8),(2,3):6.333333
(3,8),(2,2):7.000000
(3,8),(6,2):9.000000
(3,8),(6,1):0.000000
(3,8),(12,1):7.562500
(3,8),(12,11):3.000000
(3,8),(13,11):0.000000
(3,8),(13,12):0.000000
(3,8),(14,12):0.000000
(3,8),(14,5):0.000000
(3,8),(16,5):0.000000
(3,8),(16,10):0.000000
(3,8),(15,10):0.000000
(3,8),(15,15):1.035417
(3,8),(18,15):0.000000
(3,8),(18,14):0.000000
(3,8),(26,14):0.000000
(3,8),(26,18):0.000000
(3,8),(20,18):0.000000
(3,8),(20,20):0.000000
(3,8),(24,20):0.000000
(3,8),(24,22):0.000000
(3,8),(28,22):0.000000
(3,8),(28,23):0.000000
(3,4),(1,4):25.250000
(3,4),(1,3):31.250000
(3,4),(2,3):47.250000
(3,4),(2,2):43.250000
(3,4),(6,2):51.375000
(3,4),(6,1):35.500000
(3,4),(12,1):49.379166
(3,4),(12,11):39.500000
(3,4),(13,11):0.000000
(3,4),(13,12):0.000000
(3,4),(14,12):0.000000
(3,4),(14,5):0.000000
(3,4),(16,5):0.000000
(3,4),(16,10):0.000000
(3,4),(15,10):0.000000
(3,4),(15,15):4.184524
(3,4),(18,15):0.000000
(3,4),(18,14):0.000000
(3,4),(26,14):0.000000
(3,4),(26,18):0.000000
(3,4),(20,18):0.000000
(3,4),(20,20):0.000000
(3,4),(24,20):0.000000
(3,4),(24,22):0.000000
(3,4),(28,22):0.000000
(3,4),(28,23):0.000000
(1,4),(1,3):11.000000
(1,4),(2,3):24.500000
(1,4),(2,2):19.500000
(1,4),(6,2):25.125000
(1,4),(6,1):16.750000
(1,4),(12,1):24.250000
(1,4),(12,11):20.750000
(1,4),(13,11):0.000000
(1,4),(13,12):0.000000
(1,4),(14,12):0.000000
(1,4),(14,5):0.000000
(1,4),(16,5):0.000000
(1,4),(16,10):0.000000
(1,4),(15,10):0.000000
(1,4),(15,15):2.000000
(1,4),(18,15):0.000000
(1,4),(18,14):0.000000
(1,4),(26,14):0.000000
(1,4),(26,18):0.000000
(1,4),(20,18):0.000000
(1,4),(20,20):0.000000
(1,4),(24,20):0.000000
(1,4),(24,22):0.000000
(1,4),(28,22):0.000000
(1,4),(28,23):0.000000
(1,3),(2,3):31.250000
(1,3),(2,2):30.250000
(1,3),(6,2):31.125000
(1,3),(6,1):24.000000
(1,3),(12,1):31.150000
(1,3),(12,11):25.750000
(1,3),(13,11):0.000000
(1,3),(13,12):0.000000
(1,3),(14,12):0.000000
(1,3),(14,5):0.000000
(1,3),(16,5):0.000000
(1,3),(16,10):0.000000
(1,3),(15,10):0.000000
(1,3),(15,15):3.142857
(1,3),(18,15):0.000000
(1,3),(18,14):0.000000
(1,3),(26,14):0.000000
(1,3),(26,18):0.000000
(1,3),(20,18):0.000000
(1,3),(20,20):0.000000
(1,3),(24,20):0.000000
(1,3),(24,22):0.000000
(1,3),(28,22):0.000000
(1,3),(28,23):0.000000
(2,3),(2,2):43.500000
(2,3),(6,2):48.375000
(2,3),(6,1):35.500000
(2,3),(12,1):47.066666
(2,3),(12,11):39.500000
(2,3),(13,11):0.000000
(2,3),(13,12):0.000000
(2,3),(14,12):0.000000
(2,3),(14,5):0.000000
(2,3),(16,5):0.000000
(2,3),(16,10):0.000000
(2,3),(15,10):0.000000
(2,3),(15,15):4.368939
(2,3),(18,15):0.000000
(2,3),(18,14):0.000000
(2,3),(26,14):0.000000
(2,3),(26,18):0.000000
(2,3),(20,18):0.000000
(2,3),(20,20):0.000000
(2,3),(24,20):0.000000
(2,3),(24,22):0.000000
(2,3),(28,22):0.000000
(2,3),(28,23):0.000000
(2,2),(6,2):47.000000
(2,2),(6,1):34.000000
(2,2),(12,1):45.666668
(2,2),(12,11):38.000000
(2,2),(13,11):0.000000
(2,2),(13,12):0.000000
(2,2),(14,12):0.000000
(2,2),(14,5):0.000000
(2,2),(16,5):0.000000
(2,2),(16,10):0.000000
(2,2),(15,10):0.000000
(2,2),(15,15):4.929167
(2,2),(18,15):0.000000
(2,2),(18,14):0.000000
(2,2),(26,14):0.000000
(2,2),(26,18):0.000000
(2,2),(20,18):0.000000
(2,2),(20,20):0.000000
(2,2),(24,20):0.000000
(2,2),(24,22):0.000000
(2,2),(28,22):0.000000
(2,2),(28,23):0.000000
(6,2),(6,1):55.898811
(6,2),(12,1):61.229168
(6,2),(12,11):58.607143
(6,2),(13,11):2.267857
(6,2),(13,12):12.107142
(6,2),(14,12):8.261905
(6,2),(14,5):2.568627
(6,2),(16,5):1.126659
(6,2),(16,10):0.000000
(6,2),(15,10):3.686905
(6,2),(15,15):18.148809
(6,2),(18,15):4.990476
(6,2),(18,14):0.000000
(6,2),(26,14):2.777995
(6,2),(26,18):2.232179
(6,2),(20,18):0.000000
(6,2),(20,20):0.000000
(6,2),(24,20):0.000000
(6,2),(24,22):0.000000
(6,2),(28,22):0.000000
(6,2),(28,23):0.000000
(6,1),(12,1):48.099998
(6,1),(12,11):57.166668
(6,1),(13,11):3.166667
(6,1),(13,12):15.166667
(6,1),(14,12):12.075000
(6,1),(14,5):3.773333
(6,1),(16,5):1.493465
(6,1),(16,10):0.000000
(6,1),(15,10):5.215909
(6,1),(15,15):19.566668
(6,1),(18,15):6.609091
(6,1),(18,14):0.000000
(6,1),(26,14):3.296392
(6,1),(26,18):2.552931
(6,1),(20,18):0.000000
(6,1),(20,20):0.000000
(6,1),(24,20):0.000000
(6,1),(24,22):0.000000
(6,1),(28,22):0.000000
(6,1),(28,23):0.000000
(12,1),(12,11):60.690475
(12,1),(13,11):12.833333
(12,1),(13,12):14.833333
(12,1),(14,12):10.833333
(12,1),(14,5):0.000000
(12,1),(16,5):0.571429
(12,1),(16,10):0.000000
(12,1),(15,10):4.679487
(12,1),(15,15):20.420732
(12,1),(18,15):6.833333
(12,1),(18,14):0.000000
(12,1),(26,14):3.327652
(12,1),(26,18):1.883117
(12,1),(20,18):0.000000
(12,1),(20,20):0.000000
(12,1),(24,20):0.000000
(12,1),(24,22):0.000000
(12,1),(28,22):0.000000
(12,1),(28,23):0.000000
(12,11),(13,11):24.500000
(12,11),(13,12):51.500000
(12,11),(14,12):43.500000
(12,11),(14,5):9.300000
(12,11),(16,5):8.193651
(12,11),(16,10):0.000000
(12,11),(15,10):27.166666
(12,11),(15,15):57.291668
(12,11),(18,15):31.900000
(12,11),(18,14):0.000000
(12,11),(26,14):13.882738
(12,11),(26,18):7.610390
(12,11),(20,18):0.000000
(12,11),(20,20):0.000000
(12,11),(24,20):0.000000
(12,11),(24,22):0.000000
(12,11),(28,22):0.000000
(12,11),(28,23):0.000000
(13,11),(13,12):27.000000
(13,11),(14,12):24.000000
(13,11),(14,5):0.000000
(13,11),(16,5):4.221428
(13,11),(16,10):0.000000
(13,11),(15,10):12.250000
(13,11),(15,15):26.416666
(13,11),(18,15):17.000000
(13,11),(18,14):0.000000
(13,11),(26,14):7.910256
(13,11),(26,18):3.636364
(13,11),(20,18):0.000000
(13,11),(20,20):0.000000
(13,11),(24,20):0.000000
(13,11),(24,22):0.000000
(13,11),(28,22):0.000000
(13,11),(28,23):0.000000
(13,12),(14,12):49.250000
(13,12),(14,5):10.800000
(13,12),(16,5):8.871428
(13,12),(16,10):0.000000
(13,12),(15,10):29.250000
(13,12),(15,15):56.666668
(13,12),(18,15):35.392857
(13,12),(18,14):0.000000
(13,12),(26,14):15.429458
(13,12),(26,18):7.505126
(13,12),(20,18):0.000000
(13,12),(20,20):0.000000
(13,12),(24,20):0.000000
(13,12),(24,22):0.000000
(13,12),(28,22):0.000000
(13,12),(28,23):0.000000
(14,12),(14,5):21.799999
(14,12),(16,5):19.471428
(14,12),(16,10):9.000000
(14,12),(15,10):40.250000
(14,12),(15,15):58.383335
(14,12),(18,15):36.233334
(14,12),(18,14):0.000000
(14,12),(26,14):16.085833
(14,12),(26,18):7.110390
(14,12),(20,18):0.000000
(14,12),(20,20):0.000000
(14,12),(24,20):0.000000
(14,12),(24,22):0.000000
(14,12),(28,22):0.000000
(14,12),(28,23):0.000000
(14,5),(16,5):12.500000
(14,5),(16,10):10.000000
(14,5),(15,10):21.000000
(14,5),(15,15):17.799999
(14,5),(18,15):7.500000
(14,5),(18,14):0.000000
(14,5),(26,14):2.732975
(14,5),(26,18):1.597026
(14,5),(20,18):0.000000
(14,5),(20,20):0.000000
(14,5),(24,20):0.000000
(14,5),(24,22):0.000000
(14,5),(28,22):0.000000
(14,5),(28,23):0.000000
(16,5),(16,10):10.000000
(16,5),(15,10):20.471428
(16,5),(15,15):15.471429
(16,5),(18,15):6.685714
(16,5),(18,14):0.000000
(16,5),(26,14):2.930751
(16,5),(26,18):1.381586
(16,5),(20,18):0.000000
(16,5),(20,20):0.000000
(16,5),(24,20):0.000000
(16,5),(24,22):0.000000
(16,5),(28,22):0.000000
(16,5),(28,23):0.000000
(16,10),(15,10):10.000000
(16,10),(15,15):5.000000
(16,10),(18,15):0.000000
(16,10),(18,14):0.000000
(16,10),(26,14):0.000000
(16,10),(26,18):0.000000
(16,10),(20,18):0.000000
(16,10),(20,20):0.000000
(16,10),(24,20):0.000000
(16,10),(24,22):0.000000
(16,10),(28,22):0.000000
(16,10),(28,23):0.000000
(15,10),(15,15):36.250000
(15,10),(18,15):24.000000
(15,10),(18,14):0.000000
(15,10),(26,14):9.929167
(15,10),(26,18):4.142857
(15,10),(20,18):0.000000
(15,10),(20,20):0.000000
(15,10),(24,20):0.000000
(15,10),(24,22):0.000000
(15,10),(28,22):0.000000
(15,10),(28,23):0.000000
(15,15),(18,15):67.166664
(15,15),(18,14):22.000000
(15,15),(26,14):45.604168
(15,15),(26,18):33.610390
(15,15),(20,18):22.000000
(15,15),(20,20):2.916667
(15,15),(24,20):0.000000
(15,15),(24,22):0.000000
(15,15),(28,22):0.000000
(15,15),(28,23):0.000000
(18,15),(18,14):31.000000
(18,15),(26,14):54.742062
(18,15),(26,18):40.178570
(18,15),(20,18):31.000000
(18,15),(20,20):5.500000
(18,15),(24,20):0.000000
(18,15),(24,22):0.000000
(18,15),(28,22):0.000000
(18,15),(28,23):0.000000
(18,14),(26,14):30.954546
(18,14),(26,18):30.761906
(18,14),(20,18):31.000000
(18,14),(20,20):6.000000
(18,14),(24,20):0.000000
(18,14),(24,22):0.000000
(18,14),(28,22):0.000000
(18,14),(28,23):0.000000
(26,14),(26,18):37.366665
(26,14),(20,18):31.277779
(26,14),(20,20):5.833333
(26,14),(24,20):0.000000
(26,14),(24,22):0.000000
(26,14),(28,22):0.000000
(26,14),(28,23):0.000000
(26,18),(20,18):31.000000
(26,18),(20,20):5.500000
(26,18),(24,20):0.000000
(26,18),(24,22):0.000000
(26,18),(28,22):0.000000
(26,18),(28,23):0.000000
(20,18),(20,20):14.500000
(20,18),(24,20):7.000000
(20,18),(24,22):7.250000
(20,18),(28,22):3.400000
(20,18),(28,23):2.125000
(20,20),(24,20):30.761906
(20,20),(24,22):35.319443
(20,20),(28,22):16.755556
(20,20),(28,23):9.125000
(24,20),(24,22):30.000000
(24,20),(28,22):13.200000
(24,20),(28,23):8.125000
(24,22),(28,22):20.033333
(24,22),(28,23):12.125000
(28,22),(28,23):9.000000
