20
(5,1):(5,1)	(5,2)	(5,3)	(6,2)	(6,3)	(6,4)	(7,1)	(7,5)	(7,6)	(7,7)	(8,8)	(8,9)	
(7,1):(3,4)	(4,3)	(5,1)	(5,2)	(5,3)	(6,2)	(6,3)	(6,4)	(6,10)	(7,1)	(7,5)	(7,6)	(7,7)	(7,8)	(7,9)	
(7,5):(4,2)	(5,1)	(5,2)	(5,3)	(6,2)	(6,3)	(6,4)	(6,10)	(7,1)	(7,5)	(7,6)	(7,7)	(7,8)	(7,9)	(8,5)	(8,8)	(8,9)	
(8,5):(6,10)	(7,5)	(7,6)	(7,7)	(7,8)	(7,9)	(8,5)	(8,8)	(8,9)	
(8,8):(5,1)	(5,2)	(6,2)	(6,3)	(6,4)	(6,10)	(7,5)	(7,6)	(7,7)	(7,8)	(7,9)	(8,5)	(8,8)	(8,9)	(9,8)	(9,9)	(10,10)	
(9,8):(6,10)	(7,8)	(7,9)	(8,8)	(8,9)	(9,8)	(9,9)	
(9,9):(6,10)	(7,7)	(7,8)	(7,9)	(8,8)	(8,9)	(9,8)	(9,9)	(10,9)	(10,10)	
(10,9):(6,10)	(7,9)	(8,9)	(9,9)	(10,9)	(10,10)	
(10,10):(6,10)	(7,7)	(7,8)	(7,9)	(8,8)	(8,9)	(9,9)	(10,9)	(10,10)	
(6,10):(6,2)	(6,3)	(6,4)	(6,10)	(7,1)	(7,5)	(7,6)	(7,7)	(7,8)	(7,9)	(8,5)	(8,8)	(8,9)	(9,8)	(9,9)	(10,9)	(10,10)	
(6,4):(2,3)	(3,4)	(4,2)	(4,3)	(5,1)	(5,2)	(5,3)	(6,2)	(6,3)	(6,4)	(6,10)	(7,1)	(7,5)	(7,6)	(7,7)	(7,8)	(7,9)	(8,8)	(8,9)	
(3,4):(2,3)	(2,6)	(3,4)	(3,7)	(4,3)	(5,2)	(5,3)	(6,2)	(6,3)	(6,4)	(7,1)	
(3,7):(1,6)	(1,7)	(2,3)	(2,6)	(3,4)	(3,7)	
(1,7):(1,6)	(1,7)	(2,6)	(3,7)	
(1,6):(1,6)	(1,7)	(2,6)	(3,7)	
(2,6):(1,6)	(1,7)	(2,3)	(2,6)	(3,4)	(3,7)	
(2,3):(2,3)	(2,6)	(3,4)	(3,7)	(4,3)	(5,3)	(6,3)	(6,4)	
(4,3):(2,3)	(3,4)	(4,2)	(4,3)	(5,2)	(5,3)	(6,2)	(6,3)	(6,4)	(7,1)	
(4,2):(4,2)	(4,3)	(5,2)	(5,3)	(6,2)	(6,3)	(6,4)	(7,5)	
(5,2):(3,4)	(4,2)	(4,3)	(5,1)	(5,2)	(5,3)	(6,2)	(6,3)	(6,4)	(7,1)	(7,5)	(7,6)	(8,8)	
(5,1):10.857142
(7,1):14.791667
(7,5):17.666666
(8,5):10.000000
(8,8):15.833333
(9,8):6.000000
(9,9):9.000000
(10,9):4.000000
(10,10):8.500000
(6,10):17.000000
(6,4):21.500000
(3,4):12.250000
(3,7):5.000000
(1,7):2.500000
(1,6):2.000000
(2,6):5.250000
(2,3):8.125000
(4,3):10.250000
(4,2):6.500000
(5,2):10.750000
(5,1),(7,1):7.500000
(5,1),(7,5):10.166667
(5,1),(8,5):3.166667
(5,1),(8,8):7.190476
(5,1),(9,8):1.523810
(5,1),(9,9):1.857143
(5,1),(10,9):0.809524
(5,1),(10,10):1.857143
(5,1),(6,10):7.857143
(5,1),(6,4):10.857142
(5,1),(3,4):5.500000
(5,1),(3,7):0.000000
(5,1),(1,7):0.000000
(5,1),(1,6):0.000000
(5,1),(2,6):0.000000
(5,1),(2,3):2.125000
(5,1),(4,3):5.750000
(5,1),(4,2):4.500000
(5,1),(5,2):8.000000
(7,1),(7,5):11.833333
(7,1),(8,5):5.000000
(7,1),(8,8):8.333333
(7,1),(9,8):2.000000
(7,1),(9,9):3.500000
(7,1),(10,9):1.000000
(7,1),(10,10):3.500000
(7,1),(6,10):9.000000
(7,1),(6,4):14.500000
(7,1),(3,4):8.041667
(7,1),(3,7):0.375000
(7,1),(1,7):0.000000
(7,1),(1,6):0.000000
(7,1),(2,6):0.416667
(7,1),(2,3):4.166667
(7,1),(4,3):8.541667
(7,1),(4,2):6.250000
(7,1),(5,2):9.250000
(7,5),(8,5):10.000000
(7,5),(8,8):14.000000
(7,5),(9,8):4.666667
(7,5),(9,9):6.666667
(7,5),(10,9):2.500000
(7,5),(10,10):6.666667
(7,5),(6,10):14.666667
(7,5),(6,4):17.166666
(7,5),(3,4):5.250000
(7,5),(3,7):0.000000
(7,5),(1,7):0.000000
(7,5),(1,6):0.000000
(7,5),(2,6):0.000000
(7,5),(2,3):1.625000
(7,5),(4,3):5.750000
(7,5),(4,2):4.500000
(7,5),(5,2):8.250000
(8,5),(8,8):10.000000
(8,5),(9,8):4.000000
(8,5),(9,9):6.000000
(8,5),(10,9):2.000000
(8,5),(10,10):6.000000
(8,5),(6,10):10.000000
(8,5),(6,4):9.500000
(8,5),(3,4):0.000000
(8,5),(3,7):0.000000
(8,5),(1,7):0.000000
(8,5),(1,6):0.000000
(8,5),(2,6):0.000000
(8,5),(2,3):0.000000
(8,5),(4,3):0.000000
(8,5),(4,2):0.000000
(8,5),(5,2):1.500000
(8,8),(9,8):6.000000
(8,8),(9,9):8.500000
(8,8),(10,9):3.500000
(8,8),(10,10):8.000000
(8,8),(6,10):14.000000
(8,8),(6,4):13.833333
(8,8),(3,4):2.041667
(8,8),(3,7):0.000000
(8,8),(1,7):0.000000
(8,8),(1,6):0.000000
(8,8),(2,6):0.000000
(8,8),(2,3):0.810606
(8,8),(4,3):2.175000
(8,8),(4,2):2.000000
(8,8),(5,2):4.583333
(9,8),(9,9):6.000000
(9,8),(10,9):3.000000
(9,8),(10,10):5.500000
(9,8),(6,10):6.000000
(9,8),(6,4):5.000000
(9,8),(3,4):0.000000
(9,8),(3,7):0.000000
(9,8),(1,7):0.000000
(9,8),(1,6):0.000000
(9,8),(2,6):0.000000
(9,8),(2,3):0.000000
(9,8),(4,3):0.000000
(9,8),(4,2):0.000000
(9,8),(5,2):0.000000
(9,9),(10,9):4.000000
(9,9),(10,10):8.500000
(9,9),(6,10):9.000000
(9,9),(6,4):7.000000
(9,9),(3,4):0.000000
(9,9),(3,7):0.000000
(9,9),(1,7):0.000000
(9,9),(1,6):0.000000
(9,9),(2,6):0.000000
(9,9),(2,3):0.000000
(9,9),(4,3):0.000000
(9,9),(4,2):0.000000
(9,9),(5,2):0.000000
(10,9),(10,10):4.000000
(10,9),(6,10):4.000000
(10,9),(6,4):2.750000
(10,9),(3,4):0.000000
(10,9),(3,7):0.000000
(10,9),(1,7):0.000000
(10,9),(1,6):0.000000
(10,9),(2,6):0.000000
(10,9),(2,3):0.000000
(10,9),(4,3):0.000000
(10,9),(4,2):0.000000
(10,9),(5,2):0.000000
(10,10),(6,10):8.500000
(10,10),(6,4):7.000000
(10,10),(3,4):0.000000
(10,10),(3,7):0.000000
(10,10),(1,7):0.000000
(10,10),(1,6):0.000000
(10,10),(2,6):0.000000
(10,10),(2,3):0.000000
(10,10),(4,3):0.000000
(10,10),(4,2):0.000000
(10,10),(5,2):0.000000
(6,10),(6,4):14.500000
(6,10),(3,4):3.000000
(6,10),(3,7):0.000000
(6,10),(1,7):0.000000
(6,10),(1,6):0.000000
(6,10),(2,6):0.000000
(6,10),(2,3):1.125000
(6,10),(4,3):3.250000
(6,10),(4,2):2.500000
(6,10),(5,2):5.250000
(6,4),(3,4):9.000000
(6,4),(3,7):1.000000
(6,4),(1,7):0.000000
(6,4),(1,6):0.000000
(6,4),(2,6):1.250000
(6,4),(2,3):5.125000
(6,4),(4,3):9.750000
(6,4),(4,2):6.500000
(6,4),(5,2):10.750000
(3,4),(3,7):4.250000
(3,4),(1,7):1.750000
(3,4),(1,6):1.250000
(3,4),(2,6):4.500000
(3,4),(2,3):8.000000
(3,4),(4,3):9.500000
(3,4),(4,2):5.500000
(3,4),(5,2):7.500000
(3,7),(1,7):2.500000
(3,7),(1,6):2.000000
(3,7),(2,6):5.000000
(3,7),(2,3):4.000000
(3,7),(4,3):1.500000
(3,7),(4,2):0.000000
(3,7),(5,2):0.000000
(1,7),(1,6):2.000000
(1,7),(2,6):2.500000
(1,7),(2,3):1.500000
(1,7),(4,3):0.000000
(1,7),(4,2):0.000000
(1,7),(5,2):0.000000
(1,6),(2,6):2.000000
(1,6),(2,3):1.000000
(1,6),(4,3):0.000000
(1,6),(4,2):0.000000
(1,6),(5,2):0.000000
(2,6),(2,3):4.250000
(2,6),(4,3):1.750000
(2,6),(4,2):0.000000
(2,6),(5,2):0.000000
(2,3),(4,3):5.625000
(2,3),(4,2):3.125000
(2,3),(5,2):3.625000
(4,3),(4,2):6.250000
(4,3),(5,2):8.250000
(4,2),(5,2):6.500000
