32
(13,1):(13,1)	(13,5)	(13,6)	(13,7)	(13,8)	(13,9)	(13,10)	(14,2)	(14,11)	(15,1)	(15,2)	
(15,1):(13,1)	(14,2)	(15,1)	(15,2)	
(15,2):(13,1)	(14,2)	(15,1)	(15,2)	
(14,2):(12,8)	(12,9)	(12,10)	(12,11)	(13,1)	(13,5)	(13,6)	(13,7)	(13,8)	(13,9)	(13,10)	(14,2)	(14,11)	(15,1)	(15,2)	
(14,11):(9,8)	(10,5)	(10,6)	(10,7)	(10,8)	(10,9)	(11,6)	(11,7)	(11,8)	(11,9)	(12,6)	(12,7)	(12,8)	(12,9)	(12,10)	(12,11)	(13,1)	(13,5)	(13,6)	(13,7)	(13,8)	(13,9)	(13,10)	(14,2)	(14,11)	
(12,11):(12,6)	(12,7)	(12,8)	(12,9)	(12,10)	(12,11)	(13,5)	(13,6)	(13,7)	(13,8)	(13,9)	(13,10)	(14,2)	(14,11)	
(12,10):(1,9)	(2,10)	(3,10)	(4,7)	(4,9)	(5,8)	(5,9)	(6,8)	(6,9)	(7,8)	(7,9)	(8,9)	(9,3)	(9,8)	(9,9)	(10,5)	(10,6)	(10,7)	(10,8)	(10,9)	(11,6)	(11,7)	(11,8)	(11,9)	(12,6)	(12,7)	(12,8)	(12,9)	(12,10)	(12,11)	(13,5)	(13,6)	(13,7)	(13,8)	(13,9)	(13,10)	(14,2)	(14,11)	
(3,10):(1,9)	(1,15)	(2,10)	(2,11)	(2,12)	(2,13)	(3,10)	(3,12)	(4,9)	(5,8)	(5,9)	(6,7)	(6,8)	(6,9)	(7,8)	(7,9)	(8,9)	(9,8)	(9,9)	(10,8)	(10,9)	(11,8)	(11,9)	(12,7)	(12,8)	(12,9)	(12,10)	(13,7)	(13,8)	(13,9)	(13,10)	
(3,12):(1,9)	(2,10)	(2,11)	(2,12)	(2,13)	(3,10)	(3,12)	(11,12)	(11,13)	
(11,12):(2,12)	(2,13)	(3,12)	(11,12)	(11,13)	
(11,13):(2,12)	(2,13)	(3,12)	(11,12)	(11,13)	
(2,13):(1,9)	(1,15)	(2,10)	(2,11)	(2,12)	(2,13)	(2,14)	(3,10)	(3,12)	(11,12)	(11,13)	
(2,14):(1,9)	(1,15)	(2,10)	(2,11)	(2,12)	(2,13)	(2,14)	(8,15)	(9,15)	(10,15)	(11,15)	(12,15)	(13,15)	(14,15)	(15,15)	(16,14)	(16,16)	
(16,14):(1,15)	(2,14)	(8,15)	(8,16)	(9,15)	(10,15)	(11,15)	(12,15)	(13,15)	(14,15)	(15,15)	(16,14)	(16,16)	
(16,16):(2,14)	(8,15)	(8,16)	(9,15)	(10,15)	(11,15)	(12,15)	(13,15)	(14,15)	(15,15)	(16,14)	(16,16)	
(8,16):(8,15)	(8,16)	(9,15)	(10,15)	(11,15)	(12,15)	(13,15)	(14,15)	(15,15)	(16,14)	(16,16)	
(8,15):(1,15)	(2,14)	(8,15)	(8,16)	(9,15)	(10,15)	(11,15)	(12,15)	(13,15)	(14,15)	(15,15)	(16,14)	(16,16)	
(1,15):(1,9)	(1,15)	(2,10)	(2,11)	(2,12)	(2,13)	(2,14)	(3,10)	(8,15)	(9,15)	(10,15)	(11,15)	(12,15)	(13,15)	(14,15)	(15,15)	(16,14)	
(1,9):(1,9)	(1,15)	(2,10)	(2,11)	(2,12)	(2,13)	(2,14)	(3,10)	(3,12)	(4,9)	(5,9)	(6,9)	(7,9)	(8,9)	(9,9)	(10,9)	(11,9)	(12,9)	(12,10)	(13,9)	(13,10)	
(4,9):(1,9)	(2,10)	(2,11)	(3,10)	(4,7)	(4,9)	(5,8)	(5,9)	(6,7)	(6,8)	(6,9)	(7,8)	(7,9)	(8,9)	(9,8)	(9,9)	(10,8)	(10,9)	(11,8)	(11,9)	(12,8)	(12,9)	(12,10)	(13,8)	(13,9)	(13,10)	
(4,7):(4,7)	(4,9)	(5,8)	(5,9)	(6,7)	(6,8)	(6,9)	(7,8)	(7,9)	(8,9)	(9,9)	(10,9)	(12,10)	(13,10)	
(6,7):(3,10)	(4,7)	(4,9)	(5,8)	(5,9)	(6,5)	(6,6)	(6,7)	(6,8)	(6,9)	(7,4)	(7,8)	(7,9)	(8,9)	
(6,6):(5,4)	(5,6)	(6,5)	(6,6)	(6,7)	(6,8)	(6,9)	(7,4)	(7,8)	(7,9)	
(5,6):(5,4)	(5,6)	(6,5)	(6,6)	(7,4)	
(5,4):(5,4)	(5,6)	(6,5)	(6,6)	(7,4)	(7,8)	
(7,4):(5,4)	(5,6)	(6,5)	(6,6)	(6,7)	(6,8)	(6,9)	(7,4)	(7,8)	(7,9)	
(7,8):(2,10)	(3,10)	(4,7)	(4,9)	(5,4)	(5,8)	(5,9)	(6,5)	(6,6)	(6,7)	(6,8)	(6,9)	(7,4)	(7,8)	(7,9)	(8,9)	(9,8)	(9,9)	(10,8)	(10,9)	(11,8)	(11,9)	(12,8)	(12,9)	(12,10)	(13,8)	(13,9)	(13,10)	
(9,8):(2,10)	(3,10)	(4,9)	(5,8)	(5,9)	(6,8)	(6,9)	(7,8)	(7,9)	(8,9)	(9,3)	(9,8)	(9,9)	(10,3)	(10,5)	(10,6)	(10,7)	(10,8)	(10,9)	(11,6)	(11,7)	(11,8)	(11,9)	(12,6)	(12,7)	(12,8)	(12,9)	(12,10)	(13,5)	(13,6)	(13,7)	(13,8)	(13,9)	(13,10)	(14,11)	
(9,3):(9,3)	(9,8)	(9,9)	(10,3)	(10,5)	(10,6)	(10,7)	(10,8)	(10,9)	(11,7)	(11,8)	(11,9)	(12,9)	(12,10)	
(10,3):(9,3)	(9,8)	(9,9)	(10,3)	(10,5)	(10,6)	(10,7)	(10,8)	(10,9)	
(10,5):(9,3)	(9,8)	(9,9)	(10,3)	(10,5)	(10,6)	(10,7)	(10,8)	(10,9)	(11,6)	(11,7)	(11,8)	(11,9)	(12,6)	(12,7)	(12,8)	(12,9)	(12,10)	(13,5)	(13,6)	(13,7)	(13,8)	(13,9)	(13,10)	(14,11)	
(13,5):(8,9)	(9,8)	(9,9)	(10,5)	(10,6)	(10,7)	(10,8)	(10,9)	(11,6)	(11,7)	(11,8)	(11,9)	(12,6)	(12,7)	(12,8)	(12,9)	(12,10)	(12,11)	(13,1)	(13,5)	(13,6)	(13,7)	(13,8)	(13,9)	(13,10)	(14,2)	(14,11)	
(13,1):11.000000
(15,1):2.500000
(15,2):2.000000
(14,2):16.166666
(14,11):29.750000
(12,11):14.777778
(12,10):45.474998
(3,10):36.000000
(3,12):16.500000
(11,12):10.055555
(11,13):10.250000
(2,13):18.166666
(2,14):25.000000
(16,14):23.000000
(16,16):20.008928
(8,16):16.000000
(8,15):23.083334
(1,15):23.200001
(1,9):21.615152
(4,9):31.250000
(4,7):15.583333
(6,7):14.500000
(6,6):9.000000
(5,6):4.000000
(5,4):5.000000
(7,4):9.500000
(7,8):30.299999
(9,8):41.391666
(9,3):13.785714
(10,3):7.400000
(10,5):29.466667
(13,5):33.833332
(13,1),(15,1):2.500000
(13,1),(15,2):2.000000
(13,1),(14,2):11.000000
(13,1),(14,11):10.000000
(13,1),(12,11):8.777778
(13,1),(12,10):8.525000
(13,1),(3,10):3.500000
(13,1),(3,12):0.000000
(13,1),(11,12):0.000000
(13,1),(11,13):0.000000
(13,1),(2,13):0.000000
(13,1),(2,14):0.000000
(13,1),(16,14):0.000000
(13,1),(16,16):0.000000
(13,1),(8,16):0.000000
(13,1),(8,15):0.000000
(13,1),(1,15):0.000000
(13,1),(1,9):1.136364
(13,1),(4,9):3.087500
(13,1),(4,7):0.395833
(13,1),(6,7):0.000000
(13,1),(6,6):0.000000
(13,1),(5,6):0.000000
(13,1),(5,4):0.000000
(13,1),(7,4):0.000000
(13,1),(7,8):2.600000
(13,1),(9,8):6.291667
(13,1),(9,3):0.000000
(13,1),(10,3):0.000000
(13,1),(10,5):6.000000
(13,1),(13,5):10.166667
(15,1),(15,2):2.000000
(15,1),(14,2):2.500000
(15,1),(14,11):1.500000
(15,1),(12,11):0.677778
(15,1),(12,10):0.525000
(15,1),(3,10):0.000000
(15,1),(3,12):0.000000
(15,1),(11,12):0.000000
(15,1),(11,13):0.000000
(15,1),(2,13):0.000000
(15,1),(2,14):0.000000
(15,1),(16,14):0.000000
(15,1),(16,16):0.000000
(15,1),(8,16):0.000000
(15,1),(8,15):0.000000
(15,1),(1,15):0.000000
(15,1),(1,9):0.000000
(15,1),(4,9):0.000000
(15,1),(4,7):0.000000
(15,1),(6,7):0.000000
(15,1),(6,6):0.000000
(15,1),(5,6):0.000000
(15,1),(5,4):0.000000
(15,1),(7,4):0.000000
(15,1),(7,8):0.000000
(15,1),(9,8):0.000000
(15,1),(9,3):0.000000
(15,1),(10,3):0.000000
(15,1),(10,5):0.000000
(15,1),(13,5):1.666667
(15,2),(14,2):2.000000
(15,2),(14,11):1.000000
(15,2),(12,11):0.527778
(15,2),(12,10):0.425000
(15,2),(3,10):0.000000
(15,2),(3,12):0.000000
(15,2),(11,12):0.000000
(15,2),(11,13):0.000000
(15,2),(2,13):0.000000
(15,2),(2,14):0.000000
(15,2),(16,14):0.000000
(15,2),(16,16):0.000000
(15,2),(8,16):0.000000
(15,2),(8,15):0.000000
(15,2),(1,15):0.000000
(15,2),(1,9):0.000000
(15,2),(4,9):0.000000
(15,2),(4,7):0.000000
(15,2),(6,7):0.000000
(15,2),(6,6):0.000000
(15,2),(5,6):0.000000
(15,2),(5,4):0.000000
(15,2),(7,4):0.000000
(15,2),(7,8):0.000000
(15,2),(9,8):0.000000
(15,2),(9,3):0.000000
(15,2),(10,3):0.000000
(15,2),(10,5):0.000000
(15,2),(13,5):1.166667
(14,2),(14,11):15.071428
(14,2),(12,11):13.277778
(14,2),(12,10):13.691667
(14,2),(3,10):7.145833
(14,2),(3,12):0.000000
(14,2),(11,12):0.000000
(14,2),(11,13):0.000000
(14,2),(2,13):0.000000
(14,2),(2,14):0.000000
(14,2),(16,14):0.000000
(14,2),(16,16):0.000000
(14,2),(8,16):0.000000
(14,2),(8,15):0.000000
(14,2),(1,15):0.000000
(14,2),(1,9):2.681818
(14,2),(4,9):6.452381
(14,2),(4,7):1.000000
(14,2),(6,7):0.000000
(14,2),(6,6):0.000000
(14,2),(5,6):0.000000
(14,2),(5,4):0.000000
(14,2),(7,4):0.000000
(14,2),(7,8):5.466667
(14,2),(9,8):10.791667
(14,2),(9,3):1.352381
(14,2),(10,3):0.000000
(14,2),(10,5):10.966666
(14,2),(13,5):15.333333
(14,11),(12,11):14.666667
(14,11),(12,10):28.150000
(14,11),(3,10):12.166667
(14,11),(3,12):0.000000
(14,11),(11,12):0.000000
(14,11),(11,13):0.000000
(14,11),(2,13):0.000000
(14,11),(2,14):0.000000
(14,11),(16,14):0.000000
(14,11),(16,16):0.000000
(14,11),(8,16):0.000000
(14,11),(8,15):0.000000
(14,11),(1,15):0.000000
(14,11),(1,9):3.181818
(14,11),(4,9):10.750000
(14,11),(4,7):1.083333
(14,11),(6,7):0.000000
(14,11),(6,6):0.000000
(14,11),(5,6):0.000000
(14,11),(5,4):0.000000
(14,11),(7,4):0.000000
(14,11),(7,8):8.800000
(14,11),(9,8):25.375000
(14,11),(9,3):10.285714
(14,11),(10,3):4.522727
(14,11),(10,5):25.335714
(14,11),(13,5):28.850000
(12,11),(12,10):14.511111
(12,11),(3,10):6.666667
(12,11),(3,12):0.000000
(12,11),(11,12):0.000000
(12,11),(11,13):0.000000
(12,11),(2,13):0.000000
(12,11),(2,14):0.000000
(12,11),(16,14):0.000000
(12,11),(16,16):0.000000
(12,11),(8,16):0.000000
(12,11),(8,15):0.000000
(12,11),(1,15):0.000000
(12,11),(1,9):2.181818
(12,11),(4,9):5.850000
(12,11),(4,7):0.750000
(12,11),(6,7):0.000000
(12,11),(6,6):0.000000
(12,11),(5,6):0.000000
(12,11),(5,4):0.000000
(12,11),(7,4):0.000000
(12,11),(7,8):4.800000
(12,11),(9,8):11.625000
(12,11),(9,3):0.785714
(12,11),(10,3):0.000000
(12,11),(10,5):11.800000
(12,11),(13,5):14.777778
(12,10),(3,10):27.238094
(12,10),(3,12):2.000000
(12,10),(11,12):0.000000
(12,10),(11,13):0.000000
(12,10),(2,13):2.166667
(12,10),(2,14):1.000000
(12,10),(16,14):0.000000
(12,10),(16,16):0.000000
(12,10),(8,16):0.000000
(12,10),(8,15):0.000000
(12,10),(1,15):2.200000
(12,10),(1,9):13.181818
(12,10),(4,9):27.500000
(12,10),(4,7):14.333333
(12,10),(6,7):10.250000
(12,10),(6,6):3.200000
(12,10),(5,6):0.000000
(12,10),(5,4):0.000000
(12,10),(7,4):3.647059
(12,10),(7,8):24.049999
(12,10),(9,8):39.924999
(12,10),(9,3):12.985714
(12,10),(10,3):6.600000
(12,10),(10,5):28.666666
(12,10),(13,5):32.191666
(3,10),(3,12):8.500000
(3,10),(11,12):2.055556
(3,10),(11,13):2.250000
(3,10),(2,13):9.500000
(3,10),(2,14):5.333333
(3,10),(16,14):0.500000
(3,10),(16,16):0.168019
(3,10),(8,16):0.000000
(3,10),(8,15):0.574561
(3,10),(1,15):8.533334
(3,10),(1,9):20.333334
(3,10),(4,9):29.000000
(3,10),(4,7):13.000000
(3,10),(6,7):10.000000
(3,10),(6,6):4.500000
(3,10),(5,6):0.000000
(3,10),(5,4):0.666667
(3,10),(7,4):5.000000
(3,10),(7,8):24.000000
(3,10),(9,8):26.433332
(3,10),(9,3):6.892857
(3,10),(10,3):2.566667
(3,10),(10,5):14.833333
(3,10),(13,5):16.833334
(3,12),(11,12):10.055555
(3,12),(11,13):10.250000
(3,12),(2,13):16.500000
(3,12),(2,14):4.500000
(3,12),(16,14):0.000000
(3,12),(16,16):0.008929
(3,12),(8,16):0.000000
(3,12),(8,15):0.011905
(3,12),(1,15):7.500000
(3,12),(1,9):8.833333
(3,12),(4,9):4.000000
(3,12),(4,7):0.000000
(3,12),(6,7):0.000000
(3,12),(6,6):0.000000
(3,12),(5,6):0.000000
(3,12),(5,4):0.000000
(3,12),(7,4):0.000000
(3,12),(7,8):1.666667
(3,12),(9,8):1.866667
(3,12),(9,3):0.000000
(3,12),(10,3):0.000000
(3,12),(10,5):0.000000
(3,12),(13,5):0.000000
(11,12),(11,13):10.000000
(11,12),(2,13):10.055555
(11,12),(2,14):1.055556
(11,12),(16,14):0.000000
(11,12),(16,16):0.000000
(11,12),(8,16):0.000000
(11,12),(8,15):0.000000
(11,12),(1,15):1.305556
(11,12),(1,9):2.388889
(11,12),(4,9):0.000000
(11,12),(4,7):0.000000
(11,12),(6,7):0.000000
(11,12),(6,6):0.000000
(11,12),(5,6):0.000000
(11,12),(5,4):0.000000
(11,12),(7,4):0.000000
(11,12),(7,8):0.000000
(11,12),(9,8):0.000000
(11,12),(9,3):0.000000
(11,12),(10,3):0.000000
(11,12),(10,5):0.000000
(11,12),(13,5):0.000000
(11,13),(2,13):10.250000
(11,13),(2,14):1.187500
(11,13),(16,14):0.000000
(11,13),(16,16):0.000000
(11,13),(8,16):0.000000
(11,13),(8,15):0.000000
(11,13),(1,15):1.485294
(11,13),(1,9):2.583333
(11,13),(4,9):0.027778
(11,13),(4,7):0.000000
(11,13),(6,7):0.000000
(11,13),(6,6):0.000000
(11,13),(5,6):0.000000
(11,13),(5,4):0.000000
(11,13),(7,4):0.000000
(11,13),(7,8):0.000000
(11,13),(9,8):0.000000
(11,13),(9,3):0.000000
(11,13),(10,3):0.000000
(11,13),(10,5):0.000000
(11,13),(13,5):0.000000
(2,13),(2,14):6.000000
(2,13),(16,14):1.000000
(2,13),(16,16):0.258929
(2,13),(8,16):0.000000
(2,13),(8,15):1.083333
(2,13),(1,15):9.166667
(2,13),(1,9):10.500000
(2,13),(4,9):4.166667
(2,13),(4,7):0.000000
(2,13),(6,7):0.000000
(2,13),(6,6):0.000000
(2,13),(5,6):0.000000
(2,13),(5,4):0.000000
(2,13),(7,4):0.000000
(2,13),(7,8):1.750000
(2,13),(9,8):1.980952
(2,13),(9,3):0.000000
(2,13),(10,3):0.000000
(2,13),(10,5):0.000000
(2,13),(13,5):0.000000
(2,14),(16,14):20.000000
(2,14),(16,16):17.008928
(2,14),(8,16):13.000000
(2,14),(8,15):20.083334
(2,14),(1,15):20.000000
(2,14),(1,9):6.100000
(2,14),(4,9):2.500000
(2,14),(4,7):0.000000
(2,14),(6,7):0.000000
(2,14),(6,6):0.000000
(2,14),(5,6):0.000000
(2,14),(5,4):0.000000
(2,14),(7,4):0.000000
(2,14),(7,8):0.916667
(2,14),(9,8):1.000000
(2,14),(9,3):0.000000
(2,14),(10,3):0.000000
(2,14),(10,5):0.000000
(2,14),(13,5):0.000000
(16,14),(16,16):19.937500
(16,14),(8,16):16.000000
(16,14),(8,15):23.000000
(16,14),(1,15):15.000000
(16,14),(1,9):1.100000
(16,14),(4,9):0.000000
(16,14),(4,7):0.000000
(16,14),(6,7):0.000000
(16,14),(6,6):0.000000
(16,14),(5,6):0.000000
(16,14),(5,4):0.000000
(16,14),(7,4):0.000000
(16,14),(7,8):0.000000
(16,14),(9,8):0.000000
(16,14),(9,3):0.000000
(16,14),(10,3):0.000000
(16,14),(10,5):0.000000
(16,14),(13,5):0.000000
(16,16),(8,16):16.000000
(16,16),(8,15):20.008928
(16,16),(1,15):12.008928
(16,16),(1,9):0.265339
(16,16),(4,9):0.000000
(16,16),(4,7):0.000000
(16,16),(6,7):0.000000
(16,16),(6,6):0.000000
(16,16),(5,6):0.000000
(16,16),(5,4):0.000000
(16,16),(7,4):0.000000
(16,16),(7,8):0.000000
(16,16),(9,8):0.000000
(16,16),(9,3):0.000000
(16,16),(10,3):0.000000
(16,16),(10,5):0.000000
(16,16),(13,5):0.000000
(8,16),(8,15):16.000000
(8,16),(1,15):8.000000
(8,16),(1,9):0.000000
(8,16),(4,9):0.000000
(8,16),(4,7):0.000000
(8,16),(6,7):0.000000
(8,16),(6,6):0.000000
(8,16),(5,6):0.000000
(8,16),(5,4):0.000000
(8,16),(7,4):0.000000
(8,16),(7,8):0.000000
(8,16),(9,8):0.000000
(8,16),(9,3):0.000000
(8,16),(10,3):0.000000
(8,16),(10,5):0.000000
(8,16),(13,5):0.000000
(8,15),(1,15):15.083333
(8,15),(1,9):1.183333
(8,15),(4,9):0.000000
(8,15),(4,7):0.000000
(8,15),(6,7):0.000000
(8,15),(6,6):0.000000
(8,15),(5,6):0.000000
(8,15),(5,4):0.000000
(8,15),(7,4):0.000000
(8,15),(7,8):0.000000
(8,15),(9,8):0.000000
(8,15),(9,3):0.000000
(8,15),(10,3):0.000000
(8,15),(10,5):0.000000
(8,15),(13,5):0.000000
(1,15),(1,9):9.300000
(1,15),(4,9):4.200000
(1,15),(4,7):0.000000
(1,15),(6,7):0.000000
(1,15),(6,6):0.000000
(1,15),(5,6):0.000000
(1,15),(5,4):0.000000
(1,15),(7,4):0.000000
(1,15),(7,8):1.769231
(1,15),(9,8):2.005797
(1,15),(9,3):0.000000
(1,15),(10,3):0.000000
(1,15),(10,5):0.000000
(1,15),(13,5):0.000000
(1,9),(4,9):15.181818
(1,9),(4,7):7.562500
(1,9),(6,7):5.000000
(1,9),(6,6):1.750000
(1,9),(5,6):0.000000
(1,9),(5,4):0.000000
(1,9),(7,4):1.833333
(1,9),(7,8):12.681818
(1,9),(9,8):12.948484
(1,9),(9,3):3.261905
(1,9),(10,3):1.300000
(1,9),(10,5):5.681818
(1,9),(13,5):7.181818
(4,9),(4,7):15.100000
(4,9),(6,7):12.000000
(4,9),(6,6):4.500000
(4,9),(5,6):0.000000
(4,9),(5,4):0.666667
(4,9),(7,4):5.000000
(4,9),(7,8):26.250000
(4,9),(9,8):25.516666
(4,9),(9,3):6.584848
(4,9),(10,3):2.500000
(4,9),(10,5):13.416667
(4,9),(13,5):15.416667
(4,7),(6,7):11.000000
(4,7),(6,6):4.000000
(4,7),(5,6):0.000000
(4,7),(5,4):0.250000
(4,7),(7,4):4.500000
(4,7),(7,8):15.583333
(4,7),(9,8):12.583333
(4,7),(9,3):2.674359
(4,7),(10,3):1.525000
(4,7),(10,5):3.850000
(4,7),(13,5):5.711538
(6,7),(6,6):7.000000
(6,7),(5,6):2.000000
(6,7),(5,4):3.000000
(6,7),(7,4):7.500000
(6,7),(7,8):14.500000
(6,7),(9,8):8.500000
(6,7),(9,3):0.000000
(6,7),(10,3):0.066667
(6,7),(10,5):0.166667
(6,7),(13,5):1.523810
(6,6),(5,6):4.000000
(6,6),(5,4):5.000000
(6,6),(7,4):8.000000
(6,6),(7,8):8.000000
(6,6),(9,8):3.000000
(6,6),(9,3):0.000000
(6,6),(10,3):0.000000
(6,6),(10,5):0.000000
(6,6),(13,5):0.757576
(5,6),(5,4):4.000000
(5,6),(7,4):4.000000
(5,6),(7,8):3.000000
(5,6),(9,8):0.000000
(5,6),(9,3):0.000000
(5,6),(10,3):0.000000
(5,6),(10,5):0.000000
(5,6),(13,5):0.000000
(5,4),(7,4):5.000000
(5,4),(7,8):4.000000
(5,4),(9,8):0.000000
(5,4),(9,3):0.000000
(5,4),(10,3):0.000000
(5,4),(10,5):0.000000
(5,4),(13,5):0.000000
(7,4),(7,8):8.500000
(7,4),(9,8):3.333333
(7,4),(9,3):0.000000
(7,4),(10,3):0.000000
(7,4),(10,5):0.000000
(7,4),(13,5):0.166667
(7,8),(9,8):22.966667
(7,8),(9,3):6.062500
(7,8),(10,3):2.400000
(7,8),(10,5):11.466666
(7,8),(13,5):13.466666
(9,8),(9,3):13.375000
(9,8),(10,3):7.400000
(9,8),(10,5):28.916666
(9,8),(13,5):29.291666
(9,3),(10,3):7.000000
(9,3),(10,5):13.785714
(9,3),(13,5):11.785714
(10,3),(10,5):7.400000
(10,3),(13,5):5.400000
(10,5),(13,5):27.466667
