58
(24,15):(24,15)	(24,17)	(25,15)	(25,18)	
(25,15):(24,15)	(24,17)	(25,15)	(25,18)	
(25,18):(12,18)	(13,17)	(14,17)	(15,17)	(16,17)	(17,17)	(24,15)	(24,17)	(25,15)	(25,18)	
(12,18):(12,13)	(12,14)	(12,15)	(12,16)	(12,18)	(13,13)	(13,14)	(13,15)	(13,16)	(13,17)	(14,12)	(14,13)	(14,14)	(14,15)	(14,16)	(14,17)	(15,12)	(15,13)	(15,14)	(15,15)	(15,16)	(15,17)	(16,12)	(16,13)	(16,14)	(16,15)	(16,16)	(16,17)	(17,11)	(17,17)	(24,17)	(25,18)	
(12,16):(2,14)	(3,15)	(3,16)	(4,15)	(5,15)	(6,14)	(6,15)	(7,12)	(7,13)	(7,14)	(7,15)	(8,13)	(8,14)	(8,15)	(9,13)	(9,14)	(9,15)	(10,13)	(10,14)	(10,15)	(11,13)	(11,14)	(11,15)	(12,13)	(12,14)	(12,15)	(12,16)	(12,18)	(13,13)	(13,14)	(13,15)	(13,16)	(13,17)	(14,12)	(14,13)	(14,14)	(14,15)	(14,16)	(14,17)	(15,12)	(15,13)	(15,14)	(15,15)	(15,16)	(15,17)	(16,12)	(16,13)	(16,14)	(16,15)	(16,16)	(16,17)	(17,11)	(17,17)	
(3,16):(2,14)	(2,27)	(2,28)	(3,15)	(3,16)	(3,20)	(3,21)	(3,22)	(3,23)	(3,24)	(3,25)	(3,26)	(3,27)	(3,28)	(4,15)	(5,15)	(6,14)	(6,15)	(7,14)	(7,15)	(8,13)	(8,14)	(8,15)	(9,13)	(9,14)	(9,15)	(10,13)	(10,14)	(10,15)	(11,13)	(11,14)	(11,15)	(12,13)	(12,14)	(12,15)	(12,16)	(13,13)	(13,14)	(13,15)	(13,16)	(14,12)	(14,13)	(14,14)	(14,15)	(14,16)	(15,12)	(15,13)	(15,14)	(15,15)	(15,16)	(16,12)	(16,13)	(16,14)	(16,15)	(16,16)	(17,11)	
(3,20):(2,14)	(2,27)	(2,28)	(3,15)	(3,16)	(3,20)	(3,21)	(3,22)	(3,23)	(3,24)	(3,25)	(3,26)	(3,27)	(3,28)	(4,21)	(4,22)	(4,29)	(5,21)	(6,21)	(7,21)	(8,21)	(9,21)	(9,22)	(18,21)	(19,21)	(20,21)	(21,21)	(22,21)	(23,20)	(23,21)	(24,20)	(24,21)	(25,20)	(25,21)	(26,20)	(26,21)	
(23,20):(3,20)	(3,21)	(4,21)	(5,21)	(6,21)	(7,21)	(8,21)	(9,21)	(16,26)	(17,25)	(18,21)	(18,24)	(18,25)	(19,21)	(19,22)	(19,23)	(19,24)	(19,25)	(20,21)	(20,22)	(20,23)	(20,24)	(20,25)	(21,21)	(21,22)	(21,23)	(21,24)	(21,25)	(22,21)	(22,22)	(22,23)	(23,19)	(23,20)	(23,21)	(23,22)	(24,20)	(24,21)	(24,22)	(25,20)	(25,21)	(25,22)	(26,20)	(26,21)	(26,22)	(26,23)	(27,19)	
(23,19):(23,19)	(23,20)	(23,21)	(23,22)	(24,20)	(24,21)	(24,22)	(25,20)	(25,21)	(25,22)	(26,20)	(26,21)	(26,22)	(26,23)	(27,19)	
(27,19):(16,26)	(17,25)	(18,24)	(18,25)	(19,21)	(19,22)	(19,23)	(19,24)	(19,25)	(20,21)	(20,22)	(20,23)	(20,24)	(21,21)	(21,22)	(21,23)	(22,21)	(22,22)	(22,23)	(23,19)	(23,20)	(23,21)	(23,22)	(24,20)	(24,21)	(24,22)	(25,20)	(25,21)	(25,22)	(26,20)	(26,21)	(26,22)	(26,23)	(26,28)	(27,19)	(27,28)	
(27,28):(26,20)	(26,21)	(26,22)	(26,23)	(26,28)	(27,19)	(27,28)	
(26,28):(26,20)	(26,21)	(26,22)	(26,23)	(26,28)	(27,19)	(27,28)	
(26,23):(18,21)	(19,21)	(19,22)	(19,23)	(20,21)	(20,22)	(20,23)	(21,21)	(21,22)	(21,23)	(22,21)	(22,22)	(22,23)	(23,19)	(23,20)	(23,21)	(23,22)	(24,20)	(24,21)	(24,22)	(25,20)	(25,21)	(25,22)	(26,20)	(26,21)	(26,22)	(26,23)	(26,28)	(27,19)	(27,28)	
(22,23):(16,25)	(16,26)	(17,25)	(18,21)	(18,24)	(18,25)	(19,21)	(19,22)	(19,23)	(19,24)	(19,25)	(20,21)	(20,22)	(20,23)	(20,24)	(20,25)	(21,21)	(21,22)	(21,23)	(21,24)	(21,25)	(22,21)	(22,22)	(22,23)	(22,26)	(23,20)	(23,21)	(23,22)	(24,20)	(24,21)	(24,22)	(25,20)	(25,21)	(25,22)	(26,20)	(26,21)	(26,22)	(26,23)	(27,19)	
(22,26):(16,25)	(16,26)	(17,25)	(18,21)	(18,24)	(18,25)	(19,21)	(19,22)	(19,23)	(19,24)	(19,25)	(20,21)	(20,22)	(20,23)	(20,24)	(20,25)	(21,21)	(21,22)	(21,23)	(21,24)	(21,25)	(22,21)	(22,22)	(22,23)	(22,26)	
(16,26):(16,25)	(16,26)	(17,25)	(18,24)	(18,25)	(19,23)	(19,24)	(19,25)	(20,22)	(20,23)	(20,24)	(20,25)	(21,21)	(21,22)	(21,23)	(21,24)	(21,25)	(22,21)	(22,22)	(22,23)	(22,26)	(23,20)	(23,21)	(23,22)	(24,20)	(24,21)	(24,22)	(25,20)	(25,21)	(26,20)	(26,21)	(27,19)	
(16,25):(5,24)	(5,25)	(16,25)	(16,26)	(17,25)	(18,24)	(18,25)	(19,24)	(19,25)	(20,23)	(20,24)	(20,25)	(21,23)	(21,24)	(21,25)	(22,22)	(22,23)	(22,26)	(23,22)	(24,21)	(24,22)	(25,21)	(25,22)	(26,20)	(26,21)	
(5,25):(5,24)	(5,25)	(16,25)	(17,25)	(18,24)	(18,25)	(19,24)	(19,25)	(20,24)	(20,25)	(21,24)	(21,25)	
(5,24):(5,24)	(5,25)	(16,25)	(17,25)	(18,24)	(18,25)	(19,24)	(19,25)	(20,24)	(20,25)	(21,24)	(21,25)	
(18,24):(5,24)	(5,25)	(16,25)	(16,26)	(17,25)	(18,21)	(18,24)	(18,25)	(19,21)	(19,22)	(19,23)	(19,24)	(19,25)	(20,21)	(20,22)	(20,23)	(20,24)	(20,25)	(21,21)	(21,22)	(21,23)	(21,24)	(21,25)	(22,21)	(22,22)	(22,23)	(22,26)	(23,20)	(23,21)	(23,22)	(24,20)	(24,21)	(24,22)	(25,20)	(25,21)	(25,22)	(26,20)	(26,21)	(26,22)	(27,19)	
(18,21):(3,20)	(3,21)	(4,21)	(5,21)	(6,21)	(7,21)	(8,21)	(9,21)	(18,21)	(18,24)	(18,25)	(19,21)	(19,22)	(19,23)	(19,24)	(19,25)	(20,21)	(20,22)	(20,23)	(20,24)	(20,25)	(21,21)	(21,22)	(21,23)	(21,24)	(21,25)	(22,21)	(22,22)	(22,23)	(22,26)	(23,20)	(23,21)	(23,22)	(24,20)	(24,21)	(24,22)	(25,20)	(25,21)	(25,22)	(26,20)	(26,21)	(26,22)	(26,23)	
(9,21):(3,20)	(3,21)	(3,22)	(4,21)	(4,22)	(5,21)	(6,21)	(7,21)	(8,21)	(9,21)	(9,22)	(18,21)	(19,21)	(20,21)	(21,21)	(22,21)	(23,20)	(23,21)	(24,20)	(24,21)	(25,20)	(25,21)	(26,20)	(26,21)	
(9,22):(3,20)	(3,21)	(3,22)	(4,21)	(4,22)	(5,21)	(6,21)	(7,21)	(8,21)	(9,21)	(9,22)	
(4,22):(2,27)	(2,28)	(3,20)	(3,21)	(3,22)	(3,23)	(3,24)	(3,25)	(3,26)	(3,27)	(3,28)	(4,21)	(4,22)	(4,29)	(5,21)	(6,21)	(7,21)	(8,21)	(9,21)	(9,22)	
(4,29):(1,27)	(1,29)	(2,14)	(2,27)	(2,28)	(3,20)	(3,21)	(3,22)	(3,23)	(3,24)	(3,25)	(3,26)	(3,27)	(3,28)	(4,21)	(4,22)	(4,29)	
(1,29):(1,27)	(1,29)	(2,27)	(2,28)	(3,25)	(3,26)	(3,27)	(3,28)	(4,29)	
(1,27):(1,27)	(1,29)	(2,27)	(2,28)	(3,27)	(3,28)	(4,29)	
(2,27):(1,27)	(1,29)	(2,14)	(2,27)	(2,28)	(3,15)	(3,16)	(3,20)	(3,21)	(3,22)	(3,23)	(3,24)	(3,25)	(3,26)	(3,27)	(3,28)	(4,21)	(4,22)	(4,29)	
(2,14):(2,14)	(2,27)	(2,28)	(3,15)	(3,16)	(3,20)	(3,21)	(3,22)	(3,23)	(3,24)	(3,25)	(3,26)	(3,27)	(3,28)	(4,15)	(4,29)	(5,15)	(6,14)	(6,15)	(7,14)	(7,15)	(8,14)	(8,15)	(9,14)	(9,15)	(10,14)	(10,15)	(11,14)	(11,15)	(12,14)	(12,15)	(12,16)	(13,14)	(13,15)	(13,16)	(14,14)	(14,15)	(14,16)	(15,14)	(15,15)	(15,16)	(16,14)	(16,15)	(16,16)	(17,17)	
(6,14):(2,14)	(3,15)	(3,16)	(4,15)	(5,15)	(6,5)	(6,14)	(6,15)	(7,6)	(7,7)	(7,8)	(7,9)	(7,12)	(7,13)	(7,14)	(7,15)	(8,13)	(8,14)	(8,15)	(9,13)	(9,14)	(9,15)	(10,13)	(10,14)	(10,15)	(11,13)	(11,14)	(11,15)	(12,13)	(12,14)	(12,15)	(12,16)	(13,13)	(13,14)	(13,15)	(13,16)	(14,12)	(14,13)	(14,14)	(14,15)	(14,16)	(15,12)	(15,13)	(15,14)	(15,15)	(15,16)	(15,17)	(16,12)	(16,13)	(16,14)	(16,15)	(16,16)	(16,17)	(17,17)	
(6,5):(6,5)	(6,14)	(6,15)	(7,6)	(7,7)	(7,8)	(7,9)	(7,12)	(7,13)	(7,14)	(7,15)	(8,5)	(8,6)	(8,7)	(8,8)	(9,5)	(9,6)	(9,7)	(9,8)	(10,5)	(10,6)	(10,7)	(10,8)	(11,5)	(11,8)	(12,5)	(12,8)	(13,5)	(14,5)	(15,5)	(16,5)	(17,5)	(18,5)	(19,5)	(20,5)	(21,6)	
(8,5):(6,5)	(7,6)	(7,7)	(7,8)	(7,9)	(8,4)	(8,5)	(8,6)	(8,7)	(8,8)	(9,5)	(9,6)	(9,7)	(9,8)	(10,5)	(10,6)	(10,7)	(10,8)	(11,4)	(11,5)	(11,8)	(12,4)	(12,5)	(13,4)	(13,5)	(14,3)	(14,4)	(14,5)	(15,3)	(15,4)	(15,5)	(16,4)	(16,5)	(17,4)	(17,5)	(18,4)	(18,5)	(19,4)	(19,5)	(20,4)	(20,5)	(21,3)	(21,6)	
(8,4):(8,4)	(8,5)	(8,6)	(8,7)	(8,8)	(9,5)	(9,6)	(9,7)	(9,8)	(10,5)	(10,6)	(10,7)	(10,8)	(11,4)	(11,5)	(12,4)	(12,5)	(13,4)	(13,5)	(14,4)	(14,5)	(15,4)	(15,5)	(16,4)	(16,5)	(17,4)	(17,5)	(18,4)	(18,5)	(19,4)	(19,5)	(20,4)	(20,5)	(21,6)	
(11,4):(7,6)	(7,7)	(7,8)	(7,9)	(8,4)	(8,5)	(8,6)	(8,7)	(8,8)	(9,5)	(9,6)	(9,7)	(9,8)	(10,5)	(10,6)	(11,2)	(11,4)	(11,5)	(12,3)	(12,4)	(12,5)	(13,2)	(13,3)	(13,4)	(13,5)	(14,2)	(14,3)	(14,4)	(14,5)	(15,1)	(15,3)	(15,4)	(15,5)	(16,4)	(16,5)	(17,4)	(17,5)	(18,4)	(18,5)	(19,4)	(19,5)	(20,4)	(20,5)	(21,3)	(21,6)	
(11,2):(11,2)	(11,4)	(11,5)	(12,3)	(12,4)	(12,5)	(13,2)	(13,3)	(13,4)	(13,5)	(14,2)	(14,3)	(14,4)	(14,5)	(15,3)	(15,4)	(15,5)	(16,4)	(16,5)	(17,4)	(17,5)	(18,4)	(18,5)	(19,4)	(19,5)	(20,5)	(21,6)	
(13,2):(7,8)	(7,9)	(8,7)	(8,8)	(9,6)	(9,7)	(10,5)	(10,6)	(11,2)	(11,4)	(11,5)	(12,3)	(12,4)	(12,5)	(13,1)	(13,2)	(13,3)	(13,4)	(13,5)	(14,2)	(14,3)	(14,4)	(14,5)	(15,1)	(15,3)	(15,4)	(15,5)	(16,4)	(16,5)	(17,4)	(17,5)	(18,5)	(19,5)	(21,6)	
(13,1):(13,1)	(13,2)	(13,3)	(13,4)	(13,5)	(14,2)	(14,3)	(14,4)	(14,5)	(15,1)	(15,3)	(15,4)	(15,5)	(16,4)	(16,5)	(17,5)	
(15,1):(7,7)	(7,8)	(7,9)	(8,7)	(8,8)	(9,6)	(9,7)	(10,5)	(10,6)	(11,4)	(11,5)	(12,3)	(12,4)	(12,5)	(13,1)	(13,2)	(13,3)	(13,4)	(13,5)	(14,2)	(14,3)	(14,4)	(14,5)	(15,1)	(15,3)	(15,4)	(15,5)	
(15,3):(7,6)	(7,7)	(8,5)	(8,6)	(8,7)	(9,5)	(9,6)	(10,5)	(10,6)	(11,2)	(11,4)	(11,5)	(12,3)	(12,4)	(12,5)	(13,1)	(13,2)	(13,3)	(13,4)	(13,5)	(14,2)	(14,3)	(14,4)	(14,5)	(15,1)	(15,3)	(15,4)	(15,5)	(16,4)	(16,5)	(17,4)	(17,5)	(18,4)	(18,5)	(19,4)	(19,5)	(20,4)	(20,5)	(21,3)	(21,6)	
(21,3):(7,6)	(8,5)	(8,6)	(9,5)	(9,6)	(10,5)	(10,6)	(11,4)	(11,5)	(12,3)	(12,4)	(12,5)	(13,3)	(13,4)	(13,5)	(14,3)	(14,4)	(14,5)	(15,3)	(15,4)	(15,5)	(16,4)	(16,5)	(17,4)	(17,5)	(18,4)	(18,5)	(19,4)	(19,5)	(20,4)	(20,5)	(21,3)	(21,6)	
(21,6):(6,5)	(7,6)	(8,4)	(8,5)	(8,6)	(9,5)	(9,6)	(10,5)	(10,6)	(11,2)	(11,4)	(11,5)	(12,3)	(12,4)	(12,5)	(13,2)	(13,3)	(13,4)	(13,5)	(14,3)	(14,4)	(14,5)	(15,3)	(15,4)	(15,5)	(16,4)	(16,5)	(17,4)	(17,5)	(18,4)	(18,5)	(19,4)	(19,5)	(20,4)	(20,5)	(21,3)	(21,6)	
(10,6):(6,5)	(7,6)	(7,7)	(7,8)	(7,9)	(8,4)	(8,5)	(8,6)	(8,7)	(8,8)	(9,5)	(9,6)	(9,7)	(9,8)	(10,5)	(10,6)	(10,7)	(10,8)	(11,4)	(11,5)	(12,3)	(12,4)	(12,5)	(13,2)	(13,3)	(13,4)	(13,5)	(14,2)	(14,3)	(14,4)	(14,5)	(15,1)	(15,3)	(15,4)	(15,5)	(16,4)	(16,5)	(17,4)	(17,5)	(18,4)	(18,5)	(19,4)	(19,5)	(20,4)	(20,5)	(21,3)	(21,6)	
(10,7):(6,5)	(7,6)	(7,7)	(7,8)	(7,9)	(8,4)	(8,5)	(8,6)	(8,7)	(8,8)	(9,5)	(9,6)	(9,7)	(9,8)	(10,5)	(10,6)	(10,7)	(10,8)	(11,8)	(12,8)	(13,8)	(14,8)	(15,8)	(16,8)	(17,8)	(18,8)	(19,7)	(19,8)	(20,9)	(21,9)	(22,9)	(23,9)	(24,9)	(25,9)	(26,9)	(27,9)	(28,9)	(28,10)	
(19,7):(7,7)	(7,8)	(7,9)	(8,7)	(8,8)	(9,7)	(9,8)	(10,7)	(10,8)	(11,8)	(12,8)	(13,8)	(14,8)	(15,8)	(16,8)	(17,8)	(18,8)	(19,7)	(19,8)	
(19,8):(7,7)	(7,8)	(7,9)	(8,7)	(8,8)	(9,7)	(9,8)	(10,7)	(10,8)	(11,8)	(12,8)	(13,8)	(14,8)	(15,8)	(16,8)	(17,8)	(18,8)	(19,7)	(19,8)	(20,9)	(21,9)	(22,9)	(23,9)	(24,9)	(25,9)	(26,9)	(27,9)	(28,9)	(28,10)	(29,8)	
(29,8):(7,8)	(7,9)	(8,8)	(9,8)	(10,8)	(11,8)	(12,8)	(13,8)	(14,8)	(15,8)	(16,8)	(17,8)	(18,8)	(19,8)	(20,9)	(20,10)	(21,9)	(22,9)	(23,9)	(24,9)	(25,9)	(26,9)	(27,9)	(28,9)	(28,10)	(28,13)	(29,8)	(29,13)	
(29,13):(28,9)	(28,10)	(28,13)	(29,8)	(29,13)	
(28,13):(28,9)	(28,10)	(28,13)	(29,8)	(29,13)	
(28,10):(7,7)	(8,7)	(9,7)	(10,7)	(12,8)	(13,8)	(14,8)	(15,8)	(16,8)	(17,8)	(18,8)	(19,8)	(20,9)	(20,10)	(21,9)	(22,9)	(23,9)	(24,9)	(25,9)	(26,9)	(27,9)	(28,9)	(28,10)	(28,13)	(29,8)	(29,13)	
(20,10):(20,9)	(20,10)	(21,9)	(22,9)	(23,9)	(24,9)	(25,9)	(26,9)	(27,9)	(28,9)	(28,10)	(29,8)	
(20,9):(7,7)	(7,8)	(7,9)	(8,7)	(8,8)	(9,7)	(9,8)	(10,7)	(10,8)	(11,8)	(12,8)	(13,8)	(14,8)	(15,8)	(16,8)	(17,8)	(18,8)	(19,8)	(20,9)	(20,10)	(21,9)	(22,9)	(23,9)	(24,9)	(25,9)	(26,9)	(27,9)	(28,9)	(28,10)	(29,8)	
(7,9):(6,5)	(6,14)	(6,15)	(7,6)	(7,7)	(7,8)	(7,9)	(7,12)	(7,13)	(7,14)	(7,15)	(8,5)	(8,6)	(8,7)	(8,8)	(9,5)	(9,6)	(9,7)	(9,8)	(10,5)	(10,6)	(10,7)	(10,8)	(11,4)	(11,5)	(11,8)	(12,3)	(12,4)	(12,8)	(13,2)	(13,3)	(13,8)	(14,2)	(14,8)	(15,1)	(15,8)	(16,8)	(17,8)	(18,8)	(19,7)	(19,8)	(20,9)	(21,9)	(22,9)	(23,9)	(24,9)	(25,9)	(26,9)	(27,9)	(28,9)	(29,8)	
(7,12):(6,5)	(6,14)	(6,15)	(7,6)	(7,7)	(7,8)	(7,9)	(7,12)	(7,13)	(7,14)	(7,15)	(8,13)	(8,14)	(8,15)	(9,13)	(9,14)	(9,15)	(10,13)	(10,14)	(10,15)	(11,13)	(11,14)	(11,15)	(12,13)	(12,14)	(12,15)	(12,16)	(13,13)	(13,14)	(13,15)	(13,16)	(14,12)	(14,13)	(14,14)	(14,15)	(14,16)	(14,17)	(15,12)	(15,13)	(15,14)	(15,15)	(15,16)	(15,17)	(16,12)	(16,13)	(16,14)	(16,15)	(16,16)	(16,17)	(17,17)	
(14,12):(3,15)	(3,16)	(4,15)	(5,15)	(6,14)	(6,15)	(7,12)	(7,13)	(7,14)	(7,15)	(8,13)	(8,14)	(8,15)	(9,13)	(9,14)	(9,15)	(10,13)	(10,14)	(10,15)	(11,13)	(11,14)	(11,15)	(12,13)	(12,14)	(12,15)	(12,16)	(12,18)	(13,13)	(13,14)	(13,15)	(13,16)	(13,17)	(14,11)	(14,12)	(14,13)	(14,14)	(14,15)	(14,16)	(14,17)	(15,12)	(15,13)	(15,14)	(15,15)	(15,16)	(15,17)	(16,12)	(16,13)	(16,14)	(16,15)	(16,16)	(16,17)	(17,11)	(17,17)	
(14,11):(14,11)	(14,12)	(14,13)	(14,14)	(14,15)	(14,16)	(14,17)	(15,12)	(15,13)	(15,14)	(15,15)	(15,16)	(15,17)	(16,12)	(16,13)	(16,14)	(16,15)	(16,16)	(16,17)	(17,11)	(17,17)	
(17,11):(3,16)	(5,15)	(6,15)	(7,15)	(8,14)	(8,15)	(9,14)	(9,15)	(10,14)	(10,15)	(11,13)	(11,14)	(11,15)	(12,13)	(12,14)	(12,15)	(12,16)	(12,18)	(13,13)	(13,14)	(13,15)	(13,16)	(13,17)	(14,11)	(14,12)	(14,13)	(14,14)	(14,15)	(14,16)	(14,17)	(15,12)	(15,13)	(15,14)	(15,15)	(15,16)	(15,17)	(16,12)	(16,13)	(16,14)	(16,15)	(16,16)	(16,17)	(17,11)	(17,17)	
(17,17):(2,14)	(6,14)	(7,12)	(7,13)	(7,14)	(7,15)	(8,13)	(8,14)	(8,15)	(9,13)	(9,14)	(9,15)	(10,13)	(10,14)	(10,15)	(11,13)	(11,14)	(11,15)	(12,13)	(12,14)	(12,15)	(12,16)	(12,18)	(13,13)	(13,14)	(13,15)	(13,16)	(13,17)	(14,11)	(14,12)	(14,13)	(14,14)	(14,15)	(14,16)	(14,17)	(15,12)	(15,13)	(15,14)	(15,15)	(15,16)	(15,17)	(16,12)	(16,13)	(16,14)	(16,15)	(16,16)	(16,17)	(17,11)	(17,17)	(24,17)	(25,18)	
(24,17):(12,18)	(13,17)	(14,17)	(15,17)	(16,17)	(17,17)	(24,15)	(24,17)	(25,15)	(25,18)	
(24,15):3.000000
(25,15):3.250000
(25,18):16.562500
(12,18):40.875000
(12,16):67.650002
(3,16):63.806820
(3,20):54.985714
(23,20):62.150002
(23,19):16.666666
(27,19):42.138889
(27,28):10.600000
(26,28):9.000000
(26,23):38.000000
(22,23):47.833332
(22,26):31.400000
(16,26):32.166668
(16,25):34.083332
(5,25):17.615385
(5,24):18.636364
(18,24):54.250000
(18,21):56.758335
(9,21):33.054764
(9,22):14.166667
(4,22):32.299999
(4,29):24.000000
(1,29):10.000000
(1,27):6.000000
(2,27):26.981817
(2,14):51.500000
(6,14):67.891670
(6,5):39.142857
(8,5):52.666668
(8,4):33.333332
(11,4):53.208332
(11,2):29.500000
(13,2):33.708332
(13,1):14.500000
(15,1):25.625000
(15,3):47.103573
(21,3):39.424126
(21,6):41.000000
(10,6):55.125000
(10,7):47.361111
(19,7):26.083334
(19,8):45.541668
(29,8):35.022728
(29,13):5.666667
(28,13):5.000000
(28,10):34.833332
(20,10):18.000000
(20,9):46.162498
(7,9):58.746429
(7,12):60.500000
(14,12):63.481819
(14,11):21.250000
(17,11):49.178570
(17,17):63.250000
(24,17):15.000000
(24,15),(25,15):3.000000
(24,15),(25,18):3.000000
(24,15),(12,18):1.041667
(24,15),(12,16):0.000000
(24,15),(3,16):0.000000
(24,15),(3,20):0.000000
(24,15),(23,20):0.000000
(24,15),(23,19):0.000000
(24,15),(27,19):0.000000
(24,15),(27,28):0.000000
(24,15),(26,28):0.000000
(24,15),(26,23):0.000000
(24,15),(22,23):0.000000
(24,15),(22,26):0.000000
(24,15),(16,26):0.000000
(24,15),(16,25):0.000000
(24,15),(5,25):0.000000
(24,15),(5,24):0.000000
(24,15),(18,24):0.000000
(24,15),(18,21):0.000000
(24,15),(9,21):0.000000
(24,15),(9,22):0.000000
(24,15),(4,22):0.000000
(24,15),(4,29):0.000000
(24,15),(1,29):0.000000
(24,15),(1,27):0.000000
(24,15),(2,27):0.000000
(24,15),(2,14):0.000000
(24,15),(6,14):0.000000
(24,15),(6,5):0.000000
(24,15),(8,5):0.000000
(24,15),(8,4):0.000000
(24,15),(11,4):0.000000
(24,15),(11,2):0.000000
(24,15),(13,2):0.000000
(24,15),(13,1):0.000000
(24,15),(15,1):0.000000
(24,15),(15,3):0.000000
(24,15),(21,3):0.000000
(24,15),(21,6):0.000000
(24,15),(10,6):0.000000
(24,15),(10,7):0.000000
(24,15),(19,7):0.000000
(24,15),(19,8):0.000000
(24,15),(29,8):0.000000
(24,15),(29,13):0.000000
(24,15),(28,13):0.000000
(24,15),(28,10):0.000000
(24,15),(20,10):0.000000
(24,15),(20,9):0.000000
(24,15),(7,9):0.000000
(24,15),(7,12):0.000000
(24,15),(14,12):0.000000
(24,15),(14,11):0.000000
(24,15),(17,11):0.000000
(24,15),(17,17):1.000000
(24,15),(24,17):3.000000
(25,15),(25,18):3.250000
(25,15),(12,18):1.291667
(25,15),(12,16):0.000000
(25,15),(3,16):0.000000
(25,15),(3,20):0.000000
(25,15),(23,20):0.000000
(25,15),(23,19):0.000000
(25,15),(27,19):0.000000
(25,15),(27,28):0.000000
(25,15),(26,28):0.000000
(25,15),(26,23):0.000000
(25,15),(22,23):0.000000
(25,15),(22,26):0.000000
(25,15),(16,26):0.000000
(25,15),(16,25):0.000000
(25,15),(5,25):0.000000
(25,15),(5,24):0.000000
(25,15),(18,24):0.000000
(25,15),(18,21):0.000000
(25,15),(9,21):0.000000
(25,15),(9,22):0.000000
(25,15),(4,22):0.000000
(25,15),(4,29):0.000000
(25,15),(1,29):0.000000
(25,15),(1,27):0.000000
(25,15),(2,27):0.000000
(25,15),(2,14):0.000000
(25,15),(6,14):0.000000
(25,15),(6,5):0.000000
(25,15),(8,5):0.000000
(25,15),(8,4):0.000000
(25,15),(11,4):0.000000
(25,15),(11,2):0.000000
(25,15),(13,2):0.000000
(25,15),(13,1):0.000000
(25,15),(15,1):0.000000
(25,15),(15,3):0.000000
(25,15),(21,3):0.000000
(25,15),(21,6):0.000000
(25,15),(10,6):0.000000
(25,15),(10,7):0.000000
(25,15),(19,7):0.000000
(25,15),(19,8):0.000000
(25,15),(29,8):0.000000
(25,15),(29,13):0.000000
(25,15),(28,13):0.000000
(25,15),(28,10):0.000000
(25,15),(20,10):0.000000
(25,15),(20,9):0.000000
(25,15),(7,9):0.000000
(25,15),(7,12):0.000000
(25,15),(14,12):0.000000
(25,15),(14,11):0.000000
(25,15),(17,11):0.000000
(25,15),(17,17):1.250000
(25,15),(24,17):3.250000
(25,18),(12,18):14.604167
(25,18),(12,16):9.062500
(25,18),(3,16):0.000000
(25,18),(3,20):0.000000
(25,18),(23,20):0.000000
(25,18),(23,19):0.000000
(25,18),(27,19):0.000000
(25,18),(27,28):0.000000
(25,18),(26,28):0.000000
(25,18),(26,23):0.000000
(25,18),(22,23):0.000000
(25,18),(22,26):0.000000
(25,18),(16,26):0.000000
(25,18),(16,25):0.000000
(25,18),(5,25):0.000000
(25,18),(5,24):0.000000
(25,18),(18,24):0.000000
(25,18),(18,21):0.000000
(25,18),(9,21):0.000000
(25,18),(9,22):0.000000
(25,18),(4,22):0.000000
(25,18),(4,29):0.000000
(25,18),(1,29):0.000000
(25,18),(1,27):0.000000
(25,18),(2,27):0.000000
(25,18),(2,14):0.000000
(25,18),(6,14):2.733333
(25,18),(6,5):0.000000
(25,18),(8,5):0.000000
(25,18),(8,4):0.000000
(25,18),(11,4):0.000000
(25,18),(11,2):0.000000
(25,18),(13,2):0.000000
(25,18),(13,1):0.000000
(25,18),(15,1):0.000000
(25,18),(15,3):0.000000
(25,18),(21,3):0.000000
(25,18),(21,6):0.000000
(25,18),(10,6):0.000000
(25,18),(10,7):0.000000
(25,18),(19,7):0.000000
(25,18),(19,8):0.000000
(25,18),(29,8):0.000000
(25,18),(29,13):0.000000
(25,18),(28,13):0.000000
(25,18),(28,10):0.000000
(25,18),(20,10):0.000000
(25,18),(20,9):0.000000
(25,18),(7,9):0.000000
(25,18),(7,12):5.166667
(25,18),(14,12):6.862500
(25,18),(14,11):3.812500
(25,18),(17,11):6.562500
(25,18),(17,17):14.562500
(25,18),(24,17):15.000000
(12,18),(12,16):35.250000
(12,18),(3,16):21.625000
(12,18),(3,20):0.000000
(12,18),(23,20):0.000000
(12,18),(23,19):0.000000
(12,18),(27,19):0.000000
(12,18),(27,28):0.000000
(12,18),(26,28):0.000000
(12,18),(26,23):0.000000
(12,18),(22,23):0.000000
(12,18),(22,26):0.000000
(12,18),(16,26):0.000000
(12,18),(16,25):0.000000
(12,18),(5,25):0.000000
(12,18),(5,24):0.000000
(12,18),(18,24):0.000000
(12,18),(18,21):0.000000
(12,18),(9,21):0.000000
(12,18),(9,22):0.000000
(12,18),(4,22):0.000000
(12,18),(4,29):0.000000
(12,18),(1,29):0.000000
(12,18),(1,27):0.000000
(12,18),(2,27):0.000000
(12,18),(2,14):12.500000
(12,18),(6,14):26.958334
(12,18),(6,5):0.000000
(12,18),(8,5):0.000000
(12,18),(8,4):0.000000
(12,18),(11,4):0.000000
(12,18),(11,2):0.000000
(12,18),(13,2):0.000000
(12,18),(13,1):0.000000
(12,18),(15,1):0.000000
(12,18),(15,3):0.000000
(12,18),(21,3):0.000000
(12,18),(21,6):0.000000
(12,18),(10,6):0.000000
(12,18),(10,7):0.000000
(12,18),(19,7):0.000000
(12,18),(19,8):0.000000
(12,18),(29,8):0.000000
(12,18),(29,13):0.000000
(12,18),(28,13):0.000000
(12,18),(28,10):0.000000
(12,18),(20,10):0.000000
(12,18),(20,9):0.000000
(12,18),(7,9):0.000000
(12,18),(7,12):28.500000
(12,18),(14,12):33.133335
(12,18),(14,11):21.083334
(12,18),(17,11):32.166668
(12,18),(17,17):40.833332
(12,18),(24,17):13.041667
(12,16),(3,16):50.625000
(12,16),(3,20):2.000000
(12,16),(23,20):0.000000
(12,16),(23,19):0.000000
(12,16),(27,19):0.000000
(12,16),(27,28):0.000000
(12,16),(26,28):0.000000
(12,16),(26,23):0.000000
(12,16),(22,23):0.000000
(12,16),(22,26):0.000000
(12,16),(16,26):0.000000
(12,16),(16,25):0.000000
(12,16),(5,25):0.000000
(12,16),(5,24):0.000000
(12,16),(18,24):0.000000
(12,16),(18,21):0.000000
(12,16),(9,21):0.000000
(12,16),(9,22):0.000000
(12,16),(4,22):0.000000
(12,16),(4,29):0.888889
(12,16),(1,29):0.000000
(12,16),(1,27):0.000000
(12,16),(2,27):2.181818
(12,16),(2,14):32.500000
(12,16),(6,14):59.358334
(12,16),(6,5):5.542857
(12,16),(8,5):0.337500
(12,16),(8,4):0.000000
(12,16),(11,4):0.000000
(12,16),(11,2):0.000000
(12,16),(13,2):0.000000
(12,16),(13,1):0.000000
(12,16),(15,1):0.000000
(12,16),(15,3):0.000000
(12,16),(21,3):0.000000
(12,16),(21,6):0.000000
(12,16),(10,6):0.000000
(12,16),(10,7):0.000000
(12,16),(19,7):0.000000
(12,16),(19,8):0.000000
(12,16),(29,8):0.000000
(12,16),(29,13):0.000000
(12,16),(28,13):0.000000
(12,16),(28,10):0.000000
(12,16),(20,10):0.000000
(12,16),(20,9):0.000000
(12,16),(7,9):4.800000
(12,16),(7,12):53.900002
(12,16),(14,12):63.049999
(12,16),(14,11):21.000000
(12,16),(17,11):48.750000
(12,16),(17,17):57.500000
(12,16),(24,17):7.500000
(3,16),(3,20):15.181818
(3,16),(23,20):1.464286
(3,16),(23,19):0.000000
(3,16),(27,19):0.000000
(3,16),(27,28):0.000000
(3,16),(26,28):0.000000
(3,16),(26,23):0.000000
(3,16),(22,23):0.000000
(3,16),(22,26):0.000000
(3,16),(16,26):0.000000
(3,16),(16,25):0.000000
(3,16),(5,25):0.000000
(3,16),(5,24):0.000000
(3,16),(18,24):0.000000
(3,16),(18,21):1.033333
(3,16),(9,21):2.383333
(3,16),(9,22):2.166667
(3,16),(4,22):10.181818
(3,16),(4,29):13.181818
(3,16),(1,29):3.181818
(3,16),(1,27):2.181818
(3,16),(2,27):15.363636
(3,16),(2,14):43.000000
(3,16),(6,14):50.458332
(3,16),(6,5):3.360249
(3,16),(8,5):0.000000
(3,16),(8,4):0.000000
(3,16),(11,4):0.000000
(3,16),(11,2):0.000000
(3,16),(13,2):0.000000
(3,16),(13,1):0.000000
(3,16),(15,1):0.000000
(3,16),(15,3):0.000000
(3,16),(21,3):0.000000
(3,16),(21,6):0.000000
(3,16),(10,6):0.000000
(3,16),(10,7):0.000000
(3,16),(19,7):0.000000
(3,16),(19,8):0.000000
(3,16),(29,8):0.000000
(3,16),(29,13):0.000000
(3,16),(28,13):0.000000
(3,16),(28,10):0.000000
(3,16),(20,10):0.000000
(3,16),(20,9):0.000000
(3,16),(7,9):2.733333
(3,16),(7,12):42.000000
(3,16),(14,12):48.806820
(3,16),(14,11):13.625000
(3,16),(17,11):37.803570
(3,16),(17,17):40.625000
(3,16),(24,17):0.000000
(3,20),(23,20):29.450001
(3,20),(23,19):5.866667
(3,20),(27,19):8.673684
(3,20),(27,28):2.248649
(3,20),(26,28):1.566667
(3,20),(26,23):13.700000
(3,20),(22,23):12.700000
(3,20),(22,26):4.933333
(3,20),(16,26):6.851103
(3,20),(16,25):3.552288
(3,20),(5,25):0.000000
(3,20),(5,24):0.000000
(3,20),(18,24):11.700000
(3,20),(18,21):27.733334
(3,20),(9,21):32.483334
(3,20),(9,22):14.166667
(3,20),(4,22):31.785715
(3,20),(4,29):22.285715
(3,20),(1,29):8.285714
(3,20),(1,27):4.285714
(3,20),(2,27):25.085714
(3,20),(2,14):21.000000
(3,20),(6,14):2.333333
(3,20),(6,5):0.000000
(3,20),(8,5):0.000000
(3,20),(8,4):0.000000
(3,20),(11,4):0.000000
(3,20),(11,2):0.000000
(3,20),(13,2):0.000000
(3,20),(13,1):0.000000
(3,20),(15,1):0.000000
(3,20),(15,3):0.000000
(3,20),(21,3):0.000000
(3,20),(21,6):0.000000
(3,20),(10,6):0.000000
(3,20),(10,7):0.000000
(3,20),(19,7):0.000000
(3,20),(19,8):0.000000
(3,20),(29,8):0.000000
(3,20),(29,13):0.000000
(3,20),(28,13):0.000000
(3,20),(28,10):0.000000
(3,20),(20,10):0.000000
(3,20),(20,9):0.000000
(3,20),(7,9):0.000000
(3,20),(7,12):0.000000
(3,20),(14,12):1.306818
(3,20),(14,11):0.000000
(3,20),(17,11):0.345238
(3,20),(17,17):0.100000
(3,20),(24,17):0.000000
(23,20),(23,19):16.500000
(23,20),(27,19):37.150002
(23,20),(27,28):6.100000
(23,20),(26,28):4.500000
(23,20),(26,23):33.500000
(23,20),(22,23):44.733334
(23,20),(22,26):25.299999
(23,20),(16,26):29.066668
(23,20),(16,25):19.983334
(23,20),(5,25):4.655702
(23,20),(5,24):5.356943
(23,20),(18,24):40.150002
(23,20),(18,21):55.224998
(23,20),(9,21):27.321428
(23,20),(9,22):8.750000
(23,20),(4,22):11.250000
(23,20),(4,29):2.857143
(23,20),(1,29):0.000000
(23,20),(1,27):0.000000
(23,20),(2,27):3.572059
(23,20),(2,14):1.632353
(23,20),(6,14):0.000000
(23,20),(6,5):0.000000
(23,20),(8,5):0.000000
(23,20),(8,4):0.000000
(23,20),(11,4):0.000000
(23,20),(11,2):0.000000
(23,20),(13,2):0.000000
(23,20),(13,1):0.000000
(23,20),(15,1):0.000000
(23,20),(15,3):0.000000
(23,20),(21,3):0.000000
(23,20),(21,6):0.000000
(23,20),(10,6):0.000000
(23,20),(10,7):0.000000
(23,20),(19,7):0.000000
(23,20),(19,8):0.000000
(23,20),(29,8):0.000000
(23,20),(29,13):0.000000
(23,20),(28,13):0.000000
(23,20),(28,10):0.000000
(23,20),(20,10):0.000000
(23,20),(20,9):0.000000
(23,20),(7,9):0.000000
(23,20),(7,12):0.000000
(23,20),(14,12):0.000000
(23,20),(14,11):0.000000
(23,20),(17,11):0.000000
(23,20),(17,17):0.000000
(23,20),(24,17):0.000000
(23,19),(27,19):16.666666
(23,19),(27,28):6.266667
(23,19),(26,28):4.666667
(23,19),(26,23):16.666666
(23,19),(22,23):15.833333
(23,19),(22,26):0.000000
(23,19),(16,26):9.416667
(23,19),(16,25):6.000000
(23,19),(5,25):0.000000
(23,19),(5,24):0.000000
(23,19),(18,24):12.375000
(23,19),(18,21):13.725000
(23,19),(9,21):4.571429
(23,19),(9,22):0.000000
(23,19),(4,22):0.000000
(23,19),(4,29):0.000000
(23,19),(1,29):0.000000
(23,19),(1,27):0.000000
(23,19),(2,27):0.000000
(23,19),(2,14):0.000000
(23,19),(6,14):0.000000
(23,19),(6,5):0.000000
(23,19),(8,5):0.000000
(23,19),(8,4):0.000000
(23,19),(11,4):0.000000
(23,19),(11,2):0.000000
(23,19),(13,2):0.000000
(23,19),(13,1):0.000000
(23,19),(15,1):0.000000
(23,19),(15,3):0.000000
(23,19),(21,3):0.000000
(23,19),(21,6):0.000000
(23,19),(10,6):0.000000
(23,19),(10,7):0.000000
(23,19),(19,7):0.000000
(23,19),(19,8):0.000000
(23,19),(29,8):0.000000
(23,19),(29,13):0.000000
(23,19),(28,13):0.000000
(23,19),(28,10):0.000000
(23,19),(20,10):0.000000
(23,19),(20,9):0.000000
(23,19),(7,9):0.000000
(23,19),(7,12):0.000000
(23,19),(14,12):0.000000
(23,19),(14,11):0.000000
(23,19),(17,11):0.000000
(23,19),(17,17):0.000000
(23,19),(24,17):0.000000
(27,19),(27,28):10.600000
(27,19),(26,28):9.000000
(27,19),(26,23):32.875000
(27,19),(22,23):36.972221
(27,19),(22,26):18.263889
(27,19),(16,26):25.263889
(27,19),(16,25):16.347221
(27,19),(5,25):3.346808
(27,19),(5,24):3.523438
(27,19),(18,24):33.388889
(27,19),(18,21):31.975000
(27,19),(9,21):6.571429
(27,19),(9,22):0.000000
(27,19),(4,22):0.000000
(27,19),(4,29):0.000000
(27,19),(1,29):0.000000
(27,19),(1,27):0.000000
(27,19),(2,27):0.000000
(27,19),(2,14):0.000000
(27,19),(6,14):0.000000
(27,19),(6,5):0.000000
(27,19),(8,5):0.000000
(27,19),(8,4):0.000000
(27,19),(11,4):0.000000
(27,19),(11,2):0.000000
(27,19),(13,2):0.000000
(27,19),(13,1):0.000000
(27,19),(15,1):0.000000
(27,19),(15,3):0.000000
(27,19),(21,3):0.000000
(27,19),(21,6):0.000000
(27,19),(10,6):0.000000
(27,19),(10,7):0.000000
(27,19),(19,7):0.000000
(27,19),(19,8):0.000000
(27,19),(29,8):0.000000
(27,19),(29,13):0.000000
(27,19),(28,13):0.000000
(27,19),(28,10):0.000000
(27,19),(20,10):0.000000
(27,19),(20,9):0.000000
(27,19),(7,9):0.000000
(27,19),(7,12):0.000000
(27,19),(14,12):0.000000
(27,19),(14,11):0.000000
(27,19),(17,11):0.000000
(27,19),(17,17):0.000000
(27,19),(24,17):0.000000
(27,28),(26,28):9.000000
(27,28),(26,23):10.600000
(27,28),(22,23):5.600000
(27,28),(22,26):0.000000
(27,28),(16,26):2.986364
(27,28),(16,25):2.401515
(27,28),(5,25):0.000000
(27,28),(5,24):0.000000
(27,28),(18,24):4.379762
(27,28),(18,21):5.071154
(27,28),(9,21):1.868612
(27,28),(9,22):0.000000
(27,28),(4,22):0.000000
(27,28),(4,29):0.000000
(27,28),(1,29):0.000000
(27,28),(1,27):0.000000
(27,28),(2,27):0.000000
(27,28),(2,14):0.000000
(27,28),(6,14):0.000000
(27,28),(6,5):0.000000
(27,28),(8,5):0.000000
(27,28),(8,4):0.000000
(27,28),(11,4):0.000000
(27,28),(11,2):0.000000
(27,28),(13,2):0.000000
(27,28),(13,1):0.000000
(27,28),(15,1):0.000000
(27,28),(15,3):0.000000
(27,28),(21,3):0.000000
(27,28),(21,6):0.000000
(27,28),(10,6):0.000000
(27,28),(10,7):0.000000
(27,28),(19,7):0.000000
(27,28),(19,8):0.000000
(27,28),(29,8):0.000000
(27,28),(29,13):0.000000
(27,28),(28,13):0.000000
(27,28),(28,10):0.000000
(27,28),(20,10):0.000000
(27,28),(20,9):0.000000
(27,28),(7,9):0.000000
(27,28),(7,12):0.000000
(27,28),(14,12):0.000000
(27,28),(14,11):0.000000
(27,28),(17,11):0.000000
(27,28),(17,17):0.000000
(27,28),(24,17):0.000000
(26,28),(26,23):9.000000
(26,28),(22,23):4.000000
(26,28),(22,26):0.000000
(26,28),(16,26):1.750000
(26,28),(16,25):1.750000
(26,28),(5,25):0.000000
(26,28),(5,24):0.000000
(26,28),(18,24):2.875000
(26,28),(18,21):3.825000
(26,28),(9,21):1.250000
(26,28),(9,22):0.000000
(26,28),(4,22):0.000000
(26,28),(4,29):0.000000
(26,28),(1,29):0.000000
(26,28),(1,27):0.000000
(26,28),(2,27):0.000000
(26,28),(2,14):0.000000
(26,28),(6,14):0.000000
(26,28),(6,5):0.000000
(26,28),(8,5):0.000000
(26,28),(8,4):0.000000
(26,28),(11,4):0.000000
(26,28),(11,2):0.000000
(26,28),(13,2):0.000000
(26,28),(13,1):0.000000
(26,28),(15,1):0.000000
(26,28),(15,3):0.000000
(26,28),(21,3):0.000000
(26,28),(21,6):0.000000
(26,28),(10,6):0.000000
(26,28),(10,7):0.000000
(26,28),(19,7):0.000000
(26,28),(19,8):0.000000
(26,28),(29,8):0.000000
(26,28),(29,13):0.000000
(26,28),(28,13):0.000000
(26,28),(28,10):0.000000
(26,28),(20,10):0.000000
(26,28),(20,9):0.000000
(26,28),(7,9):0.000000
(26,28),(7,12):0.000000
(26,28),(14,12):0.000000
(26,28),(14,11):0.000000
(26,28),(17,11):0.000000
(26,28),(17,17):0.000000
(26,28),(24,17):0.000000
(26,23),(22,23):31.833334
(26,23),(22,26):12.400000
(26,23),(16,26):16.666666
(26,23),(16,25):8.083333
(26,23),(5,25):0.000000
(26,23),(5,24):0.000000
(26,23),(18,24):27.250000
(26,23),(18,21):30.725000
(26,23),(9,21):11.571428
(26,23),(9,22):0.000000
(26,23),(4,22):0.000000
(26,23),(4,29):0.000000
(26,23),(1,29):0.000000
(26,23),(1,27):0.000000
(26,23),(2,27):0.000000
(26,23),(2,14):0.000000
(26,23),(6,14):0.000000
(26,23),(6,5):0.000000
(26,23),(8,5):0.000000
(26,23),(8,4):0.000000
(26,23),(11,4):0.000000
(26,23),(11,2):0.000000
(26,23),(13,2):0.000000
(26,23),(13,1):0.000000
(26,23),(15,1):0.000000
(26,23),(15,3):0.000000
(26,23),(21,3):0.000000
(26,23),(21,6):0.000000
(26,23),(10,6):0.000000
(26,23),(10,7):0.000000
(26,23),(19,7):0.000000
(26,23),(19,8):0.000000
(26,23),(29,8):0.000000
(26,23),(29,13):0.000000
(26,23),(28,13):0.000000
(26,23),(28,10):0.000000
(26,23),(20,10):0.000000
(26,23),(20,9):0.000000
(26,23),(7,9):0.000000
(26,23),(7,12):0.000000
(26,23),(14,12):0.000000
(26,23),(14,11):0.000000
(26,23),(17,11):0.000000
(26,23),(17,17):0.000000
(26,23),(24,17):0.000000
(22,23),(22,26):28.200001
(22,23),(16,26):31.666666
(22,23),(16,25):23.083334
(22,23),(5,25):6.615385
(22,23),(5,24):7.636364
(22,23),(18,24):43.250000
(22,23),(18,21):41.599998
(22,23),(9,21):10.571428
(22,23),(9,22):0.000000
(22,23),(4,22):0.000000
(22,23),(4,29):0.000000
(22,23),(1,29):0.000000
(22,23),(1,27):0.000000
(22,23),(2,27):0.000000
(22,23),(2,14):0.000000
(22,23),(6,14):0.000000
(22,23),(6,5):0.000000
(22,23),(8,5):0.000000
(22,23),(8,4):0.000000
(22,23),(11,4):0.000000
(22,23),(11,2):0.000000
(22,23),(13,2):0.000000
(22,23),(13,1):0.000000
(22,23),(15,1):0.000000
(22,23),(15,3):0.000000
(22,23),(21,3):0.000000
(22,23),(21,6):0.000000
(22,23),(10,6):0.000000
(22,23),(10,7):0.000000
(22,23),(19,7):0.000000
(22,23),(19,8):0.000000
(22,23),(29,8):0.000000
(22,23),(29,13):0.000000
(22,23),(28,13):0.000000
(22,23),(28,10):0.000000
(22,23),(20,10):0.000000
(22,23),(20,9):0.000000
(22,23),(7,9):0.000000
(22,23),(7,12):0.000000
(22,23),(14,12):0.000000
(22,23),(14,11):0.000000
(22,23),(17,11):0.000000
(22,23),(17,17):0.000000
(22,23),(24,17):0.000000
(22,26),(16,26):20.000000
(22,26),(16,25):19.000000
(22,26),(5,25):9.615385
(22,26),(5,24):10.636364
(22,26),(18,24):31.000000
(22,26),(18,21):24.400000
(22,26),(9,21):4.400000
(22,26),(9,22):0.000000
(22,26),(4,22):0.000000
(22,26),(4,29):0.000000
(22,26),(1,29):0.000000
(22,26),(1,27):0.000000
(22,26),(2,27):0.000000
(22,26),(2,14):0.000000
(22,26),(6,14):0.000000
(22,26),(6,5):0.000000
(22,26),(8,5):0.000000
(22,26),(8,4):0.000000
(22,26),(11,4):0.000000
(22,26),(11,2):0.000000
(22,26),(13,2):0.000000
(22,26),(13,1):0.000000
(22,26),(15,1):0.000000
(22,26),(15,3):0.000000
(22,26),(21,3):0.000000
(22,26),(21,6):0.000000
(22,26),(10,6):0.000000
(22,26),(10,7):0.000000
(22,26),(19,7):0.000000
(22,26),(19,8):0.000000
(22,26),(29,8):0.000000
(22,26),(29,13):0.000000
(22,26),(28,13):0.000000
(22,26),(28,10):0.000000
(22,26),(20,10):0.000000
(22,26),(20,9):0.000000
(22,26),(7,9):0.000000
(22,26),(7,12):0.000000
(22,26),(14,12):0.000000
(22,26),(14,11):0.000000
(22,26),(17,11):0.000000
(22,26),(17,17):0.000000
(22,26),(24,17):0.000000
(16,26),(16,25):21.000000
(16,26),(5,25):6.615385
(16,26),(5,24):7.636364
(16,26),(18,24):32.125000
(16,26),(18,21):26.350000
(16,26),(9,21):5.821429
(16,26),(9,22):0.000000
(16,26),(4,22):0.000000
(16,26),(4,29):0.000000
(16,26),(1,29):0.000000
(16,26),(1,27):0.000000
(16,26),(2,27):0.000000
(16,26),(2,14):0.000000
(16,26),(6,14):0.000000
(16,26),(6,5):0.000000
(16,26),(8,5):0.000000
(16,26),(8,4):0.000000
(16,26),(11,4):0.000000
(16,26),(11,2):0.000000
(16,26),(13,2):0.000000
(16,26),(13,1):0.000000
(16,26),(15,1):0.000000
(16,26),(15,3):0.000000
(16,26),(21,3):0.000000
(16,26),(21,6):0.000000
(16,26),(10,6):0.000000
(16,26),(10,7):0.000000
(16,26),(19,7):0.000000
(16,26),(19,8):0.000000
(16,26),(29,8):0.000000
(16,26),(29,13):0.000000
(16,26),(28,13):0.000000
(16,26),(28,10):0.000000
(16,26),(20,10):0.000000
(16,26),(20,9):0.000000
(16,26),(7,9):0.000000
(16,26),(7,12):0.000000
(16,26),(14,12):0.000000
(16,26),(14,11):0.000000
(16,26),(17,11):0.000000
(16,26),(17,17):0.000000
(16,26),(24,17):0.000000
(16,25),(5,25):17.615385
(16,25),(5,24):18.636364
(16,25),(18,24):34.083332
(16,25),(18,21):19.083334
(16,25),(9,21):2.196429
(16,25),(9,22):0.000000
(16,25),(4,22):0.000000
(16,25),(4,29):0.000000
(16,25),(1,29):0.000000
(16,25),(1,27):0.000000
(16,25),(2,27):0.000000
(16,25),(2,14):0.000000
(16,25),(6,14):0.000000
(16,25),(6,5):0.000000
(16,25),(8,5):0.000000
(16,25),(8,4):0.000000
(16,25),(11,4):0.000000
(16,25),(11,2):0.000000
(16,25),(13,2):0.000000
(16,25),(13,1):0.000000
(16,25),(15,1):0.000000
(16,25),(15,3):0.000000
(16,25),(21,3):0.000000
(16,25),(21,6):0.000000
(16,25),(10,6):0.000000
(16,25),(10,7):0.000000
(16,25),(19,7):0.000000
(16,25),(19,8):0.000000
(16,25),(29,8):0.000000
(16,25),(29,13):0.000000
(16,25),(28,13):0.000000
(16,25),(28,10):0.000000
(16,25),(20,10):0.000000
(16,25),(20,9):0.000000
(16,25),(7,9):0.000000
(16,25),(7,12):0.000000
(16,25),(14,12):0.000000
(16,25),(14,11):0.000000
(16,25),(17,11):0.000000
(16,25),(17,17):0.000000
(16,25),(24,17):0.000000
(5,25),(5,24):17.000000
(5,25),(18,24):17.615385
(5,25),(18,21):4.615385
(5,25),(9,21):0.000000
(5,25),(9,22):0.000000
(5,25),(4,22):0.000000
(5,25),(4,29):0.000000
(5,25),(1,29):0.000000
(5,25),(1,27):0.000000
(5,25),(2,27):0.000000
(5,25),(2,14):0.000000
(5,25),(6,14):0.000000
(5,25),(6,5):0.000000
(5,25),(8,5):0.000000
(5,25),(8,4):0.000000
(5,25),(11,4):0.000000
(5,25),(11,2):0.000000
(5,25),(13,2):0.000000
(5,25),(13,1):0.000000
(5,25),(15,1):0.000000
(5,25),(15,3):0.000000
(5,25),(21,3):0.000000
(5,25),(21,6):0.000000
(5,25),(10,6):0.000000
(5,25),(10,7):0.000000
(5,25),(19,7):0.000000
(5,25),(19,8):0.000000
(5,25),(29,8):0.000000
(5,25),(29,13):0.000000
(5,25),(28,13):0.000000
(5,25),(28,10):0.000000
(5,25),(20,10):0.000000
(5,25),(20,9):0.000000
(5,25),(7,9):0.000000
(5,25),(7,12):0.000000
(5,25),(14,12):0.000000
(5,25),(14,11):0.000000
(5,25),(17,11):0.000000
(5,25),(17,17):0.000000
(5,25),(24,17):0.000000
(5,24),(18,24):18.636364
(5,24),(18,21):5.454545
(5,24),(9,21):0.000000
(5,24),(9,22):0.000000
(5,24),(4,22):0.000000
(5,24),(4,29):0.000000
(5,24),(1,29):0.000000
(5,24),(1,27):0.000000
(5,24),(2,27):0.000000
(5,24),(2,14):0.000000
(5,24),(6,14):0.000000
(5,24),(6,5):0.000000
(5,24),(8,5):0.000000
(5,24),(8,4):0.000000
(5,24),(11,4):0.000000
(5,24),(11,2):0.000000
(5,24),(13,2):0.000000
(5,24),(13,1):0.000000
(5,24),(15,1):0.000000
(5,24),(15,3):0.000000
(5,24),(21,3):0.000000
(5,24),(21,6):0.000000
(5,24),(10,6):0.000000
(5,24),(10,7):0.000000
(5,24),(19,7):0.000000
(5,24),(19,8):0.000000
(5,24),(29,8):0.000000
(5,24),(29,13):0.000000
(5,24),(28,13):0.000000
(5,24),(28,10):0.000000
(5,24),(20,10):0.000000
(5,24),(20,9):0.000000
(5,24),(7,9):0.000000
(5,24),(7,12):0.000000
(5,24),(14,12):0.000000
(5,24),(14,11):0.000000
(5,24),(17,11):0.000000
(5,24),(17,17):0.000000
(5,24),(24,17):0.000000
(18,24),(18,21):37.474998
(18,24),(9,21):9.571428
(18,24),(9,22):0.000000
(18,24),(4,22):0.000000
(18,24),(4,29):0.000000
(18,24),(1,29):0.000000
(18,24),(1,27):0.000000
(18,24),(2,27):0.000000
(18,24),(2,14):0.000000
(18,24),(6,14):0.000000
(18,24),(6,5):0.000000
(18,24),(8,5):0.000000
(18,24),(8,4):0.000000
(18,24),(11,4):0.000000
(18,24),(11,2):0.000000
(18,24),(13,2):0.000000
(18,24),(13,1):0.000000
(18,24),(15,1):0.000000
(18,24),(15,3):0.000000
(18,24),(21,3):0.000000
(18,24),(21,6):0.000000
(18,24),(10,6):0.000000
(18,24),(10,7):0.000000
(18,24),(19,7):0.000000
(18,24),(19,8):0.000000
(18,24),(29,8):0.000000
(18,24),(29,13):0.000000
(18,24),(28,13):0.000000
(18,24),(28,10):0.000000
(18,24),(20,10):0.000000
(18,24),(20,9):0.000000
(18,24),(7,9):0.000000
(18,24),(7,12):0.000000
(18,24),(14,12):0.000000
(18,24),(14,11):0.000000
(18,24),(17,11):0.000000
(18,24),(17,17):0.000000
(18,24),(24,17):0.000000
(18,21),(9,21):25.604761
(18,21),(9,22):7.033333
(18,21),(4,22):9.533334
(18,21),(4,29):2.033333
(18,21),(1,29):0.000000
(18,21),(1,27):0.000000
(18,21),(2,27):2.633333
(18,21),(2,14):1.116667
(18,21),(6,14):0.000000
(18,21),(6,5):0.000000
(18,21),(8,5):0.000000
(18,21),(8,4):0.000000
(18,21),(11,4):0.000000
(18,21),(11,2):0.000000
(18,21),(13,2):0.000000
(18,21),(13,1):0.000000
(18,21),(15,1):0.000000
(18,21),(15,3):0.000000
(18,21),(21,3):0.000000
(18,21),(21,6):0.000000
(18,21),(10,6):0.000000
(18,21),(10,7):0.000000
(18,21),(19,7):0.000000
(18,21),(19,8):0.000000
(18,21),(29,8):0.000000
(18,21),(29,13):0.000000
(18,21),(28,13):0.000000
(18,21),(28,10):0.000000
(18,21),(20,10):0.000000
(18,21),(20,9):0.000000
(18,21),(7,9):0.000000
(18,21),(7,12):0.000000
(18,21),(14,12):0.000000
(18,21),(14,11):0.000000
(18,21),(17,11):0.000000
(18,21),(17,17):0.000000
(18,21),(24,17):0.000000
(9,21),(9,22):14.083333
(9,21),(4,22):16.983334
(9,21),(4,29):4.483333
(9,21),(1,29):0.000000
(9,21),(1,27):0.000000
(9,21),(2,27):5.283333
(9,21),(2,14):2.773656
(9,21),(6,14):0.000000
(9,21),(6,5):0.000000
(9,21),(8,5):0.000000
(9,21),(8,4):0.000000
(9,21),(11,4):0.000000
(9,21),(11,2):0.000000
(9,21),(13,2):0.000000
(9,21),(13,1):0.000000
(9,21),(15,1):0.000000
(9,21),(15,3):0.000000
(9,21),(21,3):0.000000
(9,21),(21,6):0.000000
(9,21),(10,6):0.000000
(9,21),(10,7):0.000000
(9,21),(19,7):0.000000
(9,21),(19,8):0.000000
(9,21),(29,8):0.000000
(9,21),(29,13):0.000000
(9,21),(28,13):0.000000
(9,21),(28,10):0.000000
(9,21),(20,10):0.000000
(9,21),(20,9):0.000000
(9,21),(7,9):0.000000
(9,21),(7,12):0.000000
(9,21),(14,12):0.000000
(9,21),(14,11):0.000000
(9,21),(17,11):0.000000
(9,21),(17,17):0.000000
(9,21),(24,17):0.000000
(9,22),(4,22):14.166667
(9,22),(4,29):4.166667
(9,22),(1,29):0.000000
(9,22),(1,27):0.000000
(9,22),(2,27):4.966667
(9,22),(2,14):2.500000
(9,22),(6,14):0.000000
(9,22),(6,5):0.000000
(9,22),(8,5):0.000000
(9,22),(8,4):0.000000
(9,22),(11,4):0.000000
(9,22),(11,2):0.000000
(9,22),(13,2):0.000000
(9,22),(13,1):0.000000
(9,22),(15,1):0.000000
(9,22),(15,3):0.000000
(9,22),(21,3):0.000000
(9,22),(21,6):0.000000
(9,22),(10,6):0.000000
(9,22),(10,7):0.000000
(9,22),(19,7):0.000000
(9,22),(19,8):0.000000
(9,22),(29,8):0.000000
(9,22),(29,13):0.000000
(9,22),(28,13):0.000000
(9,22),(28,10):0.000000
(9,22),(20,10):0.000000
(9,22),(20,9):0.000000
(9,22),(7,9):0.000000
(9,22),(7,12):0.000000
(9,22),(14,12):0.000000
(9,22),(14,11):0.000000
(9,22),(17,11):0.000000
(9,22),(17,17):0.000000
(9,22),(24,17):0.000000
(4,22),(4,29):19.799999
(4,22),(1,29):8.800000
(4,22),(1,27):4.800000
(4,22),(2,27):20.600000
(4,22),(2,14):16.000000
(4,22),(6,14):0.000000
(4,22),(6,5):0.000000
(4,22),(8,5):0.000000
(4,22),(8,4):0.000000
(4,22),(11,4):0.000000
(4,22),(11,2):0.000000
(4,22),(13,2):0.000000
(4,22),(13,1):0.000000
(4,22),(15,1):0.000000
(4,22),(15,3):0.000000
(4,22),(21,3):0.000000
(4,22),(21,6):0.000000
(4,22),(10,6):0.000000
(4,22),(10,7):0.000000
(4,22),(19,7):0.000000
(4,22),(19,8):0.000000
(4,22),(29,8):0.000000
(4,22),(29,13):0.000000
(4,22),(28,13):0.000000
(4,22),(28,10):0.000000
(4,22),(20,10):0.000000
(4,22),(20,9):0.000000
(4,22),(7,9):0.000000
(4,22),(7,12):0.000000
(4,22),(14,12):0.000000
(4,22),(14,11):0.000000
(4,22),(17,11):0.000000
(4,22),(17,17):0.000000
(4,22),(24,17):0.000000
(4,29),(1,29):10.000000
(4,29),(1,27):6.000000
(4,29),(2,27):24.000000
(4,29),(2,14):19.000000
(4,29),(6,14):1.160920
(4,29),(6,5):0.000000
(4,29),(8,5):0.000000
(4,29),(8,4):0.000000
(4,29),(11,4):0.000000
(4,29),(11,2):0.000000
(4,29),(13,2):0.000000
(4,29),(13,1):0.000000
(4,29),(15,1):0.000000
(4,29),(15,3):0.000000
(4,29),(21,3):0.000000
(4,29),(21,6):0.000000
(4,29),(10,6):0.000000
(4,29),(10,7):0.000000
(4,29),(19,7):0.000000
(4,29),(19,8):0.000000
(4,29),(29,8):0.000000
(4,29),(29,13):0.000000
(4,29),(28,13):0.000000
(4,29),(28,10):0.000000
(4,29),(20,10):0.000000
(4,29),(20,9):0.000000
(4,29),(7,9):0.000000
(4,29),(7,12):0.000000
(4,29),(14,12):0.671322
(4,29),(14,11):0.000000
(4,29),(17,11):0.194248
(4,29),(17,17):0.011364
(4,29),(24,17):0.000000
(1,29),(1,27):6.000000
(1,29),(2,27):10.000000
(1,29),(2,14):7.437500
(1,29),(6,14):0.000000
(1,29),(6,5):0.000000
(1,29),(8,5):0.000000
(1,29),(8,4):0.000000
(1,29),(11,4):0.000000
(1,29),(11,2):0.000000
(1,29),(13,2):0.000000
(1,29),(13,1):0.000000
(1,29),(15,1):0.000000
(1,29),(15,3):0.000000
(1,29),(21,3):0.000000
(1,29),(21,6):0.000000
(1,29),(10,6):0.000000
(1,29),(10,7):0.000000
(1,29),(19,7):0.000000
(1,29),(19,8):0.000000
(1,29),(29,8):0.000000
(1,29),(29,13):0.000000
(1,29),(28,13):0.000000
(1,29),(28,10):0.000000
(1,29),(20,10):0.000000
(1,29),(20,9):0.000000
(1,29),(7,9):0.000000
(1,29),(7,12):0.000000
(1,29),(14,12):0.000000
(1,29),(14,11):0.000000
(1,29),(17,11):0.000000
(1,29),(17,17):0.000000
(1,29),(24,17):0.000000
(1,27),(2,27):6.000000
(1,27),(2,14):4.000000
(1,27),(6,14):0.000000
(1,27),(6,5):0.000000
(1,27),(8,5):0.000000
(1,27),(8,4):0.000000
(1,27),(11,4):0.000000
(1,27),(11,2):0.000000
(1,27),(13,2):0.000000
(1,27),(13,1):0.000000
(1,27),(15,1):0.000000
(1,27),(15,3):0.000000
(1,27),(21,3):0.000000
(1,27),(21,6):0.000000
(1,27),(10,6):0.000000
(1,27),(10,7):0.000000
(1,27),(19,7):0.000000
(1,27),(19,8):0.000000
(1,27),(29,8):0.000000
(1,27),(29,13):0.000000
(1,27),(28,13):0.000000
(1,27),(28,10):0.000000
(1,27),(20,10):0.000000
(1,27),(20,9):0.000000
(1,27),(7,9):0.000000
(1,27),(7,12):0.000000
(1,27),(14,12):0.000000
(1,27),(14,11):0.000000
(1,27),(17,11):0.000000
(1,27),(17,17):0.000000
(1,27),(24,17):0.000000
(2,27),(2,14):21.181818
(2,27),(6,14):2.515152
(2,27),(6,5):0.000000
(2,27),(8,5):0.000000
(2,27),(8,4):0.000000
(2,27),(11,4):0.000000
(2,27),(11,2):0.000000
(2,27),(13,2):0.000000
(2,27),(13,1):0.000000
(2,27),(15,1):0.000000
(2,27),(15,3):0.000000
(2,27),(21,3):0.000000
(2,27),(21,6):0.000000
(2,27),(10,6):0.000000
(2,27),(10,7):0.000000
(2,27),(19,7):0.000000
(2,27),(19,8):0.000000
(2,27),(29,8):0.000000
(2,27),(29,13):0.000000
(2,27),(28,13):0.000000
(2,27),(28,10):0.000000
(2,27),(20,10):0.000000
(2,27),(20,9):0.000000
(2,27),(7,9):0.000000
(2,27),(7,12):0.000000
(2,27),(14,12):1.379493
(2,27),(14,11):0.000000
(2,27),(17,11):0.350446
(2,27),(17,17):0.137175
(2,27),(24,17):0.000000
(2,14),(6,14):32.833332
(2,14),(6,5):2.857143
(2,14),(8,5):0.000000
(2,14),(8,4):0.000000
(2,14),(11,4):0.000000
(2,14),(11,2):0.000000
(2,14),(13,2):0.000000
(2,14),(13,1):0.000000
(2,14),(15,1):0.000000
(2,14),(15,3):0.000000
(2,14),(21,3):0.000000
(2,14),(21,6):0.000000
(2,14),(10,6):0.000000
(2,14),(10,7):0.000000
(2,14),(19,7):0.000000
(2,14),(19,8):0.000000
(2,14),(29,8):0.000000
(2,14),(29,13):0.000000
(2,14),(28,13):0.000000
(2,14),(28,10):0.000000
(2,14),(20,10):0.000000
(2,14),(20,9):0.000000
(2,14),(7,9):2.400000
(2,14),(7,12):25.500000
(2,14),(14,12):30.681818
(2,14),(14,11):8.100000
(2,14),(17,11):26.678572
(2,14),(17,17):22.500000
(2,14),(24,17):0.000000
(6,14),(6,5):13.742857
(6,14),(8,5):7.600000
(6,14),(8,4):0.000000
(6,14),(11,4):5.565476
(6,14),(11,2):0.000000
(6,14),(13,2):1.208333
(6,14),(13,1):0.000000
(6,14),(15,1):2.595588
(6,14),(15,3):3.970996
(6,14),(21,3):2.746531
(6,14),(21,6):1.700000
(6,14),(10,6):6.100000
(6,14),(10,7):5.933333
(6,14),(19,7):2.483333
(6,14),(19,8):2.963164
(6,14),(29,8):1.122727
(6,14),(29,13):0.000000
(6,14),(28,13):0.000000
(6,14),(28,10):1.243050
(6,14),(20,10):0.000000
(6,14),(20,9):3.350000
(6,14),(7,9):13.000000
(6,14),(7,12):57.000000
(6,14),(14,12):55.640152
(6,14),(14,11):16.758333
(6,14),(17,11):41.470238
(6,14),(17,17):49.208332
(6,14),(24,17):2.333333
(6,5),(8,5):31.000000
(6,5),(8,4):20.333334
(6,5),(11,4):24.708334
(6,5),(11,2):10.000000
(6,5),(13,2):15.208333
(6,5),(13,1):4.500000
(6,5),(15,1):11.958333
(6,5),(15,3):19.228571
(6,5),(21,3):16.874126
(6,5),(21,6):15.000000
(6,5),(10,6):27.500000
(6,5),(10,7):20.333334
(6,5),(19,7):12.083333
(6,5),(19,8):12.930555
(6,5),(29,8):7.022727
(6,5),(29,13):0.000000
(6,5),(28,13):0.000000
(6,5),(28,10):4.083333
(6,5),(20,10):0.000000
(6,5),(20,9):13.600000
(6,5),(7,9):27.500000
(6,5),(7,12):12.142858
(6,5),(14,12):5.142857
(6,5),(14,11):0.000000
(6,5),(17,11):2.271645
(6,5),(17,17):3.811765
(6,5),(24,17):0.000000
(8,5),(8,4):33.333332
(8,5),(11,4):46.375000
(8,5),(11,2):24.166666
(8,5),(13,2):26.375000
(8,5),(13,1):10.500000
(8,5),(15,1):19.291666
(8,5),(15,3):39.770237
(8,5),(21,3):37.924126
(8,5),(21,6):36.599998
(8,5),(10,6):49.166668
(8,5),(10,7):20.333334
(8,5),(19,7):10.083333
(8,5),(19,8):10.930555
(8,5),(29,8):5.522727
(8,5),(29,13):0.000000
(8,5),(28,13):0.000000
(8,5),(28,10):3.654762
(8,5),(20,10):0.000000
(8,5),(20,9):11.600000
(8,5),(7,9):24.125000
(8,5),(7,12):6.000000
(8,5),(14,12):0.125000
(8,5),(14,11):0.000000
(8,5),(17,11):0.000000
(8,5),(17,17):0.250000
(8,5),(24,17):0.000000
(8,4),(11,4):29.750000
(8,4),(11,2):19.500000
(8,4),(13,2):20.166666
(8,4),(13,1):8.000000
(8,4),(15,1):12.625000
(8,4),(15,3):26.075001
(8,4),(21,3):26.095455
(8,4),(21,6):26.000000
(8,4),(10,6):32.000000
(8,4),(10,7):11.333333
(8,4),(19,7):5.333333
(8,4),(19,8):5.555555
(8,4),(29,8):3.000000
(8,4),(29,13):0.000000
(8,4),(28,13):0.000000
(8,4),(28,10):1.787879
(8,4),(20,10):0.000000
(8,4),(20,9):5.733333
(8,4),(7,9):13.208333
(8,4),(7,12):0.000000
(8,4),(14,12):0.000000
(8,4),(14,11):0.000000
(8,4),(17,11):0.000000
(8,4),(17,17):0.000000
(8,4),(24,17):0.000000
(11,4),(11,2):29.500000
(11,4),(13,2):33.208332
(11,4),(13,1):14.000000
(11,4),(15,1):25.125000
(11,4),(15,3):46.508335
(11,4),(21,3):39.065151
(11,4),(21,6):40.333332
(11,4),(10,6):52.083332
(11,4),(10,7):15.416667
(11,4),(19,7):6.083333
(11,4),(19,8):6.917397
(11,4),(29,8):2.772727
(11,4),(29,13):0.000000
(11,4),(28,13):0.000000
(11,4),(28,10):2.843514
(11,4),(20,10):0.000000
(11,4),(20,9):7.577273
(11,4),(7,9):20.983334
(11,4),(7,12):4.125000
(11,4),(14,12):0.000000
(11,4),(14,11):0.000000
(11,4),(17,11):0.000000
(11,4),(17,17):0.000000
(11,4),(24,17):0.000000
(11,2),(13,2):25.000000
(11,2),(13,1):12.500000
(11,2),(15,1):15.000000
(11,2),(15,3):29.500000
(11,2),(21,3):25.500000
(11,2),(21,6):28.500000
(11,2),(10,6):28.500000
(11,2),(10,7):0.000000
(11,2),(19,7):0.000000
(11,2),(19,8):0.000000
(11,2),(29,8):0.000000
(11,2),(29,13):0.000000
(11,2),(28,13):0.000000
(11,2),(28,10):0.000000
(11,2),(20,10):0.000000
(11,2),(20,9):0.000000
(11,2),(7,9):2.900000
(11,2),(7,12):0.000000
(11,2),(14,12):0.000000
(11,2),(14,11):0.000000
(11,2),(17,11):0.000000
(11,2),(17,17):0.000000
(11,2),(24,17):0.000000
(13,2),(13,1):14.500000
(13,2),(15,1):22.500000
(13,2),(15,3):29.750000
(13,2),(21,3):23.187500
(13,2),(21,6):26.000000
(13,2),(10,6):32.250000
(13,2),(10,7):4.958333
(13,2),(19,7):3.083333
(13,2),(19,8):3.212821
(13,2),(29,8):1.647727
(13,2),(29,13):0.000000
(13,2),(28,13):0.000000
(13,2),(28,10):0.930159
(13,2),(20,10):0.000000
(13,2),(20,9):3.284420
(13,2),(7,9):10.179762
(13,2),(7,12):1.083333
(13,2),(14,12):0.000000
(13,2),(14,11):0.000000
(13,2),(17,11):0.000000
(13,2),(17,17):0.000000
(13,2),(24,17):0.000000
(13,1),(15,1):10.000000
(13,1),(15,3):14.500000
(13,1),(21,3):10.500000
(13,1),(21,6):11.500000
(13,1),(10,6):14.125000
(13,1),(10,7):0.000000
(13,1),(19,7):0.000000
(13,1),(19,8):0.000000
(13,1),(29,8):0.000000
(13,1),(29,13):0.000000
(13,1),(28,13):0.000000
(13,1),(28,10):0.000000
(13,1),(20,10):0.000000
(13,1),(20,9):0.000000
(13,1),(7,9):1.571429
(13,1),(7,12):0.000000
(13,1),(14,12):0.000000
(13,1),(14,11):0.000000
(13,1),(17,11):0.000000
(13,1),(17,17):0.000000
(13,1),(24,17):0.000000
(15,1),(15,3):22.424999
(15,1),(21,3):15.261905
(15,1),(21,6):16.666666
(15,1),(10,6):24.916666
(15,1),(10,7):6.833333
(15,1),(19,7):3.708333
(15,1),(19,8):4.052151
(15,1),(29,8):1.522727
(15,1),(29,13):0.000000
(15,1),(28,13):0.000000
(15,1),(28,10):1.448954
(15,1),(20,10):0.000000
(15,1),(20,9):4.252193
(15,1),(7,9):12.029762
(15,1),(7,12):2.125000
(15,1),(14,12):0.000000
(15,1),(14,11):0.000000
(15,1),(17,11):0.000000
(15,1),(17,17):0.000000
(15,1),(24,17):0.000000
(15,3),(21,3):38.485390
(15,3),(21,6):39.303570
(15,3),(10,6):45.728573
(15,3),(10,7):9.228572
(15,3),(19,7):1.633333
(15,3),(19,8):2.392014
(15,3),(29,8):0.133333
(15,3),(29,13):0.000000
(15,3),(28,13):0.000000
(15,3),(28,10):1.873438
(15,3),(20,10):0.000000
(15,3),(20,9):3.025000
(15,3),(7,9):14.566667
(15,3),(7,12):2.671429
(15,3),(14,12):0.000000
(15,3),(14,11):0.000000
(15,3),(17,11):0.000000
(15,3),(17,17):0.000000
(15,3),(24,17):0.000000
(21,3),(21,6):37.242310
(21,3),(10,6):39.174126
(21,3),(10,7):7.474126
(21,3),(19,7):0.015152
(21,3),(19,8):0.373339
(21,3),(29,8):0.000000
(21,3),(29,13):0.000000
(21,3),(28,13):0.000000
(21,3),(28,10):0.653083
(21,3),(20,10):0.000000
(21,3),(20,9):0.839511
(21,3),(7,9):10.461306
(21,3),(7,12):1.723776
(21,3),(14,12):0.000000
(21,3),(14,11):0.000000
(21,3),(17,11):0.000000
(21,3),(17,17):0.000000
(21,3),(24,17):0.000000
(21,6),(10,6):40.000000
(21,6),(10,7):6.000000
(21,6),(19,7):0.000000
(21,6),(19,8):0.000000
(21,6),(29,8):0.000000
(21,6),(29,13):0.000000
(21,6),(28,13):0.000000
(21,6),(28,10):0.000000
(21,6),(20,10):0.000000
(21,6),(20,9):0.000000
(21,6),(7,9):10.108334
(21,6),(7,12):1.000000
(21,6),(14,12):0.000000
(21,6),(14,11):0.000000
(21,6),(17,11):0.000000
(21,6),(17,17):0.000000
(21,6),(24,17):0.000000
(10,6),(10,7):18.333334
(10,6),(19,7):8.083333
(10,6),(19,8):8.930555
(10,6),(29,8):4.022727
(10,6),(29,13):0.000000
(10,6),(28,13):0.000000
(10,6),(28,10):3.333333
(10,6),(20,10):0.000000
(10,6),(20,9):9.600000
(10,6),(7,9):23.846428
(10,6),(7,12):4.500000
(10,6),(14,12):0.000000
(10,6),(14,11):0.000000
(10,6),(17,11):0.000000
(10,6),(17,17):0.000000
(10,6),(24,17):0.000000
(10,7),(19,7):26.083334
(10,7),(19,8):37.958332
(10,7),(29,8):24.050505
(10,7),(29,13):1.200855
(10,7),(28,13):1.027778
(10,7),(28,10):23.861111
(10,7),(20,10):10.000000
(10,7),(20,9):38.106945
(10,7),(7,9):40.708332
(10,7),(7,12):4.333333
(10,7),(14,12):0.000000
(10,7),(14,11):0.000000
(10,7),(17,11):0.000000
(10,7),(17,17):0.000000
(10,7),(24,17):0.000000
(19,7),(19,8):26.041666
(19,7),(29,8):13.022727
(19,7),(29,13):0.000000
(19,7),(28,13):0.000000
(19,7),(28,10):11.562500
(19,7),(20,10):0.000000
(19,7),(20,9):25.500000
(19,7),(7,9):26.083334
(19,7),(7,12):2.083333
(19,7),(14,12):0.000000
(19,7),(14,11):0.000000
(19,7),(17,11):0.000000
(19,7),(17,17):0.000000
(19,7),(24,17):0.000000
(19,8),(29,8):31.633839
(19,8),(29,13):2.777778
(19,8),(28,13):2.111111
(19,8),(28,10):31.000000
(19,8),(20,10):17.500000
(19,8),(20,9):44.951389
(19,8),(7,9):36.930557
(19,8),(7,12):2.430556
(19,8),(14,12):0.000000
(19,8),(14,11):0.000000
(19,8),(17,11):0.000000
(19,8),(17,17):0.000000
(19,8),(24,17):0.000000
(29,8),(29,13):5.666667
(29,8),(28,13):5.000000
(29,8),(28,10):25.000000
(29,8),(20,10):18.000000
(29,8),(20,9):32.062500
(29,8),(7,9):23.022728
(29,8),(7,12):1.022727
(29,8),(14,12):0.000000
(29,8),(14,11):0.000000
(29,8),(17,11):0.000000
(29,8),(17,17):0.000000
(29,8),(24,17):0.000000
(29,13),(28,13):5.000000
(29,13),(28,10):5.666667
(29,13),(20,10):2.666667
(29,13),(20,9):2.729167
(29,13),(7,9):1.500000
(29,13),(7,12):0.000000
(29,13),(14,12):0.000000
(29,13),(14,11):0.000000
(29,13),(17,11):0.000000
(29,13),(17,17):0.000000
(29,13),(24,17):0.000000
(28,13),(28,10):5.000000
(28,13),(20,10):2.000000
(28,13),(20,9):2.062500
(28,13),(7,9):1.000000
(28,13),(7,12):0.000000
(28,13),(14,12):0.000000
(28,13),(14,11):0.000000
(28,13),(17,11):0.000000
(28,13),(17,17):0.000000
(28,13),(24,17):0.000000
(28,10),(20,10):18.000000
(28,10),(20,9):31.895834
(28,10),(7,9):22.833334
(28,10),(7,12):0.895833
(28,10),(14,12):0.000000
(28,10),(14,11):0.000000
(28,10),(17,11):0.000000
(28,10),(17,17):0.000000
(28,10),(24,17):0.000000
(20,10),(20,9):18.000000
(20,10),(7,9):9.000000
(20,10),(7,12):0.000000
(20,10),(14,12):0.000000
(20,10),(14,11):0.000000
(20,10),(17,11):0.000000
(20,10),(17,17):0.000000
(20,10),(24,17):0.000000
(20,9),(7,9):37.099998
(20,9),(7,12):2.700000
(20,9),(14,12):0.000000
(20,9),(14,11):0.000000
(20,9),(17,11):0.000000
(20,9),(17,17):0.000000
(20,9),(24,17):0.000000
(7,9),(7,12):11.400000
(7,9),(14,12):4.400000
(7,9),(14,11):0.000000
(7,9),(17,11):1.852381
(7,9),(17,17):3.211539
(7,9),(24,17):0.000000
(7,12),(14,12):52.799999
(7,12),(14,11):18.150000
(7,12),(17,11):41.700001
(7,12),(17,17):49.295456
(7,12),(24,17):4.125000
(14,12),(14,11):21.250000
(14,12),(17,11):49.178570
(14,12),(17,17):54.411110
(14,12),(24,17):5.300000
(14,11),(17,11):21.000000
(14,11),(17,17):21.250000
(14,11),(24,17):3.250000
(17,11),(17,17):42.750000
(17,11),(24,17):5.000000
(17,17),(24,17):13.000000
