72
(27,23):(26,20)	(26,27)	(26,28)	(26,29)	(26,30)	(27,21)	(27,22)	(27,23)	(27,30)	(28,20)	(28,21)	(28,22)	(29,22)	(30,22)	(31,22)	(32,22)	(33,22)	(34,22)	(35,22)	(36,21)	(36,23)	
(27,30):(18,21)	(18,22)	(18,23)	(18,24)	(18,25)	(18,26)	(18,27)	(18,28)	(18,29)	(18,30)	(18,31)	(19,22)	(19,23)	(19,24)	(19,25)	(19,26)	(19,27)	(19,28)	(19,29)	(19,30)	(19,31)	(20,23)	(20,24)	(20,25)	(20,26)	(20,27)	(20,28)	(20,29)	(20,30)	(20,31)	(21,24)	(21,25)	(21,26)	(21,27)	(21,28)	(21,29)	(21,30)	(22,25)	(22,26)	(22,27)	(22,28)	(22,29)	(22,30)	(23,25)	(23,26)	(23,27)	(23,28)	(23,29)	(23,30)	(24,26)	(24,27)	(24,28)	(24,29)	(24,30)	(25,27)	(25,28)	(25,29)	(25,30)	(26,20)	(26,27)	(26,28)	(26,29)	(26,30)	(27,21)	(27,22)	(27,23)	(27,30)	(29,30)	(29,31)	
(29,30):(18,30)	(18,31)	(19,30)	(19,31)	(20,30)	(20,31)	(21,30)	(22,30)	(23,30)	(24,30)	(25,30)	(26,30)	(27,30)	(29,30)	(29,31)	
(29,31):(18,26)	(18,27)	(18,28)	(18,29)	(18,30)	(18,31)	(19,26)	(19,27)	(19,28)	(19,29)	(19,30)	(19,31)	(20,27)	(20,28)	(20,29)	(20,30)	(20,31)	(21,27)	(21,28)	(21,29)	(21,30)	(22,28)	(22,29)	(22,30)	(23,28)	(23,29)	(23,30)	(24,29)	(24,30)	(25,29)	(25,30)	(26,30)	(27,30)	(29,30)	(29,31)	
(20,31):(15,34)	(16,33)	(17,15)	(17,32)	(17,33)	(18,15)	(18,16)	(18,17)	(18,18)	(18,19)	(18,20)	(18,21)	(18,22)	(18,23)	(18,24)	(18,25)	(18,26)	(18,27)	(18,28)	(18,29)	(18,30)	(18,31)	(18,32)	(18,33)	(18,34)	(18,36)	(19,15)	(19,16)	(19,17)	(19,18)	(19,19)	(19,20)	(19,21)	(19,22)	(19,23)	(19,24)	(19,25)	(19,26)	(19,27)	(19,28)	(19,29)	(19,30)	(19,31)	(19,32)	(19,33)	(19,34)	(19,35)	(20,15)	(20,16)	(20,17)	(20,18)	(20,19)	(20,20)	(20,21)	(20,22)	(20,23)	(20,24)	(20,25)	(20,26)	(20,27)	(20,28)	(20,29)	(20,30)	(20,31)	(20,33)	(20,34)	(21,14)	(21,24)	(21,25)	(21,26)	(21,27)	(21,28)	(21,29)	(21,30)	(22,25)	(22,26)	(22,27)	(22,28)	(22,29)	(22,30)	(23,25)	(23,26)	(23,27)	(23,28)	(23,29)	(23,30)	(24,25)	(24,26)	(24,27)	(24,28)	(24,29)	(24,30)	(25,24)	(25,27)	(25,28)	(25,29)	(25,30)	(26,27)	(26,28)	(26,29)	(26,30)	(27,30)	(29,30)	(29,31)	
(20,33):(15,32)	(15,34)	(16,33)	(17,15)	(17,32)	(17,33)	(18,15)	(18,16)	(18,17)	(18,18)	(18,19)	(18,20)	(18,21)	(18,22)	(18,23)	(18,24)	(18,25)	(18,26)	(18,27)	(18,28)	(18,29)	(18,30)	(18,31)	(18,32)	(18,33)	(18,34)	(18,36)	(19,15)	(19,16)	(19,17)	(19,18)	(19,19)	(19,20)	(19,21)	(19,22)	(19,23)	(19,24)	(19,25)	(19,26)	(19,27)	(19,28)	(19,29)	(19,30)	(19,31)	(19,32)	(19,33)	(19,34)	(19,35)	(20,15)	(20,16)	(20,17)	(20,18)	(20,19)	(20,20)	(20,21)	(20,22)	(20,23)	(20,24)	(20,25)	(20,26)	(20,27)	(20,28)	(20,29)	(20,30)	(20,31)	(20,33)	(20,34)	(21,34)	(22,33)	(22,35)	
(22,33):(15,34)	(16,33)	(17,33)	(18,33)	(18,34)	(19,33)	(19,34)	(19,35)	(20,33)	(20,34)	(21,34)	(22,33)	(22,35)	
(22,35):(15,32)	(16,33)	(17,32)	(17,33)	(18,31)	(18,32)	(18,33)	(18,34)	(19,32)	(19,33)	(19,34)	(19,35)	(20,33)	(20,34)	(21,34)	(22,33)	(22,35)	
(19,35):(17,15)	(17,32)	(17,33)	(18,15)	(18,16)	(18,17)	(18,18)	(18,19)	(18,20)	(18,21)	(18,22)	(18,23)	(18,24)	(18,25)	(18,26)	(18,27)	(18,28)	(18,29)	(18,30)	(18,31)	(18,32)	(18,33)	(18,34)	(18,36)	(19,15)	(19,16)	(19,17)	(19,18)	(19,19)	(19,20)	(19,21)	(19,22)	(19,23)	(19,24)	(19,25)	(19,26)	(19,27)	(19,28)	(19,29)	(19,30)	(19,31)	(19,32)	(19,33)	(19,34)	(19,35)	(19,36)	(20,15)	(20,16)	(20,17)	(20,18)	(20,19)	(20,20)	(20,21)	(20,22)	(20,23)	(20,24)	(20,25)	(20,26)	(20,27)	(20,28)	(20,29)	(20,30)	(20,31)	(20,33)	(20,34)	(21,14)	(21,24)	(21,25)	(21,26)	(21,27)	(21,34)	(22,33)	(22,35)	
(19,36):(17,15)	(17,32)	(18,15)	(18,16)	(18,17)	(18,18)	(18,19)	(18,20)	(18,21)	(18,22)	(18,23)	(18,24)	(18,25)	(18,26)	(18,27)	(18,28)	(18,29)	(18,30)	(18,31)	(18,32)	(18,33)	(18,34)	(18,36)	(19,15)	(19,16)	(19,17)	(19,18)	(19,19)	(19,20)	(19,21)	(19,22)	(19,23)	(19,24)	(19,25)	(19,26)	(19,27)	(19,28)	(19,29)	(19,30)	(19,31)	(19,32)	(19,33)	(19,34)	(19,35)	(19,36)	
(18,36):(18,15)	(18,16)	(18,17)	(18,18)	(18,19)	(18,20)	(18,21)	(18,22)	(18,23)	(18,24)	(18,25)	(18,26)	(18,27)	(18,28)	(18,29)	(18,30)	(18,31)	(18,32)	(18,33)	(18,34)	(18,36)	(19,15)	(19,16)	(19,17)	(19,18)	(19,19)	(19,20)	(19,21)	(19,22)	(19,23)	(19,24)	(19,25)	(19,26)	(19,27)	(19,28)	(19,29)	(19,30)	(19,31)	(19,32)	(19,33)	(19,34)	(19,35)	(19,36)	(20,15)	(20,16)	(20,17)	(20,18)	(20,19)	(20,20)	(20,21)	(20,22)	(20,23)	(20,24)	(20,25)	(20,26)	(20,27)	(20,28)	(20,29)	(20,30)	(20,31)	(20,33)	(20,34)	(21,14)	(21,24)	(21,25)	(21,26)	(21,27)	(21,28)	(22,25)	(22,26)	
(18,34):(15,32)	(15,34)	(16,33)	(17,15)	(17,32)	(17,33)	(18,15)	(18,16)	(18,17)	(18,18)	(18,19)	(18,20)	(18,21)	(18,22)	(18,23)	(18,24)	(18,25)	(18,26)	(18,27)	(18,28)	(18,29)	(18,30)	(18,31)	(18,32)	(18,33)	(18,34)	(18,36)	(19,15)	(19,16)	(19,17)	(19,18)	(19,19)	(19,20)	(19,21)	(19,22)	(19,23)	(19,24)	(19,25)	(19,26)	(19,27)	(19,28)	(19,29)	(19,30)	(19,31)	(19,32)	(19,33)	(19,34)	(19,35)	(19,36)	(20,15)	(20,16)	(20,17)	(20,18)	(20,19)	(20,20)	(20,21)	(20,22)	(20,23)	(20,24)	(20,25)	(20,26)	(20,27)	(20,28)	(20,29)	(20,30)	(20,31)	(20,33)	(20,34)	(21,14)	(21,24)	(21,25)	(21,26)	(21,27)	(21,28)	(21,29)	(21,34)	(22,25)	(22,26)	(22,27)	(22,28)	(22,33)	(22,35)	(23,25)	(23,26)	(24,25)	
(15,34):(15,32)	(15,34)	(16,33)	(17,32)	(17,33)	(18,31)	(18,32)	(18,33)	(18,34)	(19,30)	(19,31)	(19,32)	(19,33)	(19,34)	(20,29)	(20,30)	(20,31)	(20,33)	(20,34)	(21,28)	(21,29)	(21,30)	(21,34)	(22,27)	(22,28)	(22,29)	(22,33)	(23,26)	(23,27)	(23,28)	(23,29)	(24,25)	(24,26)	(24,27)	(24,28)	(25,24)	(25,27)	(25,28)	(26,27)	
(15,32):(15,32)	(15,34)	(16,33)	(17,32)	(17,33)	(18,32)	(18,33)	(18,34)	(19,32)	(19,33)	(19,34)	(20,33)	(20,34)	(21,34)	(22,35)	
(17,32):(15,32)	(15,34)	(16,33)	(17,15)	(17,32)	(17,33)	(18,15)	(18,16)	(18,17)	(18,18)	(18,19)	(18,20)	(18,21)	(18,22)	(18,23)	(18,24)	(18,25)	(18,26)	(18,27)	(18,28)	(18,29)	(18,30)	(18,31)	(18,32)	(18,33)	(18,34)	(19,15)	(19,16)	(19,17)	(19,18)	(19,19)	(19,20)	(19,21)	(19,22)	(19,23)	(19,24)	(19,25)	(19,26)	(19,27)	(19,28)	(19,29)	(19,30)	(19,31)	(19,32)	(19,33)	(19,34)	(19,35)	(19,36)	(20,15)	(20,16)	(20,17)	(20,18)	(20,19)	(20,20)	(20,21)	(20,22)	(20,23)	(20,24)	(20,25)	(20,26)	(20,27)	(20,28)	(20,29)	(20,30)	(20,31)	(20,33)	(20,34)	(21,14)	(21,24)	(21,25)	(21,26)	(21,27)	(21,28)	(21,29)	(21,30)	(21,34)	(22,25)	(22,26)	(22,27)	(22,28)	(22,29)	(22,30)	(22,35)	(23,25)	(23,26)	(23,27)	(23,28)	(23,29)	(23,30)	(24,25)	(24,26)	(24,27)	(24,28)	(24,29)	(25,24)	(25,27)	(25,28)	(25,29)	(26,27)	(26,28)	(26,29)	
(17,15):(10,14)	(10,15)	(11,14)	(11,15)	(12,15)	(13,15)	(14,15)	(15,15)	(16,15)	(17,15)	(17,32)	(17,33)	(18,15)	(18,16)	(18,17)	(18,18)	(18,19)	(18,20)	(18,21)	(18,22)	(18,23)	(18,24)	(18,25)	(18,26)	(18,27)	(18,28)	(18,29)	(18,30)	(18,31)	(18,32)	(18,33)	(18,34)	(19,15)	(19,16)	(19,17)	(19,18)	(19,19)	(19,20)	(19,21)	(19,22)	(19,23)	(19,24)	(19,25)	(19,26)	(19,27)	(19,28)	(19,29)	(19,30)	(19,31)	(19,32)	(19,33)	(19,34)	(19,35)	(19,36)	(20,15)	(20,16)	(20,17)	(20,18)	(20,19)	(20,20)	(20,21)	(20,22)	(20,23)	(20,24)	(20,25)	(20,26)	(20,27)	(20,28)	(20,29)	(20,30)	(20,31)	(20,33)	(20,34)	(21,14)	(21,24)	(21,25)	(21,26)	(21,27)	(21,28)	(21,29)	(21,30)	(22,27)	(22,28)	(22,29)	(22,30)	(23,29)	(23,30)	
(16,15):(10,14)	(10,15)	(10,16)	(10,17)	(11,14)	(11,15)	(11,16)	(12,15)	(12,16)	(13,15)	(13,16)	(14,15)	(15,15)	(16,15)	(16,16)	(17,15)	(18,15)	(19,15)	(20,15)	(21,14)	
(16,16):(10,14)	(10,15)	(10,16)	(11,14)	(11,15)	(11,16)	(12,15)	(12,16)	(13,15)	(13,16)	(14,15)	(15,15)	(16,15)	(16,16)	
(13,16):(9,28)	(10,13)	(10,14)	(10,15)	(10,16)	(10,17)	(10,18)	(10,19)	(10,20)	(10,21)	(10,22)	(10,23)	(10,24)	(10,25)	(10,26)	(10,27)	(10,28)	(10,29)	(11,14)	(11,15)	(11,16)	(11,17)	(11,18)	(11,19)	(11,20)	(11,21)	(11,22)	(11,23)	(11,24)	(11,25)	(11,26)	(11,27)	(11,28)	(12,15)	(12,16)	(12,17)	(12,18)	(12,19)	(12,20)	(12,21)	(12,22)	(12,23)	(12,24)	(12,25)	(13,15)	(13,16)	(13,18)	(13,19)	(13,20)	(13,21)	(13,22)	(13,23)	(13,24)	(14,15)	(15,15)	(16,15)	(16,16)	
(13,18):(9,11)	(9,28)	(10,12)	(10,13)	(10,14)	(10,15)	(10,16)	(10,17)	(10,18)	(10,19)	(10,20)	(10,21)	(10,22)	(10,23)	(10,24)	(10,25)	(10,26)	(10,27)	(10,28)	(10,29)	(11,14)	(11,15)	(11,16)	(11,17)	(11,18)	(11,19)	(11,20)	(11,21)	(11,22)	(11,23)	(11,24)	(11,25)	(11,26)	(11,27)	(11,28)	(12,15)	(12,16)	(12,17)	(12,18)	(12,19)	(12,20)	(12,21)	(12,22)	(12,23)	(12,24)	(12,25)	(13,15)	(13,16)	(13,18)	(13,19)	(13,20)	(13,21)	(13,22)	(13,23)	(13,24)	(14,18)	(14,25)	
(14,18):(9,28)	(10,18)	(10,19)	(10,20)	(10,21)	(10,22)	(10,23)	(10,24)	(10,25)	(10,26)	(10,27)	(10,28)	(10,29)	(11,18)	(11,19)	(11,20)	(11,21)	(11,22)	(11,23)	(11,24)	(11,25)	(11,26)	(11,27)	(11,28)	(12,18)	(12,19)	(12,20)	(12,21)	(12,22)	(12,23)	(12,24)	(12,25)	(13,18)	(13,19)	(13,20)	(13,21)	(13,22)	(13,23)	(13,24)	(14,18)	(14,25)	
(14,25):(9,11)	(10,12)	(10,13)	(10,14)	(10,15)	(10,16)	(10,17)	(10,18)	(10,19)	(10,20)	(10,21)	(10,22)	(10,23)	(10,24)	(10,25)	(11,14)	(11,15)	(11,16)	(11,17)	(11,18)	(11,19)	(11,20)	(11,21)	(11,22)	(11,23)	(11,24)	(11,25)	(12,15)	(12,16)	(12,17)	(12,18)	(12,19)	(12,20)	(12,21)	(12,22)	(12,23)	(12,24)	(12,25)	(13,18)	(13,19)	(13,20)	(13,21)	(13,22)	(13,23)	(13,24)	(14,18)	(14,25)	
(12,25):(9,11)	(9,28)	(10,12)	(10,13)	(10,14)	(10,15)	(10,16)	(10,17)	(10,18)	(10,19)	(10,20)	(10,21)	(10,22)	(10,23)	(10,24)	(10,25)	(10,26)	(10,27)	(10,28)	(10,29)	(11,14)	(11,15)	(11,16)	(11,17)	(11,18)	(11,19)	(11,20)	(11,21)	(11,22)	(11,23)	(11,24)	(11,25)	(11,26)	(11,27)	(11,28)	(12,15)	(12,16)	(12,17)	(12,18)	(12,19)	(12,20)	(12,21)	(12,22)	(12,23)	(12,24)	(12,25)	(12,29)	(13,15)	(13,16)	(13,18)	(13,19)	(13,20)	(13,21)	(13,22)	(13,23)	(13,24)	(14,18)	(14,25)	
(12,29):(9,11)	(10,12)	(10,13)	(10,14)	(10,15)	(10,16)	(10,17)	(10,18)	(10,19)	(10,20)	(10,21)	(10,22)	(10,23)	(10,24)	(10,25)	(10,26)	(10,27)	(10,28)	(10,29)	(11,14)	(11,15)	(11,16)	(11,17)	(11,18)	(11,19)	(11,20)	(11,21)	(11,22)	(11,23)	(11,24)	(11,25)	(11,26)	(11,27)	(11,28)	(12,15)	(12,16)	(12,17)	(12,18)	(12,19)	(12,20)	(12,21)	(12,22)	(12,23)	(12,24)	(12,25)	(12,29)	
(10,29):(10,12)	(10,13)	(10,14)	(10,15)	(10,16)	(10,17)	(10,18)	(10,19)	(10,20)	(10,21)	(10,22)	(10,23)	(10,24)	(10,25)	(10,26)	(10,27)	(10,28)	(10,29)	(11,12)	(11,14)	(11,15)	(11,16)	(11,17)	(11,18)	(11,19)	(11,20)	(11,21)	(11,22)	(11,23)	(11,24)	(11,25)	(11,26)	(11,27)	(11,28)	(12,15)	(12,16)	(12,17)	(12,18)	(12,19)	(12,20)	(12,21)	(12,22)	(12,23)	(12,24)	(12,25)	(12,29)	(13,15)	(13,16)	(13,18)	(13,19)	(13,20)	(13,21)	(13,22)	(13,23)	(14,18)	
(10,28):(9,11)	(9,28)	(10,12)	(10,13)	(10,14)	(10,15)	(10,16)	(10,17)	(10,18)	(10,19)	(10,20)	(10,21)	(10,22)	(10,23)	(10,24)	(10,25)	(10,26)	(10,27)	(10,28)	(10,29)	(11,12)	(11,14)	(11,15)	(11,16)	(11,17)	(11,18)	(11,19)	(11,20)	(11,21)	(11,22)	(11,23)	(11,24)	(11,25)	(11,26)	(11,27)	(11,28)	(12,15)	(12,16)	(12,17)	(12,18)	(12,19)	(12,20)	(12,21)	(12,22)	(12,23)	(12,24)	(12,25)	(12,29)	(13,15)	(13,16)	(13,18)	(13,19)	(13,20)	(13,21)	(13,22)	(13,23)	(14,18)	
(9,28):(9,11)	(9,28)	(10,12)	(10,13)	(10,14)	(10,15)	(10,16)	(10,17)	(10,18)	(10,19)	(10,20)	(10,21)	(10,22)	(10,23)	(10,24)	(10,25)	(10,26)	(10,27)	(10,28)	(11,12)	(11,14)	(11,15)	(11,16)	(11,17)	(11,18)	(11,19)	(11,20)	(11,21)	(11,22)	(11,23)	(11,24)	(11,25)	(11,26)	(11,27)	(11,28)	(12,15)	(12,16)	(12,17)	(12,18)	(12,19)	(12,20)	(12,21)	(12,22)	(12,23)	(12,24)	(12,25)	(13,15)	(13,16)	(13,18)	(13,19)	(13,20)	(13,21)	(13,22)	(13,23)	(13,24)	(14,18)	
(9,11):(9,11)	(9,28)	(10,12)	(10,13)	(10,14)	(10,15)	(10,16)	(10,17)	(10,18)	(10,19)	(10,20)	(10,21)	(10,22)	(10,23)	(10,24)	(10,25)	(10,26)	(10,27)	(10,28)	(11,12)	(11,14)	(11,15)	(11,16)	(11,17)	(11,18)	(11,19)	(11,20)	(11,21)	(11,22)	(11,23)	(11,24)	(11,25)	(11,26)	(11,27)	(11,28)	(12,16)	(12,17)	(12,18)	(12,19)	(12,20)	(12,21)	(12,22)	(12,23)	(12,24)	(12,25)	(12,29)	(13,18)	(13,19)	(13,20)	(13,21)	(13,22)	(13,23)	(13,24)	(14,25)	(24,11)	(25,11)	(26,11)	(27,11)	(28,11)	(29,11)	(30,11)	(31,11)	(31,12)	(32,11)	(32,12)	
(24,11):(9,11)	(10,12)	(11,12)	(24,9)	(24,11)	(25,10)	(25,11)	(26,10)	(26,11)	(27,10)	(27,11)	(28,10)	(28,11)	(29,10)	(29,11)	(30,9)	(30,10)	(30,11)	(31,9)	(31,10)	(31,11)	(31,12)	(32,9)	(32,10)	(32,11)	(32,12)	
(24,9):(24,9)	(24,11)	(25,10)	(25,11)	(26,10)	(26,11)	(27,10)	(27,11)	(28,10)	(28,11)	(29,10)	(29,11)	(30,9)	(30,10)	(30,11)	(31,9)	(31,10)	(31,11)	(31,12)	(32,9)	(32,10)	(32,11)	(32,12)	
(30,9):(24,9)	(24,11)	(25,10)	(25,11)	(26,10)	(26,11)	(27,10)	(27,11)	(28,10)	(28,11)	(29,10)	(29,11)	(30,2)	(30,3)	(30,4)	(30,5)	(30,9)	(30,10)	(30,11)	(31,2)	(31,3)	(31,4)	(31,5)	(31,6)	(31,7)	(31,8)	(31,9)	(31,10)	(31,11)	(31,12)	(32,2)	(32,3)	(32,4)	(32,5)	(32,6)	(32,7)	(32,8)	(32,9)	(32,10)	(32,11)	(32,12)	(32,13)	(32,14)	(32,15)	(33,2)	(33,3)	(33,4)	(33,5)	(33,6)	(33,7)	(33,17)	(34,2)	(34,3)	(34,4)	(35,1)	
(30,5):(4,3)	(5,4)	(5,5)	(6,4)	(6,5)	(7,1)	(7,4)	(7,5)	(8,2)	(8,3)	(8,4)	(8,5)	(9,2)	(9,3)	(9,4)	(9,5)	(10,2)	(10,3)	(10,4)	(10,5)	(11,2)	(11,3)	(11,4)	(11,5)	(12,2)	(12,3)	(12,4)	(12,5)	(13,2)	(13,3)	(13,4)	(13,5)	(14,2)	(14,3)	(14,4)	(14,5)	(15,2)	(15,3)	(15,4)	(15,5)	(16,2)	(16,3)	(16,4)	(16,5)	(17,2)	(17,3)	(17,4)	(17,5)	(18,2)	(18,3)	(18,4)	(18,5)	(19,2)	(19,3)	(19,4)	(19,5)	(20,2)	(20,3)	(20,4)	(20,5)	(21,2)	(21,3)	(21,4)	(21,5)	(22,2)	(22,3)	(22,4)	(22,5)	(23,2)	(23,3)	(23,4)	(23,5)	(24,2)	(24,3)	(24,4)	(25,2)	(25,3)	(25,4)	(26,2)	(26,3)	(26,4)	(27,2)	(27,3)	(27,4)	(28,2)	(28,3)	(28,4)	(29,2)	(29,3)	(29,4)	(30,2)	(30,3)	(30,4)	(30,5)	(30,9)	(30,10)	(30,11)	(31,2)	(31,3)	(31,4)	(31,5)	(31,6)	(31,7)	(31,8)	(31,9)	(31,10)	(31,11)	(31,12)	(32,2)	(32,3)	(32,4)	(32,5)	(32,6)	(32,7)	(32,8)	(32,9)	(32,10)	(32,11)	(32,12)	(32,13)	(32,14)	(32,15)	(32,16)	(32,17)	(32,19)	(33,2)	(33,3)	(33,4)	(33,5)	(33,6)	(33,7)	(33,17)	(34,2)	(34,3)	(34,4)	(34,7)	(35,1)	
(23,5):(4,3)	(5,4)	(5,5)	(5,6)	(6,4)	(6,5)	(7,1)	(7,4)	(7,5)	(8,2)	(8,3)	(8,4)	(8,5)	(9,2)	(9,3)	(9,4)	(9,5)	(10,2)	(10,3)	(10,4)	(10,5)	(11,2)	(11,3)	(11,4)	(11,5)	(12,2)	(12,3)	(12,4)	(12,5)	(13,2)	(13,3)	(13,4)	(13,5)	(14,2)	(14,3)	(14,4)	(14,5)	(15,2)	(15,3)	(15,4)	(15,5)	(16,2)	(16,3)	(16,4)	(16,5)	(17,2)	(17,3)	(17,4)	(17,5)	(18,2)	(18,3)	(18,4)	(18,5)	(19,2)	(19,3)	(19,4)	(19,5)	(20,2)	(20,3)	(20,4)	(20,5)	(21,2)	(21,3)	(21,4)	(21,5)	(22,2)	(22,3)	(22,4)	(22,5)	(23,2)	(23,3)	(23,4)	(23,5)	(23,6)	(24,2)	(24,3)	(24,4)	(25,2)	(25,3)	(25,4)	(26,2)	(26,3)	(26,4)	(27,2)	(27,3)	(27,4)	(28,2)	(28,3)	(28,4)	(29,2)	(29,3)	(29,4)	(30,2)	(30,3)	(30,4)	(30,5)	(31,2)	(31,3)	(31,4)	(31,5)	(32,2)	(32,3)	(32,4)	(32,5)	(33,2)	(33,3)	(33,4)	(33,5)	(34,2)	(34,3)	(34,4)	(35,1)	
(23,6):(4,3)	(5,4)	(5,5)	(5,6)	(6,4)	(6,5)	(7,1)	(7,4)	(7,5)	(8,2)	(8,3)	(8,4)	(8,5)	(9,2)	(9,3)	(9,4)	(9,5)	(10,2)	(10,3)	(10,4)	(10,5)	(11,2)	(11,3)	(11,4)	(11,5)	(12,2)	(12,3)	(12,4)	(12,5)	(13,2)	(13,3)	(13,4)	(13,5)	(14,2)	(14,3)	(14,4)	(14,5)	(15,2)	(15,3)	(15,4)	(15,5)	(16,2)	(16,3)	(16,4)	(16,5)	(17,2)	(17,3)	(17,4)	(17,5)	(18,2)	(18,3)	(18,4)	(18,5)	(19,2)	(19,3)	(19,4)	(19,5)	(20,2)	(20,3)	(20,4)	(20,5)	(21,2)	(21,3)	(21,4)	(21,5)	(22,2)	(22,3)	(22,4)	(22,5)	(23,2)	(23,3)	(23,4)	(23,5)	(23,6)	
(5,6):(4,3)	(4,22)	(4,23)	(4,24)	(4,25)	(5,4)	(5,5)	(5,6)	(5,13)	(5,14)	(5,15)	(5,16)	(5,17)	(5,18)	(5,19)	(5,20)	(5,21)	(5,22)	(5,23)	(5,24)	(5,25)	(6,4)	(6,5)	(7,4)	(7,5)	(8,3)	(8,4)	(8,5)	(9,2)	(9,3)	(9,4)	(9,5)	(10,2)	(10,3)	(10,4)	(10,5)	(11,2)	(11,3)	(11,4)	(11,5)	(12,2)	(12,3)	(12,4)	(12,5)	(13,2)	(13,3)	(13,4)	(13,5)	(14,2)	(14,3)	(14,4)	(14,5)	(15,2)	(15,3)	(15,4)	(15,5)	(16,2)	(16,3)	(16,4)	(16,5)	(17,2)	(17,3)	(17,4)	(17,5)	(18,2)	(18,3)	(18,4)	(18,5)	(19,2)	(19,3)	(19,4)	(19,5)	(20,2)	(20,3)	(20,4)	(20,5)	(21,2)	(21,3)	(21,4)	(21,5)	(22,2)	(22,3)	(22,4)	(22,5)	(23,2)	(23,3)	(23,4)	(23,5)	(23,6)	(24,2)	(24,3)	(24,4)	(25,2)	(25,3)	(25,4)	(26,2)	(26,3)	(26,4)	(27,2)	(27,3)	(27,4)	(28,2)	(28,3)	(28,4)	(29,2)	(29,3)	(29,4)	(30,2)	(30,3)	(30,4)	(31,2)	(31,3)	(31,4)	(32,2)	(32,3)	(32,4)	(33,2)	(33,3)	(33,4)	(34,2)	(34,3)	(34,4)	(35,1)	
(5,13):(4,3)	(4,22)	(4,23)	(4,24)	(4,25)	(5,4)	(5,5)	(5,6)	(5,13)	(5,14)	(5,15)	(5,16)	(5,17)	(5,18)	(5,19)	(5,20)	(5,21)	(5,22)	(5,23)	(5,24)	(5,25)	(6,13)	(6,26)	
(6,13):(4,22)	(4,23)	(4,24)	(4,25)	(5,13)	(5,14)	(5,15)	(5,16)	(5,17)	(5,18)	(5,19)	(5,20)	(5,21)	(5,22)	(5,23)	(5,24)	(5,25)	(6,13)	(6,26)	
(6,26):(2,26)	(3,22)	(3,23)	(3,24)	(3,25)	(4,3)	(4,22)	(4,23)	(4,24)	(4,25)	(5,13)	(5,14)	(5,15)	(5,16)	(5,17)	(5,18)	(5,19)	(5,20)	(5,21)	(5,22)	(5,23)	(5,24)	(5,25)	(6,13)	(6,26)	
(2,26):(2,9)	(2,10)	(2,26)	(3,8)	(3,22)	(3,23)	(3,24)	(3,25)	(4,22)	(4,23)	(4,24)	(4,25)	(5,20)	(5,21)	(5,22)	(5,23)	(5,24)	(5,25)	(6,26)	
(2,10):(1,8)	(1,10)	(2,9)	(2,10)	(2,26)	(3,8)	(3,22)	(3,23)	(3,24)	(3,25)	
(1,10):(1,8)	(1,10)	(2,9)	(2,10)	(3,8)	
(1,8):(1,8)	(1,10)	(2,9)	(2,10)	(3,8)	
(3,8):(1,8)	(1,10)	(2,9)	(2,10)	(2,26)	(3,8)	(3,22)	(3,23)	(3,24)	(3,25)	
(3,22):(2,9)	(2,10)	(2,26)	(3,8)	(3,22)	(3,23)	(3,24)	(3,25)	(4,22)	(4,23)	(4,24)	(4,25)	(5,22)	(5,23)	(5,24)	(5,25)	(6,26)	
(4,22):(2,26)	(3,22)	(3,23)	(3,24)	(3,25)	(4,3)	(4,22)	(4,23)	(4,24)	(4,25)	(5,4)	(5,5)	(5,6)	(5,13)	(5,14)	(5,15)	(5,16)	(5,17)	(5,18)	(5,19)	(5,20)	(5,21)	(5,22)	(5,23)	(5,24)	(5,25)	(6,13)	(6,26)	
(4,3):(4,3)	(4,22)	(4,23)	(4,24)	(4,25)	(5,4)	(5,5)	(5,6)	(5,13)	(5,14)	(5,15)	(5,16)	(5,17)	(5,18)	(5,19)	(5,20)	(5,21)	(5,22)	(5,23)	(5,24)	(5,25)	(6,4)	(6,5)	(6,26)	(7,4)	(7,5)	(8,3)	(8,4)	(8,5)	(9,3)	(9,4)	(9,5)	(10,3)	(10,4)	(10,5)	(11,3)	(11,4)	(11,5)	(12,3)	(12,4)	(12,5)	(13,3)	(13,4)	(13,5)	(14,3)	(14,4)	(14,5)	(15,3)	(15,4)	(15,5)	(16,3)	(16,4)	(16,5)	(17,3)	(17,4)	(17,5)	(18,3)	(18,4)	(18,5)	(19,3)	(19,4)	(19,5)	(20,3)	(20,4)	(20,5)	(21,3)	(21,4)	(21,5)	(22,3)	(22,4)	(22,5)	(23,3)	(23,4)	(23,5)	(23,6)	(24,3)	(24,4)	(25,3)	(25,4)	(26,3)	(26,4)	(27,3)	(27,4)	(28,3)	(28,4)	(29,3)	(29,4)	(30,3)	(30,4)	(30,5)	(31,3)	(31,4)	(31,5)	(32,3)	(32,4)	(32,5)	(33,3)	(33,4)	(33,5)	(34,3)	(34,4)	(35,4)	
(8,3):(4,3)	(5,4)	(5,5)	(5,6)	(6,4)	(6,5)	(7,4)	(7,5)	(8,2)	(8,3)	(8,4)	(8,5)	(9,2)	(9,3)	(9,4)	(9,5)	(10,2)	(10,3)	(10,4)	(10,5)	(11,2)	(11,3)	(11,4)	(11,5)	(12,2)	(12,3)	(12,4)	(12,5)	(13,2)	(13,3)	(13,4)	(13,5)	(14,2)	(14,3)	(14,4)	(14,5)	(15,2)	(15,3)	(15,4)	(15,5)	(16,2)	(16,3)	(16,4)	(16,5)	(17,2)	(17,3)	(17,4)	(17,5)	(18,2)	(18,3)	(18,4)	(18,5)	(19,2)	(19,3)	(19,4)	(19,5)	(20,2)	(20,3)	(20,4)	(20,5)	(21,2)	(21,3)	(21,4)	(21,5)	(22,2)	(22,3)	(22,4)	(22,5)	(23,2)	(23,3)	(23,4)	(23,5)	(23,6)	(24,2)	(24,3)	(24,4)	(25,2)	(25,3)	(25,4)	(26,2)	(26,3)	(26,4)	(27,2)	(27,3)	(27,4)	(28,2)	(28,3)	(28,4)	(29,2)	(29,3)	(29,4)	(30,2)	(30,3)	(30,4)	(30,5)	(31,2)	(31,3)	(31,4)	(31,5)	(32,2)	(32,3)	(32,4)	(32,5)	(33,2)	(33,3)	(33,4)	(33,5)	(34,2)	(34,3)	(34,4)	(35,1)	(35,4)	
(8,2):(7,1)	(7,2)	(8,2)	(8,3)	(8,4)	(8,5)	(9,2)	(9,3)	(9,4)	(9,5)	(10,2)	(10,3)	(10,4)	(10,5)	(11,2)	(11,3)	(11,4)	(11,5)	(12,2)	(12,3)	(12,4)	(12,5)	(13,2)	(13,3)	(13,4)	(13,5)	(14,2)	(14,3)	(14,4)	(14,5)	(15,2)	(15,3)	(15,4)	(15,5)	(16,2)	(16,3)	(16,4)	(16,5)	(17,2)	(17,3)	(17,4)	(17,5)	(18,2)	(18,3)	(18,4)	(18,5)	(19,2)	(19,3)	(19,4)	(19,5)	(20,2)	(20,3)	(20,4)	(20,5)	(21,2)	(21,3)	(21,4)	(21,5)	(22,2)	(22,3)	(22,4)	(22,5)	(23,2)	(23,3)	(23,4)	(23,5)	(23,6)	(24,2)	(24,3)	(24,4)	(25,2)	(25,3)	(25,4)	(26,2)	(26,3)	(26,4)	(27,2)	(27,3)	(27,4)	(28,2)	(28,3)	(28,4)	(29,2)	(29,3)	(29,4)	(30,2)	(30,3)	(30,4)	(30,5)	(31,2)	(31,3)	(31,4)	(31,5)	(32,2)	(32,3)	(32,4)	(32,5)	(33,2)	(33,3)	(33,4)	(33,5)	(34,2)	(34,3)	(34,4)	(35,1)	(35,4)	
(7,2):(7,1)	(7,2)	(8,2)	(9,2)	(10,2)	(11,2)	(12,2)	(13,2)	(14,2)	(15,2)	(16,2)	(17,2)	(18,2)	(19,2)	(20,2)	(21,2)	(22,2)	(23,2)	(24,2)	(25,2)	(26,2)	(27,2)	(28,2)	(29,2)	(30,2)	(31,2)	(32,2)	(33,2)	(34,2)	(35,1)	
(7,1):(7,1)	(7,2)	(8,2)	(9,2)	(9,3)	(10,2)	(10,3)	(10,4)	(11,2)	(11,3)	(11,4)	(11,5)	(12,2)	(12,3)	(12,4)	(12,5)	(13,2)	(13,3)	(13,4)	(13,5)	(14,2)	(14,3)	(14,4)	(14,5)	(15,2)	(15,3)	(15,4)	(15,5)	(16,2)	(16,3)	(16,4)	(16,5)	(17,2)	(17,3)	(17,4)	(17,5)	(18,2)	(18,3)	(18,4)	(18,5)	(19,2)	(19,3)	(19,4)	(19,5)	(20,2)	(20,3)	(20,4)	(20,5)	(21,2)	(21,3)	(21,4)	(21,5)	(22,2)	(22,3)	(22,4)	(22,5)	(23,2)	(23,3)	(23,4)	(23,5)	(23,6)	(24,2)	(24,3)	(24,4)	(25,2)	(25,3)	(25,4)	(26,2)	(26,3)	(26,4)	(27,2)	(27,3)	(27,4)	(28,2)	(28,3)	(28,4)	(29,2)	(29,3)	(29,4)	(30,2)	(30,3)	(30,4)	(30,5)	(31,2)	(31,3)	(31,4)	(31,5)	(32,2)	(32,3)	(32,4)	(32,5)	(33,2)	(33,3)	(33,4)	(33,5)	(34,2)	(34,3)	(34,4)	(35,1)	(35,4)	
(35,1):(5,4)	(5,5)	(5,6)	(6,4)	(6,5)	(7,1)	(7,2)	(7,4)	(7,5)	(8,2)	(8,3)	(8,4)	(8,5)	(9,2)	(9,3)	(9,4)	(9,5)	(10,2)	(10,3)	(10,4)	(10,5)	(11,2)	(11,3)	(11,4)	(11,5)	(12,2)	(12,3)	(12,4)	(12,5)	(13,2)	(13,3)	(13,4)	(13,5)	(14,2)	(14,3)	(14,4)	(14,5)	(15,2)	(15,3)	(15,4)	(15,5)	(16,2)	(16,3)	(16,4)	(16,5)	(17,2)	(17,3)	(17,4)	(17,5)	(18,2)	(18,3)	(18,4)	(18,5)	(19,2)	(19,3)	(19,4)	(19,5)	(20,2)	(20,3)	(20,4)	(20,5)	(21,2)	(21,3)	(21,4)	(21,5)	(22,2)	(22,3)	(22,4)	(22,5)	(23,2)	(23,3)	(23,4)	(23,5)	(24,2)	(24,3)	(24,4)	(25,2)	(25,3)	(25,4)	(26,2)	(26,3)	(26,4)	(27,2)	(27,3)	(27,4)	(28,2)	(28,3)	(28,4)	(29,2)	(29,3)	(29,4)	(29,11)	(30,2)	(30,3)	(30,4)	(30,5)	(30,9)	(30,10)	(30,11)	(31,2)	(31,3)	(31,4)	(31,5)	(31,6)	(31,7)	(31,8)	(31,9)	(31,10)	(31,11)	(31,12)	(32,2)	(32,3)	(32,4)	(32,5)	(32,6)	(32,7)	(32,8)	(32,9)	(32,10)	(33,2)	(33,3)	(33,4)	(33,5)	(33,6)	(33,7)	(34,2)	(34,3)	(34,4)	(35,1)	(35,4)	
(35,4):(4,3)	(5,4)	(6,4)	(7,1)	(7,4)	(8,2)	(8,3)	(8,4)	(9,2)	(9,3)	(9,4)	(10,2)	(10,3)	(10,4)	(11,2)	(11,3)	(11,4)	(12,2)	(12,3)	(12,4)	(13,2)	(13,3)	(13,4)	(14,2)	(14,3)	(14,4)	(15,2)	(15,3)	(15,4)	(16,2)	(16,3)	(16,4)	(17,2)	(17,3)	(17,4)	(18,2)	(18,3)	(18,4)	(19,2)	(19,3)	(19,4)	(20,2)	(20,3)	(20,4)	(21,2)	(21,3)	(21,4)	(22,2)	(22,3)	(22,4)	(23,2)	(23,3)	(23,4)	(24,2)	(24,3)	(24,4)	(25,2)	(25,3)	(25,4)	(26,2)	(26,3)	(26,4)	(27,2)	(27,3)	(27,4)	(28,2)	(28,3)	(28,4)	(29,2)	(29,3)	(29,4)	(30,2)	(30,3)	(30,4)	(31,2)	(31,3)	(31,4)	(32,2)	(32,3)	(32,4)	(33,2)	(33,3)	(33,4)	(34,2)	(34,3)	(34,4)	(35,1)	(35,4)	
(34,4):(4,3)	(5,4)	(5,5)	(5,6)	(6,4)	(6,5)	(7,1)	(7,4)	(7,5)	(8,2)	(8,3)	(8,4)	(8,5)	(9,2)	(9,3)	(9,4)	(9,5)	(10,2)	(10,3)	(10,4)	(10,5)	(11,2)	(11,3)	(11,4)	(11,5)	(12,2)	(12,3)	(12,4)	(12,5)	(13,2)	(13,3)	(13,4)	(13,5)	(14,2)	(14,3)	(14,4)	(14,5)	(15,2)	(15,3)	(15,4)	(15,5)	(16,2)	(16,3)	(16,4)	(16,5)	(17,2)	(17,3)	(17,4)	(17,5)	(18,2)	(18,3)	(18,4)	(18,5)	(19,2)	(19,3)	(19,4)	(19,5)	(20,2)	(20,3)	(20,4)	(20,5)	(21,2)	(21,3)	(21,4)	(21,5)	(22,2)	(22,3)	(22,4)	(22,5)	(23,2)	(23,3)	(23,4)	(23,5)	(24,2)	(24,3)	(24,4)	(25,2)	(25,3)	(25,4)	(26,2)	(26,3)	(26,4)	(27,2)	(27,3)	(27,4)	(28,2)	(28,3)	(28,4)	(29,2)	(29,3)	(29,4)	(29,11)	(30,2)	(30,3)	(30,4)	(30,5)	(30,9)	(30,10)	(30,11)	(31,2)	(31,3)	(31,4)	(31,5)	(31,6)	(31,7)	(31,8)	(31,9)	(31,10)	(31,11)	(31,12)	(32,2)	(32,3)	(32,4)	(32,5)	(32,6)	(32,7)	(32,8)	(32,9)	(32,10)	(33,2)	(33,3)	(33,4)	(33,5)	(33,6)	(33,7)	(34,2)	(34,3)	(34,4)	(34,7)	(35,1)	(35,4)	
(34,7):(24,2)	(25,2)	(26,2)	(26,3)	(27,2)	(27,3)	(28,2)	(28,3)	(28,4)	(29,2)	(29,3)	(29,4)	(30,2)	(30,3)	(30,4)	(30,5)	(31,2)	(31,3)	(31,4)	(31,5)	(31,6)	(31,7)	(32,2)	(32,3)	(32,4)	(32,5)	(32,6)	(32,7)	(33,2)	(33,3)	(33,4)	(33,5)	(33,6)	(33,7)	(34,2)	(34,3)	(34,4)	(34,7)	
(33,7):(26,2)	(27,2)	(27,3)	(27,11)	(28,2)	(28,3)	(28,11)	(29,2)	(29,3)	(29,4)	(29,10)	(29,11)	(30,2)	(30,3)	(30,4)	(30,5)	(30,9)	(30,10)	(30,11)	(31,2)	(31,3)	(31,4)	(31,5)	(31,6)	(31,7)	(31,8)	(31,9)	(31,10)	(31,11)	(31,12)	(31,19)	(32,2)	(32,3)	(32,4)	(32,5)	(32,6)	(32,7)	(32,8)	(32,9)	(32,10)	(32,11)	(32,12)	(32,13)	(32,14)	(32,15)	(32,16)	(32,17)	(33,2)	(33,3)	(33,4)	(33,5)	(33,6)	(33,7)	(33,17)	(34,2)	(34,3)	(34,4)	(34,7)	(35,1)	
(33,17):(30,2)	(30,3)	(30,4)	(30,5)	(30,9)	(31,2)	(31,3)	(31,4)	(31,5)	(31,6)	(31,7)	(31,8)	(31,9)	(31,10)	(31,11)	(31,12)	(32,2)	(32,3)	(32,4)	(32,5)	(32,6)	(32,7)	(32,8)	(32,9)	(32,10)	(32,11)	(32,12)	(32,13)	(32,14)	(32,15)	(32,16)	(32,17)	(33,2)	(33,3)	(33,4)	(33,5)	(33,6)	(33,7)	(33,17)	
(32,17):(30,2)	(30,3)	(30,4)	(30,5)	(31,2)	(31,3)	(31,4)	(31,5)	(31,6)	(31,7)	(31,8)	(31,9)	(31,10)	(31,11)	(31,12)	(31,19)	(32,2)	(32,3)	(32,4)	(32,5)	(32,6)	(32,7)	(32,8)	(32,9)	(32,10)	(32,11)	(32,12)	(32,13)	(32,14)	(32,15)	(32,16)	(32,17)	(32,19)	(33,2)	(33,3)	(33,4)	(33,5)	(33,6)	(33,7)	(33,17)	
(32,19):(30,2)	(30,3)	(30,4)	(30,5)	(31,2)	(31,3)	(31,4)	(31,5)	(31,6)	(31,7)	(31,8)	(31,9)	(31,10)	(31,11)	(31,12)	(31,19)	(32,2)	(32,3)	(32,4)	(32,5)	(32,6)	(32,7)	(32,8)	(32,9)	(32,10)	(32,11)	(32,12)	(32,13)	(32,14)	(32,15)	(32,16)	(32,17)	(32,19)	
(31,19):(31,2)	(31,3)	(31,4)	(31,5)	(31,6)	(31,7)	(31,8)	(31,9)	(31,10)	(31,11)	(31,12)	(31,19)	(32,2)	(32,3)	(32,4)	(32,5)	(32,6)	(32,7)	(32,8)	(32,9)	(32,10)	(32,11)	(32,12)	(32,13)	(32,14)	(32,15)	(32,16)	(32,17)	(32,19)	(33,2)	(33,3)	(33,4)	(33,5)	(33,6)	(33,7)	
(31,12):(9,11)	(10,12)	(11,12)	(24,9)	(24,11)	(25,10)	(25,11)	(26,10)	(26,11)	(27,10)	(27,11)	(28,10)	(28,11)	(29,10)	(29,11)	(30,2)	(30,3)	(30,4)	(30,5)	(30,9)	(30,10)	(30,11)	(31,2)	(31,3)	(31,4)	(31,5)	(31,6)	(31,7)	(31,8)	(31,9)	(31,10)	(31,11)	(31,12)	(31,19)	(32,2)	(32,3)	(32,4)	(32,5)	(32,6)	(32,7)	(32,8)	(32,9)	(32,10)	(32,11)	(32,12)	(32,13)	(32,14)	(32,15)	(32,16)	(32,17)	(32,19)	(33,2)	(33,3)	(33,4)	(33,5)	(33,6)	(33,7)	(33,17)	(34,2)	(34,3)	(34,4)	(35,1)	
(11,12):(9,11)	(9,28)	(10,12)	(10,13)	(10,14)	(10,15)	(10,16)	(10,17)	(10,18)	(10,19)	(10,20)	(10,21)	(10,22)	(10,23)	(10,24)	(10,25)	(10,26)	(10,27)	(10,28)	(10,29)	(11,12)	(11,14)	(11,15)	(11,16)	(11,17)	(11,18)	(11,19)	(11,20)	(11,21)	(11,22)	(11,23)	(11,24)	(11,25)	(11,26)	(11,27)	(11,28)	(24,11)	(25,11)	(26,11)	(27,11)	(28,11)	(29,11)	(30,11)	(31,11)	(31,12)	(32,11)	(32,12)	
(11,14):(9,11)	(9,28)	(10,12)	(10,13)	(10,14)	(10,15)	(10,16)	(10,17)	(10,18)	(10,19)	(10,20)	(10,21)	(10,22)	(10,23)	(10,24)	(10,25)	(10,26)	(10,27)	(10,28)	(10,29)	(11,12)	(11,14)	(11,15)	(11,16)	(11,17)	(11,18)	(11,19)	(11,20)	(11,21)	(11,22)	(11,23)	(11,24)	(11,25)	(11,26)	(11,27)	(11,28)	(12,15)	(12,16)	(12,17)	(12,18)	(12,19)	(12,20)	(12,21)	(12,22)	(12,23)	(12,24)	(12,25)	(12,29)	(13,15)	(13,16)	(13,18)	(13,19)	(13,20)	(13,21)	(13,22)	(13,23)	(13,24)	(14,15)	(14,25)	(15,15)	(16,15)	(16,16)	(17,15)	(18,15)	(19,15)	(20,15)	(21,14)	
(21,14):(10,14)	(10,15)	(10,16)	(11,14)	(11,15)	(11,16)	(12,15)	(13,15)	(14,15)	(15,15)	(16,15)	(17,15)	(17,32)	(17,33)	(18,15)	(18,16)	(18,17)	(18,18)	(18,19)	(18,20)	(18,21)	(18,22)	(18,23)	(18,24)	(18,25)	(18,26)	(18,27)	(18,28)	(18,29)	(18,30)	(18,31)	(18,32)	(18,33)	(18,34)	(18,36)	(19,15)	(19,16)	(19,17)	(19,18)	(19,19)	(19,20)	(19,21)	(19,22)	(19,23)	(19,24)	(19,25)	(19,26)	(19,27)	(19,28)	(19,29)	(19,30)	(19,31)	(19,32)	(19,33)	(19,34)	(19,35)	(20,15)	(20,16)	(20,17)	(20,18)	(20,19)	(20,20)	(20,21)	(20,22)	(20,23)	(20,24)	(20,25)	(20,26)	(20,27)	(20,28)	(20,29)	(20,30)	(20,31)	(21,14)	(21,24)	(21,25)	(21,26)	(21,27)	(21,28)	(21,29)	(21,30)	
(21,24):(17,15)	(17,32)	(17,33)	(18,15)	(18,16)	(18,17)	(18,18)	(18,19)	(18,20)	(18,21)	(18,22)	(18,23)	(18,24)	(18,25)	(18,26)	(18,27)	(18,28)	(18,29)	(18,30)	(18,31)	(18,32)	(18,33)	(18,34)	(18,36)	(19,15)	(19,16)	(19,17)	(19,18)	(19,19)	(19,20)	(19,21)	(19,22)	(19,23)	(19,24)	(19,25)	(19,26)	(19,27)	(19,28)	(19,29)	(19,30)	(19,31)	(19,32)	(19,33)	(19,34)	(19,35)	(20,15)	(20,16)	(20,17)	(20,18)	(20,19)	(20,20)	(20,21)	(20,22)	(20,23)	(20,24)	(20,25)	(20,26)	(20,27)	(20,28)	(20,29)	(20,30)	(20,31)	(21,14)	(21,24)	(21,25)	(21,26)	(21,27)	(21,28)	(21,29)	(21,30)	(22,25)	(22,26)	(22,27)	(22,28)	(22,29)	(22,30)	(23,25)	(23,26)	(23,27)	(23,28)	(23,29)	(23,30)	(24,25)	(24,26)	(24,27)	(24,28)	(24,29)	(24,30)	(25,24)	(25,27)	(25,28)	(25,29)	(25,30)	(26,28)	(26,29)	(26,30)	(27,30)	
(25,24):(15,34)	(16,33)	(17,32)	(17,33)	(18,24)	(18,25)	(18,26)	(18,27)	(18,28)	(18,29)	(18,30)	(18,31)	(18,32)	(18,33)	(19,24)	(19,25)	(19,26)	(19,27)	(19,28)	(19,29)	(19,30)	(19,31)	(19,32)	(20,24)	(20,25)	(20,26)	(20,27)	(20,28)	(20,29)	(20,30)	(20,31)	(21,24)	(21,25)	(21,26)	(21,27)	(21,28)	(21,29)	(21,30)	(22,25)	(22,26)	(22,27)	(22,28)	(22,29)	(22,30)	(23,25)	(23,26)	(23,27)	(23,28)	(23,29)	(23,30)	(24,25)	(24,26)	(24,27)	(24,28)	(24,29)	(24,30)	(25,24)	(25,27)	(25,28)	(25,29)	(25,30)	
(25,27):(15,34)	(16,33)	(17,32)	(17,33)	(18,22)	(18,23)	(18,24)	(18,25)	(18,26)	(18,27)	(18,28)	(18,29)	(18,30)	(18,31)	(18,32)	(19,23)	(19,24)	(19,25)	(19,26)	(19,27)	(19,28)	(19,29)	(19,30)	(19,31)	(20,24)	(20,25)	(20,26)	(20,27)	(20,28)	(20,29)	(20,30)	(20,31)	(21,24)	(21,25)	(21,26)	(21,27)	(21,28)	(21,29)	(21,30)	(22,25)	(22,26)	(22,27)	(22,28)	(22,29)	(22,30)	(23,25)	(23,26)	(23,27)	(23,28)	(23,29)	(23,30)	(24,25)	(24,26)	(24,27)	(24,28)	(24,29)	(24,30)	(25,24)	(25,27)	(25,28)	(25,29)	(25,30)	(26,27)	(26,28)	(26,29)	(26,30)	(27,30)	
(26,27):(15,34)	(16,33)	(17,32)	(17,33)	(18,27)	(18,28)	(18,29)	(18,30)	(18,31)	(18,32)	(19,27)	(19,28)	(19,29)	(19,30)	(19,31)	(20,27)	(20,28)	(20,29)	(20,30)	(20,31)	(21,27)	(21,28)	(21,29)	(21,30)	(22,27)	(22,28)	(22,29)	(22,30)	(23,27)	(23,28)	(23,29)	(23,30)	(24,27)	(24,28)	(24,29)	(24,30)	(25,27)	(25,28)	(25,29)	(25,30)	(26,20)	(26,27)	(26,28)	(26,29)	(26,30)	(27,21)	(27,22)	(27,23)	(27,30)	
(26,20):(26,20)	(26,27)	(26,28)	(26,29)	(26,30)	(27,21)	(27,22)	(27,23)	(27,30)	(28,20)	(28,21)	(28,22)	(29,22)	(30,22)	
(28,20):(26,20)	(27,21)	(27,22)	(27,23)	(28,20)	(28,21)	(28,22)	
(28,21):(26,20)	(27,21)	(27,22)	(27,23)	(28,20)	(28,21)	(28,22)	(29,22)	(30,22)	(31,22)	(32,22)	(33,22)	(34,22)	(35,22)	(36,21)	(36,23)	
(36,21):(27,21)	(27,22)	(27,23)	(28,21)	(28,22)	(29,22)	(30,22)	(31,22)	(32,22)	(33,22)	(34,22)	(35,22)	(36,21)	(36,23)	
(36,23):(27,21)	(27,22)	(27,23)	(28,21)	(28,22)	(29,22)	(30,22)	(31,22)	(32,22)	(33,22)	(34,22)	(35,22)	(36,21)	(36,23)	
(27,23):32.000000
(27,30):78.642860
(29,30):12.500000
(29,31):37.000000
(20,31):121.635414
(20,33):70.833336
(22,33):11.333333
(22,35):16.375000
(19,35):83.175003
(19,36):41.047619
(18,36):62.799999
(18,34):97.359650
(15,34):32.618183
(15,32):14.850000
(17,32):114.444443
(17,15):99.450294
(16,15):22.066668
(16,16):14.800000
(13,16):63.611111
(13,18):64.607140
(14,18):43.714287
(14,25):54.629871
(12,25):67.813133
(12,29):49.450001
(10,29):47.490952
(10,28):65.531250
(9,28):64.729164
(9,11):86.186501
(24,11):43.939560
(24,9):27.857143
(30,9):66.375000
(30,5):147.306824
(23,5):134.882324
(23,6):87.866669
(5,6):149.104401
(5,13):36.888889
(6,13):27.777779
(6,26):40.820515
(2,26):34.000000
(2,10):20.666666
(1,10):4.000000
(1,8):5.000000
(3,8):20.000000
(3,22):30.166666
(4,22):44.281250
(4,3):108.615387
(8,3):135.227280
(8,2):124.090912
(7,2):28.000000
(7,1):116.391304
(35,1):153.303238
(35,4):85.962959
(34,4):152.096024
(34,7):40.000000
(33,7):71.050003
(33,17):43.799999
(32,17):45.633335
(32,19):26.642857
(31,19):36.000000
(31,12):85.559525
(11,12):60.115383
(11,14):79.333336
(21,14):92.826241
(21,24):114.988457
(25,24):63.785713
(25,27):76.458336
(26,27):53.430557
(26,20):18.049999
(28,20):7.500000
(28,21):23.000000
(36,21):20.111111
(36,23):20.500000
(27,23),(27,30):13.000000
(27,23),(29,30):1.875000
(27,23),(29,31):2.555556
(27,23),(20,31):6.333333
(27,23),(20,33):0.000000
(27,23),(22,33):0.000000
(27,23),(22,35):0.000000
(27,23),(19,35):0.000000
(27,23),(19,36):0.000000
(27,23),(18,36):0.000000
(27,23),(18,34):0.000000
(27,23),(15,34):0.441711
(27,23),(15,32):0.000000
(27,23),(17,32):2.656566
(27,23),(17,15):0.000000
(27,23),(16,15):0.000000
(27,23),(16,16):0.000000
(27,23),(13,16):0.000000
(27,23),(13,18):0.000000
(27,23),(14,18):0.000000
(27,23),(14,25):0.000000
(27,23),(12,25):0.000000
(27,23),(12,29):0.000000
(27,23),(10,29):0.000000
(27,23),(10,28):0.000000
(27,23),(9,28):0.000000
(27,23),(9,11):0.000000
(27,23),(24,11):0.000000
(27,23),(24,9):0.000000
(27,23),(30,9):0.000000
(27,23),(30,5):0.000000
(27,23),(23,5):0.000000
(27,23),(23,6):0.000000
(27,23),(5,6):0.000000
(27,23),(5,13):0.000000
(27,23),(6,13):0.000000
(27,23),(6,26):0.000000
(27,23),(2,26):0.000000
(27,23),(2,10):0.000000
(27,23),(1,10):0.000000
(27,23),(1,8):0.000000
(27,23),(3,8):0.000000
(27,23),(3,22):0.000000
(27,23),(4,22):0.000000
(27,23),(4,3):0.000000
(27,23),(8,3):0.000000
(27,23),(8,2):0.000000
(27,23),(7,2):0.000000
(27,23),(7,1):0.000000
(27,23),(35,1):0.000000
(27,23),(35,4):0.000000
(27,23),(34,4):0.000000
(27,23),(34,7):0.000000
(27,23),(33,7):0.000000
(27,23),(33,17):0.000000
(27,23),(32,17):0.000000
(27,23),(32,19):0.000000
(27,23),(31,19):0.000000
(27,23),(31,12):0.000000
(27,23),(11,12):0.000000
(27,23),(11,14):0.000000
(27,23),(21,14):0.000000
(27,23),(21,24):4.815790
(27,23),(25,24):0.000000
(27,23),(25,27):6.000000
(27,23),(26,27):14.125000
(27,23),(26,20):18.000000
(27,23),(28,20):7.500000
(27,23),(28,21):23.000000
(27,23),(36,21):20.111111
(27,23),(36,23):20.500000
(27,30),(29,30):12.500000
(27,30),(29,31):37.000000
(27,30),(20,31):71.976189
(27,30),(20,33):29.142857
(27,30),(22,33):0.000000
(27,30),(22,35):0.892857
(27,30),(19,35):35.767857
(27,30),(19,36):20.571428
(27,30),(18,36):28.585714
(27,30),(18,34):44.934525
(27,30),(15,34):16.651516
(27,30),(15,32):0.000000
(27,30),(17,32):61.753967
(27,30),(17,15):47.531746
(27,30),(16,15):0.000000
(27,30),(16,16):0.000000
(27,30),(13,16):0.000000
(27,30),(13,18):0.000000
(27,30),(14,18):0.000000
(27,30),(14,25):0.000000
(27,30),(12,25):0.000000
(27,30),(12,29):0.000000
(27,30),(10,29):0.000000
(27,30),(10,28):0.000000
(27,30),(9,28):0.000000
(27,30),(9,11):0.000000
(27,30),(24,11):0.000000
(27,30),(24,9):0.000000
(27,30),(30,9):0.000000
(27,30),(30,5):0.000000
(27,30),(23,5):0.000000
(27,30),(23,6):0.000000
(27,30),(5,6):0.000000
(27,30),(5,13):0.000000
(27,30),(6,13):0.000000
(27,30),(6,26):0.000000
(27,30),(2,26):0.000000
(27,30),(2,10):0.000000
(27,30),(1,10):0.000000
(27,30),(1,8):0.000000
(27,30),(3,8):0.000000
(27,30),(3,22):0.000000
(27,30),(4,22):0.000000
(27,30),(4,3):0.000000
(27,30),(8,3):0.000000
(27,30),(8,2):0.000000
(27,30),(7,2):0.000000
(27,30),(7,1):0.000000
(27,30),(35,1):0.000000
(27,30),(35,4):0.000000
(27,30),(34,4):0.000000
(27,30),(34,7):0.000000
(27,30),(33,7):0.000000
(27,30),(33,17):0.000000
(27,30),(32,17):0.000000
(27,30),(32,19):0.000000
(27,30),(31,19):0.000000
(27,30),(31,12):0.000000
(27,30),(11,12):0.000000
(27,30),(11,14):0.000000
(27,30),(21,14):36.642857
(27,30),(21,24):68.642860
(27,30),(25,24):53.642857
(27,30),(25,27):67.976189
(27,30),(26,27):47.809525
(27,30),(26,20):11.050000
(27,30),(28,20):4.500000
(27,30),(28,21):4.000000
(27,30),(36,21):2.111111
(27,30),(36,23):2.375000
(29,30),(29,31):12.000000
(29,30),(20,31):12.500000
(29,30),(20,33):3.500000
(29,30),(22,33):0.000000
(29,30),(22,35):0.800000
(29,30),(19,35):3.625000
(29,30),(19,36):2.444444
(29,30),(18,36):2.422222
(29,30),(18,34):3.833333
(29,30),(15,34):2.583333
(29,30),(15,32):0.000000
(29,30),(17,32):5.000000
(29,30),(17,15):7.388889
(29,30),(16,15):0.000000
(29,30),(16,16):0.000000
(29,30),(13,16):0.000000
(29,30),(13,18):0.000000
(29,30),(14,18):0.000000
(29,30),(14,25):0.000000
(29,30),(12,25):0.000000
(29,30),(12,29):0.000000
(29,30),(10,29):0.000000
(29,30),(10,28):0.000000
(29,30),(9,28):0.000000
(29,30),(9,11):0.000000
(29,30),(24,11):0.000000
(29,30),(24,9):0.000000
(29,30),(30,9):0.000000
(29,30),(30,5):0.000000
(29,30),(23,5):0.000000
(29,30),(23,6):0.000000
(29,30),(5,6):0.000000
(29,30),(5,13):0.000000
(29,30),(6,13):0.000000
(29,30),(6,26):0.000000
(29,30),(2,26):0.000000
(29,30),(2,10):0.000000
(29,30),(1,10):0.000000
(29,30),(1,8):0.000000
(29,30),(3,8):0.000000
(29,30),(3,22):0.000000
(29,30),(4,22):0.000000
(29,30),(4,3):0.000000
(29,30),(8,3):0.000000
(29,30),(8,2):0.000000
(29,30),(7,2):0.000000
(29,30),(7,1):0.000000
(29,30),(35,1):0.000000
(29,30),(35,4):0.000000
(29,30),(34,4):0.000000
(29,30),(34,7):0.000000
(29,30),(33,7):0.000000
(29,30),(33,17):0.000000
(29,30),(32,17):0.000000
(29,30),(32,19):0.000000
(29,30),(31,19):0.000000
(29,30),(31,12):0.000000
(29,30),(11,12):0.000000
(29,30),(11,14):0.000000
(29,30),(21,14):4.500000
(29,30),(21,24):11.000000
(29,30),(25,24):8.500000
(29,30),(25,27):10.833333
(29,30),(26,27):10.666667
(29,30),(26,20):1.050000
(29,30),(28,20):0.000000
(29,30),(28,21):0.000000
(29,30),(36,21):0.000000
(29,30),(36,23):0.000000
(29,31),(20,31):37.000000
(29,31),(20,33):15.750000
(29,31),(22,33):0.000000
(29,31),(22,35):0.500000
(29,31),(19,35):18.000000
(29,31),(19,36):11.000000
(29,31),(18,36):13.375000
(29,31),(18,34):20.812500
(29,31),(15,34):9.121212
(29,31),(15,32):0.000000
(29,31),(17,32):27.900000
(29,31),(17,15):28.317461
(29,31),(16,15):0.000000
(29,31),(16,16):0.000000
(29,31),(13,16):0.000000
(29,31),(13,18):0.000000
(29,31),(14,18):0.000000
(29,31),(14,25):0.000000
(29,31),(12,25):0.000000
(29,31),(12,29):0.000000
(29,31),(10,29):0.000000
(29,31),(10,28):0.000000
(29,31),(9,28):0.000000
(29,31),(9,11):0.000000
(29,31),(24,11):0.000000
(29,31),(24,9):0.000000
(29,31),(30,9):0.000000
(29,31),(30,5):0.000000
(29,31),(23,5):0.000000
(29,31),(23,6):0.000000
(29,31),(5,6):0.000000
(29,31),(5,13):0.000000
(29,31),(6,13):0.000000
(29,31),(6,26):0.000000
(29,31),(2,26):0.000000
(29,31),(2,10):0.000000
(29,31),(1,10):0.000000
(29,31),(1,8):0.000000
(29,31),(3,8):0.000000
(29,31),(3,22):0.000000
(29,31),(4,22):0.000000
(29,31),(4,3):0.000000
(29,31),(8,3):0.000000
(29,31),(8,2):0.000000
(29,31),(7,2):0.000000
(29,31),(7,1):0.000000
(29,31),(35,1):0.000000
(29,31),(35,4):0.000000
(29,31),(34,4):0.000000
(29,31),(34,7):0.000000
(29,31),(33,7):0.000000
(29,31),(33,17):0.000000
(29,31),(32,17):0.000000
(29,31),(32,19):0.000000
(29,31),(31,19):0.000000
(29,31),(31,12):0.000000
(29,31),(11,12):0.000000
(29,31),(11,14):0.000000
(29,31),(21,14):20.000000
(29,31),(21,24):35.500000
(29,31),(25,24):32.000000
(29,31),(25,27):35.333332
(29,31),(26,27):31.166666
(29,31),(26,20):1.300000
(29,31),(28,20):0.000000
(29,31),(28,21):0.000000
(29,31),(36,21):0.000000
(29,31),(36,23):0.000000
(20,31),(20,33):66.166664
(20,31),(22,33):7.333333
(20,31),(22,35):11.708333
(20,31),(19,35):78.925003
(20,31),(19,36):40.922619
(20,31),(18,36):62.174999
(20,31),(18,34):92.567986
(20,31),(15,34):29.951515
(20,31),(15,32):10.583333
(20,31),(17,32):110.361115
(20,31),(17,15):90.752373
(20,31),(16,15):4.093750
(20,31),(16,16):0.000000
(20,31),(13,16):0.750613
(20,31),(13,18):0.000000
(20,31),(14,18):0.000000
(20,31),(14,25):0.000000
(20,31),(12,25):0.000000
(20,31),(12,29):0.000000
(20,31),(10,29):0.000000
(20,31),(10,28):0.000000
(20,31),(9,28):0.000000
(20,31),(9,11):0.000000
(20,31),(24,11):0.000000
(20,31),(24,9):0.000000
(20,31),(30,9):0.000000
(20,31),(30,5):0.000000
(20,31),(23,5):0.000000
(20,31),(23,6):0.000000
(20,31),(5,6):0.000000
(20,31),(5,13):0.000000
(20,31),(6,13):0.000000
(20,31),(6,26):0.000000
(20,31),(2,26):0.000000
(20,31),(2,10):0.000000
(20,31),(1,10):0.000000
(20,31),(1,8):0.000000
(20,31),(3,8):0.000000
(20,31),(3,22):0.000000
(20,31),(4,22):0.000000
(20,31),(4,3):0.000000
(20,31),(8,3):0.000000
(20,31),(8,2):0.000000
(20,31),(7,2):0.000000
(20,31),(7,1):0.000000
(20,31),(35,1):0.000000
(20,31),(35,4):0.000000
(20,31),(34,4):0.000000
(20,31),(34,7):0.000000
(20,31),(33,7):0.000000
(20,31),(33,17):0.000000
(20,31),(32,17):0.000000
(20,31),(32,19):0.000000
(20,31),(31,19):0.000000
(20,31),(31,12):0.000000
(20,31),(11,12):0.000000
(20,31),(11,14):5.427083
(20,31),(21,14):79.942604
(20,31),(21,24):114.825890
(20,31),(25,24):63.785713
(20,31),(25,27):76.458336
(20,31),(26,27):45.638889
(20,31),(26,20):4.383333
(20,31),(28,20):0.000000
(20,31),(28,21):0.000000
(20,31),(36,21):0.000000
(20,31),(36,23):0.000000
(20,33),(22,33):11.333333
(20,33),(22,35):16.375000
(20,33),(19,35):66.800003
(20,33),(19,36):40.797619
(20,33),(18,36):42.750000
(20,33),(18,34):70.776314
(20,33),(15,34):16.500000
(20,33),(15,32):14.850000
(20,33),(17,32):69.208336
(20,33),(17,15):63.061405
(20,33),(16,15):3.083333
(20,33),(16,16):0.000000
(20,33),(13,16):0.741228
(20,33),(13,18):0.000000
(20,33),(14,18):0.000000
(20,33),(14,25):0.000000
(20,33),(12,25):0.000000
(20,33),(12,29):0.000000
(20,33),(10,29):0.000000
(20,33),(10,28):0.000000
(20,33),(9,28):0.000000
(20,33),(9,11):0.000000
(20,33),(24,11):0.000000
(20,33),(24,9):0.000000
(20,33),(30,9):0.000000
(20,33),(30,5):0.000000
(20,33),(23,5):0.000000
(20,33),(23,6):0.000000
(20,33),(5,6):0.000000
(20,33),(5,13):0.000000
(20,33),(6,13):0.000000
(20,33),(6,26):0.000000
(20,33),(2,26):0.000000
(20,33),(2,10):0.000000
(20,33),(1,10):0.000000
(20,33),(1,8):0.000000
(20,33),(3,8):0.000000
(20,33),(3,22):0.000000
(20,33),(4,22):0.000000
(20,33),(4,3):0.000000
(20,33),(8,3):0.000000
(20,33),(8,2):0.000000
(20,33),(7,2):0.000000
(20,33),(7,1):0.000000
(20,33),(35,1):0.000000
(20,33),(35,4):0.000000
(20,33),(34,4):0.000000
(20,33),(34,7):0.000000
(20,33),(33,7):0.000000
(20,33),(33,17):0.000000
(20,33),(32,17):0.000000
(20,33),(32,19):0.000000
(20,33),(31,19):0.000000
(20,33),(31,12):0.000000
(20,33),(11,12):0.000000
(20,33),(11,14):3.833333
(20,33),(21,14):62.807190
(20,33),(21,24):62.690475
(20,33),(25,24):28.785715
(20,33),(25,27):32.750000
(20,33),(26,27):17.138889
(20,33),(26,20):0.000000
(20,33),(28,20):0.000000
(20,33),(28,21):0.000000
(20,33),(36,21):0.000000
(20,33),(36,23):0.000000
(22,33),(22,35):9.875000
(22,33),(19,35):8.833333
(22,33),(19,36):2.583333
(22,33),(18,36):4.333333
(22,33),(18,34):11.333333
(22,33),(15,34):7.000000
(22,33),(15,32):9.850000
(22,33),(17,32):10.145833
(22,33),(17,15):5.596045
(22,33),(16,15):0.000000
(22,33),(16,16):0.000000
(22,33),(13,16):0.000000
(22,33),(13,18):0.000000
(22,33),(14,18):0.000000
(22,33),(14,25):0.000000
(22,33),(12,25):0.000000
(22,33),(12,29):0.000000
(22,33),(10,29):0.000000
(22,33),(10,28):0.000000
(22,33),(9,28):0.000000
(22,33),(9,11):0.000000
(22,33),(24,11):0.000000
(22,33),(24,9):0.000000
(22,33),(30,9):0.000000
(22,33),(30,5):0.000000
(22,33),(23,5):0.000000
(22,33),(23,6):0.000000
(22,33),(5,6):0.000000
(22,33),(5,13):0.000000
(22,33),(6,13):0.000000
(22,33),(6,26):0.000000
(22,33),(2,26):0.000000
(22,33),(2,10):0.000000
(22,33),(1,10):0.000000
(22,33),(1,8):0.000000
(22,33),(3,8):0.000000
(22,33),(3,22):0.000000
(22,33),(4,22):0.000000
(22,33),(4,3):0.000000
(22,33),(8,3):0.000000
(22,33),(8,2):0.000000
(22,33),(7,2):0.000000
(22,33),(7,1):0.000000
(22,33),(35,1):0.000000
(22,33),(35,4):0.000000
(22,33),(34,4):0.000000
(22,33),(34,7):0.000000
(22,33),(33,7):0.000000
(22,33),(33,17):0.000000
(22,33),(32,17):0.000000
(22,33),(32,19):0.000000
(22,33),(31,19):0.000000
(22,33),(31,12):0.000000
(22,33),(11,12):0.000000
(22,33),(11,14):0.000000
(22,33),(21,14):5.313725
(22,33),(21,24):5.226191
(22,33),(25,24):2.714286
(22,33),(25,27):1.825000
(22,33),(26,27):1.238889
(22,33),(26,20):0.000000
(22,33),(28,20):0.000000
(22,33),(28,21):0.000000
(22,33),(36,21):0.000000
(22,33),(36,23):0.000000
(22,35),(19,35):13.500000
(22,35),(19,36):6.000000
(22,35),(18,36):6.000000
(22,35),(18,34):16.375000
(22,35),(15,34):11.375000
(22,35),(15,32):13.225000
(22,35),(17,32):15.458333
(22,35),(17,15):9.682017
(22,35),(16,15):0.000000
(22,35),(16,16):0.000000
(22,35),(13,16):0.000000
(22,35),(13,18):0.000000
(22,35),(14,18):0.000000
(22,35),(14,25):0.000000
(22,35),(12,25):0.000000
(22,35),(12,29):0.000000
(22,35),(10,29):0.000000
(22,35),(10,28):0.000000
(22,35),(9,28):0.000000
(22,35),(9,11):0.000000
(22,35),(24,11):0.000000
(22,35),(24,9):0.000000
(22,35),(30,9):0.000000
(22,35),(30,5):0.000000
(22,35),(23,5):0.000000
(22,35),(23,6):0.000000
(22,35),(5,6):0.000000
(22,35),(5,13):0.000000
(22,35),(6,13):0.000000
(22,35),(6,26):0.000000
(22,35),(2,26):0.000000
(22,35),(2,10):0.000000
(22,35),(1,10):0.000000
(22,35),(1,8):0.000000
(22,35),(3,8):0.000000
(22,35),(3,22):0.000000
(22,35),(4,22):0.000000
(22,35),(4,3):0.000000
(22,35),(8,3):0.000000
(22,35),(8,2):0.000000
(22,35),(7,2):0.000000
(22,35),(7,1):0.000000
(22,35),(35,1):0.000000
(22,35),(35,4):0.000000
(22,35),(34,4):0.000000
(22,35),(34,7):0.000000
(22,35),(33,7):0.000000
(22,35),(33,17):0.000000
(22,35),(32,17):0.000000
(22,35),(32,19):0.000000
(22,35),(31,19):0.000000
(22,35),(31,12):0.000000
(22,35),(11,12):0.000000
(22,35),(11,14):0.000000
(22,35),(21,14):9.337892
(22,35),(21,24):9.162699
(22,35),(25,24):6.221212
(22,35),(25,27):4.902778
(22,35),(26,27):4.282071
(22,35),(26,20):0.000000
(22,35),(28,20):0.000000
(22,35),(28,21):0.000000
(22,35),(36,21):0.000000
(22,35),(36,23):0.000000
(19,35),(19,36):41.047619
(19,35),(18,36):59.125000
(19,35),(18,34):83.151314
(19,35),(15,34):13.166667
(19,35),(15,32):10.850000
(19,35),(17,32):81.458336
(19,35),(17,15):78.498070
(19,35),(16,15):4.050000
(19,35),(16,16):0.000000
(19,35),(13,16):0.711290
(19,35),(13,18):0.000000
(19,35),(14,18):0.000000
(19,35),(14,25):0.000000
(19,35),(12,25):0.000000
(19,35),(12,29):0.000000
(19,35),(10,29):0.000000
(19,35),(10,28):0.000000
(19,35),(9,28):0.000000
(19,35),(9,11):0.000000
(19,35),(24,11):0.000000
(19,35),(24,9):0.000000
(19,35),(30,9):0.000000
(19,35),(30,5):0.000000
(19,35),(23,5):0.000000
(19,35),(23,6):0.000000
(19,35),(5,6):0.000000
(19,35),(5,13):0.000000
(19,35),(6,13):0.000000
(19,35),(6,26):0.000000
(19,35),(2,26):0.000000
(19,35),(2,10):0.000000
(19,35),(1,10):0.000000
(19,35),(1,8):0.000000
(19,35),(3,8):0.000000
(19,35),(3,22):0.000000
(19,35),(4,22):0.000000
(19,35),(4,3):0.000000
(19,35),(8,3):0.000000
(19,35),(8,2):0.000000
(19,35),(7,2):0.000000
(19,35),(7,1):0.000000
(19,35),(35,1):0.000000
(19,35),(35,4):0.000000
(19,35),(34,4):0.000000
(19,35),(34,7):0.000000
(19,35),(33,7):0.000000
(19,35),(33,17):0.000000
(19,35),(32,17):0.000000
(19,35),(32,19):0.000000
(19,35),(31,19):0.000000
(19,35),(31,12):0.000000
(19,35),(11,12):0.000000
(19,35),(11,14):5.383333
(19,35),(21,14):77.122704
(19,35),(21,24):77.607903
(19,35),(25,24):32.666668
(19,35),(25,27):36.988247
(19,35),(26,27):17.321428
(19,35),(26,20):0.000000
(19,35),(28,20):0.000000
(19,35),(28,21):0.000000
(19,35),(36,21):0.000000
(19,35),(36,23):0.000000
(19,36),(18,36):22.000000
(19,36),(18,34):41.026318
(19,36),(15,34):5.000000
(19,36),(15,32):3.333333
(19,36),(17,32):40.000000
(19,36),(17,15):40.942356
(19,36),(16,15):2.047619
(19,36),(16,16):0.000000
(19,36),(13,16):0.709158
(19,36),(13,18):0.000000
(19,36),(14,18):0.000000
(19,36),(14,25):0.000000
(19,36),(12,25):0.000000
(19,36),(12,29):0.000000
(19,36),(10,29):0.000000
(19,36),(10,28):0.000000
(19,36),(9,28):0.000000
(19,36),(9,11):0.000000
(19,36),(24,11):0.000000
(19,36),(24,9):0.000000
(19,36),(30,9):0.000000
(19,36),(30,5):0.000000
(19,36),(23,5):0.000000
(19,36),(23,6):0.000000
(19,36),(5,6):0.000000
(19,36),(5,13):0.000000
(19,36),(6,13):0.000000
(19,36),(6,26):0.000000
(19,36),(2,26):0.000000
(19,36),(2,10):0.000000
(19,36),(1,10):0.000000
(19,36),(1,8):0.000000
(19,36),(3,8):0.000000
(19,36),(3,22):0.000000
(19,36),(4,22):0.000000
(19,36),(4,3):0.000000
(19,36),(8,3):0.000000
(19,36),(8,2):0.000000
(19,36),(7,2):0.000000
(19,36),(7,1):0.000000
(19,36),(35,1):0.000000
(19,36),(35,4):0.000000
(19,36),(34,4):0.000000
(19,36),(34,7):0.000000
(19,36),(33,7):0.000000
(19,36),(33,17):0.000000
(19,36),(32,17):0.000000
(19,36),(32,19):0.000000
(19,36),(31,19):0.000000
(19,36),(31,12):0.000000
(19,36),(11,12):0.000000
(19,36),(11,14):2.380952
(19,36),(21,14):41.000000
(19,36),(21,24):40.956711
(19,36),(25,24):18.094118
(19,36),(25,27):21.350000
(19,36),(26,27):10.479167
(19,36),(26,20):0.000000
(19,36),(28,20):0.000000
(19,36),(28,21):0.000000
(19,36),(36,21):0.000000
(19,36),(36,23):0.000000
(18,36),(18,34):62.799999
(18,36),(15,34):9.833333
(18,36),(15,32):5.216667
(18,36),(17,32):61.674999
(18,36),(17,15):60.347744
(18,36),(16,15):3.000000
(18,36),(16,16):0.000000
(18,36),(13,16):0.166667
(18,36),(13,18):0.000000
(18,36),(14,18):0.000000
(18,36),(14,25):0.000000
(18,36),(12,25):0.000000
(18,36),(12,29):0.000000
(18,36),(10,29):0.000000
(18,36),(10,28):0.000000
(18,36),(9,28):0.000000
(18,36),(9,11):0.000000
(18,36),(24,11):0.000000
(18,36),(24,9):0.000000
(18,36),(30,9):0.000000
(18,36),(30,5):0.000000
(18,36),(23,5):0.000000
(18,36),(23,6):0.000000
(18,36),(5,6):0.000000
(18,36),(5,13):0.000000
(18,36),(6,13):0.000000
(18,36),(6,26):0.000000
(18,36),(2,26):0.000000
(18,36),(2,10):0.000000
(18,36),(1,10):0.000000
(18,36),(1,8):0.000000
(18,36),(3,8):0.000000
(18,36),(3,22):0.000000
(18,36),(4,22):0.000000
(18,36),(4,3):0.000000
(18,36),(8,3):0.000000
(18,36),(8,2):0.000000
(18,36),(7,2):0.000000
(18,36),(7,1):0.000000
(18,36),(35,1):0.000000
(18,36),(35,4):0.000000
(18,36),(34,4):0.000000
(18,36),(34,7):0.000000
(18,36),(33,7):0.000000
(18,36),(33,17):0.000000
(18,36),(32,17):0.000000
(18,36),(32,19):0.000000
(18,36),(31,19):0.000000
(18,36),(31,12):0.000000
(18,36),(11,12):0.000000
(18,36),(11,14):4.250000
(18,36),(21,14):57.921131
(18,36),(21,24):61.459091
(18,36),(25,24):26.600000
(18,36),(25,27):28.775000
(18,36),(26,27):12.533334
(18,36),(26,20):0.000000
(18,36),(28,20):0.000000
(18,36),(28,21):0.000000
(18,36),(36,21):0.000000
(18,36),(36,23):0.000000
(18,34),(15,34):20.500000
(18,34),(15,32):14.850000
(18,34),(17,32):95.666664
(18,34),(17,15):83.537720
(18,34),(16,15):4.026316
(18,34),(16,16):0.000000
(18,34),(13,16):0.690109
(18,34),(13,18):0.000000
(18,34),(14,18):0.000000
(18,34),(14,25):0.000000
(18,34),(12,25):0.000000
(18,34),(12,29):0.000000
(18,34),(10,29):0.000000
(18,34),(10,28):0.000000
(18,34),(9,28):0.000000
(18,34),(9,11):0.000000
(18,34),(24,11):0.000000
(18,34),(24,9):0.000000
(18,34),(30,9):0.000000
(18,34),(30,5):0.000000
(18,34),(23,5):0.000000
(18,34),(23,6):0.000000
(18,34),(5,6):0.000000
(18,34),(5,13):0.000000
(18,34),(6,13):0.000000
(18,34),(6,26):0.000000
(18,34),(2,26):0.000000
(18,34),(2,10):0.000000
(18,34),(1,10):0.000000
(18,34),(1,8):0.000000
(18,34),(3,8):0.000000
(18,34),(3,22):0.000000
(18,34),(4,22):0.000000
(18,34),(4,3):0.000000
(18,34),(8,3):0.000000
(18,34),(8,2):0.000000
(18,34),(7,2):0.000000
(18,34),(7,1):0.000000
(18,34),(35,1):0.000000
(18,34),(35,4):0.000000
(18,34),(34,4):0.000000
(18,34),(34,7):0.000000
(18,34),(33,7):0.000000
(18,34),(33,17):0.000000
(18,34),(32,17):0.000000
(18,34),(32,19):0.000000
(18,34),(31,19):0.000000
(18,34),(31,12):0.000000
(18,34),(11,12):0.000000
(18,34),(11,14):5.359649
(18,34),(21,14):79.202553
(18,34),(21,24):89.125885
(18,34),(25,24):45.119049
(18,34),(25,27):49.458332
(18,34),(26,27):22.472221
(18,34),(26,20):0.000000
(18,34),(28,20):0.000000
(18,34),(28,21):0.000000
(18,34),(36,21):0.000000
(18,34),(36,23):0.000000
(15,34),(15,32):11.600000
(15,34),(17,32):31.911112
(15,34),(17,15):17.507759
(15,34),(16,15):0.000000
(15,34),(16,16):0.000000
(15,34),(13,16):0.000000
(15,34),(13,18):0.000000
(15,34),(14,18):0.000000
(15,34),(14,25):0.000000
(15,34),(12,25):0.000000
(15,34),(12,29):0.000000
(15,34),(10,29):0.000000
(15,34),(10,28):0.000000
(15,34),(9,28):0.000000
(15,34),(9,11):0.000000
(15,34),(24,11):0.000000
(15,34),(24,9):0.000000
(15,34),(30,9):0.000000
(15,34),(30,5):0.000000
(15,34),(23,5):0.000000
(15,34),(23,6):0.000000
(15,34),(5,6):0.000000
(15,34),(5,13):0.000000
(15,34),(6,13):0.000000
(15,34),(6,26):0.000000
(15,34),(2,26):0.000000
(15,34),(2,10):0.000000
(15,34),(1,10):0.000000
(15,34),(1,8):0.000000
(15,34),(3,8):0.000000
(15,34),(3,22):0.000000
(15,34),(4,22):0.000000
(15,34),(4,3):0.000000
(15,34),(8,3):0.000000
(15,34),(8,2):0.000000
(15,34),(7,2):0.000000
(15,34),(7,1):0.000000
(15,34),(35,1):0.000000
(15,34),(35,4):0.000000
(15,34),(34,4):0.000000
(15,34),(34,7):0.000000
(15,34),(33,7):0.000000
(15,34),(33,17):0.000000
(15,34),(32,17):0.000000
(15,34),(32,19):0.000000
(15,34),(31,19):0.000000
(15,34),(31,12):0.000000
(15,34),(11,12):0.000000
(15,34),(11,14):0.000000
(15,34),(21,14):12.879739
(15,34),(21,24):26.227512
(15,34),(25,24):24.285715
(15,34),(25,27):23.458334
(15,34),(26,27):18.257071
(15,34),(26,20):0.418182
(15,34),(28,20):0.000000
(15,34),(28,21):0.000000
(15,34),(36,21):0.000000
(15,34),(36,23):0.000000
(15,32),(17,32):14.583333
(15,32),(17,15):7.583333
(15,32),(16,15):0.000000
(15,32),(16,16):0.000000
(15,32),(13,16):0.000000
(15,32),(13,18):0.000000
(15,32),(14,18):0.000000
(15,32),(14,25):0.000000
(15,32),(12,25):0.000000
(15,32),(12,29):0.000000
(15,32),(10,29):0.000000
(15,32),(10,28):0.000000
(15,32),(9,28):0.000000
(15,32),(9,11):0.000000
(15,32),(24,11):0.000000
(15,32),(24,9):0.000000
(15,32),(30,9):0.000000
(15,32),(30,5):0.000000
(15,32),(23,5):0.000000
(15,32),(23,6):0.000000
(15,32),(5,6):0.000000
(15,32),(5,13):0.000000
(15,32),(6,13):0.000000
(15,32),(6,26):0.000000
(15,32),(2,26):0.000000
(15,32),(2,10):0.000000
(15,32),(1,10):0.000000
(15,32),(1,8):0.000000
(15,32),(3,8):0.000000
(15,32),(3,22):0.000000
(15,32),(4,22):0.000000
(15,32),(4,3):0.000000
(15,32),(8,3):0.000000
(15,32),(8,2):0.000000
(15,32),(7,2):0.000000
(15,32),(7,1):0.000000
(15,32),(35,1):0.000000
(15,32),(35,4):0.000000
(15,32),(34,4):0.000000
(15,32),(34,7):0.000000
(15,32),(33,7):0.000000
(15,32),(33,17):0.000000
(15,32),(32,17):0.000000
(15,32),(32,19):0.000000
(15,32),(31,19):0.000000
(15,32),(31,12):0.000000
(15,32),(11,12):0.000000
(15,32),(11,14):0.000000
(15,32),(21,14):7.253268
(15,32),(21,24):7.180124
(15,32),(25,24):5.142857
(15,32),(25,27):3.750000
(15,32),(26,27):2.888889
(15,32),(26,20):0.000000
(15,32),(28,20):0.000000
(15,32),(28,21):0.000000
(15,32),(36,21):0.000000
(15,32),(36,23):0.000000
(17,32),(17,15):87.768814
(17,32),(16,15):4.000000
(17,32),(16,16):0.000000
(17,32),(13,16):0.666667
(17,32),(13,18):0.000000
(17,32),(14,18):0.000000
(17,32),(14,25):0.000000
(17,32),(12,25):0.000000
(17,32),(12,29):0.000000
(17,32),(10,29):0.000000
(17,32),(10,28):0.000000
(17,32),(9,28):0.000000
(17,32),(9,11):0.000000
(17,32),(24,11):0.000000
(17,32),(24,9):0.000000
(17,32),(30,9):0.000000
(17,32),(30,5):0.000000
(17,32),(23,5):0.000000
(17,32),(23,6):0.000000
(17,32),(5,6):0.000000
(17,32),(5,13):0.000000
(17,32),(6,13):0.000000
(17,32),(6,26):0.000000
(17,32),(2,26):0.000000
(17,32),(2,10):0.000000
(17,32),(1,10):0.000000
(17,32),(1,8):0.000000
(17,32),(3,8):0.000000
(17,32),(3,22):0.000000
(17,32),(4,22):0.000000
(17,32),(4,3):0.000000
(17,32),(8,3):0.000000
(17,32),(8,2):0.000000
(17,32),(7,2):0.000000
(17,32),(7,1):0.000000
(17,32),(35,1):0.000000
(17,32),(35,4):0.000000
(17,32),(34,4):0.000000
(17,32),(34,7):0.000000
(17,32),(33,7):0.000000
(17,32),(33,17):0.000000
(17,32),(32,17):0.000000
(17,32),(32,19):0.000000
(17,32),(31,19):0.000000
(17,32),(31,12):0.000000
(17,32),(11,12):0.000000
(17,32),(11,14):5.333333
(17,32),(21,14):78.767189
(17,32),(21,24):105.123810
(17,32),(25,24):59.619049
(17,32),(25,27):67.958336
(17,32),(26,27):37.250000
(17,32),(26,20):2.111111
(17,32),(28,20):0.000000
(17,32),(28,21):0.000000
(17,32),(36,21):0.000000
(17,32),(36,23):0.000000
(17,15),(16,15):12.333333
(17,15),(16,16):7.333333
(17,15),(13,16):8.833333
(17,15),(13,18):4.333333
(17,15),(14,18):0.000000
(17,15),(14,25):3.833333
(17,15),(12,25):4.500000
(17,15),(12,29):3.333333
(17,15),(10,29):3.429487
(17,15),(10,28):4.708333
(17,15),(9,28):4.833333
(17,15),(9,11):2.666667
(17,15),(24,11):0.000000
(17,15),(24,9):0.000000
(17,15),(30,9):0.000000
(17,15),(30,5):0.000000
(17,15),(23,5):0.000000
(17,15),(23,6):0.000000
(17,15),(5,6):0.000000
(17,15),(5,13):0.000000
(17,15),(6,13):0.000000
(17,15),(6,26):0.000000
(17,15),(2,26):0.000000
(17,15),(2,10):0.000000
(17,15),(1,10):0.000000
(17,15),(1,8):0.000000
(17,15),(3,8):0.000000
(17,15),(3,22):0.000000
(17,15),(4,22):0.000000
(17,15),(4,3):0.000000
(17,15),(8,3):0.000000
(17,15),(8,2):0.000000
(17,15),(7,2):0.000000
(17,15),(7,1):0.000000
(17,15),(35,1):0.000000
(17,15),(35,4):0.000000
(17,15),(34,4):0.000000
(17,15),(34,7):0.000000
(17,15),(33,7):0.000000
(17,15),(33,17):0.000000
(17,15),(32,17):0.000000
(17,15),(32,19):0.000000
(17,15),(31,19):0.000000
(17,15),(31,12):0.000000
(17,15),(11,12):2.333333
(17,15),(11,14):13.666667
(17,15),(21,14):87.376526
(17,15),(21,24):89.772079
(17,15),(25,24):44.674603
(17,15),(25,27):48.488888
(17,15),(26,27):27.888889
(17,15),(26,20):0.000000
(17,15),(28,20):0.000000
(17,15),(28,21):0.000000
(17,15),(36,21):0.000000
(17,15),(36,23):0.000000
(16,15),(16,16):14.400000
(16,15),(13,16):18.566668
(16,15),(13,18):11.066667
(16,15),(14,18):0.000000
(16,15),(14,25):10.196537
(16,15),(12,25):11.288889
(16,15),(12,29):8.900000
(16,15),(10,29):8.061539
(16,15),(10,28):11.566667
(16,15),(9,28):11.733334
(16,15),(9,11):8.339394
(16,15),(24,11):0.000000
(16,15),(24,9):0.000000
(16,15),(30,9):0.000000
(16,15),(30,5):0.000000
(16,15),(23,5):0.000000
(16,15),(23,6):0.000000
(16,15),(5,6):0.000000
(16,15),(5,13):0.000000
(16,15),(6,13):0.000000
(16,15),(6,26):0.000000
(16,15),(2,26):0.000000
(16,15),(2,10):0.000000
(16,15),(1,10):0.000000
(16,15),(1,8):0.000000
(16,15),(3,8):0.000000
(16,15),(3,22):0.000000
(16,15),(4,22):0.000000
(16,15),(4,3):0.000000
(16,15),(8,3):0.000000
(16,15),(8,2):0.000000
(16,15),(7,2):0.000000
(16,15),(7,1):0.000000
(16,15),(35,1):0.000000
(16,15),(35,4):0.000000
(16,15),(34,4):0.000000
(16,15),(34,7):0.000000
(16,15),(33,7):0.000000
(16,15),(33,17):0.000000
(16,15),(32,17):0.000000
(16,15),(32,19):0.000000
(16,15),(31,19):0.000000
(16,15),(31,12):0.000000
(16,15),(11,12):6.400000
(16,15),(11,14):22.066668
(16,15),(21,14):16.900000
(16,15),(21,24):4.222222
(16,15),(25,24):0.000000
(16,15),(25,27):0.000000
(16,15),(26,27):0.000000
(16,15),(26,20):0.000000
(16,15),(28,20):0.000000
(16,15),(28,21):0.000000
(16,15),(36,21):0.000000
(16,15),(36,23):0.000000
(16,16),(13,16):14.800000
(16,16),(13,18):8.800000
(16,16),(14,18):0.000000
(16,16),(14,25):7.942857
(16,16),(12,25):9.022223
(16,16),(12,29):6.800000
(16,16),(10,29):6.661539
(16,16),(10,28):9.300000
(16,16),(9,28):9.466666
(16,16),(9,11):6.133333
(16,16),(24,11):0.000000
(16,16),(24,9):0.000000
(16,16),(30,9):0.000000
(16,16),(30,5):0.000000
(16,16),(23,5):0.000000
(16,16),(23,6):0.000000
(16,16),(5,6):0.000000
(16,16),(5,13):0.000000
(16,16),(6,13):0.000000
(16,16),(6,26):0.000000
(16,16),(2,26):0.000000
(16,16),(2,10):0.000000
(16,16),(1,10):0.000000
(16,16),(1,8):0.000000
(16,16),(3,8):0.000000
(16,16),(3,22):0.000000
(16,16),(4,22):0.000000
(16,16),(4,3):0.000000
(16,16),(8,3):0.000000
(16,16),(8,2):0.000000
(16,16),(7,2):0.000000
(16,16),(7,1):0.000000
(16,16),(35,1):0.000000
(16,16),(35,4):0.000000
(16,16),(34,4):0.000000
(16,16),(34,7):0.000000
(16,16),(33,7):0.000000
(16,16),(33,17):0.000000
(16,16),(32,17):0.000000
(16,16),(32,19):0.000000
(16,16),(31,19):0.000000
(16,16),(31,12):0.000000
(16,16),(11,12):4.800000
(16,16),(11,14):14.800000
(16,16),(21,14):11.500000
(16,16),(21,24):0.000000
(16,16),(25,24):0.000000
(16,16),(25,27):0.000000
(16,16),(26,27):0.000000
(16,16),(26,20):0.000000
(16,16),(28,20):0.000000
(16,16),(28,21):0.000000
(16,16),(36,21):0.000000
(16,16),(36,23):0.000000
(13,16),(13,18):55.857143
(13,16),(14,18):36.714287
(13,16),(14,25):44.857143
(13,16),(12,25):56.333332
(13,16),(12,29):44.861111
(13,16),(10,29):40.072651
(13,16),(10,28):55.861111
(13,16),(9,28):54.666668
(13,16),(9,11):53.081699
(13,16),(24,11):0.010989
(13,16),(24,9):0.000000
(13,16),(30,9):0.000000
(13,16),(30,5):0.000000
(13,16),(23,5):0.000000
(13,16),(23,6):0.000000
(13,16),(5,6):0.000000
(13,16),(5,13):0.000000
(13,16),(6,13):0.000000
(13,16),(6,26):0.000000
(13,16),(2,26):0.000000
(13,16),(2,10):0.000000
(13,16),(1,10):0.000000
(13,16),(1,8):0.000000
(13,16),(3,8):0.000000
(13,16),(3,22):0.000000
(13,16),(4,22):0.000000
(13,16),(4,3):0.000000
(13,16),(8,3):0.000000
(13,16),(8,2):0.000000
(13,16),(7,2):0.000000
(13,16),(7,1):0.000000
(13,16),(35,1):0.000000
(13,16),(35,4):0.000000
(13,16),(34,4):0.000000
(13,16),(34,7):0.000000
(13,16),(33,7):0.000000
(13,16),(33,17):0.000000
(13,16),(32,17):0.000000
(13,16),(32,19):0.000000
(13,16),(31,19):0.000000
(13,16),(31,12):0.000000
(13,16),(11,12):31.000000
(13,16),(11,14):63.611111
(13,16),(21,14):13.400000
(13,16),(21,24):0.867384
(13,16),(25,24):0.000000
(13,16),(25,27):0.000000
(13,16),(26,27):0.000000
(13,16),(26,20):0.000000
(13,16),(28,20):0.000000
(13,16),(28,21):0.000000
(13,16),(36,21):0.000000
(13,16),(36,23):0.000000
(13,18),(14,18):43.714287
(13,18),(14,25):53.607143
(13,18),(12,25):64.607140
(13,18),(12,29):46.357143
(13,18),(10,29):43.857143
(13,18),(10,28):61.607143
(13,18),(9,28):61.107143
(13,18),(9,11):60.702732
(13,18),(24,11):0.866809
(13,18),(24,9):0.000000
(13,18),(30,9):0.000000
(13,18),(30,5):0.000000
(13,18),(23,5):0.000000
(13,18),(23,6):0.000000
(13,18),(5,6):0.000000
(13,18),(5,13):0.000000
(13,18),(6,13):0.000000
(13,18),(6,26):0.000000
(13,18),(2,26):0.000000
(13,18),(2,10):0.000000
(13,18),(1,10):0.000000
(13,18),(1,8):0.000000
(13,18),(3,8):0.000000
(13,18),(3,22):0.000000
(13,18),(4,22):0.000000
(13,18),(4,3):0.000000
(13,18),(8,3):0.000000
(13,18),(8,2):0.000000
(13,18),(7,2):0.000000
(13,18),(7,1):0.000000
(13,18),(35,1):0.000000
(13,18),(35,4):0.000000
(13,18),(34,4):0.000000
(13,18),(34,7):0.000000
(13,18),(33,7):0.000000
(13,18),(33,17):0.000000
(13,18),(32,17):0.000000
(13,18),(32,19):0.000000
(13,18),(31,19):0.000000
(13,18),(31,12):0.750000
(13,18),(11,12):32.750000
(13,18),(11,14):63.607143
(13,18),(21,14):8.000000
(13,18),(21,24):0.000000
(13,18),(25,24):0.000000
(13,18),(25,27):0.000000
(13,18),(26,27):0.000000
(13,18),(26,20):0.000000
(13,18),(28,20):0.000000
(13,18),(28,21):0.000000
(13,18),(36,21):0.000000
(13,18),(36,23):0.000000
(14,18),(14,25):35.000000
(14,18),(12,25):43.714287
(14,18),(12,29):29.464285
(14,18),(10,29):29.714285
(14,18),(10,28):40.714287
(14,18),(9,28):40.714287
(14,18),(9,11):42.809875
(14,18),(24,11):0.000000
(14,18),(24,9):0.000000
(14,18),(30,9):0.000000
(14,18),(30,5):0.000000
(14,18),(23,5):0.000000
(14,18),(23,6):0.000000
(14,18),(5,6):0.000000
(14,18),(5,13):0.000000
(14,18),(6,13):0.000000
(14,18),(6,26):0.000000
(14,18),(2,26):0.000000
(14,18),(2,10):0.000000
(14,18),(1,10):0.000000
(14,18),(1,8):0.000000
(14,18),(3,8):0.000000
(14,18),(3,22):0.000000
(14,18),(4,22):0.000000
(14,18),(4,3):0.000000
(14,18),(8,3):0.000000
(14,18),(8,2):0.000000
(14,18),(7,2):0.000000
(14,18),(7,1):0.000000
(14,18),(35,1):0.000000
(14,18),(35,4):0.000000
(14,18),(34,4):0.000000
(14,18),(34,7):0.000000
(14,18),(33,7):0.000000
(14,18),(33,17):0.000000
(14,18),(32,17):0.000000
(14,18),(32,19):0.000000
(14,18),(31,19):0.000000
(14,18),(31,12):0.000000
(14,18),(11,12):20.964285
(14,18),(11,14):42.714287
(14,18),(21,14):0.000000
(14,18),(21,24):0.000000
(14,18),(25,24):0.000000
(14,18),(25,27):0.000000
(14,18),(26,27):0.000000
(14,18),(26,20):0.000000
(14,18),(28,20):0.000000
(14,18),(28,21):0.000000
(14,18),(36,21):0.000000
(14,18),(36,23):0.000000
(14,25),(12,25):54.629871
(14,25),(12,29):37.772728
(14,25),(10,29):36.629871
(14,25),(10,28):51.629871
(14,25),(9,28):52.629871
(14,25),(9,11):51.806820
(14,25),(24,11):1.460820
(14,25),(24,9):0.000000
(14,25),(30,9):0.000000
(14,25),(30,5):0.000000
(14,25),(23,5):0.000000
(14,25),(23,6):0.000000
(14,25),(5,6):0.000000
(14,25),(5,13):0.000000
(14,25),(6,13):0.000000
(14,25),(6,26):0.000000
(14,25),(2,26):0.000000
(14,25),(2,10):0.000000
(14,25),(1,10):0.000000
(14,25),(1,8):0.000000
(14,25),(3,8):0.000000
(14,25),(3,22):0.000000
(14,25),(4,22):0.000000
(14,25),(4,3):0.000000
(14,25),(8,3):0.000000
(14,25),(8,2):0.000000
(14,25),(7,2):0.000000
(14,25),(7,1):0.000000
(14,25),(35,1):0.000000
(14,25),(35,4):0.000000
(14,25),(34,4):0.000000
(14,25),(34,7):0.000000
(14,25),(33,7):0.000000
(14,25),(33,17):0.000000
(14,25),(32,17):0.000000
(14,25),(32,19):0.000000
(14,25),(31,19):0.000000
(14,25),(31,12):1.318182
(14,25),(11,12):26.772728
(14,25),(11,14):53.629871
(14,25),(21,14):7.257143
(14,25),(21,24):0.000000
(14,25),(25,24):0.000000
(14,25),(25,27):0.000000
(14,25),(26,27):0.000000
(14,25),(26,20):0.000000
(14,25),(28,20):0.000000
(14,25),(28,21):0.000000
(14,25),(36,21):0.000000
(14,25),(36,23):0.000000
(12,25),(12,29):49.340908
(12,25),(10,29):46.813129
(12,25),(10,28):64.813133
(12,25),(9,28):63.813129
(12,25),(9,11):63.686497
(12,25),(24,11):1.925311
(12,25),(24,9):0.000000
(12,25),(30,9):0.000000
(12,25),(30,5):0.000000
(12,25),(23,5):0.000000
(12,25),(23,6):0.000000
(12,25),(5,6):0.000000
(12,25),(5,13):0.000000
(12,25),(6,13):0.000000
(12,25),(6,26):0.000000
(12,25),(2,26):0.000000
(12,25),(2,10):0.000000
(12,25),(1,10):0.000000
(12,25),(1,8):0.000000
(12,25),(3,8):0.000000
(12,25),(3,22):0.000000
(12,25),(4,22):0.000000
(12,25),(4,3):0.000000
(12,25),(8,3):0.000000
(12,25),(8,2):0.000000
(12,25),(7,2):0.000000
(12,25),(7,1):0.000000
(12,25),(35,1):0.000000
(12,25),(35,4):0.000000
(12,25),(34,4):0.000000
(12,25),(34,7):0.000000
(12,25),(33,7):0.000000
(12,25),(33,17):0.000000
(12,25),(32,17):0.000000
(12,25),(32,19):0.000000
(12,25),(31,19):0.000000
(12,25),(31,12):1.772727
(12,25),(11,12):34.590908
(12,25),(11,14):66.813133
(12,25),(21,14):8.213131
(12,25),(21,24):0.000000
(12,25),(25,24):0.000000
(12,25),(25,27):0.000000
(12,25),(26,27):0.000000
(12,25),(26,20):0.000000
(12,25),(28,20):0.000000
(12,25),(28,21):0.000000
(12,25),(36,21):0.000000
(12,25),(36,23):0.000000
(12,29),(10,29):32.700001
(12,29),(10,28):49.450001
(12,29),(9,28):47.450001
(12,29),(9,11):48.670589
(12,29),(24,11):1.986499
(12,29),(24,9):0.000000
(12,29),(30,9):0.000000
(12,29),(30,5):0.000000
(12,29),(23,5):0.000000
(12,29),(23,6):0.000000
(12,29),(5,6):0.000000
(12,29),(5,13):0.000000
(12,29),(6,13):0.000000
(12,29),(6,26):0.000000
(12,29),(2,26):0.000000
(12,29),(2,10):0.000000
(12,29),(1,10):0.000000
(12,29),(1,8):0.000000
(12,29),(3,8):0.000000
(12,29),(3,22):0.000000
(12,29),(4,22):0.000000
(12,29),(4,3):0.000000
(12,29),(8,3):0.000000
(12,29),(8,2):0.000000
(12,29),(7,2):0.000000
(12,29),(7,1):0.000000
(12,29),(35,1):0.000000
(12,29),(35,4):0.000000
(12,29),(34,4):0.000000
(12,29),(34,7):0.000000
(12,29),(33,7):0.000000
(12,29),(33,17):0.000000
(12,29),(32,17):0.000000
(12,29),(32,19):0.000000
(12,29),(31,19):0.000000
(12,29),(31,12):1.833333
(12,29),(11,12):34.450001
(12,29),(11,14):49.450001
(12,29),(21,14):6.300000
(12,29),(21,24):0.000000
(12,29),(25,24):0.000000
(12,29),(25,27):0.000000
(12,29),(26,27):0.000000
(12,29),(26,20):0.000000
(12,29),(28,20):0.000000
(12,29),(28,21):0.000000
(12,29),(36,21):0.000000
(12,29),(36,23):0.000000
(10,29),(10,28):47.490952
(10,29),(9,28):45.490952
(10,29),(9,11):43.125000
(10,29),(24,11):1.067873
(10,29),(24,9):0.000000
(10,29),(30,9):0.000000
(10,29),(30,5):0.000000
(10,29),(23,5):0.000000
(10,29),(23,6):0.000000
(10,29),(5,6):0.000000
(10,29),(5,13):0.000000
(10,29),(6,13):0.000000
(10,29),(6,26):0.000000
(10,29),(2,26):0.000000
(10,29),(2,10):0.000000
(10,29),(1,10):0.000000
(10,29),(1,8):0.000000
(10,29),(3,8):0.000000
(10,29),(3,22):0.000000
(10,29),(4,22):0.000000
(10,29),(4,3):0.000000
(10,29),(8,3):0.000000
(10,29),(8,2):0.000000
(10,29),(7,2):0.000000
(10,29),(7,1):0.000000
(10,29),(35,1):0.000000
(10,29),(35,4):0.000000
(10,29),(34,4):0.000000
(10,29),(34,7):0.000000
(10,29),(33,7):0.000000
(10,29),(33,17):0.000000
(10,29),(32,17):0.000000
(10,29),(32,19):0.000000
(10,29),(31,19):0.000000
(10,29),(31,12):1.029412
(10,29),(11,12):18.029411
(10,29),(11,14):46.461540
(10,29),(21,14):6.142184
(10,29),(21,24):0.000000
(10,29),(25,24):0.000000
(10,29),(25,27):0.000000
(10,29),(26,27):0.000000
(10,29),(26,20):0.000000
(10,29),(28,20):0.000000
(10,29),(28,21):0.000000
(10,29),(36,21):0.000000
(10,29),(36,23):0.000000
(10,28),(9,28):63.531250
(10,28),(9,11):61.126839
(10,28),(24,11):2.185096
(10,28),(24,9):0.000000
(10,28),(30,9):0.000000
(10,28),(30,5):0.000000
(10,28),(23,5):0.000000
(10,28),(23,6):0.000000
(10,28),(5,6):0.000000
(10,28),(5,13):0.000000
(10,28),(6,13):0.000000
(10,28),(6,26):0.000000
(10,28),(2,26):0.000000
(10,28),(2,10):0.000000
(10,28),(1,10):0.000000
(10,28),(1,8):0.000000
(10,28),(3,8):0.000000
(10,28),(3,22):0.000000
(10,28),(4,22):0.000000
(10,28),(4,3):0.000000
(10,28),(8,3):0.000000
(10,28),(8,2):0.000000
(10,28),(7,2):0.000000
(10,28),(7,1):0.000000
(10,28),(35,1):0.000000
(10,28),(35,4):0.000000
(10,28),(34,4):0.000000
(10,28),(34,7):0.000000
(10,28),(33,7):0.000000
(10,28),(33,17):0.000000
(10,28),(32,17):0.000000
(10,28),(32,19):0.000000
(10,28),(31,19):0.000000
(10,28),(31,12):2.031250
(10,28),(11,12):35.031250
(10,28),(11,14):64.500000
(10,28),(21,14):8.478948
(10,28),(21,24):0.000000
(10,28),(25,24):0.000000
(10,28),(25,27):0.000000
(10,28),(26,27):0.000000
(10,28),(26,20):0.000000
(10,28),(28,20):0.000000
(10,28),(28,21):0.000000
(10,28),(36,21):0.000000
(10,28),(36,23):0.000000
(9,28),(9,11):60.187500
(9,28),(24,11):2.216346
(9,28),(24,9):0.000000
(9,28),(30,9):0.000000
(9,28),(30,5):0.000000
(9,28),(23,5):0.000000
(9,28),(23,6):0.000000
(9,28),(5,6):0.000000
(9,28),(5,13):0.000000
(9,28),(6,13):0.000000
(9,28),(6,26):0.000000
(9,28),(2,26):0.000000
(9,28),(2,10):0.000000
(9,28),(1,10):0.000000
(9,28),(1,8):0.000000
(9,28),(3,8):0.000000
(9,28),(3,22):0.000000
(9,28),(4,22):0.000000
(9,28),(4,3):0.000000
(9,28),(8,3):0.000000
(9,28),(8,2):0.000000
(9,28),(7,2):0.000000
(9,28),(7,1):0.000000
(9,28),(35,1):0.000000
(9,28),(35,4):0.000000
(9,28),(34,4):0.000000
(9,28),(34,7):0.000000
(9,28),(33,7):0.000000
(9,28),(33,17):0.000000
(9,28),(32,17):0.000000
(9,28),(32,19):0.000000
(9,28),(31,19):0.000000
(9,28),(31,12):2.062500
(9,28),(11,12):34.062500
(9,28),(11,14):63.666668
(9,28),(21,14):8.638095
(9,28),(21,24):0.000000
(9,28),(25,24):0.000000
(9,28),(25,27):0.000000
(9,28),(26,27):0.000000
(9,28),(26,20):0.000000
(9,28),(28,20):0.000000
(9,28),(28,21):0.000000
(9,28),(36,21):0.000000
(9,28),(36,23):0.000000
(9,11),(24,11):24.244755
(9,11),(24,9):9.090909
(9,11),(30,9):10.590909
(9,11),(30,5):3.090909
(9,11),(23,5):0.000000
(9,11),(23,6):0.000000
(9,11),(5,6):0.000000
(9,11),(5,13):0.000000
(9,11),(6,13):0.000000
(9,11),(6,26):0.000000
(9,11),(2,26):0.000000
(9,11),(2,10):0.000000
(9,11),(1,10):0.000000
(9,11),(1,8):0.000000
(9,11),(3,8):0.000000
(9,11),(3,22):0.000000
(9,11),(4,22):0.000000
(9,11),(4,3):0.000000
(9,11),(8,3):0.000000
(9,11),(8,2):0.000000
(9,11),(7,2):0.000000
(9,11),(7,1):0.000000
(9,11),(35,1):3.064988
(9,11),(35,4):0.000000
(9,11),(34,4):3.502488
(9,11),(34,7):0.000000
(9,11),(33,7):6.840909
(9,11),(33,17):2.290909
(9,11),(32,17):2.190909
(9,11),(32,19):1.094156
(9,11),(31,19):2.090909
(9,11),(31,12):24.090910
(9,11),(11,12):56.970589
(9,11),(11,14):63.970589
(9,11),(21,14):5.576470
(9,11),(21,24):0.000000
(9,11),(25,24):0.000000
(9,11),(25,27):0.000000
(9,11),(26,27):0.000000
(9,11),(26,20):0.000000
(9,11),(28,20):0.000000
(9,11),(28,21):0.000000
(9,11),(36,21):0.000000
(9,11),(36,23):0.000000
(24,11),(24,9):27.285715
(24,11),(30,9):30.285715
(24,11),(30,5):10.785714
(24,11),(23,5):0.000000
(24,11),(23,6):0.000000
(24,11),(5,6):0.000000
(24,11),(5,13):0.000000
(24,11),(6,13):0.000000
(24,11),(6,26):0.000000
(24,11),(2,26):0.000000
(24,11),(2,10):0.000000
(24,11),(1,10):0.000000
(24,11),(1,8):0.000000
(24,11),(3,8):0.000000
(24,11),(3,22):0.000000
(24,11),(4,22):0.000000
(24,11),(4,3):0.000000
(24,11),(8,3):0.000000
(24,11),(8,2):0.000000
(24,11),(7,2):0.000000
(24,11),(7,1):0.000000
(24,11),(35,1):9.340909
(24,11),(35,4):0.000000
(24,11),(34,4):10.128409
(24,11),(34,7):0.000000
(24,11),(33,7):17.535715
(24,11),(33,17):9.585714
(24,11),(32,17):8.660714
(24,11),(32,19):4.329004
(24,11),(31,19):7.619048
(24,11),(31,12):43.785713
(24,11),(11,12):27.269230
(24,11),(11,14):2.153846
(24,11),(21,14):0.000000
(24,11),(21,24):0.000000
(24,11),(25,24):0.000000
(24,11),(25,27):0.000000
(24,11),(26,27):0.000000
(24,11),(26,20):0.000000
(24,11),(28,20):0.000000
(24,11),(28,21):0.000000
(24,11),(36,21):0.000000
(24,11),(36,23):0.000000
(24,9),(30,9):27.857143
(24,9),(30,5):9.857142
(24,9),(23,5):0.000000
(24,9),(23,6):0.000000
(24,9),(5,6):0.000000
(24,9),(5,13):0.000000
(24,9),(6,13):0.000000
(24,9),(6,26):0.000000
(24,9),(2,26):0.000000
(24,9),(2,10):0.000000
(24,9),(1,10):0.000000
(24,9),(1,8):0.000000
(24,9),(3,8):0.000000
(24,9),(3,22):0.000000
(24,9),(4,22):0.000000
(24,9),(4,3):0.000000
(24,9),(8,3):0.000000
(24,9),(8,2):0.000000
(24,9),(7,2):0.000000
(24,9),(7,1):0.000000
(24,9),(35,1):8.333333
(24,9),(35,4):0.000000
(24,9),(34,4):9.120833
(24,9),(34,7):0.000000
(24,9),(33,7):16.607143
(24,9),(33,17):8.657143
(24,9),(32,17):7.757143
(24,9),(32,19):3.857143
(24,9),(31,19):6.857143
(24,9),(31,12):27.857143
(24,9),(11,12):12.115385
(24,9),(11,14):0.000000
(24,9),(21,14):0.000000
(24,9),(21,24):0.000000
(24,9),(25,24):0.000000
(24,9),(25,27):0.000000
(24,9),(26,27):0.000000
(24,9),(26,20):0.000000
(24,9),(28,20):0.000000
(24,9),(28,21):0.000000
(24,9),(36,21):0.000000
(24,9),(36,23):0.000000
(30,9),(30,5):46.875000
(30,9),(23,5):18.375000
(30,9),(23,6):0.000000
(30,9),(5,6):16.375000
(30,9),(5,13):0.000000
(30,9),(6,13):0.000000
(30,9),(6,26):0.000000
(30,9),(2,26):0.000000
(30,9),(2,10):0.000000
(30,9),(1,10):0.000000
(30,9),(1,8):0.000000
(30,9),(3,8):0.000000
(30,9),(3,22):0.000000
(30,9),(4,22):0.000000
(30,9),(4,3):9.015385
(30,9),(8,3):19.102272
(30,9),(8,2):19.465910
(30,9),(7,2):5.000000
(30,9),(7,1):19.766304
(30,9),(35,1):38.604168
(30,9),(35,4):14.375000
(30,9),(34,4):40.558334
(30,9),(34,7):23.666666
(30,9),(33,7):52.750000
(30,9),(33,17):37.633335
(30,9),(32,17):38.133335
(30,9),(32,19):20.000000
(30,9),(31,19):30.100000
(30,9),(31,12):64.750000
(30,9),(11,12):13.615385
(30,9),(11,14):0.000000
(30,9),(21,14):0.000000
(30,9),(21,24):0.000000
(30,9),(25,24):0.000000
(30,9),(25,27):0.000000
(30,9),(26,27):0.000000
(30,9),(26,20):0.000000
(30,9),(28,20):0.000000
(30,9),(28,21):0.000000
(30,9),(36,21):0.000000
(30,9),(36,23):0.000000
(30,5),(23,5):115.775002
(30,5),(23,6):68.866669
(30,5),(5,6):109.513885
(30,5),(5,13):2.000000
(30,5),(6,13):0.000000
(30,5),(6,26):0.615385
(30,5),(2,26):0.000000
(30,5),(2,10):0.000000
(30,5),(1,10):0.000000
(30,5),(1,8):0.000000
(30,5),(3,8):0.000000
(30,5),(3,22):0.000000
(30,5),(4,22):2.250000
(30,5),(4,3):61.490383
(30,5),(8,3):115.602272
(30,5),(8,2):108.897728
(30,5),(7,2):27.931818
(30,5),(7,1):104.698120
(30,5),(35,1):132.664230
(30,5),(35,4):85.806816
(30,5),(34,4):134.756821
(30,5),(34,7):40.000000
(30,5),(33,7):60.882355
(30,5),(33,17):41.964287
(30,5),(32,17):42.133335
(30,5),(32,19):23.142857
(30,5),(31,19):32.500000
(30,5),(31,12):49.059525
(30,5),(11,12):4.730769
(30,5),(11,14):0.000000
(30,5),(21,14):0.000000
(30,5),(21,24):0.000000
(30,5),(25,24):0.000000
(30,5),(25,27):0.000000
(30,5),(26,27):0.000000
(30,5),(26,20):0.000000
(30,5),(28,20):0.000000
(30,5),(28,21):0.000000
(30,5),(36,21):0.000000
(30,5),(36,23):0.000000
(23,5),(23,6):87.866669
(23,5),(5,6):128.621216
(23,5),(5,13):3.027778
(23,5),(6,13):0.000000
(23,5),(6,26):1.058220
(23,5),(2,26):0.000000
(23,5),(2,10):0.000000
(23,5),(1,10):0.000000
(23,5),(1,8):0.000000
(23,5),(3,8):0.000000
(23,5),(3,22):0.000000
(23,5),(4,22):3.309028
(23,5),(4,3):79.982323
(23,5),(8,3):133.982330
(23,5),(8,2):122.854546
(23,5),(7,2):27.900000
(23,5),(7,1):114.854546
(23,5),(35,1):132.623062
(23,5),(35,4):85.854546
(23,5),(34,4):129.382324
(23,5),(34,7):32.000000
(23,5),(33,7):29.500000
(23,5),(33,17):14.000000
(23,5),(32,17):14.933333
(23,5),(32,19):9.142858
(23,5),(31,19):10.666667
(23,5),(31,12):18.759523
(23,5),(11,12):0.000000
(23,5),(11,14):0.000000
(23,5),(21,14):0.000000
(23,5),(21,24):0.000000
(23,5),(25,24):0.000000
(23,5),(25,27):0.000000
(23,5),(26,27):0.000000
(23,5),(26,20):0.000000
(23,5),(28,20):0.000000
(23,5),(28,21):0.000000
(23,5),(36,21):0.000000
(23,5),(36,23):0.000000
(23,6),(5,6):85.000000
(23,6),(5,13):3.000000
(23,6),(6,13):0.000000
(23,6),(6,26):1.038462
(23,6),(2,26):0.000000
(23,6),(2,10):0.000000
(23,6),(1,10):0.000000
(23,6),(1,8):0.000000
(23,6),(3,8):0.000000
(23,6),(3,22):0.000000
(23,6),(4,22):3.281250
(23,6),(4,3):57.000000
(23,6),(8,3):87.000000
(23,6),(8,2):75.866669
(23,6),(7,2):15.866667
(23,6),(7,1):67.866669
(23,6),(35,1):85.774071
(23,6),(35,4):49.866665
(23,6),(34,4):82.366669
(23,6),(34,7):0.250000
(23,6),(33,7):0.000000
(23,6),(33,17):0.000000
(23,6),(32,17):0.000000
(23,6),(32,19):0.000000
(23,6),(31,19):0.000000
(23,6),(31,12):0.000000
(23,6),(11,12):0.000000
(23,6),(11,14):0.000000
(23,6),(21,14):0.000000
(23,6),(21,24):0.000000
(23,6),(25,24):0.000000
(23,6),(25,27):0.000000
(23,6),(26,27):0.000000
(23,6),(26,20):0.000000
(23,6),(28,20):0.000000
(23,6),(28,21):0.000000
(23,6),(36,21):0.000000
(23,6),(36,23):0.000000
(5,6),(5,13):23.500000
(5,6),(6,13):13.500000
(5,6),(6,26):19.653847
(5,6),(2,26):5.500000
(5,6),(2,10):0.000000
(5,6),(1,10):0.000000
(5,6),(1,8):0.000000
(5,6),(3,8):0.000000
(5,6),(3,22):4.500000
(5,6),(4,22):23.781250
(5,6),(4,3):96.604408
(5,6),(8,3):129.104401
(5,6),(8,2):116.604408
(5,6),(7,2):25.500000
(5,6),(7,1):108.854408
(5,6),(35,1):126.569466
(5,6),(35,4):82.965515
(5,6),(34,4):123.138885
(5,6),(34,7):29.863890
(5,6),(33,7):27.395300
(5,6),(33,17):12.564688
(5,6),(32,17):13.375812
(5,6),(32,19):8.243251
(5,6),(31,19):9.450675
(5,6),(31,12):16.798807
(5,6),(11,12):0.000000
(5,6),(11,14):0.000000
(5,6),(21,14):0.000000
(5,6),(21,24):0.000000
(5,6),(25,24):0.000000
(5,6),(25,27):0.000000
(5,6),(26,27):0.000000
(5,6),(26,20):0.000000
(5,6),(28,20):0.000000
(5,6),(28,21):0.000000
(5,6),(36,21):0.000000
(5,6),(36,23):0.000000
(5,13),(6,13):26.888889
(5,13),(6,26):33.042736
(5,13),(2,26):12.888889
(5,13),(2,10):0.000000
(5,13),(1,10):0.000000
(5,13),(1,8):0.000000
(5,13),(3,8):0.000000
(5,13),(3,22):8.888889
(5,13),(4,22):36.888889
(5,13),(4,3):31.000000
(5,13),(8,3):3.500000
(5,13),(8,2):0.000000
(5,13),(7,2):0.000000
(5,13),(7,1):0.000000
(5,13),(35,1):2.824074
(5,13),(35,4):1.000000
(5,13),(34,4):3.034483
(5,13),(34,7):0.000000
(5,13),(33,7):0.000000
(5,13),(33,17):0.000000
(5,13),(32,17):0.000000
(5,13),(32,19):0.000000
(5,13),(31,19):0.000000
(5,13),(31,12):0.000000
(5,13),(11,12):0.000000
(5,13),(11,14):0.000000
(5,13),(21,14):0.000000
(5,13),(21,24):0.000000
(5,13),(25,24):0.000000
(5,13),(25,27):0.000000
(5,13),(26,27):0.000000
(5,13),(26,20):0.000000
(5,13),(28,20):0.000000
(5,13),(28,21):0.000000
(5,13),(36,21):0.000000
(5,13),(36,23):0.000000
(6,13),(6,26):27.777779
(6,13),(2,26):13.777778
(6,13),(2,10):0.080808
(6,13),(1,10):0.000000
(6,13),(1,8):0.000000
(6,13),(3,8):0.000000
(6,13),(3,22):9.777778
(6,13),(4,22):27.777779
(6,13),(4,3):21.000000
(6,13),(8,3):0.000000
(6,13),(8,2):0.000000
(6,13),(7,2):0.000000
(6,13),(7,1):0.000000
(6,13),(35,1):0.000000
(6,13),(35,4):0.000000
(6,13),(34,4):0.000000
(6,13),(34,7):0.000000
(6,13),(33,7):0.000000
(6,13),(33,17):0.000000
(6,13),(32,17):0.000000
(6,13),(32,19):0.000000
(6,13),(31,19):0.000000
(6,13),(31,12):0.000000
(6,13),(11,12):0.000000
(6,13),(11,14):0.000000
(6,13),(21,14):0.000000
(6,13),(21,24):0.000000
(6,13),(25,24):0.000000
(6,13),(25,27):0.000000
(6,13),(26,27):0.000000
(6,13),(26,20):0.000000
(6,13),(28,20):0.000000
(6,13),(28,21):0.000000
(6,13),(36,21):0.000000
(6,13),(36,23):0.000000
(6,26),(2,26):20.666666
(6,26),(2,10):5.333333
(6,26),(1,10):0.000000
(6,26),(1,8):0.000000
(6,26),(3,8):4.666667
(6,26),(3,22):16.666666
(6,26),(4,22):40.153847
(6,26),(4,3):27.153847
(6,26),(8,3):1.403846
(6,26),(8,2):0.000000
(6,26),(7,2):0.000000
(6,26),(7,1):0.000000
(6,26),(35,1):1.028554
(6,26),(35,4):0.269231
(6,26),(34,4):1.062999
(6,26),(34,7):0.000000
(6,26),(33,7):0.000000
(6,26),(33,17):0.000000
(6,26),(32,17):0.000000
(6,26),(32,19):0.000000
(6,26),(31,19):0.000000
(6,26),(31,12):0.000000
(6,26),(11,12):0.000000
(6,26),(11,14):0.000000
(6,26),(21,14):0.000000
(6,26),(21,24):0.000000
(6,26),(25,24):0.000000
(6,26),(25,27):0.000000
(6,26),(26,27):0.000000
(6,26),(26,20):0.000000
(6,26),(28,20):0.000000
(6,26),(28,21):0.000000
(6,26),(36,21):0.000000
(6,26),(36,23):0.000000
(2,26),(2,10):18.666666
(2,26),(1,10):2.000000
(2,26),(1,8):3.000000
(2,26),(3,8):18.000000
(2,26),(3,22):30.000000
(2,26),(4,22):20.000000
(2,26),(4,3):10.958333
(2,26),(8,3):0.000000
(2,26),(8,2):0.000000
(2,26),(7,2):0.000000
(2,26),(7,1):0.000000
(2,26),(35,1):0.000000
(2,26),(35,4):0.000000
(2,26),(34,4):0.000000
(2,26),(34,7):0.000000
(2,26),(33,7):0.000000
(2,26),(33,17):0.000000
(2,26),(32,17):0.000000
(2,26),(32,19):0.000000
(2,26),(31,19):0.000000
(2,26),(31,12):0.000000
(2,26),(11,12):0.000000
(2,26),(11,14):0.000000
(2,26),(21,14):0.000000
(2,26),(21,24):0.000000
(2,26),(25,24):0.000000
(2,26),(25,27):0.000000
(2,26),(26,27):0.000000
(2,26),(26,20):0.000000
(2,26),(28,20):0.000000
(2,26),(28,21):0.000000
(2,26),(36,21):0.000000
(2,26),(36,23):0.000000
(2,10),(1,10):4.000000
(2,10),(1,8):5.000000
(2,10),(3,8):20.000000
(2,10),(3,22):18.833334
(2,10),(4,22):4.666667
(2,10),(4,3):0.000000
(2,10),(8,3):0.000000
(2,10),(8,2):0.000000
(2,10),(7,2):0.000000
(2,10),(7,1):0.000000
(2,10),(35,1):0.000000
(2,10),(35,4):0.000000
(2,10),(34,4):0.000000
(2,10),(34,7):0.000000
(2,10),(33,7):0.000000
(2,10),(33,17):0.000000
(2,10),(32,17):0.000000
(2,10),(32,19):0.000000
(2,10),(31,19):0.000000
(2,10),(31,12):0.000000
(2,10),(11,12):0.000000
(2,10),(11,14):0.000000
(2,10),(21,14):0.000000
(2,10),(21,24):0.000000
(2,10),(25,24):0.000000
(2,10),(25,27):0.000000
(2,10),(26,27):0.000000
(2,10),(26,20):0.000000
(2,10),(28,20):0.000000
(2,10),(28,21):0.000000
(2,10),(36,21):0.000000
(2,10),(36,23):0.000000
(1,10),(1,8):4.000000
(1,10),(3,8):4.000000
(1,10),(3,22):2.166667
(1,10),(4,22):0.000000
(1,10),(4,3):0.000000
(1,10),(8,3):0.000000
(1,10),(8,2):0.000000
(1,10),(7,2):0.000000
(1,10),(7,1):0.000000
(1,10),(35,1):0.000000
(1,10),(35,4):0.000000
(1,10),(34,4):0.000000
(1,10),(34,7):0.000000
(1,10),(33,7):0.000000
(1,10),(33,17):0.000000
(1,10),(32,17):0.000000
(1,10),(32,19):0.000000
(1,10),(31,19):0.000000
(1,10),(31,12):0.000000
(1,10),(11,12):0.000000
(1,10),(11,14):0.000000
(1,10),(21,14):0.000000
(1,10),(21,24):0.000000
(1,10),(25,24):0.000000
(1,10),(25,27):0.000000
(1,10),(26,27):0.000000
(1,10),(26,20):0.000000
(1,10),(28,20):0.000000
(1,10),(28,21):0.000000
(1,10),(36,21):0.000000
(1,10),(36,23):0.000000
(1,8),(3,8):5.000000
(1,8),(3,22):3.166667
(1,8),(4,22):0.000000
(1,8),(4,3):0.000000
(1,8),(8,3):0.000000
(1,8),(8,2):0.000000
(1,8),(7,2):0.000000
(1,8),(7,1):0.000000
(1,8),(35,1):0.000000
(1,8),(35,4):0.000000
(1,8),(34,4):0.000000
(1,8),(34,7):0.000000
(1,8),(33,7):0.000000
(1,8),(33,17):0.000000
(1,8),(32,17):0.000000
(1,8),(32,19):0.000000
(1,8),(31,19):0.000000
(1,8),(31,12):0.000000
(1,8),(11,12):0.000000
(1,8),(11,14):0.000000
(1,8),(21,14):0.000000
(1,8),(21,24):0.000000
(1,8),(25,24):0.000000
(1,8),(25,27):0.000000
(1,8),(26,27):0.000000
(1,8),(26,20):0.000000
(1,8),(28,20):0.000000
(1,8),(28,21):0.000000
(1,8),(36,21):0.000000
(1,8),(36,23):0.000000
(3,8),(3,22):18.166666
(3,8),(4,22):4.000000
(3,8),(4,3):0.000000
(3,8),(8,3):0.000000
(3,8),(8,2):0.000000
(3,8),(7,2):0.000000
(3,8),(7,1):0.000000
(3,8),(35,1):0.000000
(3,8),(35,4):0.000000
(3,8),(34,4):0.000000
(3,8),(34,7):0.000000
(3,8),(33,7):0.000000
(3,8),(33,17):0.000000
(3,8),(32,17):0.000000
(3,8),(32,19):0.000000
(3,8),(31,19):0.000000
(3,8),(31,12):0.000000
(3,8),(11,12):0.000000
(3,8),(11,14):0.000000
(3,8),(21,14):0.000000
(3,8),(21,24):0.000000
(3,8),(25,24):0.000000
(3,8),(25,27):0.000000
(3,8),(26,27):0.000000
(3,8),(26,20):0.000000
(3,8),(28,20):0.000000
(3,8),(28,21):0.000000
(3,8),(36,21):0.000000
(3,8),(36,23):0.000000
(3,22),(4,22):16.000000
(3,22),(4,3):7.950000
(3,22),(8,3):0.000000
(3,22),(8,2):0.000000
(3,22),(7,2):0.000000
(3,22),(7,1):0.000000
(3,22),(35,1):0.000000
(3,22),(35,4):0.000000
(3,22),(34,4):0.000000
(3,22),(34,7):0.000000
(3,22),(33,7):0.000000
(3,22),(33,17):0.000000
(3,22),(32,17):0.000000
(3,22),(32,19):0.000000
(3,22),(31,19):0.000000
(3,22),(31,12):0.000000
(3,22),(11,12):0.000000
(3,22),(11,14):0.000000
(3,22),(21,14):0.000000
(3,22),(21,24):0.000000
(3,22),(25,24):0.000000
(3,22),(25,27):0.000000
(3,22),(26,27):0.000000
(3,22),(26,20):0.000000
(3,22),(28,20):0.000000
(3,22),(28,21):0.000000
(3,22),(36,21):0.000000
(3,22),(36,23):0.000000
(4,22),(4,3):31.281250
(4,22),(8,3):3.781250
(4,22),(8,2):0.000000
(4,22),(7,2):0.000000
(4,22),(7,1):0.000000
(4,22),(35,1):3.066322
(4,22),(35,4):1.156250
(4,22),(34,4):3.315733
(4,22),(34,7):0.000000
(4,22),(33,7):0.000000
(4,22),(33,17):0.000000
(4,22),(32,17):0.000000
(4,22),(32,19):0.000000
(4,22),(31,19):0.000000
(4,22),(31,12):0.000000
(4,22),(11,12):0.000000
(4,22),(11,14):0.000000
(4,22),(21,14):0.000000
(4,22),(21,24):0.000000
(4,22),(25,24):0.000000
(4,22),(25,27):0.000000
(4,22),(26,27):0.000000
(4,22),(26,20):0.000000
(4,22),(28,20):0.000000
(4,22),(28,21):0.000000
(4,22),(36,21):0.000000
(4,22),(36,23):0.000000
(4,3),(8,3):81.115387
(4,3),(8,2):68.615387
(4,3),(7,2):0.000000
(4,3),(7,1):61.115383
(4,3),(35,1):78.328239
(4,3),(35,4):31.000000
(4,3),(34,4):75.149864
(4,3),(34,7):12.615385
(4,3),(33,7):11.782051
(4,3),(33,17):6.846154
(4,3),(32,17):7.324173
(4,3),(32,19):4.439560
(4,3),(31,19):5.383480
(4,3),(31,12):8.962020
(4,3),(11,12):0.000000
(4,3),(11,14):0.000000
(4,3),(21,14):0.000000
(4,3),(21,24):0.000000
(4,3),(25,24):0.000000
(4,3),(25,27):0.000000
(4,3),(26,27):0.000000
(4,3),(26,20):0.000000
(4,3),(28,20):0.000000
(4,3),(28,21):0.000000
(4,3),(36,21):0.000000
(4,3),(36,23):0.000000
(8,3),(8,2):122.727272
(8,3),(7,2):27.000000
(8,3),(7,1):114.727272
(8,3),(35,1):132.417206
(8,3),(35,4):85.000000
(8,3),(34,4):129.261749
(8,3),(34,7):32.727272
(8,3),(33,7):30.227272
(8,3),(33,17):14.409091
(8,3),(32,17):15.394594
(8,3),(32,19):9.324676
(8,3),(31,19):11.118725
(8,3),(31,12):19.392857
(8,3),(11,12):0.000000
(8,3),(11,14):0.000000
(8,3),(21,14):0.000000
(8,3),(21,24):0.000000
(8,3),(25,24):0.000000
(8,3),(25,27):0.000000
(8,3),(26,27):0.000000
(8,3),(26,20):0.000000
(8,3),(28,20):0.000000
(8,3),(28,21):0.000000
(8,3),(36,21):0.000000
(8,3),(36,23):0.000000
(8,2),(7,2):28.000000
(8,2),(7,1):116.090912
(8,2),(35,1):122.210144
(8,2),(35,4):81.962959
(8,2),(34,4):118.552444
(8,2),(34,7):33.090908
(8,2),(33,7):30.590910
(8,2),(33,17):14.613636
(8,2),(32,17):15.622123
(8,2),(32,19):9.415585
(8,2),(31,19):11.339226
(8,2),(31,12):19.693144
(8,2),(11,12):0.000000
(8,2),(11,14):0.000000
(8,2),(21,14):0.000000
(8,2),(21,24):0.000000
(8,2),(25,24):0.000000
(8,2),(25,27):0.000000
(8,2),(26,27):0.000000
(8,2),(26,20):0.000000
(8,2),(28,20):0.000000
(8,2),(28,21):0.000000
(8,2),(36,21):0.000000
(8,2),(36,23):0.000000
(7,2),(7,1):28.000000
(7,2),(35,1):28.000000
(7,2),(35,4):27.962963
(7,2),(34,4):27.961538
(7,2),(34,7):11.000000
(7,2),(33,7):10.083333
(7,2),(33,17):3.875000
(7,2),(32,17):4.133333
(7,2),(32,19):2.500000
(7,2),(31,19):2.916667
(7,2),(31,12):5.416667
(7,2),(11,12):0.000000
(7,2),(11,14):0.000000
(7,2),(21,14):0.000000
(7,2),(21,24):0.000000
(7,2),(25,24):0.000000
(7,2),(25,27):0.000000
(7,2),(26,27):0.000000
(7,2),(26,20):0.000000
(7,2),(28,20):0.000000
(7,2),(28,21):0.000000
(7,2),(36,21):0.000000
(7,2),(36,23):0.000000
(7,1),(35,1):114.438354
(7,1),(35,4):79.962959
(7,1),(34,4):110.852844
(7,1),(34,7):33.391304
(7,1),(33,7):30.891304
(7,1),(33,17):14.782609
(7,1),(32,17):15.808547
(7,1),(32,19):9.490684
(7,1),(31,19):11.518678
(7,1),(31,12):19.933508
(7,1),(11,12):0.000000
(7,1),(11,14):0.000000
(7,1),(21,14):0.000000
(7,1),(21,24):0.000000
(7,1),(25,24):0.000000
(7,1),(25,27):0.000000
(7,1),(26,27):0.000000
(7,1),(26,20):0.000000
(7,1),(28,20):0.000000
(7,1),(28,21):0.000000
(7,1),(36,21):0.000000
(7,1),(36,23):0.000000
(35,1),(35,4):85.370369
(35,1),(34,4):149.215927
(35,1),(34,7):38.500000
(35,1),(33,7):49.812500
(35,1),(33,17):29.780487
(35,1),(32,17):29.633333
(35,1),(32,19):19.142857
(35,1),(31,19):21.000000
(35,1),(31,12):39.122025
(35,1),(11,12):4.471059
(35,1),(11,14):0.000000
(35,1),(21,14):0.000000
(35,1),(21,24):0.000000
(35,1),(25,24):0.000000
(35,1),(25,27):0.000000
(35,1),(26,27):0.000000
(35,1),(26,20):0.000000
(35,1),(28,20):0.000000
(35,1),(28,21):0.000000
(35,1),(36,21):0.000000
(35,1),(36,23):0.000000
(35,4),(34,4):85.961540
(35,4),(34,7):27.000000
(35,4),(33,7):24.750000
(35,4),(33,17):10.875000
(35,4),(32,17):11.600000
(35,4),(32,19):7.071429
(35,4),(31,19):8.250000
(35,4),(31,12):14.738095
(35,4),(11,12):0.000000
(35,4),(11,14):0.000000
(35,4),(21,14):0.000000
(35,4),(21,24):0.000000
(35,4),(25,24):0.000000
(35,4),(25,27):0.000000
(35,4),(26,27):0.000000
(35,4),(26,20):0.000000
(35,4),(28,20):0.000000
(35,4),(28,21):0.000000
(35,4),(36,21):0.000000
(35,4),(36,23):0.000000
(34,4),(34,7):40.000000
(34,4),(33,7):52.099998
(34,4),(33,17):29.783333
(34,4),(32,17):29.633333
(34,4),(32,19):19.142857
(34,4),(31,19):21.000000
(34,4),(31,12):40.159523
(34,4),(11,12):5.026733
(34,4),(11,14):0.000000
(34,4),(21,14):0.000000
(34,4),(21,24):0.000000
(34,4),(25,24):0.000000
(34,4),(25,27):0.000000
(34,4),(26,27):0.000000
(34,4),(26,20):0.000000
(34,4),(28,20):0.000000
(34,4),(28,21):0.000000
(34,4),(36,21):0.000000
(34,4),(36,23):0.000000
(34,7),(33,7):36.000000
(34,7),(33,17):20.000000
(34,7),(32,17):21.133333
(34,7),(32,19):12.857142
(34,7),(31,19):15.000000
(34,7),(31,12):23.892857
(34,7),(11,12):0.000000
(34,7),(11,14):0.000000
(34,7),(21,14):0.000000
(34,7),(21,24):0.000000
(34,7),(25,24):0.000000
(34,7),(25,27):0.000000
(34,7),(26,27):0.000000
(34,7),(26,20):0.000000
(34,7),(28,20):0.000000
(34,7),(28,21):0.000000
(34,7),(36,21):0.000000
(34,7),(36,23):0.000000
(33,7),(33,17):43.789474
(33,7),(32,17):45.433334
(33,7),(32,19):26.442858
(33,7),(31,19):35.799999
(33,7),(31,12):58.942856
(33,7),(11,12):9.474080
(33,7),(11,14):0.000000
(33,7),(21,14):0.000000
(33,7),(21,24):0.000000
(33,7),(25,24):0.000000
(33,7),(25,27):0.000000
(33,7),(26,27):0.000000
(33,7),(26,20):0.000000
(33,7),(28,20):0.000000
(33,7),(28,21):0.000000
(33,7),(36,21):0.000000
(33,7),(36,23):0.000000
(33,17),(32,17):41.833332
(33,17),(32,19):24.642857
(33,17),(31,19):31.000000
(33,17),(31,12):42.942856
(33,17),(11,12):3.690012
(33,17),(11,14):0.000000
(33,17),(21,14):0.000000
(33,17),(21,24):0.000000
(33,17),(25,24):0.000000
(33,17),(25,27):0.000000
(33,17),(26,27):0.000000
(33,17),(26,20):0.000000
(33,17),(28,20):0.000000
(33,17),(28,21):0.000000
(33,17),(36,21):0.000000
(33,17),(36,23):0.000000
(32,17),(32,19):26.642857
(32,17),(31,19):34.799999
(32,17),(31,12):45.442856
(32,17),(11,12):3.463870
(32,17),(11,14):0.000000
(32,17),(21,14):0.000000
(32,17),(21,24):0.000000
(32,17),(25,24):0.000000
(32,17),(25,27):0.000000
(32,17),(26,27):0.000000
(32,17),(26,20):0.000000
(32,17),(28,20):0.000000
(32,17),(28,21):0.000000
(32,17),(36,21):0.000000
(32,17),(36,23):0.000000
(32,19),(31,19):18.000000
(32,19),(31,12):26.642857
(32,19),(11,12):1.744147
(32,19),(11,14):0.000000
(32,19),(21,14):0.000000
(32,19),(21,24):0.000000
(32,19),(25,24):0.000000
(32,19),(25,27):0.000000
(32,19),(26,27):0.000000
(32,19),(26,20):0.000000
(32,19),(28,20):0.000000
(32,19),(28,21):0.000000
(32,19),(36,21):0.000000
(32,19),(36,23):0.000000
(31,19),(31,12):36.000000
(31,19),(11,12):3.230769
(31,19),(11,14):0.000000
(31,19),(21,14):0.000000
(31,19),(21,24):0.000000
(31,19),(25,24):0.000000
(31,19),(25,27):0.000000
(31,19),(26,27):0.000000
(31,19),(26,20):0.000000
(31,19),(28,20):0.000000
(31,19),(28,21):0.000000
(31,19),(36,21):0.000000
(31,19),(36,23):0.000000
(31,12),(11,12):27.115385
(31,12),(11,14):2.000000
(31,12),(21,14):0.000000
(31,12),(21,24):0.000000
(31,12),(25,24):0.000000
(31,12),(25,27):0.000000
(31,12),(26,27):0.000000
(31,12),(26,20):0.000000
(31,12),(28,20):0.000000
(31,12),(28,21):0.000000
(31,12),(36,21):0.000000
(31,12),(36,23):0.000000
(11,12),(11,14):35.000000
(11,12),(21,14):4.400000
(11,12),(21,24):0.000000
(11,12),(25,24):0.000000
(11,12),(25,27):0.000000
(11,12),(26,27):0.000000
(11,12),(26,20):0.000000
(11,12),(28,20):0.000000
(11,12),(28,21):0.000000
(11,12),(36,21):0.000000
(11,12),(36,23):0.000000
(11,14),(21,14):18.233334
(11,14),(21,24):5.555555
(11,14),(25,24):0.000000
(11,14),(25,27):0.000000
(11,14),(26,27):0.000000
(11,14),(26,20):0.000000
(11,14),(28,20):0.000000
(11,14),(28,21):0.000000
(11,14),(36,21):0.000000
(11,14),(36,23):0.000000
(21,14),(21,24):79.432899
(21,14),(25,24):34.230160
(21,14),(25,27):37.864864
(21,14),(26,27):19.130434
(21,14),(26,20):0.000000
(21,14),(28,20):0.000000
(21,14),(28,21):0.000000
(21,14),(36,21):0.000000
(21,14),(36,23):0.000000
(21,24),(25,24):62.785713
(21,24),(25,27):73.208336
(21,24),(26,27):42.041668
(21,24),(26,20):2.925000
(21,24),(28,20):0.000000
(21,24),(28,21):0.000000
(21,24),(36,21):0.000000
(21,24),(36,23):0.000000
(25,24),(25,27):61.375000
(25,24),(26,27):36.250000
(25,24),(26,20):0.000000
(25,24),(28,20):0.000000
(25,24),(28,21):0.000000
(25,24),(36,21):0.000000
(25,24),(36,23):0.000000
(25,27),(26,27):45.166668
(25,27),(26,20):4.050000
(25,27),(28,20):0.000000
(25,27),(28,21):0.000000
(25,27),(36,21):0.000000
(25,27),(36,23):0.000000
(26,27),(26,20):12.175000
(26,27),(28,20):5.625000
(26,27),(28,21):5.125000
(26,27),(36,21):2.611111
(26,27),(36,23):2.970588
(26,20),(28,20):7.500000
(26,20),(28,21):11.000000
(26,20),(36,21):8.111111
(26,20),(36,23):8.500000
(28,20),(28,21):7.000000
(28,20),(36,21):4.111111
(28,20),(36,23):4.500000
(28,21),(36,21):20.111111
(28,21),(36,23):20.500000
(36,21),(36,23):20.000000
