36
(15,1):(15,1)	(15,5)	(15,6)	(15,7)	(15,8)	(15,9)	(15,10)	(16,2)	(16,11)	(17,1)	(17,2)	
(17,1):(15,1)	(16,2)	(17,1)	(17,2)	
(17,2):(15,1)	(16,2)	(17,1)	(17,2)	
(16,2):(13,11)	(14,8)	(14,9)	(14,10)	(15,1)	(15,5)	(15,6)	(15,7)	(15,8)	(15,9)	(15,10)	(16,2)	(16,11)	(17,1)	(17,2)	
(16,11):(4,7)	(7,8)	(8,8)	(10,8)	(10,9)	(11,5)	(11,6)	(11,7)	(11,8)	(11,9)	(12,6)	(12,7)	(12,8)	(12,9)	(13,6)	(13,7)	(13,8)	(13,9)	(13,10)	(13,11)	(14,6)	(14,7)	(14,8)	(14,9)	(14,10)	(15,1)	(15,5)	(15,6)	(15,7)	(15,8)	(15,9)	(15,10)	(16,2)	(16,11)	
(13,11):(13,6)	(13,7)	(13,8)	(13,9)	(13,10)	(13,11)	(14,6)	(14,7)	(14,8)	(14,9)	(14,10)	(15,5)	(15,6)	(15,7)	(15,8)	(15,9)	(15,10)	(16,2)	(16,11)	
(13,10):(1,9)	(2,10)	(3,10)	(4,7)	(4,9)	(5,8)	(5,9)	(6,8)	(6,9)	(7,8)	(7,9)	(8,8)	(8,9)	(9,9)	(10,3)	(10,8)	(10,9)	(11,5)	(11,6)	(11,7)	(11,8)	(11,9)	(12,6)	(12,7)	(12,8)	(12,9)	(13,6)	(13,7)	(13,8)	(13,9)	(13,10)	(13,11)	(14,6)	(14,7)	(14,8)	(14,9)	(14,10)	(15,5)	(15,6)	(15,7)	(15,8)	(15,9)	(15,10)	(16,11)	
(3,10):(1,9)	(1,15)	(2,10)	(2,11)	(2,12)	(2,13)	(3,10)	(3,12)	(4,9)	(5,8)	(5,9)	(6,7)	(6,8)	(6,9)	(7,6)	(7,7)	(7,8)	(7,9)	(8,8)	(8,9)	(9,9)	(10,8)	(10,9)	(11,8)	(11,9)	(12,8)	(12,9)	(13,8)	(13,9)	(13,10)	(14,7)	(14,8)	(14,9)	(14,10)	(15,7)	(15,8)	(15,9)	(15,10)	
(3,12):(1,9)	(2,10)	(2,11)	(2,12)	(2,13)	(3,10)	(3,12)	(12,12)	(12,13)	
(12,12):(2,12)	(2,13)	(3,12)	(12,12)	(12,13)	
(12,13):(2,12)	(2,13)	(3,12)	(12,12)	(12,13)	
(2,13):(1,9)	(1,15)	(2,10)	(2,11)	(2,12)	(2,13)	(2,14)	(3,10)	(3,12)	(12,12)	(12,13)	
(2,14):(1,9)	(1,15)	(2,10)	(2,11)	(2,12)	(2,13)	(2,14)	(7,15)	(8,15)	(9,15)	(10,15)	(11,15)	(12,15)	(12,16)	(13,15)	(13,16)	(14,15)	(14,16)	(15,15)	(15,16)	(16,15)	(16,16)	(17,15)	(17,16)	(18,14)	(18,17)	
(18,14):(1,15)	(2,14)	(7,15)	(7,16)	(8,15)	(9,15)	(9,16)	(9,18)	(10,15)	(10,16)	(10,17)	(11,15)	(11,16)	(11,17)	(12,15)	(12,16)	(12,17)	(13,15)	(13,16)	(13,17)	(14,15)	(14,16)	(14,17)	(15,15)	(15,16)	(16,15)	(16,16)	(17,15)	(17,16)	(18,14)	(18,17)	
(18,17):(2,14)	(7,15)	(8,15)	(9,15)	(9,16)	(10,15)	(10,16)	(10,17)	(11,15)	(11,16)	(11,17)	(12,15)	(12,16)	(12,17)	(13,15)	(13,16)	(13,17)	(14,15)	(14,16)	(14,17)	(15,15)	(15,16)	(16,15)	(16,16)	(17,15)	(17,16)	(18,14)	(18,17)	
(14,17):(7,15)	(8,15)	(9,15)	(9,16)	(9,18)	(10,15)	(10,16)	(10,17)	(11,15)	(11,16)	(11,17)	(12,15)	(12,16)	(12,17)	(13,15)	(13,16)	(13,17)	(14,15)	(14,16)	(14,17)	(14,18)	(15,15)	(15,16)	(16,15)	(16,16)	(17,15)	(17,16)	(18,14)	(18,17)	
(14,18):(7,15)	(8,15)	(9,15)	(9,16)	(9,18)	(10,15)	(10,16)	(10,17)	(11,15)	(11,16)	(11,17)	(12,15)	(12,16)	(12,17)	(13,15)	(13,16)	(13,17)	(14,15)	(14,16)	(14,17)	(14,18)	
(9,18):(9,15)	(9,16)	(9,18)	(10,15)	(10,16)	(10,17)	(11,15)	(11,16)	(11,17)	(12,15)	(12,16)	(12,17)	(13,15)	(13,16)	(13,17)	(14,15)	(14,16)	(14,17)	(14,18)	(15,15)	(15,16)	(16,15)	(16,16)	(17,15)	(17,16)	(18,14)	
(9,16):(7,15)	(7,16)	(8,15)	(9,15)	(9,16)	(9,18)	(10,15)	(10,16)	(10,17)	(11,15)	(11,16)	(11,17)	(12,15)	(12,16)	(12,17)	(13,15)	(13,16)	(13,17)	(14,15)	(14,16)	(14,17)	(14,18)	(15,15)	(15,16)	(16,15)	(16,16)	(17,15)	(17,16)	(18,14)	(18,17)	
(7,16):(7,15)	(7,16)	(8,15)	(9,15)	(9,16)	(10,15)	(10,16)	(11,15)	(11,16)	(12,15)	(12,16)	(13,15)	(13,16)	(14,15)	(14,16)	(15,15)	(15,16)	(16,15)	(16,16)	(17,15)	(17,16)	(18,14)	
(7,15):(1,15)	(2,14)	(7,15)	(7,16)	(8,15)	(9,15)	(9,16)	(10,15)	(10,16)	(11,15)	(11,16)	(11,17)	(12,15)	(12,16)	(12,17)	(13,15)	(13,16)	(13,17)	(14,15)	(14,16)	(14,17)	(14,18)	(15,15)	(15,16)	(16,15)	(16,16)	(17,15)	(17,16)	(18,14)	(18,17)	
(1,15):(1,9)	(1,15)	(2,10)	(2,11)	(2,12)	(2,13)	(2,14)	(3,10)	(7,15)	(8,15)	(9,15)	(10,15)	(11,15)	(12,15)	(13,15)	(14,15)	(15,15)	(16,15)	(17,15)	(18,14)	
(1,9):(1,9)	(1,15)	(2,10)	(2,11)	(2,12)	(2,13)	(2,14)	(3,10)	(3,12)	(4,9)	(5,9)	(6,9)	(7,9)	(8,9)	(9,9)	(10,9)	(11,9)	(12,9)	(13,9)	(13,10)	(14,9)	(14,10)	(15,9)	(15,10)	
(4,9):(1,9)	(2,10)	(2,11)	(3,10)	(4,7)	(4,9)	(5,8)	(5,9)	(6,7)	(6,8)	(6,9)	(7,6)	(7,7)	(7,8)	(7,9)	(8,8)	(8,9)	(9,9)	(10,8)	(10,9)	(11,8)	(11,9)	(12,8)	(12,9)	(13,8)	(13,9)	(13,10)	(14,8)	(14,9)	(14,10)	(15,8)	(15,9)	(15,10)	
(4,7):(4,7)	(4,9)	(5,8)	(5,9)	(6,7)	(6,8)	(6,9)	(7,7)	(7,8)	(7,9)	(8,8)	(8,9)	(9,9)	(10,9)	(11,9)	(12,9)	(13,10)	(14,10)	(15,10)	(16,11)	
(6,7):(3,10)	(4,7)	(4,9)	(5,8)	(5,9)	(6,5)	(6,6)	(6,7)	(6,8)	(6,9)	(7,5)	(7,6)	(7,7)	(7,8)	(7,9)	(8,4)	(8,8)	(8,9)	(9,9)	(10,9)	
(6,6):(5,4)	(5,6)	(6,5)	(6,6)	(6,7)	(6,8)	(6,9)	(7,5)	(7,6)	(7,7)	(7,8)	(7,9)	(8,4)	(8,8)	(8,9)	(9,9)	
(5,6):(5,4)	(5,6)	(6,5)	(6,6)	(7,5)	(7,6)	(8,4)	
(5,4):(5,4)	(5,6)	(6,5)	(6,6)	(7,5)	(7,6)	(7,7)	(7,8)	(8,4)	(8,8)	(8,9)	
(8,4):(5,4)	(5,6)	(5,9)	(6,5)	(6,6)	(6,7)	(6,8)	(6,9)	(7,5)	(7,6)	(7,7)	(7,8)	(7,9)	(8,4)	(8,8)	(8,9)	
(8,8):(2,10)	(3,10)	(4,7)	(4,9)	(5,4)	(5,8)	(5,9)	(6,5)	(6,6)	(6,7)	(6,8)	(6,9)	(7,5)	(7,6)	(7,7)	(7,8)	(7,9)	(8,4)	(8,8)	(8,9)	(9,9)	(10,8)	(10,9)	(11,8)	(11,9)	(12,8)	(12,9)	(13,8)	(13,9)	(13,10)	(14,8)	(14,9)	(14,10)	(15,8)	(15,9)	(15,10)	(16,11)	
(10,8):(2,10)	(3,10)	(4,9)	(5,8)	(5,9)	(6,8)	(6,9)	(7,8)	(7,9)	(8,8)	(8,9)	(9,9)	(10,3)	(10,8)	(10,9)	(11,3)	(11,5)	(11,6)	(11,7)	(11,8)	(11,9)	(12,6)	(12,7)	(12,8)	(12,9)	(13,6)	(13,7)	(13,8)	(13,9)	(13,10)	(14,6)	(14,7)	(14,8)	(14,9)	(14,10)	(15,5)	(15,6)	(15,7)	(15,8)	(15,9)	(15,10)	(16,11)	
(10,3):(10,3)	(10,8)	(10,9)	(11,3)	(11,5)	(11,6)	(11,7)	(11,8)	(11,9)	(12,7)	(12,8)	(12,9)	(13,9)	(13,10)	
(11,3):(10,3)	(10,8)	(10,9)	(11,3)	(11,5)	(11,6)	(11,7)	(11,8)	(11,9)	
(11,5):(10,3)	(10,8)	(10,9)	(11,3)	(11,5)	(11,6)	(11,7)	(11,8)	(11,9)	(12,6)	(12,7)	(12,8)	(12,9)	(13,6)	(13,7)	(13,8)	(13,9)	(13,10)	(14,6)	(14,7)	(14,8)	(14,9)	(14,10)	(15,5)	(15,6)	(15,7)	(15,8)	(15,9)	(15,10)	(16,11)	
(15,5):(9,9)	(10,8)	(10,9)	(11,5)	(11,6)	(11,7)	(11,8)	(11,9)	(12,6)	(12,7)	(12,8)	(12,9)	(13,6)	(13,7)	(13,8)	(13,9)	(13,10)	(13,11)	(14,6)	(14,7)	(14,8)	(14,9)	(14,10)	(15,1)	(15,5)	(15,6)	(15,7)	(15,8)	(15,9)	(15,10)	(16,2)	(16,11)	
(15,1):11.000000
(17,1):2.500000
(17,2):2.000000
(16,2):17.000000
(16,11):38.766666
(13,11):19.500000
(13,10):53.200001
(3,10):43.476189
(3,12):17.500000
(12,12):11.050000
(12,13):11.222222
(2,13):19.166666
(2,14):34.000000
(18,14):41.333332
(18,17):33.598801
(14,17):37.349998
(14,18):24.366667
(9,18):30.400000
(9,16):37.000000
(7,16):22.000000
(7,15):38.099998
(1,15):25.200001
(1,9):23.808332
(4,9):38.500000
(4,7):21.500000
(6,7):22.500000
(6,6):16.000000
(5,6):6.000000
(5,4):11.500000
(8,4):17.000000
(8,8):39.924999
(10,8):49.371429
(10,3):13.785714
(11,3):7.400000
(11,5):35.466667
(15,5):40.500000
(15,1),(17,1):2.500000
(15,1),(17,2):2.000000
(15,1),(16,2):11.000000
(15,1),(16,11):10.000000
(15,1),(13,11):7.500000
(15,1),(13,10):7.250000
(15,1),(3,10):3.571429
(15,1),(3,12):0.000000
(15,1),(12,12):0.000000
(15,1),(12,13):0.000000
(15,1),(2,13):0.000000
(15,1),(2,14):0.000000
(15,1),(18,14):0.000000
(15,1),(18,17):0.000000
(15,1),(14,17):0.000000
(15,1),(14,18):0.000000
(15,1),(9,18):0.000000
(15,1),(9,16):0.000000
(15,1),(7,16):0.000000
(15,1),(7,15):0.000000
(15,1),(1,15):0.000000
(15,1),(1,9):1.208333
(15,1),(4,9):3.194444
(15,1),(4,7):0.958333
(15,1),(6,7):0.000000
(15,1),(6,6):0.000000
(15,1),(5,6):0.000000
(15,1),(5,4):0.000000
(15,1),(8,4):0.000000
(15,1),(8,8):2.950000
(15,1),(10,8):6.300000
(15,1),(10,3):0.000000
(15,1),(11,3):0.000000
(15,1),(11,5):6.000000
(15,1),(15,5):10.166667
(17,1),(17,2):2.000000
(17,1),(16,2):2.500000
(17,1),(16,11):1.500000
(17,1),(13,11):0.000000
(17,1),(13,10):0.000000
(17,1),(3,10):0.000000
(17,1),(3,12):0.000000
(17,1),(12,12):0.000000
(17,1),(12,13):0.000000
(17,1),(2,13):0.000000
(17,1),(2,14):0.000000
(17,1),(18,14):0.000000
(17,1),(18,17):0.000000
(17,1),(14,17):0.000000
(17,1),(14,18):0.000000
(17,1),(9,18):0.000000
(17,1),(9,16):0.000000
(17,1),(7,16):0.000000
(17,1),(7,15):0.000000
(17,1),(1,15):0.000000
(17,1),(1,9):0.000000
(17,1),(4,9):0.000000
(17,1),(4,7):0.000000
(17,1),(6,7):0.000000
(17,1),(6,6):0.000000
(17,1),(5,6):0.000000
(17,1),(5,4):0.000000
(17,1),(8,4):0.000000
(17,1),(8,8):0.000000
(17,1),(10,8):0.000000
(17,1),(10,3):0.000000
(17,1),(11,3):0.000000
(17,1),(11,5):0.000000
(17,1),(15,5):1.666667
(17,2),(16,2):2.000000
(17,2),(16,11):1.000000
(17,2),(13,11):0.000000
(17,2),(13,10):0.000000
(17,2),(3,10):0.000000
(17,2),(3,12):0.000000
(17,2),(12,12):0.000000
(17,2),(12,13):0.000000
(17,2),(2,13):0.000000
(17,2),(2,14):0.000000
(17,2),(18,14):0.000000
(17,2),(18,17):0.000000
(17,2),(14,17):0.000000
(17,2),(14,18):0.000000
(17,2),(9,18):0.000000
(17,2),(9,16):0.000000
(17,2),(7,16):0.000000
(17,2),(7,15):0.000000
(17,2),(1,15):0.000000
(17,2),(1,9):0.000000
(17,2),(4,9):0.000000
(17,2),(4,7):0.000000
(17,2),(6,7):0.000000
(17,2),(6,6):0.000000
(17,2),(5,6):0.000000
(17,2),(5,4):0.000000
(17,2),(8,4):0.000000
(17,2),(8,8):0.000000
(17,2),(10,8):0.000000
(17,2),(10,3):0.000000
(17,2),(11,3):0.000000
(17,2),(11,5):0.000000
(17,2),(15,5):1.166667
(16,2),(16,11):16.000000
(16,2),(13,11):13.500000
(16,2),(13,10):13.250000
(16,2),(3,10):7.283208
(16,2),(3,12):0.000000
(16,2),(12,12):0.000000
(16,2),(12,13):0.000000
(16,2),(2,13):0.000000
(16,2),(2,14):0.000000
(16,2),(18,14):0.000000
(16,2),(18,17):0.000000
(16,2),(14,17):0.000000
(16,2),(14,18):0.000000
(16,2),(9,18):0.000000
(16,2),(9,16):0.000000
(16,2),(7,16):0.000000
(16,2),(7,15):0.000000
(16,2),(1,15):0.000000
(16,2),(1,9):2.870496
(16,2),(4,9):6.748950
(16,2),(4,7):2.303846
(16,2),(6,7):0.000000
(16,2),(6,6):0.000000
(16,2),(5,6):0.000000
(16,2),(5,4):0.000000
(16,2),(8,4):0.000000
(16,2),(8,8):6.397059
(16,2),(10,8):11.686363
(16,2),(10,3):0.479464
(16,2),(11,3):0.000000
(16,2),(11,5):11.890909
(16,2),(15,5):16.166666
(16,11),(13,11):19.500000
(16,11),(13,10):36.016666
(16,11),(3,10):17.870131
(16,11),(3,12):0.000000
(16,11),(12,12):0.000000
(16,11),(12,13):0.000000
(16,11),(2,13):0.000000
(16,11),(2,14):0.000000
(16,11),(18,14):0.000000
(16,11),(18,17):0.000000
(16,11),(14,17):0.000000
(16,11),(14,18):0.000000
(16,11),(9,18):0.000000
(16,11),(9,16):0.000000
(16,11),(7,16):0.000000
(16,11),(7,15):0.000000
(16,11),(1,15):0.000000
(16,11),(1,9):4.875000
(16,11),(4,9):16.666666
(16,11),(4,7):6.666667
(16,11),(6,7):1.666667
(16,11),(6,6):0.833333
(16,11),(5,6):0.000000
(16,11),(5,4):0.452991
(16,11),(8,4):0.854545
(16,11),(8,8):14.916667
(16,11),(10,8):33.150002
(16,11),(10,3):10.885715
(16,11),(11,3):4.860417
(16,11),(11,5):32.049999
(16,11),(15,5):36.035713
(13,11),(13,10):19.250000
(13,11),(3,10):9.857142
(13,11),(3,12):0.000000
(13,11),(12,12):0.000000
(13,11),(12,13):0.000000
(13,11),(2,13):0.000000
(13,11),(2,14):0.000000
(13,11),(18,14):0.000000
(13,11),(18,17):0.000000
(13,11),(14,17):0.000000
(13,11),(14,18):0.000000
(13,11),(9,18):0.000000
(13,11),(9,16):0.000000
(13,11),(7,16):0.000000
(13,11),(7,15):0.000000
(13,11),(1,15):0.000000
(13,11),(1,9):3.375000
(13,11),(4,9):8.750000
(13,11),(4,7):2.625000
(13,11),(6,7):0.000000
(13,11),(6,6):0.000000
(13,11),(5,6):0.000000
(13,11),(5,4):0.000000
(13,11),(8,4):0.000000
(13,11),(8,8):7.750000
(13,11),(10,8):17.549999
(13,11),(10,3):0.785714
(13,11),(11,3):0.000000
(13,11),(11,5):17.799999
(13,11),(15,5):19.500000
(13,10),(3,10):32.928570
(13,10),(3,12):2.000000
(13,10),(12,12):0.000000
(13,10),(12,13):0.000000
(13,10),(2,13):2.166667
(13,10),(2,14):1.000000
(13,10),(18,14):0.000000
(13,10),(18,17):0.000000
(13,10),(14,17):0.000000
(13,10),(14,18):0.000000
(13,10),(9,18):0.000000
(13,10),(9,16):0.000000
(13,10),(7,16):0.000000
(13,10),(7,15):0.000000
(13,10),(1,15):2.200000
(13,10),(1,9):15.375000
(13,10),(4,9):33.250000
(13,10),(4,7):20.250000
(13,10),(6,7):15.250000
(13,10),(6,6):6.800000
(13,10),(5,6):0.000000
(13,10),(5,4):2.750000
(13,10),(8,4):7.789474
(13,10),(8,8):30.375000
(13,10),(10,8):48.000000
(13,10),(10,3):12.985714
(13,10),(11,3):6.600000
(13,10),(11,5):34.666668
(13,10),(15,5):37.583332
(3,10),(3,12):8.500000
(3,10),(12,12):2.050000
(3,10),(12,13):2.222222
(3,10),(2,13):9.500000
(3,10),(2,14):5.333333
(3,10),(18,14):0.500000
(3,10),(18,17):0.063600
(3,10),(14,17):0.000000
(3,10),(14,18):0.000000
(3,10),(9,18):0.000000
(3,10),(9,16):0.000000
(3,10),(7,16):0.000000
(3,10),(7,15):0.589583
(3,10),(1,15):8.533334
(3,10),(1,9):22.333334
(3,10),(4,9):36.000000
(3,10),(4,7):18.000000
(3,10),(6,7):16.500000
(3,10),(6,6):10.000000
(3,10),(5,6):0.500000
(3,10),(5,4):5.666667
(3,10),(8,4):11.000000
(3,10),(8,8):30.674999
(3,10),(10,8):31.464285
(3,10),(10,3):6.781250
(3,10),(11,3):2.542857
(3,10),(11,5):17.809525
(3,10),(15,5):20.476191
(3,12),(12,12):11.050000
(3,12),(12,13):11.222222
(3,12),(2,13):17.500000
(3,12),(2,14):4.500000
(3,12),(18,14):0.000000
(3,12),(18,17):0.011306
(3,12),(14,17):0.000000
(3,12),(14,18):0.000000
(3,12),(9,18):0.000000
(3,12),(9,16):0.000000
(3,12),(7,16):0.000000
(3,12),(7,15):0.016667
(3,12),(1,15):7.500000
(3,12),(1,9):8.833333
(3,12),(4,9):4.000000
(3,12),(4,7):0.000000
(3,12),(6,7):0.000000
(3,12),(6,6):0.000000
(3,12),(5,6):0.000000
(3,12),(5,4):0.000000
(3,12),(8,4):0.000000
(3,12),(8,8):1.800000
(3,12),(10,8):1.904762
(3,12),(10,3):0.000000
(3,12),(11,3):0.000000
(3,12),(11,5):0.000000
(3,12),(15,5):0.000000
(12,12),(12,13):11.000000
(12,12),(2,13):11.050000
(12,12),(2,14):1.050000
(12,12),(18,14):0.000000
(12,12),(18,17):0.000000
(12,12),(14,17):0.000000
(12,12),(14,18):0.000000
(12,12),(9,18):0.000000
(12,12),(9,16):0.000000
(12,12),(7,16):0.000000
(12,12),(7,15):0.000000
(12,12),(1,15):1.300000
(12,12),(1,9):2.383333
(12,12),(4,9):0.000000
(12,12),(4,7):0.000000
(12,12),(6,7):0.000000
(12,12),(6,6):0.000000
(12,12),(5,6):0.000000
(12,12),(5,4):0.000000
(12,12),(8,4):0.000000
(12,12),(8,8):0.000000
(12,12),(10,8):0.000000
(12,12),(10,3):0.000000
(12,12),(11,3):0.000000
(12,12),(11,5):0.000000
(12,12),(15,5):0.000000
(12,13),(2,13):11.222222
(12,13),(2,14):1.166667
(12,13),(18,14):0.000000
(12,13),(18,17):0.000000
(12,13),(14,17):0.000000
(12,13),(14,18):0.000000
(12,13),(9,18):0.000000
(12,13),(9,16):0.000000
(12,13),(7,16):0.000000
(12,13),(7,15):0.000000
(12,13),(1,15):1.459064
(12,13),(1,9):2.555556
(12,13),(4,9):0.022222
(12,13),(4,7):0.000000
(12,13),(6,7):0.000000
(12,13),(6,6):0.000000
(12,13),(5,6):0.000000
(12,13),(5,4):0.000000
(12,13),(8,4):0.000000
(12,13),(8,8):0.000000
(12,13),(10,8):0.000000
(12,13),(10,3):0.000000
(12,13),(11,3):0.000000
(12,13),(11,5):0.000000
(12,13),(15,5):0.000000
(2,13),(2,14):6.000000
(2,13),(18,14):1.000000
(2,13),(18,17):0.093750
(2,13),(14,17):0.000000
(2,13),(14,18):0.000000
(2,13),(9,18):0.000000
(2,13),(9,16):0.000000
(2,13),(7,16):0.000000
(2,13),(7,15):1.100000
(2,13),(1,15):9.166667
(2,13),(1,9):10.500000
(2,13),(4,9):4.166667
(2,13),(4,7):0.000000
(2,13),(6,7):0.000000
(2,13),(6,6):0.000000
(2,13),(5,6):0.000000
(2,13),(5,4):0.000000
(2,13),(8,4):0.000000
(2,13),(8,8):1.902273
(2,13),(10,8):2.027311
(2,13),(10,3):0.000000
(2,13),(11,3):0.000000
(2,13),(11,5):0.000000
(2,13),(15,5):0.000000
(2,14),(18,14):29.000000
(2,14),(18,17):25.821022
(2,14),(14,17):24.750000
(2,14),(14,18):13.066667
(2,14),(9,18):19.450001
(2,14),(9,16):24.000000
(2,14),(7,16):19.500000
(2,14),(7,15):29.100000
(2,14),(1,15):22.000000
(2,14),(1,9):6.100000
(2,14),(4,9):2.500000
(2,14),(4,7):0.000000
(2,14),(6,7):0.000000
(2,14),(6,6):0.000000
(2,14),(5,6):0.000000
(2,14),(5,4):0.000000
(2,14),(8,4):0.000000
(2,14),(8,8):0.975000
(2,14),(10,8):1.011905
(2,14),(10,3):0.000000
(2,14),(11,3):0.000000
(2,14),(11,5):0.000000
(2,14),(15,5):0.000000
(18,14),(18,17):33.527779
(18,14),(14,17):36.683334
(18,14),(14,18):23.700001
(18,14),(9,18):29.733334
(18,14),(9,16):36.333332
(18,14),(7,16):22.000000
(18,14),(7,15):37.349998
(18,14),(1,15):17.000000
(18,14),(1,9):1.100000
(18,14),(4,9):0.000000
(18,14),(4,7):0.000000
(18,14),(6,7):0.000000
(18,14),(6,6):0.000000
(18,14),(5,6):0.000000
(18,14),(5,4):0.000000
(18,14),(8,4):0.000000
(18,14),(8,8):0.000000
(18,14),(10,8):0.000000
(18,14),(10,3):0.000000
(18,14),(11,3):0.000000
(18,14),(11,5):0.000000
(18,14),(15,5):0.000000
(18,17),(14,17):32.349998
(18,17),(14,18):19.366667
(18,17),(9,18):25.400000
(18,17),(9,16):31.777779
(18,17),(7,16):21.777779
(18,17),(7,15):32.598801
(18,17),(1,15):13.821023
(18,17),(1,9):0.094608
(18,17),(4,9):0.000000
(18,17),(4,7):0.000000
(18,17),(6,7):0.000000
(18,17),(6,6):0.000000
(18,17),(5,6):0.000000
(18,17),(5,4):0.000000
(18,17),(8,4):0.000000
(18,17),(8,8):0.000000
(18,17),(10,8):0.000000
(18,17),(10,3):0.000000
(18,17),(11,3):0.000000
(18,17),(11,5):0.000000
(18,17),(15,5):0.000000
(14,17),(14,18):24.366667
(14,17),(9,18):30.400000
(14,17),(9,16):36.599998
(14,17),(7,16):21.600000
(14,17),(7,15):33.349998
(14,17),(1,15):12.750000
(14,17),(1,9):0.000000
(14,17),(4,9):0.000000
(14,17),(4,7):0.000000
(14,17),(6,7):0.000000
(14,17),(6,6):0.000000
(14,17),(5,6):0.000000
(14,17),(5,4):0.000000
(14,17),(8,4):0.000000
(14,17),(8,8):0.000000
(14,17),(10,8):0.000000
(14,17),(10,3):0.000000
(14,17),(11,3):0.000000
(14,17),(11,5):0.000000
(14,17),(15,5):0.000000
(14,18),(9,18):20.000000
(14,18),(9,16):24.200001
(14,18),(7,16):13.200000
(14,18),(7,15):20.366667
(14,18),(1,15):8.166667
(14,18),(1,9):0.000000
(14,18),(4,9):0.000000
(14,18),(4,7):0.000000
(14,18),(6,7):0.000000
(14,18),(6,6):0.000000
(14,18),(5,6):0.000000
(14,18),(5,4):0.000000
(14,18),(8,4):0.000000
(14,18),(8,8):0.000000
(14,18),(10,8):0.000000
(14,18),(10,3):0.000000
(14,18),(11,3):0.000000
(14,18),(11,5):0.000000
(14,18),(15,5):0.000000
(9,18),(9,16):30.400000
(9,18),(7,16):18.000000
(9,18),(7,15):26.400000
(9,18),(1,15):9.000000
(9,18),(1,9):0.000000
(9,18),(4,9):0.000000
(9,18),(4,7):0.000000
(9,18),(6,7):0.000000
(9,18),(6,6):0.000000
(9,18),(5,6):0.000000
(9,18),(5,4):0.000000
(9,18),(8,4):0.000000
(9,18),(8,8):0.000000
(9,18),(10,8):0.000000
(9,18),(10,3):0.000000
(9,18),(11,3):0.000000
(9,18),(11,5):0.000000
(9,18),(15,5):0.000000
(9,16),(7,16):22.000000
(9,16),(7,15):33.000000
(9,16),(1,15):12.000000
(9,16),(1,9):0.000000
(9,16),(4,9):0.000000
(9,16),(4,7):0.000000
(9,16),(6,7):0.000000
(9,16),(6,6):0.000000
(9,16),(5,6):0.000000
(9,16),(5,4):0.000000
(9,16),(8,4):0.000000
(9,16),(8,8):0.000000
(9,16),(10,8):0.000000
(9,16),(10,3):0.000000
(9,16),(11,3):0.000000
(9,16),(11,5):0.000000
(9,16),(15,5):0.000000
(7,16),(7,15):22.000000
(7,16),(1,15):11.000000
(7,16),(1,9):0.000000
(7,16),(4,9):0.000000
(7,16),(4,7):0.000000
(7,16),(6,7):0.000000
(7,16),(6,6):0.000000
(7,16),(5,6):0.000000
(7,16),(5,4):0.000000
(7,16),(8,4):0.000000
(7,16),(8,8):0.000000
(7,16),(10,8):0.000000
(7,16),(10,3):0.000000
(7,16),(11,3):0.000000
(7,16),(11,5):0.000000
(7,16),(15,5):0.000000
(7,15),(1,15):17.100000
(7,15),(1,9):1.200000
(7,15),(4,9):0.000000
(7,15),(4,7):0.000000
(7,15),(6,7):0.000000
(7,15),(6,6):0.000000
(7,15),(5,6):0.000000
(7,15),(5,4):0.000000
(7,15),(8,4):0.000000
(7,15),(8,8):0.000000
(7,15),(10,8):0.000000
(7,15),(10,3):0.000000
(7,15),(11,3):0.000000
(7,15),(11,5):0.000000
(7,15),(15,5):0.000000
(1,15),(1,9):9.300000
(1,15),(4,9):4.200000
(1,15),(4,7):0.000000
(1,15),(6,7):0.000000
(1,15),(6,6):0.000000
(1,15),(5,6):0.000000
(1,15),(5,4):0.000000
(1,15),(8,4):0.000000
(1,15),(8,8):1.925000
(1,15),(10,8):2.053571
(1,15),(10,3):0.000000
(1,15),(11,3):0.000000
(1,15),(11,5):0.000000
(1,15),(15,5):0.000000
(1,9),(4,9):17.375000
(1,9),(4,7):10.375000
(1,9),(6,7):7.500000
(1,9),(6,6):3.500000
(1,9),(5,6):0.000000
(1,9),(5,4):1.375000
(1,9),(8,4):3.666667
(1,9),(8,8):15.050000
(1,9),(10,8):15.196428
(1,9),(10,3):3.260870
(1,9),(11,3):1.300000
(1,9),(11,5):6.875000
(1,9),(15,5):8.875000
(4,9),(4,7):20.500000
(4,9),(6,7):18.500000
(4,9),(6,6):10.000000
(4,9),(5,6):0.500000
(4,9),(5,4):5.666667
(4,9),(8,4):11.000000
(4,9),(8,8):33.174999
(4,9),(10,8):30.321428
(4,9),(10,3):6.495475
(4,9),(11,3):2.483333
(4,9),(11,5):16.166666
(4,9),(15,5):18.833334
(4,7),(6,7):16.000000
(4,7),(6,6):8.000000
(4,7),(5,6):0.000000
(4,7),(5,4):3.750000
(4,7),(8,4):9.000000
(4,7),(8,8):21.500000
(4,7),(10,8):17.500000
(4,7),(10,3):3.657143
(4,7),(11,3):1.751190
(4,7),(11,5):6.628205
(4,7),(15,5):9.186275
(6,7),(6,6):14.000000
(6,7),(5,6):4.000000
(6,7),(5,4):9.500000
(6,7),(8,4):15.000000
(6,7),(8,8):22.500000
(6,7),(10,8):12.500000
(6,7),(10,3):1.000000
(6,7),(11,3):1.059091
(6,7),(11,5):1.523810
(6,7),(15,5):3.878788
(6,6),(5,6):6.000000
(6,6),(5,4):11.500000
(6,6),(8,4):14.000000
(6,6),(8,8):15.500000
(6,6),(10,8):6.000000
(6,6),(10,3):0.000000
(6,6),(11,3):0.066667
(6,6),(11,5):0.166667
(6,6),(15,5):2.083333
(5,6),(5,4):6.000000
(5,6),(8,4):6.000000
(5,6),(8,8):5.500000
(5,6),(10,8):0.000000
(5,6),(10,3):0.000000
(5,6),(11,3):0.000000
(5,6),(11,5):0.000000
(5,6),(15,5):0.000000
(5,4),(8,4):10.000000
(5,4),(8,8):11.000000
(5,4),(10,8):2.500000
(5,4),(10,3):0.000000
(5,4),(11,3):0.000000
(5,4),(11,5):0.012821
(5,4),(15,5):1.250663
(8,4),(8,8):16.500000
(8,4),(10,8):6.666667
(8,4),(10,3):0.000000
(8,4),(11,3):0.000000
(8,4),(11,5):0.000000
(8,4),(15,5):0.533333
(8,8),(10,8):28.196428
(8,8),(10,3):6.062500
(8,8),(11,3):2.400000
(8,8),(11,5):14.416667
(8,8),(15,5):17.083334
(10,8),(10,3):13.375000
(10,8),(11,3):7.400000
(10,8),(11,5):34.916668
(10,8),(15,5):35.883335
(10,3),(11,3):7.000000
(10,3),(11,5):13.785714
(10,3),(15,5):11.785714
(11,3),(11,5):7.400000
(11,3),(15,5):5.400000
(11,5),(15,5):33.466667
