20
(9,10):(9,2)	(9,3)	(9,4)	(9,5)	(9,6)	(9,10)	(10,1)	(10,10)	
(9,6):(5,1)	(5,2)	(5,3)	(6,2)	(6,3)	(6,4)	(7,2)	(7,3)	(7,4)	(7,5)	(7,6)	(8,2)	(8,3)	(8,4)	(8,5)	(8,6)	(9,2)	(9,3)	(9,4)	(9,5)	(9,6)	(9,10)	(10,1)	(10,10)	
(8,6):(5,1)	(5,2)	(5,3)	(6,2)	(6,3)	(6,4)	(6,7)	(7,2)	(7,3)	(7,4)	(7,5)	(7,6)	(7,7)	(7,9)	(8,2)	(8,3)	(8,4)	(8,5)	(8,6)	(8,9)	(9,2)	(9,3)	(9,4)	(9,5)	(9,6)	(10,1)	
(8,9):(5,1)	(6,2)	(6,3)	(6,4)	(7,2)	(7,3)	(7,4)	(7,5)	(7,6)	(7,7)	(7,9)	(8,2)	(8,3)	(8,4)	(8,5)	(8,6)	(8,9)	
(7,9):(7,2)	(7,3)	(7,4)	(7,5)	(7,6)	(7,7)	(7,9)	(8,2)	(8,3)	(8,4)	(8,5)	(8,6)	(8,9)	(9,2)	(9,3)	
(7,7):(5,1)	(6,2)	(6,3)	(6,4)	(6,7)	(7,2)	(7,3)	(7,4)	(7,5)	(7,6)	(7,7)	(7,9)	(8,2)	(8,3)	(8,4)	(8,5)	(8,6)	(8,9)	(9,2)	(9,3)	(9,4)	(9,5)	(10,1)	
(6,7):(6,2)	(6,3)	(6,4)	(6,7)	(7,2)	(7,3)	(7,4)	(7,5)	(7,6)	(7,7)	(8,2)	(8,3)	(8,4)	(8,5)	(8,6)	(9,2)	(9,3)	(9,4)	(9,5)	(10,1)	
(6,4):(1,2)	(2,3)	(3,3)	(3,4)	(4,3)	(4,4)	(5,1)	(5,2)	(5,3)	(6,2)	(6,3)	(6,4)	(6,7)	(7,2)	(7,3)	(7,4)	(7,5)	(7,6)	(7,7)	(8,2)	(8,3)	(8,4)	(8,5)	(8,6)	(8,9)	(9,2)	(9,3)	(9,4)	(9,5)	(9,6)	(10,1)	
(4,4):(1,2)	(2,3)	(3,3)	(3,4)	(3,5)	(4,3)	(4,4)	(4,5)	(5,2)	(5,3)	(6,2)	(6,3)	(6,4)	(7,2)	(7,3)	(7,4)	(8,2)	(8,3)	(8,4)	(9,2)	(9,3)	(9,4)	(10,1)	
(4,5):(1,2)	(2,3)	(3,3)	(3,4)	(3,5)	(4,3)	(4,4)	(4,5)	
(3,5):(2,3)	(2,8)	(3,3)	(3,4)	(3,5)	(3,8)	(4,3)	(4,4)	(4,5)	(5,2)	(5,3)	(6,2)	
(3,8):(2,3)	(2,8)	(3,3)	(3,4)	(3,5)	(3,8)	
(2,8):(2,3)	(2,8)	(3,3)	(3,4)	(3,5)	(3,8)	
(2,3):(1,2)	(1,3)	(2,3)	(2,8)	(3,3)	(3,4)	(3,5)	(3,8)	(4,3)	(4,4)	(4,5)	(5,2)	(5,3)	(6,2)	(6,3)	(6,4)	(7,2)	(7,3)	(7,4)	(8,2)	(8,3)	(8,4)	(9,2)	(9,3)	(9,4)	(10,1)	
(1,3):(1,2)	(1,3)	(2,3)	(3,3)	(4,3)	(5,2)	(5,3)	(6,2)	(6,3)	(7,2)	(7,3)	(8,2)	(8,3)	(9,2)	(9,3)	(10,1)	
(1,2):(1,2)	(1,3)	(2,3)	(3,3)	(3,4)	(4,3)	(4,4)	(4,5)	(5,2)	(5,3)	(6,2)	(6,3)	(6,4)	(7,2)	(7,3)	(7,4)	(8,2)	(8,3)	(8,4)	(9,2)	(9,3)	(9,4)	(9,5)	
(5,2):(1,2)	(1,3)	(2,3)	(3,3)	(3,4)	(3,5)	(4,3)	(4,4)	(5,1)	(5,2)	(5,3)	(6,2)	(6,3)	(6,4)	(7,2)	(7,3)	(7,4)	(7,5)	(7,6)	(8,2)	(8,3)	(8,4)	(8,5)	(8,6)	(9,2)	(9,3)	(9,4)	(9,5)	(9,6)	(10,1)	
(5,1):(5,1)	(5,2)	(5,3)	(6,2)	(6,3)	(6,4)	(7,2)	(7,3)	(7,4)	(7,5)	(7,6)	(7,7)	(8,2)	(8,3)	(8,4)	(8,5)	(8,6)	(8,9)	(9,2)	(9,3)	(9,4)	(9,5)	(9,6)	(10,1)	
(10,1):(1,3)	(2,3)	(3,3)	(3,4)	(4,3)	(4,4)	(5,1)	(5,2)	(5,3)	(6,2)	(6,3)	(6,4)	(6,7)	(7,2)	(7,3)	(7,4)	(7,5)	(7,6)	(7,7)	(8,2)	(8,3)	(8,4)	(8,5)	(8,6)	(9,2)	(9,3)	(9,4)	(9,5)	(9,6)	(9,10)	(10,1)	(10,10)	
(10,10):(8,2)	(9,2)	(9,3)	(9,4)	(9,5)	(9,6)	(9,10)	(10,1)	(10,10)	
(9,10):9.000000
(9,6):28.000000
(8,6):27.000000
(8,9):14.750000
(7,9):12.166667
(7,7):23.500000
(6,7):21.000000
(6,4):33.541668
(4,4):24.000000
(4,5):6.500000
(3,5):12.416667
(3,8):6.100000
(2,8):7.500000
(2,3):27.500000
(1,3):12.000000
(1,2):20.200001
(5,2):33.000000
(5,1):25.458334
(10,1):35.650002
(10,10):12.125000
(9,10),(9,6):9.000000
(9,10),(8,6):5.000000
(9,10),(8,9):0.000000
(9,10),(7,9):0.666667
(9,10),(7,7):3.500000
(9,10),(6,7):4.250000
(9,10),(6,4):5.333333
(9,10),(4,4):3.000000
(9,10),(4,5):0.000000
(9,10),(3,5):0.000000
(9,10),(3,8):0.000000
(9,10),(2,8):0.000000
(9,10),(2,3):3.875000
(9,10),(1,3):2.000000
(9,10),(1,2):3.400000
(9,10),(5,2):5.500000
(9,10),(5,1):5.625000
(9,10),(10,1):9.000000
(9,10),(10,10):9.000000
(9,6),(8,6):23.000000
(9,6),(8,9):11.500000
(9,6),(7,9):9.166667
(9,6),(7,7):19.500000
(9,6),(6,7):19.000000
(9,6),(6,4):24.333334
(9,6),(4,4):15.750000
(9,6),(4,5):0.333333
(9,6),(3,5):2.966667
(9,6),(3,8):0.000000
(9,6),(2,8):0.272727
(9,6),(2,3):16.500000
(9,6),(1,3):9.250000
(9,6),(1,2):14.200000
(9,6),(5,2):23.500000
(9,6),(5,1):22.625000
(9,6),(10,1):27.692308
(9,6),(10,10):12.125000
(8,6),(8,9):14.750000
(8,6),(7,9):12.166667
(8,6),(7,7):23.500000
(8,6),(6,7):21.000000
(8,6),(6,4):26.333334
(8,6),(4,4):14.750000
(8,6),(4,5):0.000000
(8,6),(3,5):2.166667
(8,6),(3,8):0.000000
(8,6),(2,8):0.000000
(8,6),(2,3):15.500000
(8,6),(1,3):8.500000
(8,6),(1,2):13.200000
(8,6),(5,2):23.000000
(8,6),(5,1):24.333334
(8,6),(10,1):25.166666
(8,6),(10,10):8.125000
(8,9),(7,9):8.000000
(8,9),(7,7):14.500000
(8,9),(6,7):11.000000
(8,9),(6,4):14.083333
(8,9),(4,4):7.527778
(8,9),(4,5):0.000000
(8,9),(3,5):1.376488
(8,9),(3,8):0.000000
(8,9),(2,8):0.000000
(8,9),(2,3):6.794117
(8,9),(1,3):3.720454
(8,9),(1,2):5.600000
(8,9),(5,2):11.750000
(8,9),(5,1):13.583333
(8,9),(10,1):13.000000
(8,9),(10,10):0.125000
(7,9),(7,7):12.166667
(7,9),(6,7):10.166667
(7,9),(6,4):11.500000
(7,9),(4,4):6.500000
(7,9),(4,5):0.000000
(7,9),(3,5):0.000000
(7,9),(3,8):0.000000
(7,9),(2,8):0.000000
(7,9),(2,3):7.028846
(7,9),(1,3):4.166667
(7,9),(1,2):5.054902
(7,9),(5,2):10.166667
(7,9),(5,1):11.500000
(7,9),(10,1):10.416667
(7,9),(10,10):3.148809
(7,7),(6,7):20.000000
(7,7),(6,4):22.833334
(7,7),(4,4):13.350000
(7,7),(4,5):0.000000
(7,7),(3,5):1.277778
(7,7),(3,8):0.000000
(7,7),(2,8):0.000000
(7,7),(2,3):13.750000
(7,7),(1,3):7.487179
(7,7),(1,2):10.952381
(7,7),(5,2):19.500000
(7,7),(5,1):21.333334
(7,7),(10,1):21.750000
(7,7),(10,10):6.525000
(6,7),(6,4):21.000000
(6,7),(4,4):12.000000
(6,7),(4,5):0.000000
(6,7),(3,5):0.500000
(6,7),(3,8):0.000000
(6,7),(2,8):0.000000
(6,7),(2,3):13.333333
(6,7),(1,3):6.875000
(6,7),(1,2):11.000000
(6,7),(5,2):18.750000
(6,7),(5,1):19.500000
(6,7),(10,1):20.799999
(6,7),(10,10):7.347222
(6,4),(4,4):21.500000
(6,4),(4,5):4.500000
(6,4),(3,5):7.416667
(6,4),(3,8):2.100000
(6,4),(2,8):3.333333
(6,4),(2,3):22.375000
(6,4),(1,3):11.875000
(6,4),(1,2):19.575001
(6,4),(5,2):30.208334
(6,4),(5,1):25.166666
(6,4),(10,1):30.656565
(6,4),(10,10):8.458333
(4,4),(4,5):6.500000
(4,4),(3,5):9.916667
(4,4),(3,8):3.600000
(4,4),(2,8):5.000000
(4,4),(2,3):22.750000
(4,4),(1,3):11.750000
(4,4),(1,2):16.750000
(4,4),(5,2):23.750000
(4,4),(5,1):14.750000
(4,4),(10,1):20.964285
(4,4),(10,10):5.625000
(4,5),(3,5):6.250000
(4,5),(3,8):3.100000
(4,5),(2,8):4.500000
(4,5),(2,3):6.500000
(4,5),(1,3):2.500000
(4,5),(1,2):4.500000
(4,5),(5,2):6.250000
(4,5),(5,1):0.000000
(4,5),(10,1):4.266667
(4,5),(10,10):0.000000
(3,5),(3,8):6.100000
(3,5),(2,8):7.500000
(3,5),(2,3):11.500000
(3,5),(1,3):3.916667
(3,5),(1,2):6.250000
(3,5),(5,2):9.916667
(3,5),(5,1):1.666667
(3,5),(10,1):7.303030
(3,5),(10,10):0.000000
(3,8),(2,8):6.000000
(3,8),(2,3):6.100000
(3,8),(1,3):1.100000
(3,8),(1,2):1.600000
(3,8),(5,2):3.850000
(3,8),(5,1):0.000000
(3,8),(10,1):2.265385
(3,8),(10,10):0.000000
(2,8),(2,3):7.500000
(2,8),(1,3):1.833333
(2,8),(1,2):2.875000
(2,8),(5,2):5.250000
(2,8),(5,1):0.000000
(2,8),(10,1):3.407143
(2,8),(10,10):0.000000
(2,3),(1,3):12.000000
(2,3),(1,2):19.000000
(2,3),(5,2):25.000000
(2,3),(5,1):15.500000
(2,3),(10,1):21.900000
(2,3),(10,10):6.782051
(1,3),(1,2):9.000000
(1,3),(5,2):12.000000
(1,3),(5,1):8.000000
(1,3),(10,1):10.400000
(1,3),(10,10):3.816176
(1,2),(5,2):20.033333
(1,2),(5,1):13.200000
(1,2),(10,1):18.266666
(1,2),(10,10):5.311111
(5,2),(5,1):23.500000
(5,2),(10,1):29.455555
(5,2),(10,10):8.625000
(5,1),(10,1):24.170454
(5,1),(10,10):8.750000
(10,1),(10,10):12.125000
