60
(26,15):(20,13)	(21,13)	(23,14)	(24,14)	(24,15)	(24,16)	(25,14)	(25,15)	(26,14)	(26,15)	(26,16)	(27,14)	(28,14)	(29,14)	(30,13)	(30,15)	
(26,16):(23,14)	(24,14)	(24,15)	(24,16)	(25,14)	(25,15)	(26,14)	(26,15)	(26,16)	
(24,16):(21,19)	(22,18)	(22,19)	(23,14)	(23,17)	(23,18)	(23,19)	(24,14)	(24,15)	(24,16)	(24,20)	(25,14)	(25,15)	(26,14)	(26,15)	(26,16)	(27,14)	(28,14)	(30,13)	
(24,20):(1,19)	(2,20)	(3,18)	(3,19)	(3,20)	(4,19)	(4,20)	(5,19)	(5,20)	(6,19)	(6,20)	(7,19)	(7,20)	(8,19)	(8,20)	(9,19)	(9,20)	(10,19)	(10,20)	(11,19)	(11,20)	(12,19)	(12,20)	(13,19)	(13,20)	(14,19)	(14,20)	(15,19)	(15,20)	(16,19)	(16,20)	(17,19)	(17,20)	(18,19)	(18,20)	(19,19)	(19,20)	(20,19)	(21,19)	(22,17)	(22,18)	(22,19)	(23,14)	(23,17)	(23,18)	(23,19)	(24,14)	(24,15)	(24,16)	(24,20)	
(19,20):(1,19)	(2,20)	(2,21)	(3,18)	(3,19)	(3,20)	(3,21)	(4,19)	(4,20)	(4,21)	(5,19)	(5,20)	(5,21)	(6,19)	(6,20)	(6,21)	(7,19)	(7,20)	(7,21)	(8,19)	(8,20)	(8,21)	(9,19)	(9,20)	(9,21)	(10,19)	(10,20)	(10,21)	(11,19)	(11,20)	(12,19)	(12,20)	(13,19)	(13,20)	(14,19)	(14,20)	(14,21)	(14,23)	(15,19)	(15,20)	(15,21)	(15,22)	(16,19)	(16,20)	(16,21)	(16,22)	(17,19)	(17,20)	(17,21)	(18,19)	(18,20)	(18,21)	(19,19)	(19,20)	(19,22)	(20,19)	(21,19)	(22,18)	(22,19)	(23,18)	(23,19)	(24,20)	
(19,22):(3,18)	(4,19)	(5,19)	(6,19)	(7,19)	(8,19)	(9,19)	(9,20)	(10,19)	(10,20)	(11,19)	(11,20)	(12,19)	(12,20)	(13,19)	(13,20)	(14,19)	(14,20)	(14,21)	(15,19)	(15,20)	(15,21)	(15,22)	(16,19)	(16,20)	(16,21)	(16,22)	(17,19)	(17,20)	(17,21)	(18,19)	(18,20)	(18,21)	(19,19)	(19,20)	(19,22)	
(16,22):(10,19)	(11,19)	(12,19)	(12,20)	(13,19)	(13,20)	(14,19)	(14,20)	(14,21)	(14,23)	(15,19)	(15,20)	(15,21)	(15,22)	(16,19)	(16,20)	(16,21)	(16,22)	(16,23)	(17,19)	(17,20)	(17,21)	(18,19)	(18,20)	(18,21)	(19,19)	(19,20)	(19,22)	(20,19)	(22,18)	
(16,23):(12,19)	(13,19)	(13,20)	(14,19)	(14,20)	(14,21)	(14,23)	(15,19)	(15,20)	(15,21)	(15,22)	(16,19)	(16,20)	(16,21)	(16,22)	(16,23)	
(14,23):(14,19)	(14,20)	(14,21)	(14,23)	(15,19)	(15,20)	(15,21)	(15,22)	(16,19)	(16,20)	(16,21)	(16,22)	(16,23)	(17,19)	(17,20)	(17,21)	(18,19)	(18,20)	(18,21)	(19,19)	(19,20)	(20,19)	(22,18)	
(14,21):(1,19)	(2,20)	(2,21)	(3,18)	(3,19)	(3,20)	(3,21)	(4,19)	(4,20)	(4,21)	(5,19)	(5,20)	(5,21)	(6,19)	(6,20)	(6,21)	(7,19)	(7,20)	(7,21)	(8,19)	(8,20)	(8,21)	(9,19)	(9,20)	(9,21)	(10,19)	(10,20)	(10,21)	(11,19)	(11,20)	(12,19)	(12,20)	(13,19)	(13,20)	(14,19)	(14,20)	(14,21)	(14,23)	(15,19)	(15,20)	(15,21)	(15,22)	(16,19)	(16,20)	(16,21)	(16,22)	(16,23)	(17,19)	(17,20)	(17,21)	(18,19)	(18,20)	(18,21)	(19,19)	(19,20)	(19,22)	(20,19)	(21,19)	(22,18)	(22,19)	(23,18)	(23,19)	
(10,21):(1,19)	(2,20)	(2,21)	(2,22)	(2,23)	(2,24)	(2,25)	(2,26)	(3,18)	(3,19)	(3,20)	(3,21)	(3,22)	(3,23)	(3,24)	(3,25)	(4,19)	(4,20)	(4,21)	(4,22)	(4,23)	(4,24)	(4,25)	(4,26)	(4,29)	(5,19)	(5,20)	(5,21)	(5,22)	(5,23)	(5,24)	(5,25)	(5,26)	(5,27)	(5,28)	(6,19)	(6,20)	(6,21)	(6,22)	(6,23)	(6,24)	(6,25)	(6,26)	(6,27)	(7,19)	(7,20)	(7,21)	(7,22)	(7,23)	(7,24)	(7,25)	(7,26)	(8,19)	(8,20)	(8,21)	(8,22)	(8,23)	(8,24)	(8,25)	(8,26)	(9,19)	(9,20)	(9,21)	(9,22)	(9,23)	(9,24)	(9,25)	(9,26)	(10,19)	(10,20)	(10,21)	(10,24)	(10,25)	(10,26)	(11,19)	(11,20)	(12,19)	(12,20)	(13,19)	(13,20)	(14,19)	(14,20)	(14,21)	(15,19)	(15,20)	(15,21)	(16,19)	(16,20)	(16,21)	(17,19)	(17,20)	(17,21)	(18,19)	(18,20)	(18,21)	(19,19)	(19,20)	(20,19)	(21,19)	(22,18)	(22,19)	(23,18)	(23,19)	
(10,24):(1,19)	(2,20)	(2,21)	(2,22)	(2,23)	(2,24)	(2,25)	(2,26)	(3,18)	(3,19)	(3,20)	(3,21)	(3,22)	(3,23)	(3,24)	(3,25)	(4,19)	(4,20)	(4,21)	(4,22)	(4,23)	(4,24)	(4,25)	(4,26)	(5,19)	(5,20)	(5,21)	(5,22)	(5,23)	(5,24)	(5,25)	(5,26)	(5,27)	(6,19)	(6,20)	(6,21)	(6,22)	(6,23)	(6,24)	(6,25)	(6,26)	(6,27)	(7,19)	(7,20)	(7,21)	(7,22)	(7,23)	(7,24)	(7,25)	(7,26)	(8,19)	(8,20)	(8,21)	(8,22)	(8,23)	(8,24)	(8,25)	(8,26)	(9,19)	(9,20)	(9,21)	(9,22)	(9,23)	(9,24)	(9,25)	(9,26)	(10,19)	(10,20)	(10,21)	(10,24)	(10,25)	(10,26)	(11,25)	(11,26)	(12,25)	(12,26)	(13,25)	(13,26)	(14,25)	(14,26)	(15,25)	(15,26)	(16,25)	(16,26)	(17,25)	(17,27)	(18,24)	(18,25)	
(18,24):(2,24)	(2,25)	(2,26)	(3,24)	(3,25)	(4,24)	(4,25)	(4,26)	(5,24)	(5,25)	(5,26)	(5,27)	(6,24)	(6,25)	(6,26)	(6,27)	(7,24)	(7,25)	(7,26)	(8,24)	(8,25)	(8,26)	(9,24)	(9,25)	(9,26)	(10,24)	(10,25)	(10,26)	(11,25)	(11,26)	(12,25)	(12,26)	(13,25)	(13,26)	(14,25)	(14,26)	(15,25)	(15,26)	(16,25)	(16,26)	(17,25)	(18,24)	(18,25)	
(18,25):(2,23)	(2,24)	(2,25)	(3,24)	(3,25)	(4,24)	(4,25)	(5,24)	(5,25)	(6,24)	(6,25)	(7,24)	(7,25)	(8,24)	(8,25)	(9,24)	(9,25)	(10,24)	(10,25)	(11,25)	(12,25)	(13,25)	(14,25)	(15,25)	(16,25)	(17,25)	(18,24)	(18,25)	
(17,25):(2,23)	(2,24)	(2,25)	(2,26)	(3,23)	(3,24)	(3,25)	(4,24)	(4,25)	(4,26)	(5,24)	(5,25)	(5,26)	(5,27)	(6,24)	(6,25)	(6,26)	(6,27)	(7,24)	(7,25)	(7,26)	(8,24)	(8,25)	(8,26)	(9,24)	(9,25)	(9,26)	(10,24)	(10,25)	(10,26)	(11,25)	(11,26)	(12,25)	(12,26)	(13,25)	(13,26)	(14,25)	(14,26)	(15,25)	(15,26)	(16,25)	(16,26)	(17,25)	(17,27)	(18,24)	(18,25)	
(17,27):(2,21)	(2,22)	(2,23)	(2,24)	(2,25)	(3,21)	(3,22)	(3,23)	(3,24)	(3,25)	(4,22)	(4,23)	(4,24)	(4,25)	(4,26)	(5,22)	(5,23)	(5,24)	(5,25)	(5,26)	(5,27)	(6,23)	(6,24)	(6,25)	(6,26)	(6,27)	(7,23)	(7,24)	(7,25)	(7,26)	(8,24)	(8,25)	(8,26)	(9,24)	(9,25)	(9,26)	(10,24)	(10,25)	(10,26)	(11,25)	(11,26)	(12,25)	(12,26)	(13,25)	(13,26)	(14,25)	(14,26)	(15,25)	(15,26)	(16,25)	(16,26)	(17,25)	(17,27)	
(6,27):(1,19)	(2,20)	(2,21)	(2,22)	(2,23)	(2,24)	(2,25)	(3,18)	(3,19)	(3,20)	(3,21)	(3,22)	(3,23)	(3,24)	(3,25)	(4,19)	(4,20)	(4,21)	(4,22)	(4,23)	(4,24)	(4,25)	(4,26)	(4,29)	(5,19)	(5,20)	(5,21)	(5,22)	(5,23)	(5,24)	(5,25)	(5,26)	(5,27)	(5,28)	(6,19)	(6,20)	(6,21)	(6,22)	(6,23)	(6,24)	(6,25)	(6,26)	(6,27)	(6,28)	(7,19)	(7,20)	(7,21)	(7,22)	(7,23)	(7,24)	(7,25)	(7,26)	(8,19)	(8,20)	(8,21)	(8,22)	(8,23)	(8,24)	(8,25)	(8,26)	(9,19)	(9,20)	(9,21)	(9,22)	(9,23)	(9,24)	(9,25)	(9,26)	(10,19)	(10,20)	(10,21)	(10,24)	(10,25)	(10,26)	(11,19)	(11,25)	(11,26)	(12,25)	(12,26)	(13,25)	(13,26)	(14,25)	(14,26)	(15,25)	(15,26)	(16,25)	(16,26)	(17,25)	(17,27)	(18,24)	
(6,28):(1,19)	(2,20)	(2,21)	(2,22)	(2,23)	(2,24)	(3,18)	(3,19)	(3,20)	(3,21)	(3,22)	(3,23)	(3,24)	(3,25)	(4,19)	(4,20)	(4,21)	(4,22)	(4,23)	(4,24)	(4,25)	(4,26)	(5,19)	(5,20)	(5,21)	(5,22)	(5,23)	(5,24)	(5,25)	(5,26)	(5,27)	(5,28)	(6,19)	(6,20)	(6,21)	(6,22)	(6,23)	(6,24)	(6,25)	(6,26)	(6,27)	(6,28)	
(5,28):(1,19)	(2,20)	(2,21)	(2,22)	(3,18)	(3,19)	(3,20)	(3,21)	(3,22)	(3,23)	(3,24)	(4,19)	(4,20)	(4,21)	(4,22)	(4,23)	(4,24)	(4,25)	(4,26)	(4,29)	(5,19)	(5,20)	(5,21)	(5,22)	(5,23)	(5,24)	(5,25)	(5,26)	(5,27)	(5,28)	(5,29)	(6,19)	(6,20)	(6,21)	(6,22)	(6,23)	(6,24)	(6,25)	(6,26)	(6,27)	(6,28)	(7,19)	(7,20)	(7,21)	(7,22)	(7,23)	(7,24)	(7,25)	(7,26)	(8,19)	(8,20)	(8,21)	(8,22)	(8,23)	(8,24)	(8,25)	(9,19)	(9,20)	(9,21)	(9,22)	(9,23)	(9,24)	(10,19)	(10,20)	(10,21)	(11,19)	
(5,29):(2,20)	(3,18)	(3,19)	(3,20)	(3,21)	(3,22)	(3,23)	(4,19)	(4,20)	(4,21)	(4,22)	(4,23)	(4,24)	(4,25)	(4,26)	(4,29)	(5,19)	(5,20)	(5,21)	(5,22)	(5,23)	(5,24)	(5,25)	(5,26)	(5,27)	(5,28)	(5,29)	
(4,29):(4,19)	(4,20)	(4,21)	(4,22)	(4,23)	(4,24)	(4,25)	(4,26)	(4,29)	(5,19)	(5,20)	(5,21)	(5,22)	(5,23)	(5,24)	(5,25)	(5,26)	(5,27)	(5,28)	(5,29)	(6,19)	(6,20)	(6,21)	(6,22)	(6,23)	(6,24)	(6,25)	(6,26)	(6,27)	(7,19)	(7,20)	(7,21)	(7,22)	(7,23)	(7,24)	(7,25)	(7,26)	(8,19)	(8,20)	(8,21)	(8,22)	(8,23)	(8,24)	(8,25)	(9,19)	(9,20)	(9,21)	(9,22)	(9,23)	(9,24)	(10,19)	(10,20)	(10,21)	(11,19)	
(4,26):(1,19)	(2,20)	(2,21)	(2,22)	(2,23)	(2,24)	(2,25)	(2,26)	(3,18)	(3,19)	(3,20)	(3,21)	(3,22)	(3,23)	(3,24)	(3,25)	(4,19)	(4,20)	(4,21)	(4,22)	(4,23)	(4,24)	(4,25)	(4,26)	(4,29)	(5,19)	(5,20)	(5,21)	(5,22)	(5,23)	(5,24)	(5,25)	(5,26)	(5,27)	(5,28)	(5,29)	(6,19)	(6,20)	(6,21)	(6,22)	(6,23)	(6,24)	(6,25)	(6,26)	(6,27)	(6,28)	(7,19)	(7,20)	(7,21)	(7,22)	(7,23)	(7,24)	(7,25)	(7,26)	(8,19)	(8,20)	(8,21)	(8,22)	(8,23)	(8,24)	(8,25)	(8,26)	(9,19)	(9,20)	(9,21)	(9,22)	(9,23)	(9,24)	(9,25)	(9,26)	(10,19)	(10,20)	(10,21)	(10,24)	(10,25)	(10,26)	(11,19)	(11,20)	(11,25)	(11,26)	(12,19)	(12,25)	(12,26)	(13,25)	(13,26)	(14,25)	(14,26)	(15,25)	(15,26)	(16,25)	(16,26)	(17,25)	(17,27)	(18,24)	
(2,26):(1,19)	(1,30)	(2,20)	(2,21)	(2,22)	(2,23)	(2,24)	(2,25)	(2,26)	(2,30)	(3,19)	(3,20)	(3,21)	(3,22)	(3,23)	(3,24)	(3,25)	(4,19)	(4,20)	(4,21)	(4,22)	(4,23)	(4,24)	(4,25)	(4,26)	(5,19)	(5,20)	(5,21)	(5,22)	(5,23)	(5,24)	(5,25)	(5,26)	(6,19)	(6,20)	(6,21)	(6,22)	(6,23)	(6,24)	(6,25)	(6,26)	(7,19)	(7,20)	(7,21)	(7,22)	(7,23)	(7,24)	(7,25)	(7,26)	(8,19)	(8,20)	(8,21)	(8,22)	(8,23)	(8,24)	(8,25)	(8,26)	(9,19)	(9,20)	(9,21)	(9,22)	(9,23)	(9,24)	(9,25)	(9,26)	(10,19)	(10,20)	(10,21)	(10,24)	(10,25)	(10,26)	(11,19)	(11,20)	(11,25)	(11,26)	(12,19)	(12,25)	(12,26)	(13,19)	(13,25)	(13,26)	(14,25)	(14,26)	(15,25)	(15,26)	(16,25)	(16,26)	(17,25)	(18,24)	
(2,30):(1,19)	(1,30)	(2,20)	(2,21)	(2,22)	(2,23)	(2,24)	(2,25)	(2,26)	(2,30)	
(1,30):(1,19)	(1,30)	(2,20)	(2,21)	(2,22)	(2,23)	(2,24)	(2,25)	(2,26)	(2,30)	(3,19)	(3,20)	(3,21)	(3,22)	
(1,19):(1,19)	(1,30)	(2,20)	(2,21)	(2,22)	(2,23)	(2,24)	(2,25)	(2,26)	(2,30)	(3,19)	(3,20)	(3,21)	(3,22)	(3,23)	(3,24)	(3,25)	(4,19)	(4,20)	(4,21)	(4,22)	(4,23)	(4,24)	(4,25)	(4,26)	(5,19)	(5,20)	(5,21)	(5,22)	(5,23)	(5,24)	(5,25)	(5,26)	(5,27)	(5,28)	(6,19)	(6,20)	(6,21)	(6,22)	(6,23)	(6,24)	(6,25)	(6,26)	(6,27)	(6,28)	(7,19)	(7,20)	(7,21)	(7,22)	(7,23)	(7,24)	(7,25)	(7,26)	(8,19)	(8,20)	(8,21)	(8,22)	(8,23)	(8,24)	(8,25)	(8,26)	(9,19)	(9,20)	(9,21)	(9,22)	(9,23)	(9,24)	(9,25)	(9,26)	(10,19)	(10,20)	(10,21)	(10,24)	(10,25)	(10,26)	(11,19)	(11,20)	(11,25)	(11,26)	(12,19)	(12,20)	(12,26)	(13,19)	(13,20)	(13,26)	(14,19)	(14,20)	(14,21)	(15,19)	(15,20)	(15,21)	(16,19)	(16,20)	(16,21)	(17,19)	(17,20)	(17,21)	(18,19)	(18,20)	(18,21)	(19,19)	(19,20)	(20,19)	(21,19)	(22,19)	(23,19)	(24,20)	
(3,19):(1,19)	(1,30)	(2,20)	(2,21)	(2,22)	(2,23)	(2,24)	(2,25)	(2,26)	(3,18)	(3,19)	(3,20)	(3,21)	(3,22)	(3,23)	(3,24)	(3,25)	(4,19)	(4,20)	(4,21)	(4,22)	(4,23)	(4,24)	(4,25)	(4,26)	(5,19)	(5,20)	(5,21)	(5,22)	(5,23)	(5,24)	(5,25)	(5,26)	(5,27)	(5,28)	(5,29)	(6,19)	(6,20)	(6,21)	(6,22)	(6,23)	(6,24)	(6,25)	(6,26)	(6,27)	(6,28)	(7,19)	(7,20)	(7,21)	(7,22)	(7,23)	(7,24)	(7,25)	(7,26)	(8,19)	(8,20)	(8,21)	(8,22)	(8,23)	(8,24)	(8,25)	(8,26)	(9,19)	(9,20)	(9,21)	(9,22)	(9,23)	(9,24)	(9,25)	(9,26)	(10,19)	(10,20)	(10,21)	(10,24)	(10,25)	(10,26)	(11,19)	(11,20)	(11,25)	(11,26)	(12,19)	(12,20)	(12,26)	(13,19)	(13,20)	(14,19)	(14,20)	(14,21)	(15,19)	(15,20)	(15,21)	(16,19)	(16,20)	(16,21)	(17,19)	(17,20)	(17,21)	(18,19)	(18,20)	(18,21)	(19,19)	(19,20)	(20,19)	(21,19)	(22,18)	(22,19)	(23,18)	(23,19)	(24,20)	
(3,18):(3,18)	(3,19)	(3,20)	(3,21)	(3,22)	(3,23)	(3,24)	(3,25)	(4,19)	(4,20)	(4,21)	(4,22)	(4,23)	(4,24)	(4,25)	(4,26)	(5,19)	(5,20)	(5,21)	(5,22)	(5,23)	(5,24)	(5,25)	(5,26)	(5,27)	(5,28)	(5,29)	(6,19)	(6,20)	(6,21)	(6,22)	(6,23)	(6,24)	(6,25)	(6,26)	(6,27)	(6,28)	(7,19)	(7,20)	(7,21)	(7,22)	(7,23)	(7,24)	(7,25)	(7,26)	(8,19)	(8,20)	(8,21)	(8,22)	(8,23)	(8,24)	(8,25)	(8,26)	(9,19)	(9,20)	(9,21)	(9,22)	(9,23)	(9,24)	(9,25)	(9,26)	(10,19)	(10,20)	(10,21)	(10,24)	(10,25)	(10,26)	(11,19)	(11,20)	(11,25)	(11,26)	(12,19)	(12,20)	(12,26)	(13,19)	(13,20)	(14,19)	(14,20)	(14,21)	(15,19)	(15,20)	(15,21)	(16,19)	(16,20)	(16,21)	(17,19)	(17,20)	(17,21)	(18,19)	(18,20)	(18,21)	(19,19)	(19,20)	(19,22)	(20,19)	(21,19)	(22,18)	(22,19)	(23,18)	(23,19)	(24,20)	
(22,18):(2,20)	(2,21)	(2,22)	(2,23)	(3,18)	(3,19)	(3,20)	(3,21)	(3,22)	(4,19)	(4,20)	(4,21)	(4,22)	(5,19)	(5,20)	(5,21)	(5,22)	(6,19)	(6,20)	(6,21)	(6,22)	(7,19)	(7,20)	(7,21)	(8,19)	(8,20)	(8,21)	(9,19)	(9,20)	(9,21)	(10,19)	(10,20)	(10,21)	(11,19)	(11,20)	(12,19)	(12,20)	(13,19)	(13,20)	(14,19)	(14,20)	(14,21)	(14,23)	(15,19)	(15,20)	(15,21)	(15,22)	(16,19)	(16,20)	(16,21)	(16,22)	(17,19)	(17,20)	(17,21)	(18,19)	(18,20)	(19,19)	(19,20)	(20,19)	(21,19)	(22,17)	(22,18)	(22,19)	(23,17)	(23,18)	(23,19)	(24,16)	(24,20)	
(22,17):(22,17)	(22,18)	(22,19)	(23,17)	(23,18)	(23,19)	(24,20)	
(23,17):(21,19)	(22,17)	(22,18)	(22,19)	(23,14)	(23,17)	(23,18)	(23,19)	(24,14)	(24,15)	(24,16)	(24,20)	(25,14)	(25,15)	(26,14)	
(23,14):(12,14)	(13,12)	(13,13)	(14,13)	(15,13)	(16,13)	(17,13)	(18,13)	(19,13)	(20,13)	(21,13)	(23,14)	(23,17)	(23,18)	(23,19)	(24,14)	(24,15)	(24,16)	(24,20)	(25,14)	(25,15)	(26,14)	(26,15)	(26,16)	(27,14)	(28,14)	(29,14)	(30,13)	(30,15)	
(12,14):(12,2)	(12,3)	(12,4)	(12,5)	(12,6)	(12,7)	(12,8)	(12,14)	(13,2)	(13,3)	(13,4)	(13,5)	(13,6)	(13,7)	(13,8)	(13,9)	(13,10)	(13,12)	(13,13)	(14,2)	(14,3)	(14,4)	(14,5)	(14,6)	(14,13)	(15,1)	(15,2)	(15,13)	(16,13)	(17,13)	(18,13)	(19,13)	(20,13)	(21,12)	(21,13)	(23,14)	(24,14)	(25,14)	(26,14)	(27,14)	(28,14)	(29,14)	(30,13)	
(12,8):(7,5)	(8,3)	(8,5)	(8,6)	(8,7)	(8,8)	(9,4)	(9,5)	(9,6)	(9,7)	(9,8)	(10,4)	(10,5)	(10,6)	(10,7)	(11,1)	(11,3)	(11,4)	(11,5)	(11,6)	(11,7)	(12,2)	(12,3)	(12,4)	(12,5)	(12,6)	(12,7)	(12,8)	(12,14)	(13,2)	(13,3)	(13,4)	(13,5)	(13,6)	(13,7)	(13,8)	(13,9)	(13,10)	(13,12)	(13,13)	(14,2)	(14,3)	(14,4)	(14,5)	(14,6)	(14,7)	(14,8)	(14,9)	(15,1)	(15,2)	(15,3)	(15,4)	(15,5)	(15,6)	(15,7)	(15,8)	(15,9)	(16,3)	(16,4)	(16,5)	(16,6)	(16,7)	(16,8)	(16,9)	(17,3)	(17,4)	(17,5)	(17,6)	(17,7)	(17,8)	(17,9)	(18,3)	(18,4)	(18,5)	(18,6)	(18,7)	(18,8)	(18,9)	(19,3)	(19,4)	(19,5)	(19,6)	(19,7)	(19,8)	(19,9)	(20,3)	(20,4)	(20,5)	(20,6)	(20,7)	(20,8)	(20,9)	(21,3)	(21,4)	(21,5)	(21,8)	(21,9)	(22,3)	(22,4)	(22,5)	(22,8)	(22,9)	(23,3)	(23,4)	(23,5)	(23,8)	(23,9)	(24,3)	(24,4)	(24,5)	(24,8)	(24,9)	(25,3)	(25,4)	(25,8)	(25,9)	(25,10)	(26,3)	(26,4)	(26,8)	(27,3)	(27,4)	(27,7)	(27,9)	(28,3)	(28,4)	(29,2)	
(9,8):(7,5)	(7,11)	(8,3)	(8,5)	(8,6)	(8,7)	(8,8)	(8,9)	(8,10)	(9,4)	(9,5)	(9,6)	(9,7)	(9,8)	(9,11)	(10,4)	(10,5)	(10,6)	(10,7)	(11,3)	(11,4)	(11,5)	(11,6)	(11,7)	(12,2)	(12,3)	(12,4)	(12,5)	(12,6)	(12,7)	(12,8)	(13,2)	(13,3)	(13,4)	(13,5)	(13,6)	(13,7)	(13,8)	(14,2)	(14,3)	(14,4)	(14,5)	(14,6)	(14,7)	(14,8)	(15,1)	(15,2)	(15,3)	(15,4)	(15,5)	(15,6)	(15,7)	(15,8)	(16,3)	(16,4)	(16,5)	(16,6)	(16,7)	(16,8)	(17,3)	(17,4)	(17,5)	(17,6)	(17,7)	(17,8)	(18,3)	(18,4)	(18,5)	(18,6)	(18,7)	(18,8)	(19,3)	(19,4)	(19,5)	(19,6)	(19,7)	(19,8)	(20,3)	(20,4)	(20,5)	(20,6)	(20,7)	(20,8)	(21,3)	(21,4)	(21,5)	(21,8)	(22,3)	(22,4)	(22,5)	(22,8)	(23,3)	(23,4)	(23,5)	(23,8)	(24,3)	(24,4)	(24,5)	(24,8)	(25,3)	(25,4)	(25,5)	(25,8)	(26,3)	(26,4)	(26,8)	(27,3)	(27,4)	(27,7)	(28,3)	(28,4)	(29,2)	
(9,11):(7,5)	(7,11)	(8,3)	(8,5)	(8,6)	(8,7)	(8,8)	(8,9)	(8,10)	(9,4)	(9,5)	(9,6)	(9,7)	(9,8)	(9,11)	
(7,11):(7,5)	(7,11)	(8,5)	(8,6)	(8,7)	(8,8)	(8,9)	(8,10)	(9,4)	(9,5)	(9,6)	(9,7)	(9,8)	(9,11)	(10,4)	(10,5)	(10,6)	(11,3)	(11,4)	(11,5)	(12,2)	(12,3)	(13,2)	
(7,5):(7,5)	(7,11)	(8,5)	(8,6)	(8,7)	(8,8)	(8,9)	(8,10)	(9,5)	(9,6)	(9,7)	(9,8)	(9,11)	(10,5)	(10,6)	(10,7)	(11,5)	(11,6)	(11,7)	(12,5)	(12,6)	(12,7)	(12,8)	(13,5)	(13,6)	(13,7)	(13,8)	(14,5)	(14,6)	(14,7)	(14,8)	(14,9)	(15,5)	(15,6)	(15,7)	(15,8)	(15,9)	(16,5)	(16,6)	(16,7)	(16,8)	(16,9)	(17,5)	(17,6)	(17,7)	(17,8)	(17,9)	(18,5)	(18,6)	(18,7)	(18,8)	(18,9)	(19,5)	(19,6)	(19,7)	(19,8)	(19,9)	(20,5)	(20,6)	(20,7)	(20,8)	(20,9)	(21,5)	(21,8)	(21,9)	(22,5)	(22,8)	(22,9)	(23,5)	(23,8)	(23,9)	(24,5)	(24,8)	(24,9)	(25,5)	(25,8)	(25,9)	(25,10)	(26,5)	(26,8)	(27,5)	(27,9)	(28,6)	
(8,5):(7,5)	(7,11)	(8,3)	(8,5)	(8,6)	(8,7)	(8,8)	(8,9)	(8,10)	(9,4)	(9,5)	(9,6)	(9,7)	(9,8)	(9,11)	(10,4)	(10,5)	(10,6)	(10,7)	(11,3)	(11,4)	(11,5)	(11,6)	(11,7)	(12,3)	(12,4)	(12,5)	(12,6)	(12,7)	(12,8)	(13,2)	(13,3)	(13,4)	(13,5)	(13,6)	(13,7)	(13,8)	(14,2)	(14,3)	(14,4)	(14,5)	(14,6)	(14,7)	(14,8)	(14,9)	(15,1)	(15,2)	(15,3)	(15,4)	(15,5)	(15,6)	(15,7)	(15,8)	(15,9)	(16,3)	(16,4)	(16,5)	(16,6)	(16,7)	(16,8)	(16,9)	(17,3)	(17,4)	(17,5)	(17,6)	(17,7)	(17,8)	(17,9)	(18,3)	(18,4)	(18,5)	(18,6)	(18,7)	(18,8)	(18,9)	(19,3)	(19,4)	(19,5)	(19,6)	(19,7)	(19,8)	(19,9)	(20,3)	(20,4)	(20,5)	(20,6)	(20,7)	(20,8)	(20,9)	(21,3)	(21,4)	(21,5)	(21,8)	(21,9)	(22,3)	(22,4)	(22,5)	(22,8)	(22,9)	(23,3)	(23,4)	(23,5)	(23,8)	(23,9)	(24,3)	(24,4)	(24,5)	(24,8)	(24,9)	(25,3)	(25,4)	(25,5)	(25,8)	(25,9)	(25,10)	(26,3)	(26,4)	(26,5)	(26,8)	(27,3)	(27,4)	(27,5)	(27,9)	(28,3)	(28,4)	(28,6)	(29,2)	
(8,3):(8,3)	(8,5)	(8,6)	(8,7)	(8,8)	(8,9)	(8,10)	(9,4)	(9,5)	(9,6)	(9,7)	(9,8)	(9,11)	(10,4)	(10,5)	(10,6)	(10,7)	(11,3)	(11,4)	(11,5)	(11,6)	(11,7)	(12,3)	(12,4)	(12,5)	(12,6)	(12,7)	(12,8)	(13,3)	(13,4)	(13,5)	(13,6)	(13,7)	(13,8)	(13,9)	(14,3)	(14,4)	(14,5)	(14,6)	(14,7)	(14,8)	(14,9)	(15,3)	(15,4)	(15,5)	(15,6)	(15,7)	(15,8)	(15,9)	(16,3)	(16,4)	(16,5)	(16,6)	(16,7)	(16,8)	(16,9)	(17,3)	(17,4)	(17,5)	(17,6)	(17,7)	(17,8)	(17,9)	(18,3)	(18,4)	(18,5)	(18,6)	(18,7)	(18,8)	(18,9)	(19,3)	(19,4)	(19,5)	(19,6)	(19,7)	(19,8)	(19,9)	(20,3)	(20,4)	(20,5)	(20,6)	(20,7)	(20,8)	(20,9)	(21,3)	(21,4)	(21,5)	(21,8)	(21,9)	(22,3)	(22,4)	(22,5)	(22,8)	(22,9)	(23,3)	(23,4)	(23,5)	(23,8)	(23,9)	(24,3)	(24,4)	(24,5)	(24,9)	(25,3)	(25,4)	(25,5)	(25,9)	(25,10)	(26,3)	(26,4)	(26,5)	(27,3)	(27,4)	(27,5)	(28,3)	(28,4)	(28,6)	(29,4)	
(11,3):(7,11)	(8,3)	(8,5)	(8,6)	(8,7)	(8,8)	(8,9)	(8,10)	(9,4)	(9,5)	(9,6)	(9,7)	(9,8)	(10,4)	(10,5)	(10,6)	(10,7)	(11,1)	(11,3)	(11,4)	(11,5)	(11,6)	(11,7)	(12,2)	(12,3)	(12,4)	(12,5)	(12,6)	(12,7)	(12,8)	(13,2)	(13,3)	(13,4)	(13,5)	(13,6)	(13,7)	(13,8)	(13,9)	(13,10)	(13,12)	(13,13)	(14,2)	(14,3)	(14,4)	(14,5)	(14,6)	(14,7)	(14,8)	(14,9)	(15,1)	(15,2)	(15,3)	(15,4)	(15,5)	(15,6)	(15,7)	(15,8)	(15,9)	(16,3)	(16,4)	(16,5)	(16,6)	(16,7)	(16,8)	(16,9)	(17,3)	(17,4)	(17,5)	(17,6)	(17,7)	(17,8)	(17,9)	(18,3)	(18,4)	(18,5)	(18,6)	(18,7)	(18,8)	(18,9)	(19,3)	(19,4)	(19,5)	(19,6)	(19,7)	(19,8)	(19,9)	(20,3)	(20,4)	(20,5)	(20,6)	(20,7)	(20,8)	(20,9)	(21,3)	(21,4)	(21,5)	(21,8)	(21,9)	(22,3)	(22,4)	(22,5)	(22,8)	(22,9)	(23,3)	(23,4)	(23,5)	(23,9)	(24,3)	(24,4)	(24,5)	(24,9)	(25,3)	(25,4)	(25,5)	(25,10)	(26,3)	(26,4)	(26,5)	(27,3)	(27,4)	(27,5)	(28,3)	(28,4)	(28,6)	(29,2)	(29,4)	
(11,1):(11,1)	(11,3)	(11,4)	(11,5)	(11,6)	(11,7)	(12,2)	(12,3)	(12,4)	(12,5)	(12,6)	(12,7)	(12,8)	(13,2)	(13,3)	(13,4)	(13,5)	(13,6)	(13,7)	(13,8)	(13,9)	(13,10)	(13,12)	(13,13)	(14,2)	(14,3)	(14,4)	(14,5)	(14,6)	(14,7)	(14,8)	(14,9)	(15,1)	(15,2)	(15,3)	(15,4)	(15,5)	(15,6)	(15,7)	(15,8)	(15,9)	(16,3)	(16,4)	(16,5)	(16,6)	(16,7)	(16,8)	(16,9)	(17,3)	(17,4)	(17,5)	(17,6)	(17,7)	(17,8)	(17,9)	(18,3)	(18,4)	(18,5)	(18,6)	(18,7)	(18,8)	(18,9)	(19,3)	(19,4)	(19,5)	(19,6)	(19,7)	(19,8)	(19,9)	(20,4)	(20,5)	(20,6)	(20,7)	(20,8)	(20,9)	(21,4)	(21,5)	(21,8)	(21,9)	(22,4)	(22,5)	(22,9)	(23,4)	(23,5)	(23,9)	(24,5)	(25,5)	(26,5)	(27,5)	(28,6)	
(15,1):(8,5)	(8,6)	(8,7)	(8,8)	(8,9)	(9,4)	(9,5)	(9,6)	(9,7)	(9,8)	(10,4)	(10,5)	(10,6)	(10,7)	(11,1)	(11,3)	(11,4)	(11,5)	(11,6)	(11,7)	(12,2)	(12,3)	(12,4)	(12,5)	(12,6)	(12,7)	(12,8)	(12,14)	(13,2)	(13,3)	(13,4)	(13,5)	(13,6)	(13,7)	(13,8)	(13,9)	(13,10)	(14,2)	(14,3)	(14,4)	(14,5)	(14,6)	(14,7)	(14,8)	(14,9)	(15,1)	(15,2)	(15,3)	(15,4)	(15,5)	(15,6)	(15,7)	(15,8)	(15,9)	
(15,2):(8,5)	(8,6)	(8,7)	(8,8)	(8,9)	(9,4)	(9,5)	(9,6)	(9,7)	(9,8)	(10,4)	(10,5)	(10,6)	(10,7)	(11,1)	(11,3)	(11,4)	(11,5)	(11,6)	(11,7)	(12,2)	(12,3)	(12,4)	(12,5)	(12,6)	(12,7)	(12,8)	(12,14)	(13,2)	(13,3)	(13,4)	(13,5)	(13,6)	(13,7)	(13,8)	(13,9)	(13,10)	(14,2)	(14,3)	(14,4)	(14,5)	(14,6)	(14,7)	(14,8)	(14,9)	(15,1)	(15,2)	(15,3)	(15,4)	(15,5)	(15,6)	(15,7)	(15,8)	(15,9)	(16,3)	(16,4)	(16,5)	(16,6)	(16,7)	(16,8)	(16,9)	(17,3)	(17,4)	(17,5)	(17,6)	(17,7)	(17,8)	(17,9)	(18,3)	(18,4)	(18,5)	(18,6)	(18,7)	(18,8)	(18,9)	(19,3)	(19,4)	(19,5)	(19,6)	(19,7)	(19,8)	(19,9)	(20,3)	(20,4)	(20,5)	(20,6)	(20,7)	(20,8)	(20,9)	(21,3)	(21,4)	(21,5)	(21,8)	(21,9)	(22,3)	(22,4)	(22,5)	(22,9)	(23,3)	(23,4)	(23,5)	(24,3)	(24,4)	(24,5)	(25,3)	(25,4)	(25,5)	(26,3)	(26,4)	(26,5)	(27,3)	(27,4)	(27,5)	(28,3)	(28,4)	(28,6)	(29,2)	(29,4)	
(29,2):(8,5)	(8,6)	(8,7)	(8,8)	(9,4)	(9,5)	(9,6)	(9,7)	(9,8)	(10,4)	(10,5)	(10,6)	(10,7)	(11,3)	(11,4)	(11,5)	(11,6)	(11,7)	(12,2)	(12,3)	(12,4)	(12,5)	(12,6)	(12,7)	(12,8)	(13,2)	(13,3)	(13,4)	(13,5)	(13,6)	(13,7)	(13,8)	(13,9)	(14,2)	(14,3)	(14,4)	(14,5)	(14,6)	(14,7)	(14,8)	(15,2)	(15,3)	(15,4)	(15,5)	(15,6)	(15,7)	(15,8)	(16,3)	(16,4)	(16,5)	(16,6)	(16,7)	(17,3)	(17,4)	(17,5)	(17,6)	(17,7)	(18,3)	(18,4)	(18,5)	(18,6)	(19,3)	(19,4)	(19,5)	(19,6)	(20,3)	(20,4)	(20,5)	(20,6)	(21,3)	(21,4)	(21,5)	(22,3)	(22,4)	(22,5)	(23,3)	(23,4)	(23,5)	(24,3)	(24,4)	(24,5)	(25,3)	(25,4)	(25,5)	(26,3)	(26,4)	(26,5)	(27,3)	(27,4)	(27,5)	(28,3)	(28,4)	(29,2)	(29,4)	
(29,4):(8,3)	(9,4)	(10,4)	(11,3)	(11,4)	(12,2)	(12,3)	(12,4)	(13,2)	(13,3)	(13,4)	(14,2)	(14,3)	(14,4)	(15,2)	(15,3)	(15,4)	(16,3)	(16,4)	(17,3)	(17,4)	(18,3)	(18,4)	(19,3)	(19,4)	(20,3)	(20,4)	(21,3)	(21,4)	(22,3)	(22,4)	(23,3)	(23,4)	(24,3)	(24,4)	(25,3)	(25,4)	(26,3)	(26,4)	(27,3)	(27,4)	(28,3)	(28,4)	(29,2)	(29,4)	
(28,4):(8,3)	(8,5)	(8,6)	(8,7)	(8,8)	(9,4)	(9,5)	(9,6)	(9,7)	(9,8)	(10,4)	(10,5)	(10,6)	(10,7)	(11,3)	(11,4)	(11,5)	(11,6)	(11,7)	(12,2)	(12,3)	(12,4)	(12,5)	(12,6)	(12,7)	(12,8)	(13,2)	(13,3)	(13,4)	(13,5)	(13,6)	(13,7)	(14,2)	(14,3)	(14,4)	(14,5)	(14,6)	(14,7)	(15,2)	(15,3)	(15,4)	(15,5)	(15,6)	(15,7)	(16,3)	(16,4)	(16,5)	(16,6)	(16,7)	(17,3)	(17,4)	(17,5)	(17,6)	(18,3)	(18,4)	(18,5)	(18,6)	(19,3)	(19,4)	(19,5)	(19,6)	(20,3)	(20,4)	(20,5)	(20,6)	(21,3)	(21,4)	(21,5)	(22,3)	(22,4)	(22,5)	(23,3)	(23,4)	(23,5)	(24,3)	(24,4)	(24,5)	(25,3)	(25,4)	(25,5)	(26,3)	(26,4)	(26,5)	(27,3)	(27,4)	(27,5)	(28,3)	(28,4)	(28,6)	(29,2)	(29,4)	
(28,6):(7,5)	(8,3)	(8,5)	(8,6)	(9,4)	(9,5)	(9,6)	(10,4)	(10,5)	(10,6)	(11,1)	(11,3)	(11,4)	(11,5)	(11,6)	(12,2)	(12,3)	(12,4)	(12,5)	(12,6)	(13,2)	(13,3)	(13,4)	(13,5)	(13,6)	(14,2)	(14,3)	(14,4)	(14,5)	(14,6)	(15,2)	(15,3)	(15,4)	(15,5)	(15,6)	(16,3)	(16,4)	(16,5)	(16,6)	(17,3)	(17,4)	(17,5)	(17,6)	(18,3)	(18,4)	(18,5)	(18,6)	(19,3)	(19,4)	(19,5)	(19,6)	(20,3)	(20,4)	(20,5)	(20,6)	(21,3)	(21,4)	(21,5)	(22,3)	(22,4)	(22,5)	(23,3)	(23,4)	(23,5)	(24,3)	(24,4)	(24,5)	(25,3)	(25,4)	(25,5)	(26,3)	(26,4)	(26,5)	(27,3)	(27,4)	(27,5)	(28,3)	(28,4)	(28,6)	
(20,6):(7,5)	(8,3)	(8,5)	(8,6)	(8,7)	(8,8)	(9,4)	(9,5)	(9,6)	(9,7)	(9,8)	(10,4)	(10,5)	(10,6)	(10,7)	(11,1)	(11,3)	(11,4)	(11,5)	(11,6)	(11,7)	(12,2)	(12,3)	(12,4)	(12,5)	(12,6)	(12,7)	(12,8)	(13,2)	(13,3)	(13,4)	(13,5)	(13,6)	(13,7)	(13,8)	(13,9)	(13,10)	(14,2)	(14,3)	(14,4)	(14,5)	(14,6)	(14,7)	(14,8)	(14,9)	(15,2)	(15,3)	(15,4)	(15,5)	(15,6)	(15,7)	(15,8)	(15,9)	(16,3)	(16,4)	(16,5)	(16,6)	(16,7)	(16,8)	(16,9)	(17,3)	(17,4)	(17,5)	(17,6)	(17,7)	(17,8)	(17,9)	(18,3)	(18,4)	(18,5)	(18,6)	(18,7)	(18,8)	(18,9)	(19,3)	(19,4)	(19,5)	(19,6)	(19,7)	(19,8)	(19,9)	(20,3)	(20,4)	(20,5)	(20,6)	(20,7)	(20,8)	(20,9)	(21,3)	(21,4)	(21,5)	(22,3)	(22,4)	(22,5)	(23,3)	(23,4)	(23,5)	(24,3)	(24,4)	(24,5)	(25,3)	(25,4)	(25,5)	(26,3)	(26,4)	(26,5)	(27,3)	(27,4)	(27,5)	(28,3)	(28,4)	(28,6)	(29,2)	
(20,7):(7,5)	(8,3)	(8,5)	(8,6)	(8,7)	(8,8)	(9,4)	(9,5)	(9,6)	(9,7)	(9,8)	(10,4)	(10,5)	(10,6)	(10,7)	(11,1)	(11,3)	(11,4)	(11,5)	(11,6)	(11,7)	(12,2)	(12,3)	(12,4)	(12,5)	(12,6)	(12,7)	(12,8)	(13,2)	(13,3)	(13,4)	(13,5)	(13,6)	(13,7)	(13,8)	(13,9)	(13,10)	(14,2)	(14,3)	(14,4)	(14,5)	(14,6)	(14,7)	(14,8)	(14,9)	(15,2)	(15,3)	(15,4)	(15,5)	(15,6)	(15,7)	(15,8)	(15,9)	(16,3)	(16,4)	(16,5)	(16,6)	(16,7)	(16,8)	(16,9)	(17,3)	(17,4)	(17,5)	(17,6)	(17,7)	(17,8)	(17,9)	(18,3)	(18,4)	(18,5)	(18,6)	(18,7)	(18,8)	(18,9)	(19,3)	(19,4)	(19,5)	(19,6)	(19,7)	(19,8)	(19,9)	(20,3)	(20,4)	(20,5)	(20,6)	(20,7)	(20,8)	(20,9)	(21,8)	(21,9)	(22,8)	(22,9)	(23,8)	(23,9)	(24,8)	(24,9)	(25,8)	(25,9)	(25,10)	(26,8)	(27,7)	(27,9)	
(27,7):(8,7)	(8,8)	(9,7)	(9,8)	(10,7)	(11,7)	(12,7)	(12,8)	(13,7)	(13,8)	(13,9)	(13,10)	(14,7)	(14,8)	(14,9)	(15,7)	(15,8)	(15,9)	(16,7)	(16,8)	(16,9)	(17,7)	(17,8)	(17,9)	(18,7)	(18,8)	(18,9)	(19,7)	(19,8)	(19,9)	(20,7)	(20,8)	(20,9)	(21,8)	(21,9)	(22,8)	(22,9)	(23,8)	(23,9)	(24,8)	(24,9)	(25,8)	(25,9)	(26,8)	(27,7)	(27,9)	
(27,9):(7,5)	(8,5)	(8,6)	(8,7)	(9,4)	(9,5)	(9,6)	(9,7)	(10,5)	(10,6)	(10,7)	(11,5)	(11,6)	(11,7)	(12,5)	(12,6)	(12,7)	(12,8)	(13,5)	(13,6)	(13,7)	(13,8)	(13,9)	(14,6)	(14,7)	(14,8)	(14,9)	(15,6)	(15,7)	(15,8)	(15,9)	(16,6)	(16,7)	(16,8)	(16,9)	(17,7)	(17,8)	(17,9)	(18,7)	(18,8)	(18,9)	(19,7)	(19,8)	(19,9)	(20,7)	(20,8)	(20,9)	(21,8)	(21,9)	(22,8)	(22,9)	(23,8)	(23,9)	(24,8)	(24,9)	(25,8)	(25,9)	(26,8)	(27,7)	(27,9)	
(25,9):(7,5)	(8,3)	(8,5)	(8,6)	(8,7)	(9,4)	(9,5)	(9,6)	(9,7)	(10,4)	(10,5)	(10,6)	(10,7)	(11,4)	(11,5)	(11,6)	(11,7)	(12,4)	(12,5)	(12,6)	(12,7)	(12,8)	(13,5)	(13,6)	(13,7)	(13,8)	(13,9)	(13,10)	(14,5)	(14,6)	(14,7)	(14,8)	(14,9)	(15,5)	(15,6)	(15,7)	(15,8)	(15,9)	(16,6)	(16,7)	(16,8)	(16,9)	(17,6)	(17,7)	(17,8)	(17,9)	(18,7)	(18,8)	(18,9)	(19,7)	(19,8)	(19,9)	(20,7)	(20,8)	(20,9)	(21,8)	(21,9)	(22,8)	(22,9)	(23,8)	(23,9)	(24,8)	(24,9)	(25,8)	(25,9)	(25,10)	(26,8)	(27,7)	(27,9)	
(25,10):(7,5)	(8,3)	(8,5)	(8,6)	(8,7)	(9,4)	(9,5)	(9,6)	(9,7)	(10,4)	(10,5)	(10,6)	(10,7)	(11,3)	(11,4)	(11,5)	(11,6)	(11,7)	(12,3)	(12,4)	(12,5)	(12,6)	(12,7)	(12,8)	(13,3)	(13,4)	(13,5)	(13,6)	(13,7)	(13,8)	(13,9)	(13,10)	(14,4)	(14,5)	(14,6)	(14,7)	(14,8)	(14,9)	(15,4)	(15,5)	(15,6)	(15,7)	(15,8)	(15,9)	(16,5)	(16,6)	(16,7)	(16,8)	(16,9)	(17,6)	(17,7)	(17,8)	(17,9)	(18,6)	(18,7)	(18,8)	(18,9)	(19,7)	(19,8)	(19,9)	(20,7)	(20,8)	(20,9)	(21,8)	(21,9)	(22,8)	(22,9)	(23,8)	(23,9)	(24,8)	(24,9)	(25,8)	(25,9)	(25,10)	
(13,10):(10,4)	(11,1)	(11,3)	(11,4)	(11,5)	(11,6)	(12,2)	(12,3)	(12,4)	(12,5)	(12,6)	(12,7)	(12,8)	(12,14)	(13,2)	(13,3)	(13,4)	(13,5)	(13,6)	(13,7)	(13,8)	(13,9)	(13,10)	(13,12)	(13,13)	(14,2)	(14,3)	(14,4)	(14,5)	(14,6)	(14,7)	(14,8)	(14,9)	(15,1)	(15,2)	(15,3)	(15,4)	(15,5)	(15,6)	(15,7)	(15,8)	(15,9)	(16,3)	(16,4)	(16,5)	(16,6)	(16,7)	(16,8)	(16,9)	(17,3)	(17,4)	(17,5)	(17,6)	(17,7)	(17,8)	(17,9)	(18,3)	(18,4)	(18,5)	(18,6)	(18,7)	(18,8)	(18,9)	(19,3)	(19,4)	(19,5)	(19,6)	(19,7)	(19,8)	(19,9)	(20,3)	(20,4)	(20,5)	(20,6)	(20,7)	(20,8)	(20,9)	(21,3)	(21,4)	(21,5)	(21,8)	(21,9)	(22,3)	(22,4)	(22,8)	(22,9)	(23,3)	(23,4)	(23,8)	(23,9)	(24,3)	(24,8)	(24,9)	(25,3)	(25,8)	(25,9)	(25,10)	(26,8)	(27,7)	
(13,12):(11,1)	(11,3)	(11,4)	(12,2)	(12,3)	(12,4)	(12,5)	(12,6)	(12,7)	(12,8)	(12,14)	(13,2)	(13,3)	(13,4)	(13,5)	(13,6)	(13,7)	(13,8)	(13,9)	(13,10)	(13,12)	(13,13)	(14,13)	(15,13)	(16,13)	(17,13)	(18,13)	(19,13)	(20,13)	(21,12)	(21,13)	(23,14)	(24,14)	(25,14)	(26,14)	(27,14)	(28,14)	(29,14)	(30,15)	
(21,12):(12,14)	(13,12)	(13,13)	(14,13)	(15,13)	(16,13)	(17,13)	(18,13)	(19,13)	(20,13)	(21,12)	(21,13)	
(21,13):(12,14)	(13,12)	(13,13)	(14,13)	(15,13)	(16,13)	(17,13)	(18,13)	(19,13)	(20,13)	(21,12)	(21,13)	(23,14)	(24,14)	(25,14)	(25,15)	(26,14)	(26,15)	(27,14)	(28,14)	(29,14)	(30,13)	(30,15)	
(30,13):(12,14)	(13,13)	(14,13)	(15,13)	(16,13)	(17,13)	(18,13)	(19,13)	(20,13)	(21,13)	(23,14)	(24,14)	(24,15)	(24,16)	(25,14)	(25,15)	(26,14)	(26,15)	(27,14)	(28,14)	(29,14)	(30,13)	(30,15)	
(30,15):(13,12)	(16,13)	(17,13)	(18,13)	(19,13)	(20,13)	(21,13)	(23,14)	(24,14)	(24,15)	(25,14)	(25,15)	(26,14)	(26,15)	(27,14)	(28,14)	(29,14)	(30,13)	(30,15)	
(26,15):20.000000
(26,16):9.750000
(24,16):21.750000
(24,20):50.083332
(19,20):74.083336
(19,22):40.900002
(16,22):34.000000
(16,23):14.500000
(14,23):23.500000
(14,21):67.250000
(10,21):114.733131
(10,24):99.625000
(18,24):44.562500
(18,25):22.062500
(17,25):52.182686
(17,27):62.010990
(6,27):101.159088
(6,28):37.500000
(5,28):65.214287
(5,29):20.166666
(4,29):51.875000
(4,26):106.361542
(2,26):96.095238
(2,30):11.000000
(1,30):17.909090
(1,19):107.189743
(3,19):126.892273
(3,18):109.854164
(22,18):77.769737
(22,17):6.000000
(23,17):16.500000
(23,14):40.099998
(12,14):48.000000
(12,8):141.375000
(9,8):116.276558
(9,11):14.000000
(7,11):25.000000
(7,5):80.897438
(8,5):141.225006
(8,3):113.400002
(11,3):140.155548
(11,1):93.417206
(15,1):54.019840
(15,2):133.160721
(29,2):103.500793
(29,4):40.142857
(28,4):99.626823
(28,6):80.375000
(20,6):125.899353
(20,7):110.896103
(27,7):47.718254
(27,9):56.738094
(25,9):77.080132
(25,10):80.376923
(13,10):112.083336
(13,12):42.562500
(21,12):18.000000
(21,13):33.312500
(30,13):27.250000
(30,15):23.195377
(26,15),(26,16):9.750000
(26,15),(24,16):13.500000
(26,15),(24,20):3.333333
(26,15),(19,20):0.000000
(26,15),(19,22):0.000000
(26,15),(16,22):0.000000
(26,15),(16,23):0.000000
(26,15),(14,23):0.000000
(26,15),(14,21):0.000000
(26,15),(10,21):0.000000
(26,15),(10,24):0.000000
(26,15),(18,24):0.000000
(26,15),(18,25):0.000000
(26,15),(17,25):0.000000
(26,15),(17,27):0.000000
(26,15),(6,27):0.000000
(26,15),(6,28):0.000000
(26,15),(5,28):0.000000
(26,15),(5,29):0.000000
(26,15),(4,29):0.000000
(26,15),(4,26):0.000000
(26,15),(2,26):0.000000
(26,15),(2,30):0.000000
(26,15),(1,30):0.000000
(26,15),(1,19):0.000000
(26,15),(3,19):0.000000
(26,15),(3,18):0.000000
(26,15),(22,18):0.000000
(26,15),(22,17):0.000000
(26,15),(23,17):7.750000
(26,15),(23,14):20.000000
(26,15),(12,14):9.750000
(26,15),(12,8):0.000000
(26,15),(9,8):0.000000
(26,15),(9,11):0.000000
(26,15),(7,11):0.000000
(26,15),(7,5):0.000000
(26,15),(8,5):0.000000
(26,15),(8,3):0.000000
(26,15),(11,3):0.000000
(26,15),(11,1):0.000000
(26,15),(15,1):0.000000
(26,15),(15,2):0.000000
(26,15),(29,2):0.000000
(26,15),(29,4):0.000000
(26,15),(28,4):0.000000
(26,15),(28,6):0.000000
(26,15),(20,6):0.000000
(26,15),(20,7):0.000000
(26,15),(27,7):0.000000
(26,15),(27,9):0.000000
(26,15),(25,9):0.000000
(26,15),(25,10):0.000000
(26,15),(13,10):0.000000
(26,15),(13,12):9.187500
(26,15),(21,12):1.416667
(26,15),(21,13):16.000000
(26,15),(30,13):17.750000
(26,15),(30,15):15.833333
(26,16),(24,16):9.250000
(26,16),(24,20):3.083333
(26,16),(19,20):0.000000
(26,16),(19,22):0.000000
(26,16),(16,22):0.000000
(26,16),(16,23):0.000000
(26,16),(14,23):0.000000
(26,16),(14,21):0.000000
(26,16),(10,21):0.000000
(26,16),(10,24):0.000000
(26,16),(18,24):0.000000
(26,16),(18,25):0.000000
(26,16),(17,25):0.000000
(26,16),(17,27):0.000000
(26,16),(6,27):0.000000
(26,16),(6,28):0.000000
(26,16),(5,28):0.000000
(26,16),(5,29):0.000000
(26,16),(4,29):0.000000
(26,16),(4,26):0.000000
(26,16),(2,26):0.000000
(26,16),(2,30):0.000000
(26,16),(1,30):0.000000
(26,16),(1,19):0.000000
(26,16),(3,19):0.000000
(26,16),(3,18):0.000000
(26,16),(22,18):0.000000
(26,16),(22,17):0.000000
(26,16),(23,17):7.000000
(26,16),(23,14):9.750000
(26,16),(12,14):3.750000
(26,16),(12,8):0.000000
(26,16),(9,8):0.000000
(26,16),(9,11):0.000000
(26,16),(7,11):0.000000
(26,16),(7,5):0.000000
(26,16),(8,5):0.000000
(26,16),(8,3):0.000000
(26,16),(11,3):0.000000
(26,16),(11,1):0.000000
(26,16),(15,1):0.000000
(26,16),(15,2):0.000000
(26,16),(29,2):0.000000
(26,16),(29,4):0.000000
(26,16),(28,4):0.000000
(26,16),(28,6):0.000000
(26,16),(20,6):0.000000
(26,16),(20,7):0.000000
(26,16),(27,7):0.000000
(26,16),(27,9):0.000000
(26,16),(25,9):0.000000
(26,16),(25,10):0.000000
(26,16),(13,10):0.000000
(26,16),(13,12):3.106731
(26,16),(21,12):0.000000
(26,16),(21,13):6.000000
(26,16),(30,13):8.750000
(26,16),(30,15):6.750000
(24,16),(24,20):11.583333
(24,16),(19,20):7.333333
(24,16),(19,22):0.000000
(24,16),(16,22):0.000000
(24,16),(16,23):0.000000
(24,16),(14,23):0.500000
(24,16),(14,21):4.375000
(24,16),(10,21):5.173611
(24,16),(10,24):0.000000
(24,16),(18,24):0.000000
(24,16),(18,25):0.000000
(24,16),(17,25):0.000000
(24,16),(17,27):0.000000
(24,16),(6,27):0.000000
(24,16),(6,28):0.000000
(24,16),(5,28):0.000000
(24,16),(5,29):0.000000
(24,16),(4,29):0.000000
(24,16),(4,26):0.000000
(24,16),(2,26):0.000000
(24,16),(2,30):0.000000
(24,16),(1,30):0.000000
(24,16),(1,19):3.500000
(24,16),(3,19):6.105263
(24,16),(3,18):6.000000
(24,16),(22,18):8.000000
(24,16),(22,17):5.500000
(24,16),(23,17):16.000000
(24,16),(23,14):17.250000
(24,16),(12,14):6.250000
(24,16),(12,8):0.000000
(24,16),(9,8):0.000000
(24,16),(9,11):0.000000
(24,16),(7,11):0.000000
(24,16),(7,5):0.000000
(24,16),(8,5):0.000000
(24,16),(8,3):0.000000
(24,16),(11,3):0.000000
(24,16),(11,1):0.000000
(24,16),(15,1):0.000000
(24,16),(15,2):0.000000
(24,16),(29,2):0.000000
(24,16),(29,4):0.000000
(24,16),(28,4):0.000000
(24,16),(28,6):0.000000
(24,16),(20,6):0.000000
(24,16),(20,7):0.000000
(24,16),(27,7):0.000000
(24,16),(27,9):0.000000
(24,16),(25,9):0.000000
(24,16),(25,10):0.000000
(24,16),(13,10):0.000000
(24,16),(13,12):4.135714
(24,16),(21,12):0.000000
(24,16),(21,13):9.500000
(24,16),(30,13):12.500000
(24,16),(30,15):10.250000
(24,20),(19,20):45.333332
(24,20),(19,22):28.400000
(24,20),(16,22):21.000000
(24,20),(16,23):8.000000
(24,20),(14,23):13.750000
(24,20),(14,21):42.250000
(24,20),(10,21):43.111111
(24,20),(10,24):16.000000
(24,20),(18,24):0.000000
(24,20),(18,25):0.000000
(24,20),(17,25):0.000000
(24,20),(17,27):0.000000
(24,20),(6,27):18.666666
(24,20),(6,28):8.000000
(24,20),(5,28):18.857143
(24,20),(5,29):5.166667
(24,20),(4,29):15.000000
(24,20),(4,26):20.799999
(24,20),(2,26):22.328571
(24,20),(2,30):1.000000
(24,20),(1,30):3.409091
(24,20),(1,19):23.000000
(24,20),(3,19):44.105263
(24,20),(3,18):42.000000
(24,20),(22,18):46.394737
(24,20),(22,17):6.000000
(24,20),(23,17):12.000000
(24,20),(23,14):7.083333
(24,20),(12,14):1.083333
(24,20),(12,8):0.000000
(24,20),(9,8):0.000000
(24,20),(9,11):0.000000
(24,20),(7,11):0.000000
(24,20),(7,5):0.000000
(24,20),(8,5):0.000000
(24,20),(8,3):0.000000
(24,20),(11,3):0.000000
(24,20),(11,1):0.000000
(24,20),(15,1):0.000000
(24,20),(15,2):0.000000
(24,20),(29,2):0.000000
(24,20),(29,4):0.000000
(24,20),(28,4):0.000000
(24,20),(28,6):0.000000
(24,20),(20,6):0.000000
(24,20),(20,7):0.000000
(24,20),(27,7):0.000000
(24,20),(27,9):0.000000
(24,20),(25,9):0.000000
(24,20),(25,10):0.000000
(24,20),(13,10):0.000000
(24,20),(13,12):0.835372
(24,20),(21,12):0.000000
(24,20),(21,13):1.333333
(24,20),(30,13):3.333333
(24,20),(30,15):2.083333
(19,20),(19,22):40.900002
(19,20),(16,22):33.250000
(19,20),(16,23):13.750000
(19,20),(14,23):22.750000
(19,20),(14,21):66.500000
(19,20),(10,21):65.611115
(19,20),(10,24):29.500000
(19,20),(18,24):0.000000
(19,20),(18,25):0.000000
(19,20),(17,25):0.000000
(19,20),(17,27):3.195378
(19,20),(6,27):32.500000
(19,20),(6,28):16.611111
(19,20),(5,28):31.766918
(19,20),(5,29):9.759921
(19,20),(4,29):23.375000
(19,20),(4,26):34.900002
(19,20),(2,26):36.628571
(19,20),(2,30):2.944444
(19,20),(1,30):7.680520
(19,20),(1,19):47.423077
(19,20),(3,19):68.877991
(19,20),(3,18):63.888889
(19,20),(22,18):70.978073
(19,20),(22,17):5.250000
(19,20),(23,17):7.333333
(19,20),(23,14):3.000000
(19,20),(12,14):0.000000
(19,20),(12,8):0.000000
(19,20),(9,8):0.000000
(19,20),(9,11):0.000000
(19,20),(7,11):0.000000
(19,20),(7,5):0.000000
(19,20),(8,5):0.000000
(19,20),(8,3):0.000000
(19,20),(11,3):0.000000
(19,20),(11,1):0.000000
(19,20),(15,1):0.000000
(19,20),(15,2):0.000000
(19,20),(29,2):0.000000
(19,20),(29,4):0.000000
(19,20),(28,4):0.000000
(19,20),(28,6):0.000000
(19,20),(20,6):0.000000
(19,20),(20,7):0.000000
(19,20),(27,7):0.000000
(19,20),(27,9):0.000000
(19,20),(25,9):0.000000
(19,20),(25,10):0.000000
(19,20),(13,10):0.000000
(19,20),(13,12):0.000000
(19,20),(21,12):0.000000
(19,20),(21,13):0.000000
(19,20),(30,13):0.000000
(19,20),(30,15):0.000000
(19,22),(16,22):29.000000
(19,22),(16,23):12.500000
(19,22),(14,23):17.750000
(19,22),(14,21):40.900002
(19,22),(10,21):35.900002
(19,22),(10,24):10.500000
(19,22),(18,24):0.000000
(19,22),(18,25):0.000000
(19,22),(17,25):0.000000
(19,22),(17,27):0.000000
(19,22),(6,27):13.311765
(19,22),(6,28):3.300000
(19,22),(5,28):13.514286
(19,22),(5,29):2.000000
(19,22),(4,29):12.766304
(19,22),(4,26):15.590322
(19,22),(2,26):17.243471
(19,22),(2,30):0.000000
(19,22),(1,30):0.693552
(19,22),(1,19):21.923077
(19,22),(3,19):38.172726
(19,22),(3,18):39.066666
(19,22),(22,18):37.900002
(19,22),(22,17):0.000000
(19,22),(23,17):0.000000
(19,22),(23,14):0.000000
(19,22),(12,14):0.000000
(19,22),(12,8):0.000000
(19,22),(9,8):0.000000
(19,22),(9,11):0.000000
(19,22),(7,11):0.000000
(19,22),(7,5):0.000000
(19,22),(8,5):0.000000
(19,22),(8,3):0.000000
(19,22),(11,3):0.000000
(19,22),(11,1):0.000000
(19,22),(15,1):0.000000
(19,22),(15,2):0.000000
(19,22),(29,2):0.000000
(19,22),(29,4):0.000000
(19,22),(28,4):0.000000
(19,22),(28,6):0.000000
(19,22),(20,6):0.000000
(19,22),(20,7):0.000000
(19,22),(27,7):0.000000
(19,22),(27,9):0.000000
(19,22),(25,9):0.000000
(19,22),(25,10):0.000000
(19,22),(13,10):0.000000
(19,22),(13,12):0.000000
(19,22),(21,12):0.000000
(19,22),(21,13):0.000000
(19,22),(30,13):0.000000
(19,22),(30,15):0.000000
(16,22),(16,23):14.500000
(16,22),(14,23):22.750000
(16,22),(14,21):34.000000
(16,22),(10,21):27.000000
(16,22),(10,24):1.000000
(16,22),(18,24):0.000000
(16,22),(18,25):0.000000
(16,22),(17,25):0.000000
(16,22),(17,27):0.000000
(16,22),(6,27):3.000000
(16,22),(6,28):0.000000
(16,22),(5,28):3.161654
(16,22),(5,29):0.000000
(16,22),(4,29):3.284091
(16,22),(4,26):4.900000
(16,22),(2,26):6.422222
(16,22),(2,30):0.000000
(16,22),(1,30):0.000000
(16,22),(1,19):16.673077
(16,22),(3,19):29.272728
(16,22),(3,18):30.166666
(16,22),(22,18):30.250000
(16,22),(22,17):0.000000
(16,22),(23,17):0.000000
(16,22),(23,14):0.000000
(16,22),(12,14):0.000000
(16,22),(12,8):0.000000
(16,22),(9,8):0.000000
(16,22),(9,11):0.000000
(16,22),(7,11):0.000000
(16,22),(7,5):0.000000
(16,22),(8,5):0.000000
(16,22),(8,3):0.000000
(16,22),(11,3):0.000000
(16,22),(11,1):0.000000
(16,22),(15,1):0.000000
(16,22),(15,2):0.000000
(16,22),(29,2):0.000000
(16,22),(29,4):0.000000
(16,22),(28,4):0.000000
(16,22),(28,6):0.000000
(16,22),(20,6):0.000000
(16,22),(20,7):0.000000
(16,22),(27,7):0.000000
(16,22),(27,9):0.000000
(16,22),(25,9):0.000000
(16,22),(25,10):0.000000
(16,22),(13,10):0.000000
(16,22),(13,12):0.000000
(16,22),(21,12):0.000000
(16,22),(21,13):0.000000
(16,22),(30,13):0.000000
(16,22),(30,15):0.000000
(16,23),(14,23):10.000000
(16,23),(14,21):14.500000
(16,23),(10,21):10.500000
(16,23),(10,24):0.000000
(16,23),(18,24):0.000000
(16,23),(18,25):0.000000
(16,23),(17,25):0.000000
(16,23),(17,27):0.000000
(16,23),(6,27):0.300000
(16,23),(6,28):0.000000
(16,23),(5,28):0.380952
(16,23),(5,29):0.000000
(16,23),(4,29):0.446429
(16,23),(4,26):1.536364
(16,23),(2,26):2.776923
(16,23),(2,30):0.000000
(16,23),(1,30):0.000000
(16,23),(1,19):6.307693
(16,23),(3,19):10.863636
(16,23),(3,18):11.045455
(16,23),(22,18):13.750000
(16,23),(22,17):0.000000
(16,23),(23,17):0.000000
(16,23),(23,14):0.000000
(16,23),(12,14):0.000000
(16,23),(12,8):0.000000
(16,23),(9,8):0.000000
(16,23),(9,11):0.000000
(16,23),(7,11):0.000000
(16,23),(7,5):0.000000
(16,23),(8,5):0.000000
(16,23),(8,3):0.000000
(16,23),(11,3):0.000000
(16,23),(11,1):0.000000
(16,23),(15,1):0.000000
(16,23),(15,2):0.000000
(16,23),(29,2):0.000000
(16,23),(29,4):0.000000
(16,23),(28,4):0.000000
(16,23),(28,6):0.000000
(16,23),(20,6):0.000000
(16,23),(20,7):0.000000
(16,23),(27,7):0.000000
(16,23),(27,9):0.000000
(16,23),(25,9):0.000000
(16,23),(25,10):0.000000
(16,23),(13,10):0.000000
(16,23),(13,12):0.000000
(16,23),(21,12):0.000000
(16,23),(21,13):0.000000
(16,23),(30,13):0.000000
(16,23),(30,15):0.000000
(14,23),(14,21):23.138889
(14,23),(10,21):18.107143
(14,23),(10,24):0.000000
(14,23),(18,24):0.000000
(14,23),(18,25):0.000000
(14,23),(17,25):0.000000
(14,23),(17,27):0.000000
(14,23),(6,27):0.000000
(14,23),(6,28):0.000000
(14,23),(5,28):0.000000
(14,23),(5,29):0.000000
(14,23),(4,29):0.000000
(14,23),(4,26):0.000000
(14,23),(2,26):0.200000
(14,23),(2,30):0.000000
(14,23),(1,30):0.000000
(14,23),(1,19):11.524509
(14,23),(3,19):19.153206
(14,23),(3,18):19.495098
(14,23),(22,18):22.000000
(14,23),(22,17):0.400000
(14,23),(23,17):0.500000
(14,23),(23,14):0.237500
(14,23),(12,14):0.000000
(14,23),(12,8):0.000000
(14,23),(9,8):0.000000
(14,23),(9,11):0.000000
(14,23),(7,11):0.000000
(14,23),(7,5):0.000000
(14,23),(8,5):0.000000
(14,23),(8,3):0.000000
(14,23),(11,3):0.000000
(14,23),(11,1):0.000000
(14,23),(15,1):0.000000
(14,23),(15,2):0.000000
(14,23),(29,2):0.000000
(14,23),(29,4):0.000000
(14,23),(28,4):0.000000
(14,23),(28,6):0.000000
(14,23),(20,6):0.000000
(14,23),(20,7):0.000000
(14,23),(27,7):0.000000
(14,23),(27,9):0.000000
(14,23),(25,9):0.000000
(14,23),(25,10):0.000000
(14,23),(13,10):0.000000
(14,23),(13,12):0.000000
(14,23),(21,12):0.000000
(14,23),(21,13):0.000000
(14,23),(30,13):0.000000
(14,23),(30,15):0.000000
(14,21),(10,21):60.000000
(14,21),(10,24):25.000000
(14,21),(18,24):0.000000
(14,21),(18,25):0.000000
(14,21),(17,25):0.000000
(14,21),(17,27):0.857143
(14,21),(6,27):28.000000
(14,21),(6,28):13.000000
(14,21),(5,28):27.964285
(14,21),(5,29):8.000000
(14,21),(4,29):21.375000
(14,21),(4,26):30.400000
(14,21),(2,26):32.128571
(14,21),(2,30):2.000000
(14,21),(1,30):5.784091
(14,21),(1,19):40.423077
(14,21),(3,19):61.877991
(14,21),(3,18):58.666668
(14,21),(22,18):63.394737
(14,21),(22,17):3.150000
(14,21),(23,17):4.375000
(14,21),(23,14):1.662500
(14,21),(12,14):0.000000
(14,21),(12,8):0.000000
(14,21),(9,8):0.000000
(14,21),(9,11):0.000000
(14,21),(7,11):0.000000
(14,21),(7,5):0.000000
(14,21),(8,5):0.000000
(14,21),(8,3):0.000000
(14,21),(11,3):0.000000
(14,21),(11,1):0.000000
(14,21),(15,1):0.000000
(14,21),(15,2):0.000000
(14,21),(29,2):0.000000
(14,21),(29,4):0.000000
(14,21),(28,4):0.000000
(14,21),(28,6):0.000000
(14,21),(20,6):0.000000
(14,21),(20,7):0.000000
(14,21),(27,7):0.000000
(14,21),(27,9):0.000000
(14,21),(25,9):0.000000
(14,21),(25,10):0.000000
(14,21),(13,10):0.000000
(14,21),(13,12):0.000000
(14,21),(21,12):0.000000
(14,21),(21,13):0.000000
(14,21),(30,13):0.000000
(14,21),(30,15):0.000000
(10,21),(10,24):77.625000
(10,21),(18,24):24.562500
(10,21),(18,25):14.062500
(10,21),(17,25):30.182684
(10,21),(17,27):41.010990
(10,21),(6,27):78.916664
(10,21),(6,28):37.166668
(10,21),(5,28):64.523811
(10,21),(5,29):19.809525
(10,21),(4,29):51.517857
(10,21),(4,26):83.709526
(10,21),(2,26):77.441071
(10,21),(2,30):7.312500
(10,21),(1,30):14.221591
(10,21),(1,19):91.742065
(10,21),(3,19):113.707443
(10,21),(3,18):99.362885
(10,21),(22,18):70.380852
(10,21),(22,17):3.611111
(10,21),(23,17):5.173611
(10,21),(23,14):1.875000
(10,21),(12,14):0.000000
(10,21),(12,8):0.000000
(10,21),(9,8):0.000000
(10,21),(9,11):0.000000
(10,21),(7,11):0.000000
(10,21),(7,5):0.000000
(10,21),(8,5):0.000000
(10,21),(8,3):0.000000
(10,21),(11,3):0.000000
(10,21),(11,1):0.000000
(10,21),(15,1):0.000000
(10,21),(15,2):0.000000
(10,21),(29,2):0.000000
(10,21),(29,4):0.000000
(10,21),(28,4):0.000000
(10,21),(28,6):0.000000
(10,21),(20,6):0.000000
(10,21),(20,7):0.000000
(10,21),(27,7):0.000000
(10,21),(27,9):0.000000
(10,21),(25,9):0.000000
(10,21),(25,10):0.000000
(10,21),(13,10):0.000000
(10,21),(13,12):0.000000
(10,21),(21,12):0.000000
(10,21),(21,13):0.000000
(10,21),(30,13):0.000000
(10,21),(30,15):0.000000
(10,24),(18,24):44.562500
(10,24),(18,25):22.062500
(10,24),(17,25):52.182686
(10,24),(17,27):62.010990
(10,24),(6,27):97.159088
(10,24),(6,28):36.833332
(10,24),(5,28):60.500000
(10,24),(5,29):19.291666
(10,24),(4,29):47.500000
(10,24),(4,26):99.461540
(10,24),(2,26):85.020241
(10,24),(2,30):7.125000
(10,24),(1,30):14.034091
(10,24),(1,19):77.711487
(10,24),(3,19):83.521774
(10,24),(3,18):68.392860
(10,24),(22,18):35.019737
(10,24),(22,17):0.000000
(10,24),(23,17):0.000000
(10,24),(23,14):0.000000
(10,24),(12,14):0.000000
(10,24),(12,8):0.000000
(10,24),(9,8):0.000000
(10,24),(9,11):0.000000
(10,24),(7,11):0.000000
(10,24),(7,5):0.000000
(10,24),(8,5):0.000000
(10,24),(8,3):0.000000
(10,24),(11,3):0.000000
(10,24),(11,1):0.000000
(10,24),(15,1):0.000000
(10,24),(15,2):0.000000
(10,24),(29,2):0.000000
(10,24),(29,4):0.000000
(10,24),(28,4):0.000000
(10,24),(28,6):0.000000
(10,24),(20,6):0.000000
(10,24),(20,7):0.000000
(10,24),(27,7):0.000000
(10,24),(27,9):0.000000
(10,24),(25,9):0.000000
(10,24),(25,10):0.000000
(10,24),(13,10):0.000000
(10,24),(13,12):0.000000
(10,24),(21,12):0.000000
(10,24),(21,13):0.000000
(10,24),(30,13):0.000000
(10,24),(30,15):0.000000
(18,24),(18,25):17.000000
(18,24),(17,25):44.396969
(18,24),(17,27):42.653847
(18,24),(6,27):42.159092
(18,24),(6,28):8.500000
(18,24),(5,28):12.000000
(18,24),(5,29):4.041667
(18,24),(4,29):11.000000
(18,24),(4,26):44.461540
(18,24),(2,26):32.529167
(18,24),(2,30):2.062500
(18,24),(1,30):2.562500
(18,24),(1,19):32.198444
(18,24),(3,19):30.707327
(18,24),(3,18):25.613636
(18,24),(22,18):0.000000
(18,24),(22,17):0.000000
(18,24),(23,17):0.000000
(18,24),(23,14):0.000000
(18,24),(12,14):0.000000
(18,24),(12,8):0.000000
(18,24),(9,8):0.000000
(18,24),(9,11):0.000000
(18,24),(7,11):0.000000
(18,24),(7,5):0.000000
(18,24),(8,5):0.000000
(18,24),(8,3):0.000000
(18,24),(11,3):0.000000
(18,24),(11,1):0.000000
(18,24),(15,1):0.000000
(18,24),(15,2):0.000000
(18,24),(29,2):0.000000
(18,24),(29,4):0.000000
(18,24),(28,4):0.000000
(18,24),(28,6):0.000000
(18,24),(20,6):0.000000
(18,24),(20,7):0.000000
(18,24),(27,7):0.000000
(18,24),(27,9):0.000000
(18,24),(25,9):0.000000
(18,24),(25,10):0.000000
(18,24),(13,10):0.000000
(18,24),(13,12):0.000000
(18,24),(21,12):0.000000
(18,24),(21,13):0.000000
(18,24),(30,13):0.000000
(18,24),(30,15):0.000000
(18,25),(17,25):22.062500
(18,25),(17,27):21.062500
(18,25),(6,27):21.721590
(18,25),(6,28):7.062500
(18,25),(5,28):8.461111
(18,25),(5,29):2.836051
(18,25),(4,29):6.694445
(18,25),(4,26):22.024038
(18,25),(2,26):22.029167
(18,25),(2,30):2.062500
(18,25),(1,30):3.028409
(18,25),(1,19):14.962500
(18,25),(3,19):14.762500
(18,25),(3,18):10.645833
(18,25),(22,18):0.187500
(18,25),(22,17):0.000000
(18,25),(23,17):0.000000
(18,25),(23,14):0.000000
(18,25),(12,14):0.000000
(18,25),(12,8):0.000000
(18,25),(9,8):0.000000
(18,25),(9,11):0.000000
(18,25),(7,11):0.000000
(18,25),(7,5):0.000000
(18,25),(8,5):0.000000
(18,25),(8,3):0.000000
(18,25),(11,3):0.000000
(18,25),(11,1):0.000000
(18,25),(15,1):0.000000
(18,25),(15,2):0.000000
(18,25),(29,2):0.000000
(18,25),(29,4):0.000000
(18,25),(28,4):0.000000
(18,25),(28,6):0.000000
(18,25),(20,6):0.000000
(18,25),(20,7):0.000000
(18,25),(27,7):0.000000
(18,25),(27,9):0.000000
(18,25),(25,9):0.000000
(18,25),(25,10):0.000000
(18,25),(13,10):0.000000
(18,25),(13,12):0.000000
(18,25),(21,12):0.000000
(18,25),(21,13):0.000000
(18,25),(30,13):0.000000
(18,25),(30,15):0.000000
(17,25),(17,27):50.439560
(17,25),(6,27):49.808441
(17,25),(6,28):12.506494
(17,25),(5,28):15.570367
(17,25),(5,29):5.487013
(17,25),(4,29):13.372565
(17,25),(4,26):52.110889
(17,25),(2,26):38.785713
(17,25),(2,30):3.247619
(17,25),(1,30):4.439737
(17,25),(1,19):37.913025
(17,25),(3,19):36.353226
(17,25),(3,18):29.000000
(17,25),(22,18):0.365260
(17,25),(22,17):0.000000
(17,25),(23,17):0.000000
(17,25),(23,14):0.000000
(17,25),(12,14):0.000000
(17,25),(12,8):0.000000
(17,25),(9,8):0.000000
(17,25),(9,11):0.000000
(17,25),(7,11):0.000000
(17,25),(7,5):0.000000
(17,25),(8,5):0.000000
(17,25),(8,3):0.000000
(17,25),(11,3):0.000000
(17,25),(11,1):0.000000
(17,25),(15,1):0.000000
(17,25),(15,2):0.000000
(17,25),(29,2):0.000000
(17,25),(29,4):0.000000
(17,25),(28,4):0.000000
(17,25),(28,6):0.000000
(17,25),(20,6):0.000000
(17,25),(20,7):0.000000
(17,25),(27,7):0.000000
(17,25),(27,9):0.000000
(17,25),(25,9):0.000000
(17,25),(25,10):0.000000
(17,25),(13,10):0.000000
(17,25),(13,12):0.000000
(17,25),(21,12):0.000000
(17,25),(21,13):0.000000
(17,25),(30,13):0.000000
(17,25),(30,15):0.000000
(17,27),(6,27):60.107143
(17,27),(6,28):21.428572
(17,27),(5,28):24.713636
(17,27),(5,29):9.420635
(17,27),(4,29):18.064285
(17,27),(4,26):62.010990
(17,27),(2,26):49.010990
(17,27),(2,30):5.450550
(17,27),(1,30):8.774836
(17,27),(1,19):48.896702
(17,27),(3,19):47.239559
(17,27),(3,18):35.649040
(17,27),(22,18):7.113722
(17,27),(22,17):0.000000
(17,27),(23,17):0.000000
(17,27),(23,14):0.000000
(17,27),(12,14):0.000000
(17,27),(12,8):0.000000
(17,27),(9,8):0.000000
(17,27),(9,11):0.000000
(17,27),(7,11):0.000000
(17,27),(7,5):0.000000
(17,27),(8,5):0.000000
(17,27),(8,3):0.000000
(17,27),(11,3):0.000000
(17,27),(11,1):0.000000
(17,27),(15,1):0.000000
(17,27),(15,2):0.000000
(17,27),(29,2):0.000000
(17,27),(29,4):0.000000
(17,27),(28,4):0.000000
(17,27),(28,6):0.000000
(17,27),(20,6):0.000000
(17,27),(20,7):0.000000
(17,27),(27,7):0.000000
(17,27),(27,9):0.000000
(17,27),(25,9):0.000000
(17,27),(25,10):0.000000
(17,27),(13,10):0.000000
(17,27),(13,12):0.000000
(17,27),(21,12):0.000000
(17,27),(21,13):0.000000
(17,27),(30,13):0.000000
(17,27),(30,15):0.000000
(6,27),(6,28):37.500000
(6,27),(5,28):64.500000
(6,27),(5,29):19.666666
(6,27),(4,29):51.000000
(6,27),(4,26):101.159088
(6,27),(2,26):85.587662
(6,27),(2,30):5.750000
(6,27),(1,30):12.547979
(6,27),(1,19):77.333336
(6,27),(3,19):84.987503
(6,27),(3,18):72.000000
(6,27),(22,18):38.019737
(6,27),(22,17):0.000000
(6,27),(23,17):0.000000
(6,27),(23,14):0.000000
(6,27),(12,14):0.000000
(6,27),(12,8):0.000000
(6,27),(9,8):0.000000
(6,27),(9,11):0.000000
(6,27),(7,11):0.000000
(6,27),(7,5):0.000000
(6,27),(8,5):0.000000
(6,27),(8,3):0.000000
(6,27),(11,3):0.000000
(6,27),(11,1):0.000000
(6,27),(15,1):0.000000
(6,27),(15,2):0.000000
(6,27),(29,2):0.000000
(6,27),(29,4):0.000000
(6,27),(28,4):0.000000
(6,27),(28,6):0.000000
(6,27),(20,6):0.000000
(6,27),(20,7):0.000000
(6,27),(27,7):0.000000
(6,27),(27,9):0.000000
(6,27),(25,9):0.000000
(6,27),(25,10):0.000000
(6,27),(13,10):0.000000
(6,27),(13,12):0.000000
(6,27),(21,12):0.000000
(6,27),(21,13):0.000000
(6,27),(30,13):0.000000
(6,27),(30,15):0.000000
(6,28),(5,28):33.000000
(6,28),(5,29):19.166666
(6,28),(4,29):19.500000
(6,28),(4,26):37.500000
(6,28),(2,26):33.428570
(6,28),(2,30):4.500000
(6,28),(1,30):11.009091
(6,28),(1,19):33.642857
(6,28),(3,19):37.214287
(6,28),(3,18):27.250000
(6,28),(22,18):20.994738
(6,28),(22,17):0.000000
(6,28),(23,17):0.000000
(6,28),(23,14):0.000000
(6,28),(12,14):0.000000
(6,28),(12,8):0.000000
(6,28),(9,8):0.000000
(6,28),(9,11):0.000000
(6,28),(7,11):0.000000
(6,28),(7,5):0.000000
(6,28),(8,5):0.000000
(6,28),(8,3):0.000000
(6,28),(11,3):0.000000
(6,28),(11,1):0.000000
(6,28),(15,1):0.000000
(6,28),(15,2):0.000000
(6,28),(29,2):0.000000
(6,28),(29,4):0.000000
(6,28),(28,4):0.000000
(6,28),(28,6):0.000000
(6,28),(20,6):0.000000
(6,28),(20,7):0.000000
(6,28),(27,7):0.000000
(6,28),(27,9):0.000000
(6,28),(25,9):0.000000
(6,28),(25,10):0.000000
(6,28),(13,10):0.000000
(6,28),(13,12):0.000000
(6,28),(21,12):0.000000
(6,28),(21,13):0.000000
(6,28),(30,13):0.000000
(6,28),(30,15):0.000000
(5,28),(5,29):20.166666
(5,28),(4,29):51.714287
(5,28),(4,26):65.214287
(5,28),(2,26):59.642857
(5,28),(2,30):2.000000
(5,28),(1,30):7.575758
(5,28),(1,19):54.595238
(5,28),(3,19):64.571426
(5,28),(3,18):58.651787
(5,28),(22,18):35.886799
(5,28),(22,17):0.000000
(5,28),(23,17):0.000000
(5,28),(23,14):0.000000
(5,28),(12,14):0.000000
(5,28),(12,8):0.000000
(5,28),(9,8):0.000000
(5,28),(9,11):0.000000
(5,28),(7,11):0.000000
(5,28),(7,5):0.000000
(5,28),(8,5):0.000000
(5,28),(8,3):0.000000
(5,28),(11,3):0.000000
(5,28),(11,1):0.000000
(5,28),(15,1):0.000000
(5,28),(15,2):0.000000
(5,28),(29,2):0.000000
(5,28),(29,4):0.000000
(5,28),(28,4):0.000000
(5,28),(28,6):0.000000
(5,28),(20,6):0.000000
(5,28),(20,7):0.000000
(5,28),(27,7):0.000000
(5,28),(27,9):0.000000
(5,28),(25,9):0.000000
(5,28),(25,10):0.000000
(5,28),(13,10):0.000000
(5,28),(13,12):0.000000
(5,28),(21,12):0.000000
(5,28),(21,13):0.000000
(5,28),(30,13):0.000000
(5,28),(30,15):0.000000
(5,29),(4,29):11.000000
(5,29),(4,26):20.166666
(5,29),(2,26):17.095238
(5,29),(2,30):0.166667
(5,29),(1,30):4.504329
(5,29),(1,19):16.333334
(5,29),(3,19):19.523809
(5,29),(3,18):16.937500
(5,29),(22,18):11.611074
(5,29),(22,17):0.000000
(5,29),(23,17):0.000000
(5,29),(23,14):0.000000
(5,29),(12,14):0.000000
(5,29),(12,8):0.000000
(5,29),(9,8):0.000000
(5,29),(9,11):0.000000
(5,29),(7,11):0.000000
(5,29),(7,5):0.000000
(5,29),(8,5):0.000000
(5,29),(8,3):0.000000
(5,29),(11,3):0.000000
(5,29),(11,1):0.000000
(5,29),(15,1):0.000000
(5,29),(15,2):0.000000
(5,29),(29,2):0.000000
(5,29),(29,4):0.000000
(5,29),(28,4):0.000000
(5,29),(28,6):0.000000
(5,29),(20,6):0.000000
(5,29),(20,7):0.000000
(5,29),(27,7):0.000000
(5,29),(27,9):0.000000
(5,29),(25,9):0.000000
(5,29),(25,10):0.000000
(5,29),(13,10):0.000000
(5,29),(13,12):0.000000
(5,29),(21,12):0.000000
(5,29),(21,13):0.000000
(5,29),(30,13):0.000000
(5,29),(30,15):0.000000
(4,29),(4,26):51.875000
(4,29),(2,26):46.875000
(4,29),(2,30):0.000000
(4,29),(1,30):0.000000
(4,29),(1,19):42.166668
(4,29),(3,19):51.232143
(4,29),(3,18):51.312500
(4,29),(22,18):25.875000
(4,29),(22,17):0.000000
(4,29),(23,17):0.000000
(4,29),(23,14):0.000000
(4,29),(12,14):0.000000
(4,29),(12,8):0.000000
(4,29),(9,8):0.000000
(4,29),(9,11):0.000000
(4,29),(7,11):0.000000
(4,29),(7,5):0.000000
(4,29),(8,5):0.000000
(4,29),(8,3):0.000000
(4,29),(11,3):0.000000
(4,29),(11,1):0.000000
(4,29),(15,1):0.000000
(4,29),(15,2):0.000000
(4,29),(29,2):0.000000
(4,29),(29,4):0.000000
(4,29),(28,4):0.000000
(4,29),(28,6):0.000000
(4,29),(20,6):0.000000
(4,29),(20,7):0.000000
(4,29),(27,7):0.000000
(4,29),(27,9):0.000000
(4,29),(25,9):0.000000
(4,29),(25,10):0.000000
(4,29),(13,10):0.000000
(4,29),(13,12):0.000000
(4,29),(21,12):0.000000
(4,29),(21,13):0.000000
(4,29),(30,13):0.000000
(4,29),(30,15):0.000000
(4,26),(2,26):90.290108
(4,26),(2,30):7.000000
(4,26),(1,30):13.909091
(4,26),(1,19):80.666664
(4,26),(3,19):90.057144
(4,26),(3,18):75.087502
(4,26),(22,18):40.419735
(4,26),(22,17):0.000000
(4,26),(23,17):0.000000
(4,26),(23,14):0.000000
(4,26),(12,14):0.000000
(4,26),(12,8):0.000000
(4,26),(9,8):0.000000
(4,26),(9,11):0.000000
(4,26),(7,11):0.000000
(4,26),(7,5):0.000000
(4,26),(8,5):0.000000
(4,26),(8,3):0.000000
(4,26),(11,3):0.000000
(4,26),(11,1):0.000000
(4,26),(15,1):0.000000
(4,26),(15,2):0.000000
(4,26),(29,2):0.000000
(4,26),(29,4):0.000000
(4,26),(28,4):0.000000
(4,26),(28,6):0.000000
(4,26),(20,6):0.000000
(4,26),(20,7):0.000000
(4,26),(27,7):0.000000
(4,26),(27,9):0.000000
(4,26),(25,9):0.000000
(4,26),(25,10):0.000000
(4,26),(13,10):0.000000
(4,26),(13,12):0.000000
(4,26),(21,12):0.000000
(4,26),(21,13):0.000000
(4,26),(30,13):0.000000
(4,26),(30,15):0.000000
(2,26),(2,30):11.000000
(2,26),(1,30):17.909090
(2,26),(1,19):73.800003
(2,26),(3,19):82.785713
(2,26),(3,18):65.461906
(2,26),(22,18):42.148308
(2,26),(22,17):0.000000
(2,26),(23,17):0.000000
(2,26),(23,14):0.000000
(2,26),(12,14):0.000000
(2,26),(12,8):0.000000
(2,26),(9,8):0.000000
(2,26),(9,11):0.000000
(2,26),(7,11):0.000000
(2,26),(7,5):0.000000
(2,26),(8,5):0.000000
(2,26),(8,3):0.000000
(2,26),(11,3):0.000000
(2,26),(11,1):0.000000
(2,26),(15,1):0.000000
(2,26),(15,2):0.000000
(2,26),(29,2):0.000000
(2,26),(29,4):0.000000
(2,26),(28,4):0.000000
(2,26),(28,6):0.000000
(2,26),(20,6):0.000000
(2,26),(20,7):0.000000
(2,26),(27,7):0.000000
(2,26),(27,9):0.000000
(2,26),(25,9):0.000000
(2,26),(25,10):0.000000
(2,26),(13,10):0.000000
(2,26),(13,12):0.000000
(2,26),(21,12):0.000000
(2,26),(21,13):0.000000
(2,26),(30,13):0.000000
(2,26),(30,15):0.000000
(2,30),(1,30):11.000000
(2,30),(1,19):11.000000
(2,30),(3,19):9.857142
(2,30),(3,18):0.000000
(2,30),(22,18):4.046052
(2,30),(22,17):0.000000
(2,30),(23,17):0.000000
(2,30),(23,14):0.000000
(2,30),(12,14):0.000000
(2,30),(12,8):0.000000
(2,30),(9,8):0.000000
(2,30),(9,11):0.000000
(2,30),(7,11):0.000000
(2,30),(7,5):0.000000
(2,30),(8,5):0.000000
(2,30),(8,3):0.000000
(2,30),(11,3):0.000000
(2,30),(11,1):0.000000
(2,30),(15,1):0.000000
(2,30),(15,2):0.000000
(2,30),(29,2):0.000000
(2,30),(29,4):0.000000
(2,30),(28,4):0.000000
(2,30),(28,6):0.000000
(2,30),(20,6):0.000000
(2,30),(20,7):0.000000
(2,30),(27,7):0.000000
(2,30),(27,9):0.000000
(2,30),(25,9):0.000000
(2,30),(25,10):0.000000
(2,30),(13,10):0.000000
(2,30),(13,12):0.000000
(2,30),(21,12):0.000000
(2,30),(21,13):0.000000
(2,30),(30,13):0.000000
(2,30),(30,15):0.000000
(1,30),(1,19):17.125000
(1,30),(3,19):16.766233
(1,30),(3,18):1.909091
(1,30),(22,18):9.728827
(1,30),(22,17):0.000000
(1,30),(23,17):0.000000
(1,30),(23,14):0.000000
(1,30),(12,14):0.000000
(1,30),(12,8):0.000000
(1,30),(9,8):0.000000
(1,30),(9,11):0.000000
(1,30),(7,11):0.000000
(1,30),(7,5):0.000000
(1,30),(8,5):0.000000
(1,30),(8,3):0.000000
(1,30),(11,3):0.000000
(1,30),(11,1):0.000000
(1,30),(15,1):0.000000
(1,30),(15,2):0.000000
(1,30),(29,2):0.000000
(1,30),(29,4):0.000000
(1,30),(28,4):0.000000
(1,30),(28,6):0.000000
(1,30),(20,6):0.000000
(1,30),(20,7):0.000000
(1,30),(27,7):0.000000
(1,30),(27,9):0.000000
(1,30),(25,9):0.000000
(1,30),(25,10):0.000000
(1,30),(13,10):0.000000
(1,30),(13,12):0.000000
(1,30),(21,12):0.000000
(1,30),(21,13):0.000000
(1,30),(30,13):0.000000
(1,30),(30,15):0.000000
(1,19),(3,19):104.246887
(1,19),(3,18):86.339745
(1,19),(22,18):51.035362
(1,19),(22,17):2.000000
(1,19),(23,17):3.500000
(1,19),(23,14):1.000000
(1,19),(12,14):0.000000
(1,19),(12,8):0.000000
(1,19),(9,8):0.000000
(1,19),(9,11):0.000000
(1,19),(7,11):0.000000
(1,19),(7,5):0.000000
(1,19),(8,5):0.000000
(1,19),(8,3):0.000000
(1,19),(11,3):0.000000
(1,19),(11,1):0.000000
(1,19),(15,1):0.000000
(1,19),(15,2):0.000000
(1,19),(29,2):0.000000
(1,19),(29,4):0.000000
(1,19),(28,4):0.000000
(1,19),(28,6):0.000000
(1,19),(20,6):0.000000
(1,19),(20,7):0.000000
(1,19),(27,7):0.000000
(1,19),(27,9):0.000000
(1,19),(25,9):0.000000
(1,19),(25,10):0.000000
(1,19),(13,10):0.000000
(1,19),(13,12):0.000000
(1,19),(21,12):0.000000
(1,19),(21,13):0.000000
(1,19),(30,13):0.000000
(1,19),(30,15):0.000000
(3,19),(3,18):108.879868
(3,19),(22,18):72.250000
(3,19),(22,17):4.105263
(3,19),(23,17):6.105263
(3,19),(23,14):2.078947
(3,19),(12,14):0.000000
(3,19),(12,8):0.000000
(3,19),(9,8):0.000000
(3,19),(9,11):0.000000
(3,19),(7,11):0.000000
(3,19),(7,5):0.000000
(3,19),(8,5):0.000000
(3,19),(8,3):0.000000
(3,19),(11,3):0.000000
(3,19),(11,1):0.000000
(3,19),(15,1):0.000000
(3,19),(15,2):0.000000
(3,19),(29,2):0.000000
(3,19),(29,4):0.000000
(3,19),(28,4):0.000000
(3,19),(28,6):0.000000
(3,19),(20,6):0.000000
(3,19),(20,7):0.000000
(3,19),(27,7):0.000000
(3,19),(27,9):0.000000
(3,19),(25,9):0.000000
(3,19),(25,10):0.000000
(3,19),(13,10):0.000000
(3,19),(13,12):0.000000
(3,19),(21,12):0.000000
(3,19),(21,13):0.000000
(3,19),(30,13):0.000000
(3,19),(30,15):0.000000
(3,18),(22,18):64.560486
(3,18),(22,17):4.000000
(3,18),(23,17):6.000000
(3,18),(23,14):2.000000
(3,18),(12,14):0.000000
(3,18),(12,8):0.000000
(3,18),(9,8):0.000000
(3,18),(9,11):0.000000
(3,18),(7,11):0.000000
(3,18),(7,5):0.000000
(3,18),(8,5):0.000000
(3,18),(8,3):0.000000
(3,18),(11,3):0.000000
(3,18),(11,1):0.000000
(3,18),(15,1):0.000000
(3,18),(15,2):0.000000
(3,18),(29,2):0.000000
(3,18),(29,4):0.000000
(3,18),(28,4):0.000000
(3,18),(28,6):0.000000
(3,18),(20,6):0.000000
(3,18),(20,7):0.000000
(3,18),(27,7):0.000000
(3,18),(27,9):0.000000
(3,18),(25,9):0.000000
(3,18),(25,10):0.000000
(3,18),(13,10):0.000000
(3,18),(13,12):0.000000
(3,18),(21,12):0.000000
(3,18),(21,13):0.000000
(3,18),(30,13):0.000000
(3,18),(30,15):0.000000
(22,18),(22,17):6.000000
(22,18),(23,17):8.500000
(22,18),(23,14):3.500000
(22,18),(12,14):0.000000
(22,18),(12,8):0.000000
(22,18),(9,8):0.000000
(22,18),(9,11):0.000000
(22,18),(7,11):0.000000
(22,18),(7,5):0.000000
(22,18),(8,5):0.000000
(22,18),(8,3):0.000000
(22,18),(11,3):0.000000
(22,18),(11,1):0.000000
(22,18),(15,1):0.000000
(22,18),(15,2):0.000000
(22,18),(29,2):0.000000
(22,18),(29,4):0.000000
(22,18),(28,4):0.000000
(22,18),(28,6):0.000000
(22,18),(20,6):0.000000
(22,18),(20,7):0.000000
(22,18),(27,7):0.000000
(22,18),(27,9):0.000000
(22,18),(25,9):0.000000
(22,18),(25,10):0.000000
(22,18),(13,10):0.000000
(22,18),(13,12):0.000000
(22,18),(21,12):0.000000
(22,18),(21,13):0.000000
(22,18),(30,13):0.000000
(22,18),(30,15):0.000000
(22,17),(23,17):6.000000
(22,17),(23,14):3.000000
(22,17),(12,14):0.000000
(22,17),(12,8):0.000000
(22,17),(9,8):0.000000
(22,17),(9,11):0.000000
(22,17),(7,11):0.000000
(22,17),(7,5):0.000000
(22,17),(8,5):0.000000
(22,17),(8,3):0.000000
(22,17),(11,3):0.000000
(22,17),(11,1):0.000000
(22,17),(15,1):0.000000
(22,17),(15,2):0.000000
(22,17),(29,2):0.000000
(22,17),(29,4):0.000000
(22,17),(28,4):0.000000
(22,17),(28,6):0.000000
(22,17),(20,6):0.000000
(22,17),(20,7):0.000000
(22,17),(27,7):0.000000
(22,17),(27,9):0.000000
(22,17),(25,9):0.000000
(22,17),(25,10):0.000000
(22,17),(13,10):0.000000
(22,17),(13,12):0.000000
(22,17),(21,12):0.000000
(22,17),(21,13):0.000000
(22,17),(30,13):0.000000
(22,17),(30,15):0.000000
(23,17),(23,14):11.500000
(23,17),(12,14):3.500000
(23,17),(12,8):0.000000
(23,17),(9,8):0.000000
(23,17),(9,11):0.000000
(23,17),(7,11):0.000000
(23,17),(7,5):0.000000
(23,17),(8,5):0.000000
(23,17),(8,3):0.000000
(23,17),(11,3):0.000000
(23,17),(11,1):0.000000
(23,17),(15,1):0.000000
(23,17),(15,2):0.000000
(23,17),(29,2):0.000000
(23,17),(29,4):0.000000
(23,17),(28,4):0.000000
(23,17),(28,6):0.000000
(23,17),(20,6):0.000000
(23,17),(20,7):0.000000
(23,17),(27,7):0.000000
(23,17),(27,9):0.000000
(23,17),(25,9):0.000000
(23,17),(25,10):0.000000
(23,17),(13,10):0.000000
(23,17),(13,12):2.500000
(23,17),(21,12):0.000000
(23,17),(21,13):5.000000
(23,17),(30,13):7.750000
(23,17),(30,15):6.000000
(23,14),(12,14):26.100000
(23,14),(12,8):2.600000
(23,14),(9,8):0.000000
(23,14),(9,11):0.000000
(23,14),(7,11):0.000000
(23,14),(7,5):0.000000
(23,14),(8,5):0.000000
(23,14),(8,3):0.000000
(23,14),(11,3):0.448611
(23,14),(11,1):0.953973
(23,14),(15,1):0.747754
(23,14),(15,2):0.576190
(23,14),(29,2):0.000000
(23,14),(29,4):0.000000
(23,14),(28,4):0.000000
(23,14),(28,6):0.000000
(23,14),(20,6):0.000000
(23,14),(20,7):0.000000
(23,14),(27,7):0.000000
(23,14),(27,9):0.000000
(23,14),(25,9):0.000000
(23,14),(25,10):0.000000
(23,14),(13,10):2.100000
(23,14),(13,12):25.537500
(23,14),(21,12):17.000000
(23,14),(21,13):32.312500
(23,14),(30,13):27.250000
(23,14),(30,15):23.195377
(12,14),(12,8):23.500000
(12,14),(9,8):16.500000
(12,14),(9,11):0.000000
(12,14),(7,11):2.083333
(12,14),(7,5):6.211957
(12,14),(8,5):15.877193
(12,14),(8,3):11.696428
(12,14),(11,3):19.844444
(12,14),(11,1):20.792208
(12,14),(15,1):21.222221
(12,14),(15,2):21.000000
(12,14),(29,2):15.222222
(12,14),(29,4):6.142857
(12,14),(28,4):13.892307
(12,14),(28,6):11.384615
(12,14),(20,6):18.660715
(12,14),(20,7):18.714285
(12,14),(27,7):4.232143
(12,14),(27,9):6.934524
(12,14),(25,9):9.864394
(12,14),(25,10):13.134783
(12,14),(13,10):23.000000
(12,14),(13,12):33.000000
(12,14),(21,12):18.000000
(12,14),(21,13):27.062500
(12,14),(30,13):18.000000
(12,14),(30,15):16.195377
(12,8),(9,8):108.074997
(12,8),(9,11):8.000000
(12,8),(7,11):19.000000
(12,8),(7,5):68.897438
(12,8),(8,5):127.125000
(12,8),(8,3):102.275002
(12,8),(11,3):127.830559
(12,8),(11,1):86.979706
(12,8),(15,1):51.686508
(12,8),(15,2):123.035713
(12,8),(29,2):95.775795
(12,8),(29,4):40.017857
(12,8),(28,4):91.080772
(12,8),(28,6):72.375000
(12,8),(20,6):117.535713
(12,8),(20,7):110.714287
(12,8),(27,7):47.607143
(12,8),(27,9):56.738094
(12,8),(25,9):77.080132
(12,8),(25,10):80.376923
(12,8),(13,10):112.083336
(12,8),(13,12):18.625000
(12,8),(21,12):2.500000
(12,8),(21,13):2.562500
(12,8),(30,13):1.375000
(12,8),(30,15):0.630563
(9,8),(9,11):14.000000
(9,8),(7,11):25.000000
(9,8),(7,5):51.000000
(9,8),(8,5):110.076553
(9,8),(8,3):83.576553
(9,8),(11,3):108.268219
(9,8),(11,1):63.581577
(9,8),(15,1):44.997620
(9,8),(15,2):104.437271
(9,8),(29,2):95.573311
(9,8),(29,4):39.570412
(9,8),(28,4):93.211739
(9,8),(28,6):73.757164
(9,8),(20,6):102.995453
(9,8),(20,7):81.881821
(9,8),(27,7):20.111111
(9,8),(27,9):41.738094
(9,8),(25,9):49.038460
(9,8),(25,10):54.060795
(9,8),(13,10):79.449997
(9,8),(13,12):11.325000
(9,8),(21,12):0.000000
(9,8),(21,13):0.000000
(9,8),(30,13):0.000000
(9,8),(30,15):0.000000
(9,11),(7,11):13.666667
(9,11),(7,5):12.000000
(9,11),(8,5):14.000000
(9,11),(8,3):8.000000
(9,11),(11,3):11.866667
(9,11),(11,1):0.000000
(9,11),(15,1):8.797619
(9,11),(15,2):9.160714
(9,11),(29,2):8.389683
(9,11),(29,4):1.000000
(9,11),(28,4):8.396052
(9,11),(28,6):4.000000
(9,11),(20,6):8.363636
(9,11),(20,7):8.181818
(9,11),(27,7):2.111111
(9,11),(27,9):6.752381
(9,11),(25,9):7.384615
(9,11),(25,10):6.769231
(9,11),(13,10):0.000000
(9,11),(13,12):0.000000
(9,11),(21,12):0.000000
(9,11),(21,13):0.000000
(9,11),(30,13):0.000000
(9,11),(30,15):0.000000
(7,11),(7,5):15.000000
(7,11),(8,5):23.066668
(7,11),(8,3):16.000000
(7,11),(11,3):22.866667
(7,11),(11,1):4.333333
(7,11),(15,1):19.108225
(7,11),(15,2):19.858177
(7,11),(29,2):17.745861
(7,11),(29,4):5.722464
(7,11),(28,4):18.408649
(7,11),(28,6):13.206028
(7,11),(20,6):19.363636
(7,11),(20,7):19.181818
(7,11),(27,7):2.444444
(7,11),(27,9):11.382992
(7,11),(25,9):14.508080
(7,11),(25,10):15.746955
(7,11),(13,10):6.440476
(7,11),(13,12):4.034091
(7,11),(21,12):0.000000
(7,11),(21,13):0.000000
(7,11),(30,13):0.000000
(7,11),(30,15):0.000000
(7,5),(8,5):80.583336
(7,5),(8,3):70.666664
(7,5),(11,3):72.977776
(7,5),(11,1):54.291668
(7,5),(15,1):28.747620
(7,5),(15,2):65.952377
(7,5),(29,2):43.842400
(7,5),(29,4):0.000000
(7,5),(28,4):39.396053
(7,5),(28,6):21.000000
(7,5),(20,6):60.030304
(7,5),(20,7):67.079254
(7,5),(27,7):40.508549
(7,5),(27,9):48.564102
(7,5),(25,9):60.935898
(7,5),(25,10):59.487179
(7,5),(13,10):54.855770
(7,5),(13,12):4.425000
(7,5),(21,12):0.000000
(7,5),(21,13):0.000000
(7,5),(30,13):0.000000
(7,5),(30,15):0.000000
(8,5),(8,3):112.308334
(8,5),(11,3):133.619446
(8,5),(11,1):85.958336
(8,5),(15,1):46.130951
(8,5),(15,2):125.469048
(8,5),(29,2):101.712875
(8,5),(29,4):38.592648
(8,5),(28,4):98.011681
(8,5),(28,6):77.907898
(8,5),(20,6):119.958336
(8,5),(20,7):100.931816
(8,5),(27,7):40.861111
(8,5),(27,9):51.988094
(8,5),(25,9):70.288460
(8,5),(25,10):74.853241
(8,5),(13,10):98.333336
(8,5),(13,12):9.833333
(8,5),(21,12):0.000000
(8,5),(21,13):0.000000
(8,5),(30,13):0.000000
(8,5),(30,15):0.000000
(8,3),(11,3):110.094444
(8,3),(11,1):80.025002
(8,3),(15,1):37.733334
(8,3),(15,2):103.275002
(8,3),(29,2):81.408195
(8,3),(29,4):21.000000
(8,3),(28,4):77.105263
(8,3),(28,6):60.000000
(8,3),(20,6):99.365906
(8,3),(20,7):85.445457
(8,3),(27,7):36.927776
(8,3),(27,9):45.638096
(8,3),(25,9):64.784615
(8,3),(25,10):70.669228
(8,3),(13,10):79.491669
(8,3),(13,12):8.750000
(8,3),(21,12):0.000000
(8,3),(21,13):0.000000
(8,3),(30,13):0.000000
(8,3),(30,15):0.000000
(11,3),(11,1):92.388634
(11,3),(15,1):51.776318
(11,3),(15,2):131.041672
(11,3),(29,2):103.016670
(11,3),(29,4):40.142857
(11,3),(28,4):99.318489
(11,3),(28,6):80.041664
(11,3),(20,6):124.972610
(11,3),(20,7):100.463982
(11,3),(27,7):37.709637
(11,3),(27,9):46.804764
(11,3),(25,9):66.764328
(11,3),(25,10):74.088036
(11,3),(13,10):99.194443
(11,3),(13,12):14.969444
(11,3),(21,12):0.444444
(11,3),(21,13):0.447009
(11,3),(30,13):0.233333
(11,3),(30,15):0.122222
(11,1),(15,1):34.413044
(11,1),(15,2):89.738640
(11,1),(29,2):62.281925
(11,1),(29,4):17.142857
(11,1),(28,4):58.105770
(11,1),(28,6):49.250000
(11,1),(20,6):84.099060
(11,1),(20,7):76.942307
(11,1),(27,7):31.467327
(11,1),(27,9):31.466667
(11,1),(25,9):47.646832
(11,1),(25,10):55.687363
(11,1),(13,10):82.656830
(11,1),(13,12):15.792208
(11,1),(21,12):0.935065
(11,1),(21,13):0.946753
(11,1),(30,13):0.487013
(11,1),(30,15):0.259899
(15,1),(15,2):53.464287
(15,1),(29,2):42.730953
(15,1),(29,4):10.142858
(15,1),(28,4):39.991108
(15,1),(28,6):25.839285
(15,1),(20,6):49.488636
(15,1),(20,7):49.360390
(15,1),(27,7):14.218254
(15,1),(27,9):28.332251
(15,1),(25,9):35.655525
(15,1),(25,10):40.341209
(15,1),(13,10):37.022221
(15,1),(13,12):16.333334
(15,1),(21,12):0.666667
(15,1),(21,13):0.717155
(15,1),(30,13):0.222222
(15,1),(30,15):0.303820
(15,2),(29,2):102.482933
(15,2),(29,4):39.017857
(15,2),(28,4):98.312538
(15,2),(28,6):79.035713
(15,2),(20,6):124.560066
(15,2),(20,7):95.056816
(15,2),(27,7):33.718254
(15,2),(27,9):44.494049
(15,2),(25,9):61.317764
(15,2),(25,10):68.537636
(15,2),(13,10):95.500000
(15,2),(13,12):16.117647
(15,2),(21,12):0.500000
(15,2),(21,13):0.547348
(15,2),(30,13):0.125000
(15,2),(30,15):0.269079
(29,2),(29,4):38.750000
(29,2),(28,4):97.099625
(29,2),(28,6):76.678574
(29,2),(20,6):103.139427
(29,2),(20,7):70.082611
(29,2),(27,7):12.458333
(29,2),(27,9):33.226448
(29,2),(25,9):40.555752
(29,2),(25,10):47.623108
(29,2),(13,10):67.411415
(29,2),(13,12):11.456621
(29,2),(21,12):0.000000
(29,2),(21,13):0.000000
(29,2),(30,13):0.000000
(29,2),(30,15):0.000000
(29,4),(28,4):40.142857
(29,4),(28,6):38.142857
(29,4),(20,6):40.017857
(29,4),(20,7):22.142857
(29,4),(27,7):0.000000
(29,4),(27,9):0.321429
(29,4),(25,9):3.250000
(29,4),(25,10):7.800000
(29,4),(13,10):30.892857
(29,4),(13,12):4.982143
(29,4),(21,12):0.000000
(29,4),(21,13):0.000000
(29,4),(30,13):0.000000
(29,4),(30,15):0.000000
(28,4),(28,6):79.205772
(28,4),(20,6):99.444405
(28,4),(20,7):65.387589
(28,4),(27,7):7.111111
(28,4),(27,9):27.646429
(28,4),(25,9):34.782692
(28,4),(25,10):41.940159
(28,4),(13,10):62.480770
(28,4),(13,12):10.923077
(28,4),(21,12):0.000000
(28,4),(21,13):0.000000
(28,4),(30,13):0.000000
(28,4),(30,15):0.000000
(28,6),(20,6):80.375000
(28,6),(20,7):48.375000
(28,6),(27,7):0.000000
(28,6),(27,9):11.321428
(28,6),(25,9):18.250000
(28,6),(25,10):26.133333
(28,6),(13,10):54.625000
(28,6),(13,12):9.384615
(28,6),(21,12):0.000000
(28,6),(21,13):0.000000
(28,6),(30,13):0.000000
(28,6),(30,15):0.000000
(20,6),(20,7):91.771103
(20,6),(27,7):29.218254
(20,6),(27,9):42.738094
(20,6),(25,9):58.080128
(20,6),(25,10):65.376923
(20,6),(13,10):88.910713
(20,6),(13,12):14.410714
(20,6),(21,12):0.000000
(20,6),(21,13):0.000000
(20,6),(30,13):0.000000
(20,6),(30,15):0.000000
(20,7),(27,7):47.718254
(20,7),(27,9):56.738094
(20,7),(25,9):77.080132
(20,7),(25,10):80.376923
(20,7),(13,10):93.797623
(20,7),(13,12):14.339286
(20,7),(21,12):0.000000
(20,7),(21,13):0.000000
(20,7),(30,13):0.000000
(20,7),(30,15):0.000000
(27,7),(27,9):34.166668
(27,7),(25,9):46.580128
(27,7),(25,10):41.576923
(27,7),(13,10):42.690475
(27,7),(13,12):3.232143
(27,7),(21,12):0.000000
(27,7),(21,13):0.000000
(27,7),(30,13):0.000000
(27,7),(30,15):0.000000
(27,9),(25,9):56.609890
(27,9),(25,10):51.648350
(27,9),(13,10):42.125000
(27,9),(13,12):5.596154
(27,9),(21,12):0.000000
(27,9),(21,13):0.000000
(27,9),(30,13):0.000000
(27,9),(30,15):0.000000
(25,9),(25,10):72.076920
(25,9),(13,10):61.125000
(25,9),(13,12):8.491667
(25,9),(21,12):0.000000
(25,9),(21,13):0.000000
(25,9),(30,13):0.000000
(25,9),(30,15):0.000000
(25,10),(13,10):65.550003
(25,10),(13,12):11.725000
(25,10),(21,12):0.000000
(25,10),(21,13):0.000000
(25,10),(30,13):0.000000
(25,10),(30,15):0.000000
(13,10),(13,12):18.125000
(13,10),(21,12):2.000000
(13,10),(21,13):2.062500
(13,10),(30,13):1.000000
(13,10),(30,15):0.588235
(13,12),(21,12):18.000000
(13,12),(21,13):26.500000
(13,12),(30,13):17.437500
(13,12),(30,15):15.632878
(21,12),(21,13):18.000000
(21,12),(30,13):9.000000
(21,12),(30,15):7.392857
(21,13),(30,13):24.125000
(21,13),(30,15):22.169643
(30,13),(30,15):17.500000
