46
(21,8):(18,14)	(18,15)	(19,12)	(19,13)	(19,14)	(19,15)	(20,2)	(20,10)	(20,11)	(20,12)	(20,13)	(20,14)	(20,15)	(21,3)	(21,4)	(21,5)	(21,6)	(21,7)	(21,8)	(21,16)	(22,2)	(22,6)	(22,7)	(23,6)	(23,8)	
(21,16):(4,15)	(5,16)	(16,14)	(16,15)	(17,5)	(17,14)	(17,15)	(18,7)	(18,8)	(18,9)	(18,10)	(18,11)	(18,12)	(18,13)	(18,14)	(18,15)	(19,10)	(19,11)	(19,12)	(19,13)	(19,14)	(19,15)	(20,2)	(20,10)	(20,11)	(20,12)	(20,13)	(20,14)	(20,15)	(21,3)	(21,4)	(21,5)	(21,6)	(21,7)	(21,8)	(21,16)	
(5,16):(3,20)	(4,15)	(4,18)	(4,19)	(4,20)	(5,16)	(5,17)	(5,18)	(5,19)	(5,20)	(16,15)	(17,15)	(18,15)	(19,15)	(20,15)	(21,16)	
(5,17):(1,21)	(2,20)	(3,19)	(3,20)	(4,15)	(4,18)	(4,19)	(4,20)	(5,16)	(5,17)	(5,18)	(5,19)	(5,20)	(6,18)	(6,19)	(6,20)	(7,18)	(7,19)	(7,20)	(8,18)	(8,19)	(8,20)	(9,18)	(9,19)	(9,20)	(9,21)	(10,18)	(10,19)	(10,20)	(10,21)	(11,18)	(11,19)	(11,20)	(11,21)	(12,18)	(12,19)	(12,20)	(12,21)	(12,22)	(13,17)	
(13,17):(1,21)	(2,20)	(3,19)	(3,20)	(4,18)	(4,19)	(4,20)	(5,17)	(5,18)	(5,19)	(5,20)	(6,18)	(6,19)	(6,20)	(7,18)	(7,19)	(7,20)	(8,18)	(8,19)	(8,20)	(9,18)	(9,19)	(9,20)	(9,21)	(9,22)	(10,18)	(10,19)	(10,20)	(10,21)	(11,18)	(11,19)	(11,20)	(11,21)	(12,18)	(12,19)	(12,20)	(12,21)	(12,22)	(12,23)	(13,17)	(13,23)	
(13,23):(8,18)	(9,18)	(9,19)	(10,18)	(10,19)	(10,20)	(11,18)	(11,19)	(11,20)	(11,21)	(12,18)	(12,19)	(12,20)	(12,21)	(12,22)	(12,23)	(13,17)	(13,23)	
(12,23):(12,18)	(12,19)	(12,20)	(12,21)	(12,22)	(12,23)	(13,17)	(13,23)	
(12,22):(3,18)	(3,19)	(4,18)	(4,19)	(5,17)	(5,18)	(5,19)	(6,18)	(6,19)	(6,20)	(7,18)	(7,19)	(7,20)	(8,18)	(8,19)	(8,20)	(9,18)	(9,19)	(9,20)	(9,21)	(9,22)	(10,18)	(10,19)	(10,20)	(10,21)	(11,18)	(11,19)	(11,20)	(11,21)	(12,18)	(12,19)	(12,20)	(12,21)	(12,22)	(12,23)	(13,17)	(13,23)	
(9,22):(9,18)	(9,19)	(9,20)	(9,21)	(9,22)	(10,18)	(10,19)	(10,20)	(10,21)	(11,18)	(11,19)	(11,20)	(11,21)	(12,18)	(12,19)	(12,20)	(12,21)	(12,22)	(13,17)	
(9,21):(1,20)	(1,21)	(2,19)	(2,20)	(3,18)	(3,19)	(3,20)	(4,18)	(4,19)	(4,20)	(5,17)	(5,18)	(5,19)	(5,20)	(6,18)	(6,19)	(6,20)	(7,18)	(7,19)	(7,20)	(8,18)	(8,19)	(8,20)	(9,18)	(9,19)	(9,20)	(9,21)	(9,22)	(10,18)	(10,19)	(10,20)	(10,21)	(11,18)	(11,19)	(11,20)	(11,21)	(12,18)	(12,19)	(12,20)	(12,21)	(12,22)	(13,17)	
(1,21):(1,20)	(1,21)	(2,20)	(3,19)	(3,20)	(4,18)	(4,19)	(4,20)	(5,17)	(5,18)	(5,19)	(5,20)	(6,18)	(6,19)	(6,20)	(7,18)	(7,19)	(7,20)	(8,18)	(8,19)	(8,20)	(9,18)	(9,19)	(9,20)	(9,21)	(10,18)	(10,19)	(10,20)	(10,21)	(11,18)	(11,19)	(11,20)	(11,21)	(12,18)	(12,19)	(12,20)	(12,21)	(13,17)	
(1,20):(1,20)	(1,21)	(2,20)	(3,20)	(4,20)	(5,20)	(6,20)	(7,20)	(8,20)	(9,20)	(9,21)	(10,20)	(10,21)	(11,20)	(11,21)	(12,20)	(12,21)	
(2,20):(1,20)	(1,21)	(2,19)	(2,20)	(3,19)	(3,20)	(4,18)	(4,19)	(4,20)	(5,17)	(5,18)	(5,19)	(5,20)	(6,18)	(6,19)	(6,20)	(7,18)	(7,19)	(7,20)	(8,18)	(8,19)	(8,20)	(9,18)	(9,19)	(9,20)	(9,21)	(10,18)	(10,19)	(10,20)	(10,21)	(11,18)	(11,19)	(11,20)	(11,21)	(12,18)	(12,19)	(12,20)	(12,21)	(13,17)	
(2,19):(2,19)	(2,20)	(3,19)	(3,20)	(4,19)	(4,20)	(5,19)	(5,20)	(6,19)	(6,20)	(7,19)	(7,20)	(8,19)	(8,20)	(9,19)	(9,20)	(9,21)	(10,19)	(10,20)	(10,21)	(11,19)	(11,20)	(11,21)	(12,19)	(12,20)	(12,21)	
(3,19):(1,21)	(2,19)	(2,20)	(3,18)	(3,19)	(3,20)	(4,18)	(4,19)	(4,20)	(5,17)	(5,18)	(5,19)	(5,20)	(6,18)	(6,19)	(6,20)	(7,18)	(7,19)	(7,20)	(8,18)	(8,19)	(8,20)	(9,18)	(9,19)	(9,20)	(9,21)	(10,18)	(10,19)	(10,20)	(10,21)	(11,18)	(11,19)	(11,20)	(11,21)	(12,18)	(12,19)	(12,20)	(12,21)	(12,22)	(13,17)	
(3,18):(3,18)	(3,19)	(3,20)	(4,18)	(4,19)	(4,20)	(5,18)	(5,19)	(5,20)	(6,18)	(6,19)	(6,20)	(7,18)	(7,19)	(7,20)	(8,18)	(8,19)	(8,20)	(9,18)	(9,19)	(9,20)	(9,21)	(10,18)	(10,19)	(10,20)	(10,21)	(11,18)	(11,19)	(11,20)	(11,21)	(12,18)	(12,19)	(12,20)	(12,21)	(12,22)	
(4,18):(1,21)	(2,20)	(3,18)	(3,19)	(3,20)	(4,15)	(4,18)	(4,19)	(4,20)	(5,16)	(5,17)	(5,18)	(5,19)	(5,20)	(6,18)	(6,19)	(6,20)	(7,18)	(7,19)	(7,20)	(8,18)	(8,19)	(8,20)	(9,18)	(9,19)	(9,20)	(9,21)	(10,18)	(10,19)	(10,20)	(10,21)	(11,18)	(11,19)	(11,20)	(11,21)	(12,18)	(12,19)	(12,20)	(12,21)	(12,22)	(13,17)	
(4,15):(4,15)	(4,18)	(4,19)	(4,20)	(5,16)	(5,17)	(5,18)	(5,19)	(5,20)	(6,19)	(6,20)	(16,15)	(17,15)	(18,15)	(19,15)	(20,15)	(21,16)	
(16,15):(4,15)	(5,16)	(16,14)	(16,15)	(17,14)	(17,15)	(18,13)	(18,14)	(18,15)	(19,12)	(19,13)	(19,14)	(19,15)	(20,11)	(20,12)	(20,13)	(20,14)	(20,15)	(21,16)	
(16,14):(16,14)	(16,15)	(17,14)	(17,15)	(18,14)	(18,15)	(19,14)	(19,15)	(20,14)	(20,15)	(21,16)	
(17,14):(16,14)	(16,15)	(17,5)	(17,14)	(17,15)	(18,4)	(18,7)	(18,8)	(18,9)	(18,10)	(18,11)	(18,12)	(18,13)	(18,14)	(18,15)	(19,7)	(19,10)	(19,11)	(19,12)	(19,13)	(19,14)	(19,15)	(20,10)	(20,11)	(20,12)	(20,13)	(20,14)	(20,15)	(21,16)	
(17,5):(11,3)	(12,4)	(12,5)	(13,4)	(13,5)	(14,4)	(14,5)	(15,5)	(17,5)	(17,14)	(17,15)	(18,4)	(18,7)	(18,8)	(18,9)	(18,10)	(18,11)	(18,12)	(18,13)	(18,14)	(18,15)	(19,10)	(19,11)	(19,12)	(19,13)	(19,14)	(19,15)	(20,13)	(20,14)	(20,15)	(21,16)	
(15,5):(9,2)	(10,2)	(10,10)	(10,11)	(10,13)	(11,2)	(11,3)	(11,9)	(11,10)	(11,11)	(11,12)	(12,2)	(12,3)	(12,4)	(12,5)	(12,6)	(12,7)	(12,8)	(12,9)	(12,10)	(12,11)	(12,12)	(13,3)	(13,4)	(13,5)	(13,6)	(13,7)	(13,8)	(13,9)	(13,10)	(13,11)	(13,12)	(14,4)	(14,5)	(14,6)	(14,7)	(14,8)	(14,9)	(14,10)	(14,11)	(14,12)	(15,5)	(15,13)	(17,5)	(18,4)	
(15,13):(8,9)	(9,10)	(10,10)	(10,11)	(10,13)	(11,2)	(11,3)	(11,9)	(11,10)	(11,11)	(11,12)	(12,2)	(12,3)	(12,4)	(12,5)	(12,6)	(12,7)	(12,8)	(12,9)	(12,10)	(12,11)	(12,12)	(13,2)	(13,3)	(13,4)	(13,5)	(13,6)	(13,7)	(13,8)	(13,9)	(13,10)	(13,11)	(13,12)	(14,4)	(14,5)	(14,6)	(14,7)	(14,8)	(14,9)	(14,10)	(14,11)	(14,12)	(15,5)	(15,13)	
(10,13):(10,10)	(10,11)	(10,13)	(11,9)	(11,10)	(11,11)	(11,12)	(12,5)	(12,6)	(12,7)	(12,8)	(12,9)	(12,10)	(12,11)	(12,12)	(13,2)	(13,3)	(13,4)	(13,5)	(13,6)	(13,7)	(13,8)	(13,9)	(13,10)	(13,11)	(13,12)	(14,1)	(14,4)	(14,5)	(14,6)	(14,7)	(14,8)	(14,9)	(14,10)	(14,11)	(14,12)	(15,5)	(15,13)	
(10,11):(8,9)	(8,11)	(9,10)	(10,10)	(10,11)	(10,13)	(11,9)	(11,10)	(11,11)	(11,12)	(12,7)	(12,8)	(12,9)	(12,10)	(12,11)	(12,12)	(13,5)	(13,6)	(13,7)	(13,8)	(13,9)	(13,10)	(13,11)	(13,12)	(14,4)	(14,5)	(14,6)	(14,7)	(14,8)	(14,9)	(14,10)	(14,11)	(14,12)	(15,5)	(15,13)	
(8,11):(8,9)	(8,11)	(9,10)	(10,10)	(10,11)	(11,9)	(11,10)	(11,11)	(12,9)	(12,10)	(12,11)	(13,8)	(13,9)	(13,10)	(13,11)	(14,7)	(14,8)	(14,9)	(14,10)	(14,11)	
(8,9):(8,9)	(8,11)	(9,10)	(10,10)	(10,11)	(11,9)	(11,10)	(11,11)	(11,12)	(12,9)	(12,10)	(12,11)	(12,12)	(13,9)	(13,10)	(13,11)	(13,12)	(14,9)	(14,10)	(14,11)	(14,12)	(15,13)	
(11,9):(8,9)	(8,11)	(9,10)	(10,10)	(10,11)	(10,13)	(11,2)	(11,3)	(11,9)	(11,10)	(11,11)	(11,12)	(12,2)	(12,3)	(12,4)	(12,5)	(12,6)	(12,7)	(12,8)	(12,9)	(12,10)	(12,11)	(12,12)	(13,2)	(13,3)	(13,4)	(13,5)	(13,6)	(13,7)	(13,8)	(13,9)	(13,10)	(13,11)	(13,12)	(14,1)	(14,4)	(14,5)	(14,6)	(14,7)	(14,8)	(14,9)	(14,10)	(14,11)	(14,12)	(15,5)	(15,13)	
(11,3):(6,1)	(7,2)	(7,3)	(8,2)	(9,2)	(10,2)	(11,2)	(11,3)	(11,9)	(11,10)	(11,11)	(11,12)	(12,2)	(12,3)	(12,4)	(12,5)	(12,6)	(12,7)	(12,8)	(12,9)	(12,10)	(12,11)	(12,12)	(13,2)	(13,3)	(13,4)	(13,5)	(13,6)	(13,7)	(13,8)	(13,9)	(13,10)	(13,11)	(13,12)	(14,1)	(14,4)	(14,5)	(14,6)	(14,7)	(14,8)	(14,9)	(14,10)	(14,11)	(14,12)	(15,5)	(15,13)	(17,5)	
(7,3):(6,1)	(6,12)	(7,2)	(7,3)	(7,12)	(8,2)	(9,2)	(10,2)	(11,2)	(11,3)	(12,2)	(12,3)	(13,2)	(13,3)	(14,1)	
(7,12):(6,1)	(6,12)	(7,2)	(7,3)	(7,12)	
(6,12):(6,1)	(6,12)	(7,2)	(7,3)	(7,12)	
(6,1):(6,1)	(6,12)	(7,2)	(7,3)	(7,12)	(8,2)	(9,2)	(10,2)	(11,2)	(11,3)	(12,2)	(12,3)	(13,2)	(13,3)	(14,1)	(14,4)	
(14,1):(6,1)	(7,2)	(7,3)	(8,2)	(9,2)	(10,2)	(10,13)	(11,2)	(11,3)	(11,9)	(11,10)	(11,11)	(11,12)	(12,2)	(12,3)	(12,4)	(12,5)	(12,6)	(12,7)	(12,8)	(12,9)	(12,10)	(12,11)	(12,12)	(13,2)	(13,3)	(13,4)	(13,5)	(13,6)	(13,7)	(13,8)	(13,9)	(13,10)	(13,11)	(13,12)	(14,1)	(14,4)	(14,5)	(14,6)	(14,7)	(14,8)	(14,9)	(14,10)	(14,11)	(14,12)	
(14,4):(6,1)	(8,2)	(9,2)	(10,2)	(10,11)	(10,13)	(11,2)	(11,3)	(11,9)	(11,10)	(11,11)	(11,12)	(12,2)	(12,3)	(12,4)	(12,5)	(12,6)	(12,7)	(12,8)	(12,9)	(12,10)	(12,11)	(12,12)	(13,2)	(13,3)	(13,4)	(13,5)	(13,6)	(13,7)	(13,8)	(13,9)	(13,10)	(13,11)	(13,12)	(14,1)	(14,4)	(14,5)	(14,6)	(14,7)	(14,8)	(14,9)	(14,10)	(14,11)	(14,12)	(15,5)	(15,13)	(17,5)	(18,4)	
(18,4):(12,4)	(12,5)	(12,6)	(13,4)	(13,5)	(14,4)	(14,5)	(15,5)	(17,5)	(17,14)	(17,15)	(18,4)	(18,7)	(18,8)	(18,9)	(18,10)	(18,11)	(18,12)	(18,13)	(18,14)	(18,15)	
(18,7):(17,5)	(17,14)	(17,15)	(18,4)	(18,7)	(18,8)	(18,9)	(18,10)	(18,11)	(18,12)	(18,13)	(18,14)	(18,15)	(19,7)	(19,10)	(19,11)	(19,12)	(19,13)	(19,14)	(19,15)	(20,13)	(20,14)	(20,15)	(21,16)	
(19,7):(17,14)	(17,15)	(18,7)	(18,8)	(18,9)	(18,10)	(18,11)	(18,12)	(18,13)	(18,14)	(18,15)	(19,7)	(19,10)	(19,11)	(19,12)	(19,13)	(19,14)	(19,15)	
(19,10):(17,5)	(17,14)	(17,15)	(18,7)	(18,8)	(18,9)	(18,10)	(18,11)	(18,12)	(18,13)	(18,14)	(18,15)	(19,7)	(19,10)	(19,11)	(19,12)	(19,13)	(19,14)	(19,15)	(20,10)	(20,11)	(20,12)	(20,13)	(20,14)	(20,15)	(21,16)	
(20,10):(17,14)	(17,15)	(18,10)	(18,11)	(18,12)	(18,13)	(18,14)	(18,15)	(19,10)	(19,11)	(19,12)	(19,13)	(19,14)	(19,15)	(20,2)	(20,10)	(20,11)	(20,12)	(20,13)	(20,14)	(20,15)	(21,3)	(21,4)	(21,5)	(21,6)	(21,7)	(21,8)	(21,16)	(22,2)	(22,6)	
(20,2):(20,2)	(20,10)	(20,11)	(20,12)	(20,13)	(20,14)	(20,15)	(21,3)	(21,4)	(21,5)	(21,6)	(21,7)	(21,8)	(21,16)	(22,2)	(22,6)	(22,7)	(23,8)	
(22,2):(19,14)	(19,15)	(20,2)	(20,10)	(20,11)	(20,12)	(20,13)	(20,14)	(21,3)	(21,4)	(21,5)	(21,6)	(21,7)	(21,8)	(22,2)	(22,6)	(22,7)	
(22,6):(20,2)	(20,10)	(21,3)	(21,4)	(21,5)	(21,6)	(21,7)	(21,8)	(22,2)	(22,6)	(22,7)	(23,6)	(23,8)	
(23,6):(21,6)	(21,7)	(21,8)	(22,6)	(22,7)	(23,6)	(23,8)	
(23,8):(20,2)	(21,4)	(21,5)	(21,6)	(21,7)	(21,8)	(22,6)	(22,7)	(23,6)	(23,8)	
(21,8):31.000000
(21,16):52.181820
(5,16):25.386364
(5,17):46.357143
(13,17):46.708080
(13,23):18.500000
(12,23):6.000000
(12,22):38.357143
(9,22):20.000000
(9,21):46.666668
(1,21):40.500000
(1,20):13.000000
(2,20):42.142857
(2,19):24.285715
(3,19):43.666668
(3,18):33.222221
(4,18):46.666668
(4,15):26.000000
(16,15):30.045454
(16,14):10.000000
(17,14):36.166668
(17,5):34.500000
(15,5):51.500000
(15,13):52.500000
(10,13):41.312500
(10,11):38.416668
(8,11):19.333334
(8,9):22.000000
(11,9):53.500000
(11,3):55.500000
(7,3):25.000000
(7,12):11.000000
(6,12):11.222222
(6,1):27.333334
(14,1):48.809525
(14,4):57.200001
(18,4):20.866667
(18,7):27.535715
(19,7):18.571428
(19,10):32.700001
(20,10):38.500000
(20,2):21.000000
(22,2):19.166666
(22,6):15.000000
(23,6):6.500000
(23,8):10.000000
(21,8),(21,16):23.000000
(21,8),(5,16):4.779221
(21,8),(5,17):0.000000
(21,8),(13,17):0.000000
(21,8),(13,23):0.000000
(21,8),(12,23):0.000000
(21,8),(12,22):0.000000
(21,8),(9,22):0.000000
(21,8),(9,21):0.000000
(21,8),(1,21):0.000000
(21,8),(1,20):0.000000
(21,8),(2,20):0.000000
(21,8),(2,19):0.000000
(21,8),(3,19):0.000000
(21,8),(3,18):0.000000
(21,8),(4,18):0.000000
(21,8),(4,15):3.750000
(21,8),(16,15):14.000000
(21,8),(16,14):7.000000
(21,8),(17,14):15.666667
(21,8),(17,5):10.555555
(21,8),(15,5):0.000000
(21,8),(15,13):0.000000
(21,8),(10,13):0.000000
(21,8),(10,11):0.000000
(21,8),(8,11):0.000000
(21,8),(8,9):0.000000
(21,8),(11,9):0.000000
(21,8),(11,3):0.000000
(21,8),(7,3):0.000000
(21,8),(7,12):0.000000
(21,8),(6,12):0.000000
(21,8),(6,1):0.000000
(21,8),(14,1):0.000000
(21,8),(14,4):0.000000
(21,8),(18,4):1.000000
(21,8),(18,7):9.600000
(21,8),(19,7):4.000000
(21,8),(19,10):15.000000
(21,8),(20,10):28.000000
(21,8),(20,2):21.000000
(21,8),(22,2):19.166666
(21,8),(22,6):15.000000
(21,8),(23,6):6.500000
(21,8),(23,8):10.000000
(21,16),(5,16):18.136364
(21,16),(5,17):1.000000
(21,16),(13,17):0.000000
(21,16),(13,23):0.000000
(21,16),(12,23):0.000000
(21,16),(12,22):0.000000
(21,16),(9,22):0.000000
(21,16),(9,21):0.000000
(21,16),(1,21):0.000000
(21,16),(1,20):0.000000
(21,16),(2,20):0.000000
(21,16),(2,19):0.000000
(21,16),(3,19):0.000000
(21,16),(3,18):0.000000
(21,16),(4,18):1.250000
(21,16),(4,15):17.000000
(21,16),(16,15):30.000000
(21,16),(16,14):10.000000
(21,16),(17,14):33.166668
(21,16),(17,5):25.181818
(21,16),(15,5):0.348485
(21,16),(15,13):0.000000
(21,16),(10,13):0.000000
(21,16),(10,11):0.000000
(21,16),(8,11):0.000000
(21,16),(8,9):0.000000
(21,16),(11,9):0.000000
(21,16),(11,3):0.000000
(21,16),(7,3):0.000000
(21,16),(7,12):0.000000
(21,16),(6,12):0.000000
(21,16),(6,1):0.000000
(21,16),(14,1):0.000000
(21,16),(14,4):0.369318
(21,16),(18,4):10.881818
(21,16),(18,7):24.467533
(21,16),(19,7):17.071428
(21,16),(19,10):31.181818
(21,16),(20,10):33.500000
(21,16),(20,2):14.000000
(21,16),(22,2):13.166667
(21,16),(22,6):7.000000
(21,16),(23,6):2.500000
(21,16),(23,8):5.000000
(5,16),(5,17):8.250000
(5,16),(13,17):6.250000
(5,16),(13,23):0.000000
(5,16),(12,23):0.000000
(5,16),(12,22):3.238095
(5,16),(9,22):0.000000
(5,16),(9,21):6.750000
(5,16),(1,21):5.750000
(5,16),(1,20):2.250000
(5,16),(2,20):5.750000
(5,16),(2,19):4.000000
(5,16),(3,19):5.750000
(5,16),(3,18):5.000000
(5,16),(4,18):8.500000
(5,16),(4,15):22.000000
(5,16),(16,15):18.181818
(5,16),(16,14):6.136364
(5,16),(17,14):6.636364
(5,16),(17,5):5.051037
(5,16),(15,5):0.000000
(5,16),(15,13):0.000000
(5,16),(10,13):0.000000
(5,16),(10,11):0.000000
(5,16),(8,11):0.000000
(5,16),(8,9):0.000000
(5,16),(11,9):0.000000
(5,16),(11,3):0.000000
(5,16),(7,3):0.000000
(5,16),(7,12):0.000000
(5,16),(6,12):0.000000
(5,16),(6,1):0.000000
(5,16),(14,1):0.000000
(5,16),(14,4):0.000000
(5,16),(18,4):1.294662
(5,16),(18,7):4.974569
(5,16),(19,7):2.813853
(5,16),(19,10):5.874459
(5,16),(20,10):6.258315
(5,16),(20,2):1.409091
(5,16),(22,2):1.451461
(5,16),(22,6):0.000000
(5,16),(23,6):0.000000
(5,16),(23,8):0.000000
(5,17),(13,17):44.357143
(5,17),(13,23):17.857143
(5,17),(12,23):5.357143
(5,17),(12,22):36.714287
(5,17),(9,22):19.500000
(5,17),(9,21):44.666668
(5,17),(1,21):40.000000
(5,17),(1,20):12.500000
(5,17),(2,20):41.142857
(5,17),(2,19):23.785715
(5,17),(3,19):42.666668
(5,17),(3,18):32.722221
(5,17),(4,18):45.916668
(5,17),(4,15):10.000000
(5,17),(16,15):1.045455
(5,17),(16,14):0.000000
(5,17),(17,14):0.000000
(5,17),(17,5):0.000000
(5,17),(15,5):0.000000
(5,17),(15,13):0.000000
(5,17),(10,13):0.000000
(5,17),(10,11):0.000000
(5,17),(8,11):0.000000
(5,17),(8,9):0.000000
(5,17),(11,9):0.000000
(5,17),(11,3):0.000000
(5,17),(7,3):0.000000
(5,17),(7,12):0.000000
(5,17),(6,12):0.000000
(5,17),(6,1):0.000000
(5,17),(14,1):0.000000
(5,17),(14,4):0.000000
(5,17),(18,4):0.000000
(5,17),(18,7):0.000000
(5,17),(19,7):0.000000
(5,17),(19,10):0.000000
(5,17),(20,10):0.000000
(5,17),(20,2):0.000000
(5,17),(22,2):0.000000
(5,17),(22,6):0.000000
(5,17),(23,6):0.000000
(5,17),(23,8):0.000000
(13,17),(13,23):18.500000
(13,17),(12,23):6.000000
(13,17),(12,22):37.944443
(13,17),(9,22):20.000000
(13,17),(9,21):45.874748
(13,17),(1,21):40.363636
(13,17),(1,20):12.863636
(13,17),(2,20):41.906494
(13,17),(2,19):24.185715
(13,17),(3,19):43.511112
(13,17),(3,18):33.166668
(13,17),(4,18):44.361111
(13,17),(4,15):8.000000
(13,17),(16,15):0.000000
(13,17),(16,14):0.000000
(13,17),(17,14):0.000000
(13,17),(17,5):0.000000
(13,17),(15,5):0.000000
(13,17),(15,13):0.000000
(13,17),(10,13):0.000000
(13,17),(10,11):0.000000
(13,17),(8,11):0.000000
(13,17),(8,9):0.000000
(13,17),(11,9):0.000000
(13,17),(11,3):0.000000
(13,17),(7,3):0.000000
(13,17),(7,12):0.000000
(13,17),(6,12):0.000000
(13,17),(6,1):0.000000
(13,17),(14,1):0.000000
(13,17),(14,4):0.000000
(13,17),(18,4):0.000000
(13,17),(18,7):0.000000
(13,17),(19,7):0.000000
(13,17),(19,10):0.000000
(13,17),(20,10):0.000000
(13,17),(20,2):0.000000
(13,17),(22,2):0.000000
(13,17),(22,6):0.000000
(13,17),(23,6):0.000000
(13,17),(23,8):0.000000
(13,23),(12,23):6.000000
(13,23),(12,22):18.500000
(13,23),(9,22):15.500000
(13,23),(9,21):17.666666
(13,23),(1,21):16.000000
(13,23),(1,20):3.214286
(13,23),(2,20):16.809525
(13,23),(2,19):7.485714
(13,23),(3,19):17.666666
(13,23),(3,18):12.222222
(13,23),(4,18):17.750000
(13,23),(4,15):0.000000
(13,23),(16,15):0.000000
(13,23),(16,14):0.000000
(13,23),(17,14):0.000000
(13,23),(17,5):0.000000
(13,23),(15,5):0.000000
(13,23),(15,13):0.000000
(13,23),(10,13):0.000000
(13,23),(10,11):0.000000
(13,23),(8,11):0.000000
(13,23),(8,9):0.000000
(13,23),(11,9):0.000000
(13,23),(11,3):0.000000
(13,23),(7,3):0.000000
(13,23),(7,12):0.000000
(13,23),(6,12):0.000000
(13,23),(6,1):0.000000
(13,23),(14,1):0.000000
(13,23),(14,4):0.000000
(13,23),(18,4):0.000000
(13,23),(18,7):0.000000
(13,23),(19,7):0.000000
(13,23),(19,10):0.000000
(13,23),(20,10):0.000000
(13,23),(20,2):0.000000
(13,23),(22,2):0.000000
(13,23),(22,6):0.000000
(13,23),(23,6):0.000000
(13,23),(23,8):0.000000
(12,23),(12,22):6.000000
(12,23),(9,22):5.000000
(12,23),(9,21):5.166667
(12,23),(1,21):4.000000
(12,23),(1,20):1.437500
(12,23),(2,20):4.500000
(12,23),(2,19):3.000000
(12,23),(3,19):5.166667
(12,23),(3,18):4.222222
(12,23),(4,18):5.250000
(12,23),(4,15):0.000000
(12,23),(16,15):0.000000
(12,23),(16,14):0.000000
(12,23),(17,14):0.000000
(12,23),(17,5):0.000000
(12,23),(15,5):0.000000
(12,23),(15,13):0.000000
(12,23),(10,13):0.000000
(12,23),(10,11):0.000000
(12,23),(8,11):0.000000
(12,23),(8,9):0.000000
(12,23),(11,9):0.000000
(12,23),(11,3):0.000000
(12,23),(7,3):0.000000
(12,23),(7,12):0.000000
(12,23),(6,12):0.000000
(12,23),(6,1):0.000000
(12,23),(14,1):0.000000
(12,23),(14,4):0.000000
(12,23),(18,4):0.000000
(12,23),(18,7):0.000000
(12,23),(19,7):0.000000
(12,23),(19,10):0.000000
(12,23),(20,10):0.000000
(12,23),(20,2):0.000000
(12,23),(22,2):0.000000
(12,23),(22,6):0.000000
(12,23),(23,6):0.000000
(12,23),(23,8):0.000000
(12,22),(9,22):20.000000
(12,22),(9,21):37.523811
(12,22),(1,21):32.000000
(12,22),(1,20):6.500000
(12,22),(2,20):33.142857
(12,22),(2,19):16.285715
(12,22),(3,19):35.166668
(12,22),(3,18):27.222221
(12,22),(4,18):36.773811
(12,22),(4,15):4.990476
(12,22),(16,15):0.000000
(12,22),(16,14):0.000000
(12,22),(17,14):0.000000
(12,22),(17,5):0.000000
(12,22),(15,5):0.000000
(12,22),(15,13):0.000000
(12,22),(10,13):0.000000
(12,22),(10,11):0.000000
(12,22),(8,11):0.000000
(12,22),(8,9):0.000000
(12,22),(11,9):0.000000
(12,22),(11,3):0.000000
(12,22),(7,3):0.000000
(12,22),(7,12):0.000000
(12,22),(6,12):0.000000
(12,22),(6,1):0.000000
(12,22),(14,1):0.000000
(12,22),(14,4):0.000000
(12,22),(18,4):0.000000
(12,22),(18,7):0.000000
(12,22),(19,7):0.000000
(12,22),(19,10):0.000000
(12,22),(20,10):0.000000
(12,22),(20,2):0.000000
(12,22),(22,2):0.000000
(12,22),(22,6):0.000000
(12,22),(23,6):0.000000
(12,22),(23,8):0.000000
(9,22),(9,21):20.000000
(9,22),(1,21):16.000000
(9,22),(1,20):5.000000
(9,22),(2,20):17.142857
(9,22),(2,19):10.250000
(9,22),(3,19):18.500000
(9,22),(3,18):15.000000
(9,22),(4,18):19.166666
(9,22),(4,15):0.000000
(9,22),(16,15):0.000000
(9,22),(16,14):0.000000
(9,22),(17,14):0.000000
(9,22),(17,5):0.000000
(9,22),(15,5):0.000000
(9,22),(15,13):0.000000
(9,22),(10,13):0.000000
(9,22),(10,11):0.000000
(9,22),(8,11):0.000000
(9,22),(8,9):0.000000
(9,22),(11,9):0.000000
(9,22),(11,3):0.000000
(9,22),(7,3):0.000000
(9,22),(7,12):0.000000
(9,22),(6,12):0.000000
(9,22),(6,1):0.000000
(9,22),(14,1):0.000000
(9,22),(14,4):0.000000
(9,22),(18,4):0.000000
(9,22),(18,7):0.000000
(9,22),(19,7):0.000000
(9,22),(19,10):0.000000
(9,22),(20,10):0.000000
(9,22),(20,2):0.000000
(9,22),(22,2):0.000000
(9,22),(22,6):0.000000
(9,22),(23,6):0.000000
(9,22),(23,8):0.000000
(9,21),(1,21):40.500000
(9,21),(1,20):13.000000
(9,21),(2,20):42.142857
(9,21),(2,19):24.285715
(9,21),(3,19):43.666668
(9,21),(3,18):33.166668
(9,21),(4,18):44.833332
(9,21),(4,15):8.500000
(9,21),(16,15):0.003788
(9,21),(16,14):0.000000
(9,21),(17,14):0.000000
(9,21),(17,5):0.000000
(9,21),(15,5):0.000000
(9,21),(15,13):0.000000
(9,21),(10,13):0.000000
(9,21),(10,11):0.000000
(9,21),(8,11):0.000000
(9,21),(8,9):0.000000
(9,21),(11,9):0.000000
(9,21),(11,3):0.000000
(9,21),(7,3):0.000000
(9,21),(7,12):0.000000
(9,21),(6,12):0.000000
(9,21),(6,1):0.000000
(9,21),(14,1):0.000000
(9,21),(14,4):0.000000
(9,21),(18,4):0.000000
(9,21),(18,7):0.000000
(9,21),(19,7):0.000000
(9,21),(19,10):0.000000
(9,21),(20,10):0.000000
(9,21),(20,2):0.000000
(9,21),(22,2):0.000000
(9,21),(22,6):0.000000
(9,21),(23,6):0.000000
(9,21),(23,8):0.000000
(1,21),(1,20):12.000000
(1,21),(2,20):40.500000
(1,21),(2,19):21.500000
(1,21),(3,19):40.000000
(1,21),(3,18):29.500000
(1,21),(4,18):40.000000
(1,21),(4,15):7.500000
(1,21),(16,15):0.000000
(1,21),(16,14):0.000000
(1,21),(17,14):0.000000
(1,21),(17,5):0.000000
(1,21),(15,5):0.000000
(1,21),(15,13):0.000000
(1,21),(10,13):0.000000
(1,21),(10,11):0.000000
(1,21),(8,11):0.000000
(1,21),(8,9):0.000000
(1,21),(11,9):0.000000
(1,21),(11,3):0.000000
(1,21),(7,3):0.000000
(1,21),(7,12):0.000000
(1,21),(6,12):0.000000
(1,21),(6,1):0.000000
(1,21),(14,1):0.000000
(1,21),(14,4):0.000000
(1,21),(18,4):0.000000
(1,21),(18,7):0.000000
(1,21),(19,7):0.000000
(1,21),(19,10):0.000000
(1,21),(20,10):0.000000
(1,21),(20,2):0.000000
(1,21),(22,2):0.000000
(1,21),(22,6):0.000000
(1,21),(23,6):0.000000
(1,21),(23,8):0.000000
(1,20),(2,20):13.000000
(1,20),(2,19):12.000000
(1,20),(3,19):12.500000
(1,20),(3,18):11.000000
(1,20),(4,18):12.500000
(1,20),(4,15):2.750000
(1,20),(16,15):0.000000
(1,20),(16,14):0.000000
(1,20),(17,14):0.000000
(1,20),(17,5):0.000000
(1,20),(15,5):0.000000
(1,20),(15,13):0.000000
(1,20),(10,13):0.000000
(1,20),(10,11):0.000000
(1,20),(8,11):0.000000
(1,20),(8,9):0.000000
(1,20),(11,9):0.000000
(1,20),(11,3):0.000000
(1,20),(7,3):0.000000
(1,20),(7,12):0.000000
(1,20),(6,12):0.000000
(1,20),(6,1):0.000000
(1,20),(14,1):0.000000
(1,20),(14,4):0.000000
(1,20),(18,4):0.000000
(1,20),(18,7):0.000000
(1,20),(19,7):0.000000
(1,20),(19,10):0.000000
(1,20),(20,10):0.000000
(1,20),(20,2):0.000000
(1,20),(22,2):0.000000
(1,20),(22,6):0.000000
(1,20),(23,6):0.000000
(1,20),(23,8):0.000000
(2,20),(2,19):23.142857
(2,20),(3,19):41.642857
(2,20),(3,18):30.642857
(2,20),(4,18):41.142857
(2,20),(4,15):7.500000
(2,20),(16,15):0.000000
(2,20),(16,14):0.000000
(2,20),(17,14):0.000000
(2,20),(17,5):0.000000
(2,20),(15,5):0.000000
(2,20),(15,13):0.000000
(2,20),(10,13):0.000000
(2,20),(10,11):0.000000
(2,20),(8,11):0.000000
(2,20),(8,9):0.000000
(2,20),(11,9):0.000000
(2,20),(11,3):0.000000
(2,20),(7,3):0.000000
(2,20),(7,12):0.000000
(2,20),(6,12):0.000000
(2,20),(6,1):0.000000
(2,20),(14,1):0.000000
(2,20),(14,4):0.000000
(2,20),(18,4):0.000000
(2,20),(18,7):0.000000
(2,20),(19,7):0.000000
(2,20),(19,10):0.000000
(2,20),(20,10):0.000000
(2,20),(20,2):0.000000
(2,20),(22,2):0.000000
(2,20),(22,6):0.000000
(2,20),(23,6):0.000000
(2,20),(23,8):0.000000
(2,19),(3,19):24.285715
(2,19),(3,18):22.285715
(2,19),(4,18):23.785715
(2,19),(4,15):5.000000
(2,19),(16,15):0.000000
(2,19),(16,14):0.000000
(2,19),(17,14):0.000000
(2,19),(17,5):0.000000
(2,19),(15,5):0.000000
(2,19),(15,13):0.000000
(2,19),(10,13):0.000000
(2,19),(10,11):0.000000
(2,19),(8,11):0.000000
(2,19),(8,9):0.000000
(2,19),(11,9):0.000000
(2,19),(11,3):0.000000
(2,19),(7,3):0.000000
(2,19),(7,12):0.000000
(2,19),(6,12):0.000000
(2,19),(6,1):0.000000
(2,19),(14,1):0.000000
(2,19),(14,4):0.000000
(2,19),(18,4):0.000000
(2,19),(18,7):0.000000
(2,19),(19,7):0.000000
(2,19),(19,10):0.000000
(2,19),(20,10):0.000000
(2,19),(20,2):0.000000
(2,19),(22,2):0.000000
(2,19),(22,6):0.000000
(2,19),(23,6):0.000000
(2,19),(23,8):0.000000
(3,19),(3,18):32.666668
(3,19),(4,18):43.166668
(3,19),(4,15):7.500000
(3,19),(16,15):0.000000
(3,19),(16,14):0.000000
(3,19),(17,14):0.000000
(3,19),(17,5):0.000000
(3,19),(15,5):0.000000
(3,19),(15,13):0.000000
(3,19),(10,13):0.000000
(3,19),(10,11):0.000000
(3,19),(8,11):0.000000
(3,19),(8,9):0.000000
(3,19),(11,9):0.000000
(3,19),(11,3):0.000000
(3,19),(7,3):0.000000
(3,19),(7,12):0.000000
(3,19),(6,12):0.000000
(3,19),(6,1):0.000000
(3,19),(14,1):0.000000
(3,19),(14,4):0.000000
(3,19),(18,4):0.000000
(3,19),(18,7):0.000000
(3,19),(19,7):0.000000
(3,19),(19,10):0.000000
(3,19),(20,10):0.000000
(3,19),(20,2):0.000000
(3,19),(22,2):0.000000
(3,19),(22,6):0.000000
(3,19),(23,6):0.000000
(3,19),(23,8):0.000000
(3,18),(4,18):33.222221
(3,18),(4,15):6.750000
(3,18),(16,15):0.000000
(3,18),(16,14):0.000000
(3,18),(17,14):0.000000
(3,18),(17,5):0.000000
(3,18),(15,5):0.000000
(3,18),(15,13):0.000000
(3,18),(10,13):0.000000
(3,18),(10,11):0.000000
(3,18),(8,11):0.000000
(3,18),(8,9):0.000000
(3,18),(11,9):0.000000
(3,18),(11,3):0.000000
(3,18),(7,3):0.000000
(3,18),(7,12):0.000000
(3,18),(6,12):0.000000
(3,18),(6,1):0.000000
(3,18),(14,1):0.000000
(3,18),(14,4):0.000000
(3,18),(18,4):0.000000
(3,18),(18,7):0.000000
(3,18),(19,7):0.000000
(3,18),(19,10):0.000000
(3,18),(20,10):0.000000
(3,18),(20,2):0.000000
(3,18),(22,2):0.000000
(3,18),(22,6):0.000000
(3,18),(23,6):0.000000
(3,18),(23,8):0.000000
(4,18),(4,15):10.250000
(4,18),(16,15):1.295455
(4,18),(16,14):0.000000
(4,18),(17,14):0.000000
(4,18),(17,5):0.000000
(4,18),(15,5):0.000000
(4,18),(15,13):0.000000
(4,18),(10,13):0.000000
(4,18),(10,11):0.000000
(4,18),(8,11):0.000000
(4,18),(8,9):0.000000
(4,18),(11,9):0.000000
(4,18),(11,3):0.000000
(4,18),(7,3):0.000000
(4,18),(7,12):0.000000
(4,18),(6,12):0.000000
(4,18),(6,1):0.000000
(4,18),(14,1):0.000000
(4,18),(14,4):0.000000
(4,18),(18,4):0.000000
(4,18),(18,7):0.000000
(4,18),(19,7):0.000000
(4,18),(19,10):0.000000
(4,18),(20,10):0.000000
(4,18),(20,2):0.000000
(4,18),(22,2):0.000000
(4,18),(22,6):0.000000
(4,18),(23,6):0.000000
(4,18),(23,8):0.000000
(4,15),(16,15):17.045454
(4,15),(16,14):5.000000
(4,15),(17,14):5.500000
(4,15),(17,5):4.000000
(4,15),(15,5):0.000000
(4,15),(15,13):0.000000
(4,15),(10,13):0.000000
(4,15),(10,11):0.000000
(4,15),(8,11):0.000000
(4,15),(8,9):0.000000
(4,15),(11,9):0.000000
(4,15),(11,3):0.000000
(4,15),(7,3):0.000000
(4,15),(7,12):0.000000
(4,15),(6,12):0.000000
(4,15),(6,1):0.000000
(4,15),(14,1):0.000000
(4,15),(14,4):0.000000
(4,15),(18,4):1.150000
(4,15),(18,7):4.047619
(4,15),(19,7):2.428571
(4,15),(19,10):4.750000
(4,15),(20,10):5.125000
(4,15),(20,2):1.000000
(4,15),(22,2):1.125000
(4,15),(22,6):0.000000
(4,15),(23,6):0.000000
(4,15),(23,8):0.000000
(16,15),(16,14):10.000000
(16,15),(17,14):18.500000
(16,15),(17,5):12.428572
(16,15),(15,5):0.000000
(16,15),(15,13):0.000000
(16,15),(10,13):0.000000
(16,15),(10,11):0.000000
(16,15),(8,11):0.000000
(16,15),(8,9):0.000000
(16,15),(11,9):0.000000
(16,15),(11,3):0.000000
(16,15),(7,3):0.000000
(16,15),(7,12):0.000000
(16,15),(6,12):0.000000
(16,15),(6,1):0.000000
(16,15),(14,1):0.000000
(16,15),(14,4):0.000000
(16,15),(18,4):2.700000
(16,15),(18,7):11.785714
(16,15),(19,7):6.571429
(16,15),(19,10):17.000000
(16,15),(20,10):17.500000
(16,15),(20,2):5.500000
(16,15),(22,2):4.900000
(16,15),(22,6):0.000000
(16,15),(23,6):0.000000
(16,15),(23,8):0.000000
(16,14),(17,14):10.000000
(16,14),(17,5):7.800000
(16,14),(15,5):0.000000
(16,14),(15,13):0.000000
(16,14),(10,13):0.000000
(16,14),(10,11):0.000000
(16,14),(8,11):0.000000
(16,14),(8,9):0.000000
(16,14),(11,9):0.000000
(16,14),(11,3):0.000000
(16,14),(7,3):0.000000
(16,14),(7,12):0.000000
(16,14),(6,12):0.000000
(16,14),(6,1):0.000000
(16,14),(14,1):0.000000
(16,14),(14,4):0.000000
(16,14),(18,4):2.200000
(16,14),(18,7):7.619048
(16,14),(19,7):4.571429
(16,14),(19,10):9.000000
(16,14),(20,10):9.333333
(16,14),(20,2):2.000000
(16,14),(22,2):2.166667
(16,14),(22,6):0.000000
(16,14),(23,6):0.000000
(16,14),(23,8):0.000000
(17,14),(17,5):27.000000
(17,14),(15,5):1.000000
(17,14),(15,13):0.000000
(17,14),(10,13):0.000000
(17,14),(10,11):0.000000
(17,14),(8,11):0.000000
(17,14),(8,9):0.000000
(17,14),(11,9):0.000000
(17,14),(11,3):0.000000
(17,14),(7,3):0.000000
(17,14),(7,12):0.000000
(17,14),(6,12):0.000000
(17,14),(6,1):0.000000
(17,14),(14,1):0.000000
(17,14),(14,4):1.166667
(17,14),(18,4):12.200000
(17,14),(18,7):27.285715
(17,14),(19,7):18.571428
(17,14),(19,10):32.500000
(17,14),(20,10):26.166666
(17,14),(20,2):6.666667
(17,14),(22,2):5.880952
(17,14),(22,6):0.000000
(17,14),(23,6):0.000000
(17,14),(23,8):0.000000
(17,5),(15,5):8.500000
(17,5),(15,13):5.500000
(17,5),(10,13):3.658654
(17,5),(10,11):2.202381
(17,5),(8,11):0.000000
(17,5),(8,9):0.000000
(17,5),(11,9):6.000000
(17,5),(11,3):6.000000
(17,5),(7,3):0.000000
(17,5),(7,12):0.000000
(17,5),(6,12):0.000000
(17,5),(6,1):0.833333
(17,5),(14,1):4.500000
(17,5),(14,4):8.666667
(17,5),(18,4):18.000000
(17,5),(18,7):26.250000
(17,5),(19,7):17.000000
(17,5),(19,10):25.700001
(17,5),(20,10):19.000000
(17,5),(20,2):2.250000
(17,5),(22,2):3.818250
(17,5),(22,6):0.000000
(17,5),(23,6):0.000000
(17,5),(23,8):0.000000
(15,5),(15,13):45.157143
(15,5),(10,13):37.912498
(15,5),(10,11):34.250000
(15,5),(8,11):15.333333
(15,5),(8,9):18.000000
(15,5),(11,9):45.000000
(15,5),(11,3):45.000000
(15,5),(7,3):6.000000
(15,5),(7,12):0.000000
(15,5),(6,12):0.011696
(15,5),(6,1):7.833333
(15,5),(14,1):38.166668
(15,5),(14,4):50.700001
(15,5),(18,4):9.666667
(15,5),(18,7):1.250000
(15,5),(19,7):0.000000
(15,5),(19,10):0.366667
(15,5),(20,10):0.000000
(15,5),(20,2):0.000000
(15,5),(22,2):0.000000
(15,5),(22,6):0.000000
(15,5),(23,6):0.000000
(15,5),(23,8):0.000000
(15,13),(10,13):40.500000
(15,13),(10,11):37.154545
(15,13),(8,11):18.533333
(15,13),(8,9):21.200001
(15,13),(11,9):51.700001
(15,13),(11,3):45.133335
(15,13),(7,3):6.355556
(15,13),(7,12):0.000000
(15,13),(6,12):0.000000
(15,13),(6,1):8.312500
(15,13),(14,1):38.966667
(15,13),(14,4):48.493549
(15,13),(18,4):6.666667
(15,13),(18,7):0.000000
(15,13),(19,7):0.000000
(15,13),(19,10):0.000000
(15,13),(20,10):0.000000
(15,13),(20,2):0.000000
(15,13),(22,2):0.000000
(15,13),(22,6):0.000000
(15,13),(23,6):0.000000
(15,13),(23,8):0.000000
(10,13),(10,11):34.312500
(10,13),(8,11):15.333333
(10,13),(8,9):18.000000
(10,13),(11,9):41.312500
(10,13),(11,3):36.948277
(10,13),(7,3):2.500000
(10,13),(7,12):0.000000
(10,13),(6,12):0.000000
(10,13),(6,1):4.162302
(10,13),(14,1):30.666666
(10,13),(14,4):40.479168
(10,13),(18,4):4.823864
(10,13),(18,7):0.000000
(10,13),(19,7):0.000000
(10,13),(19,10):0.000000
(10,13),(20,10):0.000000
(10,13),(20,2):0.000000
(10,13),(22,2):0.000000
(10,13),(22,6):0.000000
(10,13),(23,6):0.000000
(10,13),(23,8):0.000000
(10,11),(8,11):19.333334
(10,11),(8,9):22.000000
(10,11),(11,9):38.416668
(10,11),(11,3):29.978260
(10,11),(7,3):0.000000
(10,11),(7,12):0.000000
(10,11),(6,12):0.000000
(10,11),(6,1):0.586508
(10,11),(14,1):23.666666
(10,11),(14,4):33.616665
(10,11),(18,4):2.966667
(10,11),(18,7):0.000000
(10,11),(19,7):0.000000
(10,11),(19,10):0.000000
(10,11),(20,10):0.000000
(10,11),(20,2):0.000000
(10,11),(22,2):0.000000
(10,11),(22,6):0.000000
(10,11),(23,6):0.000000
(10,11),(23,8):0.000000
(8,11),(8,9):14.000000
(8,11),(11,9):19.333334
(8,11),(11,3):13.333333
(8,11),(7,3):0.000000
(8,11),(7,12):0.000000
(8,11),(6,12):0.000000
(8,11),(6,1):0.000000
(8,11),(14,1):9.750000
(8,11),(14,4):14.533334
(8,11),(18,4):0.000000
(8,11),(18,7):0.000000
(8,11),(19,7):0.000000
(8,11),(19,10):0.000000
(8,11),(20,10):0.000000
(8,11),(20,2):0.000000
(8,11),(22,2):0.000000
(8,11),(22,6):0.000000
(8,11),(23,6):0.000000
(8,11),(23,8):0.000000
(8,9),(11,9):22.000000
(8,9),(11,3):15.500000
(8,9),(7,3):0.000000
(8,9),(7,12):0.000000
(8,9),(6,12):0.000000
(8,9),(6,1):0.000000
(8,9),(14,1):12.727273
(8,9),(14,4):17.200001
(8,9),(18,4):0.000000
(8,9),(18,7):0.000000
(8,9),(19,7):0.000000
(8,9),(19,10):0.000000
(8,9),(20,10):0.000000
(8,9),(20,2):0.000000
(8,9),(22,2):0.000000
(8,9),(22,6):0.000000
(8,9),(23,6):0.000000
(8,9),(23,8):0.000000
(11,9),(11,3):45.000000
(11,9),(7,3):6.000000
(11,9),(7,12):0.000000
(11,9),(6,12):0.000000
(11,9),(6,1):8.097403
(11,9),(14,1):38.666668
(11,9),(14,4):48.700001
(11,9),(18,4):7.166667
(11,9),(18,7):0.000000
(11,9),(19,7):0.000000
(11,9),(19,10):0.000000
(11,9),(20,10):0.000000
(11,9),(20,2):0.000000
(11,9),(22,2):0.000000
(11,9),(22,6):0.000000
(11,9),(23,6):0.000000
(11,9),(23,8):0.000000
(11,3),(7,3):16.000000
(11,3),(7,12):2.000000
(11,3),(6,12):2.222222
(11,3),(6,1):18.333334
(11,3),(14,1):46.000000
(11,3),(14,4):51.333332
(11,3),(18,4):7.166667
(11,3),(18,7):0.000000
(11,3),(19,7):0.000000
(11,3),(19,10):0.000000
(11,3),(20,10):0.000000
(11,3),(20,2):0.000000
(11,3),(22,2):0.000000
(11,3),(22,6):0.000000
(11,3),(23,6):0.000000
(11,3),(23,8):0.000000
(7,3),(7,12):11.000000
(7,3),(6,12):11.222222
(7,3),(6,1):25.000000
(7,3),(14,1):16.142857
(7,3),(14,4):11.833333
(7,3),(18,4):0.000000
(7,3),(18,7):0.000000
(7,3),(19,7):0.000000
(7,3),(19,10):0.000000
(7,3),(20,10):0.000000
(7,3),(20,2):0.000000
(7,3),(22,2):0.000000
(7,3),(22,6):0.000000
(7,3),(23,6):0.000000
(7,3),(23,8):0.000000
(7,12),(6,12):11.000000
(7,12),(6,1):11.000000
(7,12),(14,1):2.142857
(7,12),(14,4):0.500000
(7,12),(18,4):0.000000
(7,12),(18,7):0.000000
(7,12),(19,7):0.000000
(7,12),(19,10):0.000000
(7,12),(20,10):0.000000
(7,12),(20,2):0.000000
(7,12),(22,2):0.000000
(7,12),(22,6):0.000000
(7,12),(23,6):0.000000
(7,12),(23,8):0.000000
(6,12),(6,1):11.222222
(6,12),(14,1):2.365079
(6,12),(14,4):0.626984
(6,12),(18,4):0.000000
(6,12),(18,7):0.000000
(6,12),(19,7):0.000000
(6,12),(19,10):0.000000
(6,12),(20,10):0.000000
(6,12),(20,2):0.000000
(6,12),(22,2):0.000000
(6,12),(22,6):0.000000
(6,12),(23,6):0.000000
(6,12),(23,8):0.000000
(6,1),(14,1):17.942858
(6,1),(14,4):14.166667
(6,1),(18,4):0.583333
(6,1),(18,7):0.000000
(6,1),(19,7):0.000000
(6,1),(19,10):0.000000
(6,1),(20,10):0.000000
(6,1),(20,2):0.000000
(6,1),(22,2):0.000000
(6,1),(22,6):0.000000
(6,1),(23,6):0.000000
(6,1),(23,8):0.000000
(14,1),(14,4):44.500000
(14,1),(18,4):5.500000
(14,1),(18,7):0.000000
(14,1),(19,7):0.000000
(14,1),(19,10):0.000000
(14,1),(20,10):0.000000
(14,1),(20,2):0.000000
(14,1),(22,2):0.000000
(14,1),(22,6):0.000000
(14,1),(23,6):0.000000
(14,1),(23,8):0.000000
(14,4),(18,4):9.833333
(14,4),(18,7):1.416667
(14,4),(19,7):0.000000
(14,4),(19,10):0.387500
(14,4),(20,10):0.000000
(14,4),(20,2):0.000000
(14,4),(22,2):0.000000
(14,4),(22,6):0.000000
(14,4),(23,6):0.000000
(14,4),(23,8):0.000000
(18,4),(18,7):12.450000
(18,4),(19,7):9.200000
(18,4),(19,10):10.900000
(18,4),(20,10):6.200000
(18,4),(20,2):0.000000
(18,4),(22,2):0.000000
(18,4),(22,6):0.000000
(18,4),(23,6):0.000000
(18,4),(23,8):0.000000
(18,7),(19,7):18.285715
(18,7),(19,10):25.985714
(18,7),(20,10):18.285715
(18,7),(20,2):1.500000
(18,7),(22,2):3.579365
(18,7),(22,6):0.000000
(18,7),(23,6):0.000000
(18,7),(23,8):0.000000
(19,7),(19,10):18.571428
(19,7),(20,10):12.571428
(19,7),(20,2):0.000000
(19,7),(22,2):0.500000
(19,7),(22,6):0.000000
(19,7),(23,6):0.000000
(19,7),(23,8):0.000000
(19,10),(20,10):25.000000
(19,10),(20,2):6.000000
(19,10),(22,2):5.500000
(19,10),(22,6):0.000000
(19,10),(23,6):0.000000
(19,10),(23,8):0.000000
(20,10),(20,2):19.000000
(20,10),(22,2):18.166666
(20,10),(22,6):12.000000
(20,10),(23,6):3.500000
(20,10),(23,8):7.000000
(20,2),(22,2):15.000000
(20,2),(22,6):14.000000
(20,2),(23,6):5.500000
(20,2),(23,8):9.000000
(22,2),(22,6):13.000000
(22,2),(23,6):4.500000
(22,2),(23,8):8.000000
(22,6),(23,6):6.500000
(22,6),(23,8):10.000000
(23,6),(23,8):6.000000
