5.83453
9.15555
2.8782
2.36732
1.78625
5.29435
8.20093
8.01447
1.50395
1.65197
6.12964
2.61574
4.35347
7.69494
0.576189
2.50771
2.11127
0.73397
6.68233
6.04022
3.40495
8.85678
3.27616
2.45399
8.3282
3.32987
6.91366
6.01459
7.29423
8.28944
4.06018
5.70849
3.19102
0.524918
2.98257
5.82232
0.89938
7.17887
1.90924
7.7105
3.23466
4.16272
5.02274
8.06818
7.38121
3.1135
2.84677
4.02173
0.872524
9.69573
8.59004
0.344249
1.19022
1.06143
7.00919
9.11771
8.03247
5.28825
7.35557
7.14347
2.32582
0.596026
6.96463
1.4243
1.0361
7.16758
7.05313
8.02271
1.8424
9.37315
7.28568
4.60891
6.73605
1.22379
0.673544
2.01758
8.60927
2.85653
5.3679
5.11704
