8.27845
5.26475
6.33747
0.299997
2.04047
5.42314
6.00146
7.47307
2.28187
8.65566
6.71804
7.22556
7.88507
5.56688
9.92065
0.515763
5.19639
4.44533
3.75591
8.86715
6.76443
1.30436
4.21278
7.22617
4.00067
8.14417
1.58422
0.833155
7.83074
7.25059
8.8226
6.40309
6.39637
4.34065
3.35154
2.93741
3.86944
8.36848
8.90042
2.4778
9.44273
0.803247
8.91629
6.11286
0.558184
2.19489
8.12372
5.55162
9.43815
8.83297
3.79101
5.57604
6.9747
7.31864
3.26609
7.68456
3.05277
9.86175
9.34172
0.240181
7.35374
8.10541
0.0195318
5.43504
9.71343
8.30775
4.22864
8.3816
4.09467
5.67492
0.0628681
8.64925
5.23331
0.674764
7.10379
9.55107
2.02155
5.12833
9.38322
5.49944
