1.01535
3.18918
9.93744
0.037843
3.24809
4.44258
9.29777
1.67821
1.91595
9.40977
6.26728
0.798364
7.53319
4.4264
3.21299
1.1829
1.0947
4.45875
6.37257
5.70452
4.22254
8.92636
9.6411
1.21769
5.73046
8.2458
6.18732
9.9585
8.68435
8.90988
4.46791
7.75536
7.00674
9.91516
0.193182
4.37483
5.70086
8.34834
0.818506
6.30543
3.74493
6.94723
4.11267
7.29453
3.72875
1.44444
7.3748
6.95486
7.28782
0.510575
8.85525
2.74697
0.40437
6.10767
7.94733
5.65508
7.63115
7.0629
5.71154
4.86587
9.30387
3.68114
2.29408
1.76275
0.806909
6.20197
2.80099
8.55251
7.94916
4.91897
8.19361
1.82806
7.51701
4.76913
2.76498
6.39027
7.06656
2.21168
4.7618
9.63347
3.01462
7.19932
1.7127
1.80883
1.0947
8.06391
7.02567
2.48299
8.23847
2.12256
9.41771
8.49727
9.94324
9.81994
1.74017
3.74279
2.19398
5.21683
0.760216
6.06861
1.99683
0.640584
4.46181
1.62725
5.58763
8.30805
8.42738
1.97485
8.37916
6.73055
7.86676
4.24055
5.7094
4.72243
6.85232
9.66979
8.45454
0.813623
1.32176
0.864284
2.56478
0.888699
7.41539
3.02286
6.59017
1.8601
1.70507
9.49828
6.25813
4.18836
4.88479
6.98508
0.161443
1.06326
5.47563
0.646687
5.62578
7.05802
5.11582
4.50026
8.81161
4.06598
1.99438
7.36076
8.11884
7.34031
3.99304
9.67223
4.95651
9.43724
8.09442
1.52409
0.934782
4.88693
7.62688
7.17612
5.54704
3.39763
3.90027
6.39515
