2.49794
8.66512
5.80981
9.30754
3.40922
4.15143
7.28813
3.2667
9.72838
0.468154
2.92703
1.35044
4.16578
0.0146489
8.93277
9.73144
8.83389
9.56603
0.648213
0.372326
8.86441
5.66485
7.62932
2.05329
0.578631
6.36189
9.67498
8.52626
8.27387
7.11447
0.378735
4.11176
8.67763
3.65886
9.76287
2.05145
7.14927
9.66948
2.55318
5.92456
4.67696
2.01025
3.6668
9.44243
9.73907
1.40477
7.46452
4.93789
4.09101
1.32023
2.3368
5.85681
6.54256
2.89315
7.18619
3.56456
3.78185
8.69808
1.36204
3.7843
2.31788
3.17911
4.62233
2.97403
0.593585
2.55562
8.66787
9.95941
5.34104
2.0072
6.82943
3.13059
1.23508
2.96304
3.45836
8.52321
7.91192
8.29768
9.58586
9.08292
3.41166
8.24854
6.4153
0.440687
8.11243
4.87289
3.21116
3.5023
8.20978
7.84844
1.14078
9.1641
2.81533
9.43571
9.63897
5.47349
3.72784
1.41179
6.85354
2.54402
1.9422
1.79296
0.734581
5.53209
9.96124
4.14991
2.33345
0.99765
3.96924
7.33604
7.86737
6.95395
4.93271
8.43837
1.1185
1.92053
2.68715
6.7626
2.72897
3.29478
2.07709
1.66784
7.94855
0.350352
5.20798
2.05756
9.40611
2.17872
8.87356
0.347606
6.46107
5.88275
1.22257
8.717
7.6989
5.3383
6.7272
0.455641
8.13654
5.83361
3.51024
4.22559
7.6925
4.90127
2.10395
4.04065
2.49367
4.65346
9.6939
2.78359
5.57543
5.93249
8.91263
2.07221
8.53603
9.59288
5.24979
6.28224
0.712912
5.22141
2.13599
3.54503
7.44407
2.61483
7.76513
1.53111
3.96496
6.32099
2.71676
0.828578
6.52394
8.56014
2.44484
3.73486
7.25669
0.837428
3.68755
1.26896
4.40107
9.56023
8.87082
6.21967
4.39985
5.96912
7.55577
5.04105
7.46574
5.70177
9.00815
6.40858
3.16202
8.29524
4.93454
9.24894
7.56859
1.94159
6.46413
8.05048
8.58821
3.81481
