5.5092
6.40614
7.10654
7.3281
7.21061
8.37794
0.0640889
1.54332
6.17634
4.00739
3.50475
6.50349
6.64296
2.99326
6.11133
7.82342
1.76885
0.845363
1.39775
9.82879
8.97366
9.12107
8.25312
0.175481
7.32444
9.50713
9.93988
9.10001
1.04068
9.56542
8.11487
3.60759
8.17194
2.94656
3.4315
1.91992
8.51253
1.89276
9.28587
8.48415
9.81994
4.83657
0.268563
4.86282
6.39393
6.90909
1.88971
6.81631
9.08475
6.17145
3.13334
2.88705
0.784631
3.38359
8.40571
4.80148
6.47664
8.1167
0.442824
5.00076
1.88818
9.0289
0.736412
1.61199
9.83093
1.11148
9.04263
6.17481
8.26777
7.72423
8.53175
4.43342
9.19095
0.220954
8.1521
5.50768
2.35481
2.99478
8.75576
9.75555
2.94137
6.73696
4.56099
0.638752
7.20786
7.73705
6.50868
0.907926
5.19089
6.02863
9.07407
8.41304
4.51888
0.194708
7.0983
1.8543
4.40413
1.64617
4.20484
1.79388
3.87127
6.18641
9.35758
7.22617
3.28623
5.67125
3.12449
3.03018
3.24931
7.58171
0.216376
8.61538
9.91424
5.31754
9.85321
3.0665
0.793786
7.0275
0.523698
7.11112
0.119633
5.78478
0.708029
7.20969
7.81121
8.92544
2.11371
2.09113
1.12308
9.35758
6.99789
7.04184
3.03079
6.657
6.13025
6.25904
6.4153
0.758995
8.96756
8.58547
8.11304
6.0622
2.59377
6.9335
1.89001
8.7521
0.994293
6.7159
4.40657
5.16343
1.2244
3.58867
3.22886
3.98877
8.03369
5.8272
0.957671
0.144658
3.51085
1.64098
4.53108
3.11502
3.31217
6.7449
3.76598
7.57622
6.03046
2.49123
8.1991
9.12076
7.27561
9.89013
6.29353
2.89193
5.02029
9.81079
6.06922
7.94092
7.78253
4.69466
1.22227
5.11643
2.19733
2.08136
1.79571
1.30711
1.55065
5.26414
3.46232
7.8399
1.82867
1.38585
4.48408
5.85101
6.85141
2.29194
4.40931
6.44612
9.05118
8.44569
