6.44581
0.341197
9.48149
4.41908
3.01736
0.5356
2.39051
5.54613
9.07681
7.02689
9.9469
8.68435
1.55675
5.95202
7.92138
8.96634
2.72256
2.53487
9.59532
4.69924
8.20246
3.23344
0.558184
9.21384
2.69845
4.86343
2.5959
5.46281
7.43492
8.50612
3.21207
3.68969
8.40419
1.01108
2.36824
7.4752
9.47966
1.91565
2.9841
8.47285
9.45402
8.57845
6.77602
5.15305
7.06259
7.35466
1.98614
5.85894
3.06192
3.61766
4.57228
1.49388
3.41868
8.43837
9.41282
8.15027
2.67403
4.73861
3.09641
4.98947
1.54973
0.730918
4.85794
7.69372
7.85058
3.45531
7.21732
2.78939
4.73251
0.223701
2.8898
3.17026
5.39811
0.79104
9.53032
0.116276
8.27601
8.05963
8.86746
2.13538
1.75481
0.128788
1.8009
5.92944
2.52937
1.51036
6.01276
9.8059
6.6216
6.31184
7.66289
4.8384
7.14042
1.20518
3.73028
4.09955
7.84387
0.996734
6.55995
5.26749
6.56178
4.60372
7.17856
6.92618
7.54692
4.25459
8.94436
3.86975
6.81112
5.72527
8.08863
1.72338
9.51689
2.42164
2.71889
6.1916
3.47667
1.1243
6.83584
7.24906
