5.10819
9.84222
2.87484
3.4727
3.38633
1.13712
2.57393
7.70562
8.4521
9.38688
7.27012
5.9273
4.92386
2.3603
3.77667
2.3307
1.32145
6.20533
3.54045
7.91345
3.64391
0.954619
7.36473
2.55562
0.377209
1.76061
2.96274
8.60897
2.98959
3.65917
1.90985
6.29566
0.97354
2.68685
7.54753
6.24073
5.50768
1.1539
0.410169
9.44212
0.788598
9.89288
2.73385
9.99847
7.10562
5.28825
8.60805
0.899075
4.71053
3.91095
1.33518
8.1988
2.55837
2.55531
4.5616
3.87524
0.966826
6.50258
8.73562
2.70028
2.26844
3.82
9.46562
3.4196
8.5107
8.50612
9.33226
9.56664
0.271004
0.295419
9.72045
0.213324
5.64989
3.93994
4.23353
5.98071
3.49467
5.76891
0.252998
0.607624
9.93347
0.354015
0.203558
3.40861
2.26569
5.07828
9.08841
2.91269
9.2822
5.43199
9.85717
7.01468
2.06946
8.83999
3.16721
9.93713
4.37147
9.8413
3.10434
1.32389
6.55629
4.42366
5.41887
7.77642
2.26539
6.33564
9.84832
2.13813
1.79876
3.18003
3.08023
0.853298
1.29887
5.10697
3.92712
4.69771
1.8012
3.91705
7.26585
3.20566
7.20969
5.38652
8.31233
8.09748
5.25681
2.62703
3.78948
6.02588
0.521867
3.29569
1.55217
5.94958
3.55449
8.46217
5.23331
1.44932
5.17991
5.94928
5.46831
3.29814
0.0381481
5.96118
4.26893
2.59529
8.42891
1.80517
4.09955
9.78393
0.513627
3.52733
8.22718
9.85443
1.94922
7.26768
3.89843
9.05667
5.00656
8.15333
4.91806
3.42662
4.23963
9.53734
5.17624
4.44075
0.770592
6.39821
9.70305
2.11402
4.24848
5.71337
4.79812
0.849025
6.5453
1.61504
3.81207
8.35597
6.25721
8.14661
0.128178
2.94595
8.06299
7.42668
3.91766
9.52086
6.01367
6.03839
4.2259
9.56267
4.80728
7.4514
2.95236
5.44298
8.11518
3.29356
2.2895
4.35957
8.02179
1.28086
2.17933
2.21381
