1.59642
9.48759
4.34248
4.65712
2.68197
5.87481
6.97104
9.23124
8.08588
2.77688
5.45915
0.577105
0.431532
6.13575
5.54064
5.815
0.398877
2.80465
4.98093
1.67394
2.725
8.79238
0.0946074
1.18625
7.38243
1.9776
8.84976
0.628986
9.99603
7.11356
7.11264
7.03757
0.558794
5.92273
9.60143
1.59368
4.5143
0.108036
2.10913
9.20835
5.26109
0.085757
6.55904
9.6054
2.14667
7.24937
5.45335
0.223701
3.01462
2.58644
7.28019
6.24958
5.36119
9.45219
9.43937
8.08496
5.17075
3.31706
0.250557
1.57598
7.48711
6.29963
6.60665
1.30497
7.78802
9.29594
8.83175
2.26081
8.22138
9.51964
9.31089
0.201422
7.76696
6.26698
6.45253
6.02161
0.387585
2.71157
0.542619
4.43373
