200 1000
22 18 7 7 8 9 8 3 6 17 21 13 11 3 8 11 16 4 4 5 7 9 10 7 5 8 9 7 3 7 5 16 6 27 4 4 4 10 12 5 8 6 8 10 7 14 4 11 17 3 2 6 8 3 5 3 13 6 6 5 8 12 8 5 21 5 2 3 4 12 17 8 4 16 16 4 5 5 8 16 8 15 12 4 2 10 7 6 4 21 5 10 3 12 18 4 4 7 4 27 16 2 11 11 12 10 13 2 11 5 13 16 10 25 6 6 3 7 3 14 3 4 15 15 3 9 8 3 2 13 2 14 2 5 12 6 14 2 2 4 5 23 15 2 4 7 4 19 6 8 6 9 10 7 4 14 5 12 4 14 5 9 14 6 10 9 28 19 18 8 4 18 14 11 25 7 18 12 18 4 4 2 4 11 8 11 4 5 7 8 5 7 5 6 4 13 14 2 6 9 3 8 13 5 5 3 4 12 4 3 15 8 5 7 10 7 6 2 6 11 2 4 13 2 12 4 6 16 21 3 3 8 3 6 7 18 11 20 11 7 5 3 5 22 18 14 10 18 26 6 9 7 6 7 9 5 19 8 14 13 2 5 7 11 5 6 25 9 11 8 3 5 25 8 7 6 6 3 7 11 2 6 10 29 22 10 19 2 5 8 7 19 4 2 31 6 21 12 10 14 7 17 21 4 8 10 9 7 22 13 7 11 12 16 10 21 7 4 20 14 8 8 11 6 11 9 15 2 6 4 3 20 5 17 4 10 7 7 2 6 4 11 9 10 15 3 7 11 7 4 4 11 13 8 9 28 3 10 39 5 3 5 3 15 6 5 11 7 12 6 14 11 10 13 10 5 18 7 7 6 17 8 10 15 13 13 10 5 24 10 8 11 4 5 15 13 19 8 13 2 7 17 12 11 12 14 23 12 24 3 9 6 8 15 15 13 12 10 13 6 11 4 11 4 6 8 3 7 13 7 4 9 17 8 22 7 3 6 6 3 11 10 5 6 3 9 5 12 29 5 7 6 3 13 18 4 6 7 21 28 5 8 12 10 11 11 7 10 12 5 11 12 8 8 10 12 22 5 5 11 14 4 10 5 4 5 11 21 11 22 14 11 4 7 7 8 18 5 18 6 4 6 2 7 5 13 20 6 10 23 25 15 20 25 2 8 10 5 5 7 11 10 3 14 9 6 5 10 7 7 20 4 6 3 28 8 8 8 7 20 5 10 8 18 18 19 4 17 9 3 3 17 3 7 15 12 4 11 5 11 12 5 17 6 22 10 5 6 5 6 3 6 3 14 5 3 4 6 7 22 10 10 7 7 9 6 3 23 10 7 6 5 6 6 2 13 7 6 8 5 19 5 4 4 18 3 4 6 2 6 6 3 7 16 9 2 7 9 11 2 10 6 7 9 11 6 14 2 11 27 5 15 21 7 15 6 3 15 8 3 16 21 15 7 10 2 15 6 2 16 10 11 6 3 12 7 26 4 7 3 14 3 12 10 5 30 2 7 15 10 8 26 4 13 3 22 7 34 6 4 15 9 17 7 29 9 6 4 23 8 6 9 2 7 6 14 5 6 3 29 10 6 5 13 6 7 11 6 13 2 4 5 5 7 7 7 10 14 5 27 6 6 4 4 7 3 14 2 5 4 10 16 10 16 10 9 7 24 18 2 12 7 20 2 5 5 7 10 12 5 15 35 11 6 5 11 7 4 5 3 6 8 14 13 11 7 10 17 4 8 21 8 2 3 25 3 24 10 12 9 4 15 11 4 7 4 6 14 10 9 5 5 8 19 8 4 6 16 5 14 12 7 20 10 11 11 2 11 12 7 6 7 7 9 7 23 5 4 21 7 9 19 9 24 12 19 11 11 7 20 9 12 6 9 5 18 11 19 3 28 10 6 3 16 10 11 6 7 4 5 5 8 7 5 6 7 5 12 6 7 9 5 7 6 15 15 3 9 14 8 16 21 16 5 9 16 10 8 13 9 18 6 23 11 6 4 19 8 11 15 6 14 14 8 8 12 6 21 3 6 6 2 4 3 10 7 13 3 7 8 7 6 13 6 11 14 11 23 5 15 7 17 11 9 15 10 3 10 8 6 6 14 10 9 10 4 10 14 3 6 7 5 7 5 10 10 2 7 12 4 16 18 3 2 18 5 2 8 4 21 2 14 5 4 15 3 3 19 22 15 14 5 15 10 8 14 10 5 14 2 4 6 26 12 3 13 5 3 7 9 9 4 7 11 9 23 3 3 6 13 
10
97 148 248 354 441 512 562 718 851 898 
10
114 289 524 592 717 772 781 877 941 976 
19
99 199 225 262 291 325 369 420 447 454 464 469 505 507 511 650 666 684 720 
10
221 273 285 400 420 630 636 728 750 821 
10
6 150 314 391 399 542 569 775 827 918 
10
39 100 489 490 543 553 596 678 772 872 
10
160 199 207 491 507 689 765 897 946 998 
10
264 334 456 470 477 633 723 777 794 855 
28
17 34 56 101 194 197 300 309 315 338 348 355 503 540 563 586 593 670 678 742 841 843 851 885 928 950 960 965 
10
269 327 349 355 371 701 727 789 825 838 
10
196 402 489 653 657 819 860 880 885 981 
19
23 63 65 94 126 141 302 389 414 455 481 505 544 556 579 596 708 844 893 
10
127 158 179 284 374 492 595 642 709 795 
10
95 436 451 490 494 513 619 724 930 934 
10
70 100 334 445 599 705 772 780 866 998 
10
40 95 435 466 522 606 718 793 845 897 
10
2 245 251 273 316 376 521 538 786 982 
13
10 107 224 358 395 492 497 608 685 704 857 942 957 
10
75 230 270 372 474 487 513 672 732 952 
35
1 17 83 91 186 239 253 259 283 284 300 303 323 428 432 446 448 471 494 520 542 601 625 636 645 657 663 733 789 856 938 955 993 994 1000 
30
4 23 63 72 80 132 167 196 298 304 327 383 431 456 474 483 484 524 571 627 635 666 689 741 757 785 788 810 922 948 
37
10 11 18 23 44 95 137 143 146 183 208 214 220 258 273 319 359 372 377 408 425 440 501 502 543 568 580 621 717 753 819 824 840 852 926 928 996 
52
15 22 66 79 107 148 158 165 172 173 214 222 237 248 252 255 258 271 293 325 327 348 350 369 384 469 493 516 522 544 555 563 582 602 617 625 629 642 699 714 727 739 744 746 751 764 790 812 827 879 889 962 
10
87 139 265 356 545 677 779 859 869 922 
68
15 16 25 32 71 81 90 118 128 129 142 155 162 169 217 255 280 294 297 318 319 329 351 353 370 382 393 401 405 408 438 440 466 472 474 489 498 507 529 532 550 635 639 642 655 660 662 671 678 685 720 735 746 750 790 804 806 824 837 839 871 883 908 925 934 958 968 1000 
36
98 107 149 154 168 169 173 246 260 284 299 344 376 383 409 412 421 424 425 460 491 495 501 510 548 564 653 713 793 803 864 873 884 900 940 987 
10
17 104 120 244 259 325 359 540 679 909 
30
7 76 108 151 166 167 240 251 269 335 340 403 477 545 557 583 642 650 657 682 738 743 768 798 806 816 824 920 955 968 
37
32 50 118 156 170 177 254 292 320 322 333 374 479 507 539 544 635 650 675 688 704 720 748 752 787 807 819 825 882 899 911 917 918 919 920 938 961 
10
226 234 511 550 631 657 736 883 906 1000 
35
32 34 39 58 96 113 115 148 201 217 233 252 263 267 284 334 382 485 510 530 542 548 559 570 694 696 759 763 775 857 865 872 921 979 989 
10
38 44 190 228 443 485 700 768 800 896 
10
84 146 232 299 314 353 419 700 701 855 
23
3 28 82 197 215 341 431 482 538 540 541 549 618 669 672 750 805 811 824 826 871 966 979 
43
27 30 42 58 88 109 193 213 234 270 288 298 302 320 324 331 379 393 399 481 489 490 566 578 591 614 647 648 681 682 748 770 798 825 840 887 891 916 953 958 969 990 997 
10
183 244 247 302 434 514 556 704 822 887 
10
204 235 267 530 564 629 808 884 932 980 
10
40 60 184 254 472 764 815 902 917 957 
34
53 62 93 211 223 257 258 284 287 316 363 383 499 500 528 542 574 600 601 613 655 725 782 804 841 859 861 912 951 969 987 990 993 1000 
10
61 84 238 429 558 565 645 647 881 943 
33
142 169 193 249 250 274 286 353 409 435 464 473 497 537 552 613 618 643 682 685 703 725 803 850 861 881 932 936 948 963 967 980 983 
28
100 130 140 142 158 172 232 249 252 315 349 362 460 529 543 545 549 565 585 692 720 780 823 826 860 896 928 937 
31
60 167 172 175 176 238 246 259 273 302 341 354 365 369 459 497 526 552 587 624 658 672 738 741 775 863 871 875 909 994 996 
10
57 244 336 356 369 454 834 849 873 898 
20
63 75 248 308 452 490 527 530 536 677 683 717 734 745 848 864 867 946 977 986 
35
2 101 107 161 182 194 272 276 389 417 469 472 478 522 542 544 552 598 610 661 668 710 726 756 789 810 821 831 845 948 952 962 983 996 999 
10
9 114 277 287 340 344 430 478 574 999 
36
57 67 80 116 123 168 262 273 280 283 298 320 339 369 371 390 391 414 458 573 657 666 672 727 788 792 868 873 892 942 966 968 969 976 993 995 
10
63 112 309 338 349 605 666 766 779 985 
10
38 61 222 332 351 639 800 807 866 880 
10
4 234 252 266 351 605 630 756 768 851 
10
14 41 95 103 145 283 476 692 832 935 
10
12 43 71 175 269 580 716 743 749 840 
10
1 218 399 415 568 620 663 852 858 935 
45
5 24 32 111 136 210 215 224 229 246 287 309 347 386 411 418 426 449 451 467 490 491 535 558 585 646 647 650 657 677 702 736 749 757 758 777 817 820 880 883 932 948 956 984 993 
15
10 145 159 223 292 295 401 465 507 531 657 700 849 892 938 
10
94 233 275 402 454 512 660 695 883 918 
10
35 44 120 200 210 481 752 885 888 925 
12
9 34 119 175 257 336 381 578 773 921 936 949 
15
104 110 141 188 284 310 460 518 731 747 805 822 828 868 928 
10
69 81 535 665 755 830 852 867 887 971 
10
212 236 249 259 375 397 475 514 696 891 
11
203 215 275 306 387 459 518 524 671 676 730 
10
125 163 201 557 634 689 772 809 822 919 
10
123 156 196 334 465 493 658 668 819 823 
23
10 12 26 29 51 86 168 220 269 274 340 367 477 499 506 526 668 685 698 776 794 831 958 
36
43 50 70 72 111 155 174 200 236 251 260 291 388 392 405 408 420 426 484 585 630 633 683 688 703 706 727 754 836 866 878 910 926 942 965 974 
14
78 131 178 241 255 409 433 607 684 740 856 870 918 991 
10
2 148 286 343 401 433 724 856 876 954 
47
4 11 20 52 69 70 77 87 135 175 186 232 235 246 285 312 322 336 337 385 397 399 402 408 417 459 523 533 542 561 602 605 759 760 770 773 824 832 838 848 851 858 874 890 939 984 995 
20
32 62 67 232 249 315 316 371 387 483 514 516 517 565 803 846 848 905 910 963 
10
18 399 477 594 622 642 656 743 878 935 
39
5 24 57 111 177 180 188 189 227 251 264 309 317 364 372 441 483 494 509 516 520 580 594 606 621 623 640 678 687 796 811 816 879 895 938 945 946 947 971 
10
10 160 295 371 438 544 691 698 740 1000 
40
8 15 27 34 50 100 111 124 143 155 162 170 173 192 205 207 249 253 275 310 378 401 435 475 507 539 555 559 560 597 604 633 651 676 770 844 881 929 966 975 
29
51 103 107 130 140 174 180 190 200 208 236 260 270 345 441 525 540 555 561 646 712 745 775 778 861 933 981 992 996 
30
4 14 28 94 111 114 228 275 285 313 315 334 397 402 416 455 460 502 566 576 589 626 641 664 674 833 874 946 965 971 
14
55 170 319 511 693 777 804 829 840 857 861 929 949 970 
23
48 65 95 125 223 303 310 315 339 376 554 597 610 618 816 837 854 870 872 913 937 952 978 
23
39 85 132 135 187 228 267 358 426 432 569 647 681 686 696 715 766 779 786 799 952 955 991 
13
5 16 211 236 332 365 516 556 776 782 805 914 978 
10
143 159 321 434 642 734 839 893 929 995 
30
7 8 40 64 71 147 274 305 310 312 319 352 476 488 495 509 517 536 626 633 665 689 820 824 865 876 907 916 946 986 
12
16 48 56 223 548 664 723 752 775 878 922 962 
10
436 451 475 558 615 637 866 873 992 995 
28
22 31 92 100 184 204 323 375 388 410 431 436 443 468 489 546 582 614 644 651 685 749 775 854 858 888 962 974 
58
2 11 19 27 42 59 72 80 90 92 94 96 104 114 149 160 181 191 205 228 240 262 263 293 305 359 366 367 442 448 454 465 510 543 556 572 607 609 612 642 678 685 691 731 745 748 793 808 832 857 873 906 921 922 946 960 970 983 
10
197 228 285 381 403 474 721 738 826 933 
10
37 41 46 178 396 429 588 787 952 968 
10
44 243 269 300 312 444 537 635 802 897 
10
22 32 70 88 173 296 373 762 824 831 
10
277 355 406 707 780 793 820 831 950 985 
10
57 100 199 204 390 423 720 825 915 936 
10
216 267 332 402 413 423 603 754 959 973 
10
42 60 84 228 279 457 538 716 912 995 
10
13 116 219 277 468 517 552 680 884 916 
10
138 167 232 274 690 741 774 830 917 987 
10
97 317 480 509 531 681 879 940 951 999 
30
31 172 202 206 232 275 276 277 314 345 367 446 450 525 552 581 589 597 637 672 737 794 877 905 917 927 933 942 983 984 
40
1 3 4 49 58 109 157 182 213 297 314 325 333 402 433 451 460 497 519 532 580 588 605 644 668 695 699 729 738 775 798 815 864 875 896 915 916 918 926 930 
44
101 131 156 161 163 169 197 209 234 239 342 354 356 357 385 389 406 413 416 418 421 423 437 439 450 519 545 548 575 611 614 638 641 654 663 676 713 907 928 939 955 976 996 998 
39
12 26 31 140 143 145 146 163 178 316 353 373 406 423 471 500 508 522 530 551 583 629 631 649 659 677 700 782 783 794 801 804 841 862 872 924 928 949 965 
23
3 52 153 163 174 184 209 318 364 417 460 482 513 540 560 628 669 716 722 753 781 843 850 
17
75 141 295 303 324 382 385 409 482 488 499 520 549 567 572 758 768 
35
11 59 82 90 91 117 144 248 315 327 343 359 364 381 386 413 471 473 518 548 599 635 650 700 715 760 801 826 833 836 869 893 916 932 971 
10
14 34 124 148 260 407 489 743 845 983 
10
122 165 280 334 399 485 531 535 741 814 
10
52 433 462 463 524 770 771 821 892 895 
33
2 27 112 154 162 165 174 208 276 336 375 506 511 522 523 546 556 563 574 611 628 641 679 719 762 782 803 858 870 905 913 944 996 
10
167 229 336 414 449 579 620 907 959 974 
32
49 56 110 208 257 259 282 289 314 337 359 402 433 456 477 479 596 625 627 643 682 790 822 827 869 871 872 889 913 956 989 995 
10
10 212 410 462 543 584 627 728 819 904 
22
65 115 149 155 281 343 356 365 435 481 496 563 607 618 659 682 711 718 797 813 947 989 
10
45 244 455 500 537 560 878 916 936 983 
10
86 423 432 434 463 666 750 771 784 833 
40
1 11 13 133 203 219 248 257 274 303 319 342 343 374 394 397 407 411 427 460 464 497 503 619 641 645 691 697 709 745 761 782 816 829 837 838 846 887 964 981 
10
13 83 346 535 538 764 830 855 868 944 
18
111 162 211 317 347 356 421 476 551 638 651 724 735 741 822 880 914 927 
21
37 137 138 174 237 245 254 295 435 444 468 488 538 634 753 817 837 869 962 979 988 
10
5 244 267 290 352 402 409 512 655 984 
10
21 276 358 364 370 463 601 765 973 988 
10
77 322 350 562 603 655 709 751 898 948 
33
9 47 69 150 167 179 185 250 264 266 359 408 449 455 476 510 580 581 632 662 694 703 713 715 826 829 868 880 888 894 912 967 983 
10
106 128 157 165 256 378 458 616 644 683 
10
54 62 73 169 196 345 415 546 832 969 
59
1 54 64 81 94 110 114 123 184 195 207 229 245 246 257 273 275 292 295 361 373 389 392 404 406 423 439 444 446 489 504 509 530 537 565 579 605 606 621 630 643 648 661 666 673 695 733 746 777 801 808 834 838 874 882 919 921 979 990 
10
12 86 303 321 382 453 644 738 868 995 
10
36 123 285 308 414 498 627 652 676 735 
21
13 98 105 150 198 269 287 297 325 397 451 461 462 614 641 674 677 684 712 738 922 
21
105 149 160 204 269 279 305 317 322 363 446 516 532 592 624 647 672 685 702 842 954 
10
83 168 284 286 344 359 407 492 546 830 
10
264 275 316 545 561 608 613 614 747 800 
10
55 312 332 670 799 803 829 875 913 951 
11
100 229 284 313 580 600 669 774 818 883 929 
10
134 195 325 328 369 419 473 632 641 752 
10
2 74 100 213 643 661 686 768 883 900 
10
53 75 117 179 304 592 653 907 949 968 
21
23 46 49 124 129 136 142 192 204 285 323 379 427 488 525 590 604 615 759 986 999 
20
11 83 171 330 361 397 416 418 419 430 442 487 504 565 569 595 623 639 734 781 
10
130 227 307 335 409 627 686 732 779 930 
32
26 76 112 154 178 211 257 269 294 319 365 380 403 417 431 449 464 491 602 617 657 672 681 683 696 715 720 795 835 855 884 886 
10
53 83 192 566 753 823 885 955 973 992 
25
52 74 122 159 203 287 319 375 407 466 474 488 495 547 586 611 618 654 714 719 757 767 771 835 986 
12
43 65 113 313 364 366 506 510 545 621 788 917 
19
42 88 226 251 278 295 421 423 470 517 540 744 767 816 830 850 922 960 977 
10
41 241 398 454 619 835 903 929 967 989 
10
113 177 452 514 644 659 737 867 962 995 
10
65 73 127 198 261 329 481 568 806 818 
10
2 223 245 403 437 467 567 583 749 828 
11
135 143 345 396 398 498 499 528 555 668 790 
10
179 297 408 428 490 546 674 809 831 864 
10
105 167 435 650 711 713 815 875 892 896 
37
15 27 30 46 65 114 120 125 135 152 215 231 301 306 326 351 360 380 411 432 465 466 487 501 566 575 639 664 665 717 736 791 852 897 903 928 952 
10
144 309 510 554 581 609 709 763 835 894 
10
87 253 297 314 392 425 624 733 835 864 
32
16 64 82 94 170 178 243 245 270 307 345 418 438 469 508 515 535 553 556 588 603 614 630 672 701 726 800 829 852 899 942 952 
10
7 21 167 365 390 395 683 842 857 935 
10
93 270 409 476 596 672 680 765 826 876 
10
311 366 388 433 603 626 796 853 861 904 
68
15 16 19 38 58 77 80 82 102 109 114 121 137 170 175 201 202 223 229 268 273 277 293 309 347 356 365 366 391 394 416 419 449 470 486 487 495 513 543 552 556 564 574 581 588 617 619 642 666 683 685 694 700 701 715 733 742 770 777 783 812 830 862 870 872 902 968 993 
10
83 112 416 429 458 531 567 893 923 934 
10
265 348 482 493 652 681 751 809 838 901 
10
1 273 352 354 359 380 481 528 536 892 
11
32 132 161 228 397 398 420 559 650 720 752 
10
78 109 230 302 314 453 512 544 640 794 
30
17 32 43 59 82 94 105 134 181 191 192 243 301 332 356 385 418 514 527 563 607 649 739 757 836 870 918 943 992 1000 
31
6 9 71 126 133 148 153 184 221 225 240 349 364 375 434 472 511 566 661 672 674 752 769 803 853 890 904 920 941 951 996 
11
97 99 472 554 601 802 842 910 924 960 976 
20
13 99 120 219 245 421 423 449 485 496 513 561 707 743 747 762 809 823 912 921 
51
20 33 47 74 79 90 101 106 122 124 146 149 166 170 206 248 272 280 300 371 407 417 449 476 488 512 514 534 563 567 573 585 630 666 669 681 696 697 725 736 762 764 815 840 876 877 879 887 921 977 996 
10
218 287 330 601 617 671 721 882 896 951 
19
35 90 104 119 124 176 180 203 222 261 290 381 389 393 451 514 517 945 997 
10
286 311 557 670 690 795 814 961 973 994 
10
238 423 459 624 725 736 760 769 815 908 
34
10 16 77 79 116 152 190 211 214 274 298 422 424 448 454 471 511 513 520 523 561 574 588 614 654 660 814 847 872 890 908 918 937 958 
37
44 81 120 143 153 167 209 267 280 281 288 312 328 387 459 517 518 552 588 591 597 599 601 678 692 767 777 778 783 799 829 849 881 898 912 916 960 
10
46 74 101 191 396 463 492 533 898 964 
21
38 75 140 298 305 319 386 413 449 580 615 689 700 732 757 771 788 912 938 970 975 
42
10 11 23 59 69 72 77 100 103 114 164 177 189 231 237 238 244 253 262 331 350 359 381 396 459 496 506 556 592 676 709 737 752 763 779 809 822 844 847 869 890 917 
10
21 124 360 367 428 580 632 720 767 984 
59
16 61 89 124 127 156 158 179 185 208 220 228 278 285 286 317 353 359 377 381 383 384 389 415 432 447 449 479 494 506 524 532 547 571 577 593 617 635 650 664 678 683 701 739 749 755 756 790 794 805 813 826 836 840 842 844 845 895 898 
26
64 68 80 87 107 109 143 192 214 256 303 405 465 474 516 546 563 630 748 763 775 798 823 844 945 953 
10
30 112 267 282 464 611 784 816 838 925 
55
26 34 63 85 104 124 166 175 212 225 242 250 271 272 279 306 308 378 383 419 441 445 480 496 498 533 558 568 574 577 580 590 599 627 629 636 641 652 667 694 701 710 718 732 791 819 828 834 840 845 856 879 895 898 948 
10
106 216 238 313 538 566 600 739 798 808 
38
86 134 136 156 195 286 297 298 303 326 327 377 389 398 406 433 457 489 510 638 644 664 673 707 718 734 752 763 765 766 767 831 882 889 915 926 975 990 
26
6 26 59 121 223 234 265 302 320 347 362 368 384 423 477 478 508 611 616 659 675 704 713 790 930 969 
50
3 25 48 49 63 71 72 82 89 117 126 142 154 160 186 187 222 249 250 255 319 352 386 404 429 438 463 491 509 530 533 582 587 629 644 656 671 689 706 725 756 785 798 812 852 901 924 931 972 991 
18
33 36 68 368 377 486 524 555 671 716 729 771 862 881 909 923 940 972 
68
46 62 66 90 92 110 130 137 143 150 152 177 202 247 249 251 264 295 297 302 307 314 326 357 395 448 491 499 506 509 511 518 531 535 541 556 561 584 597 601 612 632 633 641 663 667 685 690 700 708 714 743 750 771 778 788 794 814 819 829 863 876 878 894 907 928 970 973 
34
29 83 109 132 142 148 225 230 238 374 400 404 407 409 442 449 455 463 517 535 566 633 665 677 693 704 722 731 782 850 872 886 890 910 
10
84 109 161 405 512 709 809 862 916 939 
23
5 19 34 139 147 151 168 174 229 280 292 304 401 426 434 565 570 687 865 869 917 923 925 
20
6 100 102 164 299 324 346 404 415 483 517 521 683 753 755 788 792 836 893 960 
10
236 333 437 471 656 732 739 800 871 915 
27
37 49 171 186 200 232 239 242 268 290 387 388 393 395 458 515 521 527 638 657 678 703 731 877 920 931 983 
10
43 47 48 185 355 460 528 777 859 991 
31
17 45 57 81 107 108 172 234 239 296 332 379 412 491 508 531 534 535 629 659 681 691 730 733 774 784 797 801 910 917 982 
64
60 74 91 148 150 175 196 247 258 264 286 292 295 304 332 342 350 356 360 376 384 389 398 422 461 465 476 500 506 508 520 527 530 540 575 576 598 621 650 659 676 678 692 699 702 704 705 709 734 738 751 767 771 779 789 798 814 833 840 846 865 911 925 955 
19
39 61 179 243 268 316 321 340 377 419 426 480 543 589 622 752 761 969 1000 
