200 2000
8 11 4 15 15 6 9 9 14 7 15 15 11 6 9 11 13 10 15 14 13 4 10 12 8 13 5 8 8 14 8 12 5 7 6 7 14 10 5 9 5 14 8 7 11 8 6 12 15 12 5 10 9 11 6 9 6 11 6 9 14 4 4 6 4 10 14 13 12 10 13 13 11 10 13 15 4 15 4 13 12 9 9 12 7 6 4 5 15 11 8 5 8 15 5 9 8 12 4 5 13 15 12 7 13 7 6 6 14 5 6 11 10 6 11 8 4 6 13 4 7 8 10 6 11 9 12 9 14 9 4 11 8 4 9 8 6 5 11 6 8 5 14 14 9 14 8 6 7 14 13 13 15 6 12 10 14 6 11 13 5 10 7 6 6 9 6 4 11 5 4 9 14 4 15 10 6 14 10 9 5 14 5 13 11 13 14 7 10 8 15 14 10 14 7 8 14 7 10 15 12 14 5 12 14 13 13 11 9 4 10 7 10 15 7 9 14 14 5 7 10 5 5 9 4 5 5 11 5 12 5 12 12 13 10 7 5 8 4 8 5 10 13 6 5 12 9 14 13 4 11 10 15 5 15 11 4 12 14 8 7 15 11 12 15 9 7 14 10 5 4 11 11 8 5 15 15 9 9 11 15 7 9 14 13 10 7 7 6 6 4 11 7 9 4 4 10 6 5 8 15 9 9 6 14 4 4 5 15 7 9 15 13 8 11 9 11 6 8 4 9 7 13 12 9 4 5 5 5 4 14 7 12 11 11 6 7 8 13 6 14 9 4 9 11 14 6 5 10 9 5 13 5 4 8 6 14 7 12 6 7 8 12 5 14 4 15 10 5 15 11 12 15 7 10 10 4 5 12 12 9 13 4 15 12 4 4 10 14 6 6 14 5 13 9 11 5 10 15 12 5 6 8 5 11 6 10 10 12 6 15 11 5 12 12 14 7 11 7 12 8 10 12 12 15 15 15 9 12 11 12 6 11 8 11 7 6 4 10 13 13 8 13 5 14 13 9 14 13 10 12 4 13 10 8 5 15 15 4 10 8 11 11 9 14 5 4 14 15 12 13 6 12 7 8 4 11 5 11 6 15 15 15 10 5 10 11 9 12 8 6 4 8 12 10 5 7 14 7 4 15 15 11 15 8 8 7 10 8 7 10 15 8 5 4 13 7 7 6 8 8 14 4 13 13 4 15 14 13 13 12 15 13 15 4 10 14 6 10 12 10 7 10 14 10 9 11 7 7 12 4 14 12 9 6 6 10 7 13 11 13 13 15 5 10 15 9 4 13 9 5 10 5 13 11 9 14 5 12 6 10 9 12 6 11 10 7 7 12 7 15 10 6 7 4 8 13 15 12 5 7 6 15 12 12 14 10 4 7 4 7 15 12 15 4 5 10 4 9 7 15 6 15 13 9 5 7 8 11 12 10 13 12 7 14 14 4 13 5 13 13 6 5 6 4 13 15 7 12 12 15 4 10 7 4 5 5 14 9 7 8 5 8 15 10 7 9 7 4 10 9 10 10 4 12 10 11 15 5 4 14 9 6 8 13 11 14 6 15 6 4 8 11 11 12 4 6 15 9 4 9 10 15 9 7 5 5 9 12 9 10 8 7 7 8 4 6 5 13 12 11 10 5 14 12 4 7 8 14 9 12 13 11 4 13 4 15 10 5 5 8 4 14 10 4 14 6 8 14 13 9 10 8 13 9 10 4 10 14 15 10 4 15 14 13 12 9 12 8 5 6 7 10 11 9 12 5 7 4 4 4 15 14 9 15 15 14 8 15 9 4 13 10 4 6 11 8 15 9 12 14 8 14 11 11 7 11 8 13 9 14 11 6 8 8 13 7 5 6 12 12 7 4 10 13 14 6 7 11 12 11 10 14 11 11 12 11 15 12 7 5 8 9 15 12 11 11 14 13 10 7 13 12 10 4 13 7 9 13 11 10 15 14 8 4 4 11 8 13 11 8 13 4 13 7 10 11 13 4 4 4 6 11 13 11 5 11 7 9 9 5 15 15 9 6 7 15 5 9 9 6 15 8 13 11 15 14 13 11 4 13 14 13 6 5 14 12 5 13 4 7 7 4 7 8 13 10 15 8 5 9 8 9 4 14 13 9 6 12 4 11 10 11 10 4 13 5 13 7 5 5 8 12 14 12 15 9 7 4 4 6 13 11 9 15 9 4 7 7 11 11 6 12 15 7 14 4 11 11 14 9 13 5 6 9 10 7 10 11 15 7 9 10 12 10 12 11 6 8 8 9 13 6 5 9 5 7 7 10 12 15 4 14 13 4 12 13 4 11 6 6 10 7 4 12 14 8 8 6 8 12 11 14 4 8 11 15 14 9 9 9 9 9 5 9 6 15 12 13 7 7 13 13 7 12 15 7 11 12 7 8 14 14 6 7 5 11 9 13 14 15 7 10 9 13 11 7 7 8 7 4 11 15 12 12 11 11 7 11 8 11 7 4 12 8 4 15 11 10 15 8 11 11 15 8 9 11 15 11 13 4 5 15 9 15 11 13 8 6 4 5 12 11 5 11 7 5 4 7 10 13 12 4 7 4 11 8 8 11 9 6 15 11 13 10 7 11 9 6 9 10 9 13 8 9 8 4 14 8 7 6 6 12 6 8 13 10 4 5 10 5 12 4 5 14 13 12 4 11 15 11 7 8 4 14 14 13 10 4 5 7 9 13 8 11 7 4 10 5 14 12 11 10 14 4 11 7 15 14 9 15 14 9 12 14 11 5 4 4 9 14 12 13 9 7 7 10 8 10 5 5 4 5 8 12 5 10 14 15 8 11 4 11 4 11 7 9 11 5 6 12 7 11 8 10 13 9 12 14 9 7 14 6 8 7 8 13 14 12 5 7 8 8 8 7 5 6 8 10 4 11 14 7 10 6 12 10 7 11 5 5 6 10 5 12 8 11 11 11 13 15 8 14 7 4 5 7 15 14 8 12 9 11 6 11 14 12 5 10 12 12 4 8 6 9 15 11 5 4 14 4 10 14 8 11 8 12 8 8 9 10 10 14 4 4 14 6 9 5 5 12 12 5 13 11 15 12 15 11 11 15 8 10 5 7 11 12 5 7 12 12 10 7 10 6 15 7 8 11 5 12 7 9 11 9 15 7 15 4 10 4 14 7 13 11 9 14 12 8 8 10 9 9 15 4 4 15 7 11 14 5 8 14 12 9 5 9 10 10 15 9 6 15 13 9 13 14 7 12 12 7 6 5 4 13 8 6 5 13 4 8 11 6 4 14 10 5 9 12 10 10 15 10 14 10 9 9 13 7 15 12 13 8 11 15 12 14 8 9 12 4 14 4 4 5 6 5 4 11 4 11 7 6 14 8 7 14 6 10 13 10 5 12 10 13 14 13 5 14 9 8 10 8 8 5 4 14 13 6 10 9 14 6 14 5 10 6 11 12 8 5 15 15 12 13 12 5 9 10 4 15 5 15 14 9 8 11 15 13 11 6 9 13 7 8 7 9 5 13 5 7 7 13 5 10 10 9 10 5 6 7 12 12 13 11 12 7 4 15 14 10 10 13 8 9 6 13 12 9 12 12 9 10 7 7 10 7 13 8 8 15 10 8 13 13 13 12 12 10 13 13 7 13 7 6 7 7 13 7 7 5 11 12 15 11 15 10 10 6 10 14 10 12 5 12 4 6 13 5 15 6 7 8 4 14 6 13 6 13 14 15 7 9 9 13 12 5 4 7 14 11 13 10 5 12 6 11 11 7 13 11 12 15 13 5 13 9 15 15 14 14 6 12 13 13 8 6 8 12 6 9 9 14 14 12 8 8 7 14 5 12 8 13 8 14 13 11 5 15 14 12 11 6 5 12 4 9 14 15 5 7 5 6 8 4 4 9 11 10 14 13 11 9 7 8 13 9 9 15 12 14 14 12 15 9 15 11 8 5 12 5 13 12 5 11 9 7 4 5 11 7 8 15 7 14 10 4 5 14 6 12 14 4 8 9 4 15 11 10 13 9 14 4 15 6 13 14 10 5 7 15 15 8 13 13 8 15 13 8 12 7 8 11 4 15 8 6 9 12 11 9 12 13 12 4 4 9 15 7 15 4 6 4 11 12 5 10 6 5 8 8 8 10 10 15 9 13 10 13 6 8 5 15 8 6 13 12 10 14 9 9 14 10 12 11 8 10 15 7 10 14 10 14 7 10 14 14 9 12 10 15 12 15 6 5 9 6 15 8 15 11 11 5 9 9 12 5 5 4 5 8 7 7 12 15 8 14 10 13 9 6 11 15 10 5 13 10 4 11 4 9 7 9 15 7 12 15 5 5 6 9 5 8 9 13 6 10 12 4 7 14 7 10 6 9 9 11 8 15 4 7 9 11 9 12 4 6 13 11 8 8 12 9 12 15 13 6 12 5 10 11 9 13 14 11 4 15 15 15 13 15 5 4 14 13 13 9 9 6 14 5 9 10 5 4 14 15 10 12 14 4 14 7 12 9 11 15 6 6 14 15 13 15 4 8 10 15 15 6 11 
43
133 161 172 191 224 226 265 270 288 312 316 378 437 439 521 557 735 761 784 811 840 860 951 970 986 1013 1023 1129 1132 1233 1261 1348 1429 1437 1453 1470 1600 1650 1694 1705 1813 1985 1998 
20
146 311 448 461 489 669 815 947 1026 1048 1146 1206 1374 1403 1467 1503 1643 1664 1900 1934 
20
24 41 131 220 247 420 535 569 717 928 1036 1096 1311 1436 1487 1535 1574 1757 1801 1866 
20
66 409 449 466 577 633 637 885 892 898 968 1004 1212 1262 1456 1760 1777 1837 1980 1993 
61
94 98 104 108 157 210 225 306 325 400 411 474 476 532 605 679 710 722 767 777 794 795 815 861 865 871 920 952 956 982 1059 1086 1143 1176 1196 1227 1252 1254 1260 1299 1304 1338 1369 1372 1438 1475 1487 1579 1584 1591 1721 1765 1795 1837 1873 1917 1928 1940 1965 1988 1990 
20
141 155 175 357 487 556 561 666 781 844 855 926 1018 1525 1586 1609 1655 1775 1859 1969 
88
15 48 72 77 88 89 95 101 103 134 152 192 199 217 234 253 331 346 354 358 375 389 413 435 460 521 530 534 550 554 556 571 575 591 640 645 728 762 781 803 809 827 857 861 901 917 925 1036 1062 1100 1161 1169 1171 1177 1184 1244 1249 1255 1257 1269 1290 1319 1323 1326 1336 1370 1380 1381 1388 1389 1455 1458 1511 1595 1602 1629 1698 1735 1738 1760 1777 1784 1795 1824 1848 1860 1864 1911 
57
33 66 98 100 118 249 325 382 434 449 454 469 485 513 516 532 637 692 698 723 725 737 787 850 858 861 880 886 898 899 927 1015 1027 1098 1117 1118 1139 1148 1157 1231 1267 1285 1287 1518 1567 1587 1670 1677 1711 1716 1757 1764 1773 1798 1882 1892 1893 
30
98 330 421 476 486 511 760 871 909 920 1023 1027 1065 1103 1224 1246 1316 1321 1343 1421 1555 1558 1632 1639 1688 1703 1831 1864 1891 1928 
53
16 41 70 107 125 163 200 349 474 498 524 565 584 614 635 715 754 831 884 917 929 955 1031 1056 1102 1134 1144 1153 1165 1199 1244 1256 1268 1273 1288 1350 1368 1459 1564 1574 1584 1645 1662 1694 1745 1748 1769 1807 1819 1898 1943 1982 1996 
20
118 135 174 220 236 277 649 676 874 957 1342 1448 1504 1644 1671 1689 1706 1737 1799 1862 
24
48 79 97 123 127 380 391 394 475 549 687 744 937 981 991 1081 1201 1346 1351 1477 1574 1618 1771 1811 
65
60 65 169 191 279 280 287 300 313 362 425 442 450 481 496 540 547 576 587 635 708 718 719 736 784 791 819 896 905 921 938 962 975 976 988 1062 1100 1198 1199 1204 1213 1247 1264 1341 1375 1469 1471 1494 1500 1565 1589 1591 1624 1678 1701 1726 1738 1750 1774 1849 1886 1928 1935 1941 1995 
20
40 74 198 243 361 402 459 711 726 858 949 1200 1274 1358 1605 1608 1686 1852 1858 1867 
20
14 37 289 337 363 897 960 1054 1097 1119 1200 1211 1221 1237 1265 1559 1602 1709 1711 1864 
37
68 117 134 178 263 302 330 469 518 628 636 644 655 743 823 957 1017 1052 1138 1191 1197 1282 1336 1515 1542 1637 1673 1739 1783 1794 1826 1831 1850 1895 1953 1981 2000 
67
3 22 25 65 88 104 105 175 204 211 263 278 365 374 410 426 503 530 543 554 560 568 575 610 612 618 628 770 771 780 808 818 888 896 916 1015 1078 1094 1193 1196 1225 1271 1330 1368 1389 1395 1404 1405 1406 1408 1451 1519 1546 1575 1612 1635 1663 1671 1767 1768 1784 1792 1824 1855 1904 1910 1995 
78
61 63 80 129 138 176 187 212 367 377 381 405 436 508 526 541 569 573 583 636 638 642 671 685 714 735 786 863 867 902 904 924 973 1005 1041 1053 1069 1071 1076 1127 1135 1160 1165 1184 1219 1324 1331 1333 1362 1427 1442 1469 1491 1523 1557 1572 1583 1606 1637 1650 1686 1712 1736 1751 1771 1779 1816 1838 1843 1870 1872 1876 1888 1898 1951 1976 1984 1987 
65
16 43 52 168 201 245 318 373 382 440 480 509 563 568 609 626 690 746 747 748 802 836 944 961 968 983 985 1049 1060 1062 1079 1104 1110 1116 1121 1122 1128 1147 1186 1216 1243 1335 1343 1388 1402 1406 1407 1410 1422 1475 1515 1639 1642 1693 1706 1709 1718 1805 1821 1822 1880 1898 1926 1962 1973 
20
359 400 405 477 539 615 641 739 896 1126 1154 1185 1236 1349 1407 1427 1596 1703 1731 1840 
20
77 102 127 179 414 570 750 770 1030 1094 1105 1115 1142 1183 1278 1423 1720 1797 1851 1863 
41
28 55 115 239 256 269 278 290 317 331 517 544 565 588 663 724 756 840 906 997 1091 1131 1166 1175 1207 1291 1319 1457 1461 1464 1480 1498 1515 1569 1601 1660 1801 1843 1920 1933 1987 
49
1 129 190 195 196 211 217 304 349 414 468 498 508 517 536 541 544 557 564 581 603 684 698 725 796 805 809 834 994 1049 1138 1149 1190 1201 1251 1371 1376 1424 1512 1543 1670 1714 1796 1805 1854 1879 1923 1935 1965 
61
89 93 97 105 138 148 318 338 342 361 365 387 390 394 402 482 484 502 583 585 786 854 880 911 959 963 965 1022 1034 1082 1111 1125 1149 1162 1176 1198 1210 1240 1272 1337 1342 1443 1499 1513 1544 1548 1565 1576 1585 1699 1771 1772 1773 1797 1804 1809 1818 1858 1866 1877 1919 
32
34 158 221 297 487 538 563 575 932 964 1000 1139 1141 1154 1168 1176 1181 1205 1214 1366 1434 1455 1478 1563 1669 1754 1791 1815 1833 1853 1955 1985 
51
21 32 52 55 102 110 144 216 224 288 323 399 428 457 474 485 498 571 603 655 728 806 838 854 900 901 912 938 973 998 1000 1114 1160 1161 1167 1248 1278 1377 1382 1456 1527 1571 1626 1631 1659 1663 1767 1825 1830 1960 1999 
47
37 76 81 159 165 218 272 275 281 335 435 454 466 476 528 532 615 618 673 721 732 749 818 911 928 1027 1033 1056 1057 1108 1218 1246 1328 1332 1412 1450 1533 1554 1568 1629 1681 1694 1750 1851 1915 1917 1963 
46
122 245 331 460 477 489 505 548 635 653 796 802 970 988 998 1008 1046 1168 1174 1239 1248 1249 1253 1304 1326 1381 1406 1455 1482 1488 1521 1550 1553 1611 1614 1622 1636 1657 1707 1713 1778 1833 1847 1853 1881 1958 
20
5 286 374 375 724 726 742 748 868 918 1058 1088 1212 1222 1237 1366 1608 1640 1969 1994 
49
26 39 127 232 258 285 388 421 594 634 643 658 831 841 890 903 944 968 1008 1012 1021 1033 1070 1099 1104 1225 1238 1316 1359 1361 1369 1381 1440 1444 1487 1490 1504 1529 1539 1550 1558 1618 1670 1679 1706 1754 1841 1897 1953 
20
10 83 159 224 249 321 462 571 778 785 1132 1277 1360 1400 1517 1575 1652 1673 1674 1819 
63
48 90 119 130 155 176 251 254 283 429 440 484 530 562 669 686 698 741 746 766 769 775 777 778 816 856 860 872 894 931 933 934 937 1043 1045 1114 1128 1147 1166 1173 1195 1220 1243 1297 1301 1352 1392 1416 1428 1430 1438 1540 1621 1625 1627 1739 1774 1805 1866 1894 1925 1950 1977 
92
31 33 64 86 121 166 169 196 216 219 231 248 269 270 305 308 314 316 353 361 384 385 423 426 493 495 502 531 542 587 609 648 691 696 760 807 853 864 870 926 967 969 974 980 995 1016 1024 1025 1070 1071 1085 1118 1146 1150 1153 1157 1164 1172 1198 1230 1260 1262 1269 1281 1288 1377 1405 1424 1429 1453 1459 1511 1546 1552 1570 1587 1596 1609 1615 1625 1644 1672 1724 1761 1790 1812 1829 1837 1855 1912 1937 1999 
43
117 122 162 198 347 371 422 453 608 620 639 660 699 758 771 807 828 838 869 907 934 1054 1077 1078 1083 1104 1207 1235 1289 1298 1384 1417 1436 1454 1514 1567 1596 1688 1727 1732 1820 1891 1939 
74
3 27 30 44 53 56 74 91 106 117 124 152 181 182 185 205 212 216 255 256 286 391 412 451 515 573 579 649 658 679 680 695 697 717 727 809 874 889 915 924 933 973 997 1029 1048 1059 1101 1118 1160 1298 1306 1311 1349 1397 1401 1470 1492 1529 1533 1539 1554 1567 1582 1613 1641 1645 1659 1672 1681 1724 1764 1860 1927 1973 
36
16 135 175 246 255 341 347 551 555 566 580 594 595 611 649 654 700 806 930 939 986 1002 1054 1151 1156 1251 1424 1447 1499 1521 1598 1706 1732 1747 1788 1952 
45
43 54 146 157 232 313 346 408 465 497 511 512 601 608 704 706 741 780 812 816 830 851 965 1009 1063 1242 1308 1383 1430 1469 1483 1597 1633 1642 1693 1742 1763 1796 1801 1806 1816 1905 1978 1979 1992 
21
149 376 430 510 640 794 813 850 931 1037 1088 1107 1330 1347 1421 1501 1556 1597 1762 1792 1873 
113
5 7 9 50 67 93 143 155 179 182 187 201 215 216 223 225 282 312 315 327 338 340 361 393 430 463 472 477 481 501 505 522 552 563 594 603 606 621 626 653 662 687 702 733 760 767 776 785 800 813 830 836 837 862 880 888 897 968 975 995 1004 1006 1017 1038 1055 1091 1101 1119 1125 1126 1156 1188 1253 1272 1278 1301 1306 1325 1335 1336 1362 1401 1406 1416 1477 1480 1488 1539 1540 1553 1592 1626 1651 1686 1700 1705 1713 1727 1761 1762 1802 1813 1818 1839 1863 1870 1878 1918 1925 1941 1947 1960 1964 
52
38 83 123 144 154 233 307 344 378 383 408 467 547 606 612 620 746 747 754 755 801 889 946 1018 1115 1159 1180 1209 1228 1272 1282 1313 1325 1350 1404 1426 1445 1537 1541 1562 1623 1633 1641 1643 1665 1671 1709 1807 1856 1883 1909 1975 
20
54 114 163 233 286 335 397 439 503 576 841 1046 1205 1229 1427 1513 1794 1893 1975 1995 
20
11 372 393 533 664 708 730 1100 1167 1253 1269 1361 1381 1522 1548 1648 1661 1699 1984 1997 
69
39 121 145 201 221 228 251 253 296 312 316 324 350 351 426 470 478 480 512 534 544 614 628 660 676 680 721 743 753 756 890 933 935 964 970 1020 1058 1093 1097 1109 1189 1228 1268 1283 1332 1334 1412 1419 1441 1450 1461 1498 1580 1582 1588 1621 1656 1661 1679 1689 1711 1719 1753 1804 1844 1885 1916 1945 1989 
20
62 110 153 254 355 392 446 519 520 545 627 730 743 794 1514 1548 1659 1764 1783 1905 
55
4 51 76 103 167 189 278 294 301 304 359 379 395 466 529 550 552 599 625 631 656 710 759 779 791 810 884 892 966 1014 1063 1081 1095 1107 1129 1210 1318 1338 1345 1411 1432 1456 1457 1509 1557 1570 1599 1621 1644 1693 1737 1773 1825 1927 1957 
20
29 184 202 204 237 262 410 631 949 1041 1214 1264 1422 1483 1533 1608 1616 1755 1759 1914 
20
61 124 192 440 483 834 910 1095 1244 1353 1473 1474 1534 1570 1616 1678 1732 1881 1910 1954 
80
51 70 85 102 108 113 154 163 188 230 231 244 262 276 296 328 329 340 379 394 406 462 493 545 549 554 561 596 632 701 716 720 740 751 790 798 828 847 855 877 1009 1040 1043 1091 1150 1190 1211 1213 1221 1308 1313 1351 1352 1390 1432 1472 1505 1507 1515 1568 1577 1681 1707 1735 1747 1750 1776 1778 1799 1816 1852 1856 1861 1884 1895 1944 1956 1959 1976 1991 
36
149 188 320 341 368 374 528 568 622 817 867 925 974 983 989 1064 1116 1130 1148 1190 1217 1242 1283 1346 1352 1387 1404 1411 1415 1453 1733 1835 1906 1929 1976 1977 
52
24 34 110 238 298 333 437 482 505 535 536 628 643 645 690 706 779 792 820 854 863 929 962 1005 1025 1072 1091 1108 1318 1320 1349 1366 1400 1461 1465 1525 1652 1656 1662 1665 1690 1707 1715 1728 1807 1823 1854 1878 1912 1953 1958 1974 
20
123 136 164 191 207 246 267 295 430 490 492 653 785 839 920 1105 1413 1548 1714 1952 
22
22 84 152 507 518 520 685 815 853 870 882 911 1023 1029 1097 1120 1145 1315 1374 1453 1686 1710 
71
4 12 47 61 83 91 106 109 124 197 206 222 235 260 280 289 308 312 333 339 366 398 400 417 434 458 536 546 549 584 598 617 619 784 786 808 893 906 917 978 1007 1014 1015 1017 1068 1095 1106 1130 1139 1180 1188 1221 1286 1305 1308 1353 1357 1415 1437 1462 1470 1536 1545 1590 1748 1829 1860 1917 1929 1973 1974 
28
142 222 306 334 412 457 486 499 518 520 613 639 728 774 841 887 989 1194 1405 1415 1439 1478 1502 1541 1649 1677 1875 1890 
61
14 52 91 104 134 160 164 165 172 194 226 237 259 284 294 307 377 392 414 513 563 619 639 717 777 822 826 829 846 873 910 952 958 963 993 1042 1124 1162 1220 1227 1277 1294 1299 1317 1385 1441 1442 1514 1535 1554 1585 1692 1722 1787 1797 1803 1857 1908 1911 1914 1928 
54
18 50 65 114 115 132 207 236 258 351 542 547 666 789 842 932 934 965 1024 1042 1073 1084 1087 1101 1144 1158 1210 1216 1224 1306 1312 1325 1356 1382 1411 1452 1466 1484 1553 1603 1607 1628 1642 1657 1680 1731 1736 1770 1891 1903 1911 1924 1951 1966 
35
44 199 212 353 432 448 522 561 654 685 729 787 863 871 1008 1019 1020 1208 1238 1249 1317 1335 1370 1390 1403 1551 1576 1600 1606 1617 1799 1839 1847 1929 1974 
93
44 96 120 121 152 197 215 241 248 249 253 267 303 309 323 334 336 339 353 355 367 423 528 534 535 560 577 588 626 640 667 675 707 718 734 753 768 819 821 826 846 922 931 976 982 990 991 1018 1065 1080 1093 1103 1107 1164 1169 1193 1194 1197 1220 1233 1234 1238 1246 1280 1344 1350 1409 1421 1431 1452 1458 1475 1507 1508 1542 1569 1581 1631 1658 1696 1714 1721 1765 1769 1803 1814 1831 1868 1906 1922 1983 1988 1993 
20
64 108 289 313 368 425 557 845 886 1002 1175 1274 1292 1303 1414 1537 1810 1897 1921 1933 
28
120 168 277 332 337 463 464 470 487 592 607 689 777 817 954 1130 1165 1236 1248 1359 1441 1448 1550 1594 1651 1841 1913 1945 
20
17 21 240 291 310 417 442 936 943 1064 1140 1354 1437 1471 1784 1822 1916 1923 1938 1945 
59
15 39 49 67 156 184 185 322 336 352 418 442 445 509 591 618 671 682 684 687 702 751 760 801 823 904 907 930 938 966 972 1024 1072 1077 1136 1139 1340 1362 1380 1425 1460 1486 1506 1521 1526 1561 1609 1624 1674 1677 1687 1688 1736 1742 1800 1828 1836 1873 1877 
60
26 45 60 69 73 85 132 200 214 313 326 328 360 405 413 443 463 537 555 579 600 604 679 683 739 780 825 866 937 939 979 1038 1082 1108 1116 1163 1168 1293 1322 1323 1327 1345 1355 1365 1379 1385 1413 1444 1451 1537 1671 1697 1704 1746 1757 1765 1775 1781 1869 1926 
30
46 75 242 257 392 417 473 504 789 792 837 1076 1187 1214 1232 1276 1329 1364 1466 1578 1580 1593 1679 1695 1830 1844 1856 1950 1956 1959 
20
64 169 450 476 494 505 521 919 922 1012 1261 1280 1523 1628 1668 1716 1741 1772 1817 1869 
81
28 57 77 94 97 166 203 222 239 270 291 297 307 357 363 389 396 401 407 410 444 463 467 479 488 555 561 568 574 605 667 669 671 679 681 691 692 694 706 711 767 769 801 833 853 935 969 972 1011 1021 1052 1098 1121 1156 1165 1173 1231 1245 1258 1281 1302 1420 1426 1432 1447 1488 1496 1558 1584 1588 1610 1674 1767 1770 1776 1790 1792 1865 1901 1924 1991 
50
8 75 126 186 203 248 250 271 320 429 456 479 523 528 558 578 612 686 734 770 772 818 848 877 908 913 1070 1075 1086 1106 1110 1122 1123 1141 1254 1376 1418 1419 1485 1486 1524 1527 1540 1552 1593 1700 1730 1778 1847 1932 
21
242 295 318 427 465 497 499 586 620 688 765 875 1047 1192 1206 1307 1396 1397 1525 1899 1977 
20
5 37 309 321 407 432 464 588 782 884 945 1068 1244 1254 1462 1468 1531 1575 1638 1943 
20
46 78 259 277 678 870 1010 1098 1158 1171 1332 1395 1400 1562 1611 1648 1742 1762 1869 1966 
20
100 107 119 183 376 537 699 732 739 916 983 985 1234 1252 1270 1367 1372 1438 1519 1844 
47
35 122 129 142 181 241 245 383 389 445 455 464 510 589 621 633 661 699 709 726 763 800 895 959 988 990 1073 1170 1184 1204 1245 1359 1386 1414 1435 1448 1491 1494 1502 1614 1664 1690 1713 1819 1827 1961 1991 
30
137 257 275 289 416 428 445 474 491 514 604 668 752 769 980 1123 1154 1196 1198 1310 1332 1486 1530 1547 1551 1587 1630 1660 1733 1953 
40
62 137 149 151 218 253 258 279 351 369 396 457 501 554 565 633 668 690 827 910 952 955 1028 1030 1069 1248 1253 1318 1324 1527 1547 1589 1690 1703 1718 1720 1740 1807 1847 1954 
66
2 6 95 101 154 250 281 293 324 407 420 502 526 529 531 539 550 606 616 651 652 680 705 724 823 832 838 865 869 872 885 930 950 961 993 1000 1019 1096 1113 1128 1184 1186 1189 1205 1259 1319 1322 1323 1410 1467 1484 1501 1543 1567 1600 1632 1655 1710 1716 1729 1752 1784 1816 1918 1961 1966 
39
30 71 133 190 243 250 437 446 491 506 548 618 634 651 663 827 850 977 1019 1030 1131 1179 1231 1311 1324 1326 1367 1368 1398 1482 1522 1527 1544 1620 1663 1761 1814 1854 1878 
48
13 60 96 147 150 162 168 230 239 243 260 266 292 296 323 331 332 354 447 493 495 602 627 689 714 731 782 816 976 1008 1010 1081 1189 1300 1502 1538 1557 1560 1643 1668 1723 1746 1814 1868 1872 1887 1944 1989 
45
78 86 112 116 160 219 299 424 460 469 529 547 553 600 607 723 732 790 834 863 872 876 896 914 978 1009 1112 1235 1239 1266 1387 1404 1420 1475 1512 1531 1558 1576 1658 1661 1684 1722 1889 1930 1965 
30
210 211 273 342 387 470 566 674 712 747 773 810 936 1134 1199 1309 1368 1373 1436 1523 1534 1607 1787 1880 1894 1908 1935 1948 1987 1998 
20
14 81 303 324 381 497 508 643 694 709 948 1205 1223 1247 1260 1334 1405 1408 1715 1843 
39
30 43 96 174 333 349 350 376 393 541 592 597 607 670 697 770 802 923 946 1016 1062 1082 1087 1158 1187 1220 1320 1338 1364 1462 1549 1591 1631 1695 1740 1746 1763 1827 1896 
20
22 64 237 393 605 929 930 1090 1111 1182 1328 1522 1617 1649 1810 1894 1923 1937 1941 1989 
52
2 6 24 25 120 125 329 337 347 398 519 555 560 590 593 616 664 763 819 868 888 966 1004 1097 1110 1150 1279 1301 1354 1355 1377 1384 1478 1493 1494 1508 1537 1555 1561 1564 1646 1669 1675 1678 1683 1701 1725 1794 1800 1877 1936 1972 
94
6 41 59 131 150 156 157 171 181 182 255 294 314 317 360 365 375 409 451 461 465 471 478 480 490 525 546 558 581 594 605 606 611 627 670 701 768 775 776 808 811 827 851 855 877 881 887 892 953 972 999 1001 1044 1053 1057 1067 1089 1119 1123 1142 1144 1202 1255 1256 1266 1286 1313 1317 1340 1358 1443 1456 1526 1589 1624 1631 1673 1720 1737 1744 1773 1834 1846 1883 1885 1903 1904 1907 1919 1920 1939 1954 1980 1990 
77
10 67 70 81 119 129 162 185 199 237 249 304 309 328 332 390 403 436 464 490 523 552 578 624 629 661 742 749 809 851 868 893 910 918 941 950 962 1052 1060 1117 1132 1134 1186 1245 1251 1267 1293 1302 1314 1339 1399 1450 1454 1474 1482 1565 1599 1623 1665 1710 1735 1739 1743 1744 1745 1748 1759 1787 1789 1793 1828 1845 1853 1865 1904 1970 1982 
36
8 12 23 25 144 165 273 335 341 372 572 598 751 832 881 1042 1094 1144 1174 1222 1288 1310 1363 1365 1441 1564 1623 1626 1630 1666 1699 1727 1771 1878 1912 1995 
26
145 196 207 241 330 341 350 386 416 432 444 527 757 773 859 879 921 928 941 1183 1327 1667 1682 1800 1819 1902 
47
13 30 53 62 94 173 209 220 238 268 298 305 364 366 404 408 504 583 674 889 892 901 909 946 967 981 999 1061 1119 1207 1226 1304 1315 1344 1479 1520 1676 1716 1718 1742 1759 1792 1850 1863 1867 1952 1969 
80
1 123 149 176 221 240 244 315 346 359 380 386 428 470 471 546 565 582 609 640 697 779 804 824 864 906 924 942 988 1032 1087 1092 1133 1305 1322 1339 1341 1352 1354 1363 1372 1379 1392 1425 1426 1440 1460 1505 1595 1602 1606 1630 1645 1649 1683 1685 1687 1693 1703 1712 1717 1726 1762 1781 1783 1798 1829 1834 1842 1855 1859 1866 1867 1886 1897 1916 1931 1936 1939 1998 
37
3 21 86 107 139 140 197 264 422 490 652 673 701 725 773 913 995 1049 1074 1150 1169 1237 1250 1294 1374 1383 1392 1449 1479 1547 1597 1598 1618 1694 1763 1875 1949 
26
7 128 137 213 217 257 452 717 833 862 905 966 1026 1082 1155 1162 1423 1436 1454 1472 1485 1615 1811 1908 1972 1973 
72
11 12 20 61 73 90 124 125 223 241 244 251 264 319 334 386 431 491 680 697 703 753 754 793 807 810 845 852 857 894 899 905 951 964 971 978 1036 1059 1080 1083 1098 1121 1147 1287 1320 1349 1410 1415 1425 1476 1498 1520 1526 1531 1545 1559 1562 1600 1622 1654 1687 1717 1726 1751 1770 1827 1832 1833 1846 1861 1913 1967 
42
54 69 101 162 178 182 234 275 395 425 461 619 658 666 670 709 713 722 740 745 762 821 829 830 895 1086 1090 1124 1125 1172 1200 1284 1326 1356 1503 1557 1646 1684 1809 1822 1841 1884 
23
151 310 364 385 631 880 919 926 943 1010 1185 1230 1250 1294 1386 1419 1484 1498 1501 1680 1957 1986 1996 
41
177 209 233 265 369 385 413 439 460 475 496 599 707 786 789 801 806 807 904 909 947 985 1099 1120 1161 1265 1276 1281 1285 1382 1444 1520 1549 1551 1556 1572 1595 1721 1920 1926 1990 
20
18 49 213 398 406 431 545 648 775 912 1047 1113 1213 1247 1463 1493 1551 1618 1975 1980 
50
82 228 295 301 332 397 401 511 514 570 572 587 624 625 630 702 797 824 848 900 950 1031 1090 1099 1195 1256 1263 1270 1418 1425 1432 1452 1487 1492 1544 1698 1730 1744 1789 1790 1808 1830 1859 1892 1898 1933 1934 1939 1971 1999 
62
69 112 227 240 284 354 383 391 401 492 593 601 632 645 650 715 737 749 757 783 804 842 852 883 887 948 1035 1047 1084 1109 1141 1181 1197 1260 1268 1275 1289 1295 1296 1315 1350 1376 1377 1391 1402 1468 1499 1571 1636 1658 1666 1692 1696 1785 1803 1824 1834 1846 1852 1904 1938 1942 
20
92 275 276 286 300 347 366 433 477 517 675 1089 1200 1252 1383 1391 1565 1601 1607 1814 
20
19 190 192 252 297 380 507 531 558 622 744 875 893 1003 1136 1307 1604 1697 1751 1921 
35
1 81 208 225 328 330 348 371 388 400 446 567 701 766 849 898 904 1016 1036 1054 1204 1281 1295 1372 1440 1449 1506 1579 1604 1606 1768 1823 1879 1914 1998 
20
4 140 194 205 235 326 761 853 882 890 981 1004 1293 1353 1682 1704 1874 1896 1922 1980 
65
38 47 57 85 111 128 165 171 219 345 412 458 480 494 503 588 627 665 682 683 744 748 766 785 790 822 836 875 913 954 965 984 986 1029 1037 1070 1078 1156 1180 1202 1225 1241 1286 1321 1360 1446 1513 1522 1541 1556 1580 1595 1640 1654 1691 1731 1733 1761 1825 1852 1915 1922 1969 1979 1984 
66
7 23 99 204 205 247 256 268 269 310 319 345 352 369 376 412 432 549 595 674 681 745 780 790 795 805 843 876 938 980 984 992 1026 1038 1045 1074 1077 1135 1137 1146 1157 1229 1233 1234 1235 1314 1322 1379 1385 1467 1479 1492 1517 1588 1619 1689 1695 1697 1740 1753 1781 1786 1873 1902 1981 1994 
20
159 303 507 513 570 675 782 799 858 973 977 1006 1102 1120 1143 1361 1465 1504 1536 1616 
29
29 115 277 510 550 650 670 719 720 756 856 888 907 1065 1177 1230 1264 1358 1363 1393 1543 1561 1569 1586 1596 1650 1796 1805 1902 
25
21 233 300 333 422 472 642 734 755 997 1000 1025 1064 1266 1345 1386 1463 1495 1528 1529 1806 1889 1927 1950 1958 
21
89 309 353 592 595 657 764 783 1114 1217 1256 1263 1384 1413 1637 1699 1712 1772 1786 1872 1933 
21
15 75 150 252 260 290 472 613 631 696 745 758 762 804 935 1206 1348 1521 1529 1632 1647 
42
41 89 101 158 188 247 261 302 356 468 495 520 581 595 696 705 766 824 837 1037 1092 1215 1286 1312 1337 1346 1390 1393 1400 1414 1416 1420 1491 1507 1623 1711 1719 1749 1757 1776 1855 1915 
63
5 31 87 141 213 214 232 264 272 279 282 389 436 450 454 487 504 581 597 616 712 716 791 802 813 895 905 934 953 1007 1094 1102 1137 1250 1263 1266 1267 1313 1351 1387 1442 1473 1481 1489 1518 1528 1540 1566 1571 1577 1584 1611 1774 1777 1813 1845 1856 1858 1896 1924 1932 1948 1960 
20
10 246 567 582 584 659 700 778 840 846 956 1003 1022 1044 1135 1275 1328 1468 1675 1889 
40
42 57 126 139 167 219 362 405 415 513 521 629 637 663 708 728 738 903 907 947 958 1178 1279 1369 1401 1418 1430 1472 1481 1493 1546 1581 1611 1724 1793 1801 1890 1895 1964 1968 
86
12 22 73 79 87 91 141 143 159 166 170 202 213 232 236 268 284 343 365 379 456 483 491 503 527 540 559 570 596 607 662 682 704 709 711 759 774 783 843 868 873 960 1032 1044 1055 1066 1111 1112 1147 1163 1192 1203 1211 1213 1245 1276 1277 1293 1357 1388 1398 1418 1428 1477 1500 1545 1568 1590 1620 1641 1668 1677 1685 1695 1725 1745 1752 1811 1813 1828 1833 1838 1842 1876 1948 1979 
20
44 283 287 391 421 564 703 852 874 1007 1079 1085 1113 1242 1402 1497 1509 1648 1702 1857 
20
191 266 577 579 638 673 796 800 803 949 999 1021 1124 1155 1330 1378 1681 1747 1802 1882 
26
27 302 306 334 338 419 438 453 585 614 649 765 929 1086 1131 1155 1159 1181 1215 1292 1437 1510 1528 1629 1698 1766 
41
16 47 48 76 112 292 343 358 364 373 399 501 598 641 722 755 795 866 943 974 979 1006 1011 1014 1034 1112 1138 1232 1347 1509 1538 1594 1723 1741 1756 1853 1894 1901 1940 1948 1963 
32
1 65 72 178 180 287 363 438 500 548 635 667 787 788 878 917 932 1016 1020 1051 1073 1122 1233 1579 1605 1779 1791 1809 1879 1880 1958 1992 
45
17 53 62 88 190 263 281 323 384 401 422 492 500 610 638 665 793 803 844 916 941 957 974 1039 1045 1138 1217 1218 1274 1365 1399 1447 1489 1495 1605 1612 1632 1638 1683 1691 1817 1838 1871 1908 1926 
86
6 27 35 37 116 146 250 260 308 310 314 315 343 367 377 384 411 429 449 459 466 467 478 518 525 543 557 623 634 659 666 668 718 727 729 776 782 845 859 912 914 1005 1012 1018 1035 1055 1085 1162 1177 1215 1231 1267 1288 1309 1351 1353 1394 1398 1428 1438 1484 1499 1512 1517 1553 1609 1619 1665 1715 1718 1728 1743 1782 1812 1821 1841 1848 1851 1857 1863 1876 1883 1920 1955 1956 1970 
20
268 356 506 540 548 681 833 977 979 1001 1113 1223 1230 1301 1591 1613 1684 1729 1941 1979 
82
2 55 57 72 98 122 135 140 156 172 211 288 301 360 368 381 415 441 483 498 508 517 546 564 569 653 746 757 759 773 799 806 812 873 883 886 891 922 1010 1028 1035 1041 1066 1175 1228 1273 1317 1321 1347 1367 1380 1458 1474 1485 1494 1497 1510 1530 1572 1585 1593 1598 1619 1620 1646 1655 1666 1679 1702 1766 1793 1845 1860 1862 1869 1906 1930 1931 1937 1978 1982 1991 
38
120 126 370 461 473 482 633 672 691 852 857 946 955 1149 1172 1179 1235 1241 1299 1348 1445 1452 1465 1472 1563 1566 1569 1627 1656 1722 1724 1736 1844 1862 1921 1982 1983 1993 
111
13 18 19 32 36 40 68 73 82 92 99 109 113 133 175 180 217 257 283 343 397 441 450 481 485 492 504 525 537 559 564 569 590 600 610 623 641 642 647 664 694 705 716 723 725 727 771 772 814 830 857 897 939 941 984 1001 1038 1039 1058 1067 1105 1146 1163 1174 1187 1202 1203 1209 1226 1255 1270 1274 1275 1282 1297 1300 1307 1330 1354 1375 1378 1407 1431 1449 1465 1514 1516 1538 1573 1598 1614 1635 1637 1652 1676 1690 1708 1721 1774 1832 1861 1868 1886 1901 1906 1907 1915 1927 1960 1972 1987 
32
34 49 198 229 267 272 316 322 369 486 579 651 657 798 845 846 881 952 967 995 1031 1106 1240 1464 1479 1506 1508 1592 1768 1885 1947 1997 
52
100 146 181 270 285 465 556 593 624 630 646 704 735 829 835 858 867 878 891 942 971 990 1013 1061 1067 1115 1133 1148 1159 1188 1192 1224 1246 1289 1355 1379 1549 1554 1570 1646 1669 1723 1740 1786 1854 1893 1918 1923 1940 1946 1984 1992 
30
68 76 168 174 177 186 229 409 475 523 604 693 703 736 752 915 982 992 1007 1089 1209 1364 1386 1411 1482 1608 1647 1820 1836 1870 
20
28 31 49 195 370 371 399 617 655 674 730 810 842 1188 1259 1486 1560 1755 1806 1994 
33
43 58 82 185 326 399 438 524 562 577 584 698 729 843 958 1329 1417 1424 1495 1502 1510 1579 1603 1639 1653 1739 1748 1848 1909 1925 1950 1951 1967 
20
114 227 298 322 381 586 590 761 876 890 895 987 1398 1628 1734 1812 1850 1881 1893 1971 
20
42 153 208 242 283 397 427 545 597 740 803 813 1068 1157 1259 1296 1426 1511 1729 1884 
65
2 17 24 77 118 160 187 229 231 271 285 292 348 372 390 435 440 483 488 489 602 643 655 703 707 736 779 812 872 915 939 956 989 1067 1069 1215 1219 1356 1369 1384 1417 1457 1463 1469 1481 1496 1497 1505 1516 1524 1535 1566 1601 1645 1700 1734 1743 1758 1785 1812 1897 1944 1968 1971 1983 
34
78 103 202 256 408 543 582 604 646 660 731 793 812 899 901 948 998 1034 1185 1191 1243 1249 1271 1362 1394 1549 1555 1667 1717 1755 1779 1810 1826 1956 
42
3 8 28 69 93 136 148 223 258 308 425 515 552 641 660 685 688 821 864 914 923 1013 1017 1021 1075 1109 1128 1137 1224 1254 1305 1429 1509 1517 1534 1615 1734 1754 1768 1779 1874 1913 
42
9 15 40 87 130 140 163 226 231 280 366 380 387 452 648 661 741 750 908 978 999 1020 1033 1074 1080 1089 1207 1221 1236 1263 1337 1407 1412 1413 1419 1605 1701 1730 1864 1918 1934 1942 
68
26 45 58 85 109 130 135 147 151 161 276 282 325 357 379 424 431 456 486 516 525 625 684 748 754 755 772 774 825 829 862 886 891 894 900 906 921 925 947 963 983 994 1009 1034 1050 1060 1103 1135 1145 1163 1300 1306 1360 1394 1434 1473 1476 1489 1535 1581 1583 1604 1652 1715 1734 1804 1909 1981 
38
160 198 204 235 262 354 394 459 462 494 510 537 553 589 622 741 757 763 765 833 883 985 1053 1093 1096 1159 1197 1222 1299 1302 1343 1466 1501 1653 1782 1871 1875 1910 
42
29 58 113 121 169 178 189 298 390 497 515 539 576 647 712 811 879 897 922 989 1043 1108 1141 1142 1143 1173 1196 1241 1312 1314 1395 1525 1543 1589 1702 1704 1719 1741 1749 1910 1942 1997 
20
93 95 299 355 386 519 799 819 838 839 975 1083 1093 1284 1433 1466 1672 1697 1709 1756 
20
42 443 447 616 657 686 693 859 1208 1257 1321 1347 1534 1755 1777 1806 1808 1829 1874 1970 
38
84 106 141 170 184 189 226 227 305 378 403 404 433 451 473 478 589 599 619 650 859 971 979 993 1057 1194 1409 1464 1526 1590 1603 1607 1629 1791 1815 1912 1952 1966 
29
117 170 228 311 319 340 352 484 572 578 589 700 710 758 883 1015 1103 1303 1370 1378 1435 1577 1614 1782 1787 1848 1938 1959 1967 
23
59 66 238 265 288 621 677 678 793 1040 1122 1173 1219 1447 1500 1562 1586 1597 1638 1654 1663 1737 1884 
26
88 119 145 329 385 489 527 530 740 945 992 1088 1218 1303 1375 1539 1634 1644 1659 1785 1795 1810 1824 1835 1903 1954 
40
11 51 52 112 139 161 195 291 392 413 429 433 441 630 689 749 800 804 843 849 940 969 981 1095 1100 1123 1183 1206 1216 1371 1422 1429 1495 1545 1668 1727 1826 1881 1909 1916 
20
164 179 446 695 730 932 1118 1145 1232 1290 1457 1513 1603 1625 1633 1675 1764 1831 1835 1871 
25
235 301 302 420 519 678 821 976 1013 1044 1045 1076 1107 1136 1154 1283 1318 1370 1451 1459 1460 1530 1581 1767 1791 
63
23 34 53 54 58 96 128 188 207 278 317 362 409 428 436 471 502 514 556 559 585 603 629 657 665 695 710 769 798 864 923 1028 1039 1061 1074 1075 1102 1132 1208 1226 1232 1304 1316 1333 1391 1416 1431 1490 1528 1587 1602 1640 1648 1655 1741 1751 1776 1780 1862 1905 1919 1968 1992 
26
71 74 95 177 183 192 267 384 522 551 736 855 1050 1227 1283 1356 1397 1409 1610 1657 1680 1758 1818 1825 1900 1961 
39
143 201 209 247 285 344 345 416 418 452 499 578 591 632 639 721 723 778 826 878 964 1056 1178 1189 1217 1243 1331 1339 1364 1504 1512 1532 1651 1654 1698 1726 1917 1932 1977 
48
7 63 84 130 132 177 212 274 279 293 340 342 455 485 586 600 662 733 747 825 831 873 957 996 1024 1071 1072 1105 1110 1124 1130 1176 1250 1258 1259 1308 1376 1414 1433 1483 1496 1510 1661 1685 1743 1827 1925 1986 
20
153 193 245 322 372 559 574 727 744 764 944 1023 1127 1172 1180 1204 1314 1474 1868 1947 
62
8 56 92 104 148 167 170 173 174 179 255 282 311 327 378 414 444 532 540 610 621 622 646 673 707 734 781 795 887 909 921 987 997 1042 1056 1127 1148 1151 1201 1279 1290 1291 1295 1298 1307 1444 1471 1476 1490 1592 1594 1838 1858 1875 1876 1877 1914 1937 1940 1943 1985 1993 
36
35 84 205 266 336 383 437 531 620 644 751 814 850 885 918 942 1140 1238 1262 1265 1284 1295 1394 1403 1458 1459 1552 1559 1571 1586 1620 1662 1931 1951 1959 1971 
20
72 186 336 362 395 573 602 608 788 1120 1140 1164 1268 1497 1503 1578 1599 1733 1935 1936 
40
134 137 173 206 236 273 274 342 382 442 448 523 524 527 597 686 690 733 750 903 935 1051 1085 1191 1242 1323 1334 1440 1446 1451 1454 1491 1524 1550 1592 1635 1702 1775 1835 1988 
20
114 158 566 713 953 956 1005 1063 1088 1101 1300 1334 1468 1492 1505 1507 1861 1899 1905 1957 
20
20 105 132 263 373 456 752 759 820 1046 1073 1287 1373 1408 1473 1500 1563 1753 1836 1913 
23
71 154 339 346 443 601 651 828 912 1194 1219 1331 1333 1342 1467 1530 1560 1630 1710 1783 1788 1985 1990 
32
50 94 228 287 318 363 416 417 426 435 522 678 693 796 848 908 945 955 986 1262 1389 1423 1556 1559 1658 1728 1760 1780 1820 1859 1887 1994 
28
51 82 108 118 136 180 183 206 274 662 721 834 889 902 945 1152 1168 1257 1284 1396 1428 1461 1725 1749 1788 1808 1826 1970 
39
111 126 127 161 194 271 306 387 457 507 543 587 624 658 753 839 894 898 908 959 998 1050 1051 1133 1178 1280 1296 1380 1471 1563 1575 1619 1635 1639 1650 1789 1874 1961 1965 
98
33 40 55 78 139 143 157 186 189 195 200 215 221 311 315 320 352 411 427 448 473 479 500 526 533 576 647 687 705 712 714 719 731 797 817 820 837 849 854 856 860 915 920 942 951 953 1002 1031 1041 1048 1058 1069 1075 1153 1164 1195 1201 1214 1297 1310 1329 1338 1339 1393 1397 1409 1423 1431 1446 1478 1532 1547 1572 1573 1585 1612 1613 1622 1641 1647 1667 1708 1723 1758 1798 1811 1817 1834 1840 1842 1850 1870 1880 1887 1907 1944 1964 1981 
38
210 223 264 514 538 636 659 689 718 763 794 927 948 1011 1032 1040 1152 1169 1170 1222 1234 1239 1275 1277 1316 1346 1363 1443 1480 1489 1601 1627 1642 1660 1675 1704 1770 1797 
53
19 46 66 128 142 166 197 210 240 349 359 479 484 496 656 724 840 866 881 987 1011 1066 1112 1192 1228 1272 1287 1291 1312 1327 1337 1344 1355 1358 1439 1448 1506 1518 1523 1638 1657 1689 1692 1728 1795 1879 1889 1892 1901 1949 1964 1978 1996 
21
142 193 259 516 683 764 869 923 940 958 996 1104 1174 1223 1340 1578 1612 1691 1775 1782 1936 
87
33 38 39 131 138 147 209 230 254 293 294 299 303 305 327 339 357 395 406 427 445 447 453 509 535 536 598 601 617 625 626 632 637 667 668 682 694 713 715 716 764 768 771 776 783 788 814 900 927 933 991 994 996 1053 1117 1153 1177 1181 1203 1218 1273 1282 1291 1303 1311 1342 1344 1366 1367 1375 1385 1393 1470 1496 1536 1542 1669 1725 1746 1798 1817 1821 1837 1890 1919 1963 1996 
31
19 80 105 183 222 335 469 475 609 613 742 940 967 1019 1142 1145 1191 1292 1333 1399 1403 1544 1604 1676 1802 1883 1887 1888 1903 1949 1989 
20
144 196 455 553 676 733 805 851 865 882 1126 1257 1341 1520 1532 1583 1818 1896 1902 1957 
20
63 99 326 472 493 738 815 820 841 959 960 970 1166 1193 1247 1252 1298 1383 1836 1934 
20
63 110 155 215 290 402 434 608 677 1002 1014 1068 1080 1170 1240 1664 1790 1794 1832 2000 
23
238 344 411 419 451 681 720 816 824 1051 1199 1241 1455 1463 1533 1555 1577 1610 1707 1766 1865 1924 1931 
20
200 202 281 402 558 592 642 750 797 913 914 931 1340 1434 1460 1508 1518 1532 1712 1753 
36
11 59 83 115 193 206 266 295 307 325 338 345 447 515 580 636 831 866 893 902 972 1003 1134 1285 1360 1365 1374 1396 1624 1634 1647 1653 1683 1793 1796 1907 
27
45 153 239 398 441 512 533 699 808 811 878 951 961 1137 1236 1258 1261 1371 1519 1625 1651 1673 1680 1955 1974 1976 1988 
21
171 203 271 506 541 551 613 756 879 919 977 1039 1076 1084 1087 1490 1691 1749 1789 1888 1932 
55
14 31 45 99 111 172 252 344 355 367 403 415 494 501 573 623 629 652 677 714 719 835 849 911 925 991 993 1030 1049 1063 1106 1117 1166 1179 1182 1183 1209 1223 1292 1302 1336 1343 1395 1402 1421 1546 1653 1696 1731 1738 1758 1769 1780 1846 1997 
49
18 90 269 297 337 370 410 419 468 509 529 560 562 611 688 767 832 835 842 861 960 961 994 1022 1027 1048 1078 1099 1131 1171 1190 1229 1271 1289 1382 1388 1560 1588 1621 1839 1845 1867 1885 1899 1938 1949 1967 1978 1986 
26
9 26 36 80 133 304 506 533 562 574 656 706 738 752 918 996 1026 1136 1280 1309 1324 1373 1464 1832 1839 1947 
66
20 25 60 67 70 79 87 116 158 225 242 324 360 404 430 495 575 615 692 711 726 743 798 825 877 891 936 975 1012 1035 1060 1064 1072 1079 1126 1149 1170 1264 1279 1309 1320 1410 1430 1449 1488 1503 1538 1552 1578 1582 1590 1615 1633 1643 1662 1682 1684 1708 1720 1754 1788 1823 1843 1849 1929 1943 
46
42 92 125 131 148 180 251 290 296 327 348 350 364 388 434 455 458 534 539 647 654 702 765 870 874 885 1050 1084 1152 1193 1210 1290 1319 1401 1412 1420 1481 1485 1541 1564 1593 1594 1636 1670 1672 1769 
41
38 46 97 109 113 145 151 218 224 229 488 538 720 737 738 787 792 869 916 943 990 1229 1271 1378 1390 1445 1462 1524 1617 1634 1649 1664 1687 1705 1750 1815 1882 1886 1922 1930 1975 
31
36 116 265 351 443 452 511 586 612 669 700 713 758 768 775 1001 1022 1052 1057 1143 1161 1251 1265 1310 1391 1435 1511 1708 1840 1872 1968 
24
86 136 370 459 488 551 580 634 644 704 792 844 899 969 987 1216 1261 1443 1561 1656 1700 1722 1882 2000 
81
29 50 156 167 173 187 254 321 329 358 374 396 404 415 418 421 433 453 481 567 572 596 602 617 644 675 688 691 693 742 761 762 797 822 836 848 856 865 875 876 879 926 962 963 971 982 1003 1028 1032 1037 1043 1071 1077 1109 1125 1129 1155 1187 1208 1211 1240 1258 1294 1427 1433 1439 1477 1573 1574 1582 1660 1676 1678 1717 1752 1766 1778 1809 1857 1890 1986 
34
199 218 291 358 371 462 499 650 729 731 739 772 814 847 950 1040 1061 1127 1129 1140 1167 1186 1276 1328 1345 1348 1357 1519 1636 1667 1785 1800 1945 1946 
20
234 262 652 737 784 924 984 1081 1114 1151 1439 1446 1483 1566 1634 1756 1765 1892 1900 1999 
20
47 79 319 320 356 424 663 665 805 884 1182 1195 1285 1576 1688 1745 1760 1808 1828 1871 
20
56 111 292 300 317 420 471 599 664 788 818 944 1152 1331 1476 1536 1682 1780 1821 1963 
20
68 184 368 431 567 571 614 645 671 722 835 1167 1273 1371 1389 1422 1616 1617 1735 1865 
23
10 17 32 90 147 193 259 261 284 373 388 424 672 847 860 871 1225 1327 1357 1359 1626 1799 1946 
47
9 138 150 176 203 248 348 403 419 423 444 496 500 524 538 583 585 591 611 623 677 822 828 839 903 937 954 1029 1033 1158 1179 1182 1239 1255 1315 1396 1408 1685 1719 1732 1802 1822 1823 1849 1921 1930 1972 
45
27 32 102 107 164 194 243 261 321 382 449 512 544 553 648 654 919 927 949 954 1055 1059 1079 1116 1133 1171 1335 1361 1373 1433 1434 1450 1480 1580 1613 1627 1714 1730 1747 1786 1815 1900 1911 1962 1983 
43
35 36 106 171 208 274 299 356 406 423 526 566 580 590 615 638 659 672 692 696 781 882 980 1025 1047 1121 1178 1185 1399 1442 1531 1573 1599 1666 1705 1744 1763 1781 1803 1849 1851 1888 1899 
56
13 23 100 230 244 246 272 314 377 396 407 438 458 468 482 516 542 574 582 656 661 695 708 715 732 735 774 789 791 817 832 847 928 1006 1090 1092 1151 1160 1175 1203 1296 1297 1392 1493 1516 1622 1701 1752 1772 1804 1820 1830 1895 1946 1955 1962 
32
59 74 75 214 252 261 273 672 683 684 799 844 867 902 936 940 992 1066 1115 1227 1237 1325 1341 1435 1516 1542 1568 1628 1696 1729 1756 2000 
20
20 103 220 227 234 280 467 542 593 630 823 1065 1083 1096 1111 1387 1445 1713 1759 1891 
20
4 71 208 276 375 596 646 676 745 862 1212 1270 1278 1329 1610 1640 1674 1738 1840 1842 
20
56 80 214 293 418 439 454 826 1046 1092 1202 1212 1226 1269 1305 1417 1583 1692 1942 1962 
